80 79 0.00010849
2703 79 0.00010849
2707 79 0.00010849
134 133 0.00016965
3708 133 0.00016965
3709 133 0.00016965
133 134 0.00049628
3052 134 0.00049628
138 137 0.00032768
1558 137 0.00032768
1561 137 0.00032768
146 145 0.0084126
1546 145 0.0084126
1549 145 0.0084126
145 146 0.010954
2374 146 0.010954
2730 146 0.010954
550 549 0.016676
2391 549 0.016676
2392 549 0.016676
5260 723 0.46646
723 724 0.13649
6920 724 0.13649
1001 1000 0.0023254
1552 1000 0.0023254
1555 1000 0.0023254
1000 1001 0.00024049
1548 1001 0.00024049
2805 1001 0.00024049
2874 1001 0.00024049
1544 1545 0.002515
1547 1545 0.002515
2807 1545 0.002515
1544 1546 0.017435
1547 1546 0.017435
2807 1546 0.017435
146 1547 0.0008796
1546 1547 0.0008796
1549 1547 0.0008796
146 1548 0.019954
1546 1548 0.019954
1549 1548 0.019954
1000 1549 0.00085679
1548 1549 0.00085679
2805 1549 0.00085679
2874 1549 0.00085679
1545 1550 0.002515
1551 1550 0.002515
4529 1550 0.002515
1550 1552 0.002515
1553 1552 0.002515
4785 1552 0.002515
1001 1554 0.0003983
1552 1554 0.0003983
1555 1554 0.0003983
1554 1556 0.0003983
1557 1556 0.0003983
2378 1556 0.0003983
135 1558 0.0003983
1556 1558 0.0003983
1559 1558 0.0003983
138 1560 0.00010346
1558 1560 0.00010346
1561 1560 0.00010346
139 1562 0.00010346
1560 1562 0.00010346
1563 1562 0.00010346
724 2146 0.45644
2147 2146 0.45644
6794 2146 0.45644
2149 2148 0.32193
7287 2148 0.32193
2148 2149 0.0020726
6795 2149 0.0020726
2151 2150 0.78633
3649 2150 0.78633
3652 2150 0.78633
6823 2150 0.78633
549 2152 0.016675
2153 2152 0.016675
2864 2152 0.016675
6808 2152 0.016675
2375 2374 0.19727
2376 2374 0.19727
2806 2374 0.19727
145 2375 0.0026216
2374 2375 0.0026216
2730 2375 0.0026216
2377 2376 0.21368
2380 2376 0.21368
3644 2376 0.21368
2383 2382 0.98338
2385 2382 0.98338
2386 2382 0.98338
2384 2385 1.0001
6904 2385 1.0001
2383 2387 0.016676
2385 2387 0.016676
2386 2387 0.016676
2387 2391 0.016676
2388 2391 0.016676
2390 2391 0.016676
82 2661 0.00047239
2662 2661 0.00047239
2663 2661 0.00047239
2673 2661 0.00047239
2661 2662 0.00047239
3643 2662 0.00047239
3646 2662 0.00047239
2664 2663 0.00012453
2665 2663 0.00012453
2671 2663 0.00012453
82 2664 0.00035895
2662 2664 0.00035895
2663 2664 0.00035895
2673 2664 0.00035895
2672 2671 0.00012453
2674 2671 0.00012453
2664 2672 0.00035895
2665 2672 0.00035895
2671 2672 0.00035895
2672 2673 0.00035895
2674 2673 0.00035895
82 2674 0.00012453
2662 2674 0.00012453
2663 2674 0.00012453
2673 2674 0.00012453
79 2679 0.011079
2680 2679 0.011079
2681 2679 0.011079
2679 2680 0.0003091
2726 2680 0.0003091
2727 2680 0.0003091
2682 2681 0.010999
2683 2681 0.010999
2804 2681 0.010999
79 2682 0.00028355
2680 2682 0.00028355
2681 2682 0.00028355
137 2683 0.0004182
2684 2683 0.0004182
2685 2683 0.0004182
141 2685 0.00010455
2686 2685 0.00010455
2687 2685 0.00010455
2709 2721 0.21368
2722 2721 0.21368
2723 2721 0.21368
6588 2721 0.21368
2724 2723 0.21368
2725 2723 0.21368
2861 2723 0.21368
2679 2725 0.21368
2726 2725 0.21368
2727 2725 0.21368
2728 2727 0.20395
2729 2727 0.20395
2873 2727 0.20395
2679 2728 0.0010414
2726 2728 0.0010414
2727 2728 0.0010414
145 2729 0.19507
2374 2729 0.19507
2730 2729 0.19507
2728 2730 0.0029645
2729 2730 0.0029645
2873 2730 0.0029645
1000 2804 0.01073
1548 2804 0.01073
2805 2804 0.01073
2874 2804 0.01073
2682 2805 0.00034652
2683 2805 0.00034652
2804 2805 0.00034652
1544 2806 0.00048641
1547 2806 0.00048641
2807 2806 0.00048641
2375 2807 0.019514
2376 2807 0.019514
2806 2807 0.019514
1000 2873 0.014936
1548 2873 0.014936
2805 2873 0.014936
2874 2873 0.014936
2728 2874 0.004137
2729 2874 0.004137
2873 2874 0.004137
133 3051 0.00016965
3052 3051 0.00016965
3051 3052 0.00049628
3710 3052 0.00049628
3711 3052 0.00049628
3054 3053 0.13837
3685 3053 0.13837
3053 3054 0.0030181
3682 3054 0.0030181
3683 3054 0.0030181
3352 3351 0.0011356
3366 3351 0.0011356
3691 3351 0.0011356
3350 3352 0.00078911
3351 3352 0.00078911
3363 3352 0.00078911
3364 3363 0.00073858
3365 3363 0.00073858
3367 3363 0.00073858
3350 3364 0.001151
3351 3364 0.001151
3363 3364 0.001151
3352 3365 0.0049873
3366 3365 0.0049873
3691 3365 0.0049873
3364 3366 0.0014825
3365 3366 0.0014825
3367 3366 0.0014825
3368 3367 0.0018786
3369 3367 0.0018786
3665 3367 0.0018786
3364 3368 0.0057959
3365 3368 0.0057959
3367 3368 0.0057959
3370 3369 0.020626
3692 3369 0.020626
3693 3369 0.020626
3368 3370 0.0021276
3369 3370 0.0021276
3665 3370 0.0021276
2711 3642 0.21368
2721 3642 0.21368
3641 3642 0.21368
2661 3644 0.21368
3643 3644 0.21368
3646 3644 0.21368
2661 3645 0.00034946
3643 3645 0.00034946
3646 3645 0.00034946
2382 3646 0.21402
3645 3646 0.21402
3648 3646 0.21402
2382 3647 0.76972
3645 3647 0.76972
3648 3647 0.76972
3647 3649 0.76967
3650 3649 0.76967
2151 3651 0.00082119
3649 3651 0.00082119
3652 3651 0.00082119
6823 3651 0.00082119
3212 3652 0.00082264
3651 3652 0.00082264
3654 3652 0.00082264
3212 3653 0.00079356
3651 3653 0.00079356
3654 3653 0.00079356
3653 3654 0.00078647
3656 3654 0.00078647
6210 3654 0.00078647
3653 3655 0.00020677
3656 3655 0.00020677
6210 3655 0.00020677
3655 3656 0.00065637
3658 3656 0.00065637
6205 3656 0.00065637
3666 3665 0.0031717
3667 3665 0.0031717
5843 3665 0.0031717
3368 3666 0.025588
3369 3666 0.025588
3665 3666 0.025588
3668 3667 0.87678
3669 3667 0.87678
6478 3667 0.87678
3666 3668 0.00058487
3667 3668 0.00058487
5843 3668 0.00058487
3670 3669 0.20081
3679 3669 0.20081
5851 3669 0.20081
3668 3670 0.087152
3669 3670 0.087152
6478 3670 0.087152
3672 3671 0.053577
3673 3671 0.053577
3675 3671 0.053577
3671 3672 0.014669
5854 3672 0.014669
3674 3673 0.068845
3696 3673 0.068845
3697 3673 0.068845
3672 3674 0.001421
3673 3674 0.001421
3675 3674 0.001421
3676 3675 0.003608
3677 3675 0.003608
3690 3675 0.003608
3672 3676 0.032123
3673 3676 0.032123
3675 3676 0.032123
3680 3679 0.16329
3681 3679 0.16329
3689 3679 0.16329
6479 3679 0.16329
3670 3680 0.088544
3679 3680 0.088544
5851 3680 0.088544
3053 3681 0.81062
3682 3681 0.81062
3683 3681 0.81062
3680 3682 0.0018521
3681 3682 0.0018521
3689 3682 0.0018521
6479 3682 0.0018521
3684 3683 0.68516
3686 3683 0.68516
3687 3683 0.68516
3053 3684 0.011748
3682 3684 0.011748
3683 3684 0.011748
3684 3685 0.13837
3686 3685 0.13837
3687 3685 0.13837
3054 3686 0.0030181
3685 3686 0.0030181
3688 3687 0.80885
3714 3687 0.80885
3715 3687 0.80885
3676 3689 0.032123
3677 3689 0.032123
3690 3689 0.032123
3680 3690 0.003608
3681 3690 0.003608
3689 3690 0.003608
6479 3690 0.003608
3370 3691 0.0058644
3692 3691 0.0058644
3693 3691 0.0058644
3352 3692 0.0020131
3366 3692 0.0020131
3691 3692 0.0020131
3694 3693 0.025561
3695 3693 0.025561
6563 3693 0.025561
3370 3694 0.0032112
3692 3694 0.0032112
3693 3694 0.0032112
3674 3695 0.12461
3696 3695 0.12461
3697 3695 0.12461
3694 3696 0.00086968
3695 3696 0.00086968
6563 3696 0.00086968
3642 3697 0.19144
3698 3697 0.19144
3716 3697 0.19144
3674 3698 0.00027473
3696 3698 0.00027473
3697 3698 0.00027473
3051 3709 0.00021871
3710 3709 0.00021871
3711 3709 0.00021871
134 3710 0.00053792
3708 3710 0.00053792
3709 3710 0.00053792
2146 3711 0.00069153
3712 3711 0.00069153
4663 3711 0.00069153
7113 3711 0.00069153
3051 3712 0.00068411
3710 3712 0.00068411
3711 3712 0.00068411
3713 3714 0.78636
6921 3714 0.78636
7114 3714 0.78636
3642 3715 0.046213
3698 3715 0.046213
3716 3715 0.046213
3688 3716 0.023703
3714 3716 0.023703
3715 3716 0.023703
2149 5260 0.46646
7287 5260 0.46646
5840 5839 0.10195
5846 5839 0.10195
6562 5839 0.10195
5839 5840 0.00056098
5842 5840 0.00056098
5848 5840 0.00056098
5839 5841 0.10195
5842 5841 0.10195
5848 5841 0.10195
5841 5842 0.00056098
5844 5842 0.00056098
5850 5842 0.00056098
5841 5843 0.10195
5844 5843 0.10195
5850 5843 0.10195
3666 5844 0.00056099
3667 5844 0.00056099
5843 5844 0.00056099
5852 5851 0.053577
5853 5851 0.053577
3670 5852 0.014669
3679 5852 0.014669
5851 5852 0.014669
3671 5853 0.053577
5854 5853 0.053577
5852 5854 0.014669
5853 5854 0.014669
6206 6205 0.00065345
6209 6205 0.00065345
6211 6205 0.00065345
3655 6206 0.00019676
3658 6206 0.00019676
6205 6206 0.00019676
3653 6209 0.00065345
3656 6209 0.00065345
6210 6209 0.00065345
6206 6210 0.00019676
6209 6210 0.00019676
6211 6210 0.00019676
3680 6478 0.76405
3681 6478 0.76405
3689 6478 0.76405
6479 6478 0.76405
3668 6479 0.0015157
3669 6479 0.0015157
6478 6479 0.0015157
3694 6562 0.10195
3695 6562 0.10195
6563 6562 0.10195
5840 6563 0.00056098
5846 6563 0.00056098
6562 6563 0.00056098
2148 6794 0.32193
6795 6794 0.32193
724 6795 0.0020726
2147 6795 0.0020726
6794 6795 0.0020726
2150 6796 0.78633
6797 6796 0.78633
2152 6823 0.016675
6824 6823 0.016675
6903 6904 1.0001
6906 6904 1.0001
6916 6904 1.0001
6903 6905 0.18639
6906 6905 0.18639
6916 6905 0.18639
6905 6906 0.24414
6908 6906 0.24414
6910 6906 0.24414
6905 6907 0.30666
6908 6907 0.30666
6910 6907 0.30666
6907 6908 0.11756
6914 6908 0.11756
6917 6908 0.11756
6905 6909 0.068319
6908 6909 0.068319
6910 6909 0.068319
6909 6910 0.31517
6912 6910 0.31517
7072 6910 0.31517
6913 6911 1
6911 6912 1
6913 6912 1
6915 6914 0.7554
6919 6914 0.7554
7071 6914 0.7554
6907 6915 0.0022034
6914 6915 0.0022034
6917 6915 0.0022034
6907 6916 0.94589
6914 6916 0.94589
6917 6916 0.94589
6903 6917 0.0035852
6906 6917 0.0035852
6916 6917 0.0035852
3713 6920 0.018172
6921 6920 0.018172
7114 6920 0.018172
723 6921 0.34814
6920 6921 0.34814
6909 7071 0.75536
6912 7071 0.75536
7072 7071 0.75536
6915 7072 0.0022106
6919 7072 0.0022106
7071 7072 0.0022106
3713 7113 0.00018194
6921 7113 0.00018194
7114 7113 0.00018194
2146 7114 0.45647
3712 7114 0.45647
4663 7114 0.45647
7113 7114 0.45647
6796 7182 0.78633
7183 7182 0.78633
7182 7184 0.78633
7185 7184 0.78633
7184 7287 0.78633
7288 7287 0.78633
