106 105 0.00010486
3357 105 0.00010486
105 106 0.00010339
4553 106 0.00010339
2279 431 0.00011308
5674 431 0.00011308
7273 431 0.00011308
548 547 0.00031854
6226 547 0.00031854
6227 547 0.00031854
6230 547 0.00031854
547 548 0.0023481
2073 548 0.0023481
7094 548 0.0023481
723 724 0.00020485
6920 724 0.00020485
948 950 0.0014887
951 950 0.0014887
6355 950 0.0014887
950 951 0.0039372
6352 951 0.0039372
6353 951 0.0039372
6356 951 0.0039372
995 994 0.0037238
6359 994 0.0037238
6360 994 0.0037238
994 995 0.047582
997 995 0.047582
2076 995 0.047582
2077 995 0.047582
994 996 0.0049713
997 996 0.0049713
2076 996 0.0049713
2077 996 0.0049713
996 997 0.10138
3119 997 0.10138
4790 997 0.10138
6237 997 0.10138
434 1126 0.00052377
5089 1126 0.00052377
5085 1129 0.0091858
5267 1129 0.0091858
1528 1530 0.14727
1531 1530 0.14727
3303 1530 0.14727
1530 1532 0.018183
1533 1532 0.018183
2850 1532 0.018183
1532 1533 0.00044003
2851 1533 0.00044003
3339 1533 0.00044003
2072 2071 0.00050811
2074 2071 0.00050811
2075 2071 0.00050811
3906 2071 0.00050811
2071 2072 0.051721
6238 2072 0.051721
6239 2072 0.051721
2072 2073 0.0040307
2074 2073 0.0040307
2075 2073 0.0040307
3906 2073 0.0040307
547 2074 0.00022048
2073 2074 0.00022048
7094 2074 0.00022048
994 2075 0.013305
997 2075 0.013305
2076 2075 0.013305
2077 2075 0.013305
2072 2076 0.022115
2074 2076 0.022115
2075 2076 0.022115
3906 2076 0.022115
2078 2077 0.021573
2358 2077 0.021573
2361 2077 0.021573
6371 2077 0.021573
994 2078 0.082931
997 2078 0.082931
2076 2078 0.082931
2077 2078 0.082931
724 2146 0.00020186
2147 2146 0.00020186
6794 2146 0.00020186
1126 2279 0.00017335
2350 2351 0.00010966
5671 2351 0.00010966
5836 2351 0.00010966
2353 2352 0.00054637
3337 2352 0.00054637
2352 2353 0.0011293
2355 2353 0.0011293
5269 2353 0.0011293
2352 2354 0.00024764
2355 2354 0.00024764
5269 2354 0.00024764
2354 2355 0.54167
2357 2355 0.54167
2356 2357 0.54966
2359 2357 0.54966
6362 2357 0.54966
7160 2357 0.54966
2356 2358 0.0056227
2359 2358 0.0056227
6362 2358 0.0056227
7160 2358 0.0056227
2078 2359 0.51503
2358 2359 0.51503
2361 2359 0.51503
6371 2359 0.51503
2078 2360 0.0089677
2358 2360 0.0089677
2361 2360 0.0089677
6371 2360 0.0089677
2360 2361 0.59192
2363 2361 0.59192
3120 2361 0.59192
2360 2362 0.0065342
2363 2362 0.0065342
3120 2362 0.0065342
2362 2363 0.60384
2365 2363 0.60384
6395 2363 0.60384
2362 2364 0.0028095
2365 2364 0.0028095
6395 2364 0.0028095
2364 2365 0.76888
2367 2365 0.76888
6366 2365 0.76888
6367 2365 0.76888
2364 2366 0.00014966
2367 2366 0.00014966
6366 2366 0.00014966
6367 2366 0.00014966
2366 2367 1.0099
7006 2367 1.0099
7086 2367 1.0099
1530 2849 0.13752
1533 2849 0.13752
2850 2849 0.13752
600 2850 0.0080166
2849 2850 0.0080166
3344 2850 0.0080166
3345 2850 0.0080166
3054 3053 0.0015244
3685 3053 0.0015244
3053 3054 0.00016998
3682 3054 0.00016998
3683 3054 0.00016998
3107 3109 0.0083117
3110 3109 0.0083117
3309 3109 0.0083117
3310 3109 0.0083117
3109 3110 0.016951
3112 3110 0.016951
3313 3110 0.016951
3314 3110 0.016951
3109 3111 0.0036881
3112 3111 0.0036881
3313 3111 0.0036881
3314 3111 0.0036881
3111 3112 0.027922
3114 3112 0.027922
6382 3112 0.027922
6383 3112 0.027922
3111 3113 0.0059455
3114 3113 0.0059455
6382 3113 0.0059455
6383 3113 0.0059455
3113 3114 0.022162
3116 3114 0.022162
6106 3114 0.022162
3113 3115 0.0048117
3116 3115 0.0048117
6106 3115 0.0048117
3115 3116 0.012195
5959 3116 0.012195
6404 3116 0.012195
3118 3117 0.0019921
6390 3117 0.0019921
6391 3117 0.0019921
3117 3118 0.035021
5957 3118 0.035021
6368 3118 0.035021
6369 3118 0.035021
2360 3119 0.052988
2363 3119 0.052988
3120 3119 0.052988
996 3120 0.038638
3119 3120 0.038638
4790 3120 0.038638
6237 3120 0.038638
3122 3121 0.00027698
5270 3121 0.00027698
6233 3121 0.00027698
3121 3122 0.000884
3328 3122 0.000884
3329 3122 0.000884
3124 3123 0.0027488
3307 3123 0.0027488
3308 3123 0.0027488
3637 3123 0.0027488
3123 3124 0.23504
3126 3124 0.23504
3312 3124 0.23504
3123 3125 0.0025147
3126 3125 0.0025147
3312 3125 0.0025147
3125 3126 0.21921
3128 3126 0.21921
5949 3126 0.21921
3125 3127 0.0018908
3128 3127 0.0018908
5949 3127 0.0018908
3127 3128 0.20332
3130 3128 0.20332
6380 3128 0.20332
6381 3128 0.20332
3127 3129 0.0012713
3130 3129 0.0012713
6380 3129 0.0012713
6381 3129 0.0012713
3129 3130 0.16033
3132 3130 0.16033
6105 3130 0.16033
6108 3130 0.16033
3129 3131 0.0022006
3132 3131 0.0022006
6105 3131 0.0022006
6108 3131 0.0022006
3131 3132 0.11417
3134 3132 0.11417
6402 3132 0.11417
6403 3132 0.11417
3131 3133 0.0024648
3134 3133 0.0024648
6402 3133 0.0024648
6403 3133 0.0024648
3133 3134 0.080541
5955 3134 0.080541
6394 3134 0.080541
3136 3135 0.0019244
3305 3135 0.0019244
3306 3135 0.0019244
3135 3136 0.040713
5948 3136 0.040713
5953 3136 0.040713
3138 3137 0.14146
5832 3137 0.14146
6422 3137 0.14146
3137 3138 0.00066712
3302 3138 0.00066712
3338 3138 0.00066712
3140 3139 0.016522
6372 3139 0.016522
6373 3139 0.016522
6407 3139 0.016522
3139 3140 0.064864
3910 3140 0.064864
6112 3140 0.064864
3142 3141 0.0018888
6414 3141 0.0018888
6415 3141 0.0018888
3141 3142 0.045001
3144 3142 0.045001
4787 3142 0.045001
3141 3143 0.0094621
3144 3143 0.0094621
4787 3143 0.0094621
3143 3144 0.036046
3146 3144 0.036046
6374 3144 0.036046
6375 3144 0.036046
3143 3145 0.018054
3146 3145 0.018054
6374 3145 0.018054
6375 3145 0.018054
3145 3146 0.063186
3148 3146 0.063186
3911 3146 0.063186
6109 3146 0.063186
3145 3147 0.0091
3148 3147 0.0091
3911 3147 0.0091
6109 3147 0.0091
3147 3148 0.065209
5951 3148 0.065209
6398 3148 0.065209
6399 3148 0.065209
3137 3303 0.14727
3302 3303 0.14727
3338 3303 0.14727
3136 3304 0.0099689
3305 3304 0.0099689
3306 3304 0.0099689
3304 3305 0.040525
6420 3305 0.040525
6421 3305 0.040525
3124 3306 0.0051671
3307 3306 0.0051671
3308 3306 0.0051671
3637 3306 0.0051671
3136 3307 0.074512
3305 3307 0.074512
3306 3307 0.074512
3107 3308 0.016951
3110 3308 0.016951
3309 3308 0.016951
3310 3308 0.016951
3124 3309 0.0083117
3307 3309 0.0083117
3308 3309 0.0083117
3637 3309 0.0083117
3109 3312 0.021747
3112 3312 0.021747
3313 3312 0.021747
3314 3312 0.021747
3123 3313 0.0061521
3126 3313 0.0061521
3312 3313 0.0061521
3316 3317 0.00015991
7005 3317 0.00015991
7008 3317 0.00015991
7088 3317 0.00015991
3318 3319 0.00018442
6983 3319 0.00018442
7092 3319 0.00018442
3320 3321 0.001716
6977 3321 0.001716
7096 3321 0.001716
3321 3323 0.0023625
3322 3323 0.0023625
7097 3323 0.0023625
3323 3325 0.0032104
3324 3325 0.0032104
7103 3325 0.0032104
3325 3327 0.0030756
3326 3327 0.0030756
7099 3327 0.0030756
2353 3328 0.0011918
3337 3328 0.0011918
3333 3335 0.00077669
3336 3335 0.00077669
6225 3335 0.00077669
3137 3337 0.00060888
3302 3337 0.00060888
3338 3337 0.00060888
3343 3338 0.0070685
3639 3338 0.0070685
3962 3338 0.0070685
3340 3339 0.00044003
3342 3339 0.00044003
3960 3339 0.00044003
1532 3340 0.018183
2851 3340 0.018183
3339 3340 0.018183
3340 3341 0.018183
3342 3341 0.018183
3960 3341 0.018183
3341 3342 0.00044003
3346 3342 0.00044003
4684 3342 0.00044003
600 3343 0.001526
2849 3343 0.001526
3344 3343 0.001526
3345 3343 0.001526
3343 3344 0.8498
3639 3344 0.8498
3962 3344 0.8498
3341 3345 0.00018849
3346 3345 0.00018849
4684 3345 0.00018849
600 3346 0.97797
2849 3346 0.97797
3344 3346 0.97797
3345 3346 0.97797
3347 3348 0.99561
3354 3348 0.99561
4683 3348 0.99561
73 3350 0.99561
3348 3350 0.99561
3349 3350 0.99561
3352 3351 0.00032279
3366 3351 0.00032279
3691 3351 0.00032279
3350 3352 0.77422
3351 3352 0.77422
3363 3352 0.77422
3347 3353 0.00023366
3354 3353 0.00023366
4683 3353 0.00023366
3353 3354 0.00032506
3355 3354 0.00032506
7220 3354 0.00032506
3356 3355 0.00020729
4554 3355 0.00020729
5855 3355 0.00020729
3353 3356 0.00020729
3355 3356 0.00020729
7220 3356 0.00020729
3358 3357 0.00010486
3360 3357 0.00010486
106 3358 0.00010339
3357 3358 0.00010339
3358 3359 0.00010339
3360 3359 0.00010339
3359 3360 0.00010486
5856 3360 0.00010486
5858 3360 0.00010486
3364 3363 0.015149
3365 3363 0.015149
3367 3363 0.015149
3350 3364 0.23687
3351 3364 0.23687
3363 3364 0.23687
3352 3365 0.234
3366 3365 0.234
3691 3365 0.234
3364 3366 0.021497
3365 3366 0.021497
3367 3366 0.021497
3368 3367 0.0094993
3369 3367 0.0094993
3665 3367 0.0094993
3364 3368 0.44372
3365 3368 0.44372
3367 3368 0.44372
3370 3369 0.24201
3692 3369 0.24201
3693 3369 0.24201
3368 3370 0.0050884
3369 3370 0.0050884
3665 3370 0.0050884
3638 3637 0.0059958
3640 3637 0.0059958
5268 3637 0.0059958
3124 3638 0.31627
3307 3638 0.31627
3308 3638 0.31627
3637 3638 0.31627
3638 3639 0.85029
3640 3639 0.85029
5268 3639 0.85029
3343 3640 0.00017044
3639 3640 0.00017044
3962 3640 0.00017044
3666 3665 0.0010874
3667 3665 0.0010874
5843 3665 0.0010874
3368 3666 0.67223
3369 3666 0.67223
3665 3666 0.67223
3668 3667 0.053539
3669 3667 0.053539
6478 3667 0.053539
3666 3668 0.007186
3667 3668 0.007186
5843 3668 0.007186
3670 3669 0.031036
3679 3669 0.031036
5851 3669 0.031036
3668 3670 0.0080746
3669 3670 0.0080746
6478 3670 0.0080746
3672 3671 0.029568
3673 3671 0.029568
3675 3671 0.029568
3671 3672 0.00078372
5854 3672 0.00078372
3674 3673 0.040203
3696 3673 0.040203
3697 3673 0.040203
3672 3676 0.011448
3673 3676 0.011448
3675 3676 0.011448
3680 3679 0.0053461
3681 3679 0.0053461
3689 3679 0.0053461
6479 3679 0.0053461
3670 3680 0.011169
3679 3680 0.011169
5851 3680 0.011169
3053 3681 0.0068016
3682 3681 0.0068016
3683 3681 0.0068016
3680 3682 0.00058992
3681 3682 0.00058992
3689 3682 0.00058992
6479 3682 0.00058992
3684 3683 0.0054115
3686 3683 0.0054115
3687 3683 0.0054115
3053 3684 0.00055426
3682 3684 0.00055426
3683 3684 0.00055426
3684 3685 0.0015244
3686 3685 0.0015244
3687 3685 0.0015244
3054 3686 0.00016998
3685 3686 0.00016998
3688 3687 0.0062157
3714 3687 0.0062157
3715 3687 0.0062157
3676 3689 0.011448
3677 3689 0.011448
3690 3689 0.011448
3370 3691 0.00016318
3692 3691 0.00016318
3693 3691 0.00016318
3352 3692 0.56156
3366 3692 0.56156
3691 3692 0.56156
3370 3694 0.32454
3692 3694 0.32454
3693 3694 0.32454
3674 3695 0.00013777
3696 3695 0.00013777
3697 3695 0.00013777
3694 3696 0.042103
3695 3696 0.042103
6563 3696 0.042103
3642 3697 0.000135
3698 3697 0.000135
3716 3697 0.000135
3674 3698 0.0019588
3696 3698 0.0019588
3697 3698 0.0019588
3713 3714 0.0043922
6921 3714 0.0043922
7114 3714 0.0043922
3642 3715 0.0019588
3698 3715 0.0019588
3716 3715 0.0019588
3688 3716 0.00013495
3714 3716 0.00013495
3715 3716 0.00013495
3907 3906 0.00066329
4019 3906 0.00066329
6228 3906 0.00066329
6358 3906 0.00066329
2072 3907 0.039256
2074 3907 0.039256
2075 3907 0.039256
3906 3907 0.039256
3909 3908 0.0056751
6113 3908 0.0056751
6400 3908 0.0056751
6401 3908 0.0056751
3908 3909 0.016164
6392 3909 0.016164
6393 3909 0.016164
3145 3910 0.012606
3148 3910 0.012606
3911 3910 0.012606
6109 3910 0.012606
3139 3911 0.038225
3910 3911 0.038225
6112 3911 0.038225
4685 3962 0.005215
5086 3962 0.005215
6876 3963 0.00041405
1129 3964 0.0052038
3963 3964 0.0052038
4020 4019 0.00017469
6232 4019 0.00017469
6351 4019 0.00017469
3907 4020 0.031553
4019 4020 0.031553
6228 4020 0.031553
6358 4020 0.031553
3356 4553 0.00010339
4554 4553 0.00010339
5855 4553 0.00010339
105 4554 0.00010486
4553 4554 0.00010486
426 4660 0.00011786
3720 4660 0.00011786
3721 4660 0.00011786
4661 4660 0.00011786
4662 4663 0.0043713
6739 4663 0.0043713
3341 4683 0.99552
3346 4683 0.99552
4684 4683 0.99552
4788 4787 0.019043
6408 4787 0.019043
6409 4787 0.019043
3141 4788 0.0025142
3144 4788 0.0025142
4787 4788 0.0025142
996 4789 0.0029093
3119 4789 0.0029093
4790 4789 0.0029093
6237 4789 0.0029093
4789 4790 0.088264
6240 4790 0.088264
6365 4790 0.088264
5087 5086 0.0052283
5271 5086 0.0052283
1129 5087 0.0043961
3963 5087 0.0043961
5090 5089 0.00052221
5091 5090 0.00061368
5838 5090 0.00061368
5088 5093 0.00041613
5094 5093 0.00041613
1126 5094 0.00035042
3121 5237 0.00058478
3328 5237 0.00058478
3329 5237 0.00058478
3638 5267 0.0091749
3640 5267 0.0091749
5268 5267 0.0091749
3138 5268 0.54902
5832 5268 0.54902
6422 5268 0.54902
3122 5269 0.043904
5270 5269 0.043904
6233 5269 0.043904
2753 5270 0.003649
3327 5270 0.003649
5237 5270 0.003649
3964 5271 0.00083244
6738 5271 0.00083244
5670 5671 0.00010912
6385 5671 0.00010912
7085 5671 0.00010912
3335 5822 0.0010271
5823 5822 0.0010271
5831 5822 0.0010271
6967 5822 0.0010271
5822 5823 0.00024921
6963 5823 0.00024921
7102 5823 0.00024921
7104 5823 0.00024921
5825 5824 0.0002619
5826 5824 0.0002619
5830 5824 0.0002619
5824 5825 0.00055232
6964 5825 0.00055232
7100 5825 0.00055232
3335 5830 0.00024989
5823 5830 0.00024989
5831 5830 0.00024989
6967 5830 0.00024989
5825 5831 0.00056094
5826 5831 0.00056094
5830 5831 0.00056094
2352 5832 0.58475
2355 5832 0.58475
5269 5832 0.58475
5837 5838 0.00061332
6927 5838 0.00061332
7069 5838 0.00061332
7112 5838 0.00061332
5840 5839 0.2827
5846 5839 0.2827
6562 5839 0.2827
5839 5840 0.00018957
5842 5840 0.00018957
5848 5840 0.00018957
5839 5841 0.2827
5842 5841 0.2827
5848 5841 0.2827
5841 5842 0.00018957
5844 5842 0.00018957
5850 5842 0.00018957
5841 5843 0.2827
5844 5843 0.2827
5850 5843 0.2827
3666 5844 0.00018957
3667 5844 0.00018957
5843 5844 0.00018957
5852 5851 0.029568
5853 5851 0.029568
3670 5852 0.00078372
3679 5852 0.00078372
5851 5852 0.00078372
3671 5853 0.029568
5854 5853 0.029568
5852 5854 0.00078372
5853 5854 0.00078372
3359 5855 0.00010339
5856 5855 0.00010339
5858 5855 0.00010339
3356 5856 0.00010486
4554 5856 0.00010486
5855 5856 0.00010486
3125 5948 0.0071743
3128 5948 0.0071743
5949 5948 0.0071743
3135 5949 0.022441
5948 5949 0.022441
5953 5949 0.022441
3147 5950 0.014303
5951 5950 0.014303
6398 5950 0.014303
6399 5950 0.014303
5950 5951 0.027436
6389 5951 0.027436
6405 5951 0.027436
3135 5952 0.00074713
5948 5952 0.00074713
5953 5952 0.00074713
5952 5953 0.054803
6378 5953 0.054803
6379 5953 0.054803
3133 5954 0.0010149
5955 5954 0.0010149
6394 5954 0.0010149
5954 5955 0.067968
6370 5955 0.067968
6388 5955 0.067968
7111 5955 0.067968
3117 5956 0.016589
5957 5956 0.016589
6368 5956 0.016589
6369 5956 0.016589
5956 5957 0.0051944
6386 5957 0.0051944
6387 5957 0.0051944
3113 6105 0.0080639
3116 6105 0.0080639
6106 6105 0.0080639
3129 6106 0.016897
3132 6106 0.016897
6105 6106 0.016897
6108 6106 0.016897
3129 6107 0.0011218
3132 6107 0.0011218
6105 6107 0.0011218
6108 6107 0.0011218
6107 6108 0.057042
6110 6108 0.057042
6114 6108 0.057042
6107 6109 0.0035331
6110 6109 0.0035331
6114 6109 0.0035331
3145 6110 0.040128
3148 6110 0.040128
3911 6110 0.040128
6109 6110 0.040128
3139 6111 0.0079306
3910 6111 0.0079306
6112 6111 0.0079306
6111 6112 0.081892
6396 6112 0.081892
6397 6112 0.081892
6406 6112 0.081892
6107 6113 0.004767
6110 6113 0.004767
6114 6113 0.004767
3909 6114 0.024092
6113 6114 0.024092
6400 6114 0.024092
6401 6114 0.024092
548 6225 0.00080916
6226 6225 0.00080916
6227 6225 0.00080916
6230 6225 0.00080916
3907 6227 0.001615
4019 6227 0.001615
6228 6227 0.001615
6358 6227 0.001615
548 6228 0.0025219
6226 6228 0.0025219
6227 6228 0.0025219
6230 6228 0.0025219
548 6229 0.0011427
6226 6229 0.0011427
6227 6229 0.0011427
6230 6229 0.0011427
6229 6230 0.00073958
6979 6230 0.00073958
7063 6230 0.00073958
4020 6231 0.037235
6232 6231 0.037235
6351 6231 0.037235
6231 6233 0.03967
6234 6233 0.03967
6354 6233 0.03967
2071 6237 0.01839
6238 6237 0.01839
6239 6237 0.01839
996 6238 0.021688
3119 6238 0.021688
4790 6238 0.021688
6237 6238 0.021688
4789 6239 0.048457
6240 6239 0.048457
6365 6239 0.048457
2071 6240 0.00054174
6238 6240 0.00054174
6239 6240 0.00054174
950 6351 0.0078984
6352 6351 0.0078984
6353 6351 0.0078984
6356 6351 0.0078984
4020 6352 0.0020776
6232 6352 0.0020776
6351 6352 0.0020776
2354 6353 0.0081807
2357 6353 0.0081807
948 6354 0.0039372
951 6354 0.0039372
6355 6354 0.0039372
6231 6355 0.0014887
6234 6355 0.0014887
6354 6355 0.0014887
6357 6356 0.0028655
6361 6356 0.0028655
950 6357 0.0027769
6352 6357 0.0027769
6353 6357 0.0027769
6356 6357 0.0027769
995 6358 0.0070561
6359 6358 0.0070561
6360 6358 0.0070561
3907 6359 0.015177
4019 6359 0.015177
6228 6359 0.015177
6358 6359 0.015177
6357 6360 0.00083473
6361 6360 0.00083473
995 6361 0.052814
6359 6361 0.052814
6360 6361 0.052814
6357 6362 0.051891
6361 6362 0.051891
6364 6363 0.0051962
6410 6363 0.0051962
6411 6363 0.0051962
6363 6364 0.016884
6943 6364 0.016884
7165 6364 0.016884
2364 6365 0.13402
2367 6365 0.13402
6366 6365 0.13402
6367 6365 0.13402
4789 6366 0.00074986
6240 6366 0.00074986
6365 6366 0.00074986
3117 6367 0.002845
5957 6367 0.002845
6368 6367 0.002845
6369 6367 0.002845
2364 6368 0.11328
2367 6368 0.11328
6366 6368 0.11328
6367 6368 0.11328
5954 6369 0.0013341
6370 6369 0.0013341
6388 6369 0.0013341
7111 6369 0.0013341
3117 6370 0.067341
5957 6370 0.067341
6368 6370 0.067341
6369 6370 0.067341
3140 6371 0.022257
6372 6371 0.022257
6373 6371 0.022257
6407 6371 0.022257
2078 6372 0.15716
2358 6372 0.15716
2361 6372 0.15716
6371 6372 0.15716
3143 6373 0.0072622
3146 6373 0.0072622
6374 6373 0.0072622
6375 6373 0.0072622
3140 6374 0.15842
6372 6374 0.15842
6373 6374 0.15842
6407 6374 0.15842
6376 6375 0.0012435
6377 6375 0.0012435
6417 6375 0.0012435
3143 6376 0.17095
3146 6376 0.17095
6374 6376 0.17095
6375 6376 0.17095
5952 6377 0.0025802
6378 6377 0.0025802
6379 6377 0.0025802
6376 6378 0.10703
6377 6378 0.10703
6417 6378 0.10703
3127 6379 0.0099073
3130 6379 0.0099073
6380 6379 0.0099073
6381 6379 0.0099073
5952 6380 0.060301
6378 6380 0.060301
6379 6380 0.060301
3111 6381 0.0095986
3114 6381 0.0095986
6382 6381 0.0095986
6383 6381 0.0095986
3127 6382 0.017616
3130 6382 0.017616
6380 6382 0.017616
6381 6382 0.017616
5956 6385 0.0099423
6386 6385 0.0099423
6387 6385 0.0099423
5670 6386 0.00010277
6385 6386 0.00010277
7085 6386 0.00010277
5954 6387 0.0065699
6370 6387 0.0065699
6388 6387 0.0065699
7111 6387 0.0065699
5956 6388 0.0081255
6386 6388 0.0081255
6387 6388 0.0081255
3118 6389 0.018184
6390 6389 0.018184
6391 6389 0.018184
5950 6390 0.0067663
6389 6390 0.0067663
6405 6390 0.0067663
3908 6391 0.0044867
6392 6391 0.0044867
6393 6391 0.0044867
3118 6392 0.026098
6390 6392 0.026098
6391 6392 0.026098
3133 6393 0.0046977
5955 6393 0.0046977
6394 6393 0.0046977
3908 6394 0.01582
6392 6394 0.01582
6393 6394 0.01582
6111 6395 0.011309
6396 6395 0.011309
6397 6395 0.011309
6406 6395 0.011309
2362 6396 0.18007
2365 6396 0.18007
6395 6396 0.18007
3147 6397 0.0090181
5951 6397 0.0090181
6398 6397 0.0090181
6399 6397 0.0090181
6111 6398 0.10211
6396 6398 0.10211
6397 6398 0.10211
6406 6398 0.10211
3909 6399 0.0049249
6113 6399 0.0049249
6400 6399 0.0049249
6401 6399 0.0049249
3147 6400 0.055037
5951 6400 0.055037
6398 6400 0.055037
6399 6400 0.055037
3131 6401 0.0034922
3134 6401 0.0034922
6402 6401 0.0034922
6403 6401 0.0034922
3909 6402 0.044767
6113 6402 0.044767
6400 6402 0.044767
6401 6402 0.044767
3115 6403 0.0048117
5959 6403 0.0048117
6404 6403 0.0048117
3131 6404 0.012195
3134 6404 0.012195
6402 6404 0.012195
6403 6404 0.012195
6111 6405 0.017816
6396 6405 0.017816
6397 6405 0.017816
6406 6405 0.017816
5950 6406 0.016102
6389 6406 0.016102
6405 6406 0.016102
4788 6407 0.0074493
6408 6407 0.0074493
6409 6407 0.0074493
3140 6408 0.039538
6372 6408 0.039538
6373 6408 0.039538
6407 6408 0.039538
6364 6409 0.0091825
6410 6409 0.0091825
6411 6409 0.0091825
4788 6410 0.024742
6408 6410 0.024742
6409 6410 0.024742
5834 6411 0.00027315
6412 6411 0.00027315
6413 6411 0.00027315
6364 6412 0.027521
6410 6412 0.027521
6411 6412 0.027521
3142 6413 0.00027315
6414 6413 0.00027315
6415 6413 0.00027315
5834 6414 0.027521
6412 6414 0.027521
6413 6414 0.027521
6416 6415 0.00020598
6418 6415 0.00020598
6419 6415 0.00020598
3142 6416 0.070566
6414 6416 0.070566
6415 6416 0.070566
6416 6417 0.0026921
6418 6417 0.0026921
6419 6417 0.0026921
6376 6418 0.067954
6377 6418 0.067954
6417 6418 0.067954
3304 6419 0.00046029
6420 6419 0.00046029
6421 6419 0.00046029
6416 6420 0.13608
6418 6420 0.13608
6419 6420 0.13608
3138 6421 0.011318
5832 6421 0.011318
6422 6421 0.011318
3304 6422 0.11638
6420 6422 0.11638
6421 6422 0.11638
3680 6478 0.025621
3681 6478 0.025621
3689 6478 0.025621
6479 6478 0.025621
3668 6479 0.0022286
3669 6479 0.0022286
6478 6479 0.0022286
3694 6562 0.2827
3695 6562 0.2827
6563 6562 0.2827
5840 6563 0.00018957
5846 6563 0.00018957
6562 6563 0.00018957
3964 6739 0.0043713
6738 6739 0.0043713
5093 6875 0.00041405
6875 6876 0.00041405
3713 6920 0.0001824
6921 6920 0.0001824
7114 6920 0.0001824
6939 6938 0.010645
7067 6938 0.010645
7163 6938 0.010645
7164 6938 0.010645
6938 6939 0.0063228
6941 6939 0.0063228
6949 6939 0.0063228
6938 6940 0.001479
6941 6940 0.001479
6949 6940 0.001479
6940 6941 0.0087431
6942 6941 0.0087431
6945 6941 0.0087431
6947 6941 0.0087431
6363 6942 0.0087431
6943 6942 0.0087431
7165 6942 0.0087431
6940 6943 0.001479
6942 6943 0.001479
6945 6943 0.001479
6947 6943 0.001479
6938 6948 0.013718
6941 6948 0.013718
6949 6948 0.013718
6948 6949 0.0021324
6950 6949 0.0021324
6953 6949 0.0021324
6948 6952 0.013718
6950 6952 0.013718
6953 6952 0.013718
6952 6953 0.0021324
7161 6953 0.0021324
7162 6953 0.0021324
5824 6963 0.00047945
6964 6963 0.00047945
7100 6963 0.00047945
5822 6964 0.00063498
6963 6964 0.00063498
7102 6964 0.00063498
7104 6964 0.00063498
3335 6968 0.00028318
5823 6968 0.00028318
5831 6968 0.00028318
6967 6968 0.00028318
6969 6971 0.00046806
6972 6971 0.00046806
6975 6971 0.00046806
7066 6971 0.00046806
6971 6972 0.0003141
6974 6972 0.0003141
7064 6972 0.0003141
6971 6973 0.00069411
6974 6973 0.00069411
7064 6973 0.00069411
6973 6974 0.00035369
6976 6974 0.00035369
6978 6974 0.00035369
6973 6975 0.00081923
6976 6975 0.00081923
6978 6975 0.00081923
6969 6976 0.00022073
6972 6976 0.00022073
6975 6976 0.00022073
7066 6976 0.00022073
6973 6977 0.00052732
6976 6977 0.00052732
6978 6977 0.00052732
3320 6978 0.00078539
6977 6978 0.00078539
7096 6978 0.00078539
6980 6979 0.00067532
7065 6979 0.00067532
7098 6979 0.00067532
6229 6980 0.00089193
6979 6980 0.00089193
7063 6980 0.00089193
2366 7005 0.00013805
7006 7005 0.00013805
7086 7005 0.00013805
6971 7063 0.00039601
6974 7063 0.00039601
7064 7063 0.00039601
6229 7064 0.00058248
6979 7064 0.00058248
7063 7064 0.00058248
6969 7065 0.00066848
6972 7065 0.00066848
6975 7065 0.00066848
7066 7065 0.00066848
6980 7066 0.00022394
7065 7066 0.00022394
7098 7066 0.00022394
2366 7085 0.00010064
7006 7085 0.00010064
7086 7085 0.00010064
5670 7086 0.0099251
6385 7086 0.0099251
7085 7086 0.0099251
2351 7088 0.00010826
4656 7088 0.00010826
7014 7088 0.00010826
7087 7088 0.00010826
3317 7090 0.00015512
5238 7090 0.00015512
7089 7090 0.00015512
6997 7092 0.00018572
7090 7092 0.00018572
7091 7092 0.00018572
547 7093 0.0019098
2073 7093 0.0019098
7094 7093 0.0019098
3319 7094 0.00012912
5985 7094 0.00012912
7093 7094 0.00012912
7095 7094 0.00012912
3319 7096 0.0020106
5985 7096 0.0020106
7093 7096 0.0020106
7095 7096 0.0020106
6980 7097 0.0010716
7065 7097 0.0010716
7098 7097 0.0010716
3321 7098 0.00041045
3322 7098 0.00041045
7097 7098 0.00041045
5824 7099 0.00059353
6964 7099 0.00059353
7100 7099 0.00059353
3325 7100 0.00072842
3326 7100 0.00072842
7099 7100 0.00072842
6965 7102 0.00028318
6968 7102 0.00028318
7101 7102 0.00028318
5822 7103 0.001194
6963 7103 0.001194
7102 7103 0.001194
7104 7103 0.001194
3323 7104 0.00033954
3324 7104 0.00033954
7103 7104 0.00033954
5954 7112 0.00061332
6370 7112 0.00061332
6388 7112 0.00061332
7111 7112 0.00061332
2146 7114 0.0045046
3712 7114 0.0045046
4663 7114 0.0045046
7113 7114 0.0045046
6952 7160 0.019237
7161 7160 0.019237
7162 7160 0.019237
2356 7161 0.030925
2359 7161 0.030925
6362 7161 0.030925
7160 7161 0.030925
6939 7162 0.009094
7067 7162 0.009094
7163 7162 0.009094
7164 7162 0.009094
6952 7163 0.032368
7161 7163 0.032368
7162 7163 0.032368
6363 7164 0.0054788
6943 7164 0.0054788
7165 7164 0.0054788
6939 7165 0.024431
7067 7165 0.024431
7163 7165 0.024431
7164 7165 0.024431
4660 7220 0.00011786
7221 7220 0.00011786
