106 105 0.00010466
3357 105 0.00010466
105 106 0.00010319
4553 106 0.00010319
5260 723 0.00012667
723 724 0.00029099
6920 724 0.00029099
5085 1129 0.013768
5267 1129 0.013768
1528 1530 0.0083126
1531 1530 0.0083126
3303 1530 0.0083126
1530 1532 0.0097509
1533 1532 0.0097509
2850 1532 0.0097509
1532 1533 0.00044298
2851 1533 0.00044298
3339 1533 0.00044298
724 2146 0.00028675
2147 2146 0.00028675
6794 2146 0.00028675
2146 2147 0.00012243
3712 2147 0.00012243
4663 2147 0.00012243
7113 2147 0.00012243
2148 2149 0.00012667
6795 2149 0.00012667
1530 2849 0.0081793
1533 2849 0.0081793
2850 2849 0.0081793
600 2850 0.0091959
2849 2850 0.0091959
3344 2850 0.0091959
3345 2850 0.0091959
3054 3053 0.0018347
3685 3053 0.0018347
3053 3054 0.00017634
3682 3054 0.00017634
3683 3054 0.00017634
3107 3109 0.0023014
3110 3109 0.0023014
3309 3109 0.0023014
3310 3109 0.0023014
3109 3110 0.00030677
3112 3110 0.00030677
3313 3110 0.00030677
3314 3110 0.00030677
3109 3111 0.00046943
3112 3111 0.00046943
3313 3111 0.00046943
3314 3111 0.00046943
3124 3123 0.0024947
3307 3123 0.0024947
3308 3123 0.0024947
3637 3123 0.0024947
3123 3124 0.0028373
3126 3124 0.0028373
3312 3124 0.0028373
3123 3125 0.0020315
3126 3125 0.0020315
3312 3125 0.0020315
3125 3126 0.00078447
3128 3126 0.00078447
5949 3126 0.00078447
3125 3127 0.00050159
3128 3127 0.00050159
5949 3127 0.00050159
3127 3128 0.00049019
3130 3128 0.00049019
6380 3128 0.00049019
6381 3128 0.00049019
3136 3135 0.00025397
3305 3135 0.00025397
3306 3135 0.00025397
3135 3136 0.0017398
5948 3136 0.0017398
5953 3136 0.0017398
3138 3137 0.0022737
5832 3137 0.0022737
6422 3137 0.0022737
3137 3138 0.00063837
3302 3138 0.00063837
3338 3138 0.00063837
3137 3303 0.0083126
3302 3303 0.0083126
3338 3303 0.0083126
3136 3304 0.0061066
3305 3304 0.0061066
3306 3304 0.0061066
3124 3306 0.0061431
3307 3306 0.0061431
3308 3306 0.0061431
3637 3306 0.0061431
3136 3307 0.0015987
3305 3307 0.0015987
3306 3307 0.0015987
3107 3308 0.00030677
3110 3308 0.00030677
3309 3308 0.00030677
3310 3308 0.00030677
3124 3309 0.0023014
3307 3309 0.0023014
3308 3309 0.0023014
3637 3309 0.0023014
3109 3312 0.0021028
3112 3312 0.0021028
3313 3312 0.0021028
3314 3312 0.0021028
3123 3313 0.00051316
3126 3313 0.00051316
3312 3313 0.00051316
3343 3338 0.0067286
3639 3338 0.0067286
3962 3338 0.0067286
3340 3339 0.00044298
3342 3339 0.00044298
3960 3339 0.00044298
1532 3340 0.0097509
2851 3340 0.0097509
3339 3340 0.0097509
3340 3341 0.0097509
3342 3341 0.0097509
3960 3341 0.0097509
3341 3342 0.00044298
3346 3342 0.00044298
4684 3342 0.00044298
600 3343 0.00010317
2849 3343 0.00010317
3344 3343 0.00010317
3345 3343 0.00010317
3343 3344 0.98554
3639 3344 0.98554
3962 3344 0.98554
3341 3345 0.00010115
3346 3345 0.00010115
4684 3345 0.00010115
600 3346 0.98452
2849 3346 0.98452
3344 3346 0.98452
3345 3346 0.98452
3347 3348 0.99373
3354 3348 0.99373
4683 3348 0.99373
73 3350 0.99373
3348 3350 0.99373
3349 3350 0.99373
3352 3351 0.00032258
3366 3351 0.00032258
3691 3351 0.00032258
3350 3352 0.77275
3351 3352 0.77275
3363 3352 0.77275
3347 3353 0.00023324
3354 3353 0.00023324
4683 3353 0.00023324
3353 3354 0.00023342
3355 3354 0.00023342
7220 3354 0.00023342
3356 3355 0.00020689
4554 3355 0.00020689
5855 3355 0.00020689
3353 3356 0.00020689
3355 3356 0.00020689
7220 3356 0.00020689
3358 3357 0.00010466
3360 3357 0.00010466
106 3358 0.00010319
3357 3358 0.00010319
3358 3359 0.00010319
3360 3359 0.00010319
3359 3360 0.00010466
5856 3360 0.00010466
5858 3360 0.00010466
3364 3363 0.015121
3365 3363 0.015121
3367 3363 0.015121
3350 3364 0.23642
3351 3364 0.23642
3363 3364 0.23642
3352 3365 0.23356
3366 3365 0.23356
3691 3365 0.23356
3364 3366 0.021459
3365 3366 0.021459
3367 3366 0.021459
3368 3367 0.0094837
3369 3367 0.0094837
3665 3367 0.0094837
3364 3368 0.44288
3365 3368 0.44288
3367 3368 0.44288
3370 3369 0.24156
3692 3369 0.24156
3693 3369 0.24156
3368 3370 0.0050828
3369 3370 0.0050828
3665 3370 0.0050828
3638 3637 0.010771
3640 3637 0.010771
5268 3637 0.010771
3124 3638 0.0045746
3307 3638 0.0045746
3308 3638 0.0045746
3637 3638 0.0045746
3638 3639 0.98471
3640 3639 0.98471
5268 3639 0.98471
3666 3665 0.0010914
3667 3665 0.0010914
5843 3665 0.0010914
3368 3666 0.67097
3369 3666 0.67097
3665 3666 0.67097
3668 3667 0.05529
3669 3667 0.05529
6478 3667 0.05529
3666 3668 0.0071727
3667 3668 0.0071727
5843 3668 0.0071727
3670 3669 0.031338
3679 3669 0.031338
5851 3669 0.031338
3668 3670 0.0082508
3669 3670 0.0082508
6478 3670 0.0082508
3672 3671 0.029535
3673 3671 0.029535
3675 3671 0.029535
3671 3672 0.00081466
5854 3672 0.00081466
3674 3673 0.040148
3696 3673 0.040148
3697 3673 0.040148
3672 3676 0.011463
3673 3676 0.011463
3675 3676 0.011463
3680 3679 0.0056982
3681 3679 0.0056982
3689 3679 0.0056982
6479 3679 0.0056982
3670 3680 0.011331
3679 3680 0.011331
5851 3680 0.011331
3053 3681 0.0086257
3682 3681 0.0086257
3683 3681 0.0086257
3680 3682 0.00059238
3681 3682 0.00059238
3689 3682 0.00059238
6479 3682 0.00059238
3684 3683 0.0069543
3686 3683 0.0069543
3687 3683 0.0069543
3053 3684 0.00057935
3682 3684 0.00057935
3683 3684 0.00057935
3684 3685 0.0018347
3686 3685 0.0018347
3687 3685 0.0018347
3054 3686 0.00017634
3685 3686 0.00017634
3688 3687 0.0080375
3714 3687 0.0080375
3715 3687 0.0080375
3676 3689 0.011463
3677 3689 0.011463
3690 3689 0.011463
3370 3691 0.00016486
3692 3691 0.00016486
3693 3691 0.00016486
3352 3692 0.5605
3366 3692 0.5605
3691 3692 0.5605
3370 3694 0.32393
3692 3694 0.32393
3693 3694 0.32393
3674 3695 0.00017687
3696 3695 0.00017687
3697 3695 0.00017687
3694 3696 0.042025
3695 3696 0.042025
6563 3696 0.042025
3642 3697 0.00019169
3698 3697 0.00019169
3716 3697 0.00019169
3674 3698 0.0019557
3696 3698 0.0019557
3697 3698 0.0019557
3713 3714 0.0062736
6921 3714 0.0062736
7114 3714 0.0062736
3642 3715 0.0019557
3698 3715 0.0019557
3716 3715 0.0019557
3688 3716 0.00019164
3714 3716 0.00019164
3715 3716 0.00019164
4685 3962 0.0074793
5086 3962 0.0074793
1129 3964 0.0074633
3963 3964 0.0074633
3356 4553 0.00010319
4554 4553 0.00010319
5855 4553 0.00010319
105 4554 0.00010466
4553 4554 0.00010466
4662 4663 0.0062694
6739 4663 0.0062694
3341 4683 0.99373
3346 4683 0.99373
4684 4683 0.99373
5087 5086 0.0074984
5271 5086 0.0074984
1129 5087 0.0063049
3963 5087 0.0063049
2149 5260 0.00012667
7287 5260 0.00012667
3638 5267 0.013753
3640 5267 0.013753
5268 5267 0.013753
3138 5268 1.0046
5832 5268 1.0046
6422 5268 1.0046
3964 5271 0.0011939
6738 5271 0.0011939
5840 5839 0.2822
5846 5839 0.2822
6562 5839 0.2822
5839 5840 0.00019039
5842 5840 0.00019039
5848 5840 0.00019039
5839 5841 0.2822
5842 5841 0.2822
5848 5841 0.2822
5841 5842 0.00019039
5844 5842 0.00019039
5850 5842 0.00019039
5841 5843 0.2822
5844 5843 0.2822
5850 5843 0.2822
3666 5844 0.00019039
3667 5844 0.00019039
5843 5844 0.00019039
5852 5851 0.029535
5853 5851 0.029535
3670 5852 0.00081466
3679 5852 0.00081466
5851 5852 0.00081466
3671 5853 0.029535
5854 5853 0.029535
5852 5854 0.00081466
5853 5854 0.00081466
3359 5855 0.00010319
5856 5855 0.00010319
5858 5855 0.00010319
3356 5856 0.00010466
4554 5856 0.00010466
5855 5856 0.00010466
3125 5948 0.0015613
3128 5948 0.0015613
5949 5948 0.0015613
3135 5949 0.00032572
5948 5949 0.00032572
5953 5949 0.00032572
3135 5952 0.00011752
5948 5952 0.00011752
5953 5952 0.00011752
5952 5953 0.00036777
6378 5953 0.00036777
6379 5953 0.00036777
5952 6377 0.00017093
6378 6377 0.00017093
6379 6377 0.00017093
3127 6379 0.00046197
3130 6379 0.00046197
6380 6379 0.00046197
6381 6379 0.00046197
3111 6381 0.00041175
3114 6381 0.00041175
6382 6381 0.00041175
6383 6381 0.00041175
6376 6418 0.00015565
6377 6418 0.00015565
6417 6418 0.00015565
6416 6420 0.00017256
6418 6420 0.00017256
6419 6420 0.00017256
3304 6422 0.0062322
6420 6422 0.0062322
6421 6422 0.0062322
3680 6478 0.027257
3681 6478 0.027257
3689 6478 0.027257
6479 6478 0.027257
3668 6479 0.0022269
3669 6479 0.0022269
6478 6479 0.0022269
3694 6562 0.2822
3695 6562 0.2822
6563 6562 0.2822
5840 6563 0.00019039
5846 6563 0.00019039
6562 6563 0.00019039
3964 6739 0.0062694
6738 6739 0.0062694
724 6795 0.00012667
2147 6795 0.00012667
6794 6795 0.00012667
3713 6920 0.00025886
6921 6920 0.00025886
7114 6920 0.00025886
2146 7114 0.006434
3712 7114 0.006434
4663 7114 0.006434
7113 7114 0.006434
