80 79 0.00036635
2703 79 0.00036635
2707 79 0.00036635
79 80 0.00017977
2680 80 0.00017977
2681 80 0.00017977
133 134 0.00017551
3052 134 0.00017551
138 137 0.0011065
1558 137 0.0011065
1561 137 0.0011065
137 138 0.00012834
2684 138 0.00012834
2685 138 0.00012834
142 141 0.00025112
144 141 0.00025112
1562 141 0.00025112
1564 141 0.00025112
142 143 0.00015739
144 143 0.00015739
1562 143 0.00015739
1564 143 0.00015739
146 145 0.028403
1546 145 0.028403
1549 145 0.028403
145 146 0.036988
2374 146 0.036988
2730 146 0.036988
550 549 0.0059665
2391 549 0.0059665
2392 549 0.0059665
5260 723 0.16518
723 724 0.048328
6920 724 0.048328
1001 1000 0.0078519
1552 1000 0.0078519
1555 1000 0.0078519
1000 1001 0.00081202
1548 1001 0.00081202
2805 1001 0.00081202
2874 1001 0.00081202
1545 1544 0.00014584
1551 1544 0.00014584
4529 1544 0.00014584
1544 1545 0.0084923
1547 1545 0.0084923
2807 1545 0.0084923
1544 1546 0.058871
1547 1546 0.058871
2807 1546 0.058871
146 1547 0.0029692
1546 1547 0.0029692
1549 1547 0.0029692
146 1548 0.06738
1546 1548 0.06738
1549 1548 0.06738
1000 1549 0.0028925
1548 1549 0.0028925
2805 1549 0.0028925
2874 1549 0.0028925
1545 1550 0.0084923
1551 1550 0.0084923
4529 1550 0.0084923
1550 1551 0.00014584
1553 1551 0.00014584
4785 1551 0.00014584
1550 1552 0.0084923
1553 1552 0.0084923
4785 1552 0.0084923
1001 1553 0.00014584
1552 1553 0.00014584
1555 1553 0.00014584
1001 1554 0.001345
1552 1554 0.001345
1555 1554 0.001345
1554 1556 0.001345
1557 1556 0.001345
2378 1556 0.001345
135 1558 0.001345
1556 1558 0.001345
1559 1558 0.001345
138 1560 0.00034935
1558 1560 0.00034935
1561 1560 0.00034935
139 1562 0.00034935
1560 1562 0.00034935
1563 1562 0.00034935
724 2146 0.16161
2147 2146 0.16161
6794 2146 0.16161
2149 2148 0.11399
7287 2148 0.11399
2148 2149 0.00073392
6795 2149 0.00073392
2151 2150 0.27843
3649 2150 0.27843
3652 2150 0.27843
6823 2150 0.27843
549 2152 0.0059659
2153 2152 0.0059659
2864 2152 0.0059659
6808 2152 0.0059659
2375 2374 0.66616
2376 2374 0.66616
2806 2374 0.66616
145 2375 0.0088423
2374 2375 0.0088423
2730 2375 0.0088423
2377 2376 0.72157
2380 2376 0.72157
3644 2376 0.72157
2383 2382 0.99409
2385 2382 0.99409
2386 2382 0.99409
2384 2385 1.0001
6904 2385 1.0001
2383 2387 0.0059665
2385 2387 0.0059665
2386 2387 0.0059665
2387 2391 0.0059665
2388 2391 0.0059665
2390 2391 0.0059665
82 2661 0.00054966
2662 2661 0.00054966
2663 2661 0.00054966
2673 2661 0.00054966
2661 2662 0.00054966
3643 2662 0.00054966
3646 2662 0.00054966
2664 2663 0.0001449
2665 2663 0.0001449
2671 2663 0.0001449
82 2664 0.00041767
2662 2664 0.00041767
2663 2664 0.00041767
2673 2664 0.00041767
2672 2671 0.0001449
2674 2671 0.0001449
2664 2672 0.00041767
2665 2672 0.00041767
2671 2672 0.00041767
2672 2673 0.00041767
2674 2673 0.00041767
82 2674 0.0001449
2662 2674 0.0001449
2663 2674 0.0001449
2673 2674 0.0001449
79 2679 0.037414
2680 2679 0.037414
2681 2679 0.037414
2679 2680 0.0010437
2726 2680 0.0010437
2727 2680 0.0010437
2682 2681 0.037141
2683 2681 0.037141
2804 2681 0.037141
79 2682 0.00095742
2680 2682 0.00095742
2681 2682 0.00095742
137 2683 0.0014122
2684 2683 0.0014122
2685 2683 0.0014122
2682 2684 0.00029219
2683 2684 0.00029219
2804 2684 0.00029219
141 2685 0.00035304
2686 2685 0.00035304
2687 2685 0.00035304
137 2686 0.00021123
2684 2686 0.00021123
2685 2686 0.00021123
2688 2687 0.00013539
2701 2687 0.00013539
6658 2687 0.00013539
6660 2687 0.00013539
141 2688 0.00017661
2686 2688 0.00017661
2687 2688 0.00017661
2688 2702 0.00022554
2701 2702 0.00022554
6658 2702 0.00022554
6660 2702 0.00022554
2702 2703 0.00016549
2704 2703 0.00016549
2705 2703 0.00016549
80 2704 0.00016409
2703 2704 0.00016409
2707 2704 0.00016409
2702 2706 0.00020781
2704 2706 0.00020781
2705 2706 0.00020781
2706 2707 0.00020781
2708 2707 0.00020781
2709 2721 0.72158
2722 2721 0.72158
2723 2721 0.72158
6588 2721 0.72158
2724 2723 0.72158
2725 2723 0.72158
2861 2723 0.72158
2679 2725 0.72158
2726 2725 0.72158
2727 2725 0.72158
2728 2727 0.68872
2729 2727 0.68872
2873 2727 0.68872
2679 2728 0.0035157
2726 2728 0.0035157
2727 2728 0.0035157
145 2729 0.65874
2374 2729 0.65874
2730 2729 0.65874
2728 2730 0.010006
2729 2730 0.010006
2873 2730 0.010006
1000 2804 0.036233
1548 2804 0.036233
2805 2804 0.036233
2874 2804 0.036233
2682 2805 0.00117
2683 2805 0.00117
2804 2805 0.00117
1544 2806 0.0016414
1547 2806 0.0016414
2807 2806 0.0016414
2375 2807 0.065889
2376 2807 0.065889
2806 2807 0.065889
1000 2873 0.050433
1548 2873 0.050433
2805 2873 0.050433
2874 2873 0.050433
2728 2874 0.01397
2729 2874 0.01397
2873 2874 0.01397
3051 3052 0.00017551
3710 3052 0.00017551
3711 3052 0.00017551
3054 3053 0.00086915
3685 3053 0.00086915
2711 3642 0.72158
2721 3642 0.72158
3641 3642 0.72158
2661 3644 0.72157
3643 3644 0.72157
3646 3644 0.72157
2661 3645 0.00012377
3643 3645 0.00012377
3646 3645 0.00012377
2382 3646 0.72169
3645 3646 0.72169
3648 3646 0.72169
2382 3647 0.27259
3645 3647 0.27259
3648 3647 0.27259
3647 3649 0.27254
3650 3649 0.27254
2151 3651 0.00029899
3649 3651 0.00029899
3652 3651 0.00029899
6823 3651 0.00029899
3212 3652 0.00029952
3651 3652 0.00029952
3654 3652 0.00029952
3212 3653 0.00028893
3651 3653 0.00028893
3654 3653 0.00028893
3653 3654 0.00028635
3656 3654 0.00028635
6210 3654 0.00028635
3655 3656 0.00023898
3658 3656 0.00023898
6205 3656 0.00023898
3668 3667 0.00020179
3669 3667 0.00020179
6478 3667 0.00020179
3668 3670 0.00045671
3669 3670 0.00045671
6478 3670 0.00045671
3671 3672 0.00087014
5854 3672 0.00087014
3672 3674 0.0013555
3673 3674 0.0013555
3675 3674 0.0013555
3676 3675 0.00050939
3677 3675 0.00050939
3690 3675 0.00050939
3680 3679 0.00061908
3681 3679 0.00061908
3689 3679 0.00061908
6479 3679 0.00061908
3670 3680 0.00016853
3679 3680 0.00016853
5851 3680 0.00016853
3053 3681 0.0015932
3682 3681 0.0015932
3683 3681 0.0015932
3684 3683 0.0014156
3686 3683 0.0014156
3687 3683 0.0014156
3053 3684 0.00069989
3682 3684 0.00069989
3683 3684 0.00069989
3684 3685 0.00086915
3686 3685 0.00086915
3687 3685 0.00086915
3688 3687 0.0022053
3714 3687 0.0022053
3715 3687 0.0022053
3684 3688 0.00070809
3686 3688 0.00070809
3687 3688 0.00070809
3680 3690 0.00050939
3681 3690 0.00050939
3689 3690 0.00050939
6479 3690 0.00050939
3370 3694 0.0001117
3692 3694 0.0001117
3693 3694 0.0001117
3694 3696 0.00023333
3695 3696 0.00023333
6563 3696 0.00023333
3674 3698 0.0015879
3696 3698 0.0015879
3697 3698 0.0015879
134 3710 0.00019047
3708 3710 0.00019047
3709 3710 0.00019047
2146 3711 0.00024227
3712 3711 0.00024227
4663 3711 0.00024227
7113 3711 0.00024227
3051 3712 0.00024224
3710 3712 0.00024224
3711 3712 0.00024224
3713 3714 0.27846
6921 3714 0.27846
7114 3714 0.27846
3642 3715 0.00015244
3698 3715 0.00015244
3716 3715 0.00015244
3688 3716 0.27708
3714 3716 0.27708
3715 3716 0.27708
2149 5260 0.16518
7287 5260 0.16518
5839 5840 0.00012206
5842 5840 0.00012206
5848 5840 0.00012206
5841 5842 0.00012206
5844 5842 0.00012206
5850 5842 0.00012206
3666 5844 0.00012206
3667 5844 0.00012206
5843 5844 0.00012206
3670 5852 0.00087014
3679 5852 0.00087014
5851 5852 0.00087014
5852 5854 0.00087014
5853 5854 0.00087014
6206 6205 0.00023792
6209 6205 0.00023792
6211 6205 0.00023792
3653 6209 0.00023792
3656 6209 0.00023792
6210 6209 0.00023792
3680 6478 0.00061039
3681 6478 0.00061039
3689 6478 0.00061039
6479 6478 0.00061039
5840 6563 0.00012206
5846 6563 0.00012206
6562 6563 0.00012206
143 6658 0.00015739
4551 6658 0.00015739
6659 6658 0.00015739
2148 6794 0.11399
6795 6794 0.11399
724 6795 0.00073392
2147 6795 0.00073392
6794 6795 0.00073392
2150 6796 0.27843
6797 6796 0.27843
2152 6823 0.0059659
6824 6823 0.0059659
6903 6904 1.0001
6906 6904 1.0001
6916 6904 1.0001
6903 6905 0.18639
6906 6905 0.18639
6916 6905 0.18639
6905 6906 0.24414
6908 6906 0.24414
6910 6906 0.24414
6905 6907 0.30666
6908 6907 0.30666
6910 6907 0.30666
6907 6908 0.11756
6914 6908 0.11756
6917 6908 0.11756
6905 6909 0.068319
6908 6909 0.068319
6910 6909 0.068319
6909 6910 0.31517
6912 6910 0.31517
7072 6910 0.31517
6911 6912 1
6913 6912 1
6915 6914 0.7554
6919 6914 0.7554
7071 6914 0.7554
6907 6915 0.0022034
6914 6915 0.0022034
6917 6915 0.0022034
6907 6916 0.94589
6914 6916 0.94589
6917 6916 0.94589
6903 6917 0.0035852
6906 6917 0.0035852
6916 6917 0.0035852
3713 6920 0.0064341
6921 6920 0.0064341
7114 6920 0.0064341
723 6921 0.12328
6920 6921 0.12328
6909 7071 0.75536
6912 7071 0.75536
7072 7071 0.75536
6915 7072 0.0022106
6919 7072 0.0022106
7071 7072 0.0022106
2146 7114 0.16164
3712 7114 0.16164
4663 7114 0.16164
7113 7114 0.16164
6796 7182 0.27843
7183 7182 0.27843
7182 7184 0.27843
7185 7184 0.27843
7184 7287 0.27843
7288 7287 0.27843
