106 105 0.00010481
3357 105 0.00010481
105 106 0.00010334
4553 106 0.00010334
547 548 0.00040612
2073 548 0.00040612
7094 548 0.00040612
723 724 0.00022751
6920 724 0.00022751
948 950 0.00049648
951 950 0.00049648
6355 950 0.00049648
950 951 0.0032564
6352 951 0.0032564
6353 951 0.0032564
6356 951 0.0032564
995 994 0.0005177
6359 994 0.0005177
6360 994 0.0005177
994 995 0.0085196
997 995 0.0085196
2076 995 0.0085196
2077 995 0.0085196
994 996 0.0010854
997 996 0.0010854
2076 996 0.0010854
2077 996 0.0010854
996 997 0.0034349
3119 997 0.0034349
4790 997 0.0034349
6237 997 0.0034349
5085 1129 0.010721
5267 1129 0.010721
1528 1530 0.18817
1531 1530 0.18817
3303 1530 0.18817
1530 1532 0.020656
1533 1532 0.020656
2850 1532 0.020656
1532 1533 0.00043875
2851 1533 0.00043875
3339 1533 0.00043875
2072 2071 0.00014377
2074 2071 0.00014377
2075 2071 0.00014377
3906 2071 0.00014377
2071 2072 0.0017983
6238 2072 0.0017983
6239 2072 0.0017983
2072 2073 0.00069997
2074 2073 0.00069997
2075 2073 0.00069997
3906 2073 0.00069997
994 2075 0.003935
997 2075 0.003935
2076 2075 0.003935
2077 2075 0.003935
2072 2076 0.00086045
2074 2076 0.00086045
2075 2076 0.00086045
3906 2076 0.00086045
2078 2077 0.011809
2358 2077 0.011809
2361 2077 0.011809
6371 2077 0.011809
994 2078 0.0030825
997 2078 0.0030825
2076 2078 0.0030825
2077 2078 0.0030825
724 2146 0.00022419
2147 2146 0.00022419
6794 2146 0.00022419
2353 2352 0.00068802
3337 2352 0.00068802
2352 2353 0.0016727
2355 2353 0.0016727
5269 2353 0.0016727
2352 2354 0.00010457
2355 2354 0.00010457
5269 2354 0.00010457
2354 2355 0.81981
2357 2355 0.81981
2356 2357 0.8319
2359 2357 0.8319
6362 2357 0.8319
7160 2357 0.8319
2356 2358 0.014255
2359 2358 0.014255
6362 2358 0.014255
7160 2358 0.014255
2078 2359 0.063145
2358 2359 0.063145
2361 2359 0.063145
6371 2359 0.063145
2078 2360 0.0048682
2358 2360 0.0048682
2361 2360 0.0048682
6371 2360 0.0048682
2360 2361 0.0038694
2363 2361 0.0038694
3120 2361 0.0038694
2360 2362 0.0010003
2363 2362 0.0010003
3120 2362 0.0010003
2362 2363 0.0036413
2365 2363 0.0036413
6395 2363 0.0036413
2362 2364 0.00047802
2365 2364 0.00047802
6395 2364 0.00047802
1530 2849 0.17559
1533 2849 0.17559
2850 2849 0.17559
600 2850 0.0076608
2849 2850 0.0076608
3344 2850 0.0076608
3345 2850 0.0076608
3054 3053 0.0016059
3685 3053 0.0016059
3053 3054 0.00017165
3682 3054 0.00017165
3683 3054 0.00017165
3107 3109 0.0043401
3110 3109 0.0043401
3309 3109 0.0043401
3310 3109 0.0043401
3109 3110 0.0017645
3112 3110 0.0017645
3313 3110 0.0017645
3314 3110 0.0017645
3109 3111 0.00097227
3112 3111 0.00097227
3313 3111 0.00097227
3314 3111 0.00097227
3111 3112 0.0023414
3114 3112 0.0023414
6382 3112 0.0023414
6383 3112 0.0023414
3111 3113 0.00088866
3114 3113 0.00088866
6382 3113 0.00088866
6383 3113 0.00088866
3113 3114 0.00090959
3116 3114 0.00090959
6106 3114 0.00090959
3113 3115 0.00034389
3116 3115 0.00034389
6106 3115 0.00034389
3115 3116 0.00022645
5959 3116 0.00022645
6404 3116 0.00022645
2360 3119 0.0042156
2363 3119 0.0042156
3120 3119 0.0042156
996 3120 0.00057584
3119 3120 0.00057584
4790 3120 0.00057584
6237 3120 0.00057584
3122 3121 0.00010432
5270 3121 0.00010432
6233 3121 0.00010432
3121 3122 0.0012991
3328 3122 0.0012991
3329 3122 0.0012991
3124 3123 0.0027969
3307 3123 0.0027969
3308 3123 0.0027969
3637 3123 0.0027969
3123 3124 0.027976
3126 3124 0.027976
3312 3124 0.027976
3123 3125 0.0023166
3126 3125 0.0023166
3312 3125 0.0023166
3125 3126 0.023551
3128 3126 0.023551
5949 3126 0.023551
3125 3127 0.00090111
3128 3127 0.00090111
5949 3127 0.00090111
3127 3128 0.018292
3130 3128 0.018292
6380 3128 0.018292
6381 3128 0.018292
3127 3129 0.00032015
3130 3129 0.00032015
6380 3129 0.00032015
6381 3129 0.00032015
3129 3130 0.0059351
3132 3130 0.0059351
6105 3130 0.0059351
6108 3130 0.0059351
3129 3131 0.00023837
3132 3131 0.00023837
6105 3131 0.00023837
6108 3131 0.00023837
3131 3132 0.0013788
3134 3132 0.0013788
6402 3132 0.0013788
6403 3132 0.0013788
3133 3134 0.00020763
5955 3134 0.00020763
6394 3134 0.00020763
3136 3135 0.0021021
3305 3135 0.0021021
3306 3135 0.0021021
3135 3136 0.0094795
5948 3136 0.0094795
5953 3136 0.0094795
3138 3137 0.18242
5832 3137 0.18242
6422 3137 0.18242
3137 3138 0.0006763
3302 3138 0.0006763
3338 3138 0.0006763
3140 3139 0.0091302
6372 3139 0.0091302
6373 3139 0.0091302
6407 3139 0.0091302
3139 3140 0.0038907
3910 3140 0.0038907
6112 3140 0.0038907
3142 3141 0.0070309
6414 3141 0.0070309
6415 3141 0.0070309
3141 3142 0.023632
3144 3142 0.023632
4787 3142 0.023632
3141 3143 0.018631
3144 3143 0.018631
4787 3143 0.018631
3143 3144 0.0054647
3146 3144 0.0054647
6374 3144 0.0054647
6375 3144 0.0054647
3143 3145 0.006627
3146 3145 0.006627
6374 3145 0.006627
6375 3145 0.006627
3145 3146 0.0032195
3148 3146 0.0032195
3911 3146 0.0032195
6109 3146 0.0032195
3145 3147 0.0022433
3148 3147 0.0022433
3911 3147 0.0022433
6109 3147 0.0022433
3147 3148 0.0010701
5951 3148 0.0010701
6398 3148 0.0010701
6399 3148 0.0010701
3137 3303 0.18817
3302 3303 0.18817
3338 3303 0.18817
3136 3304 0.005821
3305 3304 0.005821
3306 3304 0.005821
3304 3305 0.045033
6420 3305 0.045033
6421 3305 0.045033
3124 3306 0.0048519
3307 3306 0.0048519
3308 3306 0.0048519
3637 3306 0.0048519
3136 3307 0.051441
3305 3307 0.051441
3306 3307 0.051441
3107 3308 0.0017645
3110 3308 0.0017645
3309 3308 0.0017645
3310 3308 0.0017645
3124 3309 0.0043401
3307 3309 0.0043401
3308 3309 0.0043401
3637 3309 0.0043401
3109 3312 0.0051001
3112 3312 0.0051001
3313 3312 0.0051001
3314 3312 0.0051001
3123 3313 0.0011554
3126 3313 0.0011554
3312 3313 0.0011554
3320 3321 0.00028856
6977 3321 0.00028856
7096 3321 0.00028856
3321 3323 0.00040159
3322 3323 0.00040159
7097 3323 0.00040159
3323 3325 0.00055485
3324 3325 0.00055485
7103 3325 0.00055485
3325 3327 0.0005328
3326 3327 0.0005328
7099 3327 0.0005328
2353 3328 0.0017514
3337 3328 0.0017514
3333 3335 0.00013467
3336 3335 0.00013467
6225 3335 0.00013467
3137 3337 0.00076674
3302 3337 0.00076674
3338 3337 0.00076674
3343 3338 0.0071766
3639 3338 0.0071766
3962 3338 0.0071766
3340 3339 0.00043875
3342 3339 0.00043875
3960 3339 0.00043875
1532 3340 0.020656
2851 3340 0.020656
3339 3340 0.020656
3340 3341 0.020656
3342 3341 0.020656
3960 3341 0.020656
3341 3342 0.00043875
3346 3342 0.00043875
4684 3342 0.00043875
600 3343 0.0019448
2849 3343 0.0019448
3344 3343 0.0019448
3345 3343 0.0019448
3343 3344 0.80891
3639 3344 0.80891
3962 3344 0.80891
3341 3345 0.00021409
3346 3345 0.00021409
4684 3345 0.00021409
600 3346 0.97511
2849 3346 0.97511
3344 3346 0.97511
3345 3346 0.97511
3347 3348 0.99512
3354 3348 0.99512
4683 3348 0.99512
73 3350 0.99512
3348 3350 0.99512
3349 3350 0.99512
3352 3351 0.00032273
3366 3351 0.00032273
3691 3351 0.00032273
3350 3352 0.77383
3351 3352 0.77383
3363 3352 0.77383
3347 3353 0.00023357
3354 3353 0.00023357
4683 3353 0.00023357
3353 3354 0.00023372
3355 3354 0.00023372
7220 3354 0.00023372
3356 3355 0.00020718
4554 3355 0.00020718
5855 3355 0.00020718
3353 3356 0.00020718
3355 3356 0.00020718
7220 3356 0.00020718
3358 3357 0.00010481
3360 3357 0.00010481
106 3358 0.00010334
3357 3358 0.00010334
3358 3359 0.00010334
3360 3359 0.00010334
3359 3360 0.00010481
5856 3360 0.00010481
5858 3360 0.00010481
3364 3363 0.015141
3365 3363 0.015141
3367 3363 0.015141
3350 3364 0.23675
3351 3364 0.23675
3363 3364 0.23675
3352 3365 0.23388
3366 3365 0.23388
3691 3365 0.23388
3364 3366 0.021487
3365 3366 0.021487
3367 3366 0.021487
3368 3367 0.0094952
3369 3367 0.0094952
3665 3367 0.0094952
3364 3368 0.4435
3365 3368 0.4435
3367 3368 0.4435
3370 3369 0.24189
3692 3369 0.24189
3693 3369 0.24189
3368 3370 0.0050869
3369 3370 0.0050869
3665 3370 0.0050869
3638 3637 0.0081779
3640 3637 0.0081779
5268 3637 0.0081779
3124 3638 0.077371
3307 3638 0.077371
3308 3638 0.077371
3637 3638 0.077371
3638 3639 0.80854
3640 3639 0.80854
5268 3639 0.80854
3343 3640 0.00021656
3639 3640 0.00021656
3962 3640 0.00021656
3666 3665 0.0010884
3667 3665 0.0010884
5843 3665 0.0010884
3368 3666 0.6719
3369 3666 0.6719
3665 3666 0.6719
3668 3667 0.053999
3669 3667 0.053999
6478 3667 0.053999
3666 3668 0.0071825
3667 3668 0.0071825
5843 3668 0.0071825
3670 3669 0.031115
3679 3669 0.031115
5851 3669 0.031115
3668 3670 0.0081209
3669 3670 0.0081209
6478 3670 0.0081209
3672 3671 0.029559
3673 3671 0.029559
3675 3671 0.029559
3671 3672 0.00079185
5854 3672 0.00079185
3674 3673 0.040188
3696 3673 0.040188
3697 3673 0.040188
3672 3676 0.011452
3673 3676 0.011452
3675 3676 0.011452
3680 3679 0.0054386
3681 3679 0.0054386
3689 3679 0.0054386
6479 3679 0.0054386
3670 3680 0.011212
3679 3680 0.011212
5851 3680 0.011212
3053 3681 0.0072807
3682 3681 0.0072807
3683 3681 0.0072807
3680 3682 0.00059057
3681 3682 0.00059057
3689 3682 0.00059057
6479 3682 0.00059057
3684 3683 0.0058167
3686 3683 0.0058167
3687 3683 0.0058167
3053 3684 0.00056085
3682 3684 0.00056085
3683 3684 0.00056085
3684 3685 0.0016059
3686 3685 0.0016059
3687 3685 0.0016059
3054 3686 0.00017165
3685 3686 0.00017165
3688 3687 0.0066942
3714 3687 0.0066942
3715 3687 0.0066942
3676 3689 0.011452
3677 3689 0.011452
3690 3689 0.011452
3370 3691 0.00016362
3692 3691 0.00016362
3693 3691 0.00016362
3352 3692 0.56128
3366 3692 0.56128
3691 3692 0.56128
3370 3694 0.32438
3692 3694 0.32438
3693 3694 0.32438
3674 3695 0.00014804
3696 3695 0.00014804
3697 3695 0.00014804
3694 3696 0.042083
3695 3696 0.042083
6563 3696 0.042083
3642 3697 0.00014989
3698 3697 0.00014989
3716 3697 0.00014989
3674 3698 0.001958
3696 3698 0.001958
3697 3698 0.001958
3713 3714 0.0048863
6921 3714 0.0048863
7114 3714 0.0048863
3642 3715 0.001958
3698 3715 0.001958
3716 3715 0.001958
3688 3716 0.00014984
3714 3716 0.00014984
3715 3716 0.00014984
3907 3906 0.0001725
4019 3906 0.0001725
6228 3906 0.0001725
6358 3906 0.0001725
2072 3907 0.0042342
2074 3907 0.0042342
2075 3907 0.0042342
3906 3907 0.0042342
3909 3908 0.00019312
6113 3908 0.00019312
6400 3908 0.00019312
6401 3908 0.00019312
3908 3909 0.00013967
6392 3909 0.00013967
6393 3909 0.00013967
3145 3910 0.003166
3148 3910 0.003166
3911 3910 0.003166
6109 3910 0.003166
3139 3911 0.0056186
3910 3911 0.0056186
6112 3911 0.0056186
4685 3962 0.0058242
5086 3962 0.0058242
1129 3964 0.0058117
3963 3964 0.0058117
4020 4019 0.00018382
6232 4019 0.00018382
6351 4019 0.00018382
3907 4020 0.0041094
4019 4020 0.0041094
6228 4020 0.0041094
6358 4020 0.0041094
3356 4553 0.00010334
4554 4553 0.00010334
5855 4553 0.00010334
105 4554 0.00010481
4553 4554 0.00010481
4662 4663 0.004882
6739 4663 0.004882
3341 4683 0.99512
3346 4683 0.99512
4684 4683 0.99512
4788 4787 0.032482
6408 4787 0.032482
6409 4787 0.032482
3141 4788 0.0027141
3144 4788 0.0027141
4787 4788 0.0027141
996 4789 0.0002246
3119 4789 0.0002246
4790 4789 0.0002246
6237 4789 0.0002246
4789 4790 0.00032579
6240 4790 0.00032579
6365 4790 0.00032579
5087 5086 0.005839
5271 5086 0.005839
1129 5087 0.0049096
3963 5087 0.0049096
3121 5237 0.00055665
3328 5237 0.00055665
3329 5237 0.00055665
3638 5267 0.010709
3640 5267 0.010709
5268 5267 0.010709
3138 5268 0.74984
5832 5268 0.74984
6422 5268 0.74984
3122 5269 0.017307
5270 5269 0.017307
6233 5269 0.017307
2753 5270 0.0010786
3327 5270 0.0010786
5237 5270 0.0010786
3964 5271 0.00092968
6738 5271 0.00092968
3335 5822 0.00018037
5823 5822 0.00018037
5831 5822 0.00018037
6967 5822 0.00018037
5825 5831 0.00010009
5826 5831 0.00010009
5830 5831 0.00010009
2352 5832 0.83603
2355 5832 0.83603
5269 5832 0.83603
5840 5839 0.28256
5846 5839 0.28256
6562 5839 0.28256
5839 5840 0.00018978
5842 5840 0.00018978
5848 5840 0.00018978
5839 5841 0.28256
5842 5841 0.28256
5848 5841 0.28256
5841 5842 0.00018978
5844 5842 0.00018978
5850 5842 0.00018978
5841 5843 0.28256
5844 5843 0.28256
5850 5843 0.28256
3666 5844 0.00018978
3667 5844 0.00018978
5843 5844 0.00018978
5852 5851 0.029559
5853 5851 0.029559
3670 5852 0.00079185
3679 5852 0.00079185
5851 5852 0.00079185
3671 5853 0.029559
5854 5853 0.029559
5852 5854 0.00079185
5853 5854 0.00079185
3359 5855 0.00010334
5856 5855 0.00010334
5858 5855 0.00010334
3356 5856 0.00010481
4554 5856 0.00010481
5855 5856 0.00010481
3125 5948 0.002239
3128 5948 0.002239
5949 5948 0.002239
3135 5949 0.0060832
5948 5949 0.0060832
5953 5949 0.0060832
3147 5950 0.00057769
5951 5950 0.00057769
6398 5950 0.00057769
6399 5950 0.00057769
5950 5951 0.00031108
6389 5951 0.00031108
6405 5951 0.00031108
3135 5952 0.00064384
5948 5952 0.00064384
5953 5952 0.00064384
5952 5953 0.011865
6378 5953 0.011865
6379 5953 0.011865
3113 6105 0.00083185
3116 6105 0.00083185
6106 6105 0.00083185
3129 6106 0.00097022
3132 6106 0.00097022
6105 6106 0.00097022
6108 6106 0.00097022
3129 6107 0.00011228
3132 6107 0.00011228
6105 6107 0.00011228
6108 6107 0.00011228
6107 6108 0.0047252
6110 6108 0.0047252
6114 6108 0.0047252
6107 6109 0.00015057
6110 6109 0.00015057
6114 6109 0.00015057
3145 6110 0.0048375
3148 6110 0.0048375
3911 6110 0.0048375
6109 6110 0.0048375
3139 6111 0.0041751
3910 6111 0.0041751
6112 6111 0.0041751
6111 6112 0.0013882
6396 6112 0.0013882
6397 6112 0.0013882
6406 6112 0.0013882
6107 6113 0.0005717
6110 6113 0.0005717
6114 6113 0.0005717
3909 6114 0.00049766
6113 6114 0.00049766
6400 6114 0.00049766
6401 6114 0.00049766
548 6225 0.00014016
6226 6225 0.00014016
6227 6225 0.00014016
6230 6225 0.00014016
3907 6227 0.00028044
4019 6227 0.00028044
6228 6227 0.00028044
6358 6227 0.00028044
548 6228 0.00043396
6226 6228 0.00043396
6227 6228 0.00043396
6230 6228 0.00043396
548 6229 0.00019837
6226 6229 0.00019837
6227 6229 0.00019837
6230 6229 0.00019837
6229 6230 0.00012504
6979 6230 0.00012504
7063 6230 0.00012504
4020 6231 0.012302
6232 6231 0.012302
6351 6231 0.012302
6231 6233 0.015051
6234 6233 0.015051
6354 6233 0.015051
2071 6237 0.00023507
6238 6237 0.00023507
6239 6237 0.00023507
996 6238 0.0016265
3119 6238 0.0016265
4790 6238 0.0016265
6237 6238 0.0016265
4789 6239 0.00032535
6240 6239 0.00032535
6365 6239 0.00032535
950 6351 0.0086264
6352 6351 0.0086264
6353 6351 0.0086264
6356 6351 0.0086264
4020 6352 0.00027859
6232 6352 0.00027859
6351 6352 0.00027859
2354 6353 0.012168
2357 6353 0.012168
948 6354 0.0032564
951 6354 0.0032564
6355 6354 0.0032564
6231 6355 0.00049648
6234 6355 0.00049648
6354 6355 0.00049648
6357 6356 0.00047491
6361 6356 0.00047491
950 6357 0.0015355
6352 6357 0.0015355
6353 6357 0.0015355
6356 6357 0.0015355
995 6358 0.00151
6359 6358 0.00151
6360 6358 0.00151
3907 6359 0.0017996
4019 6359 0.0017996
6228 6359 0.0017996
6358 6359 0.0017996
6357 6360 0.00046157
6361 6360 0.00046157
995 6361 0.0087532
6359 6361 0.0087532
6360 6361 0.0087532
6357 6362 0.0093522
6361 6362 0.0093522
6364 6363 0.001011
6410 6363 0.001011
6411 6363 0.001011
6363 6364 0.22738
6943 6364 0.22738
7165 6364 0.22738
2364 6365 0.0004277
2367 6365 0.0004277
6366 6365 0.0004277
6367 6365 0.0004277
3140 6371 0.065991
6372 6371 0.065991
6373 6371 0.065991
6407 6371 0.065991
2078 6372 0.0073753
2358 6372 0.0073753
2361 6372 0.0073753
6371 6372 0.0073753
3143 6373 0.0068526
3146 6373 0.0068526
6374 6373 0.0068526
6375 6373 0.0068526
3140 6374 0.031075
6372 6374 0.031075
6373 6374 0.031075
6407 6374 0.031075
6376 6375 0.0017341
6377 6375 0.0017341
6417 6375 0.0017341
3143 6376 0.035716
3146 6376 0.035716
6374 6376 0.035716
6375 6376 0.035716
5952 6377 0.00063704
6378 6377 0.00063704
6379 6377 0.00063704
6376 6378 0.024982
6377 6378 0.024982
6417 6378 0.024982
3127 6379 0.0011335
3130 6379 0.0011335
6380 6379 0.0011335
6381 6379 0.0011335
5952 6380 0.014257
6378 6380 0.014257
6379 6380 0.014257
3111 6381 0.0011077
3114 6381 0.0011077
6382 6381 0.0011077
6383 6381 0.0011077
3127 6382 0.0024559
3130 6382 0.0024559
6380 6382 0.0024559
6381 6382 0.0024559
3118 6389 0.00014152
6390 6389 0.00014152
6391 6389 0.00014152
5950 6390 0.00017745
6389 6390 0.00017745
6405 6390 0.00017745
3908 6391 0.00013759
6392 6391 0.00013759
6393 6391 0.00013759
3118 6392 0.00015193
6390 6392 0.00015193
6391 6392 0.00015193
3908 6394 0.00015207
6392 6394 0.00015207
6393 6394 0.00015207
6111 6395 0.0036671
6396 6395 0.0036671
6397 6395 0.0036671
6406 6395 0.0036671
2362 6396 0.00063232
2365 6396 0.00063232
6395 6396 0.00063232
3147 6397 0.0014435
5951 6397 0.0014435
6398 6397 0.0014435
6399 6397 0.0014435
6111 6398 0.0014262
6396 6398 0.0014262
6397 6398 0.0014262
6406 6398 0.0014262
3909 6399 0.00035765
6113 6399 0.00035765
6400 6399 0.00035765
6401 6399 0.00035765
3147 6400 0.0012471
5951 6400 0.0012471
6398 6400 0.0012471
6399 6400 0.0012471
3131 6401 0.00016983
3134 6401 0.00016983
6402 6401 0.00016983
6403 6401 0.00016983
3909 6402 0.0010798
6113 6402 0.0010798
6400 6402 0.0010798
6401 6402 0.0010798
3115 6403 0.00034389
5959 6403 0.00034389
6404 6403 0.00034389
3131 6404 0.00022645
3134 6404 0.00022645
6402 6404 0.00022645
6403 6404 0.00022645
6111 6405 0.00026206
6396 6405 0.00026206
6397 6405 0.00026206
6406 6405 0.00026206
5950 6406 0.00049275
6389 6406 0.00049275
6405 6406 0.00049275
4788 6407 0.092204
6408 6407 0.092204
6409 6407 0.092204
3140 6408 0.0041262
6372 6408 0.0041262
6373 6408 0.0041262
6407 6408 0.0041262
6364 6409 0.12232
6410 6409 0.12232
6411 6409 0.12232
4788 6410 0.0044739
6408 6410 0.0044739
6409 6410 0.0044739
5834 6411 0.00016483
6412 6411 0.00016483
6413 6411 0.00016483
6364 6412 0.10868
6410 6412 0.10868
6411 6412 0.10868
3142 6413 0.00016483
6414 6413 0.00016483
6415 6413 0.00016483
5834 6414 0.10868
6412 6414 0.10868
6413 6414 0.10868
6416 6415 0.00017257
6418 6415 0.00017257
6419 6415 0.00017257
3142 6416 0.12529
6414 6416 0.12529
6415 6416 0.12529
6416 6417 0.0046478
6418 6417 0.0046478
6419 6417 0.0046478
6376 6418 0.014284
6377 6418 0.014284
6417 6418 0.014284
3304 6419 0.00064444
6420 6419 0.00064444
6421 6419 0.00064444
6416 6420 0.1354
6418 6420 0.1354
6419 6420 0.1354
3138 6421 0.016165
5832 6421 0.016165
6422 6421 0.016165
3304 6422 0.11171
6420 6422 0.11171
6421 6422 0.11171
3680 6478 0.026051
3681 6478 0.026051
3689 6478 0.026051
6479 6478 0.026051
3668 6479 0.0022282
3669 6479 0.0022282
6478 6479 0.0022282
3694 6562 0.28256
3695 6562 0.28256
6563 6562 0.28256
5840 6563 0.00018978
5846 6563 0.00018978
6562 6563 0.00018978
3964 6739 0.004882
6738 6739 0.004882
3713 6920 0.00020248
6921 6920 0.00020248
7114 6920 0.00020248
6939 6938 0.046013
7067 6938 0.046013
7163 6938 0.046013
7164 6938 0.046013
6938 6939 0.62387
6941 6939 0.62387
6949 6939 0.62387
6938 6940 0.0039429
6941 6940 0.0039429
6949 6940 0.0039429
6940 6941 1.117
6942 6941 1.117
6945 6941 1.117
6947 6941 1.117
6363 6942 1.117
6943 6942 1.117
7165 6942 1.117
6940 6943 0.0039429
6942 6943 0.0039429
6945 6943 0.0039429
6947 6943 0.0039429
6938 6948 0.53675
6941 6948 0.53675
6949 6948 0.53675
6948 6949 0.0015853
6950 6949 0.0015853
6953 6949 0.0015853
6948 6952 0.53675
6950 6952 0.53675
6953 6952 0.53675
6952 6953 0.0015853
7161 6953 0.0015853
7162 6953 0.0015853
5822 6964 0.00011147
6963 6964 0.00011147
7102 6964 0.00011147
7104 6964 0.00011147
6971 6973 0.00011833
6974 6973 0.00011833
7064 6973 0.00011833
6973 6975 0.00013831
6976 6975 0.00013831
6978 6975 0.00013831
3320 6978 0.00013166
6977 6978 0.00013166
7096 6978 0.00013166
6980 6979 0.00011454
7065 6979 0.00011454
7098 6979 0.00011454
6229 6980 0.00015447
6979 6980 0.00015447
7063 6980 0.00015447
6229 7064 0.00010008
6979 7064 0.00010008
7063 7064 0.00010008
6969 7065 0.00011337
6972 7065 0.00011337
6975 7065 0.00011337
7066 7065 0.00011337
547 7093 0.00033139
2073 7093 0.00033139
7094 7093 0.00033139
3319 7096 0.0003362
5985 7096 0.0003362
7093 7096 0.0003362
7095 7096 0.0003362
6980 7097 0.00018463
7065 7097 0.00018463
7098 7097 0.00018463
5824 7099 0.00010385
6964 7099 0.00010385
7100 7099 0.00010385
3325 7100 0.0001324
3326 7100 0.0001324
7099 7100 0.0001324
5822 7103 0.0002122
6963 7103 0.0002122
7102 7103 0.0002122
7104 7103 0.0002122
2146 7114 0.0050112
3712 7114 0.0050112
4663 7114 0.0050112
7113 7114 0.0050112
6952 7160 0.77776
7161 7160 0.77776
7162 7160 0.77776
2356 7161 0.0041256
2359 7161 0.0041256
6362 7161 0.0041256
7160 7161 0.0041256
6939 7162 0.38099
7067 7162 0.38099
7163 7162 0.38099
7164 7162 0.38099
6952 7163 0.14252
7161 7163 0.14252
7162 7163 0.14252
6363 7164 0.0027449
6943 7164 0.0027449
7165 7164 0.0027449
6939 7165 0.34213
7067 7165 0.34213
7163 7165 0.34213
7164 7165 0.34213
