106 105 0.00010497
3357 105 0.00010497
105 106 0.0001035
4553 106 0.0001035
130 129 0.00020382
1701 129 0.00020382
1704 129 0.00020382
129 130 0.00060476
1289 130 0.00060476
1290 130 0.00060476
723 724 0.00015652
6920 724 0.00015652
785 786 0.00031553
3973 786 0.00031553
3976 786 0.00031553
3977 786 0.00031553
975 1008 1
1006 1008 1
1009 1008 1
1008 1010 0.067899
1011 1010 0.067899
3957 1010 0.067899
1010 1011 0.0046637
1013 1011 0.0046637
1296 1011 0.0046637
1010 1012 0.067899
1013 1012 0.067899
1296 1012 0.067899
1012 1013 0.0046637
1015 1013 0.0046637
1706 1013 0.0046637
1012 1014 0.067437
1015 1014 0.067437
1706 1014 0.067437
1014 1015 0.0044507
1298 1015 0.0044507
3592 1015 0.0044507
5085 1129 0.0073143
5267 1129 0.0073143
1267 1269 0.00024603
1268 1269 0.00024603
1700 1269 0.00024603
131 1271 0.00024603
1269 1271 0.00024603
1270 1271 0.00024603
1273 1272 0.00020873
1276 1272 0.00020873
3172 1272 0.00020873
1272 1273 0.0011453
1275 1273 0.0011453
3170 1273 0.0011453
1271 1275 0.00024603
1274 1275 0.00024603
3169 1275 0.00024603
1277 1276 0.0011363
1278 1276 0.0011363
2869 1276 0.0011363
1273 1277 0.003584
1276 1277 0.003584
3172 1277 0.003584
1279 1278 0.0009287
1280 1278 0.0009287
3174 1278 0.0009287
1277 1279 0.043962
1278 1279 0.043962
2869 1279 0.043962
1281 1280 0.002977
1284 1280 0.002977
3178 1280 0.002977
1279 1281 0.051272
1280 1281 0.051272
3174 1281 0.051272
1282 1283 1
1285 1283 1
3954 1283 1
1282 1284 0.011182
1285 1284 0.011182
3954 1284 0.011182
1281 1285 0.051993
1284 1285 0.051993
3178 1285 0.051993
129 1288 0.00020382
1289 1288 0.00020382
1290 1288 0.00020382
1288 1289 0.00060476
1699 1289 0.00060476
1702 1289 0.00060476
1293 1292 0.0029128
1294 1292 0.0029128
1705 1292 0.0029128
1292 1293 0.0026637
1703 1293 0.0026637
3183 1293 0.0026637
1299 1298 0.012231
3955 1298 0.012231
3956 1298 0.012231
1014 1299 0.034655
1298 1299 0.034655
3592 1299 0.034655
1528 1530 0.016205
1531 1530 0.016205
3303 1530 0.016205
1530 1532 0.010256
1533 1532 0.010256
2850 1532 0.010256
1532 1533 0.00044408
2851 1533 0.00044408
3339 1533 0.00044408
1288 1700 0.00024603
1699 1700 0.00024603
1702 1700 0.00024603
1288 1701 0.0001892
1699 1701 0.0001892
1702 1701 0.0001892
130 1702 0.00081608
1701 1702 0.00081608
1704 1702 0.00081608
130 1703 0.00070321
1701 1703 0.00070321
1704 1703 0.00070321
1292 1704 0.00092914
1703 1704 0.00092914
3183 1704 0.00092914
1012 1705 0.0029128
1015 1705 0.0029128
1706 1705 0.0029128
1293 1706 0.0026637
1294 1706 0.0026637
1705 1706 0.0026637
1283 1707 1
1708 1707 1
4653 1707 1
1709 1711 0.0092391
1712 1711 0.0092391
3179 1711 0.0092391
1711 1712 0.001755
1714 1712 0.001755
3175 1712 0.001755
1711 1713 0.0030391
1714 1713 0.0030391
3175 1713 0.0030391
1713 1714 0.00081739
3173 1714 0.00081739
3177 1714 0.00081739
724 2146 0.00015424
2147 2146 0.00015424
6794 2146 0.00015424
786 2263 0.00031642
2261 2263 0.00031642
2264 2263 0.00031642
3989 2263 0.00031642
2263 2265 0.00031662
2266 2265 0.00031662
3959 2265 0.00031662
2265 2267 0.00033812
2268 2267 0.00033812
3975 2267 0.00033812
2267 2268 0.00033792
4652 2268 0.00033792
2353 2352 0.00015178
3337 2352 0.00015178
1530 2849 0.015527
1533 2849 0.015527
2850 2849 0.015527
600 2850 0.0091554
2849 2850 0.0091554
3344 2850 0.0091554
3345 2850 0.0091554
2870 2869 0.041066
3181 2869 0.041066
3593 2869 0.041066
1277 2870 0.00048064
1278 2870 0.00048064
2869 2870 0.00048064
3054 3053 0.0013501
3685 3053 0.0013501
3053 3054 0.0001664
3682 3054 0.0001664
3683 3054 0.0001664
3107 3109 0.00012736
3110 3109 0.00012736
3309 3109 0.00012736
3310 3109 0.00012736
3124 3123 0.00013504
3307 3123 0.00013504
3308 3123 0.00013504
3637 3123 0.00013504
3123 3124 0.00016523
3126 3124 0.00016523
3312 3124 0.00016523
3123 3125 0.00011001
3126 3125 0.00011001
3312 3125 0.00011001
3138 3137 0.00015043
5832 3137 0.00015043
6422 3137 0.00015043
3137 3138 0.0016607
3302 3138 0.0016607
3338 3138 0.0016607
1717 3170 0.00090778
3171 3170 0.00090778
3176 3170 0.00090778
1272 3171 0.0001971
1275 3171 0.0001971
3170 3171 0.0001971
1713 3172 0.0024866
3173 3172 0.0024866
3177 3172 0.0024866
1273 3173 0.00097556
1276 3173 0.00097556
3172 3173 0.00097556
1711 3174 0.0082312
1714 3174 0.0082312
3175 3174 0.0082312
1279 3175 0.0029688
1280 3175 0.0029688
3174 3175 0.0029688
1713 3176 0.00090778
3173 3176 0.00090778
3177 3176 0.00090778
1717 3177 0.0001971
3171 3177 0.0001971
3176 3177 0.0001971
1709 3178 0.001755
1712 3178 0.001755
3179 3178 0.001755
1281 3179 0.0092391
1284 3179 0.0092391
3178 3179 0.0092391
1292 3182 0.0033309
1703 3182 0.0033309
3183 3182 0.0033309
3182 3183 0.0033077
3591 3183 0.0033077
3594 3183 0.0033077
3137 3303 0.016205
3302 3303 0.016205
3338 3303 0.016205
3136 3304 0.00032671
3305 3304 0.00032671
3306 3304 0.00032671
3304 3305 0.00010251
6420 3305 0.00010251
6421 3305 0.00010251
3124 3306 0.00032839
3307 3306 0.00032839
3308 3306 0.00032839
3637 3306 0.00032839
3136 3307 0.00018166
3305 3307 0.00018166
3306 3307 0.00018166
3124 3309 0.00012736
3307 3309 0.00012736
3308 3309 0.00012736
3637 3309 0.00012736
3109 3312 0.0001167
3112 3312 0.0001167
3313 3312 0.0001167
3314 3312 0.0001167
3137 3337 0.00016914
3302 3337 0.00016914
3338 3337 0.00016914
3343 3338 0.017863
3639 3338 0.017863
3962 3338 0.017863
3340 3339 0.00044408
3342 3339 0.00044408
3960 3339 0.00044408
1532 3340 0.010256
2851 3340 0.010256
3339 3340 0.010256
3340 3341 0.010256
3342 3341 0.010256
3960 3341 0.010256
3341 3342 0.00044408
3346 3342 0.00044408
4684 3342 0.00044408
600 3343 0.00018403
2849 3343 0.00018403
3344 3343 0.00018403
3345 3343 0.00018403
3343 3344 0.98067
3639 3344 0.98067
3962 3344 0.98067
3341 3345 0.00010638
3346 3345 0.00010638
4684 3345 0.00010638
600 3346 0.98696
2849 3346 0.98696
3344 3346 0.98696
3345 3346 0.98696
3347 3348 0.99667
3354 3348 0.99667
4683 3348 0.99667
73 3350 0.99667
3348 3350 0.99667
3349 3350 0.99667
3352 3351 0.0003229
3366 3351 0.0003229
3691 3351 0.0003229
3350 3352 0.77504
3351 3352 0.77504
3363 3352 0.77504
3347 3353 0.00023393
3354 3353 0.00023393
4683 3353 0.00023393
3353 3354 0.00023383
3355 3354 0.00023383
7220 3354 0.00023383
3356 3355 0.0002075
4554 3355 0.0002075
5855 3355 0.0002075
3353 3356 0.0002075
3355 3356 0.0002075
7220 3356 0.0002075
3358 3357 0.00010497
3360 3357 0.00010497
106 3358 0.0001035
3357 3358 0.0001035
3358 3359 0.0001035
3360 3359 0.0001035
3359 3360 0.00010497
5856 3360 0.00010497
5858 3360 0.00010497
3364 3363 0.015164
3365 3363 0.015164
3367 3363 0.015164
3350 3364 0.23712
3351 3364 0.23712
3363 3364 0.23712
3352 3365 0.23425
3366 3365 0.23425
3691 3365 0.23425
3364 3366 0.021519
3365 3366 0.021519
3367 3366 0.021519
3368 3367 0.009508
3369 3367 0.009508
3665 3367 0.009508
3364 3368 0.44419
3365 3368 0.44419
3367 3368 0.44419
3370 3369 0.24226
3692 3369 0.24226
3693 3369 0.24226
3368 3370 0.0050915
3369 3370 0.0050915
3665 3370 0.0050915
1014 3591 0.041766
1298 3591 0.041766
3592 3591 0.041766
3182 3592 0.0012038
3591 3592 0.0012038
3594 3592 0.0012038
3182 3593 0.041066
3591 3593 0.041066
3594 3593 0.041066
2870 3594 0.00048064
3181 3594 0.00048064
3593 3594 0.00048064
3638 3637 0.00057562
3640 3637 0.00057562
5268 3637 0.00057562
3124 3638 0.00034878
3307 3638 0.00034878
3308 3638 0.00034878
3637 3638 0.00034878
3638 3639 0.002212
3640 3639 0.002212
5268 3639 0.002212
3343 3640 0.00081564
3639 3640 0.00081564
3962 3640 0.00081564
3666 3665 0.0010851
3667 3665 0.0010851
5843 3665 0.0010851
3368 3666 0.67294
3369 3666 0.67294
3665 3666 0.67294
3668 3667 0.052556
3669 3667 0.052556
6478 3667 0.052556
3666 3668 0.0071936
3667 3668 0.0071936
5843 3668 0.0071936
3670 3669 0.030866
3679 3669 0.030866
5851 3669 0.030866
3668 3670 0.0079757
3669 3670 0.0079757
6478 3670 0.0079757
3672 3671 0.029586
3673 3671 0.029586
3675 3671 0.029586
3671 3672 0.00076633
5854 3672 0.00076633
3674 3673 0.040233
3696 3673 0.040233
3697 3673 0.040233
3672 3676 0.01144
3673 3676 0.01144
3675 3676 0.01144
3680 3679 0.0051483
3681 3679 0.0051483
3689 3679 0.0051483
6479 3679 0.0051483
3670 3680 0.011078
3679 3680 0.011078
5851 3680 0.011078
3053 3681 0.0057768
3682 3681 0.0057768
3683 3681 0.0057768
3680 3682 0.00058854
3681 3682 0.00058854
3689 3682 0.00058854
6479 3682 0.00058854
3684 3683 0.0045448
3686 3683 0.0045448
3687 3683 0.0045448
3053 3684 0.00054017
3682 3684 0.00054017
3683 3684 0.00054017
3684 3685 0.0013501
3686 3685 0.0013501
3687 3685 0.0013501
3054 3686 0.0001664
3685 3686 0.0001664
3688 3687 0.0051922
3714 3687 0.0051922
3715 3687 0.0051922
3676 3689 0.01144
3677 3689 0.01144
3690 3689 0.01144
3370 3691 0.00016223
3692 3691 0.00016223
3693 3691 0.00016223
3352 3692 0.56215
3366 3692 0.56215
3691 3692 0.56215
3370 3694 0.32488
3692 3694 0.32488
3693 3694 0.32488
3674 3695 0.0001158
3696 3695 0.0001158
3697 3695 0.0001158
3694 3696 0.042147
3695 3696 0.042147
6563 3696 0.042147
3642 3697 0.00010314
3698 3697 0.00010314
3716 3697 0.00010314
3674 3698 0.0019606
3696 3698 0.0019606
3697 3698 0.0019606
3713 3714 0.0033352
6921 3714 0.0033352
7114 3714 0.0033352
3642 3715 0.0019605
3698 3715 0.0019605
3716 3715 0.0019605
3688 3716 0.00010309
3714 3716 0.00010309
3715 3716 0.00010309
1299 3954 0.95919
3955 3954 0.95919
3956 3954 0.95919
1008 3956 0.93678
1011 3956 0.93678
3957 3956 0.93678
4685 3962 0.99695
5086 3962 0.99695
1129 3964 0.003965
3963 3964 0.003965
2265 3976 0.00031553
2268 3976 0.00031553
3975 3976 0.00031553
3356 4553 0.0001035
4554 4553 0.0001035
5855 4553 0.0001035
105 4554 0.00010497
4553 4554 0.00010497
1283 4652 0.00033792
1708 4652 0.00033792
4653 4652 0.00033792
2267 4653 0.00033812
4652 4653 0.00033812
4662 4663 0.0033307
6739 4663 0.0033307
3341 4683 0.99667
3346 4683 0.99667
4684 4683 0.99667
6742 4685 1
4685 5085 0.0070316
5086 5085 0.0070316
5087 5086 0.0039836
5271 5086 0.0039836
1129 5087 0.0033496
3963 5087 0.0033496
3638 5267 0.00028839
3640 5267 0.00028839
5268 5267 0.00028839
3138 5268 0.0019116
5832 5268 0.0019116
6422 5268 0.0019116
3964 5271 0.00063427
6738 5271 0.00063427
2352 5832 0.00017033
2355 5832 0.00017033
5269 5832 0.00017033
5840 5839 0.28298
5846 5839 0.28298
6562 5839 0.28298
5839 5840 0.00018911
5842 5840 0.00018911
5848 5840 0.00018911
5839 5841 0.28298
5842 5841 0.28298
5848 5841 0.28298
5841 5842 0.00018911
5844 5842 0.00018911
5850 5842 0.00018911
5841 5843 0.28298
5844 5843 0.28298
5850 5843 0.28298
3666 5844 0.00018911
3667 5844 0.00018911
5843 5844 0.00018911
5852 5851 0.029586
5853 5851 0.029586
3670 5852 0.00076633
3679 5852 0.00076633
5851 5852 0.00076633
3671 5853 0.029586
5854 5853 0.029586
5852 5854 0.00076633
5853 5854 0.00076633
3359 5855 0.0001035
5856 5855 0.0001035
5858 5855 0.0001035
3356 5856 0.00010497
4554 5856 0.00010497
5855 5856 0.00010497
3138 6421 0.00010412
5832 6421 0.00010412
6422 6421 0.00010412
3304 6422 0.0003351
6420 6422 0.0003351
6421 6422 0.0003351
3680 6478 0.024702
3681 6478 0.024702
3689 6478 0.024702
6479 6478 0.024702
3668 6479 0.0022296
3669 6479 0.0022296
6478 6479 0.0022296
3694 6562 0.28298
3695 6562 0.28298
6563 6562 0.28298
5840 6563 0.00018911
5846 6563 0.00018911
6562 6563 0.00018911
3964 6739 0.0033307
6738 6739 0.0033307
1707 6742 1
4655 6742 1
3713 6920 0.00013943
6921 6920 0.00013943
7114 6920 0.00013943
2146 7114 0.0034204
3712 7114 0.0034204
4663 7114 0.0034204
7113 7114 0.0034204
