106 105 0.00010532
3357 105 0.00010532
105 106 0.00010384
4553 106 0.00010384
1528 1530 0.0060183
1531 1530 0.0060183
3303 1530 0.0060183
1530 1532 0.0096702
1533 1532 0.0096702
2850 1532 0.0096702
1532 1533 0.00044583
2851 1533 0.00044583
3339 1533 0.00044583
1530 2849 0.0060465
1533 2849 0.0060465
2850 2849 0.0060465
600 2850 0.0092741
2849 2850 0.0092741
3344 2850 0.0092741
3345 2850 0.0092741
3054 3053 0.00080173
3685 3053 0.00080173
3053 3054 0.00015516
3682 3054 0.00015516
3683 3054 0.00015516
3137 3138 0.00063415
3302 3138 0.00063415
3338 3138 0.00063415
3137 3303 0.0060183
3302 3303 0.0060183
3338 3303 0.0060183
3343 3338 0.0066808
3639 3338 0.0066808
3962 3338 0.0066808
3340 3339 0.00044583
3342 3339 0.00044583
3960 3339 0.00044583
1532 3340 0.0096702
2851 3340 0.0096702
3339 3340 0.0096702
3340 3341 0.0096702
3342 3341 0.0096702
3960 3341 0.0096702
3341 3342 0.00044584
3346 3342 0.00044584
4684 3342 0.00044584
3343 3344 0.99408
3639 3344 0.99408
3962 3344 0.99408
3341 3345 0.00010032
3346 3345 0.00010032
4684 3345 0.00010032
600 3346 0.99087
2849 3346 0.99087
3344 3346 0.99087
3345 3346 0.99087
3347 3348 0.99999
3354 3348 0.99999
4683 3348 0.99999
73 3350 0.99999
3348 3350 0.99999
3349 3350 0.99999
3352 3351 0.00032327
3366 3351 0.00032327
3691 3351 0.00032327
3350 3352 0.77762
3351 3352 0.77762
3363 3352 0.77762
3347 3353 0.00023471
3354 3353 0.00023471
4683 3353 0.00023471
3353 3354 0.0002342
3355 3354 0.0002342
7220 3354 0.0002342
3356 3355 0.00020819
4554 3355 0.00020819
5855 3355 0.00020819
3353 3356 0.00020819
3355 3356 0.00020819
7220 3356 0.00020819
3358 3357 0.00010532
3360 3357 0.00010532
106 3358 0.00010384
3357 3358 0.00010384
3358 3359 0.00010384
3360 3359 0.00010384
3359 3360 0.00010532
5856 3360 0.00010532
5858 3360 0.00010532
3364 3363 0.015214
3365 3363 0.015214
3367 3363 0.015214
3350 3364 0.23791
3351 3364 0.23791
3363 3364 0.23791
3352 3365 0.23502
3366 3365 0.23502
3691 3365 0.23502
3364 3366 0.021588
3365 3366 0.021588
3367 3366 0.021588
3368 3367 0.0095355
3369 3367 0.0095355
3665 3367 0.0095355
3364 3368 0.44567
3365 3368 0.44567
3367 3368 0.44567
3370 3369 0.24306
3692 3369 0.24306
3693 3369 0.24306
3368 3370 0.0051014
3369 3370 0.0051014
3665 3370 0.0051014
3638 3639 1.0007
3640 3639 1.0007
5268 3639 1.0007
3666 3665 0.0010779
3667 3665 0.0010779
5843 3665 0.0010779
3368 3666 0.67517
3369 3666 0.67517
3665 3666 0.67517
3668 3667 0.049461
3669 3667 0.049461
6478 3667 0.049461
3666 3668 0.0072172
3667 3668 0.0072172
5843 3668 0.0072172
3670 3669 0.030331
3679 3669 0.030331
5851 3669 0.030331
3668 3670 0.0076644
3669 3670 0.0076644
6478 3670 0.0076644
3672 3671 0.029644
3673 3671 0.029644
3675 3671 0.029644
3671 3672 0.00071164
5854 3672 0.00071164
3674 3673 0.040329
3696 3673 0.040329
3697 3673 0.040329
3672 3676 0.011414
3673 3676 0.011414
3675 3676 0.011414
3680 3679 0.004526
3681 3679 0.004526
3689 3679 0.004526
6479 3679 0.004526
3670 3680 0.010792
3679 3680 0.010792
5851 3680 0.010792
3053 3681 0.0025532
3682 3681 0.0025532
3683 3681 0.0025532
3680 3682 0.00058418
3681 3682 0.00058418
3689 3682 0.00058418
6479 3682 0.00058418
3684 3683 0.0018183
3686 3683 0.0018183
3687 3683 0.0018183
3053 3684 0.00049584
3682 3684 0.00049584
3683 3684 0.00049584
3684 3685 0.00080173
3686 3685 0.00080173
3687 3685 0.00080173
3054 3686 0.00015516
3685 3686 0.00015516
3688 3687 0.0019726
3714 3687 0.0019726
3715 3687 0.0019726
3676 3689 0.011414
3677 3689 0.011414
3690 3689 0.011414
3370 3691 0.00015925
3692 3691 0.00015925
3693 3691 0.00015925
3352 3692 0.56402
3366 3692 0.56402
3691 3692 0.56402
3370 3694 0.32595
3692 3694 0.32595
3693 3694 0.32595
3694 3696 0.042285
3695 3696 0.042285
6563 3696 0.042285
3674 3698 0.001966
3696 3698 0.001966
3697 3698 0.001966
3642 3715 0.001966
3698 3715 0.001966
3716 3715 0.001966
3356 4553 0.00010384
4554 4553 0.00010384
5855 4553 0.00010384
105 4554 0.00010532
4553 4554 0.00010532
3341 4683 0.99999
3346 4683 0.99999
4684 4683 0.99999
3138 5268 0.0006526
5832 5268 0.0006526
6422 5268 0.0006526
5840 5839 0.28386
5846 5839 0.28386
6562 5839 0.28386
5839 5840 0.00018767
5842 5840 0.00018767
5848 5840 0.00018767
5839 5841 0.28386
5842 5841 0.28386
5848 5841 0.28386
5841 5842 0.00018767
5844 5842 0.00018767
5850 5842 0.00018767
5841 5843 0.28386
5844 5843 0.28386
5850 5843 0.28386
3666 5844 0.00018767
3667 5844 0.00018767
5843 5844 0.00018767
5852 5851 0.029644
5853 5851 0.029644
3670 5852 0.00071164
3679 5852 0.00071164
5851 5852 0.00071164
3671 5853 0.029644
5854 5853 0.029644
5852 5854 0.00071164
5853 5854 0.00071164
3359 5855 0.00010384
5856 5855 0.00010384
5858 5855 0.00010384
3356 5856 0.00010532
4554 5856 0.00010532
5855 5856 0.00010532
3680 6478 0.02181
3681 6478 0.02181
3689 6478 0.02181
6479 6478 0.02181
3668 6479 0.0022327
3669 6479 0.0022327
6478 6479 0.0022327
3694 6562 0.28386
3695 6562 0.28386
6563 6562 0.28386
5840 6563 0.00018767
5846 6563 0.00018767
6562 6563 0.00018767
