86 85 0.019348
89 85 0.019348
6576 85 0.019348
85 86 0.0091475
3724 86 0.0091475
3725 86 0.0091475
88 87 0.013121
90 87 0.013121
773 87 0.013121
6568 87 0.013121
87 88 0.0020661
3728 88 0.0020661
3729 88 0.0020661
88 89 0.0092464
90 89 0.0092464
773 89 0.0092464
6568 89 0.0092464
86 90 0.0019618
89 90 0.0019618
6576 90 0.0019618
92 91 0.0072014
4557 91 0.0072014
6569 91 0.0072014
91 92 0.0014081
3732 92 0.0014081
3733 92 0.0014081
98 97 0.00076719
3704 97 0.00076719
3705 97 0.00076719
97 98 0.0010564
412 98 0.0010564
6566 98 0.0010564
100 99 0.001141
102 99 0.001141
4555 99 0.001141
99 100 0.0018326
366 100 0.0018326
3737 100 0.0018326
100 101 0.00049625
102 101 0.00049625
4555 101 0.00049625
101 102 0.00076225
367 102 0.00076225
3738 102 0.00076225
106 105 0.00013895
3357 105 0.00013895
105 106 0.000137
4553 106 0.000137
108 107 0.00023544
396 107 0.00023544
397 107 0.00023544
107 108 0.0034989
390 108 0.0034989
391 108 0.0034989
110 109 0.00044122
5717 109 0.00044122
6560 109 0.00044122
109 110 0.00028803
782 110 0.00028803
784 110 0.00028803
112 111 0.0089596
424 111 0.0089596
425 111 0.0089596
6552 111 0.0089596
111 112 0.054907
387 112 0.054907
394 112 0.054907
114 113 0.014034
422 113 0.014034
423 113 0.014034
6550 113 0.014034
113 114 0.065711
384 114 0.065711
385 114 0.065711
116 115 0.025143
420 115 0.025143
421 115 0.025143
1584 115 0.025143
115 116 0.052066
382 116 0.052066
383 116 0.052066
134 133 0.001957
3708 133 0.001957
3709 133 0.001957
133 134 0.0010898
3052 134 0.0010898
99 365 0.0014177
366 365 0.0014177
3737 365 0.0014177
365 366 0.00256
3722 366 0.00256
3723 366 0.00256
368 367 0.00020996
371 367 0.00020996
376 367 0.00020996
101 368 0.00039459
367 368 0.00039459
3738 368 0.00039459
370 369 0.00019017
372 369 0.00019017
368 372 0.00019017
371 372 0.00019017
376 372 0.00019017
369 373 0.00047766
374 373 0.00047766
375 373 0.00047766
373 374 0.00029302
3730 374 0.00029302
3731 374 0.00029302
368 375 0.00031409
371 375 0.00031409
376 375 0.00031409
369 376 0.00026453
374 376 0.00026453
375 376 0.00026453
377 378 0.0086505
399 378 0.0086505
378 380 0.0086505
379 380 0.0086505
115 381 0.00092253
382 381 0.00092253
383 381 0.00092253
381 382 0.1669
400 382 0.1669
401 382 0.1669
413 382 0.1669
113 383 0.0010312
384 383 0.0010312
385 383 0.0010312
115 384 0.14009
382 384 0.14009
383 384 0.14009
380 385 0.0028564
386 385 0.0028564
393 385 0.0028564
113 386 0.090234
384 386 0.090234
385 386 0.090234
388 387 0.00034541
389 387 0.00034541
3717 387 0.00034541
6554 387 0.00034541
111 388 0.050355
387 388 0.050355
394 388 0.050355
107 389 0.00018302
390 389 0.00018302
391 389 0.00018302
388 390 0.0046397
389 390 0.0046397
3717 390 0.0046397
6554 390 0.0046397
107 392 0.0012505
390 392 0.0012505
391 392 0.0012505
111 393 0.00048277
387 393 0.00048277
394 393 0.00048277
380 394 0.09644
386 394 0.09644
393 394 0.09644
392 396 0.0012505
395 396 0.0012505
998 396 0.0012505
398 397 0.0001623
3718 397 0.0001623
3719 397 0.0001623
108 398 0.004619
396 398 0.004619
397 398 0.004619
381 399 0.0086505
400 399 0.0086505
401 399 0.0086505
413 399 0.0086505
402 401 0.038276
403 401 0.038276
418 401 0.038276
419 401 0.038276
381 402 0.042118
400 402 0.042118
401 402 0.042118
413 402 0.042118
404 403 0.026476
405 403 0.026476
6570 403 0.026476
6573 403 0.026476
402 404 0.0087383
403 404 0.0087383
418 404 0.0087383
419 404 0.0087383
97 411 0.00076719
412 411 0.00076719
6566 411 0.00076719
411 412 0.0010564
3734 412 0.0010564
3735 412 0.0010564
414 413 0.17939
415 413 0.17939
417 413 0.17939
381 414 0.00099485
400 414 0.00099485
401 414 0.00099485
413 414 0.00099485
416 415 0.92907
3096 415 0.92907
7148 415 0.92907
402 417 0.0049983
403 417 0.0049983
418 417 0.0049983
419 417 0.0049983
414 418 0.75558
415 418 0.75558
417 418 0.75558
116 419 0.0052258
420 419 0.0052258
421 419 0.0052258
1584 419 0.0052258
402 420 0.77738
403 420 0.77738
418 420 0.77738
419 420 0.77738
114 421 0.0042384
422 421 0.0042384
423 421 0.0042384
6550 421 0.0042384
116 422 0.80696
420 422 0.80696
421 422 0.80696
1584 422 0.80696
112 423 0.0032545
424 423 0.0032545
425 423 0.0032545
6552 423 0.0032545
114 424 0.86684
422 424 0.86684
423 424 0.86684
6550 424 0.86684
426 425 0.0012258
3720 425 0.0012258
3721 425 0.0012258
4661 425 0.0012258
112 426 0.9084
424 426 0.9084
425 426 0.9084
6552 426 0.9084
554 553 0.00064307
1525 553 0.00064307
2824 553 0.00064307
553 554 0.00044065
3702 554 0.00044065
3703 554 0.00044065
5260 723 0.00020961
723 724 0.0011382
6920 724 0.0011382
774 773 0.019216
775 773 0.019216
88 774 0.00063285
90 774 0.00063285
773 774 0.00063285
6568 774 0.00063285
776 775 0.019216
6574 775 0.019216
774 776 0.00063285
775 776 0.00063285
109 781 0.00044122
782 781 0.00044122
784 781 0.00044122
781 782 0.00028803
3700 782 0.00028803
3701 782 0.00028803
432 1127 0.00010319
5692 1127 0.00010319
1521 1520 0.00020775
6558 1520 0.00020775
6561 1520 0.00020775
1520 1521 0.00011412
1523 1521 0.00011412
2825 1521 0.00011412
554 1524 0.00035576
1525 1524 0.00035576
2824 1524 0.00035576
1524 1525 0.00043606
1968 1525 0.00043606
2820 1525 0.00043606
1566 1568 0.00020216
1569 1568 0.00020216
5716 1568 0.00020216
1568 1569 0.00044898
1571 1569 0.00044898
3699 1569 0.00044898
1570 1571 0.015721
1573 1571 0.015721
3092 1571 0.015721
1572 1573 0.01583
7223 1573 0.01583
1574 1575 0.01583
1577 1575 0.01583
6571 1575 0.01583
1574 1576 0.0024434
1577 1576 0.0024434
6571 1576 0.0024434
1576 1577 0.073526
7149 1577 0.073526
1578 1580 0.001011
1581 1580 0.001011
4558 1580 0.001011
1580 1581 0.0065607
1583 1581 0.0065607
6572 1581 0.0065607
6575 1581 0.0065607
1580 1582 0.02018
1583 1582 0.02018
6572 1582 0.02018
6575 1582 0.02018
1582 1583 0.0067973
1585 1583 0.0067973
4524 1583 0.0067973
1582 1584 0.022908
1585 1584 0.022908
4524 1584 0.022908
116 1585 0.019271
420 1585 0.019271
421 1585 0.019271
1584 1585 0.019271
1524 1967 0.00033898
1968 1967 0.00033898
2820 1967 0.00033898
1527 1968 0.00042971
1967 1968 0.00042971
2822 1968 0.00042971
1972 1971 0.00045475
3706 1971 0.00045475
3707 1971 0.00045475
3736 1971 0.00045475
1969 1972 0.00034596
1971 1972 0.00034596
2823 1972 0.00034596
724 2146 0.0011216
2147 2146 0.0011216
6794 2146 0.0011216
2146 2147 0.00019301
3712 2147 0.00019301
4663 2147 0.00019301
7113 2147 0.00019301
2148 2149 0.00020961
6795 2149 0.00020961
1969 2822 0.00045475
1971 2822 0.00045475
2823 2822 0.00045475
1527 2823 0.00034596
1967 2823 0.00034596
2822 2823 0.00034596
1520 2824 0.00024279
1523 2824 0.00024279
2825 2824 0.00024279
554 2825 0.00012067
1525 2825 0.00012067
2824 2825 0.00012067
133 3051 0.001957
3052 3051 0.001957
3051 3052 0.0010898
3710 3052 0.0010898
3711 3052 0.0010898
3054 3053 0.0051467
3685 3053 0.0051467
3053 3054 0.00024425
3682 3054 0.00024425
3683 3054 0.00024425
1570 3091 0.00011357
1573 3091 0.00011357
3092 3091 0.00011357
1127 3096 1.0001
3095 3096 1.0001
3098 3096 1.0001
3347 3348 0.97365
3354 3348 0.97365
4683 3348 0.97365
73 3350 0.97365
3348 3350 0.97365
3349 3350 0.97365
3352 3351 0.00032038
3366 3351 0.00032038
3691 3351 0.00032038
3350 3352 0.75715
3351 3352 0.75715
3363 3352 0.75715
3353 3354 0.97362
3355 3354 0.97362
7220 3354 0.97362
3356 3355 0.00027466
4554 3355 0.00027466
5855 3355 0.00027466
3353 3356 0.00027466
3355 3356 0.00027466
7220 3356 0.00027466
3358 3357 0.00013895
3360 3357 0.00013895
106 3358 0.000137
3357 3358 0.000137
3358 3359 0.000137
3360 3359 0.000137
3359 3360 0.00013895
5856 3360 0.00013895
5858 3360 0.00013895
3364 3363 0.014823
3365 3363 0.014823
3367 3363 0.014823
3350 3364 0.23165
3351 3364 0.23165
3363 3364 0.23165
3352 3365 0.22886
3366 3365 0.22886
3691 3365 0.22886
3364 3366 0.021045
3365 3366 0.021045
3367 3366 0.021045
3368 3367 0.0093178
3369 3367 0.0093178
3665 3367 0.0093178
3364 3368 0.43395
3365 3368 0.43395
3367 3368 0.43395
3370 3369 0.23676
3692 3369 0.23676
3693 3369 0.23676
3368 3370 0.005023
3369 3370 0.005023
3665 3370 0.005023
3666 3665 0.0011348
3667 3665 0.0011348
5843 3665 0.0011348
3368 3666 0.65751
3369 3666 0.65751
3665 3666 0.65751
3668 3667 0.073981
3669 3667 0.073981
6478 3667 0.073981
3666 3668 0.0070299
3667 3668 0.0070299
5843 3668 0.0070299
3670 3669 0.034566
3679 3669 0.034566
5851 3669 0.034566
3668 3670 0.010131
3669 3670 0.010131
6478 3670 0.010131
3672 3671 0.029183
3673 3671 0.029183
3675 3671 0.029183
3671 3672 0.001145
5854 3672 0.001145
3674 3673 0.03957
3696 3673 0.03957
3697 3673 0.03957
3676 3675 0.00018291
3677 3675 0.00018291
3690 3675 0.00018291
3672 3676 0.011619
3673 3676 0.011619
3675 3676 0.011619
3680 3679 0.0094568
3681 3679 0.0094568
3689 3679 0.0094568
6479 3679 0.0094568
3670 3680 0.013059
3679 3680 0.013059
5851 3680 0.013059
3053 3681 0.028096
3682 3681 0.028096
3683 3681 0.028096
3680 3682 0.00061868
3681 3682 0.00061868
3689 3682 0.00061868
6479 3682 0.00061868
3684 3683 0.023422
3686 3683 0.023422
3687 3683 0.023422
3053 3684 0.00084708
3682 3684 0.00084708
3683 3684 0.00084708
3684 3685 0.0051467
3686 3685 0.0051467
3687 3685 0.0051467
3054 3686 0.00024425
3685 3686 0.00024425
3688 3687 0.027483
3714 3687 0.027483
3715 3687 0.027483
3676 3689 0.011619
3677 3689 0.011619
3690 3689 0.011619
3680 3690 0.00018291
3681 3690 0.00018291
3689 3690 0.00018291
6479 3690 0.00018291
3370 3691 0.00018284
3692 3691 0.00018284
3693 3691 0.00018284
3352 3692 0.5492
3366 3692 0.5492
3691 3692 0.5492
3694 3693 0.00015914
3695 3693 0.00015914
6563 3693 0.00015914
3370 3694 0.31744
3692 3694 0.31744
3693 3694 0.31744
3674 3695 0.00059421
3696 3695 0.00059421
3697 3695 0.00059421
3694 3696 0.041193
3695 3696 0.041193
6563 3696 0.041193
3642 3697 0.00079687
3698 3697 0.00079687
3716 3697 0.00079687
3674 3698 0.0019226
3696 3698 0.0019226
3697 3698 0.0019226
1568 3700 0.015474
1571 3700 0.015474
3699 3700 0.015474
781 3702 0.015631
3700 3702 0.015631
3701 3702 0.015631
553 3704 0.015861
3702 3704 0.015861
3703 3704 0.015861
1972 3705 0.00049614
3706 3705 0.00049614
3707 3705 0.00049614
3736 3705 0.00049614
98 3706 0.016614
3704 3706 0.016614
3705 3706 0.016614
1972 3708 0.026342
3706 3708 0.026342
3707 3708 0.026342
3736 3708 0.026342
134 3710 0.02547
3708 3710 0.02547
3709 3710 0.02547
3051 3712 0.026333
3710 3712 0.026333
3711 3712 0.026333
3713 3714 0.026356
6921 3714 0.026356
7114 3714 0.026356
3642 3715 0.0019225
3698 3715 0.0019225
3716 3715 0.0019225
3688 3716 0.00079683
3714 3716 0.00079683
3715 3716 0.00079683
398 3717 0.00083386
3718 3717 0.00083386
3719 3717 0.00083386
388 3718 0.046387
389 3718 0.046387
3717 3718 0.046387
6554 3718 0.046387
426 3719 0.00075997
3720 3719 0.00075997
3721 3719 0.00075997
4661 3719 0.00075997
398 3720 0.05077
3718 3720 0.05077
3719 3720 0.05077
365 3721 0.028546
3722 3721 0.028546
3723 3721 0.028546
426 3722 0.012108
3720 3722 0.012108
3721 3722 0.012108
4661 3722 0.012108
85 3723 0.027671
3724 3723 0.027671
3725 3723 0.027671
365 3724 0.010091
3722 3724 0.010091
3723 3724 0.010091
3726 3725 0.011161
3727 3725 0.011161
4556 3725 0.011161
85 3726 0.0037819
3724 3726 0.0037819
3725 3726 0.0037819
87 3727 0.0097802
3728 3727 0.0097802
3729 3727 0.0097802
3726 3728 0.0033585
3727 3728 0.0033585
4556 3728 0.0033585
373 3729 0.0015897
3730 3729 0.0015897
3731 3729 0.0015897
87 3730 0.0062228
3728 3730 0.0062228
3729 3730 0.0062228
91 3731 0.0012592
3732 3731 0.0012592
3733 3731 0.0012592
373 3732 0.006077
3730 3732 0.006077
3731 3732 0.006077
91 3734 0.010651
3732 3734 0.010651
3733 3734 0.010651
411 3736 0.01036
3734 3736 0.01036
3735 3736 0.01036
101 3737 0.0003519
367 3737 0.0003519
3738 3737 0.0003519
99 3738 0.00080254
366 3738 0.00080254
3737 3738 0.00080254
1582 4523 0.018801
1585 4523 0.018801
4524 4523 0.018801
4523 4524 0.0090546
4526 4524 0.0090546
6551 4524 0.0090546
4523 4525 0.025402
4526 4525 0.025402
6551 4525 0.025402
4525 4526 0.02485
6553 4526 0.02485
6577 4526 0.02485
3356 4553 0.000137
4554 4553 0.000137
5855 4553 0.000137
105 4554 0.00013895
4553 4554 0.00013895
3726 4555 0.0013168
3727 4555 0.0013168
4556 4555 0.0013168
100 4556 0.0022745
102 4556 0.0022745
4555 4556 0.0022745
1578 4557 0.0065607
1581 4557 0.0065607
4558 4557 0.0065607
92 4558 0.001011
4557 4558 0.001011
6569 4558 0.001011
426 4660 0.97362
3720 4660 0.97362
3721 4660 0.97362
4661 4660 0.97362
2149 5260 0.00020961
7287 5260 0.00020961
110 5716 0.00020216
5717 5716 0.00020216
6560 5716 0.00020216
1566 5717 0.00044898
1569 5717 0.00044898
5716 5717 0.00044898
5840 5839 0.27688
5846 5839 0.27688
6562 5839 0.27688
5839 5840 0.0001991
5842 5840 0.0001991
5848 5840 0.0001991
5839 5841 0.27688
5842 5841 0.27688
5848 5841 0.27688
5841 5842 0.0001991
5844 5842 0.0001991
5850 5842 0.0001991
5841 5843 0.27688
5844 5843 0.27688
5850 5843 0.27688
3666 5844 0.0001991
3667 5844 0.0001991
5843 5844 0.0001991
5852 5851 0.029183
5853 5851 0.029183
3670 5852 0.001145
3679 5852 0.001145
5851 5852 0.001145
3671 5853 0.029183
5854 5853 0.029183
5852 5854 0.001145
5853 5854 0.001145
3359 5855 0.000137
5856 5855 0.000137
5858 5855 0.000137
3356 5856 0.00013895
4554 5856 0.00013895
5855 5856 0.00013895
3680 6478 0.044724
3681 6478 0.044724
3689 6478 0.044724
6479 6478 0.044724
3668 6479 0.0022085
3669 6479 0.0022085
6478 6479 0.0022085
4523 6550 0.027825
4526 6550 0.027825
6551 6550 0.027825
114 6551 0.018631
422 6551 0.018631
423 6551 0.018631
6550 6551 0.018631
4525 6552 0.026449
6553 6552 0.026449
6577 6552 0.026449
112 6553 0.028813
424 6553 0.028813
425 6553 0.028813
6552 6553 0.028813
1521 6560 0.00012053
6558 6560 0.00012053
6561 6560 0.00012053
110 6561 0.00021416
5717 6561 0.00021416
6560 6561 0.00021416
3694 6562 0.27688
3695 6562 0.27688
6563 6562 0.27688
5840 6563 0.0001991
5846 6563 0.0001991
6562 6563 0.0001991
92 6568 0.0027419
4557 6568 0.0027419
6569 6568 0.0027419
88 6569 0.0029854
90 6569 0.0029854
773 6569 0.0029854
6568 6569 0.0029854
1574 6570 0.057889
1577 6570 0.057889
6571 6570 0.057889
404 6571 0.0026354
405 6571 0.0026354
6570 6571 0.0026354
6573 6571 0.0026354
404 6572 0.041564
405 6572 0.041564
6570 6572 0.041564
6573 6572 0.041564
1580 6573 0.0040487
1583 6573 0.0040487
6572 6573 0.0040487
6575 6573 0.0040487
1580 6574 0.019216
1583 6574 0.019216
6572 6574 0.019216
6575 6574 0.019216
776 6575 0.00063285
6574 6575 0.00063285
4525 6576 0.015858
6553 6576 0.015858
6577 6576 0.015858
86 6577 0.012942
89 6577 0.012942
6576 6577 0.012942
724 6795 0.00020961
2147 6795 0.00020961
6794 6795 0.00020961
3713 6920 0.0010851
6921 6920 0.0010851
7114 6920 0.0010851
723 6921 0.00015644
6920 6921 0.00015644
2146 7114 0.027281
3712 7114 0.027281
4663 7114 0.027281
7113 7114 0.027281
1576 7148 0.0024434
7149 7148 0.0024434
416 7149 0.073526
3096 7149 0.073526
7148 7149 0.073526
4660 7220 0.97362
7221 7220 0.97362
7222 7223 0.01583
7225 7223 0.01583
408 7225 0.01583
1575 7225 0.01583
7224 7225 0.01583
