63 64 0.35499
70 64 0.35499
503 64 0.35499
66 65 0.00044514
499 65 0.00044514
502 65 0.00044514
65 66 0.034497
3391 66 0.034497
3396 66 0.034497
63 69 0.00080853
70 69 0.00080853
503 69 0.00080853
69 70 0.31038
3394 70 0.31038
3395 70 0.31038
6066 70 0.31038
72 71 0.0019957
505 71 0.0019957
508 71 0.0019957
67 72 0.60842
71 72 0.60842
222 72 0.60842
3393 72 0.60842
67 221 0.0066476
71 221 0.0066476
222 221 0.0066476
3393 221 0.0066476
221 222 0.44626
3390 222 0.44626
6064 222 0.44626
497 499 0.011313
500 499 0.011313
3374 499 0.011313
66 501 0.045426
499 501 0.045426
502 501 0.045426
501 503 0.045426
504 503 0.045426
6059 503 0.045426
64 505 0.35499
506 505 0.35499
6061 505 0.35499
72 507 0.96136
505 507 0.96136
508 507 0.96136
514 513 0.0012709
6444 513 0.0012709
728 727 0.00054585
3375 727 0.00054585
4693 727 0.00054585
727 728 0.0050231
731 728 0.0050231
7126 728 0.0050231
732 731 0.00013069
798 731 0.00013069
7216 731 0.00013069
727 732 0.00013274
731 732 0.00013274
7126 732 0.00013274
734 733 0.0049483
2879 733 0.0049483
5252 733 0.0049483
733 734 0.00046907
7127 734 0.00046907
732 797 0.00013221
798 797 0.00013221
7216 797 0.00013221
797 798 0.00013032
2876 798 0.00013032
4596 798 0.00013032
1111 1110 0.0068221
1476 1110 0.0068221
6069 1110 0.0068221
1110 1111 0.00048972
2880 1111 0.00048972
2881 1111 0.00048972
1111 1477 0.99796
1476 1477 0.99796
6069 1477 0.99796
796 2876 0.00013421
2875 2876 0.00013421
3441 2876 0.00013421
2877 2878 0.0005983
2882 2878 0.0005983
6443 2878 0.0005983
6446 2878 0.0005983
1110 2879 0.0049557
2880 2879 0.0049557
2881 2879 0.0049557
734 2880 0.00047017
2879 2880 0.00047017
5252 2880 0.00047017
1110 2882 0.0018834
2880 2882 0.0018834
2881 2882 0.0018834
507 3371 0.00035989
3372 3371 0.00035989
6057 3371 0.00035989
225 3372 0.039031
2186 3372 0.039031
3371 3372 0.039031
4692 3372 0.039031
3373 3374 0.011313
3392 3374 0.011313
6068 3374 0.011313
3376 3375 0.037736
3377 3375 0.037736
3389 3375 0.037736
4613 3375 0.037736
728 3376 0.0035421
3375 3376 0.0035421
4693 3376 0.0035421
3378 3377 0.1574
3379 3377 0.1574
6063 3377 0.1574
3376 3378 0.038807
3377 3378 0.038807
3389 3378 0.038807
4613 3378 0.038807
3380 3379 0.48851
3387 3379 0.48851
6065 3379 0.48851
3378 3380 0.010479
3379 3380 0.010479
6063 3380 0.010479
3382 3381 0.001502
3383 3381 0.001502
6067 3381 0.001502
1477 3382 0.071093
3381 3382 0.071093
3388 3382 0.071093
3384 3383 0.0018695
4379 3383 0.0018695
4381 3383 0.0018695
6442 3383 0.0018695
1477 3387 0.92918
3381 3387 0.92918
3388 3387 0.92918
3380 3388 0.00087969
3387 3388 0.00087969
6065 3388 0.00087969
221 3389 0.042129
3390 3389 0.042129
6064 3389 0.042129
3376 3390 0.1223
3377 3390 0.1223
3389 3390 0.1223
4613 3390 0.1223
3373 3391 0.060639
3392 3391 0.060639
6068 3391 0.060639
65 3392 0.00047261
3391 3392 0.00047261
3396 3392 0.00047261
69 3393 0.18262
3394 3393 0.18262
3395 3393 0.18262
6066 3393 0.18262
67 3394 0.015795
71 3394 0.015795
222 3394 0.015795
3393 3394 0.015795
65 3395 0.036273
3391 3395 0.036273
3396 3395 0.036273
69 3396 0.010158
3394 3396 0.010158
3395 3396 0.010158
6066 3396 0.010158
3436 3441 0.00012658
3442 3441 0.00012658
3443 3441 0.00012658
4595 3441 0.00012658
3385 4381 0.0005996
4382 4381 0.0005996
6437 4381 0.0005996
6440 4381 0.0005996
797 4595 0.00013116
2876 4595 0.00013116
4596 4595 0.00013116
3376 4612 0.0045157
3377 4612 0.0045157
3389 4612 0.0045157
4613 4612 0.0045157
61 4613 0.00029028
4612 4613 0.00029028
6070 4613 0.00029028
225 4691 0.00035423
2186 4691 0.00035423
3371 4691 0.00035423
4692 4691 0.00035423
729 4692 0.039025
4691 4692 0.039025
4694 4692 0.039025
729 4693 0.00035423
4691 4693 0.00035423
4694 4693 0.00035423
728 4694 0.039025
3375 4694 0.039025
4693 4694 0.039025
221 6063 0.0061581
3390 6063 0.0061581
6064 6063 0.0061581
3378 6064 0.36559
3379 6064 0.36559
6063 6064 0.36559
69 6065 0.00088982
3394 6065 0.00088982
3395 6065 0.00088982
6066 6065 0.00088982
3380 6066 0.45116
3387 6066 0.45116
6065 6066 0.45116
3382 6068 0.07152
3383 6068 0.07152
6067 6068 0.07152
61 6069 1.0045
4612 6069 1.0045
6070 6069 1.0045
1111 6070 0.00029028
1476 6070 0.00029028
6069 6070 0.00029028
566 6440 0.0005996
2878 6440 0.0005996
6439 6440 0.0005996
513 6442 0.0012709
6441 6442 0.0012709
2877 6444 0.0012709
2882 6444 0.0012709
6443 6444 0.0012709
6446 6444 0.0012709
733 7126 0.0049483
7127 7126 0.0049483
727 7127 0.00046907
731 7127 0.00046907
7126 7127 0.00046907
