58 57 0.0041429
519 57 0.0041429
3418 57 0.0041429
57 58 0.005086
60 58 0.005086
4610 58 0.005086
59 60 0.95511
3420 60 0.95511
3421 60 0.95511
522 521 0.002135
736 521 0.002135
3419 521 0.002135
3434 521 0.002135
521 522 0.40603
3424 522 0.40603
3890 522 0.40603
548 547 0.00099468
6226 547 0.00099468
6227 547 0.00099468
6230 547 0.00099468
547 548 0.0037437
2073 548 0.0037437
7094 548 0.0037437
517 594 0.00027953
595 594 0.00027953
3437 594 0.00027953
3440 594 0.00027953
727 732 0.00065087
731 732 0.00065087
7126 732 0.00065087
734 733 0.00065066
2879 733 0.00065066
5252 733 0.00065066
522 735 0.00038151
736 735 0.00038151
3419 735 0.00038151
3434 735 0.00038151
735 736 0.59249
737 736 0.59249
740 736 0.59249
738 737 0.60108
2913 737 0.60108
5577 737 0.60108
735 738 0.00010726
737 738 0.00010726
740 738 0.00010726
735 739 0.0089279
737 739 0.0089279
740 739 0.0089279
762 763 0.00081518
764 763 0.00081518
3428 763 0.00081518
763 764 0.0002474
3426 764 0.0002474
796 795 0.0002408
2875 795 0.0002408
3441 795 0.0002408
795 796 0.0005026
3577 796 0.0005026
4598 796 0.0005026
4615 796 0.0005026
732 797 0.00065086
798 797 0.00065086
7216 797 0.00065086
948 950 0.00061744
951 950 0.00061744
6355 950 0.00061744
950 951 0.0023553
6352 951 0.0023553
6353 951 0.0023553
6356 951 0.0023553
995 994 0.00084297
6359 994 0.00084297
6360 994 0.00084297
994 995 0.0088152
997 995 0.0088152
2076 995 0.0088152
2077 995 0.0088152
994 996 0.0015285
997 996 0.0015285
2076 996 0.0015285
2077 996 0.0015285
996 997 0.0025274
3119 997 0.0025274
4790 997 0.0025274
6237 997 0.0025274
5085 1129 0.0026271
5267 1129 0.0026271
1232 1233 0.99927
7249 1233 0.99927
1235 1234 0.00040589
7248 1234 0.00040589
7250 1234 0.00040589
1234 1235 0.00010087
5816 1235 0.00010087
6117 1235 0.00010087
1117 1468 0.00043903
2345 1468 0.00043903
1528 1530 0.016695
1531 1530 0.016695
3303 1530 0.016695
1530 1531 0.0039497
1533 1531 0.0039497
2850 1531 0.0039497
1530 1532 0.00077836
1533 1532 0.00077836
2850 1532 0.00077836
1532 1533 0.00048534
2851 1533 0.00048534
3339 1533 0.00048534
5576 1966 0.399
5579 1966 0.399
2071 2072 0.0042924
6238 2072 0.0042924
6239 2072 0.0042924
2072 2073 0.012796
2074 2073 0.012796
2075 2073 0.012796
3906 2073 0.012796
994 2075 0.018381
997 2075 0.018381
2076 2075 0.018381
2077 2075 0.018381
2072 2076 0.0004151
2074 2076 0.0004151
2075 2076 0.0004151
3906 2076 0.0004151
2078 2077 0.025555
2358 2077 0.025555
2361 2077 0.025555
6371 2077 0.025555
994 2078 0.00061629
997 2078 0.00061629
2076 2078 0.00061629
2077 2078 0.00061629
2344 2345 0.00040801
2347 2345 0.00040801
5906 2345 0.00040801
2346 2347 0.00024809
6960 2347 0.00024809
7108 2347 0.00024809
2353 2352 0.0035521
3337 2352 0.0035521
2352 2353 0.022198
2355 2353 0.022198
5269 2353 0.022198
2352 2354 0.0031435
2355 2354 0.0031435
5269 2354 0.0031435
2354 2355 0.021834
2357 2355 0.021834
2354 2356 0.00029238
2357 2356 0.00029238
2356 2357 0.026106
2359 2357 0.026106
6362 2357 0.026106
7160 2357 0.026106
2356 2358 0.001586
2359 2358 0.001586
6362 2358 0.001586
7160 2358 0.001586
2078 2359 0.022126
2358 2359 0.022126
2361 2359 0.022126
6371 2359 0.022126
2078 2360 0.0027371
2358 2360 0.0027371
2361 2360 0.0027371
6371 2360 0.0027371
2360 2361 0.003698
2363 2361 0.003698
3120 2361 0.003698
2360 2362 0.0003156
2363 2362 0.0003156
3120 2362 0.0003156
2362 2363 0.0049499
2365 2363 0.0049499
6395 2363 0.0049499
2362 2364 0.00076066
2365 2364 0.00076066
6395 2364 0.00076066
2364 2365 0.00058774
2367 2365 0.00058774
6366 2365 0.00058774
6367 2365 0.00058774
2364 2366 0.00035856
2367 2366 0.00035856
6366 2366 0.00035856
6367 2366 0.00035856
2366 2367 0.0001833
7006 2367 0.0001833
7086 2367 0.0001833
2753 2752 0.99958
3327 2752 0.99958
5237 2752 0.99958
1530 2849 0.016738
1533 2849 0.016738
2850 2849 0.016738
600 2850 0.0042858
2849 2850 0.0042858
3344 2850 0.0042858
3345 2850 0.0042858
797 2875 0.00020108
2876 2875 0.00020108
4596 2875 0.00020108
796 2876 0.00024744
2875 2876 0.00024744
3441 2876 0.00024744
2911 2913 0.008573
2914 2913 0.008573
6130 2913 0.008573
3107 3109 0.013769
3110 3109 0.013769
3309 3109 0.013769
3310 3109 0.013769
3109 3110 0.0034849
3112 3110 0.0034849
3313 3110 0.0034849
3314 3110 0.0034849
3109 3111 0.0074128
3112 3111 0.0074128
3313 3111 0.0074128
3314 3111 0.0074128
3111 3112 0.0012009
3114 3112 0.0012009
6382 3112 0.0012009
6383 3112 0.0012009
3111 3113 0.0025508
3114 3113 0.0025508
6382 3113 0.0025508
6383 3113 0.0025508
3113 3114 0.0002957
3116 3114 0.0002957
6106 3114 0.0002957
3113 3115 0.0008143
3116 3115 0.0008143
6106 3115 0.0008143
3118 3117 0.00046584
6390 3117 0.00046584
6391 3117 0.00046584
2360 3119 0.0038935
2363 3119 0.0038935
3120 3119 0.0038935
996 3120 0.00022011
3119 3120 0.00022011
4790 3120 0.00022011
6237 3120 0.00022011
3122 3121 0.017196
5270 3121 0.017196
6233 3121 0.017196
3121 3122 0.0011442
3328 3122 0.0011442
3329 3122 0.0011442
3124 3123 0.017525
3307 3123 0.017525
3308 3123 0.017525
3637 3123 0.017525
3123 3124 0.14991
3126 3124 0.14991
3312 3124 0.14991
3123 3125 0.017049
3126 3125 0.017049
3312 3125 0.017049
3125 3126 0.14536
3128 3126 0.14536
5949 3126 0.14536
3125 3127 0.089524
3128 3127 0.089524
5949 3127 0.089524
3127 3128 0.0037439
3130 3128 0.0037439
6380 3128 0.0037439
6381 3128 0.0037439
3127 3129 0.014872
3130 3129 0.014872
6380 3129 0.014872
6381 3129 0.014872
3129 3130 0.0014168
3132 3130 0.0014168
6105 3130 0.0014168
6108 3130 0.0014168
3129 3131 0.0052546
3132 3131 0.0052546
6105 3131 0.0052546
6108 3131 0.0052546
3131 3132 0.00032532
3134 3132 0.00032532
6402 3132 0.00032532
6403 3132 0.00032532
3131 3133 0.0021693
3134 3133 0.0021693
6402 3133 0.0021693
6403 3133 0.0021693
3136 3135 0.00045194
3305 3135 0.00045194
3306 3135 0.00045194
3135 3136 0.80084
5948 3136 0.80084
5953 3136 0.80084
3138 3137 0.62571
5832 3137 0.62571
6422 3137 0.62571
3137 3138 0.00031078
3302 3138 0.00031078
3338 3138 0.00031078
3140 3139 0.00068994
6372 3139 0.00068994
6373 3139 0.00068994
6407 3139 0.00068994
3139 3140 0.0068821
3910 3140 0.0068821
6112 3140 0.0068821
3142 3141 0.0019353
6414 3141 0.0019353
6415 3141 0.0019353
3141 3142 0.0031025
3144 3142 0.0031025
4787 3142 0.0031025
3141 3143 0.0025783
3144 3143 0.0025783
4787 3143 0.0025783
3143 3144 0.0043878
3146 3144 0.0043878
6374 3144 0.0043878
6375 3144 0.0043878
3143 3145 0.002563
3146 3145 0.002563
6374 3145 0.002563
6375 3145 0.002563
3145 3146 0.0054455
3148 3146 0.0054455
3911 3146 0.0054455
6109 3146 0.0054455
3145 3147 0.001853
3148 3147 0.001853
3911 3147 0.001853
6109 3147 0.001853
3147 3148 0.0013695
5951 3148 0.0013695
6398 3148 0.0013695
6399 3148 0.0013695
1528 3302 0.0039497
1531 3302 0.0039497
3303 3302 0.0039497
3137 3303 0.016695
3302 3303 0.016695
3338 3303 0.016695
3136 3304 0.62169
3305 3304 0.62169
3306 3304 0.62169
3304 3305 0.00049669
6420 3305 0.00049669
6421 3305 0.00049669
3124 3306 0.022162
3307 3306 0.022162
3308 3306 0.022162
3637 3306 0.022162
3136 3307 0.20135
3305 3307 0.20135
3306 3307 0.20135
3107 3308 0.0034849
3110 3308 0.0034849
3309 3308 0.0034849
3310 3308 0.0034849
3124 3309 0.013769
3307 3309 0.013769
3308 3309 0.013769
3637 3309 0.013769
3109 3312 0.011648
3112 3312 0.011648
3313 3312 0.011648
3314 3312 0.011648
3123 3313 0.0075762
3126 3313 0.0075762
3312 3313 0.0075762
3316 3317 0.00048507
7005 3317 0.00048507
7008 3317 0.00048507
7088 3317 0.00048507
3319 3318 0.00011619
5985 3318 0.00011619
7093 3318 0.00011619
7095 3318 0.00011619
3318 3319 0.00057741
6983 3319 0.00057741
7092 3319 0.00057741
3321 3320 0.00012934
3322 3320 0.00012934
7097 3320 0.00012934
3320 3321 0.010317
6977 3321 0.010317
7096 3321 0.010317
3323 3322 0.00016926
3324 3322 0.00016926
7103 3322 0.00016926
3321 3323 0.015825
3322 3323 0.015825
7097 3323 0.015825
3325 3324 0.00057517
3326 3324 0.00057517
7099 3324 0.00057517
3323 3325 0.02373
3324 3325 0.02373
7103 3325 0.02373
2753 3326 0.00243
3327 3326 0.00243
5237 3326 0.00243
3325 3327 0.022991
3326 3327 0.022991
7099 3327 0.022991
2353 3328 0.96611
3337 3328 0.96611
3332 3331 0.00056537
3334 3331 0.00056537
3331 3332 0.00043751
5827 3332 0.00043751
5829 3332 0.00043751
3332 3333 0.00043751
3334 3333 0.00043751
3333 3334 0.00056537
3336 3334 0.00056537
6225 3334 0.00056537
3333 3335 0.0050674
3336 3335 0.0050674
6225 3335 0.0050674
3335 3336 0.00028996
5823 3336 0.00028996
5831 3336 0.00028996
6967 3336 0.00028996
3137 3337 0.94747
3302 3337 0.94747
3338 3337 0.94747
3343 3338 0.33482
3639 3338 0.33482
3962 3338 0.33482
3340 3339 0.00048534
3342 3339 0.00048534
3960 3339 0.00048534
1532 3340 0.00077836
2851 3340 0.00077836
3339 3340 0.00077836
3340 3341 0.00077836
3342 3341 0.00077836
3960 3341 0.00077836
3341 3342 0.00048534
3346 3342 0.00048534
4684 3342 0.00048534
600 3343 0.017452
2849 3343 0.017452
3344 3343 0.017452
3345 3343 0.017452
3343 3344 0.0047064
3639 3344 0.0047064
3962 3344 0.0047064
3341 3345 0.00077943
3346 3345 0.00077943
4684 3345 0.00077943
600 3346 0.00048641
2849 3346 0.00048641
3344 3346 0.00048641
3345 3346 0.00048641
594 3407 0.00019628
3408 3407 0.00019628
3413 3407 0.00019628
3407 3408 0.00055684
3573 3408 0.00055684
3576 3408 0.00055684
3410 3409 0.00028942
3411 3409 0.00028942
3439 3409 0.00028942
3569 3409 0.00028942
3409 3413 0.00013385
3414 3413 0.00013385
6452 3413 0.00013385
594 3414 0.00068428
3408 3414 0.00068428
3413 3414 0.00068428
58 3417 0.005086
519 3417 0.005086
3418 3417 0.005086
3416 3418 0.0041429
3417 3418 0.0041429
6453 3418 0.0041429
6456 3418 0.0041429
522 3420 0.95511
736 3420 0.95511
3419 3420 0.95511
3434 3420 0.95511
1966 3424 0.399
3423 3424 0.399
763 3425 0.00081518
3426 3425 0.00081518
3425 3426 0.0002474
3430 3426 0.0002474
3891 3426 0.0002474
762 3427 0.0002474
764 3427 0.0002474
3428 3427 0.0002474
3427 3428 0.00081518
3429 3428 0.00081518
6139 3428 0.00081518
6461 3428 0.00081518
3425 3429 0.0082528
3430 3429 0.0082528
3891 3429 0.0082528
3427 3430 0.012578
3429 3430 0.012578
6139 3430 0.012578
6461 3430 0.012578
522 3433 0.044703
736 3433 0.044703
3419 3433 0.044703
3434 3433 0.044703
561 3434 0.0038176
3433 3434 0.0038176
6459 3434 0.0038176
6462 3434 0.0038176
3436 3435 0.00092433
3442 3435 0.00092433
3443 3435 0.00092433
4595 3435 0.00092433
3435 3437 0.00048103
3438 3437 0.00048103
3571 3437 0.00048103
3574 3437 0.00048103
517 3439 0.00027106
595 3439 0.00027106
3437 3439 0.00027106
3440 3439 0.00027106
3436 3441 0.00024741
3442 3441 0.00024741
3443 3441 0.00024741
4595 3441 0.00024741
796 3442 0.00046284
2875 3442 0.00046284
3441 3442 0.00046284
3435 3573 0.00064501
3438 3573 0.00064501
3571 3573 0.00064501
3574 3573 0.00064501
3407 3574 0.00018795
3573 3574 0.00018795
3576 3574 0.00018795
3407 3575 0.00071467
3573 3575 0.00071467
3576 3575 0.00071467
3575 3576 0.00061816
3578 3576 0.00061816
4617 3576 0.00061816
795 3578 0.0080162
3577 3578 0.0080162
4598 3578 0.0080162
4615 3578 0.0080162
3638 3637 0.0029254
3640 3637 0.0029254
5268 3637 0.0029254
3124 3638 0.30422
3307 3638 0.30422
3308 3638 0.30422
3637 3638 0.30422
3638 3639 0.3196
3640 3639 0.3196
5268 3639 0.3196
3343 3640 0.00015306
3639 3640 0.00015306
3962 3640 0.00015306
3425 3890 0.013139
3430 3890 0.013139
3891 3890 0.013139
521 3891 0.0082459
3424 3891 0.0082459
3890 3891 0.0082459
3898 3899 0.0085708
5581 3899 0.0085708
5935 3899 0.0085708
1237 3903 0.00034701
3902 3903 0.00034701
6118 3903 0.00034701
3907 3906 0.0008571
4019 3906 0.0008571
6228 3906 0.0008571
6358 3906 0.0008571
2072 3907 0.010284
2074 3907 0.010284
2075 3907 0.010284
3906 3907 0.010284
3909 3908 0.0004777
6113 3908 0.0004777
6400 3908 0.0004777
6401 3908 0.0004777
3908 3909 0.00029212
6392 3909 0.00029212
6393 3909 0.00029212
3145 3910 0.0062393
3148 3910 0.0062393
3911 3910 0.0062393
6109 3910 0.0062393
3139 3911 0.00029833
3910 3911 0.00029833
6112 3911 0.00029833
4685 3962 0.0026234
5086 3962 0.0026234
1129 3964 0.00041828
3963 3964 0.00041828
4020 4019 0.00098347
6232 4019 0.00098347
6351 4019 0.00098347
3907 4020 0.0081611
4019 4020 0.0081611
6228 4020 0.0081611
6358 4020 0.0081611
797 4595 0.00071074
2876 4595 0.00071074
4596 4595 0.00071074
4597 4598 0.0082617
5250 4598 0.0082617
5253 4598 0.0082617
4611 4610 0.048393
6455 4610 0.048393
6458 4610 0.048393
57 4611 0.0025599
60 4611 0.0025599
4610 4611 0.0025599
3575 4616 0.0082122
3578 4616 0.0082122
4617 4616 0.0082122
4616 4617 0.00012777
6451 4617 0.00012777
6454 4617 0.00012777
4788 4787 0.0014919
6408 4787 0.0014919
6409 4787 0.0014919
3141 4788 0.0021341
3144 4788 0.0021341
4787 4788 0.0021341
996 4789 0.00029721
3119 4789 0.00029721
4790 4789 0.00029721
6237 4789 0.00029721
4789 4790 0.0007386
6240 4790 0.0007386
6365 4790 0.0007386
5087 5086 0.0026271
5271 5086 0.0026271
1129 5087 0.0022089
3963 5087 0.0022089
3121 5237 0.98216
3328 5237 0.98216
3329 5237 0.98216
739 5250 0.0089065
2885 5250 0.0089065
5251 5250 0.0089065
4597 5252 0.00065351
5250 5252 0.00065351
5253 5252 0.00065351
3638 5267 0.0026576
3640 5267 0.0026576
5268 5267 0.0026576
3138 5268 0.020811
5832 5268 0.020811
6422 5268 0.020811
3122 5269 0.0014673
5270 5269 0.0014673
6233 5269 0.0014673
2753 5270 0.0031475
3327 5270 0.0031475
5237 5270 0.0031475
3964 5271 0.00041828
6738 5271 0.00041828
738 5576 0.0011265
2913 5576 0.0011265
5577 5576 0.0011265
5576 5577 0.59353
5579 5577 0.59353
5578 5579 0.99141
5583 5579 0.99141
5584 5579 0.99141
3898 5580 0.00039971
5581 5580 0.00039971
5935 5580 0.00039971
1233 5581 0.0085719
5580 5581 0.0085719
5582 5581 0.0085719
1233 5583 0.9911
5580 5583 0.9911
5582 5583 0.9911
5265 5584 0.00032004
5585 5584 0.00032004
6124 5584 0.00032004
5818 5819 0.00031834
6126 5819 0.00031834
6128 5819 0.00031834
3335 5822 0.0077338
5823 5822 0.0077338
5831 5822 0.0077338
6967 5822 0.0077338
5822 5823 0.0017725
6963 5823 0.0017725
7102 5823 0.0017725
7104 5823 0.0017725
5825 5824 0.0018519
5826 5824 0.0018519
5830 5824 0.0018519
5824 5825 0.0047679
6964 5825 0.0047679
7100 5825 0.0047679
3331 5826 0.00056537
5827 5826 0.00056537
5829 5826 0.00056537
5825 5827 0.00043751
5826 5827 0.00043751
5830 5827 0.00043751
3335 5830 0.0017509
5823 5830 0.0017509
5831 5830 0.0017509
6967 5830 0.0017509
5825 5831 0.0047947
5826 5831 0.0047947
5830 5831 0.0047947
2352 5832 0.0015115
2355 5832 0.0015115
5269 5832 0.0015115
5905 5906 0.0001643
6955 5906 0.0001643
7110 5906 0.0001643
1468 5935 0.00043656
5934 5935 0.00043656
3125 5948 0.010002
3128 5948 0.010002
5949 5948 0.010002
3135 5949 0.2241
5948 5949 0.2241
5953 5949 0.2241
3147 5950 0.00049043
5951 5950 0.00049043
6398 5950 0.00049043
6399 5950 0.00049043
5950 5951 0.00034578
6389 5951 0.00034578
6405 5951 0.00034578
3135 5952 0.0021276
5948 5952 0.0021276
5953 5952 0.0021276
5952 5953 1.0166
6378 5953 1.0166
6379 5953 1.0166
3133 5954 0.0014383
5955 5954 0.0014383
6394 5954 0.0014383
5956 5957 0.00016015
6386 5957 0.00016015
6387 5957 0.00016015
3319 5986 0.00041668
5985 5986 0.00041668
7093 5986 0.00041668
7095 5986 0.00041668
3113 6105 0.0020503
3116 6105 0.0020503
6106 6105 0.0020503
3129 6106 0.00055487
3132 6106 0.00055487
6105 6106 0.00055487
6108 6106 0.00055487
3129 6107 0.010241
3132 6107 0.010241
6105 6107 0.010241
6108 6107 0.010241
6107 6108 0.00021943
6110 6108 0.00021943
6114 6108 0.00021943
6107 6109 0.0094884
6110 6109 0.0094884
6114 6109 0.0094884
3145 6110 0.00018132
3148 6110 0.00018132
3911 6110 0.00018132
6109 6110 0.00018132
3139 6111 0.001347
3910 6111 0.001347
6112 6111 0.001347
6111 6112 0.0015982
6396 6112 0.0015982
6397 6112 0.0015982
6406 6112 0.0015982
6107 6113 0.001381
6110 6113 0.001381
6114 6113 0.001381
3909 6114 0.00066655
6113 6114 0.00066655
6400 6114 0.00066655
6401 6114 0.00066655
1237 6117 0.00010087
3902 6117 0.00010087
6118 6117 0.00010087
1234 6118 0.00040589
5816 6118 0.00040589
6117 6118 0.00040589
5819 6124 0.00031988
5821 6124 0.00031988
6123 6124 0.00031988
1246 6128 0.00029309
3901 6128 0.00029309
3903 6128 0.00029309
6127 6128 0.00029309
2903 6130 0.008573
6129 6130 0.008573
6132 6130 0.008573
2905 6132 0.008573
6131 6132 0.008573
6134 6132 0.008573
2907 6134 0.0085321
6133 6134 0.0085321
6136 6134 0.0085321
2909 6136 0.0085708
3899 6136 0.0085708
6135 6136 0.0085708
548 6225 0.0052148
6226 6225 0.0052148
6227 6225 0.0052148
6230 6225 0.0052148
3333 6226 0.00030954
3336 6226 0.00030954
6225 6226 0.00030954
3907 6227 0.0085465
4019 6227 0.0085465
6228 6227 0.0085465
6358 6227 0.0085465
548 6228 0.00081226
6226 6228 0.00081226
6227 6228 0.00081226
6230 6228 0.00081226
548 6229 0.0063387
6226 6229 0.0063387
6227 6229 0.0063387
6230 6229 0.0063387
6229 6230 0.00076071
6979 6230 0.00076071
7063 6230 0.00076071
4020 6231 0.013122
6232 6231 0.013122
6351 6231 0.013122
6231 6232 0.00048864
6234 6232 0.00048864
6354 6232 0.00048864
6231 6233 0.014913
6234 6233 0.014913
6354 6233 0.014913
3122 6234 0.00054197
5270 6234 0.00054197
6233 6234 0.00054197
2071 6237 0.00019305
6238 6237 0.00019305
6239 6237 0.00019305
996 6238 0.003309
3119 6238 0.003309
4790 6238 0.003309
6237 6238 0.003309
4789 6239 0.001141
6240 6239 0.001141
6365 6239 0.001141
950 6351 0.005932
6352 6351 0.005932
6353 6351 0.005932
6356 6351 0.005932
4020 6352 0.00047644
6232 6352 0.00047644
6351 6352 0.00047644
2354 6353 0.0071227
2357 6353 0.0071227
948 6354 0.0023553
951 6354 0.0023553
6355 6354 0.0023553
6231 6355 0.00061744
6234 6355 0.00061744
6354 6355 0.00061744
6357 6356 0.0010345
6361 6356 0.0010345
950 6357 0.00096369
6352 6357 0.00096369
6353 6357 0.00096369
6356 6357 0.00096369
995 6358 0.0067759
6359 6358 0.0067759
6360 6358 0.0067759
3907 6359 0.0012909
4019 6359 0.0012909
6228 6359 0.0012909
6358 6359 0.0012909
6357 6360 0.00084336
6361 6360 0.00084336
995 6361 0.0033307
6359 6361 0.0033307
6360 6361 0.0033307
6357 6362 0.0024165
6361 6362 0.0024165
6364 6363 0.0033583
6410 6363 0.0033583
6411 6363 0.0033583
6363 6364 0.00050168
6943 6364 0.00050168
7165 6364 0.00050168
2364 6365 0.0015762
2367 6365 0.0015762
6366 6365 0.0015762
6367 6365 0.0015762
3117 6367 0.0015569
5957 6367 0.0015569
6368 6367 0.0015569
6369 6367 0.0015569
5954 6369 0.0011023
6370 6369 0.0011023
6388 6369 0.0011023
7111 6369 0.0011023
3140 6371 0.044671
6372 6371 0.044671
6373 6371 0.044671
6407 6371 0.044671
2078 6372 0.00015258
2358 6372 0.00015258
2361 6372 0.00015258
6371 6372 0.00015258
3143 6373 0.039969
3146 6373 0.039969
6374 6373 0.039969
6375 6373 0.039969
3140 6374 0.00059484
6372 6374 0.00059484
6373 6374 0.00059484
6407 6374 0.00059484
6376 6375 0.039194
6377 6375 0.039194
6417 6375 0.039194
3143 6376 0.0008936
3146 6376 0.0008936
6374 6376 0.0008936
6375 6376 0.0008936
5952 6377 0.062019
6378 6377 0.062019
6379 6377 0.062019
6376 6378 0.00021401
6377 6378 0.00021401
6417 6378 0.00021401
3127 6379 0.076445
3130 6379 0.076445
6380 6379 0.076445
6381 6379 0.076445
5952 6380 0.00016381
6378 6380 0.00016381
6379 6380 0.00016381
3111 6381 0.0062544
3114 6381 0.0062544
6382 6381 0.0062544
6383 6381 0.0062544
3127 6382 0.0022977
3130 6382 0.0022977
6380 6382 0.0022977
6381 6382 0.0022977
5956 6385 0.00030356
6386 6385 0.00030356
6387 6385 0.00030356
5954 6387 0.00037576
6370 6387 0.00037576
6388 6387 0.00037576
7111 6387 0.00037576
3118 6389 0.00065355
6390 6389 0.00065355
6391 6389 0.00065355
5950 6390 0.00013835
6389 6390 0.00013835
6405 6390 0.00013835
3908 6391 0.00093871
6392 6391 0.00093871
6393 6391 0.00093871
3133 6393 0.0007864
5955 6393 0.0007864
6394 6393 0.0007864
6111 6395 0.0048518
6396 6395 0.0048518
6397 6395 0.0048518
6406 6395 0.0048518
3147 6397 0.0045038
5951 6397 0.0045038
6398 6397 0.0045038
6399 6397 0.0045038
6111 6398 0.0001052
6396 6398 0.0001052
6397 6398 0.0001052
6406 6398 0.0001052
3909 6399 0.0041279
6113 6399 0.0041279
6400 6399 0.0041279
6401 6399 0.0041279
3131 6401 0.0036393
3134 6401 0.0036393
6402 6401 0.0036393
6403 6401 0.0036393
3909 6402 0.00010841
6113 6402 0.00010841
6400 6402 0.00010841
6401 6402 0.00010841
3115 6403 0.0008143
5959 6403 0.0008143
6404 6403 0.0008143
5950 6406 0.00070322
6389 6406 0.00070322
6405 6406 0.00070322
4788 6407 0.0024109
6408 6407 0.0024109
6409 6407 0.0024109
3140 6408 0.0034583
6372 6408 0.0034583
6373 6408 0.0034583
6407 6408 0.0034583
6364 6409 0.0012155
6410 6409 0.0012155
6411 6409 0.0012155
4788 6410 0.0029051
6408 6410 0.0029051
6409 6410 0.0029051
5834 6411 0.00189
6412 6411 0.00189
6413 6411 0.00189
6364 6412 0.00072302
6410 6412 0.00072302
6411 6412 0.00072302
3142 6413 0.00189
6414 6413 0.00189
6415 6413 0.00189
5834 6414 0.00072302
6412 6414 0.00072302
6413 6414 0.00072302
6416 6415 0.0032682
6418 6415 0.0032682
6419 6415 0.0032682
3142 6416 0.0032684
6414 6416 0.0032684
6415 6416 0.0032684
6416 6417 0.0029672
6418 6417 0.0029672
6419 6417 0.0029672
6376 6418 0.026471
6377 6418 0.026471
6417 6418 0.026471
3304 6419 0.0052556
6420 6419 0.0052556
6421 6419 0.0052556
6416 6420 0.02876
6418 6420 0.02876
6419 6420 0.02876
3304 6422 0.64479
6420 6422 0.64479
6421 6422 0.64479
3409 6451 0.00085725
3414 6451 0.00085725
6452 6451 0.00085725
4616 6453 0.0090423
6451 6453 0.0090423
6454 6453 0.0090423
3416 6454 0.00014443
3417 6454 0.00014443
6453 6454 0.00014443
6456 6454 0.00014443
3416 6455 0.012388
3417 6455 0.012388
6453 6455 0.012388
6456 6455 0.012388
4611 6456 0.0025466
6455 6456 0.0025466
6458 6456 0.0025466
4611 6457 0.0022161
6455 6457 0.0022161
6458 6457 0.0022161
6071 6458 0.038209
6457 6458 0.038209
6460 6458 0.038209
6071 6459 0.0022161
6457 6459 0.0022161
6460 6459 0.0022161
561 6460 0.038209
3433 6460 0.038209
6459 6460 0.038209
6462 6460 0.038209
561 6461 0.012983
3433 6461 0.012983
6459 6461 0.012983
6462 6461 0.012983
3427 6462 0.0080904
3429 6462 0.0080904
6139 6462 0.0080904
6461 6462 0.0080904
6939 6938 0.00057534
7067 6938 0.00057534
7163 6938 0.00057534
7164 6938 0.00057534
6938 6939 0.00039484
6941 6939 0.00039484
6949 6939 0.00039484
6940 6941 0.00061153
6942 6941 0.00061153
6945 6941 0.00061153
6947 6941 0.00061153
6363 6942 0.00061153
6943 6942 0.00061153
7165 6942 0.00061153
6938 6948 0.00081969
6941 6948 0.00081969
6949 6948 0.00081969
6948 6952 0.00081969
6950 6952 0.00081969
6953 6952 0.00081969
5824 6963 0.0046
6964 6963 0.0046
7100 6963 0.0046
5822 6964 0.0049217
6963 6964 0.0049217
7102 6964 0.0049217
7104 6964 0.0049217
6965 6967 0.00038444
6968 6967 0.00038444
7101 6967 0.00038444
3335 6968 0.0022444
5823 6968 0.0022444
5831 6968 0.0022444
6967 6968 0.0022444
6969 6971 0.0019347
6972 6971 0.0019347
6975 6971 0.0019347
7066 6971 0.0019347
6971 6972 0.0013228
6974 6972 0.0013228
7064 6972 0.0013228
6971 6973 0.0033048
6974 6973 0.0033048
7064 6973 0.0033048
6973 6974 0.00089748
6976 6974 0.00089748
6978 6974 0.00089748
6973 6975 0.0033894
6976 6975 0.0033894
6978 6975 0.0033894
6969 6976 0.0010922
6972 6976 0.0010922
6975 6976 0.0010922
7066 6976 0.0010922
6973 6977 0.0028891
6976 6977 0.0028891
6978 6977 0.0028891
3320 6978 0.0027789
6977 6978 0.0027789
7096 6978 0.0027789
6980 6979 0.001657
7065 6979 0.001657
7098 6979 0.001657
6229 6980 0.0054395
6979 6980 0.0054395
7063 6980 0.0054395
3318 6984 0.00017079
6983 6984 0.00017079
7092 6984 0.00017079
6982 6985 0.0001049
6984 6985 0.0001049
6986 6985 0.0001049
6985 6987 0.00015491
6988 6987 0.00015491
6989 6987 0.00015491
6987 6991 0.00014759
6992 6991 0.00014759
6994 6991 0.00014759
6993 6994 0.0001247
6996 6994 0.0001247
6998 6994 0.0001247
7001 6994 0.0001247
6991 6996 0.00012908
6995 6996 0.00012908
7000 6996 0.00012908
6993 6997 0.00018068
6996 6997 0.00018068
6998 6997 0.00018068
7001 6997 0.00018068
2366 7005 0.00042826
7006 7005 0.00042826
7086 7005 0.00042826
6971 7063 0.00080288
6974 7063 0.00080288
7064 7063 0.00080288
6229 7064 0.0025983
6979 7064 0.0025983
7063 7064 0.0025983
6969 7065 0.0027445
6972 7065 0.0027445
6975 7065 0.0027445
7066 7065 0.0027445
6980 7066 0.0010592
7065 7066 0.0010592
7098 7066 0.0010592
5670 7086 0.00028084
6385 7086 0.00028084
7085 7086 0.00028084
3317 7090 0.00047152
5238 7090 0.00047152
7089 7090 0.00047152
6997 7092 0.00057758
7090 7092 0.00057758
7091 7092 0.00057758
547 7093 0.010072
2073 7093 0.010072
7094 7093 0.010072
3320 7095 0.000125
6977 7095 0.000125
7096 7095 0.000125
3319 7096 0.010203
5985 7096 0.010203
7093 7096 0.010203
7095 7096 0.010203
6980 7097 0.0068484
7065 7097 0.0068484
7098 7097 0.0068484
3321 7098 0.0013805
3322 7098 0.0013805
7097 7098 0.0013805
5824 7099 0.0044982
6964 7099 0.0044982
7100 7099 0.0044982
3325 7100 0.0070925
3326 7100 0.0070925
7099 7100 0.0070925
5822 7101 0.00038444
6963 7101 0.00038444
7102 7101 0.00038444
7104 7101 0.00038444
6965 7102 0.0022444
6968 7102 0.0022444
7101 7102 0.0022444
5822 7103 0.010019
6963 7103 0.010019
7102 7103 0.010019
7104 7103 0.010019
3323 7104 0.0025195
3324 7104 0.0025195
7103 7104 0.0025195
2349 7106 0.00032688
5903 7106 0.00032688
5986 7106 0.00032688
7105 7106 0.00032688
6961 7108 0.00032688
7106 7108 0.00032688
7107 7108 0.00032688
733 7126 0.00065066
7127 7126 0.00065066
6952 7160 0.0039479
7161 7160 0.0039479
7162 7160 0.0039479
2356 7161 0.0010913
2359 7161 0.0010913
6362 7161 0.0010913
7160 7161 0.0010913
6939 7162 0.0033124
7067 7162 0.0033124
7163 7162 0.0033124
7164 7162 0.0033124
6952 7163 0.0011852
7161 7163 0.0011852
7162 7163 0.0011852
6363 7164 0.0031595
6943 7164 0.0031595
7165 7164 0.0031595
6939 7165 0.00085181
7067 7165 0.00085181
7163 7165 0.00085181
7164 7165 0.00085181
1235 7249 0.99927
7248 7249 0.99927
7250 7249 0.99927
2752 7250 0.99958
7251 7250 0.99958
