414 413 0.0001107
415 413 0.0001107
417 413 0.0001107
416 415 0.00017665
3096 415 0.00017665
7148 415 0.00017665
414 416 0.00012729
415 416 0.00012729
417 416 0.00012729
402 417 0.0001161
403 417 0.0001161
418 417 0.0001161
419 417 0.0001161
428 427 0.32188
429 427 0.32188
3089 427 0.32188
5680 427 0.32188
427 428 0.0075638
431 428 0.0075638
3097 428 0.0075638
2279 431 0.011198
5674 431 0.011198
7273 431 0.011198
427 432 0.078592
431 432 0.078592
3097 432 0.078592
5835 433 0.38137
6878 434 0.00025986
548 547 0.00050862
6226 547 0.00050862
6227 547 0.00050862
6230 547 0.00050862
547 548 0.00010455
2073 548 0.00010455
7094 548 0.00010455
557 558 0.0014409
6037 558 0.0014409
6465 558 0.0014409
770 769 0.0021212
771 769 0.0021212
1920 769 0.0021212
769 770 0.00020855
4157 770 0.00020855
772 771 0.00028359
1884 771 0.00028359
4156 771 0.00028359
770 772 0.00061771
771 772 0.00061771
1920 772 0.00061771
942 944 0.00023377
945 944 0.00023377
5898 944 0.00023377
7252 944 0.00023377
944 946 0.00041156
947 946 0.00041156
4210 946 0.00041156
994 995 0.00011476
997 995 0.00011476
2076 995 0.00011476
2077 995 0.00011476
996 997 0.00038211
3119 997 0.00038211
4790 997 0.00038211
6237 997 0.00038211
434 1126 0.00038318
5089 1126 0.00038318
432 1127 0.076991
5692 1127 0.076991
6874 1128 0.00010406
1227 1226 0.0010442
7040 1226 0.0010442
7075 1226 0.0010442
7079 1226 0.0010442
1226 1227 0.067282
1536 1227 0.067282
4200 1227 0.067282
1537 1536 0.065209
4710 1536 0.065209
1226 1537 0.0016305
1536 1537 0.0016305
4200 1537 0.0016305
1654 1653 0.00017762
2340 1653 0.00017762
2343 1653 0.00017762
1653 1654 0.066446
7054 1654 0.066446
7076 1654 0.066446
1655 1656 0.00013665
5745 1656 0.00013665
5901 1656 0.00013665
5904 1656 0.00013665
1773 1775 0.012868
1776 1775 0.012868
1792 1775 0.012868
1775 1777 0.012868
1778 1777 0.012868
4813 1777 0.012868
1779 1780 0.013049
3663 1780 0.013049
5769 1780 0.013049
571 1782 0.013049
1780 1782 0.013049
1781 1782 0.013049
1782 1784 0.012892
1783 1784 0.012892
1803 1784 0.012892
1784 1786 0.012282
1785 1786 0.012282
1801 1786 0.012282
1786 1788 0.012478
1787 1788 0.012478
5989 1788 0.012478
1788 1790 0.01216
1789 1790 0.01216
1799 1790 0.01216
1790 1792 0.012865
1791 1792 0.012865
1797 1792 0.012865
1794 1793 0.00011842
1796 1793 0.00011842
1793 1794 0.00050356
1802 1794 0.00050356
5990 1794 0.00050356
1794 1795 0.00050356
1796 1795 0.00050356
1795 1796 0.00011842
1798 1796 0.00011842
1800 1796 0.00011842
1795 1797 0.0010998
1798 1797 0.0010998
1800 1797 0.0010998
1790 1798 0.00039575
1791 1798 0.00039575
1797 1798 0.00039575
1795 1799 0.00041051
1798 1799 0.00041051
1800 1799 0.00041051
1788 1800 0.00072947
1789 1800 0.00072947
1799 1800 0.00072947
1793 1801 0.00047182
1802 1801 0.00047182
5990 1801 0.00047182
1784 1802 0.0010616
1785 1802 0.0010616
1801 1802 0.0010616
1804 1803 0.00011958
2284 1803 0.00011958
6475 1803 0.00011958
1782 1804 0.00025532
1783 1804 0.00025532
1803 1804 0.00025532
1875 1874 0.00037164
1896 1874 0.00037164
3924 1874 0.00037164
5233 1874 0.00037164
1918 1920 0.0022474
1921 1920 0.0022474
1922 1920 0.0022474
1923 1922 0.0022474
1924 1922 0.0022474
4230 1922 0.0022474
4231 1922 0.0022474
2071 2072 0.00066679
6238 2072 0.00066679
6239 2072 0.00066679
2072 2073 0.0010991
2074 2073 0.0010991
2075 2073 0.0010991
3906 2073 0.0010991
994 2075 0.00051446
997 2075 0.00051446
2076 2075 0.00051446
2077 2075 0.00051446
2078 2077 0.00027087
2358 2077 0.00027087
2361 2077 0.00027087
6371 2077 0.00027087
994 2078 0.00011485
997 2078 0.00011485
2076 2078 0.00011485
2077 2078 0.00011485
1886 2317 0.29918
2316 2317 0.29918
7271 2317 0.29918
2318 2319 0.29918
7209 2319 0.29918
1880 2321 0.29918
2320 2321 0.29918
2323 2321 0.29918
1882 2323 0.29918
2322 2323 0.29918
5939 2323 0.29918
2327 2326 0.00013056
4708 2326 0.00013056
5968 2326 0.00013056
2326 2327 0.00023765
7259 2327 0.00023765
2329 2328 0.0015531
5896 2328 0.0015531
7254 2328 0.0015531
7258 2328 0.0015531
2328 2329 0.00014453
7257 2329 0.00014453
2331 2330 0.0013171
4196 2330 0.0013171
5971 2330 0.0013171
7256 2330 0.0013171
2330 2331 0.00058074
2333 2331 0.00058074
5975 2331 0.00058074
2330 2332 0.0019523
2333 2332 0.0019523
5975 2332 0.0019523
2332 2333 0.0015404
2335 2333 0.0015404
4216 2333 0.0015404
2332 2334 0.0021713
2335 2334 0.0021713
4216 2334 0.0021713
2334 2335 0.0017299
2337 2335 0.0017299
5977 2335 0.0017299
7152 2335 0.0017299
2334 2336 0.0031783
2337 2336 0.0031783
5977 2336 0.0031783
7152 2336 0.0031783
2336 2337 0.013397
2339 2337 0.013397
4709 2337 0.013397
2336 2338 0.21622
2339 2338 0.21622
4709 2338 0.21622
2338 2339 0.0036333
2341 2339 0.0036333
4198 2339 0.0036333
2338 2340 0.21447
2341 2340 0.21447
4198 2340 0.21447
1654 2341 0.0041804
2340 2341 0.0041804
2343 2341 0.0041804
1654 2342 0.27664
2340 2342 0.27664
2343 2342 0.27664
2349 2348 0.0025044
5903 2348 0.0025044
5986 2348 0.0025044
7105 2348 0.0025044
2348 2349 0.0015815
5239 2349 0.0015815
5739 2349 0.0015815
2351 2350 0.47129
4656 2350 0.47129
7014 2350 0.47129
7087 2350 0.47129
2350 2351 0.0031992
5671 2351 0.0031992
5836 2351 0.0031992
2078 2360 0.00013637
2358 2360 0.00013637
2361 2360 0.00013637
6371 2360 0.00013637
2360 2361 0.00021078
2363 2361 0.00021078
3120 2361 0.00021078
2360 2362 0.00032897
2363 2362 0.00032897
3120 2362 0.00032897
2362 2363 0.00039089
2365 2363 0.00039089
6395 2363 0.00039089
2362 2364 0.00041922
2365 2364 0.00041922
6395 2364 0.00041922
2364 2365 0.00041907
2367 2365 0.00041907
6366 2365 0.00041907
6367 2365 0.00041907
2364 2366 0.0051772
2367 2366 0.0051772
6366 2366 0.0051772
6367 2366 0.0051772
2366 2367 0.0012817
7006 2367 0.0012817
7086 2367 0.0012817
2446 2447 0.00036606
4407 2447 0.00036606
4410 2447 0.00036606
2632 2633 0.0040655
5782 2633 0.0040655
5883 2633 0.0040655
5886 2633 0.0040655
6716 2634 0.69674
2634 2635 0.38874
2636 2635 0.38874
2633 2636 0.0032683
2635 2636 0.0032683
2644 2636 0.0032683
2637 2638 0.00013299
2641 2638 0.00013299
2638 2639 0.00013226
4085 2640 0.68802
2639 2642 0.3114
2645 2642 0.3114
2633 2643 0.39268
2635 2643 0.39268
2644 2643 0.39268
2642 2644 0.0031452
2643 2644 0.0031452
2634 2645 0.31127
2636 2645 0.31127
3664 2749 0.0015079
6466 2749 0.0015079
3085 3086 0.55002
3088 3086 0.55002
5398 3086 0.55002
3087 3088 0.5476
7151 3088 0.5476
428 3090 0.68739
429 3090 0.68739
3089 3090 0.68739
5680 3090 0.68739
416 3095 0.00018938
3096 3095 0.00018938
7148 3095 0.00018938
1127 3096 0.0002629
3095 3096 0.0002629
3098 3096 0.0002629
1127 3097 0.0027837
3095 3097 0.0027837
3098 3097 0.0027837
427 3098 0.2497
431 3098 0.2497
3097 3098 0.2497
3101 3103 0.00040152
3104 3103 0.00040152
5961 3103 0.00040152
3105 3106 0.0066557
5399 3106 0.0066557
5963 3106 0.0066557
3118 3117 0.0001474
6390 3117 0.0001474
6391 3117 0.0001474
3117 3118 0.00025367
5957 3118 0.00025367
6368 3118 0.00025367
6369 3118 0.00025367
2360 3119 0.00025207
2363 3119 0.00025207
3120 3119 0.00025207
996 3120 0.00026455
3119 3120 0.00026455
4790 3120 0.00026455
6237 3120 0.00026455
3316 3317 0.061614
7005 3317 0.061614
7008 3317 0.061614
7088 3317 0.061614
3319 3318 0.00059119
5985 3318 0.00059119
7093 3318 0.00059119
7095 3318 0.00059119
3318 3319 0.0055768
6983 3319 0.0055768
7092 3319 0.0055768
3321 3320 0.00013545
3322 3320 0.00013545
7097 3320 0.00013545
3320 3321 0.00078844
6977 3321 0.00078844
7096 3321 0.00078844
3321 3323 0.00010571
3322 3323 0.00010571
7097 3323 0.00010571
2844 3615 0.68794
3616 3615 0.68794
4083 3615 0.68794
954 3617 0.68794
3618 3617 0.68794
7260 3617 0.68794
7262 3617 0.68794
1777 3619 0.7008
3617 3619 0.7008
3620 3619 0.7008
3619 3621 0.079591
3622 3621 0.079591
4035 3621 0.079591
4078 3621 0.079591
3621 3622 0.065645
3624 3622 0.065645
5872 3622 0.065645
3621 3623 0.013111
3624 3623 0.013111
5872 3623 0.013111
3623 3624 0.12021
7129 3624 0.12021
2317 3626 0.29883
3625 3626 0.29883
3628 3626 0.29883
2317 3627 0.00036786
3625 3627 0.00036786
3628 3627 0.00036786
3664 3663 0.052929
6466 3663 0.052929
4199 3791 0.022957
5395 3791 0.022957
5396 3792 0.0002876
5397 3792 0.0002876
3791 3793 0.022767
3793 3794 0.022678
5993 3794 0.022678
7115 3794 0.022678
3907 3906 0.00015261
4019 3906 0.00015261
6228 3906 0.00015261
6358 3906 0.00015261
2072 3907 0.00017416
2074 3907 0.00017416
2075 3907 0.00017416
3906 3907 0.00017416
6876 3963 0.00013491
4022 4021 0.0049981
4025 4021 0.0049981
5873 4021 0.0049981
5996 4021 0.0049981
4021 4022 0.062595
4046 4022 0.062595
4047 4022 0.062595
2447 4023 0.00036606
4024 4023 0.00036606
4026 4025 0.0037912
4411 4025 0.0037912
5866 4025 0.0037912
4022 4026 0.097124
4025 4026 0.097124
5873 4026 0.097124
5996 4026 0.097124
4028 4027 0.14778
4029 4027 0.14778
5999 4027 0.14778
4030 4029 0.14778
4092 4029 0.14778
4566 4029 0.14778
5995 4029 0.14778
4036 4035 0.0081077
5865 4035 0.0081077
5868 4035 0.0081077
3619 4036 0.69501
3622 4036 0.69501
4035 4036 0.69501
4078 4036 0.69501
4021 4045 0.075085
4046 4045 0.075085
4047 4045 0.075085
4045 4046 0.001466
4090 4046 0.001466
4093 4046 0.001466
4048 4047 0.13212
4049 4047 0.13212
5869 4047 0.13212
5998 4047 0.13212
4021 4048 0.00089922
4046 4048 0.00089922
4047 4048 0.00089922
3626 4049 0.19193
4050 4049 0.19193
4051 4049 0.19193
7128 4049 0.19193
4048 4050 0.00024876
4049 4050 0.00024876
5869 4050 0.00024876
5998 4050 0.00024876
4084 4083 0.68794
4086 4083 0.68794
5987 4083 0.68794
5770 4085 0.68807
5772 4085 0.68807
2640 4086 0.68794
4087 4086 0.68794
5732 4086 0.68794
4089 4088 0.012775
5997 4088 0.012775
1874 4089 0.00018341
4088 4089 0.00018341
4091 4089 0.00018341
6001 4089 0.00018341
1874 4090 0.0131
4088 4090 0.0131
4091 4090 0.0131
6001 4090 0.0131
4045 4091 0.00013746
4090 4091 0.00013746
4093 4091 0.00013746
4045 4092 0.086726
4090 4092 0.086726
4093 4092 0.086726
4030 4093 0.00014378
4092 4093 0.00014378
4566 4093 0.00014378
5995 4093 0.00014378
4155 4154 0.3002
7132 4154 0.3002
769 4155 0.0032619
4157 4155 0.0032619
4154 4156 0.0010151
5938 4156 0.0010151
772 4157 0.0013493
1884 4157 0.0013493
4156 4157 0.0013493
4163 4162 0.00021205
4164 4162 0.00021205
5889 4162 0.00021205
5892 4162 0.00021205
4162 4163 0.00048295
4171 4163 0.00048295
5793 4163 0.00048295
4165 4164 0.00044346
4166 4164 0.00044346
5929 4164 0.00044346
5972 4164 0.00044346
4163 4165 0.00057228
4164 4165 0.00057228
5889 4165 0.00057228
5892 4165 0.00057228
4167 4166 0.00034958
4168 4166 0.00034958
5923 4166 0.00034958
5926 4166 0.00034958
4165 4167 0.0005842
4166 4167 0.0005842
5929 4167 0.0005842
5972 4167 0.0005842
4169 4168 0.00025427
4193 4168 0.00025427
4194 4168 0.00025427
4167 4169 0.00040796
4168 4169 0.00040796
5923 4169 0.00040796
5926 4169 0.00040796
4162 4170 0.00023738
4171 4170 0.00023738
5793 4170 0.00023738
4170 4171 0.00015559
4173 4171 0.00015559
5933 4171 0.00015559
4170 4172 0.0001327
4173 4172 0.0001327
5933 4172 0.0001327
4177 4179 0.00013528
4178 4179 0.00013528
5970 4179 0.00013528
4181 4180 0.00033582
4182 4180 0.00033582
5885 4180 0.00033582
5888 4180 0.00033582
4179 4181 0.00012071
4180 4181 0.00012071
4183 4182 0.00095336
4184 4182 0.00095336
5928 4182 0.00095336
4181 4183 0.0002685
4182 4183 0.0002685
5885 4183 0.0002685
5888 4183 0.0002685
4185 4184 0.0007115
4186 4184 0.0007115
5922 4184 0.0007115
4183 4185 0.00055583
4184 4185 0.00055583
5928 4185 0.00055583
4187 4186 0.00060668
4188 4186 0.00060668
4195 4186 0.00060668
4185 4187 0.0013064
4186 4187 0.0013064
5922 4187 0.0013064
4189 4188 0.00065184
4190 4188 0.00065184
5918 4188 0.00065184
4187 4189 0.0020054
4188 4189 0.0020054
4195 4189 0.0020054
4191 4190 0.0013757
4666 4190 0.0013757
6469 4190 0.0013757
4189 4191 0.012857
4190 4191 0.012857
5918 4191 0.012857
4169 4192 0.00013773
4193 4192 0.00013773
4194 4192 0.00013773
4192 4193 0.00063791
5919 4193 0.00063791
5980 4193 0.00063791
4187 4194 0.00011984
4188 4194 0.00011984
4195 4194 0.00011984
4169 4195 0.0007737
4193 4195 0.0007737
4194 4195 0.0007737
5771 4198 0.00046028
5881 4198 0.00046028
7116 4199 0.00010215
2338 4200 0.0027614
2341 4200 0.0027614
4198 4200 0.0027614
4205 4206 0.00015357
5741 4206 0.00015357
5742 4206 0.00015357
4204 4208 0.00016133
4206 4208 0.00016133
4207 4208 0.00016133
4211 4208 0.00016133
4201 4210 0.0002334
4208 4210 0.0002334
4209 4210 0.0002334
5909 4210 0.0002334
2332 4215 0.00021246
2335 4215 0.00021246
4216 4215 0.00021246
4215 4216 0.00024197
6725 4216 0.00024197
4218 4217 0.00040614
6706 4217 0.00040614
6724 4217 0.00040614
4223 4224 0.022611
6896 4224 0.022611
7081 4224 0.022611
4228 4227 0.021471
4229 4227 0.021471
6893 4227 0.021471
4227 4228 0.001094
5937 4228 0.001094
7073 4228 0.001094
4228 4230 0.0022346
4229 4230 0.0022346
6893 4230 0.0022346
4027 4407 0.00039522
4408 4407 0.00039522
4412 4407 0.00039522
2446 4408 0.00039522
4407 4408 0.00039522
4410 4408 0.00039522
4023 4410 0.00036606
4409 4410 0.00036606
4027 4411 0.00049009
4408 4411 0.00049009
4412 4411 0.00049009
4026 4412 0.85278
4411 4412 0.85278
5866 4412 0.85278
4657 4656 0.55676
5663 4656 0.55676
5665 4656 0.55676
6737 4659 0.93736
2646 4664 0.0013072
5774 4664 0.0013072
5775 4664 0.0013072
4191 4665 0.00044184
4666 4665 0.00044184
6469 4665 0.00044184
4664 4666 0.0012087
4665 4666 0.0012087
1537 4709 0.90853
4710 4709 0.90853
5063 4710 0.97211
4789 4790 0.0005156
6240 4790 0.0005156
6365 4790 0.0005156
5064 5063 0.99497
5240 5063 0.99497
4659 5064 0.93765
5065 5064 0.93765
3792 5065 0.00028753
5087 5086 0.00013512
5271 5086 0.00013512
1129 5087 0.00011361
3963 5087 0.00011361
7272 5088 0.44306
7274 5088 0.44306
5090 5089 0.00012332
5091 5090 0.42543
5838 5090 0.42543
1128 5091 0.44333
5092 5091 0.44333
5093 5092 0.44322
5088 5093 0.44336
5094 5093 0.44336
1126 5094 0.00029508
2368 5233 0.00036924
3627 5233 0.00036924
5234 5233 0.00036924
6541 5233 0.00036924
2348 5238 0.00010345
5239 5238 0.00010345
5739 5238 0.00010345
3317 5239 0.056664
5238 5239 0.056664
7089 5239 0.056664
5241 5240 0.058022
5738 5240 0.058022
7218 5240 0.058022
5064 5241 0.00070766
5240 5241 0.00070766
5063 5395 0.022855
3791 5396 0.00019026
3105 5398 0.0051176
5399 5398 0.0051176
5963 5398 0.0051176
3085 5399 0.0026821
3088 5399 0.0026821
5398 5399 0.0026821
5666 5662 0.00025986
5667 5662 0.00025986
5666 5665 0.55676
5667 5665 0.55676
3086 5667 0.55702
5668 5667 0.55702
5964 5667 0.55702
2350 5669 0.55599
5671 5669 0.55599
5836 5669 0.55599
2350 5670 0.0035905
5671 5670 0.0035905
5836 5670 0.0035905
5670 5671 0.047552
6385 5671 0.047552
7085 5671 0.047552
3090 5674 0.13429
5675 5674 0.13429
5676 5674 0.13429
7150 5674 0.13429
2279 5675 0.0039522
5674 5675 0.0039522
7273 5675 0.0039522
3090 5677 0.0094779
5675 5677 0.0094779
5676 5677 0.0094779
7150 5677 0.0094779
5677 5679 0.00040154
5678 5679 0.00040154
5962 5679 0.00040154
3094 5680 1.0017
5681 5680 1.0017
5683 5680 1.0017
1975 5683 0.0016773
3091 5683 0.0016773
5682 5683 0.0016773
5693 5683 0.0016773
432 5693 0.0016693
5692 5693 0.0016693
2348 5738 0.058013
5239 5738 0.058013
5739 5738 0.058013
5241 5739 0.00052948
5738 5739 0.00052948
7218 5739 0.00052948
5740 5741 0.00026028
7219 5741 0.00026028
4213 5742 0.00012921
5743 5742 0.00012921
5744 5742 0.00012921
4205 5743 0.00014977
5741 5743 0.00014977
5742 5743 0.00014977
1655 5744 0.00013847
5745 5744 0.00013847
5901 5744 0.00013847
5904 5744 0.00013847
4213 5745 0.00014924
5743 5745 0.00014924
5744 5745 0.00014924
1656 5747 0.00013665
5746 5747 0.00013665
5748 5747 0.00013665
558 5769 0.0016403
5766 5769 0.0016403
6474 5769 0.0016403
1779 5770 0.041574
3663 5770 0.041574
5769 5770 0.041574
4664 5771 0.00054038
4665 5771 0.00054038
6467 5772 0.6465
5773 5774 0.00010545
5880 5774 0.00010545
5776 5775 0.0013235
6468 5775 0.0013235
5780 5782 0.00011723
5781 5782 0.00011723
5786 5782 0.00011723
5792 5791 0.00020508
5891 5791 0.00020508
5894 5791 0.00020508
5790 5792 0.00025619
5791 5792 0.00025619
5932 5792 0.00025619
5969 5792 0.00025619
5794 5793 0.00035269
5931 5793 0.00035269
5795 5794 0.00026186
5887 5794 0.00026186
5890 5794 0.00026186
5794 5795 0.00023592
5931 5795 0.00023592
6877 5835 0.42531
5835 5836 0.043936
5091 5837 0.018817
5838 5837 0.018817
5837 5838 0.00092245
6927 5838 0.00092245
7069 5838 0.00092245
7112 5838 0.00092245
4026 5865 0.0016541
4411 5865 0.0016541
5866 5865 0.0016541
4036 5866 0.76061
5865 5866 0.76061
5868 5866 0.76061
4036 5867 0.019536
5865 5867 0.019536
5868 5867 0.019536
5867 5868 0.091589
5870 5868 0.091589
5871 5868 0.091589
5874 5868 0.091589
5867 5869 0.013473
5870 5869 0.013473
5871 5869 0.013473
5874 5869 0.013473
4048 5870 0.061346
4049 5870 0.061346
5869 5870 0.061346
5998 5870 0.061346
3621 5871 0.13013
3624 5871 0.13013
5872 5871 0.13013
5867 5872 0.0090829
5870 5872 0.0090829
5871 5872 0.0090829
5874 5872 0.0090829
5867 5873 0.10399
5870 5873 0.10399
5871 5873 0.10399
5874 5873 0.10399
4022 5874 0.0071241
4025 5874 0.0071241
5873 5874 0.0071241
5996 5874 0.0071241
5879 5880 0.00010545
5882 5880 0.00010545
5771 5882 0.00010545
5881 5882 0.00010545
4181 5886 0.0039563
4182 5886 0.0039563
5885 5886 0.0039563
5888 5886 0.0039563
5795 5888 0.0035521
5887 5888 0.0035521
5890 5888 0.0035521
4163 5890 0.0035746
4164 5890 0.0035746
5889 5890 0.0035746
5892 5890 0.0035746
5792 5892 0.0034034
5891 5892 0.0034034
5894 5892 0.0034034
5893 5894 0.003351
7255 5894 0.003351
5895 5896 0.0048326
7253 5896 0.0048326
5897 5898 0.0049602
5900 5898 0.0049602
5983 5898 0.0049602
5899 5900 0.004908
5902 5900 0.004908
5910 5900 0.004908
1655 5902 0.0049843
5745 5902 0.0049843
5901 5902 0.0049843
5904 5902 0.0049843
2349 5904 0.0051368
5903 5904 0.0051368
5986 5904 0.0051368
7105 5904 0.0051368
5899 5909 0.00010571
5902 5909 0.00010571
5910 5909 0.00010571
4189 5917 0.00083167
4190 5917 0.00083167
5918 5917 0.00083167
5917 5918 0.010959
5920 5918 0.010959
5978 5918 0.010959
5917 5919 0.0014327
5920 5919 0.0014327
5978 5919 0.0014327
4192 5920 0.0005197
5919 5920 0.0005197
5980 5920 0.0005197
4185 5921 0.00017818
4186 5921 0.00017818
5922 5921 0.00017818
5921 5922 0.0010336
5924 5922 0.0010336
5973 5922 0.0010336
5921 5923 0.00017363
5924 5923 0.00017363
5973 5923 0.00017363
4167 5924 0.00099181
4168 5924 0.00099181
5923 5924 0.00099181
5926 5924 0.00099181
4167 5925 0.00024216
4168 5925 0.00024216
5923 5925 0.00024216
5926 5925 0.00024216
5925 5926 0.00097942
5976 5926 0.00097942
5979 5926 0.00097942
4183 5927 0.00022276
4184 5927 0.00022276
5928 5927 0.00022276
5927 5928 0.00075194
5930 5928 0.00075194
5974 5928 0.00075194
5927 5929 0.00022351
5930 5929 0.00022351
5974 5929 0.00022351
4165 5930 0.00078993
4166 5930 0.00078993
5929 5930 0.00078993
5972 5930 0.00078993
4179 5931 0.00032675
4180 5931 0.00032675
4170 5932 0.0001652
4173 5932 0.0001652
5933 5932 0.0001652
5790 5933 0.00018182
5791 5933 0.00018182
5932 5933 0.00018182
5969 5933 0.00018182
4227 5936 0.29694
5937 5936 0.29694
7073 5936 0.29694
4154 5939 0.29918
5938 5939 0.29918
3133 5954 0.00021944
5955 5954 0.00021944
6394 5954 0.00021944
5954 5955 0.00020739
6370 5955 0.00020739
6388 5955 0.00020739
7111 5955 0.00020739
3117 5956 0.0026068
5957 5956 0.0026068
6368 5956 0.0026068
6369 5956 0.0026068
5956 5957 0.0015558
6386 5957 0.0015558
6387 5957 0.0015558
5672 5961 0.00036884
5679 5961 0.00036884
5960 5961 0.00036884
5677 5963 0.0090802
5678 5963 0.0090802
5962 5963 0.0090802
3103 5964 0.0070459
3106 5964 0.0070459
5965 5964 0.0070459
5790 5968 0.00010686
5791 5968 0.00010686
5932 5968 0.00010686
5969 5968 0.00010686
2327 5969 0.00020408
4708 5969 0.00020408
5968 5969 0.00020408
4172 5970 0.00011084
5797 5970 0.00011084
4165 5971 0.00016341
4166 5971 0.00016341
5929 5971 0.00016341
5972 5971 0.00016341
2331 5972 0.00083562
4196 5972 0.00083562
5971 5972 0.00083562
7256 5972 0.00083562
5927 5973 0.00028362
5930 5973 0.00028362
5974 5973 0.00028362
5921 5974 0.00024639
5924 5974 0.00024639
5973 5974 0.00024639
5925 5975 0.00088897
5976 5975 0.00088897
5979 5975 0.00088897
2330 5976 0.0012134
2333 5976 0.0012134
5975 5976 0.0012134
5917 5977 0.00098606
5920 5977 0.00098606
5978 5977 0.00098606
2334 5978 0.012027
2337 5978 0.012027
5977 5978 0.012027
7152 5978 0.012027
4192 5979 0.00097637
5919 5979 0.00097637
5980 5979 0.00097637
5925 5980 0.00056351
5976 5980 0.00056351
5979 5980 0.00056351
1658 5983 0.00012472
5747 5983 0.00012472
5907 5983 0.00012472
5984 5983 0.00012472
2349 5985 0.00029735
5903 5985 0.00029735
5986 5985 0.00029735
7105 5985 0.00029735
3319 5986 0.0063401
5985 5986 0.0063401
7093 5986 0.0063401
7095 5986 0.0063401
1793 5989 0.00072458
1802 5989 0.00072458
5990 5989 0.00072458
1786 5990 0.00051993
1787 5990 0.00051993
5989 5990 0.00051993
4022 5995 0.066562
4025 5995 0.066562
5873 5995 0.066562
5996 5995 0.066562
4030 5996 0.0054291
4092 5996 0.0054291
4566 5996 0.0054291
5995 5996 0.0054291
4048 5997 0.012775
4049 5997 0.012775
5869 5997 0.012775
5998 5997 0.012775
4089 5998 0.00018341
5997 5998 0.00018341
3907 6227 0.00016192
4019 6227 0.00016192
6228 6227 0.00016192
6358 6227 0.00016192
548 6228 0.00015002
6226 6228 0.00015002
6227 6228 0.00015002
6230 6228 0.00015002
548 6229 0.00013986
6226 6229 0.00013986
6227 6229 0.00013986
6230 6229 0.00013986
6229 6230 0.00047918
6979 6230 0.00047918
7063 6230 0.00047918
2071 6237 0.00015019
6238 6237 0.00015019
6239 6237 0.00015019
996 6238 0.00025407
3119 6238 0.00025407
4790 6238 0.00025407
6237 6238 0.00025407
4789 6239 0.00056808
6240 6239 0.00056808
6365 6239 0.00056808
2364 6365 0.0010563
2367 6365 0.0010563
6366 6365 0.0010563
6367 6365 0.0010563
3117 6367 0.0056198
5957 6367 0.0056198
6368 6367 0.0056198
6369 6367 0.0056198
2364 6368 0.0007594
2367 6368 0.0007594
6366 6368 0.0007594
6367 6368 0.0007594
5954 6369 0.0070485
6370 6369 0.0070485
6388 6369 0.0070485
7111 6369 0.0070485
3117 6370 0.0010308
5957 6370 0.0010308
6368 6370 0.0010308
6369 6370 0.0010308
5956 6385 0.013332
6386 6385 0.013332
6387 6385 0.013332
5670 6386 0.00039228
6385 6386 0.00039228
7085 6386 0.00039228
5954 6387 0.012228
6370 6387 0.012228
6388 6387 0.012228
7111 6387 0.012228
5956 6388 0.00033924
6386 6388 0.00033924
6387 6388 0.00033924
3908 6391 0.00013545
6392 6391 0.00013545
6393 6391 0.00013545
3118 6392 0.00018373
6390 6392 0.00018373
6391 6392 0.00018373
3133 6393 0.00015089
5955 6393 0.00015089
6394 6393 0.00015089
3908 6394 0.00017127
6392 6394 0.00017127
6393 6394 0.00017127
6111 6395 0.00012354
6396 6395 0.00012354
6397 6395 0.00012354
6406 6395 0.00012354
2749 6465 0.001506
4599 6465 0.001506
6467 6466 0.054436
2642 6467 0.70094
2643 6467 0.70094
4191 6468 0.69797
4666 6468 0.69797
6469 6468 0.69797
2336 6469 0.68572
2339 6469 0.68572
4709 6469 0.68572
1804 6474 0.00025505
2284 6474 0.00025505
6475 6474 0.00025505
558 6475 0.00012266
5766 6475 0.00012266
6474 6475 0.00012266
946 6706 0.00041156
6707 6706 0.00041156
5776 6716 0.69674
6468 6716 0.69674
4215 6724 0.00021246
6725 6724 0.00021246
4218 6725 0.00024197
6706 6725 0.00024197
6724 6725 0.00024197
4217 6726 0.00040614
6727 6726 0.00040614
6880 6737 0.93736
5085 6873 0.00010406
5267 6873 0.00010406
6873 6874 0.00010406
5093 6875 0.00013491
6875 6876 0.00013491
5090 6877 0.42531
5662 6878 0.00025986
5664 6878 0.00025986
433 6880 0.93736
5669 6880 0.93736
4224 6893 0.022611
4225 6893 0.022611
6894 6893 0.022611
6895 6896 0.022645
7017 6896 0.022645
7084 6896 0.022645
6969 6971 0.00087297
6972 6971 0.00087297
6975 6971 0.00087297
7066 6971 0.00087297
6971 6972 0.00025904
6974 6972 0.00025904
7064 6972 0.00025904
6971 6973 0.0012133
6974 6973 0.0012133
7064 6973 0.0012133
6973 6974 0.00030549
6976 6974 0.00030549
6978 6974 0.00030549
6973 6975 0.0011132
6976 6975 0.0011132
6978 6975 0.0011132
6969 6976 0.00045671
6972 6976 0.00045671
6975 6976 0.00045671
7066 6976 0.00045671
6973 6977 0.001304
6976 6977 0.001304
6978 6977 0.001304
3320 6978 0.0010527
6977 6978 0.0010527
7096 6978 0.0010527
6980 6979 0.00073125
7065 6979 0.00073125
7098 6979 0.00073125
6982 6981 0.0016073
6984 6981 0.0016073
6986 6981 0.0016073
6981 6982 0.0003125
6990 6982 0.0003125
6982 6983 0.00099717
6984 6983 0.00099717
6986 6983 0.00099717
3318 6984 0.0027691
6983 6984 0.0027691
7092 6984 0.0027691
6982 6985 0.0018122
6984 6985 0.0018122
6986 6985 0.0018122
6985 6986 0.001335
6988 6986 0.001335
6989 6986 0.001335
6985 6987 0.0028745
6988 6987 0.0028745
6989 6987 0.0028745
6987 6988 0.0011026
6992 6988 0.0011026
6994 6988 0.0011026
6981 6989 0.0016073
6990 6989 0.0016073
6985 6990 0.0003125
6988 6990 0.0003125
6989 6990 0.0003125
6987 6991 0.0031353
6992 6991 0.0031353
6994 6991 0.0031353
6991 6992 0.00053873
6995 6992 0.00053873
7000 6992 0.00053873
6987 6993 0.0017731
6992 6993 0.0017731
6994 6993 0.0017731
6993 6994 0.0025978
6996 6994 0.0025978
6998 6994 0.0025978
7001 6994 0.0025978
6993 6995 0.0014666
6996 6995 0.0014666
6998 6995 0.0014666
7001 6995 0.0014666
6991 6996 0.0028196
6995 6996 0.0028196
7000 6996 0.0028196
6993 6997 0.0041828
6996 6997 0.0041828
6998 6997 0.0041828
7001 6997 0.0041828
6997 6998 0.0024109
7090 6998 0.0024109
7091 6998 0.0024109
6991 6999 0.0015024
6995 6999 0.0015024
7000 6999 0.0015024
6999 7000 0.00025889
7002 7000 0.00025889
7004 7000 0.00025889
6999 7001 0.0015024
7002 7001 0.0015024
7004 7001 0.0015024
6993 7002 0.00025889
6996 7002 0.00025889
6998 7002 0.00025889
7001 7002 0.00025889
2366 7005 0.0048349
7006 7005 0.0048349
7086 7005 0.0048349
3316 7006 0.031961
7005 7006 0.031961
7008 7006 0.031961
7088 7006 0.031961
6895 7016 0.00021169
7017 7016 0.00021169
7084 7016 0.00021169
7016 7017 0.00021512
7019 7017 0.00021512
7026 7017 0.00021512
4811 7019 0.00012602
7018 7019 0.00012602
7082 7019 0.00012602
7021 7020 0.0029311
7023 7020 0.0029311
7025 7020 0.0029311
7036 7020 0.0029311
7020 7021 0.0023874
7032 7021 0.0023874
7035 7021 0.0023874
7021 7022 0.0024722
7023 7022 0.0024722
7025 7022 0.0024722
7036 7022 0.0024722
7022 7023 0.0014046
7029 7023 0.0014046
7031 7023 0.0014046
7033 7023 0.0014046
7021 7024 0.0041649
7023 7024 0.0041649
7025 7024 0.0041649
7036 7024 0.0041649
7024 7025 0.0029774
7027 7025 0.0029774
7077 7025 0.0029774
7080 7025 0.0029774
7024 7026 0.00014673
7027 7026 0.00014673
7077 7026 0.00014673
7080 7026 0.00014673
7016 7027 0.0001775
7019 7027 0.0001775
7026 7027 0.0001775
7022 7030 0.00035647
7029 7030 0.00035647
7031 7030 0.00035647
7033 7030 0.00035647
1230 7031 0.0031151
7030 7031 0.0031151
7078 7031 0.0031151
7022 7032 0.0042501
7029 7032 0.0042501
7031 7032 0.0042501
7033 7032 0.0042501
7020 7033 0.00042398
7032 7033 0.00042398
7035 7033 0.00042398
7020 7034 0.005046
7032 7034 0.005046
7035 7034 0.005046
7034 7035 0.00067623
7037 7035 0.00067623
7039 7035 0.00067623
7034 7036 0.0042826
7037 7036 0.0042826
7039 7036 0.0042826
7021 7037 0.0014839
7023 7037 0.0014839
7025 7037 0.0014839
7036 7037 0.0014839
7034 7038 0.0037439
7037 7038 0.0037439
7039 7038 0.0037439
7038 7039 0.0021727
7041 7039 0.0021727
7043 7039 0.0021727
7038 7040 0.0037114
7041 7040 0.0037114
7043 7040 0.0037114
1227 7041 0.0022631
7040 7041 0.0022631
7075 7041 0.0022631
7079 7041 0.0022631
7038 7042 0.00012581
7041 7042 0.00012581
7043 7042 0.00012581
7042 7044 0.00012581
7045 7044 0.00012581
7044 7046 0.00012581
7047 7046 0.00012581
7046 7048 0.00012581
7049 7048 0.00012581
7048 7050 0.00012581
7051 7050 0.00012581
7050 7052 0.00012581
7053 7052 0.00012581
7052 7054 0.00012581
7055 7054 0.00012581
6971 7063 0.00026691
6974 7063 0.00026691
7064 7063 0.00026691
6229 7064 0.00056074
6979 7064 0.00056074
7063 7064 0.00056074
6969 7065 0.00047286
6972 7065 0.00047286
6975 7065 0.00047286
7066 7065 0.00047286
6980 7066 0.00043029
7065 7066 0.00043029
7098 7066 0.00043029
2342 7073 0.27664
7057 7073 0.27664
7074 7073 0.27664
1653 7075 0.00018582
7054 7075 0.00018582
7076 7075 0.00018582
1227 7076 0.066332
7040 7076 0.066332
7075 7076 0.066332
7079 7076 0.066332
1230 7077 0.00035647
7030 7077 0.00035647
7078 7077 0.00035647
7024 7078 0.0031151
7027 7078 0.0031151
7077 7078 0.0031151
7080 7078 0.0031151
7024 7079 0.0031777
7027 7079 0.0031777
7077 7079 0.0031777
7080 7079 0.0031777
1227 7080 0.004718
7040 7080 0.004718
7075 7080 0.004718
7079 7080 0.004718
4223 7082 0.00012602
6896 7082 0.00012602
7081 7082 0.00012602
3790 7084 0.022641
3794 7084 0.022641
7083 7084 0.022641
2366 7085 0.03558
7006 7085 0.03558
7086 7085 0.03558
5670 7086 0.0045576
6385 7086 0.0045576
7085 7086 0.0045576
3316 7087 0.00038466
7005 7087 0.00038466
7008 7087 0.00038466
7088 7087 0.00038466
2351 7088 0.089057
4656 7088 0.089057
7014 7088 0.089057
7087 7088 0.089057
6997 7089 0.0035756
7090 7089 0.0035756
7091 7089 0.0035756
3317 7090 0.0085612
5238 7090 0.0085612
7089 7090 0.0085612
3318 7091 0.00092101
6983 7091 0.00092101
7092 7091 0.00092101
6997 7092 0.0076785
7090 7092 0.0076785
7091 7092 0.0076785
547 7093 0.0015596
2073 7093 0.0015596
7094 7093 0.0015596
3319 7094 0.00010077
5985 7094 0.00010077
7093 7094 0.00010077
7095 7094 0.00010077
3320 7095 0.0012854
6977 7095 0.0012854
7096 7095 0.0012854
3319 7096 0.0016872
5985 7096 0.0016872
7093 7096 0.0016872
7095 7096 0.0016872
6980 7097 0.00012372
7065 7097 0.00012372
7098 7097 0.00012372
3321 7098 0.0007143
3322 7098 0.0007143
7097 7098 0.0007143
5837 7111 0.018817
6927 7111 0.018817
7069 7111 0.018817
7112 7111 0.018817
5954 7112 0.00092245
6370 7112 0.00092245
6388 7112 0.00092245
7111 7112 0.00092245
7117 7116 0.00010215
1226 7117 0.00010215
1536 7117 0.00010215
4200 7117 0.00010215
3623 7128 0.013111
7129 7128 0.013111
3626 7129 0.12021
4050 7129 0.12021
4051 7129 0.12021
7128 7129 0.12021
5936 7132 0.29694
7133 7132 0.29694
3090 7151 0.5476
5675 7151 0.5476
5676 7151 0.5476
7150 7151 0.5476
6726 7152 0.00040614
7153 7152 0.00040614
1878 7209 0.29918
2321 7209 0.29918
7208 7209 0.29918
5241 7219 0.00026028
5738 7219 0.00026028
7218 7219 0.00026028
942 7253 0.0048326
945 7253 0.0048326
5898 7253 0.0048326
7252 7253 0.0048326
2329 7255 0.003351
5896 7255 0.003351
7254 7255 0.003351
7258 7255 0.003351
2328 7256 0.0015531
7257 7256 0.0015531
2331 7257 0.00014453
4196 7257 0.00014453
5971 7257 0.00014453
7256 7257 0.00014453
2326 7258 0.00013056
7259 7258 0.00013056
2329 7259 0.00023765
5896 7259 0.00023765
7254 7259 0.00023765
7258 7259 0.00023765
3615 7262 0.68794
7263 7262 0.68794
1876 7271 0.29918
2319 7271 0.29918
7270 7271 0.29918
2279 7272 0.12372
5674 7272 0.12372
7273 7272 0.12372
7272 7273 0.004493
7274 7273 0.004493
1127 7274 0.32384
3095 7274 0.32384
3098 7274 0.32384
