557 558 0.00032096
6037 558 0.00032096
6465 558 0.00032096
770 769 0.0042285
771 769 0.0042285
1920 769 0.0042285
769 770 0.0005168
4157 770 0.0005168
772 771 0.00079991
1884 771 0.00079991
4156 771 0.00079991
770 772 0.00128
771 772 0.00128
1920 772 0.00128
1227 1226 0.14513
7040 1226 0.14513
7075 1226 0.14513
7079 1226 0.14513
1226 1227 0.0058782
1536 1227 0.0058782
4200 1227 0.0058782
1226 1537 0.14601
1536 1537 0.14601
4200 1537 0.14601
1653 1654 0.84311
7054 1654 0.84311
7076 1654 0.84311
1773 1775 0.0028667
1776 1775 0.0028667
1792 1775 0.0028667
1775 1777 0.0028667
1778 1777 0.0028667
4813 1777 0.0028667
1779 1780 0.0029068
3663 1780 0.0029068
5769 1780 0.0029068
571 1782 0.0029068
1780 1782 0.0029068
1781 1782 0.0029068
1782 1784 0.0028719
1783 1784 0.0028719
1803 1784 0.0028719
1784 1786 0.0027361
1785 1786 0.0027361
1801 1786 0.0027361
1786 1788 0.0027796
1787 1788 0.0027796
5989 1788 0.0027796
1788 1790 0.0027089
1789 1790 0.0027089
1799 1790 0.0027089
1790 1792 0.002866
1791 1792 0.002866
1797 1792 0.002866
1793 1794 0.00011218
1802 1794 0.00011218
5990 1794 0.00011218
1794 1795 0.00011218
1796 1795 0.00011218
1795 1797 0.00024504
1798 1797 0.00024504
1800 1797 0.00024504
1788 1800 0.00016254
1789 1800 0.00016254
1799 1800 0.00016254
1793 1801 0.00010512
1802 1801 0.00010512
5990 1801 0.00010512
1784 1802 0.00023649
1785 1802 0.00023649
1801 1802 0.00023649
1875 1874 0.0010318
1896 1874 0.0010318
3924 1874 0.0010318
5233 1874 0.0010318
1918 1920 0.0041935
1921 1920 0.0041935
1922 1920 0.0041935
1923 1922 0.0041935
1924 1922 0.0041935
4230 1922 0.0041935
4231 1922 0.0041935
1886 2317 0.84388
2316 2317 0.84388
7271 2317 0.84388
2318 2319 0.84388
7209 2319 0.84388
1880 2321 0.84388
2320 2321 0.84388
2323 2321 0.84388
1882 2323 0.84388
2322 2323 0.84388
5939 2323 0.84388
2330 2331 0.00018696
2333 2331 0.00018696
5975 2331 0.00018696
2330 2332 0.00030079
2333 2332 0.00030079
5975 2332 0.00030079
2332 2333 0.00049658
2335 2333 0.00049658
4216 2333 0.00049658
2332 2334 0.00030822
2335 2334 0.00030822
4216 2334 0.00030822
2334 2335 0.0005641
2337 2335 0.0005641
5977 2335 0.0005641
7152 2335 0.0005641
2334 2336 0.00054248
2337 2336 0.00054248
5977 2336 0.00054248
7152 2336 0.00054248
2336 2337 0.0043782
2339 2337 0.0043782
4709 2337 0.0043782
2336 2338 0.034767
2339 2338 0.034767
4709 2338 0.034767
2338 2339 0.044961
2341 2339 0.044961
4198 2339 0.044961
2338 2340 0.034512
2341 2340 0.034512
4198 2340 0.034512
1654 2341 0.05211
2340 2341 0.05211
2343 2341 0.05211
1654 2342 0.82555
2340 2342 0.82555
2343 2342 0.82555
2446 2447 0.00032145
4407 2447 0.00032145
4410 2447 0.00032145
2632 2633 0.00028396
5782 2633 0.00028396
5883 2633 0.00028396
5886 2633 0.00028396
6716 2634 0.15583
2634 2635 0.086945
2636 2635 0.086945
2633 2636 0.00071177
2635 2636 0.00071177
2644 2636 0.00071177
4085 2640 0.15327
2639 2642 0.069628
2645 2642 0.069628
2633 2643 0.087219
2635 2643 0.087219
2644 2643 0.087219
2642 2644 0.00070326
2643 2644 0.00070326
2634 2645 0.069598
2636 2645 0.069598
3664 2749 0.0003359
6466 2749 0.0003359
2844 3615 0.15325
3616 3615 0.15325
4083 3615 0.15325
954 3617 0.15325
3618 3617 0.15325
7260 3617 0.15325
7262 3617 0.15325
1777 3619 0.15611
3617 3619 0.15611
3620 3619 0.15611
3619 3621 0.032265
3622 3621 0.032265
4035 3621 0.032265
4078 3621 0.032265
3621 3622 0.18345
3624 3622 0.18345
5872 3622 0.18345
3621 3623 0.014287
3624 3623 0.014287
5872 3623 0.014287
3623 3624 0.33879
7129 3624 0.33879
2317 3626 0.84286
3625 3626 0.84286
3628 3626 0.84286
2317 3627 0.0010327
3625 3627 0.0010327
3628 3627 0.0010327
3664 3663 0.011791
6466 3663 0.011791
4199 3791 0.0007429
5395 3791 0.0007429
3791 3793 0.00073674
3793 3794 0.00073386
5993 3794 0.00073386
7115 3794 0.00073386
4022 4021 0.0087003
4025 4021 0.0087003
5873 4021 0.0087003
5996 4021 0.0087003
4021 4022 0.16247
4046 4022 0.16247
4047 4022 0.16247
2447 4023 0.00032145
4024 4023 0.00032145
4026 4025 0.0029311
4411 4025 0.0029311
5866 4025 0.0029311
4022 4026 0.19898
4025 4026 0.19898
5873 4026 0.19898
5996 4026 0.19898
4028 4027 0.32322
4029 4027 0.32322
5999 4027 0.32322
4030 4029 0.32322
4092 4029 0.32322
4566 4029 0.32322
5995 4029 0.32322
4036 4035 0.016338
5865 4035 0.016338
5868 4035 0.016338
3619 4036 0.32376
3622 4036 0.32376
4035 4036 0.32376
4078 4036 0.32376
4021 4045 0.19112
4046 4045 0.19112
4047 4045 0.19112
4045 4046 0.003496
4090 4046 0.003496
4093 4046 0.003496
4048 4047 0.34331
4049 4047 0.34331
5869 4047 0.34331
5998 4047 0.34331
4021 4048 0.0019252
4046 4048 0.0019252
4047 4048 0.0019252
3626 4049 0.51865
4050 4049 0.51865
4051 4049 0.51865
7128 4049 0.51865
4048 4050 0.00042432
4049 4050 0.00042432
5869 4050 0.00042432
5998 4050 0.00042432
3626 4052 0.00012938
4050 4052 0.00012938
4051 4052 0.00012938
7128 4052 0.00012938
4056 4058 0.00012938
4057 4058 0.00012938
4080 4058 0.00012938
3912 4060 0.00012938
4058 4060 0.00012938
4059 4060 0.00012938
4064 4066 0.00012938
4065 4066 0.00012938
4082 4066 0.00012938
4067 4068 0.00012938
4414 4068 0.00012938
1516 4070 0.00012938
4068 4070 0.00012938
4069 4070 0.00012938
4044 4072 0.00012938
4070 4072 0.00012938
4071 4072 0.00012938
4041 4074 0.00012938
4072 4074 0.00012938
4073 4074 0.00012938
4039 4076 0.00012938
4074 4076 0.00012938
4075 4076 0.00012938
4037 4078 0.00012938
4076 4078 0.00012938
4077 4078 0.00012938
4084 4083 0.15325
4086 4083 0.15325
5987 4083 0.15325
5770 4085 0.15328
5772 4085 0.15328
2640 4086 0.15325
4087 4086 0.15325
5732 4086 0.15325
4089 4088 0.031228
5997 4088 0.031228
1874 4089 0.00046553
4088 4089 0.00046553
4091 4089 0.00046553
6001 4089 0.00046553
1874 4090 0.032131
4088 4090 0.032131
4091 4090 0.032131
6001 4090 0.032131
4045 4091 0.00033791
4090 4091 0.00033791
4093 4091 0.00033791
4045 4092 0.21966
4090 4092 0.21966
4093 4092 0.21966
4030 4093 0.0002422
4092 4093 0.0002422
4566 4093 0.0002422
5995 4093 0.0002422
4155 4154 0.84675
7132 4154 0.84675
769 4155 0.0070553
4157 4155 0.0070553
4154 4156 0.0028634
5938 4156 0.0028634
772 4157 0.0033435
1884 4157 0.0033435
4156 4157 0.0033435
4183 4182 0.00018516
4184 4182 0.00018516
5928 4182 0.00018516
4185 4184 0.00016346
4186 4184 0.00016346
5922 4184 0.00016346
4187 4186 0.0001452
4188 4186 0.0001452
4195 4186 0.0001452
4185 4187 0.00022033
4186 4187 0.00022033
5922 4187 0.00022033
4189 4188 0.00015491
4190 4188 0.00015491
5918 4188 0.00015491
4187 4189 0.00039684
4188 4189 0.00039684
4195 4189 0.00039684
4191 4190 0.00030571
4666 4190 0.00030571
6469 4190 0.00030571
4189 4191 0.0038587
4190 4191 0.0038587
5918 4191 0.0038587
4192 4193 0.00019318
5919 4193 0.00019318
5980 4193 0.00019318
4169 4195 0.00019501
4193 4195 0.00019501
4194 4195 0.00019501
5771 4198 0.00010378
5881 4198 0.00010378
7116 4199 0.00074267
2338 4200 0.0075074
2341 4200 0.0075074
4198 4200 0.0075074
4223 4224 0.018408
6896 4224 0.018408
7081 4224 0.018408
4228 4227 0.017481
4229 4227 0.017481
6893 4227 0.017481
4227 4228 0.0032639
5937 4228 0.0032639
7073 4228 0.0032639
4228 4230 0.0041922
4229 4230 0.0041922
6893 4230 0.0041922
4027 4407 0.00034705
4408 4407 0.00034705
4412 4407 0.00034705
2446 4408 0.00034705
4407 4408 0.00034705
4410 4408 0.00034705
4023 4410 0.00032145
4409 4410 0.00032145
4027 4411 0.0010702
4408 4411 0.0010702
4412 4411 0.0010702
4026 4412 0.6779
4411 4412 0.6779
5866 4412 0.6779
4066 4414 0.00012938
4413 4414 0.00012938
2646 4664 0.00029239
5774 4664 0.00029239
5775 4664 0.00029239
4664 4666 0.00027035
4665 4666 0.00027035
1537 4709 0.14602
4710 4709 0.14602
2368 5233 0.0010255
3627 5233 0.0010255
5234 5233 0.0010255
6541 5233 0.0010255
558 5769 0.00036539
5766 5769 0.00036539
6474 5769 0.00036539
1779 5770 0.0092612
3663 5770 0.0092612
5769 5770 0.0092612
4664 5771 0.0001219
4665 5771 0.0001219
6467 5772 0.14402
5776 5775 0.00029602
6468 5775 0.00029602
4026 5865 0.0034099
4411 5865 0.0034099
5866 5865 0.0034099
4036 5866 0.48418
5865 5866 0.48418
5868 5866 0.48418
4036 5867 0.01092
5865 5867 0.01092
5868 5867 0.01092
5867 5868 0.18428
5870 5868 0.18428
5871 5868 0.18428
5874 5868 0.18428
5867 5869 0.019474
5870 5869 0.019474
5871 5869 0.019474
5874 5869 0.019474
4048 5870 0.16555
4049 5870 0.16555
5869 5870 0.16555
5998 5870 0.16555
3621 5871 0.19597
3624 5871 0.19597
5872 5871 0.19597
5867 5872 0.02265
5870 5872 0.02265
5871 5872 0.02265
5874 5872 0.02265
5867 5873 0.16414
5870 5873 0.16414
5871 5873 0.16414
5874 5873 0.16414
4022 5874 0.018097
4025 5874 0.018097
5873 5874 0.018097
5996 5874 0.018097
4181 5886 0.00028139
4182 5886 0.00028139
5885 5886 0.00028139
5888 5886 0.00028139
5795 5888 0.00015011
5887 5888 0.00015011
5890 5888 0.00015011
4163 5890 0.00013703
4164 5890 0.00013703
5889 5890 0.00013703
5892 5890 0.00013703
4189 5917 0.00018472
4190 5917 0.00018472
5918 5917 0.00018472
5917 5918 0.0034958
5920 5918 0.0034958
5978 5918 0.0034958
5917 5919 0.00045762
5920 5919 0.00045762
5978 5919 0.00045762
4192 5920 0.00012842
5919 5920 0.00012842
5980 5920 0.00012842
5921 5922 0.00022152
5924 5922 0.00022152
5973 5922 0.00022152
4167 5924 0.00022511
4168 5924 0.00022511
5923 5924 0.00022511
5926 5924 0.00022511
5925 5926 0.00027038
5976 5926 0.00027038
5979 5926 0.00027038
5927 5928 0.00011553
5930 5928 0.00011553
5974 5928 0.00011553
4165 5930 0.00011104
4166 5930 0.00011104
5929 5930 0.00011104
5972 5930 0.00011104
4227 5936 0.8397
5937 5936 0.8397
7073 5936 0.8397
4154 5939 0.84388
5938 5939 0.84388
2331 5972 0.00014331
4196 5972 0.00014331
5971 5972 0.00014331
7256 5972 0.00014331
5925 5975 0.0002719
5976 5975 0.0002719
5979 5975 0.0002719
2330 5976 0.00032167
2333 5976 0.00032167
5975 5976 0.00032167
5917 5977 0.00022355
5920 5977 0.00022355
5978 5977 0.00022355
2334 5978 0.0038638
2337 5978 0.0038638
5977 5978 0.0038638
7152 5978 0.0038638
4192 5979 0.0003104
5919 5979 0.0003104
5980 5979 0.0003104
5925 5980 0.00014436
5976 5980 0.00014436
5979 5980 0.00014436
1793 5989 0.00016142
1802 5989 0.00016142
5990 5989 0.00016142
1786 5990 0.00011583
1787 5990 0.00011583
5989 5990 0.00011583
4022 5995 0.11741
4025 5995 0.11741
5873 5995 0.11741
5996 5995 0.11741
4030 5996 0.013659
4092 5996 0.013659
4566 5996 0.013659
5995 5996 0.013659
4048 5997 0.031228
4049 5997 0.031228
5869 5997 0.031228
5998 5997 0.031228
4089 5998 0.00046553
5997 5998 0.00046553
2749 6465 0.00033548
4599 6465 0.00033548
6467 6466 0.012126
2642 6467 0.15614
2643 6467 0.15614
4191 6468 0.15611
4666 6468 0.15611
6469 6468 0.15611
2336 6469 0.15238
2339 6469 0.15238
4709 6469 0.15238
5776 6716 0.15583
6468 6716 0.15583
4224 6893 0.018408
4225 6893 0.018408
6894 6893 0.018408
6895 6896 0.014651
7017 6896 0.014651
7084 6896 0.014651
7016 7017 0.013927
7019 7017 0.013927
7026 7017 0.013927
7016 7018 0.0038401
7019 7018 0.0038401
7026 7018 0.0038401
7021 7020 0.30727
7023 7020 0.30727
7025 7020 0.30727
7036 7020 0.30727
7020 7021 0.18582
7032 7021 0.18582
7035 7021 0.18582
7021 7022 0.14536
7023 7022 0.14536
7025 7022 0.14536
7036 7022 0.14536
7022 7023 1.1525
7029 7023 1.1525
7031 7023 1.1525
7033 7023 1.1525
7021 7024 1.0208
7023 7024 1.0208
7025 7024 1.0208
7036 7024 1.0208
7024 7025 0.064677
7027 7025 0.064677
7077 7025 0.064677
7080 7025 0.064677
7024 7026 0.0177
7027 7026 0.0177
7077 7026 0.0177
7080 7026 0.0177
7022 7030 0.021638
7029 7030 0.021638
7031 7030 0.021638
7033 7030 0.021638
1230 7031 0.37402
7030 7031 0.37402
7078 7031 0.37402
7022 7032 0.37231
7029 7032 0.37231
7031 7032 0.37231
7033 7032 0.37231
7020 7033 0.027038
7032 7033 0.027038
7035 7033 0.027038
7020 7034 0.48944
7032 7034 0.48944
7035 7034 0.48944
7034 7035 0.022719
7037 7035 0.022719
7039 7035 0.022719
7034 7036 0.26049
7037 7036 0.26049
7039 7036 0.26049
7021 7037 0.19001
7023 7037 0.19001
7025 7037 0.19001
7036 7037 0.19001
7034 7038 0.40416
7037 7038 0.40416
7039 7038 0.40416
7038 7039 0.0079132
7041 7039 0.0079132
7043 7039 0.0079132
7038 7040 0.40054
7041 7040 0.40054
7043 7040 0.40054
1227 7041 0.0082303
7040 7041 0.0082303
7075 7041 0.0082303
7079 7041 0.0082303
7038 7042 0.0039659
7041 7042 0.0039659
7043 7042 0.0039659
7042 7044 0.0039659
7045 7044 0.0039659
7044 7046 0.0039659
7047 7046 0.0039659
7046 7048 0.0039659
7049 7048 0.0039659
7048 7050 0.0039659
7051 7050 0.0039659
7050 7052 0.0039659
7053 7052 0.0039659
7052 7054 0.0039659
7055 7054 0.0039659
2342 7073 0.82555
7057 7073 0.82555
7074 7073 0.82555
1653 7075 0.00031092
7054 7075 0.00031092
7076 7075 0.00031092
1227 7076 0.83945
7040 7076 0.83945
7075 7076 0.83945
7079 7076 0.83945
1230 7077 0.021638
7030 7077 0.021638
7078 7077 0.021638
7024 7078 0.37402
7027 7078 0.37402
7077 7078 0.37402
7080 7078 0.37402
7024 7079 0.68678
7027 7079 0.68678
7077 7079 0.68678
7080 7079 0.68678
1227 7080 0.1007
7040 7080 0.1007
7075 7080 0.1007
7079 7080 0.1007
4811 7081 0.0038401
7018 7081 0.0038401
7082 7081 0.0038401
3790 7084 0.00073268
3794 7084 0.00073268
7083 7084 0.00073268
7117 7116 0.00074267
1226 7117 0.00074267
1536 7117 0.00074267
4200 7117 0.00074267
3623 7128 0.014287
7129 7128 0.014287
3626 7129 0.33879
4050 7129 0.33879
4051 7129 0.33879
7128 7129 0.33879
5936 7132 0.8397
7133 7132 0.8397
1878 7209 0.84388
2321 7209 0.84388
7208 7209 0.84388
3615 7262 0.15325
7263 7262 0.15325
1876 7271 0.84388
2319 7271 0.84388
7270 7271 0.84388
