57 59 0.00025458
60 59 0.00025458
4610 59 0.00025458
59 60 0.00070222
3420 60 0.00070222
3421 60 0.00070222
513 514 0.00036707
6441 514 0.00036707
522 521 0.90601
736 521 0.90601
3419 521 0.90601
3434 521 0.90601
521 522 0.00068058
3424 522 0.00068058
3890 522 0.00068058
524 523 0.0021532
1965 523 0.0021532
2884 523 0.0021532
523 524 0.00073667
564 524 0.00073667
6447 524 0.00073667
523 563 0.016604
564 563 0.016604
6447 563 0.016604
563 564 0.0050744
2888 564 0.0050744
4801 564 0.0050744
565 566 0.070848
980 566 0.070848
983 566 0.070848
568 567 0.019261
4174 567 0.019261
6435 567 0.019261
569 570 0.00032019
4806 570 0.00032019
5884 570 0.00032019
728 727 0.00044546
3375 727 0.00044546
4693 727 0.00044546
727 732 0.00017265
731 732 0.00017265
7126 732 0.00017265
734 733 0.00016948
2879 733 0.00016948
5252 733 0.00016948
733 734 0.00045503
7127 734 0.00045503
735 736 0.93022
737 736 0.93022
740 736 0.93022
738 737 0.012497
2913 737 0.012497
5577 737 0.012497
735 738 0.057709
737 738 0.057709
740 738 0.057709
739 740 0.97541
2885 740 0.97541
5251 740 0.97541
762 763 0.0008552
764 763 0.0008552
3428 763 0.0008552
796 795 0.00012764
2875 795 0.00012764
3441 795 0.00012764
732 797 0.00017267
798 797 0.00017267
7216 797 0.00017267
981 980 0.97602
5779 980 0.97602
6433 980 0.97602
6436 980 0.97602
565 982 0.90518
980 982 0.90518
983 982 0.90518
982 984 0.90518
985 984 0.90518
2889 984 0.90518
984 986 0.90518
987 986 0.90518
2891 986 0.90518
2893 986 0.90518
1111 1110 0.00055792
1476 1110 0.00055792
6069 1110 0.00055792
1110 1111 0.00012968
2880 1111 0.00012968
2881 1111 0.00012968
1466 1117 0.024058
2325 1117 0.024058
567 1466 0.019317
1467 1466 0.019317
1468 1467 0.00011961
5934 1467 0.00011961
1117 1468 0.024094
2345 1468 0.024094
1477 1476 0.00055148
3381 1476 0.00055148
3388 1476 0.00055148
5576 1966 0.069196
5579 1966 0.069196
2324 2325 0.0048041
7131 2325 0.0048041
2327 2326 0.00010478
4708 2326 0.00010478
5968 2326 0.00010478
2326 2327 0.0012558
7259 2327 0.0012558
2328 2329 0.00028309
7257 2329 0.00028309
2633 2632 1
2635 2632 1
2644 2632 1
566 2877 0.069643
2878 2877 0.069643
6439 2877 0.069643
1110 2879 0.05889
2880 2879 0.05889
2881 2879 0.05889
2877 2881 0.058471
2882 2881 0.058471
6443 2881 0.058471
6446 2881 0.058471
524 2883 0.00073667
1965 2883 0.00073667
2884 2883 0.00073667
2883 2884 0.0021532
6445 2884 0.0021532
6448 2884 0.0021532
2886 2885 0.91675
2887 2885 0.91675
2901 2885 0.91675
563 2887 0.91675
2888 2887 0.91675
4801 2887 0.91675
2911 2913 0.0020541
2914 2913 0.0020541
6130 2913 0.0020541
3376 3375 0.00044509
3377 3375 0.00044509
3389 3375 0.00044509
4613 3375 0.00044509
3378 3377 0.00032619
3379 3377 0.00032619
6063 3377 0.00032619
3380 3379 0.00036113
3387 3379 0.00036113
6065 3379 0.00036113
3382 3381 0.00086282
3383 3381 0.00086282
6067 3381 0.00086282
3384 3383 0.00086761
4379 3383 0.00086761
4381 3383 0.00086761
6442 3383 0.00086761
1477 3387 0.00036451
3381 3387 0.00036451
3388 3387 0.00036451
59 3419 0.00025458
3420 3419 0.00025458
3421 3419 0.00025458
522 3420 0.00070222
736 3420 0.00070222
3419 3420 0.00070222
3434 3420 0.00070222
1966 3424 0.069196
3423 3424 0.069196
763 3425 0.0008552
3426 3425 0.0008552
3427 3428 0.0008552
3429 3428 0.0008552
6139 3428 0.0008552
6461 3428 0.0008552
3425 3429 0.00035249
3430 3429 0.00035249
3891 3429 0.00035249
3427 3430 0.025011
3429 3430 0.025011
6139 3430 0.025011
6461 3430 0.025011
522 3433 0.02496
736 3433 0.02496
3419 3433 0.02496
3434 3433 0.02496
561 3434 0.00054343
3433 3434 0.00054343
6459 3434 0.00054343
6462 3434 0.00054343
795 3578 0.00054248
3577 3578 0.00054248
4598 3578 0.00054248
4615 3578 0.00054248
3425 3890 0.025841
3430 3890 0.025841
3891 3890 0.025841
521 3891 0.00036398
3424 3891 0.00036398
3890 3891 0.00036398
3898 3899 0.0020444
5581 3899 0.0020444
5935 3899 0.0020444
4163 4162 0.0017666
4164 4162 0.0017666
5889 4162 0.0017666
5892 4162 0.0017666
4162 4163 0.0015155
4171 4163 0.0015155
5793 4163 0.0015155
4165 4164 0.00052444
4166 4164 0.00052444
5929 4164 0.00052444
5972 4164 0.00052444
4163 4165 0.0016056
4164 4165 0.0016056
5889 4165 0.0016056
5892 4165 0.0016056
4167 4166 0.00015272
4168 4166 0.00015272
5923 4166 0.00015272
5926 4166 0.00015272
4165 4167 0.00056784
4166 4167 0.00056784
5929 4167 0.00056784
5972 4167 0.00056784
4162 4170 0.0028737
4171 4170 0.0028737
5793 4170 0.0028737
4170 4171 0.00011643
4173 4171 0.00011643
5933 4171 0.00011643
4170 4172 0.0015329
4173 4172 0.0015329
5933 4172 0.0015329
4172 4173 0.00018949
5797 4173 0.00018949
4175 4174 0.013303
4176 4174 0.013303
5784 4174 0.013303
5785 4174 0.013303
568 4175 0.0028426
4174 4175 0.0028426
6435 4175 0.0028426
4177 4176 0.012337
4178 4176 0.012337
5970 4176 0.012337
4175 4177 0.0007634
4176 4177 0.0007634
5784 4177 0.0007634
5785 4177 0.0007634
4179 4178 0.011295
4180 4178 0.011295
4177 4179 0.00084941
4178 4179 0.00084941
5970 4179 0.00084941
4181 4180 0.014406
4182 4180 0.014406
5885 4180 0.014406
5888 4180 0.014406
4179 4181 0.00069931
4180 4181 0.00069931
4183 4182 0.0018237
4184 4182 0.0018237
5928 4182 0.0018237
4181 4183 0.00094315
4182 4183 0.00094315
5885 4183 0.00094315
5888 4183 0.00094315
4185 4184 0.0007393
4186 4184 0.0007393
5922 4184 0.0007393
4183 4185 0.00017804
4184 4185 0.00017804
5928 4185 0.00017804
3385 4381 0.0012075
4382 4381 0.0012075
6437 4381 0.0012075
6440 4381 0.0012075
797 4595 0.00013852
2876 4595 0.00013852
4596 4595 0.00013852
795 4597 0.00011207
3577 4597 0.00011207
4598 4597 0.00011207
4615 4597 0.00011207
4597 4598 0.0005713
5250 4598 0.0005713
5253 4598 0.0005713
4611 4610 0.00023244
6455 4610 0.00023244
6458 4610 0.00023244
57 4611 0.00066356
60 4611 0.00066356
4610 4611 0.00066356
3575 4616 0.00056101
3578 4616 0.00056101
4617 4616 0.00056101
2327 4707 0.0028451
4708 4707 0.0028451
5968 4707 0.0028451
3189 4708 0.00011948
4707 4708 0.00011948
5981 4708 0.00011948
7130 4708 0.00011948
986 4801 0.90518
2895 4801 0.90518
4802 4801 0.90518
569 4805 0.034725
4806 4805 0.034725
5884 4805 0.034725
739 5250 0.00048412
2885 5250 0.00048412
5251 5250 0.00048412
4597 5251 0.059185
5250 5251 0.059185
5253 5251 0.059185
734 5253 0.059255
2879 5253 0.059255
5252 5253 0.059255
738 5576 0.058045
2913 5576 0.058045
5577 5576 0.058045
5576 5577 0.010799
5579 5577 0.010799
5576 5578 0.00012249
5579 5578 0.00012249
5578 5579 0.022073
5583 5579 0.022073
5584 5579 0.022073
3898 5580 0.022062
5581 5580 0.022062
5935 5580 0.022062
1233 5581 0.00012224
5580 5581 0.00012224
5582 5581 0.00012224
5578 5582 0.00012225
5583 5582 0.00012225
5584 5582 0.00012225
1233 5583 0.022073
5580 5583 0.022073
5582 5583 0.022073
5780 5779 0.94979
5781 5779 0.94979
5786 5779 0.94979
2632 5781 0.94908
5782 5781 0.94908
5883 5781 0.94908
5886 5781 0.94908
4175 5783 0.0010477
4176 5783 0.0010477
5784 5783 0.0010477
5785 5783 0.0010477
5783 5784 0.00062488
5788 5784 0.00062488
5796 5784 0.00062488
5780 5785 0.0043021
5781 5785 0.0043021
5786 5785 0.0043021
4175 5786 0.0049928
4176 5786 0.0049928
5784 5786 0.0049928
5785 5786 0.0049928
5783 5787 0.00078894
5788 5787 0.00078894
5796 5787 0.00078894
5787 5788 0.00015072
5914 5788 0.00015072
5915 5788 0.00015072
5790 5789 0.0014655
5791 5789 0.0014655
5932 5789 0.0014655
5969 5789 0.0014655
5792 5791 0.0018333
5891 5791 0.0018333
5894 5791 0.0018333
5790 5792 0.00029557
5791 5792 0.00029557
5932 5792 0.00029557
5969 5792 0.00029557
5794 5793 0.0025062
5931 5793 0.0025062
5795 5794 0.0012612
5887 5794 0.0012612
5890 5794 0.0012612
5794 5795 0.0020162
5931 5795 0.0020162
4172 5796 0.00096826
5797 5796 0.00096826
5783 5797 0.00075283
5788 5797 0.00075283
5796 5797 0.00075283
2632 5884 0.035042
5782 5884 0.035042
5883 5884 0.035042
5886 5884 0.035042
2632 5885 0.019634
5782 5885 0.019634
5883 5885 0.019634
5886 5885 0.019634
4181 5886 0.0036903
4182 5886 0.0036903
5885 5886 0.0036903
5888 5886 0.0036903
4181 5887 0.0063191
4182 5887 0.0063191
5885 5887 0.0063191
5888 5887 0.0063191
5795 5888 0.0032017
5887 5888 0.0032017
5890 5888 0.0032017
5795 5889 0.0053729
5887 5889 0.0053729
5890 5889 0.0053729
4163 5890 0.0015004
4164 5890 0.0015004
5889 5890 0.0015004
5892 5890 0.0015004
4163 5891 0.0028467
4164 5891 0.0028467
5889 5891 0.0028467
5892 5891 0.0028467
5792 5892 0.00030655
5891 5892 0.00030655
5894 5892 0.00030655
5792 5893 0.0011087
5891 5893 0.0011087
5894 5893 0.0011087
5893 5894 0.00010623
7255 5894 0.00010623
5787 5913 0.00078894
5914 5913 0.00078894
5915 5913 0.00078894
5789 5914 0.00015072
5911 5914 0.00015072
5913 5914 0.00015072
5982 5914 0.00015072
4185 5921 0.0001655
4186 5921 0.0001655
5922 5921 0.0001655
5921 5922 0.0006716
5924 5922 0.0006716
5973 5922 0.0006716
5921 5923 0.00014491
5924 5923 0.00014491
5973 5923 0.00014491
4167 5924 0.00049906
4168 5924 0.00049906
5923 5924 0.00049906
5926 5924 0.00049906
4183 5927 0.00085486
4184 5927 0.00085486
5928 5927 0.00085486
5927 5928 0.0011741
5930 5928 0.0011741
5974 5928 0.0011741
5927 5929 0.00065474
5930 5929 0.00065474
5974 5929 0.00065474
4165 5930 0.001126
4166 5930 0.001126
5929 5930 0.001126
5972 5930 0.001126
4179 5931 0.0032612
4180 5931 0.0032612
4170 5932 0.0015912
4173 5932 0.0015912
5933 5932 0.0015912
5790 5933 0.00017733
5791 5933 0.00017733
5932 5933 0.00017733
5969 5933 0.00017733
1468 5935 0.023975
5934 5935 0.023975
5790 5968 0.0017138
5791 5968 0.0017138
5932 5968 0.0017138
5969 5968 0.0017138
2327 5969 0.00013913
4708 5969 0.00013913
5968 5969 0.00013913
4172 5970 0.001128
5797 5970 0.001128
4165 5971 0.00027229
4166 5971 0.00027229
5929 5971 0.00027229
5972 5971 0.00027229
5927 5973 0.00042085
5930 5973 0.00042085
5974 5973 0.00042085
5921 5974 0.0002689
5924 5974 0.0002689
5973 5974 0.0002689
5789 5981 0.0020735
5911 5981 0.0020735
5913 5981 0.0020735
5982 5981 0.0020735
2903 6130 0.0020541
6129 6130 0.0020541
6132 6130 0.0020541
2905 6132 0.0020541
6131 6132 0.0020541
6134 6132 0.0020541
2907 6134 0.0020363
6133 6134 0.0020363
6136 6134 0.0020363
2909 6136 0.0020444
3899 6136 0.0020444
6135 6136 0.0020444
570 6431 0.00031982
6429 6431 0.00031982
6432 6431 0.00031982
4805 6433 0.035043
6431 6433 0.035043
6434 6433 0.035043
981 6435 0.018356
5779 6435 0.018356
6433 6435 0.018356
6436 6435 0.018356
568 6436 0.0096181
4174 6436 0.0096181
6435 6436 0.0096181
566 6440 0.0012075
2878 6440 0.0012075
6439 6440 0.0012075
3384 6441 0.00036707
4379 6441 0.00036707
4381 6441 0.00036707
6442 6441 0.00036707
514 6443 0.00036707
6444 6443 0.00036707
2877 6445 0.015864
2882 6445 0.015864
6443 6445 0.015864
6446 6445 0.015864
2883 6446 0.0043345
6445 6446 0.0043345
6448 6446 0.0043345
2883 6447 0.015396
6445 6447 0.015396
6448 6447 0.015396
523 6448 0.0052825
564 6448 0.0052825
6447 6448 0.0052825
4616 6453 0.00061491
6451 6453 0.00061491
6454 6453 0.00061491
3416 6455 0.00063766
3417 6455 0.00063766
6453 6455 0.00063766
6456 6455 0.00063766
4611 6457 0.0011593
6455 6457 0.0011593
6458 6457 0.0011593
6071 6459 0.0011593
6457 6459 0.0011593
6460 6459 0.0011593
561 6461 0.025622
3433 6461 0.025622
6459 6461 0.025622
6462 6461 0.025622
3427 6462 0.00014472
3429 6462 0.00014472
6139 6462 0.00014472
6461 6462 0.00014472
733 7126 0.00016948
7127 7126 0.00016948
727 7127 0.00045503
731 7127 0.00045503
7126 7127 0.00045503
3189 7131 0.0048041
4707 7131 0.0048041
5981 7131 0.0048041
7130 7131 0.0048041
5893 7254 0.0011087
7255 7254 0.0011087
2329 7255 0.00010623
5896 7255 0.00010623
7254 7255 0.00010623
7258 7255 0.00010623
2331 7257 0.00028309
4196 7257 0.00028309
5971 7257 0.00028309
7256 7257 0.00028309
2326 7258 0.00010478
7259 7258 0.00010478
2329 7259 0.0012558
5896 7259 0.0012558
7254 7259 0.0012558
7258 7259 0.0012558
