1469 1116 0.0039317
4997 1116 0.0039317
1470 1469 0.0039319
6536 1469 0.0039319
1471 1470 0.0039319
5435 1470 0.0039319
1116 1471 0.00031082
2373 1471 0.00031082
1515 1514 0.0017131
2096 1514 0.0017131
4667 1514 0.0017131
5384 1514 0.0017131
1228 1924 0.00067876
1925 1924 0.00067876
7136 1924 0.00067876
1927 1926 0.00067876
1930 1926 0.00067876
7206 1926 0.00067876
1931 1930 0.00067876
1933 1930 0.00067876
1940 1930 0.00067876
1931 1932 0.9957
1933 1932 0.9957
1940 1932 0.9957
1941 1940 0.99638
5418 1940 0.99638
5422 1940 0.99638
2094 2095 0.0036215
2372 2095 0.0036215
5222 2095 0.0036215
1116 2372 0.0036215
2373 2372 0.0036215
3789 3790 0.99931
7201 3790 0.99931
4224 4223 0.00067562
4225 4223 0.00067562
6894 4223 0.00067562
1923 4229 0.00064606
1924 4229 0.00064606
4230 4229 0.00064606
4231 4229 0.00064606
2095 4667 0.0017142
4668 4667 0.0017142
5224 4667 0.0017142
971 4669 0.0017333
4670 4669 0.0017333
5226 4669 0.0017333
2095 5225 0.0019184
4668 5225 0.0019184
5224 5225 0.0019184
1514 5226 0.0017469
2848 5226 0.0017469
5401 5400 0.0037486
5404 5400 0.0037486
5400 5401 0.00012829
6746 5401 0.00012829
5225 5402 0.0020638
5403 5402 0.0020638
5401 5403 0.00015494
5404 5403 0.00015494
4669 5404 0.0037807
5402 5404 0.0037807
5405 5404 0.0037807
5423 5422 0.99638
5424 5422 0.99638
5426 5422 0.99638
5427 5426 0.99638
5430 5426 0.99638
5434 5426 0.99638
4313 5430 1
5431 5430 1
5432 5430 1
4418 5432 1
5433 5432 1
1471 5434 0.00030192
5435 5434 0.00030192
5427 5435 0.003923
5430 5435 0.003923
5434 5435 0.003923
5400 6745 0.0037486
6746 6745 0.0037486
1932 6746 0.00012829
1934 6746 0.00012829
6745 6746 0.00012829
7198 6746 0.00012829
6827 6828 0.99931
7199 6828 0.99931
4228 6894 0.00067562
4229 6894 0.00067562
6893 6894 0.00067562
4223 6895 0.00069685
6896 6895 0.00069685
7081 6895 0.00069685
6895 6896 0.00017193
7017 6896 0.00017193
7084 6896 0.00017193
7016 7017 0.00017423
7019 7017 0.00017423
7026 7017 0.00017423
4811 7019 0.0001728
7018 7019 0.0001728
7082 7019 0.0001728
4223 7082 0.0001728
6896 7082 0.0001728
7081 7082 0.0001728
6895 7083 0.00087025
7017 7083 0.00087025
7084 7083 0.00087025
3790 7084 0.00019631
3794 7084 0.00019631
7083 7084 0.00019631
1926 7134 0.00067876
7135 7134 0.00067876
7134 7136 0.00067876
7137 7136 0.00067876
1932 7199 0.99931
1934 7199 0.99931
6745 7199 0.99931
7198 7199 0.99931
6828 7201 0.99931
7200 7201 0.99931
