52 51 0.0083294
1744 51 0.0083294
1745 51 0.0083294
51 52 0.0056259
2161 52 0.0056259
2163 52 0.0056259
54 53 0.043264
1742 53 0.043264
1743 53 0.043264
53 54 0.0069601
2159 54 0.0069601
2160 54 0.0069601
227 228 1
453 228 1
722 228 1
236 235 0.013835
819 235 0.013835
4580 235 0.013835
235 236 0.018039
460 236 0.018039
6056 236 0.018039
250 249 0.00025675
1073 249 0.00025675
6046 249 0.00025675
249 250 0.00012228
599 250 0.00012228
1074 250 0.00012228
2275 250 0.00012228
251 252 0.00015553
254 252 0.00015553
1077 252 0.00015553
1078 252 0.00015553
251 253 0.0007171
254 253 0.0007171
1077 253 0.0007171
1078 253 0.0007171
253 254 0.0043406
256 254 0.0043406
436 254 0.0043406
1086 254 0.0043406
253 255 0.0031382
256 255 0.0031382
436 255 0.0031382
1086 255 0.0031382
255 256 0.02102
258 256 0.02102
6050 256 0.02102
255 257 0.0001877
258 257 0.0001877
6050 257 0.0001877
257 258 0.00018799
437 258 0.00018799
6047 258 0.00018799
260 259 0.00021965
1068 259 0.00021965
1071 259 0.00021965
6051 259 0.00021965
268 267 0.99518
3402 267 0.99518
5255 267 0.99518
270 269 0.9773
6049 269 0.9773
7246 269 0.9773
269 271 0.97435
272 271 0.97435
469 271 0.97435
271 273 0.99266
274 273 0.99266
435 273 0.99266
273 275 0.99562
276 275 0.99562
467 275 0.99562
275 277 0.99378
278 277 0.99378
6428 277 0.99378
277 279 0.99378
280 279 0.99378
1737 279 0.99378
282 281 0.94839
1741 281 0.94839
6704 281 0.94839
253 435 0.025652
256 435 0.025652
436 435 0.025652
1086 435 0.025652
271 436 0.0073444
274 436 0.0073444
435 436 0.0073444
447 448 0.00044894
7241 448 0.00044894
454 453 1
456 455 0.00013756
457 455 0.00013756
6055 455 0.00013756
233 456 0.015598
455 456 0.015598
463 456 0.015598
458 457 0.00022281
3398 457 0.00022281
3399 457 0.00022281
456 458 0.030965
457 458 0.030965
6055 458 0.030965
235 459 0.0022069
460 459 0.0022069
6056 459 0.0022069
459 460 0.021692
461 460 0.021692
464 460 0.021692
462 461 0.035675
817 461 0.035675
820 461 0.035675
459 462 0.00072863
461 462 0.00072863
464 462 0.00072863
459 463 0.015598
461 463 0.015598
464 463 0.015598
233 464 0.00013756
455 464 0.00013756
463 464 0.00013756
468 467 0.00298
831 467 0.00298
834 467 0.00298
269 470 0.0029813
272 470 0.0029813
469 470 0.0029813
557 558 0.97675
6037 558 0.97675
6465 558 0.97675
523 563 0.00014754
564 563 0.00014754
6447 563 0.00014754
566 565 0.0022662
2878 565 0.0022662
6439 565 0.0022662
570 569 0.0013425
6429 569 0.0013425
6432 569 0.0013425
5067 579 0.0003445
6033 579 0.0003445
249 598 0.00084742
599 598 0.00084742
1074 598 0.00084742
2275 598 0.00084742
598 599 0.00016408
1083 599 0.00016408
1084 599 0.00016408
727 728 0.00028358
731 728 0.00028358
7126 728 0.00028358
732 731 0.004269
798 731 0.004269
7216 731 0.004269
733 734 0.0040081
7127 734 0.0040081
796 795 0.00011718
2875 795 0.00011718
3441 795 0.00011718
732 797 0.00013923
798 797 0.00013923
7216 797 0.00013923
228 813 1
451 813 1
814 813 1
37 815 1
449 815 1
813 815 1
816 815 1
815 817 1
818 817 1
2188 817 1
462 819 0.96623
817 819 0.96623
820 819 0.96623
236 820 0.0011747
819 820 0.0011747
4580 820 0.0011747
470 827 0.00298
825 827 0.00298
828 827 0.00298
477 829 0.00298
827 829 0.00298
830 829 0.00298
479 831 0.00298
829 831 0.00298
832 831 0.00298
5764 853 0.00016904
6814 853 0.00016904
565 981 0.0043389
980 981 0.0043389
983 981 0.0043389
982 983 0.0020731
985 983 0.0020731
2889 983 0.0020731
984 985 0.0020731
987 985 0.0020731
2891 985 0.0020731
2893 985 0.0020731
986 987 0.0020731
2895 987 0.0020731
4802 987 0.0020731
260 1069 0.00029382
1068 1069 0.00029382
1071 1069 0.00029382
6051 1069 0.00029382
1070 1071 0.00044884
7243 1071 0.00044884
1069 1073 0.00027507
1072 1073 0.00027507
6043 1073 0.00027507
1075 1074 0.00083122
1076 1074 0.00083122
1089 1074 0.00083122
249 1075 0.00041086
599 1075 0.00041086
1074 1075 0.00041086
2275 1075 0.00041086
251 1076 0.004222
254 1076 0.004222
1077 1076 0.004222
1078 1076 0.004222
1075 1077 0.00071408
1076 1077 0.00071408
1089 1077 0.00071408
259 1081 0.00021287
1080 1081 0.00021287
6048 1081 0.00021287
1081 1083 0.00033497
1082 1083 0.00033497
6045 1083 0.00033497
1085 1084 0.00017338
1087 1084 0.00017338
1088 1084 0.00017338
598 1085 0.0011359
1083 1085 0.0011359
1084 1085 0.0011359
1085 1086 0.0052868
1087 1086 0.0052868
1088 1086 0.0052868
253 1087 0.0012368
256 1087 0.0012368
436 1087 0.0012368
1086 1087 0.0012368
1075 1088 0.0042344
1076 1088 0.0042344
1089 1088 0.0042344
1085 1089 0.0011469
1087 1089 0.0011469
1088 1089 0.0011469
54 1741 0.011258
1742 1741 0.011258
1743 1741 0.011258
282 1742 0.056678
1741 1742 0.056678
6704 1742 0.056678
52 1743 0.0064267
1744 1743 0.0064267
1745 1743 0.0064267
54 1744 0.015543
1742 1744 0.015543
1743 1744 0.015543
1746 1745 0.0022546
1747 1745 0.0022546
52 1746 0.0086674
1744 1746 0.0086674
1745 1746 0.0086674
1748 1747 0.0022546
1749 1747 0.0022546
2162 1747 0.0022546
1746 1748 0.0086674
1747 1748 0.0086674
1750 1749 0.0070473
1752 1749 0.0070473
2158 1749 0.0070473
1748 1750 0.016614
1749 1750 0.016614
2162 1750 0.016614
1750 1751 0.057181
1752 1751 0.057181
2158 1751 0.057181
1751 1752 0.011761
4538 1752 0.011761
6275 1752 0.011761
6277 1752 0.011761
1754 1753 0.00013611
3585 1753 0.00013611
3588 1753 0.00013611
281 1754 0.029488
1753 1754 0.029488
6278 1754 0.029488
1756 1755 0.020813
1757 1755 0.020813
2157 1755 0.020813
1755 1756 0.00037902
4537 1756 0.00037902
6038 1756 0.00037902
1760 1759 0.00037902
1761 1759 0.00037902
2156 1759 0.00037902
1759 1760 0.020813
1765 1760 0.020813
6276 1760 0.020813
1766 1765 0.015122
3587 1765 0.015122
3590 1765 0.015122
1759 1766 0.0028873
1765 1766 0.0028873
6276 1766 0.0028873
1768 1767 0.0020624
1961 1767 0.0020624
6471 1767 0.0020624
1767 1769 0.0020624
1770 1769 0.0020624
6250 1769 0.0020624
1769 1773 0.0020624
1771 1773 0.0020624
1774 1773 0.0020624
1773 1775 0.16251
1776 1775 0.16251
1792 1775 0.16251
1775 1777 0.16251
1778 1777 0.16251
4813 1777 0.16251
571 1779 0.014551
1780 1779 0.014551
1781 1779 0.014551
1779 1780 0.096716
3663 1780 0.096716
5769 1780 0.096716
1782 1781 0.014551
1783 1781 0.014551
1803 1781 0.014551
571 1782 0.096716
1780 1782 0.096716
1781 1782 0.096716
1784 1783 0.00041003
1785 1783 0.00041003
1801 1783 0.00041003
1782 1784 0.16085
1783 1784 0.16085
1803 1784 0.16085
1786 1785 0.00015763
1787 1785 0.00015763
5989 1785 0.00015763
1784 1786 0.15323
1785 1786 0.15323
1801 1786 0.15323
1786 1788 0.15567
1787 1788 0.15567
5989 1788 0.15567
1788 1790 0.15166
1789 1790 0.15166
1799 1790 0.15166
1790 1792 0.16044
1791 1792 0.16044
1797 1792 0.16044
1794 1793 0.0014709
1796 1793 0.0014709
1793 1794 0.0062816
1802 1794 0.0062816
5990 1794 0.0062816
1794 1795 0.0062816
1796 1795 0.0062816
1795 1796 0.0014709
1798 1796 0.0014709
1800 1796 0.0014709
1795 1797 0.013707
1798 1797 0.013707
1800 1797 0.013707
1790 1798 0.0048924
1791 1798 0.0048924
1797 1798 0.0048924
1795 1799 0.0050814
1798 1799 0.0050814
1800 1799 0.0050814
1788 1800 0.0090851
1789 1800 0.0090851
1799 1800 0.0090851
1793 1801 0.005882
1802 1801 0.005882
5990 1801 0.005882
1784 1802 0.013244
1785 1802 0.013244
1801 1802 0.013244
1804 1803 0.080166
2284 1803 0.080166
6475 1803 0.080166
1782 1804 0.0018945
1783 1804 0.0018945
1803 1804 0.0018945
4601 1809 0.00056112
5066 1809 0.00056112
1756 2156 0.00037902
1757 2156 0.00037902
2157 2156 0.00037902
1760 2157 0.020813
1761 2157 0.020813
2156 2157 0.020813
53 2158 0.042723
2159 2158 0.042723
2160 2158 0.042723
1750 2159 0.0068704
1752 2159 0.0068704
2158 2159 0.0068704
51 2160 0.0057123
2161 2160 0.0057123
2163 2160 0.0057123
53 2161 0.0061631
2159 2161 0.0061631
2160 2161 0.0061631
51 2162 0.0087905
2161 2162 0.0087905
2163 2162 0.0087905
1748 2163 0.0056363
1749 2163 0.0056363
2162 2163 0.0056363
252 2273 0.00015553
2274 2273 0.00015553
4689 2273 0.00015553
1067 2275 0.00016942
2273 2275 0.00016942
2276 2275 0.00016942
1804 2285 0.0020624
2284 2285 0.0020624
6475 2285 0.0020624
2446 2447 0.00039057
4407 2447 0.00039057
4410 2447 0.00039057
2632 2633 0.0061904
5782 2633 0.0061904
5883 2633 0.0061904
5886 2633 0.0061904
2633 2636 0.00019173
2635 2636 0.00019173
2644 2636 0.00019173
2637 2638 0.00016191
2641 2638 0.00016191
2638 2639 0.00016102
4085 2640 0.83759
2639 2642 0.00036482
2645 2642 0.00036482
2633 2643 0.0060176
2635 2643 0.0060176
2644 2643 0.0060176
2634 2645 0.0002038
2636 2645 0.0002038
3664 2749 0.00025541
6466 2749 0.00025541
2877 2878 0.0020651
2882 2878 0.0020651
6443 2878 0.0020651
6446 2878 0.0020651
734 2880 0.0021068
2879 2880 0.0021068
5252 2880 0.0021068
1110 2882 0.0021592
2880 2882 0.0021592
2881 2882 0.0021592
739 2886 0.0019817
2885 2886 0.0019817
5251 2886 0.0019817
2886 2888 0.0019817
2887 2888 0.0019817
2901 2888 0.0019817
728 3376 0.00027782
3375 3376 0.00027782
4693 3376 0.00027782
3376 3378 0.00022548
3377 3378 0.00022548
3389 3378 0.00022548
4613 3378 0.00022548
3378 3380 0.00019793
3379 3380 0.00019793
6063 3380 0.00019793
1477 3382 0.00019897
3381 3382 0.00019897
3388 3382 0.00019897
3382 3384 0.00020017
3383 3384 0.00020017
6067 3384 0.00020017
3380 3388 0.00019852
3387 3388 0.00019852
6065 3388 0.00019852
458 3397 0.0043917
3398 3397 0.0043917
3399 3397 0.0043917
3400 3399 0.0033684
4579 3399 0.0033684
7244 3399 0.0033684
458 3400 0.029721
3398 3400 0.029721
3399 3400 0.029721
3401 3402 0.99561
7245 3402 0.99561
1754 3587 0.029488
3585 3587 0.029488
3588 3587 0.029488
1766 3588 0.00013611
3587 3588 0.00013611
3590 3588 0.00013611
1766 3589 0.017118
3587 3589 0.017118
3590 3589 0.017118
2844 3615 0.8375
3616 3615 0.8375
4083 3615 0.8375
954 3617 0.8375
3618 3617 0.8375
7260 3617 0.8375
7262 3617 0.8375
1777 3619 1
3617 3619 1
3620 3619 1
3619 3621 0.10559
3622 3621 0.10559
4035 3621 0.10559
4078 3621 0.10559
3621 3622 0.00093672
3624 3622 0.00093672
5872 3622 0.00093672
3621 3623 0.012465
3624 3623 0.012465
5872 3623 0.012465
3623 3624 0.00015288
7129 3624 0.00015288
3664 3663 0.00048167
6466 3663 0.00048167
1779 3664 0.00024169
3663 3664 0.00024169
5769 3664 0.00024169
4022 4021 0.0029645
4025 4021 0.0029645
5873 4021 0.0029645
5996 4021 0.0029645
4021 4022 0.0077374
4046 4022 0.0077374
4047 4022 0.0077374
2447 4023 0.00039057
4024 4023 0.00039057
4026 4025 0.0042636
4411 4025 0.0042636
5866 4025 0.0042636
4022 4026 0.041175
4025 4026 0.041175
5873 4026 0.041175
5996 4026 0.041175
4028 4027 0.051405
4029 4027 0.051405
5999 4027 0.051405
4030 4029 0.051405
4092 4029 0.051405
4566 4029 0.051405
5995 4029 0.051405
4036 4035 0.003587
5865 4035 0.003587
5868 4035 0.003587
3619 4036 0.89893
3622 4036 0.89893
4035 4036 0.89893
4078 4036 0.89893
4021 4045 0.011349
4046 4045 0.011349
4047 4045 0.011349
4045 4046 0.00035042
4090 4046 0.00035042
4093 4046 0.00035042
4048 4047 0.016107
4049 4047 0.016107
5869 4047 0.016107
5998 4047 0.016107
4021 4048 0.00033542
4046 4048 0.00033542
4047 4048 0.00033542
3626 4049 0.012466
4050 4049 0.012466
4051 4049 0.012466
7128 4049 0.012466
4048 4050 0.00015227
4049 4050 0.00015227
5869 4050 0.00015227
5998 4050 0.00015227
4084 4083 0.8375
4086 4083 0.8375
5987 4083 0.8375
5770 4085 0.83766
5772 4085 0.83766
2640 4086 0.8375
4087 4086 0.8375
5732 4086 0.8375
4089 4088 0.0026388
5997 4088 0.0026388
1874 4090 0.0026412
4088 4090 0.0026412
4091 4090 0.0026412
6001 4090 0.0026412
4045 4092 0.013702
4090 4092 0.013702
4093 4092 0.013702
3384 4382 0.00020228
4379 4382 0.00020228
4381 4382 0.00020228
6442 4382 0.00020228
4027 4407 0.00042167
4408 4407 0.00042167
4412 4407 0.00042167
2446 4408 0.00042167
4407 4408 0.00042167
4410 4408 0.00042167
4023 4410 0.00039057
4409 4410 0.00039057
4027 4411 0.00017142
4408 4411 0.00017142
4412 4411 0.00017142
4026 4412 0.94884
4411 4412 0.94884
5866 4412 0.94884
1751 4537 0.95672
4538 4537 0.95672
6275 4537 0.95672
6277 4537 0.95672
1755 4538 0.00048702
4537 4538 0.00048702
6038 4538 0.00048702
236 4579 0.96966
819 4579 0.96966
4580 4579 0.96966
3400 4580 0.00039829
4579 4580 0.00039829
7244 4580 0.00039829
795 4597 0.00012111
3577 4597 0.00012111
4598 4597 0.00012111
4615 4597 0.00012111
1763 4599 0.017118
3589 4599 0.017118
4600 4599 0.017118
579 4601 0.0003445
6810 4601 0.0003445
563 4802 0.0020731
2888 4802 0.0020731
4801 4802 0.0020731
4805 4806 0.00033127
6431 4806 0.00033127
6434 4806 0.00033127
5067 5066 0.00038566
6033 5066 0.00038566
5068 5067 0.00057972
6463 5067 0.00057972
4597 5251 0.0020256
5250 5251 0.0020256
5253 5251 0.0020256
734 5253 0.0019427
2879 5253 0.0019427
5252 5253 0.0019427
268 5254 0.00044894
3402 5254 0.00044894
5255 5254 0.00044894
4601 5764 0.00016904
5066 5764 0.00016904
853 5765 0.0007199
1809 5765 0.0007199
6822 5766 0.017301
2190 5768 0.016582
5767 5768 0.016582
6464 5768 0.016582
558 5769 0.9137
5766 5769 0.9137
6474 5769 0.9137
1779 5770 0.83178
3663 5770 0.83178
5769 5770 0.83178
6467 5772 0.0058833
981 5780 0.0044892
5779 5780 0.0044892
6433 5780 0.0044892
6436 5780 0.0044892
5780 5782 0.0044912
5781 5782 0.0044912
5786 5782 0.0044912
4026 5865 0.00068972
4411 5865 0.00068972
5866 5865 0.00068972
4036 5866 0.91245
5865 5866 0.91245
5868 5866 0.91245
4036 5867 0.024268
5865 5867 0.024268
5868 5867 0.024268
5867 5868 0.040678
5870 5868 0.040678
5871 5868 0.040678
5874 5868 0.040678
5867 5869 0.010176
5870 5869 0.010176
5871 5869 0.010176
5874 5869 0.010176
4048 5870 0.0041077
4049 5870 0.0041077
5869 5870 0.0041077
5998 5870 0.0041077
3621 5871 0.093968
3624 5871 0.093968
5872 5871 0.093968
5867 5872 0.0016306
5870 5872 0.0016306
5871 5872 0.0016306
5874 5872 0.0016306
5867 5873 0.070956
5870 5873 0.070956
5871 5873 0.070956
5874 5873 0.070956
4022 5874 0.0010969
4025 5874 0.0010969
5873 5874 0.0010969
5996 5874 0.0010969
569 5883 0.0016658
4806 5883 0.0016658
5884 5883 0.0016658
1793 5989 0.0090347
1802 5989 0.0090347
5990 5989 0.0090347
1786 5990 0.0064838
1787 5990 0.0064838
5989 5990 0.0064838
4022 5995 0.038629
4025 5995 0.038629
5873 5995 0.038629
5996 5995 0.038629
4030 5996 0.00090843
4092 5996 0.00090843
4566 5996 0.00090843
5995 5996 0.00090843
4048 5997 0.0026388
4049 5997 0.0026388
5869 5997 0.0026388
5998 5997 0.0026388
4541 6033 0.00015043
6034 6033 0.00015043
5068 6034 0.00015043
6463 6034 0.00015043
1755 6037 0.97674
4537 6037 0.97674
6038 6037 0.97674
250 6045 0.00015867
1073 6045 0.00015867
6046 6045 0.00015867
259 6047 0.00018799
1080 6047 0.00018799
6048 6047 0.00018799
257 6048 0.0001877
437 6048 0.0001877
6047 6048 0.0001877
255 6049 0.0032387
258 6049 0.0032387
6050 6049 0.0032387
270 6050 0.02112
6049 6050 0.02112
7246 6050 0.02112
235 6055 0.017668
460 6055 0.017668
6056 6055 0.017668
456 6056 0.0023868
457 6056 0.0023868
6055 6056 0.0023868
6271 6272 0.0020624
6473 6272 0.0020624
2285 6274 0.0020624
6273 6274 0.0020624
1759 6275 0.013046
1765 6275 0.013046
6276 6275 0.013046
1751 6276 0.021246
4538 6276 0.021246
6275 6276 0.021246
6277 6276 0.021246
281 6277 0.91999
1753 6277 0.91999
6278 6277 0.91999
1751 6278 0.00097892
4538 6278 0.00097892
6275 6278 0.00097892
6277 6278 0.00097892
275 6427 0.0018347
278 6427 0.0018347
6428 6427 0.0018347
5736 6429 0.0018347
6427 6429 0.0018347
6430 6429 0.0018347
570 6431 0.00049623
6429 6431 0.00049623
6432 6431 0.00049623
4805 6433 0.00032625
6431 6433 0.00032625
6434 6433 0.00032625
981 6434 0.00015366
5779 6434 0.00015366
6433 6434 0.00015366
6436 6434 0.00015366
3385 6439 0.00020228
4382 6439 0.00020228
6437 6439 0.00020228
6440 6439 0.00020228
2877 6445 0.00013256
2882 6445 0.00013256
6443 6445 0.00013256
6446 6445 0.00013256
2883 6447 0.00013133
6445 6447 0.00013133
6448 6447 0.00013133
2190 6463 0.0007199
5767 6463 0.0007199
6464 6463 0.0007199
6747 6464 0.017301
2749 6465 0.017373
4599 6465 0.017373
6467 6466 0.00049539
2642 6467 0.0063787
2643 6467 0.0063787
2192 6471 0.0020624
6272 6471 0.0020624
6470 6471 0.0020624
6274 6473 0.0020624
6472 6473 0.0020624
1804 6474 0.0018925
2284 6474 0.0018925
6475 6474 0.0018925
558 6475 0.082226
5766 6475 0.082226
6474 6475 0.082226
279 6704 0.99378
6705 6704 0.99378
557 6747 0.017301
6037 6747 0.017301
6465 6747 0.017301
580 6822 0.017301
5765 6822 0.017301
5768 6822 0.017301
727 7127 0.0040081
731 7127 0.0040081
7126 7127 0.0040081
3623 7128 0.012465
7129 7128 0.012465
3626 7129 0.00015288
4050 7129 0.00015288
4051 7129 0.00015288
7128 7129 0.00015288
5254 7154 0.00044894
7155 7154 0.00044894
3397 7214 0.0043917
7215 7214 0.0043917
7214 7216 0.0043917
7217 7216 0.0043917
6053 7241 0.00044894
7154 7241 0.00044894
7240 7241 0.00044894
448 7243 0.00044884
7238 7243 0.00044884
7242 7243 0.00044884
3400 7245 0.99561
4579 7245 0.99561
7244 7245 0.99561
267 7246 0.99518
7247 7246 0.99518
3615 7262 0.8375
7263 7262 0.8375
