428 427 0.00046066
429 427 0.00046066
3089 427 0.00046066
5680 427 0.00046066
427 428 0.0073945
431 428 0.0073945
3097 428 0.0073945
2279 431 0.0099443
5674 431 0.0099443
7273 431 0.0099443
427 432 0.0014011
431 432 0.0014011
3097 432 0.0014011
6878 434 0.86883
548 547 0.0023143
6226 547 0.0023143
6227 547 0.0023143
6230 547 0.0023143
547 548 0.0071502
2073 548 0.0071502
7094 548 0.0071502
568 567 0.064354
4174 567 0.064354
6435 567 0.064354
570 569 1
6429 569 1
6432 569 1
735 738 0.00027265
737 738 0.00027265
740 738 0.00027265
739 740 0.00027255
2885 740 0.00027255
5251 740 0.00027255
943 942 0.00010121
4221 942 0.00010121
4815 942 0.00010121
942 943 0.0054829
945 943 0.0054829
5898 943 0.0054829
7252 943 0.0054829
942 944 0.0048809
945 944 0.0048809
5898 944 0.0048809
7252 944 0.0048809
944 945 0.0012358
947 945 0.0012358
4210 945 0.0012358
944 946 0.00074046
947 946 0.00074046
4210 946 0.00074046
946 947 0.00096421
6707 947 0.00096421
948 950 0.00012847
951 950 0.00012847
6355 950 0.00012847
981 980 0.00027272
5779 980 0.00027272
6433 980 0.00027272
6436 980 0.00027272
565 982 0.00025285
980 982 0.00025285
983 982 0.00025285
982 984 0.00025285
985 984 0.00025285
2889 984 0.00025285
984 986 0.00025285
987 986 0.00025285
2891 986 0.00025285
2893 986 0.00025285
995 994 0.0066394
6359 994 0.0066394
6360 994 0.0066394
994 995 0.0011294
997 995 0.0011294
2076 995 0.0011294
2077 995 0.0011294
994 996 0.02368
997 996 0.02368
2076 996 0.02368
2077 996 0.02368
996 997 0.0018783
3119 997 0.0018783
4790 997 0.0018783
6237 997 0.0018783
1466 1117 0.061143
2325 1117 0.061143
434 1126 0.96585
5089 1126 0.96585
432 1127 0.0013382
5692 1127 0.0013382
6874 1128 0.0046643
1227 1226 0.031302
7040 1226 0.031302
7075 1226 0.031302
7079 1226 0.031302
1226 1227 0.015237
1536 1227 0.015237
4200 1227 0.015237
1233 1232 0.004092
5580 1232 0.004092
5582 1232 0.004092
567 1466 0.064513
1467 1466 0.064513
1468 1467 0.00016073
5934 1467 0.00016073
1117 1468 0.0039804
2345 1468 0.0039804
1537 1536 0.00013142
4710 1536 0.00013142
1226 1537 0.00035712
1536 1537 0.00035712
4200 1537 0.00035712
1654 1653 0.021544
2340 1653 0.021544
2343 1653 0.021544
1653 1654 0.0039826
7054 1654 0.0039826
7076 1654 0.0039826
1656 1655 0.010712
5746 1655 0.010712
5748 1655 0.010712
1658 1657 0.00010121
5747 1657 0.00010121
5907 1657 0.00010121
5984 1657 0.00010121
1657 1658 0.0054829
4219 1658 0.0054829
4817 1658 0.0054829
2072 2071 0.041964
2074 2071 0.041964
2075 2071 0.041964
3906 2071 0.041964
2071 2072 0.0022103
6238 2072 0.0022103
6239 2072 0.0022103
2072 2073 0.00088084
2074 2073 0.00088084
2075 2073 0.00088084
3906 2073 0.00088084
547 2074 0.07034
2073 2074 0.07034
7094 2074 0.07034
994 2075 0.00105
997 2075 0.00105
2076 2075 0.00105
2077 2075 0.00105
2072 2076 0.034675
2074 2076 0.034675
2075 2076 0.034675
3906 2076 0.034675
2078 2077 0.0006863
2358 2077 0.0006863
2361 2077 0.0006863
6371 2077 0.0006863
994 2078 0.01802
997 2078 0.01802
2076 2078 0.01802
2077 2078 0.01802
1126 2279 0.96565
1466 2324 0.0071984
2325 2324 0.0071984
2324 2325 0.0038286
7131 2325 0.0038286
2327 2326 0.038554
4708 2326 0.038554
5968 2326 0.038554
2326 2327 0.0012376
7259 2327 0.0012376
2329 2328 0.084861
5896 2328 0.084861
7254 2328 0.084861
7258 2328 0.084861
2328 2329 0.029056
7257 2329 0.029056
2331 2330 0.25755
4196 2330 0.25755
5971 2330 0.25755
7256 2330 0.25755
2330 2331 0.004768
2333 2331 0.004768
5975 2331 0.004768
2330 2332 0.37698
2333 2332 0.37698
5975 2332 0.37698
2332 2333 0.00024593
2335 2333 0.00024593
4216 2333 0.00024593
2332 2334 0.37613
2335 2334 0.37613
4216 2334 0.37613
2334 2335 0.00028288
2337 2335 0.00028288
5977 2335 0.00028288
7152 2335 0.00028288
2334 2336 0.47652
2337 2336 0.47652
5977 2336 0.47652
7152 2336 0.47652
2336 2338 0.47568
2339 2338 0.47568
4709 2338 0.47568
2338 2340 0.025782
2341 2340 0.025782
4198 2340 0.025782
1654 2341 0.0039483
2340 2341 0.0039483
2343 2341 0.0039483
1654 2342 0.0042773
2340 2342 0.0042773
2343 2342 0.0042773
1117 2344 0.057171
2345 2344 0.057171
2344 2346 0.049783
2347 2346 0.049783
5906 2346 0.049783
2349 2348 0.18812
5903 2348 0.18812
5986 2348 0.18812
7105 2348 0.18812
2348 2349 0.00071547
5239 2349 0.00071547
5739 2349 0.00071547
2351 2350 0.0055272
4656 2350 0.0055272
7014 2350 0.0055272
7087 2350 0.0055272
2350 2351 0.0070949
5671 2351 0.0070949
5836 2351 0.0070949
2352 2354 0.00036705
2355 2354 0.00036705
5269 2354 0.00036705
2354 2355 0.0006308
2357 2355 0.0006308
2354 2356 0.00030994
2357 2356 0.00030994
2356 2357 0.00066166
2359 2357 0.00066166
6362 2357 0.00066166
7160 2357 0.00066166
2356 2358 0.0036528
2359 2358 0.0036528
6362 2358 0.0036528
7160 2358 0.0036528
2078 2359 0.00044404
2358 2359 0.00044404
2361 2359 0.00044404
6371 2359 0.00044404
2078 2360 0.016903
2358 2360 0.016903
2361 2360 0.016903
6371 2360 0.016903
2360 2361 0.00043312
2363 2361 0.00043312
3120 2361 0.00043312
2360 2362 0.025416
2363 2362 0.025416
3120 2362 0.025416
2362 2363 0.00016835
2365 2363 0.00016835
6395 2363 0.00016835
2362 2364 0.023991
2365 2364 0.023991
6395 2364 0.023991
2364 2365 0.00042719
2367 2365 0.00042719
6366 2365 0.00042719
6367 2365 0.00042719
2364 2366 0.014616
2367 2366 0.014616
6366 2366 0.014616
6367 2366 0.014616
2366 2367 0.008457
7006 2367 0.008457
7086 2367 0.008457
2632 2633 0.00047087
5782 2633 0.00047087
5883 2633 0.00047087
5886 2633 0.00047087
2640 2637 0.00025898
4087 2637 0.00025898
5732 2637 0.00025898
2637 2638 0.00045754
2641 2638 0.00045754
4085 2640 0.00025898
4085 2641 0.00019856
2633 2643 0.00044309
2635 2643 0.00044309
2644 2643 0.00044309
6717 2646 0.00045736
2752 2753 0.0040922
7251 2753 0.0040922
2886 2885 0.00025606
2887 2885 0.00025606
2901 2885 0.00025606
563 2887 0.00025606
2888 2887 0.00025606
4801 2887 0.00025606
3086 3085 0.033706
5668 3085 0.033706
5964 3085 0.033706
3085 3087 0.032984
3088 3087 0.032984
5398 3087 0.032984
3090 3089 0.00045545
5675 3089 0.00045545
5676 3089 0.00045545
7150 3089 0.00045545
428 3090 0.007453
429 3090 0.007453
3089 3090 0.007453
5680 3090 0.007453
1127 3097 0.00013179
3095 3097 0.00013179
3098 3097 0.00013179
427 3098 0.0017411
431 3098 0.0017411
3097 3098 0.0017411
3103 3105 0.00080294
3106 3105 0.00080294
5965 3105 0.00080294
3105 3106 0.0001324
5399 3106 0.0001324
5963 3106 0.0001324
3118 3117 0.0024103
6390 3117 0.0024103
6391 3117 0.0024103
3117 3118 0.00076267
5957 3118 0.00076267
6368 3118 0.00076267
6369 3118 0.00076267
2360 3119 0.0029376
2363 3119 0.0029376
3120 3119 0.0029376
996 3120 0.011716
3119 3120 0.011716
4790 3120 0.011716
6237 3120 0.011716
3127 3129 0.00039533
3130 3129 0.00039533
6380 3129 0.00039533
6381 3129 0.00039533
3129 3131 0.00097819
3132 3131 0.00097819
6105 3131 0.00097819
6108 3131 0.00097819
3131 3133 0.0024938
3134 3133 0.0024938
6402 3133 0.0024938
6403 3133 0.0024938
3140 3139 0.002331
6372 3139 0.002331
6373 3139 0.002331
6407 3139 0.002331
3139 3140 0.00014454
3910 3140 0.00014454
6112 3140 0.00014454
3141 3143 0.00019591
3144 3143 0.00019591
4787 3143 0.00019591
3143 3145 0.001705
3146 3145 0.001705
6374 3145 0.001705
6375 3145 0.001705
3145 3147 0.0016095
3148 3147 0.0016095
3911 3147 0.0016095
6109 3147 0.0016095
3147 3148 0.00013622
5951 3148 0.00013622
6398 3148 0.00013622
6399 3148 0.00013622
3317 3316 0.28972
5238 3316 0.28972
7089 3316 0.28972
3319 3318 0.12472
5985 3318 0.12472
7093 3318 0.12472
7095 3318 0.12472
3318 3319 0.0026159
6983 3319 0.0026159
7092 3319 0.0026159
3321 3320 0.00087359
3322 3320 0.00087359
7097 3320 0.00087359
3320 3321 0.0062759
6977 3321 0.0062759
7096 3321 0.0062759
3323 3322 0.00065394
3324 3322 0.00065394
7103 3322 0.00065394
3321 3323 0.0013619
3322 3323 0.0013619
7097 3323 0.0013619
3325 3324 0.00051744
3326 3324 0.00051744
7099 3324 0.00051744
3323 3325 0.0012286
3324 3325 0.0012286
7103 3325 0.0012286
2753 3326 0.00062483
3327 3326 0.00062483
5237 3326 0.00062483
3325 3327 0.00077649
3326 3327 0.00077649
7099 3327 0.00077649
3331 3332 0.00010666
5827 3332 0.00010666
5829 3332 0.00010666
3332 3333 0.00010666
3334 3333 0.00010666
3333 3335 0.00013885
3336 3335 0.00013885
6225 3335 0.00013885
3335 3336 0.00060249
5823 3336 0.00060249
5831 3336 0.00060249
6967 3336 0.00060249
3124 3638 0.00011288
3307 3638 0.00011288
3308 3638 0.00011288
3637 3638 0.00011288
4199 3791 0.61798
5395 3791 0.61798
5396 3792 0.62375
5397 3792 0.62375
3791 3793 0.20916
3793 3794 0.017328
5993 3794 0.017328
7115 3794 0.017328
3790 3795 0.023097
3794 3795 0.023097
7083 3795 0.023097
3907 3906 0.007485
4019 3906 0.007485
6228 3906 0.007485
6358 3906 0.007485
2072 3907 0.0035648
2074 3907 0.0035648
2075 3907 0.0035648
3906 3907 0.0035648
3909 3908 0.00096663
6113 3908 0.00096663
6400 3908 0.00096663
6401 3908 0.00096663
3908 3909 0.00014423
6392 3909 0.00014423
6393 3909 0.00014423
3145 3910 0.00017248
3148 3910 0.00017248
3911 3910 0.00017248
6109 3910 0.00017248
3139 3911 0.00099206
3910 3911 0.00099206
6112 3911 0.00099206
4020 4019 0.00032716
6232 4019 0.00032716
6351 4019 0.00032716
3907 4020 0.00071157
4019 4020 0.00071157
6228 4020 0.00071157
6358 4020 0.00071157
5770 4085 0.00045753
5772 4085 0.00045753
4163 4162 0.018175
4164 4162 0.018175
5889 4162 0.018175
5892 4162 0.018175
4162 4163 0.056692
4171 4163 0.056692
5793 4163 0.056692
4165 4164 0.022096
4166 4164 0.022096
5929 4164 0.022096
5972 4164 0.022096
4163 4165 0.2222
4164 4165 0.2222
5889 4165 0.2222
5892 4165 0.2222
4167 4166 0.017318
4168 4166 0.017318
5923 4166 0.017318
5926 4166 0.017318
4165 4167 0.1539
4166 4167 0.1539
5929 4167 0.1539
5972 4167 0.1539
4169 4168 0.010861
4193 4168 0.010861
4194 4168 0.010861
4167 4169 0.041228
4168 4169 0.041228
5923 4169 0.041228
5926 4169 0.041228
4162 4170 0.029817
4171 4170 0.029817
5793 4170 0.029817
4170 4171 0.0054945
4173 4171 0.0054945
5933 4171 0.0054945
4170 4172 0.0031696
4173 4172 0.0031696
5933 4172 0.0031696
4172 4173 0.0068843
5797 4173 0.0068843
4175 4174 0.003397
4176 4174 0.003397
5784 4174 0.003397
5785 4174 0.003397
568 4175 0.01122
4174 4175 0.01122
6435 4175 0.01122
4177 4176 0.0058289
4178 4176 0.0058289
5970 4176 0.0058289
4175 4177 0.01359
4176 4177 0.01359
5784 4177 0.01359
5785 4177 0.01359
4179 4178 0.0052491
4180 4178 0.0052491
4177 4179 0.014413
4178 4179 0.014413
5970 4179 0.014413
4181 4180 0.052295
4182 4180 0.052295
5885 4180 0.052295
5888 4180 0.052295
4179 4181 0.0095936
4180 4181 0.0095936
4183 4182 0.017225
4184 4182 0.017225
5928 4182 0.017225
4181 4183 0.35327
4182 4183 0.35327
5885 4183 0.35327
5888 4183 0.35327
4185 4184 0.022592
4186 4184 0.022592
5922 4184 0.022592
4183 4185 0.21051
4184 4185 0.21051
5928 4185 0.21051
4187 4186 0.0060994
4188 4186 0.0060994
4195 4186 0.0060994
4185 4187 0.15318
4186 4187 0.15318
5922 4187 0.15318
4189 4188 0.00033869
4190 4188 0.00033869
5918 4188 0.00033869
4187 4189 0.14219
4188 4189 0.14219
4195 4189 0.14219
4191 4190 0.00043732
4666 4190 0.00043732
6469 4190 0.00043732
4189 4191 0.11566
4190 4191 0.11566
5918 4191 0.11566
4169 4192 0.042626
4193 4192 0.042626
4194 4192 0.042626
4192 4193 0.0070309
5919 4193 0.0070309
5980 4193 0.0070309
4187 4194 0.015942
4188 4194 0.015942
4195 4194 0.015942
4169 4195 0.010714
4193 4195 0.010714
4194 4195 0.010714
5771 4198 0.11689
5881 4198 0.11689
7116 4199 0.58655
2338 4200 0.57071
2341 4200 0.57071
4198 4200 0.57071
4204 4205 0.0045965
4206 4205 0.0045965
4207 4205 0.0045965
4211 4205 0.0045965
4205 4206 0.00094886
5741 4206 0.00094886
5742 4206 0.00094886
4201 4207 0.0049272
4208 4207 0.0049272
4209 4207 0.0049272
5909 4207 0.0049272
4204 4208 0.00067374
4206 4208 0.00067374
4207 4208 0.00067374
4211 4208 0.00067374
944 4209 0.0045941
947 4209 0.0045941
4210 4209 0.0045941
4201 4210 0.00072528
4208 4210 0.00072528
4209 4210 0.00072528
5909 4210 0.00072528
4212 4211 0.00037895
4214 4211 0.00037895
4204 4212 0.00098484
4206 4212 0.00098484
4207 4212 0.00098484
4211 4212 0.00098484
4212 4213 0.00098484
4214 4213 0.00098484
4213 4214 0.00037895
5743 4214 0.00037895
5744 4214 0.00037895
2332 4215 0.0013287
2335 4215 0.0013287
4216 4215 0.0013287
4215 4216 0.00044302
6725 4216 0.00044302
4218 4217 0.00087084
6706 4217 0.00087084
6724 4217 0.00087084
4217 4218 0.00020891
6727 4218 0.00020891
4220 4219 0.0054829
4222 4219 0.0054829
1657 4220 0.00010121
4219 4220 0.00010121
4817 4220 0.00010121
4220 4221 0.00010121
4222 4221 0.00010121
943 4222 0.0054829
4221 4222 0.0054829
4815 4222 0.0054829
4224 4223 0.0042743
4225 4223 0.0042743
6894 4223 0.0042743
4227 4228 0.0042767
5937 4228 0.0042767
7073 4228 0.0042767
2351 4657 0.27988
4656 4657 0.27988
7014 4657 0.27988
7087 4657 0.27988
6736 4658 0.62338
2646 4664 0.0095622
5774 4664 0.0095622
5775 4664 0.0095622
4191 4665 0.10468
4666 4665 0.10468
6469 4665 0.10468
4664 4666 0.00011892
4665 4666 0.00011892
2327 4707 0.0023013
4708 4707 0.0023013
5968 4707 0.0023013
3189 4708 0.012508
4707 4708 0.012508
5981 4708 0.012508
7130 4708 0.012508
1537 4709 0.00036656
4710 4709 0.00036656
5063 4710 0.00014087
4788 4787 0.00017289
6408 4787 0.00017289
6409 4787 0.00017289
996 4789 0.023793
3119 4789 0.023793
4790 4789 0.023793
6237 4789 0.023793
4789 4790 0.0012525
6240 4790 0.0012525
6365 4790 0.0012525
986 4801 0.00025285
2895 4801 0.00025285
4802 4801 0.00025285
569 4805 0.064762
4806 4805 0.064762
5884 4805 0.064762
5064 5063 0.031571
5240 5063 0.031571
4659 5064 0.00041183
5065 5064 0.00041183
3792 5065 0.00037346
5090 5089 0.097027
5091 5090 0.09706
5838 5090 0.09706
1128 5091 0.0049138
5092 5091 0.0049138
5093 5092 0.0002495
5088 5093 0.00024956
5094 5093 0.00024956
1126 5094 0.00020678
2348 5238 0.16908
5239 5238 0.16908
5739 5238 0.16908
3317 5239 0.0014867
5238 5239 0.0014867
7089 5239 0.0014867
5241 5240 0.031372
5738 5240 0.031372
7218 5240 0.031372
5064 5241 0.00021321
5240 5241 0.00021321
3638 5267 0.0046651
3640 5267 0.0046651
5268 5267 0.0046651
3138 5268 0.0045931
5832 5268 0.0045931
6422 5268 0.0045931
3122 5269 0.004335
5270 5269 0.004335
6233 5269 0.004335
2753 5270 0.0042613
3327 5270 0.0042613
5237 5270 0.0042613
5063 5395 0.03143
3791 5396 0.40882
3793 5397 0.21493
5993 5397 0.21493
7115 5397 0.21493
3105 5398 0.00022305
5399 5398 0.00022305
5963 5398 0.00022305
3085 5399 0.00093924
3088 5399 0.00093924
5398 5399 0.00093924
738 5576 0.00027364
2913 5576 0.00027364
5577 5576 0.00027364
5576 5578 0.00027357
5579 5578 0.00027357
3898 5580 0.0038193
5581 5580 0.0038193
5935 5580 0.0038193
5578 5582 0.00027349
5583 5582 0.00027349
5584 5582 0.00027349
5666 5662 0.2733
5667 5662 0.2733
4658 5663 0.027846
4658 5664 0.59553
4657 5666 0.30769
5663 5666 0.30769
5665 5666 0.30769
5666 5668 0.034491
5667 5668 0.034491
2350 5670 0.0055341
5671 5670 0.0055341
5836 5670 0.0055341
5670 5671 0.0071076
6385 5671 0.0071076
7085 5671 0.0071076
3090 5674 0.041516
5675 5674 0.041516
5676 5674 0.041516
7150 5674 0.041516
2279 5675 0.00012737
5674 5675 0.00012737
7273 5675 0.00012737
5677 5676 0.001512
5678 5676 0.001512
5962 5676 0.001512
2348 5738 0.025993
5239 5738 0.025993
5739 5738 0.025993
5241 5739 0.0061832
5738 5739 0.0061832
7218 5739 0.0061832
4205 5740 0.011494
5741 5740 0.011494
5742 5740 0.011494
5740 5741 0.0001448
7219 5741 0.0001448
4213 5742 0.0088479
5743 5742 0.0088479
5744 5742 0.0088479
4205 5743 0.0011462
5741 5743 0.0011462
5742 5743 0.0011462
1655 5744 0.00894
5745 5744 0.00894
5901 5744 0.00894
5904 5744 0.00894
4213 5745 0.0018442
5743 5745 0.0018442
5744 5745 0.0018442
1658 5746 0.010712
5747 5746 0.010712
5907 5746 0.010712
5984 5746 0.010712
4664 5771 0.11413
4665 5771 0.11413
6467 5772 0.00042989
2646 5773 0.0029074
5774 5773 0.0029074
5775 5773 0.0029074
5773 5774 0.00014361
5880 5774 0.00014361
5776 5775 0.011869
6468 5775 0.011869
5780 5779 0.014411
5781 5779 0.014411
5786 5779 0.014411
981 5780 0.0066968
5779 5780 0.0066968
6433 5780 0.0066968
6436 5780 0.0066968
2632 5781 0.022213
5782 5781 0.022213
5883 5781 0.022213
5886 5781 0.022213
5780 5782 0.005186
5781 5782 0.005186
5786 5782 0.005186
4175 5783 0.0095582
4176 5783 0.0095582
5784 5783 0.0095582
5785 5783 0.0095582
5783 5784 0.00018275
5788 5784 0.00018275
5796 5784 0.00018275
5780 5785 0.0095819
5781 5785 0.0095819
5786 5785 0.0095819
4175 5786 0.00026896
4176 5786 0.00026896
5784 5786 0.00026896
5785 5786 0.00026896
5783 5787 0.0046949
5788 5787 0.0046949
5796 5787 0.0046949
5787 5788 0.00043706
5914 5788 0.00043706
5915 5788 0.00043706
5790 5789 0.0050402
5791 5789 0.0050402
5932 5789 0.0050402
5969 5789 0.0050402
5789 5790 0.0024608
5911 5790 0.0024608
5913 5790 0.0024608
5982 5790 0.0024608
5792 5791 0.016392
5891 5791 0.016392
5894 5791 0.016392
5790 5792 0.014741
5791 5792 0.014741
5932 5792 0.014741
5969 5792 0.014741
5794 5793 0.06284
5931 5793 0.06284
5795 5794 0.030926
5887 5794 0.030926
5890 5794 0.030926
5794 5795 0.019952
5931 5795 0.019952
4172 5796 0.0025654
5797 5796 0.0025654
5783 5797 0.007683
5788 5797 0.007683
5796 5797 0.007683
3335 5822 0.00036896
5823 5822 0.00036896
5831 5822 0.00036896
6967 5822 0.00036896
5822 5823 0.00062846
6963 5823 0.00062846
7102 5823 0.00062846
7104 5823 0.00062846
5824 5825 0.00050957
6964 5825 0.00050957
7100 5825 0.00050957
5825 5827 0.00010666
5826 5827 0.00010666
5830 5827 0.00010666
5825 5831 0.00046246
5826 5831 0.00046246
5830 5831 0.00046246
2352 5832 0.004597
2355 5832 0.004597
5269 5832 0.004597
5837 5838 0.092153
6927 5838 0.092153
7069 5838 0.092153
7112 5838 0.092153
5773 5879 0.0029074
5880 5879 0.0029074
5879 5880 0.00014361
5882 5880 0.00014361
5879 5881 0.0029074
5882 5881 0.0029074
5771 5882 0.00014361
5881 5882 0.00014361
569 5883 0.93535
4806 5883 0.93535
5884 5883 0.93535
2632 5885 0.91791
5782 5885 0.91791
5883 5885 0.91791
5886 5885 0.91791
4181 5886 0.00011672
4182 5886 0.00011672
5885 5886 0.00011672
5888 5886 0.00011672
4181 5887 0.54643
4182 5887 0.54643
5885 5887 0.54643
5888 5887 0.54643
5795 5888 0.0073884
5887 5888 0.0073884
5890 5888 0.0073884
5795 5889 0.53539
5887 5889 0.53539
5890 5889 0.53539
4163 5890 0.0073223
4164 5890 0.0073223
5889 5890 0.0073223
5892 5890 0.0073223
4163 5891 0.37054
4164 5891 0.37054
5889 5891 0.37054
5892 5891 0.37054
5792 5892 0.004052
5891 5892 0.004052
5894 5892 0.004052
5792 5893 0.36607
5891 5893 0.36607
5894 5893 0.36607
5893 5894 0.0012406
7255 5894 0.0012406
2329 5895 0.34635
5896 5895 0.34635
7254 5895 0.34635
7258 5895 0.34635
942 5897 0.33741
945 5897 0.33741
5898 5897 0.33741
7252 5897 0.33741
5897 5899 0.33467
5900 5899 0.33467
5983 5899 0.33467
5899 5900 0.00014091
5902 5900 0.00014091
5910 5900 0.00014091
5899 5901 0.33428
5902 5901 0.33428
5910 5901 0.33428
1655 5902 0.0001357
5745 5902 0.0001357
5901 5902 0.0001357
5904 5902 0.0001357
1655 5903 0.33786
5745 5903 0.33786
5901 5903 0.33786
5904 5903 0.33786
2349 5904 0.00016432
5903 5904 0.00016432
5986 5904 0.00016432
7105 5904 0.00016432
2344 5905 0.0089672
2347 5905 0.0089672
5906 5905 0.0089672
5905 5906 0.0015734
6955 5906 0.0015734
7110 5906 0.0015734
719 5907 0.0034047
5908 5907 0.0034047
7109 5907 0.0034047
1658 5908 0.00092535
5747 5908 0.00092535
5907 5908 0.00092535
5984 5908 0.00092535
5899 5909 0.002875
5902 5909 0.002875
5910 5909 0.002875
4201 5910 0.0024904
4208 5910 0.0024904
4209 5910 0.0024904
5909 5910 0.0024904
5787 5913 0.0046949
5914 5913 0.0046949
5915 5913 0.0046949
5789 5914 0.00043706
5911 5914 0.00043706
5913 5914 0.00043706
5982 5914 0.00043706
4189 5917 0.028387
4190 5917 0.028387
5918 5917 0.028387
5917 5918 0.001759
5920 5918 0.001759
5978 5918 0.001759
5917 5919 0.003813
5920 5919 0.003813
5978 5919 0.003813
4192 5920 0.077183
5919 5920 0.077183
5980 5920 0.077183
4185 5921 0.072163
4186 5921 0.072163
5922 5921 0.072163
5921 5922 0.031325
5924 5922 0.031325
5973 5922 0.031325
5921 5923 0.094881
5924 5923 0.094881
5973 5923 0.094881
4167 5924 0.039376
4168 5924 0.039376
5923 5924 0.039376
5926 5924 0.039376
4167 5925 0.16681
4168 5925 0.16681
5923 5925 0.16681
5926 5925 0.16681
5925 5926 0.0050939
5976 5926 0.0050939
5979 5926 0.0050939
4183 5927 0.16468
4184 5927 0.16468
5928 5927 0.16468
5927 5928 0.016553
5930 5928 0.016553
5974 5928 0.016553
5927 5929 0.15829
5930 5929 0.15829
5974 5929 0.15829
4165 5930 0.024834
4166 5930 0.024834
5929 5930 0.024834
5972 5930 0.024834
4179 5931 0.051866
4180 5931 0.051866
4170 5932 0.029328
4173 5932 0.029328
5933 5932 0.029328
5790 5933 0.001291
5791 5933 0.001291
5932 5933 0.001291
5969 5933 0.001291
1468 5935 0.0038202
5934 5935 0.0038202
3147 5950 0.0017911
5951 5950 0.0017911
6398 5950 0.0017911
6399 5950 0.0017911
5950 5951 0.00020343
6389 5951 0.00020343
6405 5951 0.00020343
3133 5954 0.0043416
5955 5954 0.0043416
6394 5954 0.0043416
3117 5956 0.0088334
5957 5956 0.0088334
6368 5956 0.0088334
6369 5956 0.0088334
5956 5957 0.0048869
6386 5957 0.0048869
6387 5957 0.0048869
3105 5962 0.0014492
5399 5962 0.0014492
5963 5962 0.0014492
3103 5964 0.0001314
3106 5964 0.0001314
5965 5964 0.0001314
3086 5965 0.00086387
5668 5965 0.00086387
5964 5965 0.00086387
5790 5968 0.02851
5791 5968 0.02851
5932 5968 0.02851
5969 5968 0.02851
2327 5969 0.0014007
4708 5969 0.0014007
5968 5969 0.0014007
4172 5970 0.001403
5797 5970 0.001403
4165 5971 0.20058
4166 5971 0.20058
5929 5971 0.20058
5972 5971 0.20058
2331 5972 0.0035963
4196 5972 0.0035963
5971 5972 0.0035963
7256 5972 0.0035963
5927 5973 0.048775
5930 5973 0.048775
5974 5973 0.048775
5921 5974 0.034108
5924 5974 0.034108
5973 5974 0.034108
5925 5975 0.13505
5976 5975 0.13505
5979 5975 0.13505
2330 5976 0.011108
2333 5976 0.011108
5975 5976 0.011108
5917 5977 0.10374
5920 5977 0.10374
5978 5977 0.10374
2334 5978 0.0037429
2337 5978 0.0037429
5977 5978 0.0037429
7152 5978 0.0037429
4192 5979 0.011843
5919 5979 0.011843
5980 5979 0.011843
5925 5980 0.049618
5976 5980 0.049618
5979 5980 0.049618
5789 5981 0.0076423
5911 5981 0.0076423
5913 5981 0.0076423
5982 5981 0.0076423
3189 5982 0.00080508
4707 5982 0.00080508
5981 5982 0.00080508
7130 5982 0.00080508
1658 5983 0.0041528
5747 5983 0.0041528
5907 5983 0.0041528
5984 5983 0.0041528
5897 5984 0.0069371
5900 5984 0.0069371
5983 5984 0.0069371
2349 5985 0.20565
5903 5985 0.20565
5986 5985 0.20565
7105 5985 0.20565
3319 5986 0.00067296
5985 5986 0.00067296
7093 5986 0.00067296
7095 5986 0.00067296
6107 6108 0.00062762
6110 6108 0.00062762
6114 6108 0.00062762
3145 6110 0.0010239
3148 6110 0.0010239
3911 6110 0.0010239
6109 6110 0.0010239
3139 6111 0.0016113
3910 6111 0.0016113
6112 6111 0.0016113
6111 6112 0.00024436
6396 6112 0.00024436
6397 6112 0.00024436
6406 6112 0.00024436
6107 6113 0.00050478
6110 6113 0.00050478
6114 6113 0.00050478
548 6225 0.00012711
6226 6225 0.00012711
6227 6225 0.00012711
6230 6225 0.00012711
3333 6226 0.0006834
3336 6226 0.0006834
6225 6226 0.0006834
3907 6227 0.00019067
4019 6227 0.00019067
6228 6227 0.00019067
6358 6227 0.00019067
548 6228 0.013455
6226 6228 0.013455
6227 6228 0.013455
6230 6228 0.013455
548 6229 0.0005661
6226 6229 0.0005661
6227 6229 0.0005661
6230 6229 0.0005661
6229 6230 0.0084378
6979 6230 0.0084378
7063 6230 0.0084378
4020 6231 0.00049112
6232 6231 0.00049112
6351 6231 0.00049112
6231 6232 0.00030809
6234 6232 0.00030809
6354 6232 0.00030809
6231 6233 0.00042548
6234 6233 0.00042548
6354 6233 0.00042548
3122 6234 0.00034048
5270 6234 0.00034048
6233 6234 0.00034048
2071 6237 0.013756
6238 6237 0.013756
6239 6237 0.013756
996 6238 0.0042398
3119 6238 0.0042398
4790 6238 0.0042398
6237 6238 0.0042398
4789 6239 0.0014841
6240 6239 0.0014841
6365 6239 0.0014841
2071 6240 0.031722
6238 6240 0.031722
6239 6240 0.031722
950 6351 0.00010002
6352 6351 0.00010002
6353 6351 0.00010002
6356 6351 0.00010002
4020 6352 0.00030141
6232 6352 0.00030141
6351 6352 0.00030141
6231 6355 0.00012847
6234 6355 0.00012847
6354 6355 0.00012847
950 6357 0.00042296
6352 6357 0.00042296
6353 6357 0.00042296
6356 6357 0.00042296
995 6358 0.00019554
6359 6358 0.00019554
6360 6358 0.00019554
3907 6359 0.0091548
4019 6359 0.0091548
6228 6359 0.0091548
6358 6359 0.0091548
6357 6360 0.00020845
6361 6360 0.00020845
995 6361 0.0036577
6359 6361 0.0036577
6360 6361 0.0036577
6357 6362 0.0038366
6361 6362 0.0038366
6363 6364 0.00028964
6943 6364 0.00028964
7165 6364 0.00028964
2364 6365 0.00058882
2367 6365 0.00058882
6366 6365 0.00058882
6367 6365 0.00058882
4789 6366 0.053366
6240 6366 0.053366
6365 6366 0.053366
2364 6368 0.070242
2367 6368 0.070242
6366 6368 0.070242
6367 6368 0.070242
5954 6369 0.00012579
6370 6369 0.00012579
6388 6369 0.00012579
7111 6369 0.00012579
3117 6370 0.068009
5957 6370 0.068009
6368 6370 0.068009
6369 6370 0.068009
3140 6371 0.00015782
6372 6371 0.00015782
6373 6371 0.00015782
6407 6371 0.00015782
2078 6372 0.0042305
2358 6372 0.0042305
2361 6372 0.0042305
6371 6372 0.0042305
3140 6374 0.0020028
6372 6374 0.0020028
6373 6374 0.0020028
6407 6374 0.0020028
3143 6376 0.00046362
3146 6376 0.00046362
6374 6376 0.00046362
6375 6376 0.00046362
6376 6378 0.0004293
6377 6378 0.0004293
6417 6378 0.0004293
5952 6380 0.00039417
6378 6380 0.00039417
6379 6380 0.00039417
5956 6385 0.0009504
6386 6385 0.0009504
6387 6385 0.0009504
5670 6386 0.016956
6385 6386 0.016956
7085 6386 0.016956
5954 6387 0.0022733
6370 6387 0.0022733
6388 6387 0.0022733
7111 6387 0.0022733
5956 6388 0.022225
6386 6388 0.022225
6387 6388 0.022225
5950 6390 0.0027519
6389 6390 0.0027519
6405 6390 0.0027519
3908 6391 0.00042036
6392 6391 0.00042036
6393 6391 0.00042036
3118 6392 0.0014264
6390 6392 0.0014264
6391 6392 0.0014264
3133 6393 0.00011134
5955 6393 0.00011134
6394 6393 0.00011134
3908 6394 0.0019398
6392 6394 0.0019398
6393 6394 0.0019398
6111 6395 0.00091512
6396 6395 0.00091512
6397 6395 0.00091512
6406 6395 0.00091512
2362 6396 0.0025994
2365 6396 0.0025994
6395 6396 0.0025994
3147 6397 0.00030214
5951 6397 0.00030214
6398 6397 0.00030214
6399 6397 0.00030214
6111 6398 0.0022873
6396 6398 0.0022873
6397 6398 0.0022873
6406 6398 0.0022873
3147 6400 0.0019352
5951 6400 0.0019352
6398 6400 0.0019352
6399 6400 0.0019352
3909 6402 0.0015078
6113 6402 0.0015078
6400 6402 0.0015078
6401 6402 0.0015078
6111 6405 0.0012792
6396 6405 0.0012792
6397 6405 0.0012792
6406 6405 0.0012792
5950 6406 0.00021322
6389 6406 0.00021322
6405 6406 0.00021322
4788 6407 0.0002386
6408 6407 0.0002386
6409 6407 0.0002386
3140 6408 0.00017676
6372 6408 0.00017676
6373 6408 0.00017676
6407 6408 0.00017676
6364 6409 0.00026669
6410 6409 0.00026669
6411 6409 0.00026669
3304 6422 0.00010103
6420 6422 0.00010103
6421 6422 0.00010103
4805 6433 0.064752
6431 6433 0.064752
6434 6433 0.064752
981 6435 0.072184
5779 6435 0.072184
6433 6435 0.072184
6436 6435 0.072184
2642 6467 0.00045754
2643 6467 0.00045754
4191 6468 0.011876
4666 6468 0.011876
6469 6468 0.011876
2336 6469 0.0012167
2339 6469 0.0012167
4709 6469 0.0012167
946 6706 0.00074046
6707 6706 0.00074046
4218 6707 0.00096421
6706 6707 0.00096421
6724 6707 0.00096421
2638 6717 0.00045736
4215 6724 0.0013287
6725 6724 0.0013287
4218 6725 0.00044302
6706 6725 0.00044302
6724 6725 0.00044302
4217 6726 0.00087084
6727 6726 0.00087084
6726 6727 0.00020891
7153 6727 0.00020891
6879 6736 0.62338
5085 6873 0.0046643
5267 6873 0.0046643
6873 6874 0.0046643
5662 6878 0.86883
5664 6878 0.86883
3792 6879 0.62338
4228 6894 0.0042743
4229 6894 0.0042743
6893 6894 0.0042743
4223 6895 0.0043508
6896 6895 0.0043508
7081 6895 0.0043508
5905 6954 0.0063038
6955 6954 0.0063038
7110 6954 0.0063038
6954 6955 0.0013894
6957 6955 0.0013894
6959 6955 0.0013894
2346 6959 0.0013894
6960 6959 0.0013894
7108 6959 0.0013894
6954 6960 0.0063038
6957 6960 0.0063038
6959 6960 0.0063038
5824 6963 0.00040684
6964 6963 0.00040684
7100 6963 0.00040684
5822 6964 0.00030302
6963 6964 0.00030302
7102 6964 0.00030302
7104 6964 0.00030302
3335 6968 0.00023904
5823 6968 0.00023904
5831 6968 0.00023904
6967 6968 0.00023904
6969 6971 0.0053452
6972 6971 0.0053452
6975 6971 0.0053452
7066 6971 0.0053452
6971 6972 0.001812
6974 6972 0.001812
7064 6972 0.001812
6971 6973 0.0063225
6974 6973 0.0063225
7064 6973 0.0063225
6973 6974 0.0038779
6976 6974 0.0038779
6978 6974 0.0038779
6973 6975 0.0078849
6976 6975 0.0078849
6978 6975 0.0078849
6969 6976 0.002263
6972 6976 0.002263
6975 6976 0.002263
7066 6976 0.002263
6973 6977 0.0058951
6976 6977 0.0058951
6978 6977 0.0058951
3320 6978 0.0090724
6977 6978 0.0090724
7096 6978 0.0090724
6980 6979 0.0072437
7065 6979 0.0072437
7098 6979 0.0072437
6229 6980 0.00046068
6979 6980 0.00046068
7063 6980 0.00046068
6982 6981 0.0059876
6984 6981 0.0059876
6986 6981 0.0059876
6981 6982 0.00064148
6990 6982 0.00064148
6982 6983 0.0019969
6984 6983 0.0019969
6986 6983 0.0019969
3318 6984 0.012626
6983 6984 0.012626
7092 6984 0.012626
6982 6985 0.0082617
6984 6985 0.0082617
6986 6985 0.0082617
6985 6986 0.0029784
6988 6986 0.0029784
6989 6986 0.0029784
6985 6987 0.012405
6988 6987 0.012405
6989 6987 0.012405
6987 6988 0.0017753
6992 6988 0.0017753
6994 6988 0.0017753
6981 6989 0.0059876
6990 6989 0.0059876
6985 6990 0.00064148
6988 6990 0.00064148
6989 6990 0.00064148
6987 6991 0.0093181
6992 6991 0.0093181
6994 6991 0.0093181
6991 6992 0.0007992
6995 6992 0.0007992
7000 6992 0.0007992
6987 6993 0.0070272
6992 6993 0.0070272
6994 6993 0.0070272
6993 6994 0.0049167
6996 6994 0.0049167
6998 6994 0.0049167
7001 6994 0.0049167
6993 6995 0.0022145
6996 6995 0.0022145
6998 6995 0.0022145
7001 6995 0.0022145
6991 6996 0.0081743
6995 6996 0.0081743
7000 6996 0.0081743
6993 6997 0.013541
6996 6997 0.013541
6998 6997 0.013541
7001 6997 0.013541
6997 6998 0.0029118
7090 6998 0.0029118
7091 6998 0.0029118
6991 6999 0.0030291
6995 6999 0.0030291
7000 6999 0.0030291
6999 7000 0.00047
7002 7000 0.00047
7004 7000 0.00047
6999 7001 0.0030291
7002 7001 0.0030291
7004 7001 0.0030291
6993 7002 0.00047
6996 7002 0.00047
6998 7002 0.00047
7001 7002 0.00047
2366 7005 0.0032265
7006 7005 0.0032265
7086 7005 0.0032265
3316 7006 0.014647
7005 7006 0.014647
7008 7006 0.014647
7088 7006 0.014647
7016 7017 0.0014397
7019 7017 0.0014397
7026 7017 0.0014397
7021 7020 0.011317
7023 7020 0.011317
7025 7020 0.011317
7036 7020 0.011317
7020 7021 0.0072459
7032 7021 0.0072459
7035 7021 0.0072459
7021 7022 0.0082281
7023 7022 0.0082281
7025 7022 0.0082281
7036 7022 0.0082281
7022 7023 0.0044012
7029 7023 0.0044012
7031 7023 0.0044012
7033 7023 0.0044012
7021 7024 0.010746
7023 7024 0.010746
7025 7024 0.010746
7036 7024 0.010746
7024 7025 0.012939
7027 7025 0.012939
7077 7025 0.012939
7080 7025 0.012939
7024 7026 0.0015012
7027 7026 0.0015012
7077 7026 0.0015012
7080 7026 0.0015012
7022 7030 0.00081047
7029 7030 0.00081047
7031 7030 0.00081047
7033 7030 0.00081047
1230 7031 0.010842
7030 7031 0.010842
7078 7031 0.010842
7022 7032 0.014979
7029 7032 0.014979
7031 7032 0.014979
7033 7032 0.014979
7020 7033 0.0011203
7032 7033 0.0011203
7035 7033 0.0011203
7020 7034 0.01967
7032 7034 0.01967
7035 7034 0.01967
7034 7035 0.00174
7037 7035 0.00174
7039 7035 0.00174
7034 7036 0.012674
7037 7036 0.012674
7039 7036 0.012674
7021 7037 0.0069692
7023 7037 0.0069692
7025 7037 0.0069692
7036 7037 0.0069692
7034 7038 0.017602
7037 7038 0.017602
7039 7038 0.017602
7038 7039 0.0053773
7041 7039 0.0053773
7043 7039 0.0053773
7038 7040 0.017606
7041 7040 0.017606
7043 7040 0.017606
1227 7041 0.0053924
7040 7041 0.0053924
7075 7041 0.0053924
7079 7041 0.0053924
6971 7063 0.004207
6974 7063 0.004207
7064 7063 0.004207
6229 7064 0.0031184
6979 7064 0.0031184
7063 7064 0.0031184
6969 7065 0.0043519
6972 7065 0.0043519
6975 7065 0.0043519
7066 7065 0.0043519
6980 7066 0.0022633
7065 7066 0.0022633
7098 7066 0.0022633
2342 7073 0.0042773
7057 7073 0.0042773
7074 7073 0.0042773
1653 7075 0.021551
7054 7075 0.021551
7076 7075 0.021551
1227 7076 0.0039778
7040 7076 0.0039778
7075 7076 0.0039778
7079 7076 0.0039778
1230 7077 0.00081047
7030 7077 0.00081047
7078 7077 0.00081047
7024 7078 0.010842
7027 7078 0.010842
7077 7078 0.010842
7080 7078 0.010842
7024 7079 0.0063504
7027 7079 0.0063504
7077 7079 0.0063504
7080 7079 0.0063504
1227 7080 0.020072
7040 7080 0.020072
7075 7080 0.020072
7079 7080 0.020072
6895 7083 0.0057816
7017 7083 0.0057816
7084 7083 0.0057816
2366 7085 0.019786
7006 7085 0.019786
7086 7085 0.019786
5670 7086 0.0022067
6385 7086 0.0022067
7085 7086 0.0022067
3316 7087 0.27874
7005 7087 0.27874
7008 7087 0.27874
7088 7087 0.27874
2351 7088 0.00046371
4656 7088 0.00046371
7014 7088 0.00046371
7087 7088 0.00046371
6997 7089 0.12296
7090 7089 0.12296
7091 7089 0.12296
3317 7090 0.0008592
5238 7090 0.0008592
7089 7090 0.0008592
3318 7091 0.11524
6983 7091 0.11524
7092 7091 0.11524
6997 7092 0.003773
7090 7092 0.003773
7091 7092 0.003773
547 7093 0.0015722
2073 7093 0.0015722
7094 7093 0.0015722
3319 7094 0.075867
5985 7094 0.075867
7093 7094 0.075867
7095 7094 0.075867
3320 7095 0.0055105
6977 7095 0.0055105
7096 7095 0.0055105
3319 7096 0.01409
5985 7096 0.01409
7093 7096 0.01409
7095 7096 0.01409
6980 7097 0.00069034
7065 7097 0.00069034
7098 7097 0.00069034
3321 7098 0.0053847
3322 7098 0.0053847
7097 7098 0.0053847
5824 7099 0.00014965
6964 7099 0.00014965
7100 7099 0.00014965
3325 7100 0.00070915
3326 7100 0.00070915
7099 7100 0.00070915
6965 7102 0.00023904
6968 7102 0.00023904
7101 7102 0.00023904
5822 7103 0.00058903
6963 7103 0.00058903
7102 7103 0.00058903
7104 7103 0.00058903
3323 7104 0.00058582
3324 7104 0.00058582
7103 7104 0.00058582
6961 7105 0.054688
7106 7105 0.054688
7107 7105 0.054688
2346 7107 0.054688
6960 7107 0.054688
7108 7107 0.054688
5905 7109 0.0034047
6955 7109 0.0034047
7110 7109 0.0034047
719 7110 0.00092535
5908 7110 0.00092535
7109 7110 0.00092535
5954 7112 0.092153
6370 7112 0.092153
6388 7112 0.092153
7111 7112 0.092153
3795 7115 0.023097
7117 7116 0.58655
1226 7117 0.58655
1536 7117 0.58655
4200 7117 0.58655
2324 7130 0.0071984
7131 7130 0.0071984
3189 7131 0.0038286
4707 7131 0.0038286
5981 7131 0.0038286
7130 7131 0.0038286
3087 7150 0.032984
7151 7150 0.032984
6726 7152 0.00087084
7153 7152 0.00087084
2334 7153 0.00020891
2337 7153 0.00020891
5977 7153 0.00020891
7152 7153 0.00020891
2356 7161 0.00035646
2359 7161 0.00035646
6362 7161 0.00035646
7160 7161 0.00035646
6952 7163 0.00037747
7161 7163 0.00037747
7162 7163 0.00037747
6939 7165 0.00033912
7067 7165 0.00033912
7163 7165 0.00033912
7164 7165 0.00033912
5740 7218 0.011494
7219 7218 0.011494
5241 7219 0.0001448
5738 7219 0.0001448
7218 7219 0.0001448
1232 7248 0.004092
7249 7248 0.004092
1235 7251 0.0040922
7248 7251 0.0040922
7250 7251 0.0040922
5895 7252 0.34635
7253 7252 0.34635
5893 7254 0.36607
7255 7254 0.36607
2329 7255 0.0012406
5896 7255 0.0012406
7254 7255 0.0012406
7258 7255 0.0012406
2328 7256 0.084861
7257 7256 0.084861
2331 7257 0.029056
4196 7257 0.029056
5971 7257 0.029056
7256 7257 0.029056
2326 7258 0.038554
7259 7258 0.038554
2329 7259 0.0012376
5896 7259 0.0012376
7254 7259 0.0012376
7258 7259 0.0012376
7272 7273 0.0029449
7274 7273 0.0029449
1127 7274 0.0029499
3095 7274 0.0029499
3098 7274 0.0029499
