86 85 0.00032376
89 85 0.00032376
6576 85 0.00032376
85 86 0.00020875
3724 86 0.00020875
3725 86 0.00020875
88 87 0.00071039
90 87 0.00071039
773 87 0.00071039
6568 87 0.00071039
87 88 0.00035244
3728 88 0.00035244
3729 88 0.00035244
88 89 0.00056612
90 89 0.00056612
773 89 0.00056612
6568 89 0.00056612
86 90 0.00051215
89 90 0.00051215
6576 90 0.00051215
92 91 0.0001776
4557 91 0.0001776
6569 91 0.0001776
91 92 0.00052723
3732 92 0.00052723
3733 92 0.00052723
112 111 0.00027648
424 111 0.00027648
425 111 0.00027648
6552 111 0.00027648
111 112 0.0014282
387 112 0.0014282
394 112 0.0014282
114 113 0.0010282
422 113 0.0010282
423 113 0.0010282
6550 113 0.0010282
113 114 0.004626
384 114 0.004626
385 114 0.004626
116 115 0.0046832
420 115 0.0046832
421 115 0.0046832
1584 115 0.0046832
115 116 0.016176
382 116 0.016176
383 116 0.016176
378 377 0.00016944
379 377 0.00016944
377 378 0.001064
399 378 0.001064
380 379 0.00016944
386 379 0.00016944
393 379 0.00016944
378 380 0.001064
379 380 0.001064
115 381 0.0038795
382 381 0.0038795
383 381 0.0038795
381 382 0.019448
400 382 0.019448
401 382 0.019448
413 382 0.019448
113 383 0.001564
384 383 0.001564
385 383 0.001564
115 384 0.0056387
382 384 0.0056387
383 384 0.0056387
380 385 0.0011476
386 385 0.0011476
393 385 0.0011476
113 386 0.0016244
384 386 0.0016244
385 386 0.0016244
111 388 0.00027129
387 388 0.00027129
394 388 0.00027129
111 393 0.00024897
387 393 0.00024897
394 393 0.00024897
380 394 0.0016204
386 394 0.0016204
393 394 0.0016204
381 399 0.001064
400 399 0.001064
401 399 0.001064
413 399 0.001064
377 400 0.00016944
399 400 0.00016944
402 401 0.057002
403 401 0.057002
418 401 0.057002
419 401 0.057002
381 402 0.010737
400 402 0.010737
401 402 0.010737
413 402 0.010737
404 403 0.34159
405 403 0.34159
6570 403 0.34159
6573 403 0.34159
402 404 0.0031259
403 404 0.0031259
418 404 0.0031259
419 404 0.0031259
406 405 1
414 413 0.011503
415 413 0.011503
417 413 0.011503
381 414 0.041306
400 414 0.041306
401 414 0.041306
413 414 0.041306
416 415 0.0052737
3096 415 0.0052737
7148 415 0.0052737
414 416 0.34954
415 416 0.34954
417 416 0.34954
402 417 0.31678
403 417 0.31678
418 417 0.31678
419 417 0.31678
414 418 0.0023144
415 418 0.0023144
417 418 0.0023144
116 419 0.034465
420 419 0.034465
421 419 0.034465
1584 419 0.034465
402 420 0.012197
403 420 0.012197
418 420 0.012197
419 420 0.012197
114 421 0.007129
422 421 0.007129
423 421 0.007129
6550 421 0.007129
116 422 0.0027076
420 422 0.0027076
421 422 0.0027076
1584 422 0.0027076
112 423 0.0020468
424 423 0.0020468
425 423 0.0020468
6552 423 0.0020468
114 424 0.0012628
422 424 0.0012628
423 424 0.0012628
6550 424 0.0012628
426 425 0.0003629
3720 425 0.0003629
3721 425 0.0003629
4661 425 0.0003629
112 426 0.00033379
424 426 0.00033379
425 426 0.00033379
6552 426 0.00033379
428 427 0.00089277
429 427 0.00089277
3089 427 0.00089277
5680 427 0.00089277
427 428 0.016158
431 428 0.016158
3097 428 0.016158
2279 431 0.0018819
5674 431 0.0018819
7273 431 0.0018819
427 432 0.016077
431 432 0.016077
3097 432 0.016077
774 773 0.0025813
775 773 0.0025813
88 774 0.0010148
90 774 0.0010148
773 774 0.0010148
6568 774 0.0010148
776 775 0.0025813
6574 775 0.0025813
774 776 0.0010148
775 776 0.0010148
434 1126 0.00028914
5089 1126 0.00028914
432 1127 0.025586
5692 1127 0.025586
6874 1128 0.00039094
1568 1570 0.00015905
1571 1570 0.00015905
3699 1570 0.00015905
1572 1573 0.010495
7223 1573 0.010495
1574 1575 0.010495
1577 1575 0.010495
6571 1575 0.010495
1574 1576 0.64513
1577 1576 0.64513
6571 1576 0.64513
1576 1577 0.00018421
7149 1577 0.00018421
1578 1580 0.00189
1581 1580 0.00189
4558 1580 0.00189
1580 1581 0.00038587
1583 1581 0.00038587
6572 1581 0.00038587
6575 1581 0.00038587
1580 1582 0.014384
1583 1582 0.014384
6572 1582 0.014384
6575 1582 0.014384
1582 1583 0.0083273
1585 1583 0.0083273
4524 1583 0.0083273
1582 1584 0.014425
1585 1584 0.014425
4524 1584 0.014425
116 1585 0.0080719
420 1585 0.0080719
421 1585 0.0080719
1584 1585 0.0080719
2366 2367 0.00015098
7006 2367 0.00015098
7086 2367 0.00015098
428 3090 0.016454
429 3090 0.016454
3089 3090 0.016454
5680 3090 0.016454
1570 3091 0.010627
1573 3091 0.010627
3092 3091 0.010627
416 3095 0.98922
3096 3095 0.98922
7148 3095 0.98922
1127 3097 0.031041
3095 3097 0.031041
3098 3097 0.031041
427 3098 0.0015805
431 3098 0.0015805
3097 3098 0.0015805
3117 3118 0.00010522
5957 3118 0.00010522
6368 3118 0.00010522
6369 3118 0.00010522
600 3343 0.00014678
2849 3343 0.00014678
3344 3343 0.00014678
3345 3343 0.00014678
3341 3345 0.0001438
3346 3345 0.0001438
4684 3345 0.0001438
3353 3354 0.0001464
3355 3354 0.0001464
7220 3354 0.0001464
3343 3640 0.00014967
3639 3640 0.00014967
3962 3640 0.00014967
781 3699 0.00015067
3700 3699 0.00015067
3701 3699 0.00015067
553 3701 0.00015227
3702 3701 0.00015227
3703 3701 0.00015227
98 3703 0.0001483
3704 3703 0.0001483
3705 3703 0.0001483
1972 3705 0.00011939
3706 3705 0.00011939
3707 3705 0.00011939
3736 3705 0.00011939
388 3718 0.00024348
389 3718 0.00024348
3717 3718 0.00024348
6554 3718 0.00024348
398 3720 0.00026729
3718 3720 0.00026729
3719 3720 0.00026729
365 3721 0.00015206
3722 3721 0.00015206
3723 3721 0.00015206
426 3722 0.00019625
3720 3722 0.00019625
3721 3722 0.00019625
4661 3722 0.00019625
85 3723 0.00015545
3724 3723 0.00015545
3725 3723 0.00015545
365 3724 0.00018873
3722 3724 0.00018873
3723 3724 0.00018873
3726 3725 0.00017129
3727 3725 0.00017129
4556 3725 0.00017129
85 3726 0.00031957
3724 3726 0.00031957
3725 3726 0.00031957
87 3727 0.00017972
3728 3727 0.00017972
3729 3727 0.00017972
3726 3728 0.00032783
3727 3728 0.00032783
4556 3728 0.00032783
87 3730 0.00059737
3728 3730 0.00059737
3729 3730 0.00059737
373 3732 0.00059544
3730 3732 0.00059544
3731 3732 0.00059544
91 3734 0.00016901
3732 3734 0.00016901
3733 3734 0.00016901
411 3736 0.00013735
3734 3736 0.00013735
3735 3736 0.00013735
6876 3963 0.00023314
1582 4523 0.00098557
1585 4523 0.00098557
4524 4523 0.00098557
4523 4524 0.0012818
4526 4524 0.0012818
6551 4524 0.0012818
4523 4525 0.00068857
4526 4525 0.00068857
6551 4525 0.00068857
4525 4526 0.0010243
6553 4526 0.0010243
6577 4526 0.0010243
1578 4557 0.00038587
1581 4557 0.00038587
4558 4557 0.00038587
92 4558 0.00189
4557 4558 0.00189
6569 4558 0.00189
426 4660 0.00014642
3720 4660 0.00014642
3721 4660 0.00014642
4661 4660 0.00014642
3347 4684 0.00014638
3354 4684 0.00014638
4683 4684 0.00014638
4685 5085 0.00023735
5086 5085 0.00023735
5087 5086 0.00024728
5271 5086 0.00024728
1129 5087 0.00019683
3963 5087 0.00019683
7272 5088 0.99981
7274 5088 0.99981
5090 5089 0.00025426
5091 5090 1.0005
5838 5090 1.0005
1128 5091 1.0002
5092 5091 1.0002
5093 5092 0.99982
5088 5093 1.0001
5094 5093 1.0001
1126 5094 0.0002435
3638 5267 0.00015455
3640 5267 0.00015455
5268 5267 0.00015455
2350 5670 0.00030401
5671 5670 0.00030401
5836 5670 0.00030401
3090 5674 0.016392
5675 5674 0.016392
5676 5674 0.016392
7150 5674 0.016392
3094 5680 0.0011586
5681 5680 0.0011586
5683 5680 0.0011586
1975 5683 0.0011586
3091 5683 0.0011586
5682 5683 0.0011586
5693 5683 0.0011586
1975 5692 0.0096685
3091 5692 0.0096685
5682 5692 0.0096685
5693 5692 0.0096685
432 5693 0.00015974
5692 5693 0.00015974
6877 5835 1.0003
5835 5836 0.00027885
5091 5837 0.0013052
5838 5837 0.0013052
5837 5838 0.0016241
6927 5838 0.0016241
7069 5838 0.0016241
7112 5838 0.0016241
3133 5954 0.00012893
5955 5954 0.00012893
6394 5954 0.00012893
3117 5956 0.00016074
5957 5956 0.00016074
6368 5956 0.00016074
6369 5956 0.00016074
5956 5957 0.0010703
6386 5957 0.0010703
6387 5957 0.0010703
2364 6368 0.00015202
2367 6368 0.00015202
6366 6368 0.00015202
6367 6368 0.00015202
5954 6369 0.00022955
6370 6369 0.00022955
6388 6369 0.00022955
7111 6369 0.00022955
3117 6370 0.0011878
5957 6370 0.0011878
6368 6370 0.0011878
6369 6370 0.0011878
5670 6386 0.00024446
6385 6386 0.00024446
7085 6386 0.00024446
5954 6387 0.0010876
6370 6387 0.0010876
6388 6387 0.0010876
7111 6387 0.0010876
5956 6388 0.0003536
6386 6388 0.0003536
6387 6388 0.0003536
3118 6392 0.00010077
6390 6392 0.00010077
6391 6392 0.00010077
4523 6550 0.00094884
4526 6550 0.00094884
6551 6550 0.00094884
114 6551 0.00090929
422 6551 0.00090929
423 6551 0.00090929
6550 6551 0.00090929
4525 6552 0.00045093
6553 6552 0.00045093
6577 6552 0.00045093
112 6553 0.00084774
424 6553 0.00084774
425 6553 0.00084774
6552 6553 0.00084774
92 6568 0.00043521
4557 6568 0.00043521
6569 6568 0.00043521
88 6569 0.0015897
90 6569 0.0015897
773 6569 0.0015897
6568 6569 0.0015897
404 6571 0.65543
405 6571 0.65543
6570 6571 0.65543
6573 6571 0.65543
404 6572 0.016829
405 6572 0.016829
6570 6572 0.016829
6573 6572 0.016829
1580 6573 0.010709
1583 6573 0.010709
6572 6573 0.010709
6575 6573 0.010709
1580 6574 0.0025813
1583 6574 0.0025813
6572 6574 0.0025813
6575 6574 0.0025813
776 6575 0.0010148
6574 6575 0.0010148
4525 6576 0.00058901
6553 6576 0.00058901
6577 6576 0.00058901
86 6577 0.00052797
89 6577 0.00052797
6576 6577 0.00052797
5085 6873 0.00039094
5267 6873 0.00039094
6873 6874 0.00039094
5093 6875 0.00023314
6875 6876 0.00023314
5090 6877 1.0003
5670 7086 0.0001434
6385 7086 0.0001434
7085 7086 0.0001434
5837 7111 0.0013052
6927 7111 0.0013052
7069 7111 0.0013052
7112 7111 0.0013052
5954 7112 0.0016241
6370 7112 0.0016241
6388 7112 0.0016241
7111 7112 0.0016241
1576 7148 0.64513
7149 7148 0.64513
416 7149 0.00018421
3096 7149 0.00018421
7148 7149 0.00018421
4660 7220 0.00014642
7221 7220 0.00014642
7222 7223 0.010495
7225 7223 0.010495
408 7225 0.010495
1575 7225 0.010495
7224 7225 0.010495
2279 7272 0.015621
5674 7272 0.015621
7273 7272 0.015621
7272 7273 0.0011477
7274 7273 0.0011477
1127 7274 0.98534
3095 7274 0.98534
3098 7274 0.98534
