118 117 0.00065888
3219 117 0.00065888
5730 117 0.00065888
310 309 0.49995
2653 309 0.49995
2655 309 0.49995
381 402 0.00012195
400 402 0.00012195
401 402 0.00012195
413 402 0.00012195
414 413 0.00015112
415 413 0.00015112
417 413 0.00015112
416 415 0.00023995
3096 415 0.00023995
7148 415 0.00023995
414 416 0.0001999
415 416 0.0001999
417 416 0.0001999
402 417 0.00018222
403 417 0.00018222
418 417 0.00018222
419 417 0.00018222
428 427 0.025037
429 427 0.025037
3089 427 0.025037
5680 427 0.025037
427 428 0.029467
431 428 0.029467
3097 428 0.029467
2279 431 0.0028891
5674 431 0.0028891
7273 431 0.0028891
427 432 0.011958
431 432 0.011958
3097 432 0.011958
5835 433 0.7948
548 547 0.00014935
6226 547 0.00014935
6227 547 0.00014935
6230 547 0.00014935
5260 723 0.00064742
723 724 0.0006071
6920 724 0.0006071
778 777 0.00011274
3045 777 0.00011274
6147 777 0.00011274
777 778 0.00011274
4784 778 0.00011274
6149 778 0.00011274
779 780 0.00010578
3046 780 0.00010578
961 960 0.00030595
1954 960 0.00030595
2132 960 0.00030595
960 962 0.00030595
963 962 0.00030595
2112 962 0.00030595
962 964 0.00030595
965 964 0.00030595
2114 964 0.00030595
996 997 0.00034474
3119 997 0.00034474
4790 997 0.00034474
6237 997 0.00034474
434 1126 0.00029251
5089 1126 0.00029251
432 1127 0.93
5692 1127 0.93
6874 1128 0.0021559
964 1148 0.00039738
1147 1148 0.00039738
2116 1148 0.00039738
2125 1148 0.00039738
1227 1226 0.00022622
7040 1226 0.00022622
7075 1226 0.00022622
7079 1226 0.00022622
1226 1227 0.00030078
1536 1227 0.00030078
4200 1227 0.00030078
1515 1514 0.00023537
2096 1514 0.00023537
4667 1514 0.00023537
5384 1514 0.00023537
1537 1536 0.0041647
4710 1536 0.0041647
1540 1541 0.00033495
4516 1541 0.00033495
5699 1541 0.00033495
6610 1541 0.00033495
1538 1542 0.0020759
1541 1542 0.0020759
1543 1542 0.0020759
5703 1542 0.0020759
1570 1572 0.0021148
1573 1572 0.0021148
3092 1572 0.0021148
1572 1573 0.00010041
7223 1573 0.00010041
408 1574 0.0021148
1575 1574 0.0021148
7224 1574 0.0021148
1574 1575 0.00010041
1577 1575 0.00010041
6571 1575 0.00010041
1574 1576 0.0021655
1577 1576 0.0021655
6571 1576 0.0021655
1576 1577 0.00010967
7149 1577 0.00010967
1659 1660 0.0005354
3213 1660 0.0005354
4560 1660 0.0005354
1662 1661 0.00034244
3657 1661 0.00034244
3660 1661 0.00034244
1661 1662 0.00041701
1664 1662 0.00041701
6204 1662 0.00041701
1661 1663 0.00025369
1664 1663 0.00025369
6204 1663 0.00025369
1663 1665 0.00019258
1666 1665 0.00019258
6183 1665 0.00019258
1665 1667 0.00020797
1668 1667 0.00020797
6198 1667 0.00020797
1670 1669 0.00022346
6171 1669 0.00022346
7226 1669 0.00022346
1669 1671 0.00022346
1672 1671 0.00022346
6169 1671 0.00022346
1671 1673 0.004843
1674 1673 0.004843
3202 1673 0.004843
1673 1674 0.00056449
3205 1674 0.00056449
6167 1674 0.00056449
1676 1675 0.0050332
2854 1675 0.0050332
3661 1675 0.0050332
1675 1676 0.00062975
3203 1676 0.00062975
6201 1676 0.00062975
1688 1687 0.00011483
4517 1687 0.00011483
6605 1687 0.00011483
1724 1723 0.00038993
3608 1723 0.00038993
4753 1723 0.00038993
1727 1728 0.00080018
1730 1728 0.00080018
4758 1728 0.00080018
1729 1730 0.0006407
4756 1730 0.0006407
6076 1730 0.0006407
1976 1975 0.99544
6155 1975 0.99544
6617 1975 0.99544
2071 2072 0.00053541
6238 2072 0.00053541
6239 2072 0.00053541
2072 2073 0.0007889
2074 2073 0.0007889
2075 2073 0.0007889
3906 2073 0.0007889
994 2075 0.00039664
997 2075 0.00039664
2076 2075 0.00039664
2077 2075 0.00039664
2078 2077 0.0002326
2358 2077 0.0002326
2361 2077 0.0002326
6371 2077 0.0002326
994 2078 0.00014572
997 2078 0.00014572
2076 2078 0.00014572
2077 2078 0.00014572
1456 2096 0.0003972
2097 2096 0.0003972
2098 2096 0.0003972
1146 2098 0.00039737
2099 2098 0.00039737
2100 2098 0.00039737
1148 2100 0.00039737
1152 2100 0.00039737
2101 2100 0.00039737
591 2132 0.00028319
2133 2132 0.00028319
2437 2132 0.00028319
4807 2132 0.00028319
2135 2134 0.96734
2142 2134 0.96734
2400 2134 0.96734
2818 2134 0.96734
2134 2135 0.00018773
2137 2135 0.00018773
6215 2135 0.00018773
2134 2136 0.96154
2137 2136 0.96154
6215 2136 0.96154
2136 2137 0.000193
2853 2137 0.000193
3220 2137 0.000193
6166 2137 0.000193
2138 2139 0.0001568
2816 2139 0.0001568
2819 2139 0.0001568
2143 2142 0.99948
2404 2142 0.99948
7285 2142 0.99948
309 2144 0.49952
2145 2144 0.49952
5494 2144 0.49952
724 2146 0.002051
2147 2146 0.002051
6794 2146 0.002051
2149 2148 0.0014467
7287 2148 0.0014467
2151 2150 0.0020912
3649 2150 0.0020912
3652 2150 0.0020912
6823 2150 0.0020912
549 2152 0.0006656
2153 2152 0.0006656
2864 2152 0.0006656
6808 2152 0.0006656
1312 2154 0.000516
2155 2154 0.000516
4673 2154 0.000516
2336 2338 0.00029802
2339 2338 0.00029802
4709 2338 0.00029802
2349 2348 0.0013473
5903 2348 0.0013473
5986 2348 0.0013473
7105 2348 0.0013473
2348 2349 0.00013573
5239 2349 0.00013573
5739 2349 0.00013573
2351 2350 0.065984
4656 2350 0.065984
7014 2350 0.065984
7087 2350 0.065984
2350 2351 0.0043065
5671 2351 0.0043065
5836 2351 0.0043065
2078 2360 0.0001965
2358 2360 0.0001965
2361 2360 0.0001965
6371 2360 0.0001965
2360 2361 0.00016151
2363 2361 0.00016151
3120 2361 0.00016151
2360 2362 0.00054657
2363 2362 0.00054657
3120 2362 0.00054657
2362 2363 0.00031047
2365 2363 0.00031047
6395 2363 0.00031047
2362 2364 0.00071862
2365 2364 0.00071862
6395 2364 0.00071862
2364 2365 0.0003515
2367 2365 0.0003515
6366 2365 0.0003515
6367 2365 0.0003515
2364 2366 0.010351
2367 2366 0.010351
6366 2366 0.010351
6367 2366 0.010351
2366 2367 0.0010051
7006 2367 0.0010051
7086 2367 0.0010051
2135 2401 0.036216
2142 2401 0.036216
2400 2401 0.036216
2818 2401 0.036216
2401 2407 0.036216
2402 2407 0.036216
2406 2407 0.036216
2407 2409 0.00030813
2408 2409 0.00030813
6214 2409 0.00030813
2409 2413 0.00030819
2410 2413 0.00030819
2412 2413 0.00030819
2413 2417 0.00030819
2414 2417 0.00030819
2416 2417 0.00030819
2417 2425 0.00030819
2418 2425 0.00030819
2424 2425 0.00030819
2425 2427 0.0002109
2426 2427 0.0002109
5940 2427 0.0002109
2427 2431 0.0002109
2428 2431 0.0002109
2430 2431 0.0002109
2431 2437 0.00030819
2436 2437 0.00030819
5943 2437 0.00030819
2440 2441 0.00015402
2443 2441 0.00015402
5710 2441 0.00015402
5713 2441 0.00015402
2440 2442 0.00052929
2443 2442 0.00052929
5710 2442 0.00052929
5713 2442 0.00052929
2442 2443 0.0016577
2445 2443 0.0016577
5720 2443 0.0016577
2442 2444 0.00056161
2445 2444 0.00056161
5720 2444 0.00056161
2444 2445 0.0055638
6160 2445 0.0055638
6161 2445 0.0055638
2648 2647 0.99948
2649 2647 0.99948
7140 2647 0.99948
2650 2649 0.50035
2651 2649 0.50035
2654 2649 0.50035
2648 2650 0.00037289
2649 2650 0.00037289
7140 2650 0.00037289
2650 2653 0.00037289
2651 2653 0.00037289
2654 2653 0.00037289
310 2654 0.50035
2653 2654 0.50035
2655 2654 0.50035
1827 2655 1
2656 2655 1
4672 2655 1
2746 2745 0.00037116
5708 2745 0.00037116
5711 2745 0.00037116
6604 2745 0.00037116
2745 2746 0.00033608
2748 2746 0.00033608
4735 2746 0.00033608
2745 2747 0.00023803
2748 2747 0.00023803
4735 2747 0.00023803
2747 2748 0.00046201
3217 2748 0.00046201
4733 2748 0.00046201
1542 2808 0.0020759
2809 2808 0.0020759
2817 2816 0.0073608
6594 2816 0.0073608
2138 2817 0.0033917
2816 2817 0.0033917
2819 2817 0.0033917
2138 2818 0.0073641
2816 2818 0.0073641
2819 2818 0.0073641
2135 2819 0.0035443
2142 2819 0.0035443
2400 2819 0.0035443
2818 2819 0.0035443
1676 2853 0.0071004
2854 2853 0.0071004
3661 2853 0.0071004
2136 2854 0.011536
2853 2854 0.011536
3220 2854 0.011536
6166 2854 0.011536
2828 2864 0.0001568
2863 2864 0.0001568
3612 2864 0.0001568
2865 2866 0.00080541
6077 2866 0.00080541
6080 2866 0.00080541
778 3046 0.00010578
3045 3046 0.00010578
6147 3046 0.00010578
3085 3086 0.075811
3088 3086 0.075811
5398 3086 0.075811
3087 3088 0.075321
7151 3088 0.075321
428 3090 0.081968
429 3090 0.081968
3089 3090 0.081968
5680 3090 0.081968
1570 3091 0.00015051
1573 3091 0.00015051
3092 3091 0.00015051
1975 3092 0.0021526
3091 3092 0.0021526
5682 3092 0.0021526
5693 3092 0.0021526
3093 3094 0.0020759
5684 3094 0.0020759
416 3095 0.0023476
3096 3095 0.0023476
7148 3095 0.0023476
1127 3096 0.00033182
3095 3096 0.00033182
3098 3096 0.00033182
1127 3097 0.033511
3095 3097 0.033511
3098 3097 0.033511
427 3098 0.020013
431 3098 0.020013
3097 3098 0.020013
3105 3106 0.0010399
5399 3106 0.0010399
5963 3106 0.0010399
3118 3117 0.00027593
6390 3117 0.00027593
6391 3117 0.00027593
3117 3118 0.00047246
5957 3118 0.00047246
6368 3118 0.00047246
6369 3118 0.00047246
2360 3119 0.00021739
2363 3119 0.00021739
3120 3119 0.00021739
996 3120 0.0004185
3119 3120 0.0004185
4790 3120 0.0004185
6237 3120 0.0004185
3131 3133 0.00011374
3134 3133 0.00011374
6402 3133 0.00011374
6403 3133 0.00011374
3133 3134 0.00010823
5955 3134 0.00010823
6394 3134 0.00010823
1826 3150 0.00042084
3149 3150 0.00042084
3152 3150 0.00042084
3151 3152 0.00042735
3154 3152 0.00042735
5499 3152 0.00042735
5500 3152 0.00042735
1687 3198 0.00010551
3196 3198 0.00010551
3199 3198 0.00010551
1675 3202 0.0046222
3203 3202 0.0046222
6201 3202 0.0046222
1671 3203 0.00055335
1674 3203 0.00055335
3202 3203 0.00055335
1673 3204 0.004843
3205 3204 0.004843
6167 3204 0.004843
3204 3205 0.00056449
6162 3205 0.00056449
6163 3205 0.00056449
3212 3213 0.00053448
3651 3213 0.00053448
3654 3213 0.00053448
3215 3214 0.0046352
5729 3214 0.0046352
6614 3214 0.0046352
3214 3215 0.00061931
6156 3215 0.00061931
7264 3215 0.00061931
2747 3216 0.00015174
3217 3216 0.00015174
4733 3216 0.00015174
3216 3217 0.00095989
5721 3217 0.00095989
5722 3217 0.00095989
118 3218 0.00025916
3219 3218 0.00025916
5730 3218 0.00025916
3218 3219 0.00055806
5727 3219 0.00055806
5728 3219 0.00055806
3221 3220 0.02301
6081 3220 0.02301
6213 3220 0.02301
6592 3220 0.02301
2136 3221 0.02092
2853 3221 0.02092
3220 3221 0.02092
6166 3221 0.02092
3316 3317 0.01583
7005 3317 0.01583
7008 3317 0.01583
7088 3317 0.01583
3319 3318 0.00037758
5985 3318 0.00037758
7093 3318 0.00037758
7095 3318 0.00037758
3318 3319 0.00066331
6983 3319 0.00066331
7092 3319 0.00066331
3320 3321 0.0001558
6977 3321 0.0001558
7096 3321 0.0001558
3137 3337 0.00012722
3302 3337 0.00012722
3338 3337 0.00012722
3343 3338 0.00014728
3639 3338 0.00014728
3962 3338 0.00014728
3607 3608 0.00039721
3610 3608 0.00039721
4757 3608 0.00039721
2866 3610 0.00058818
3609 3610 0.00058818
4755 3610 0.00058818
2830 3612 0.0001568
3611 3612 0.0001568
3614 3612 0.0001568
2139 3614 0.0001568
2140 3614 0.0001568
3613 3614 0.0001568
3212 3652 0.0014427
3651 3652 0.0014427
3654 3652 0.0014427
3653 3654 0.0019614
3656 3654 0.0019614
6210 3654 0.0019614
3655 3656 0.0025502
3658 3656 0.0025502
6205 3656 0.0025502
3655 3657 0.00067226
3658 3657 0.00067226
6205 3657 0.00067226
1662 3658 0.0026205
3657 3658 0.0026205
3660 3658 0.0026205
1662 3659 0.0010403
3657 3659 0.0010403
3660 3659 0.0010403
3659 3660 0.0029139
3662 3660 0.0029139
6218 3660 0.0029139
3659 3661 0.0067833
3662 3661 0.0067833
6218 3661 0.0067833
1676 3662 0.0068152
2854 3662 0.0068152
3661 3662 0.0068152
3789 3790 0.00039601
7201 3790 0.00039601
4199 3791 0.99988
5395 3791 0.99988
5396 3792 0.00028897
5397 3792 0.00028897
3791 3793 0.99969
3793 3794 0.032164
5993 3794 0.032164
7115 3794 0.032164
3790 3795 0.032575
3794 3795 0.032575
7083 3795 0.032575
2072 3907 0.00013412
2074 3907 0.00013412
2075 3907 0.00013412
3906 3907 0.00013412
3908 3909 0.00010085
6392 3909 0.00010085
6393 3909 0.00010085
3951 3950 0.03336
6079 3950 0.03336
6082 3950 0.03336
3950 3951 0.00078858
6164 3951 0.00078858
6165 3951 0.00078858
4685 3962 0.00023716
5086 3962 0.00023716
6876 3963 0.00022964
7116 4199 0.0044487
2338 4200 0.00035908
2341 4200 0.00035908
4198 4200 0.00035908
4515 4516 0.00033431
5700 4516 0.00033431
6613 4516 0.00033431
4657 4656 0.076874
5663 4656 0.076874
5665 4656 0.076874
6737 4659 0.98291
2146 4662 0.0020761
3712 4662 0.0020761
4663 4662 0.0020761
7113 4662 0.0020761
1515 4668 0.00015994
2096 4668 0.00015994
4667 4668 0.00015994
5384 4668 0.00015994
971 4669 0.00023662
4670 4669 0.00023662
5226 4669 0.00023662
3150 4673 0.00042084
4674 4673 0.00042084
7178 4673 0.00042084
1537 4709 0.00029921
4710 4709 0.00029921
5063 4710 0.0044633
4714 4713 0.00096698
4715 4713 0.00096698
4734 4713 0.00096698
4716 4715 0.00046956
4717 4715 0.00046956
4736 4715 0.00046956
4714 4716 0.00014615
4715 4716 0.00014615
4734 4716 0.00014615
4718 4717 0.00034513
4719 4717 0.00034513
5706 4717 0.00034513
5709 4717 0.00034513
4716 4718 0.00028078
4717 4718 0.00028078
4736 4718 0.00028078
3198 4719 0.00012903
4720 4719 0.00012903
4721 4719 0.00012903
2747 4734 0.00062819
3217 4734 0.00062819
4733 4734 0.00062819
2745 4736 0.00032734
2748 4736 0.00032734
4735 4736 0.00032734
2866 4756 0.00026037
3609 4756 0.00026037
4755 4756 0.00026037
3607 4758 0.00021927
3610 4758 0.00021927
4757 4758 0.00021927
777 4783 0.00025438
4784 4783 0.00025438
6149 4783 0.00025438
1685 4784 0.0077706
4783 4784 0.0077706
6151 4784 0.0077706
6154 4784 0.0077706
996 4789 0.00013128
3119 4789 0.00013128
4790 4789 0.00013128
6237 4789 0.00013128
4789 4790 0.00059868
6240 4790 0.00059868
6365 4790 0.00059868
5064 5063 0.99989
5240 5063 0.99989
4659 5064 0.9832
5065 5064 0.9832
3792 5065 0.0002889
4685 5085 0.0020722
5086 5085 0.0020722
5087 5086 0.002309
5271 5086 0.002309
1129 5087 0.00019613
3963 5087 0.00019613
7272 5088 0.92068
7274 5088 0.92068
5090 5089 0.00025643
5091 5090 0.88625
5838 5090 0.88625
1128 5091 0.92283
5092 5091 0.92283
5093 5092 0.92068
5088 5093 0.92091
5094 5093 0.92091
1126 5094 0.00022536
2095 5225 0.00015853
4668 5225 0.00015853
5224 5225 0.00015853
1514 5226 0.0002384
2848 5226 0.0002384
3317 5239 0.015574
5238 5239 0.015574
7089 5239 0.015574
5241 5240 0.016906
5738 5240 0.016906
7218 5240 0.016906
5064 5241 0.00021118
5240 5241 0.00021118
2149 5260 0.00064742
7287 5260 0.00064742
3964 5271 0.0021132
6738 5271 0.0021132
5390 5389 0.00013606
5877 5389 0.00013606
5992 5389 0.00013606
1512 5392 0.00013574
5391 5392 0.00013574
5876 5392 0.00013574
5063 5395 0.99543
3791 5396 0.0001911
3105 5398 0.00086224
5399 5398 0.00086224
5963 5398 0.00086224
3085 5399 0.00036923
3088 5399 0.00036923
5398 5399 0.00036923
5401 5400 0.00039366
5404 5400 0.00039366
5225 5402 0.0001617
5403 5402 0.0001617
4669 5404 0.00039703
5402 5404 0.00039703
5405 5404 0.00039703
309 5495 0.00042752
2145 5495 0.00042752
5494 5495 0.00042752
35 5497 0.00042752
5495 5497 0.00042752
5496 5497 0.00042752
1313 5499 0.00042752
5497 5499 0.00042752
5498 5499 0.00042752
5666 5665 0.076874
5667 5665 0.076874
3086 5667 0.07691
5668 5667 0.07691
5964 5667 0.07691
2350 5669 0.18811
5671 5669 0.18811
5836 5669 0.18811
2350 5670 0.002985
5671 5670 0.002985
5836 5670 0.002985
5670 5671 0.03822
6385 5671 0.03822
7085 5671 0.03822
3090 5674 0.016082
5675 5674 0.016082
5676 5674 0.016082
7150 5674 0.016082
2279 5675 0.011091
5674 5675 0.011091
7273 5675 0.011091
3090 5677 0.0015982
5675 5677 0.0015982
5676 5677 0.0015982
7150 5677 0.0015982
3094 5680 0.077486
5681 5680 0.077486
5683 5680 0.077486
3094 5682 0.00079404
5681 5682 0.00079404
5683 5682 0.00079404
1975 5683 0.076189
3091 5683 0.076189
5682 5683 0.076189
5693 5683 0.076189
2808 5684 0.0020759
5685 5684 0.0020759
5686 5684 0.0020759
1975 5692 0.91829
3091 5692 0.91829
5682 5692 0.91829
5693 5692 0.91829
432 5693 0.00025327
5692 5693 0.00025327
1693 5703 0.0018134
5702 5703 0.0018134
5705 5703 0.0018134
5704 5705 0.0017285
5707 5705 0.0017285
5731 5705 0.0017285
6600 5705 0.0017285
4718 5707 0.0020418
4719 5707 0.0020418
5706 5707 0.0020418
5709 5707 0.0020418
2746 5709 0.0020234
5708 5709 0.0020234
5711 5709 0.0020234
6604 5709 0.0020234
2440 5711 0.0021515
2443 5711 0.0021515
5710 5711 0.0021515
5713 5711 0.0021515
1725 5713 0.0011379
1728 5713 0.0011379
5712 5713 0.0011379
5715 5713 0.0011379
1723 5715 0.00038846
4749 5715 0.00038846
5714 5715 0.00038846
3216 5720 0.00010237
5721 5720 0.00010237
5722 5720 0.00010237
2442 5721 0.0039762
2445 5721 0.0039762
5720 5721 0.0039762
3216 5723 0.0030963
5721 5723 0.0030963
5722 5723 0.0030963
5723 5725 0.0030963
5724 5725 0.0030963
6606 5725 0.0030963
4713 5727 0.0039887
5725 5727 0.0039887
5726 5727 0.0039887
3215 5728 0.00027065
5729 5728 0.00027065
6614 5728 0.00027065
3218 5729 0.003945
5727 5729 0.003945
5728 5729 0.003945
5704 5730 0.00039605
5707 5730 0.00039605
5731 5730 0.00039605
6600 5730 0.00039605
2348 5738 0.016864
5239 5738 0.016864
5739 5738 0.016864
5241 5739 0.00016294
5738 5739 0.00016294
7218 5739 0.00016294
6877 5835 0.88599
5835 5836 0.091192
5091 5837 0.038021
5838 5837 0.038021
5837 5838 0.0014384
6927 5838 0.0014384
7069 5838 0.0014384
7112 5838 0.0014384
5389 5876 0.00013574
5875 5876 0.00013574
5994 5876 0.00013574
3133 5954 0.00043546
5955 5954 0.00043546
6394 5954 0.00043546
5954 5955 0.00038356
6370 5955 0.00038356
6388 5955 0.00038356
7111 5955 0.00038356
3117 5956 0.0047558
5957 5956 0.0047558
6368 5956 0.0047558
6369 5956 0.0047558
5956 5957 0.0029313
6386 5957 0.0029313
6387 5957 0.0029313
5677 5963 0.0015311
5678 5963 0.0015311
5962 5963 0.0015311
3103 5964 0.0011056
3106 5964 0.0011056
5965 5964 0.0011056
2349 5985 0.00012662
5903 5985 0.00012662
5986 5985 0.00012662
7105 5985 0.00012662
3319 5986 0.0013328
5985 5986 0.0013328
7093 5986 0.0013328
7095 5986 0.0013328
5392 5992 0.00013606
5393 5992 0.00013606
5991 5992 0.00013606
5389 5993 0.00015444
5875 5993 0.00015444
5994 5993 0.00015444
3793 5994 0.00015308
5993 5994 0.00015308
7115 5994 0.00015308
1729 6075 0.00010899
4756 6075 0.00010899
6076 6075 0.00010899
4747 6076 0.0005003
6075 6076 0.0005003
6078 6076 0.0005003
4747 6077 0.00010899
6075 6077 0.00010899
6078 6077 0.00010899
2865 6078 0.0005003
6077 6078 0.0005003
6080 6078 0.0005003
3951 6080 0.0012733
6079 6080 0.0012733
6082 6080 0.0012733
3951 6081 0.00019822
6079 6081 0.00019822
6082 6081 0.00019822
3221 6082 0.033948
6081 6082 0.033948
6213 6082 0.033948
6592 6082 0.033948
780 6147 0.00010578
6148 6147 0.00010578
6150 6149 0.00021279
6616 6149 0.00021279
6619 6149 0.00021279
777 6150 0.007729
4784 6150 0.007729
6149 6150 0.007729
6152 6151 0.00072829
6618 6151 0.00072829
6621 6151 0.00072829
1685 6152 0.016772
4783 6152 0.016772
6151 6152 0.016772
6154 6152 0.016772
1685 6153 0.00080842
4783 6153 0.00080842
6151 6153 0.00080842
6154 6153 0.00080842
6153 6154 0.024368
7267 6154 0.024368
3214 6155 0.97131
6156 6155 0.97131
7264 6155 0.97131
6158 6157 0.96729
7266 6157 0.96729
7268 6157 0.96729
2444 6159 0.99085
6160 6159 0.99085
6161 6159 0.99085
3204 6161 0.99585
6162 6161 0.99585
6163 6161 0.99585
3950 6163 0.99157
6164 6163 0.99157
6165 6163 0.99157
2136 6165 0.9594
2853 6165 0.9594
3220 6165 0.9594
6166 6165 0.9594
3950 6166 0.00040113
6164 6166 0.00040113
6165 6166 0.00040113
1678 6201 0.00012181
6202 6201 0.00012181
6203 6201 0.00012181
1675 6202 0.00045637
3203 6202 0.00045637
6201 6202 0.00045637
1661 6203 0.00012256
1664 6203 0.00012256
6204 6203 0.00012256
1678 6204 0.00042692
6202 6204 0.00042692
6203 6204 0.00042692
6206 6205 0.00084473
6209 6205 0.00084473
6211 6205 0.00084473
3655 6206 0.00032712
3658 6206 0.00032712
6205 6206 0.00032712
3653 6209 0.00084473
3656 6209 0.00084473
6210 6209 0.00084473
6206 6210 0.00032712
6209 6210 0.00032712
6211 6210 0.00032712
2407 6213 0.035926
2408 6213 0.035926
6214 6213 0.035926
6216 6215 0.0063328
6217 6215 0.0063328
6595 6215 0.0063328
2134 6216 0.012144
2137 6216 0.012144
6215 6216 0.012144
3659 6217 0.0050225
3662 6217 0.0050225
6218 6217 0.0050225
6216 6218 0.0068642
6217 6218 0.0068642
6595 6218 0.0068642
3907 6227 0.00014084
4019 6227 0.00014084
6228 6227 0.00014084
6358 6227 0.00014084
2071 6237 0.0002075
6238 6237 0.0002075
6239 6237 0.0002075
996 6238 0.00020514
3119 6238 0.00020514
4790 6238 0.00020514
6237 6238 0.00020514
4789 6239 0.00055296
6240 6239 0.00055296
6365 6239 0.00055296
2364 6365 0.0011272
2367 6365 0.0011272
6366 6365 0.0011272
6367 6365 0.0011272
4789 6366 0.00013569
6240 6366 0.00013569
6365 6366 0.00013569
3117 6367 0.010692
5957 6367 0.010692
6368 6367 0.010692
6369 6367 0.010692
2364 6368 0.0007216
2367 6368 0.0007216
6366 6368 0.0007216
6367 6368 0.0007216
5954 6369 0.01379
6370 6369 0.01379
6388 6369 0.01379
7111 6369 0.01379
3117 6370 0.0017992
5957 6370 0.0017992
6368 6370 0.0017992
6369 6370 0.0017992
5956 6385 0.026788
6386 6385 0.026788
6387 6385 0.026788
5670 6386 0.0003199
6385 6386 0.0003199
7085 6386 0.0003199
5954 6387 0.025007
6370 6387 0.025007
6388 6387 0.025007
7111 6387 0.025007
5956 6388 0.00036356
6386 6388 0.00036356
6387 6388 0.00036356
3118 6389 0.00016389
6390 6389 0.00016389
6391 6389 0.00016389
3908 6391 0.00025962
6392 6391 0.00025962
6393 6391 0.00025962
3118 6392 0.00035763
6390 6392 0.00035763
6391 6392 0.00035763
3133 6393 0.00028937
5955 6393 0.00028937
6394 6393 0.00028937
3908 6394 0.00033575
6392 6394 0.00033575
6393 6394 0.00033575
6111 6395 0.0002076
6396 6395 0.0002076
6397 6395 0.0002076
6406 6395 0.0002076
3147 6397 0.00013078
5951 6397 0.00013078
6398 6397 0.00013078
6399 6397 0.00013078
6216 6594 0.0073608
6217 6594 0.0073608
6595 6594 0.0073608
2817 6595 0.0033917
6594 6595 0.0033917
2746 6605 0.00012649
5708 6605 0.00012649
5711 6605 0.00012649
6604 6605 0.00012649
117 6613 0.00033431
6612 6613 0.00033431
6615 6613 0.00033431
117 6614 0.00071559
6612 6614 0.00071559
6615 6614 0.00071559
3215 6615 0.00037402
5729 6615 0.00037402
6614 6615 0.00037402
1976 6616 0.00062957
6155 6616 0.00062957
6617 6616 0.00062957
6150 6617 0.024762
6616 6617 0.024762
6619 6617 0.024762
6150 6618 0.000709
6616 6618 0.000709
6619 6618 0.000709
6152 6619 0.017325
6618 6619 0.017325
6621 6619 0.017325
5718 6621 0.00057968
6620 6621 0.00057968
6623 6621 0.00057968
6622 6623 0.00057254
7229 6623 0.00057254
6880 6737 0.98291
4662 6738 0.0020761
6739 6738 0.0020761
5400 6745 0.00039366
6746 6745 0.00039366
2148 6794 0.0014467
6795 6794 0.0014467
2150 6796 0.0020912
6797 6796 0.0020912
2154 6808 0.000516
6809 6808 0.000516
2152 6823 0.0006656
6824 6823 0.0006656
6827 6828 0.00039601
7199 6828 0.00039601
5085 6873 0.0021559
5267 6873 0.0021559
6873 6874 0.0021559
5093 6875 0.00022964
6875 6876 0.00022964
5090 6877 0.88599
433 6880 0.98291
5669 6880 0.98291
723 6921 0.00012107
6920 6921 0.00012107
6969 6971 0.00018682
6972 6971 0.00018682
6975 6971 0.00018682
7066 6971 0.00018682
6971 6973 0.00029262
6974 6973 0.00029262
7064 6973 0.00029262
6973 6975 0.0002318
6976 6975 0.0002318
6978 6975 0.0002318
6969 6976 0.00011372
6972 6976 0.00011372
6975 6976 0.00011372
7066 6976 0.00011372
6973 6977 0.00031945
6976 6977 0.00031945
6978 6977 0.00031945
3320 6978 0.00020302
6977 6978 0.00020302
7096 6978 0.00020302
6980 6979 0.00015509
7065 6979 0.00015509
7098 6979 0.00015509
6982 6981 0.00036448
6984 6981 0.00036448
6986 6981 0.00036448
6982 6983 0.00018218
6984 6983 0.00018218
6986 6983 0.00018218
3318 6984 0.0006455
6983 6984 0.0006455
7092 6984 0.0006455
6982 6985 0.00042748
6984 6985 0.00042748
6986 6985 0.00042748
6985 6986 0.00026905
6988 6986 0.00026905
6989 6986 0.00026905
6985 6987 0.00068181
6988 6987 0.00068181
6989 6987 0.00068181
6987 6988 0.00021848
6992 6988 0.00021848
6994 6988 0.00021848
6981 6989 0.00036448
6990 6989 0.00036448
6987 6991 0.0007289
6992 6991 0.0007289
6994 6991 0.0007289
6991 6992 0.00011589
6995 6992 0.00011589
7000 6992 0.00011589
6987 6993 0.00042318
6992 6993 0.00042318
6994 6993 0.00042318
6993 6994 0.00057287
6996 6994 0.00057287
6998 6994 0.00057287
7001 6994 0.00057287
6993 6995 0.00032646
6996 6995 0.00032646
6998 6995 0.00032646
7001 6995 0.00032646
6991 6996 0.00065718
6995 6996 0.00065718
7000 6996 0.00065718
6993 6997 0.00099662
6996 6997 0.00099662
6998 6997 0.00099662
7001 6997 0.00099662
6997 6998 0.0005333
7090 6998 0.0005333
7091 6998 0.0005333
6991 6999 0.00034129
6995 6999 0.00034129
7000 6999 0.00034129
6999 7001 0.00034129
7002 7001 0.00034129
7004 7001 0.00034129
2366 7005 0.0064724
7006 7005 0.0064724
7086 7005 0.0064724
3316 7006 0.0058941
7005 7006 0.0058941
7008 7006 0.0058941
7088 7006 0.0058941
7021 7020 0.00012366
7023 7020 0.00012366
7025 7020 0.00012366
7036 7020 0.00012366
7021 7024 0.00012521
7023 7024 0.00012521
7025 7024 0.00012521
7036 7024 0.00012521
7024 7025 0.00013045
7027 7025 0.00013045
7077 7025 0.00013045
7080 7025 0.00013045
1230 7031 0.00011672
7030 7031 0.00011672
7078 7031 0.00011672
7022 7032 0.00016618
7029 7032 0.00016618
7031 7032 0.00016618
7033 7032 0.00016618
7020 7034 0.00021627
7032 7034 0.00021627
7035 7034 0.00021627
7034 7036 0.00015318
7037 7036 0.00015318
7039 7036 0.00015318
7034 7038 0.0001892
7037 7038 0.0001892
7039 7038 0.0001892
7038 7040 0.00018905
7041 7040 0.00018905
7043 7040 0.00018905
6229 7064 0.00016275
6979 7064 0.00016275
7063 7064 0.00016275
6969 7065 0.00010197
6972 7065 0.00010197
6975 7065 0.00010197
7066 7065 0.00010197
6980 7066 0.00010602
7065 7066 0.00010602
7098 7066 0.00010602
7024 7078 0.00011672
7027 7078 0.00011672
7077 7078 0.00011672
7080 7078 0.00011672
1227 7080 0.00020237
7040 7080 0.00020237
7075 7080 0.00020237
7079 7080 0.00020237
2366 7085 0.013875
7006 7085 0.013875
7086 7085 0.013875
5670 7086 0.0051076
6385 7086 0.0051076
7085 7086 0.0051076
3316 7087 0.00051848
7005 7087 0.00051848
7008 7087 0.00051848
7088 7087 0.00051848
2351 7088 0.015715
4656 7088 0.015715
7014 7088 0.015715
7087 7088 0.015715
6997 7089 0.0012007
7090 7089 0.0012007
7091 7089 0.0012007
3317 7090 0.0014865
5238 7090 0.0014865
7089 7090 0.0014865
3318 7091 0.00045422
6983 7091 0.00045422
7092 7091 0.00045422
6997 7092 0.0012033
7090 7092 0.0012033
7091 7092 0.0012033
547 7093 0.0009019
2073 7093 0.0009019
7094 7093 0.0009019
3320 7095 0.00035564
6977 7095 0.00035564
7096 7095 0.00035564
3319 7096 0.00031963
5985 7096 0.00031963
7093 7096 0.00031963
7095 7096 0.00031963
3321 7098 0.00015175
3322 7098 0.00015175
7097 7098 0.00015175
5837 7111 0.038021
6927 7111 0.038021
7069 7111 0.038021
7112 7111 0.038021
5954 7112 0.0014384
6370 7112 0.0014384
6388 7112 0.0014384
7111 7112 0.0014384
3713 7113 0.0001212
6921 7113 0.0001212
7114 7113 0.0001212
3795 7115 0.032575
7117 7116 0.0044487
1226 7117 0.0044487
1536 7117 0.0044487
4200 7117 0.0044487
2144 7138 0.49952
7139 7138 0.49952
7138 7140 0.49952
7141 7140 0.49952
1576 7148 0.0021655
7149 7148 0.0021655
416 7149 0.00010967
3096 7149 0.00010967
7148 7149 0.00010967
3090 7151 0.075321
5675 7151 0.075321
5676 7151 0.075321
7150 7151 0.075321
7156 7157 0.00057254
7159 7157 0.00057254
1660 7159 0.00057254
6196 7159 0.00057254
7158 7159 0.00057254
6796 7182 0.0020912
7183 7182 0.0020912
7182 7184 0.0020912
7185 7184 0.0020912
1932 7199 0.00039601
1934 7199 0.00039601
6745 7199 0.00039601
7198 7199 0.00039601
6828 7201 0.00039601
7200 7201 0.00039601
1572 7222 0.0021148
7223 7222 0.0021148
7222 7223 0.00010041
7225 7223 0.00010041
7222 7224 0.0021148
7225 7224 0.0021148
408 7225 0.00010041
1575 7225 0.00010041
7224 7225 0.00010041
1667 7226 0.00020797
7227 7226 0.00020797
7228 7229 0.00057254
7231 7229 0.00057254
7157 7231 0.00057254
7230 7231 0.00057254
6157 7264 0.96729
7265 7264 0.96729
6153 7266 0.00080842
7267 7266 0.00080842
6158 7267 0.024368
7266 7267 0.024368
7268 7267 0.024368
6159 7268 0.99085
7269 7268 0.99085
2279 7272 0.01485
5674 7272 0.01485
7273 7272 0.01485
7272 7273 0.012681
7274 7273 0.012681
1127 7274 0.91851
3095 7274 0.91851
3098 7274 0.91851
2647 7285 0.99948
7286 7285 0.99948
7184 7287 0.0020912
7288 7287 0.0020912
