134 133 0.00029268
3708 133 0.00029268
3709 133 0.00029268
133 134 0.000855
3052 134 0.000855
5260 723 0.00098932
723 724 0.062305
6920 724 0.062305
786 785 0.46115
2261 785 0.46115
2264 785 0.46115
3989 785 0.46115
785 786 0.031159
3973 786 0.031159
3976 786 0.031159
3977 786 0.031159
5085 1129 0.13395
5267 1129 0.13395
1528 1530 0.0011172
1531 1530 0.0011172
3303 1530 0.0011172
1530 1531 0.00095657
1533 1531 0.00095657
2850 1531 0.00095657
1530 1532 0.0011702
1533 1532 0.0011702
2850 1532 0.0011702
1532 1533 0.0035251
2851 1533 0.0035251
3339 1533 0.0035251
724 2146 0.062022
2147 2146 0.062022
6794 2146 0.062022
2146 2147 0.00070669
3712 2147 0.00070669
4663 2147 0.00070669
7113 2147 0.00070669
2148 2149 0.00098925
6795 2149 0.00098925
2259 2261 0.00075265
2262 2261 0.00075265
5859 2261 0.00075265
786 2262 0.0044419
2261 2262 0.0044419
2264 2262 0.0044419
3989 2262 0.0044419
786 2263 0.031676
2261 2263 0.031676
2264 2263 0.031676
3989 2263 0.031676
2263 2264 0.46166
2266 2264 0.46166
3959 2264 0.46166
2263 2265 0.57127
2266 2265 0.57127
3959 2265 0.57127
2265 2266 0.0012603
2268 2266 0.0012603
3975 2266 0.0012603
2353 2352 0.00033645
3337 2352 0.00033645
1530 2849 0.0042942
1533 2849 0.0042942
2850 2849 0.0042942
600 2850 0.0017786
2849 2850 0.0017786
3344 2850 0.0017786
3345 2850 0.0017786
133 3051 0.00029268
3052 3051 0.00029268
3051 3052 0.000855
3710 3052 0.000855
3711 3052 0.000855
3054 3053 0.017642
3685 3053 0.017642
3053 3054 0.013004
3682 3054 0.013004
3683 3054 0.013004
3107 3109 0.00030605
3110 3109 0.00030605
3309 3109 0.00030605
3310 3109 0.00030605
3124 3123 0.00035663
3307 3123 0.00035663
3308 3123 0.00035663
3637 3123 0.00035663
3123 3124 0.00038013
3126 3124 0.00038013
3312 3124 0.00038013
3123 3125 0.00029539
3126 3125 0.00029539
3312 3125 0.00029539
3125 3126 0.00010823
3128 3126 0.00010823
5949 3126 0.00010823
3135 3136 0.00024914
5948 3136 0.00024914
5953 3136 0.00024914
3137 3138 0.0048407
3302 3138 0.0048407
3338 3138 0.0048407
1528 3302 0.00095657
1531 3302 0.00095657
3303 3302 0.00095657
3137 3303 0.0011172
3302 3303 0.0011172
3338 3303 0.0011172
3136 3304 0.0013766
3305 3304 0.0013766
3306 3304 0.0013766
3304 3305 0.00011891
6420 3305 0.00011891
6421 3305 0.00011891
3124 3306 0.001364
3307 3306 0.001364
3308 3306 0.001364
3637 3306 0.001364
3136 3307 0.00031377
3305 3307 0.00031377
3306 3307 0.00031377
3124 3309 0.00030605
3307 3309 0.00030605
3308 3309 0.00030605
3637 3309 0.00030605
3109 3312 0.00027911
3112 3312 0.00027911
3313 3312 0.00027911
3314 3312 0.00027911
3137 3337 0.00037495
3302 3337 0.00037495
3338 3337 0.00037495
3343 3338 0.0053499
3639 3338 0.0053499
3962 3338 0.0053499
3340 3339 0.0035251
3342 3339 0.0035251
3960 3339 0.0035251
1532 3340 0.0011702
2851 3340 0.0011702
3339 3340 0.0011702
3340 3341 0.0011702
3342 3341 0.0011702
3960 3341 0.0011702
3341 3342 0.0035251
3346 3342 0.0035251
4684 3342 0.0035251
600 3343 0.13254
2849 3343 0.13254
3344 3343 0.13254
3345 3343 0.13254
3341 3345 0.13003
3346 3345 0.13003
4684 3345 0.13003
73 3347 0.13242
3348 3347 0.13242
3349 3347 0.13242
3350 3349 0.13242
3351 3349 0.13242
3363 3349 0.13242
3352 3351 0.093062
3366 3351 0.093062
3691 3351 0.093062
3350 3352 0.018796
3351 3352 0.018796
3363 3352 0.018796
3364 3363 0.058697
3365 3363 0.058697
3367 3363 0.058697
3350 3364 0.00054263
3351 3364 0.00054263
3363 3364 0.00054263
3352 3365 0.0035941
3366 3365 0.0035941
3691 3365 0.0035941
3364 3366 0.1081
3365 3366 0.1081
3367 3366 0.1081
3368 3367 0.16482
3369 3367 0.16482
3665 3367 0.16482
3364 3368 0.00216
3365 3368 0.00216
3367 3368 0.00216
3370 3369 0.008629
3692 3369 0.008629
3693 3369 0.008629
3368 3370 0.31183
3369 3370 0.31183
3665 3370 0.31183
3638 3637 0.0019953
3640 3637 0.0019953
5268 3637 0.0019953
3124 3638 0.00070325
3307 3638 0.00070325
3308 3638 0.00070325
3637 3638 0.00070325
3343 3640 0.12736
3639 3640 0.12736
3962 3640 0.12736
3666 3665 0.47342
3667 3665 0.47342
5843 3665 0.47342
3368 3666 0.0075597
3369 3666 0.0075597
3665 3666 0.0075597
3668 3667 1.0009
3669 3667 1.0009
6478 3667 1.0009
3666 3668 0.016422
3667 3668 0.016422
5843 3668 0.016422
3670 3669 0.012798
3679 3669 0.012798
5851 3669 0.012798
3668 3670 0.017343
3669 3670 0.017343
6478 3670 0.017343
3672 3671 0.037953
3673 3671 0.037953
3675 3671 0.037953
3671 3672 0.0020396
5854 3672 0.0020396
3674 3673 0.068057
3696 3673 0.068057
3697 3673 0.068057
3672 3674 0.0015024
3673 3674 0.0015024
3675 3674 0.0015024
3676 3675 0.00029755
3677 3675 0.00029755
3690 3675 0.00029755
3672 3676 0.030938
3673 3676 0.030938
3675 3676 0.030938
3680 3679 0.0023234
3681 3679 0.0023234
3689 3679 0.0023234
6479 3679 0.0023234
3670 3680 0.042782
3679 3680 0.042782
5851 3680 0.042782
3053 3681 0.0019248
3682 3681 0.0019248
3683 3681 0.0019248
3680 3682 0.084029
3681 3682 0.084029
3689 3682 0.084029
6479 3682 0.084029
3684 3683 0.0028922
3686 3683 0.0028922
3687 3683 0.0028922
3053 3684 0.089635
3682 3684 0.089635
3683 3684 0.089635
3684 3685 0.017642
3686 3685 0.017642
3687 3685 0.017642
3054 3686 0.013004
3685 3686 0.013004
3688 3687 0.013601
3714 3687 0.013601
3715 3687 0.013601
3684 3688 0.095706
3686 3688 0.095706
3687 3688 0.095706
3676 3689 0.030938
3677 3689 0.030938
3690 3689 0.030938
3680 3690 0.00029755
3681 3690 0.00029755
3689 3690 0.00029755
6479 3690 0.00029755
3370 3691 0.056623
3692 3691 0.056623
3693 3691 0.056623
3352 3692 0.086861
3366 3692 0.086861
3691 3692 0.086861
3694 3693 0.01876
3695 3693 0.01876
6563 3693 0.01876
3370 3694 0.3522
3692 3694 0.3522
3693 3694 0.3522
3694 3696 0.85204
3695 3696 0.85204
6563 3696 0.85204
3674 3698 0.78548
3696 3698 0.78548
3697 3698 0.78548
3051 3709 0.0003683
3710 3709 0.0003683
3711 3709 0.0003683
134 3710 0.0009299
3708 3710 0.0009299
3709 3710 0.0009299
2146 3711 0.0011828
3712 3711 0.0011828
4663 3711 0.0011828
7113 3711 0.0011828
3051 3712 0.0011821
3710 3712 0.0011821
3711 3712 0.0011821
3688 3713 0.8676
3714 3713 0.8676
3715 3713 0.8676
3642 3715 0.78548
3698 3715 0.78548
3716 3715 0.78548
4686 3959 1
4685 3962 0.00015734
5086 3962 0.00015734
1129 3964 0.021333
3963 3964 0.021333
785 3974 1
3973 3974 1
3976 3974 1
3977 3974 1
785 3975 0.0012597
3973 3975 0.0012597
3976 3975 0.0012597
3977 3975 0.0012597
2265 3976 0.57127
2268 3976 0.57127
3975 3976 0.57127
3974 3980 1
3979 3980 1
5256 3980 1
3980 3982 1
3981 3982 1
3985 3982 1
2219 3984 1
3982 3984 1
3983 3984 1
2859 3989 0.0044317
3990 3989 0.0044317
3991 3989 0.0044317
786 3990 0.00074253
2261 3990 0.00074253
2264 3990 0.00074253
3989 3990 0.00074253
3166 3991 0.0044317
3992 3991 0.0044317
3993 3991 0.0044317
2859 3992 0.00074253
3990 3992 0.00074253
3991 3992 0.00074253
3994 3993 0.0044317
3995 3993 0.0044317
3999 3993 0.0044317
3166 3994 0.00074253
3992 3994 0.00074253
3993 3994 0.00074253
3998 3997 0.00074253
4000 3997 0.00074253
3997 3998 0.0044317
4651 3998 0.0044317
5860 3998 0.0044317
3998 3999 0.0044317
4000 3999 0.0044317
3994 4000 0.00074253
3995 4000 0.00074253
3999 4000 0.00074253
2146 4662 0.86758
3712 4662 0.86758
4663 4662 0.86758
7113 4662 0.86758
3347 4684 0.13238
3354 4684 0.13238
4683 4684 0.13238
6743 4686 1
4685 5085 0.0014144
5086 5085 0.0014144
5087 5086 0.0015715
5271 5086 0.0015715
1129 5087 0.11266
3963 5087 0.11266
2149 5260 0.00098932
7287 5260 0.00098932
3638 5267 0.13254
3640 5267 0.13254
5268 5267 0.13254
3138 5268 0.0064815
5832 5268 0.0064815
6422 5268 0.0064815
3964 5271 0.88891
6738 5271 0.88891
2352 5832 0.00037884
2355 5832 0.00037884
5269 5832 0.00037884
5840 5839 0.010091
5846 5839 0.010091
6562 5839 0.010091
5839 5840 0.52868
5842 5840 0.52868
5848 5840 0.52868
5839 5841 0.010091
5842 5841 0.010091
5848 5841 0.010091
5841 5842 0.52868
5844 5842 0.52868
5850 5842 0.52868
5841 5843 0.010091
5844 5843 0.010091
5850 5843 0.010091
3666 5844 0.52868
3667 5844 0.52868
5843 5844 0.52868
5852 5851 0.037953
5853 5851 0.037953
3670 5852 0.0020396
3679 5852 0.0020396
5851 5852 0.0020396
3671 5853 0.037953
5854 5853 0.037953
5852 5854 0.0020396
5853 5854 0.0020396
3997 5859 0.00074253
4651 5859 0.00074253
5860 5859 0.00074253
2259 5860 0.0044317
2262 5860 0.0044317
5859 5860 0.0044317
3125 5948 0.00022455
3128 5948 0.00022455
5949 5948 0.00022455
3138 6421 0.00011991
5832 6421 0.00011991
6422 6421 0.00011991
3304 6422 0.0014082
6420 6422 0.0014082
6421 6422 0.0014082
3680 6478 0.013873
3681 6478 0.013873
3689 6478 0.013873
6479 6478 0.013873
3668 6479 0.024878
3669 6479 0.024878
6478 6479 0.024878
3694 6562 0.010091
3695 6562 0.010091
6563 6562 0.010091
5840 6563 0.52868
5846 6563 0.52868
6562 6563 0.52868
4662 6738 0.86758
6739 6738 0.86758
5087 6743 1
5271 6743 1
724 6795 0.00098925
2147 6795 0.00098925
6794 6795 0.00098925
3713 6920 0.061498
6921 6920 0.061498
7114 6920 0.061498
723 6921 0.00018257
6920 6921 0.00018257
3713 7113 0.80883
6921 7113 0.80883
7114 7113 0.80883
2146 7114 0.0025696
3712 7114 0.0025696
4663 7114 0.0025696
7113 7114 0.0025696
