249 250 0.00018042
599 250 0.00018042
1074 250 0.00018042
2275 250 0.00018042
251 252 0.00014994
254 252 0.00014994
1077 252 0.00014994
1078 252 0.00014994
251 253 0.00064244
254 253 0.00064244
1077 253 0.00064244
1078 253 0.00064244
253 254 0.0041019
256 254 0.0041019
436 254 0.0041019
1086 254 0.0041019
253 255 0.0032818
256 255 0.0032818
436 255 0.0032818
1086 255 0.0032818
255 256 0.076647
258 256 0.076647
6050 256 0.076647
257 258 1.0003
437 258 1.0003
6047 258 1.0003
270 269 0.92695
6049 269 0.92695
7246 269 0.92695
269 271 0.016631
272 271 0.016631
469 271 0.016631
271 272 0.066194
274 272 0.066194
435 272 0.066194
271 273 0.024164
274 273 0.024164
435 273 0.024164
273 274 0.00066897
276 274 0.00066897
467 274 0.00066897
253 435 0.076446
256 435 0.076446
436 435 0.076446
1086 435 0.076446
271 436 0.0033883
274 436 0.0033883
435 436 0.0033883
468 467 0.0006687
831 467 0.0006687
834 467 0.0006687
273 468 0.024163
276 468 0.024163
467 468 0.024163
269 470 0.9765
272 470 0.9765
469 470 0.9765
249 598 0.00075758
599 598 0.00075758
1074 598 0.00075758
2275 598 0.00075758
598 599 0.00014727
1083 599 0.00014727
1084 599 0.00014727
224 825 0.00013198
823 825 0.00013198
826 825 0.00013198
470 826 0.00013112
825 826 0.00013112
828 826 0.00013112
470 827 0.97651
825 827 0.97651
828 827 0.97651
477 829 0.0006687
827 829 0.0006687
830 829 0.0006687
479 830 0.024163
829 830 0.024163
832 830 0.024163
479 831 0.0006687
829 831 0.0006687
832 831 0.0006687
468 832 0.024163
831 832 0.024163
834 832 0.024163
1075 1074 0.00084954
1076 1074 0.00084954
1089 1074 0.00084954
249 1075 0.00019141
599 1075 0.00019141
1074 1075 0.00019141
2275 1075 0.00019141
251 1076 0.003981
254 1076 0.003981
1077 1076 0.003981
1078 1076 0.003981
1075 1077 0.0006459
1076 1077 0.0006459
1089 1077 0.0006459
1081 1080 0.00023637
1082 1080 0.00023637
6045 1080 0.00023637
598 1082 0.00023322
1083 1082 0.00023322
1084 1082 0.00023322
1085 1084 0.00034293
1087 1084 0.00034293
1088 1084 0.00034293
598 1085 0.00081783
1083 1085 0.00081783
1084 1085 0.00081783
1085 1086 0.0045802
1087 1086 0.0045802
1088 1086 0.0045802
253 1087 0.0014283
256 1087 0.0014283
436 1087 0.0014283
1086 1087 0.0014283
1075 1088 0.0038351
1076 1088 0.0038351
1089 1088 0.0038351
1085 1089 0.0011581
1087 1089 0.0011581
1088 1089 0.0011581
252 2273 0.00014994
2274 2273 0.00014994
4689 2273 0.00014994
1067 2275 0.00014863
2273 2275 0.00014863
2276 2275 0.00014863
250 6045 0.00011996
1073 6045 0.00011996
6046 6045 0.00011996
259 6047 1.0003
1080 6047 1.0003
6048 6047 1.0003
255 6049 0.92693
258 6049 0.92693
6050 6049 0.92693
