961 960 0.93104
1954 960 0.93104
2132 960 0.93104
960 962 0.93104
963 962 0.93104
2112 962 0.93104
962 964 0.93104
965 964 0.93104
2114 964 0.93104
967 966 0.0064751
2128 966 0.0064751
2131 966 0.0064751
966 967 0.01401
969 967 0.01401
2858 967 0.01401
966 968 0.0050743
969 968 0.0050743
2858 968 0.0050743
968 969 0.027805
1949 969 0.027805
4808 969 0.027805
971 970 0.0013169
4670 970 0.0013169
5226 970 0.0013169
1469 1116 0.0022675
4997 1116 0.0022675
964 1148 1
1147 1148 1
2116 1148 1
2125 1148 1
1470 1469 0.0022664
6536 1469 0.0022664
1471 1470 1.0022
5435 1470 1.0022
1116 1471 1.0022
2373 1471 1.0022
1515 1514 0.0067328
2096 1514 0.0067328
4667 1514 0.0067328
5384 1514 0.0067328
1514 1515 0.0012398
2848 1515 0.0012398
1875 1874 0.26149
1896 1874 0.26149
3924 1874 0.26149
5233 1874 0.26149
1888 1896 0.011975
1897 1896 0.011975
1898 1896 0.011975
1899 1898 0.011975
1906 1898 0.011975
2855 1898 0.011975
1901 1900 0.00033134
1902 1900 0.00033134
2846 1900 0.00033134
1900 1901 0.0031321
3629 1901 0.0031321
3632 1901 0.0031321
1904 1906 0.0010144
1907 1906 0.0010144
1908 1906 0.0010144
1909 1908 0.0010144
1910 1908 0.0010144
1916 1908 0.0010144
1911 1910 0.0010144
1912 1910 0.0010144
3922 1910 0.0010144
1913 1912 0.0010144
1914 1912 0.0010144
3920 1912 0.0010144
1915 1914 0.0010144
3918 1914 0.0010144
5442 1914 0.0010144
968 1948 0.076516
1949 1948 0.076516
4808 1948 0.076516
1948 1949 0.010481
1955 1949 0.010481
1957 1949 0.010481
1951 1950 0.00027076
2124 1950 0.00027076
3926 1950 0.00027076
1950 1951 0.069235
1953 1951 0.069235
1956 1951 0.069235
1950 1952 0.0013348
1953 1952 0.0013348
1956 1952 0.0013348
1952 1953 0.024066
2127 1953 0.024066
3190 1953 0.024066
1948 1954 0.051772
1955 1954 0.051772
1957 1954 0.051772
961 1955 0.03197
1954 1955 0.03197
2132 1955 0.03197
1948 1956 0.047001
1955 1956 0.047001
1957 1956 0.047001
1950 1957 0.00076787
1953 1957 0.00076787
1956 1957 0.00076787
2095 2094 0.99996
4668 2094 0.99996
5224 2094 0.99996
1456 2096 0.99999
2097 2096 0.99999
2098 2096 0.99999
1146 2098 1
2099 2098 1
2100 2098 1
1148 2100 0.99999
1152 2100 0.99999
2101 2100 0.99999
964 2124 0.00027076
1147 2124 0.00027076
2116 2124 0.00027076
2125 2124 0.00027076
1951 2125 0.069235
2124 2125 0.069235
3926 2125 0.069235
1952 2126 0.0013348
2127 2126 0.0013348
3190 2126 0.0013348
2126 2127 0.024066
2129 2127 0.024066
2857 2127 0.024066
2126 2128 0.0064751
2129 2128 0.0064751
2857 2128 0.0064751
967 2129 0.01401
2128 2129 0.01401
2131 2129 0.01401
591 2132 0.91127
2133 2132 0.91127
2437 2132 0.91127
4807 2132 0.91127
2094 2373 0.99996
2372 2373 0.99996
5222 2373 0.99996
2409 2413 1
2410 2413 1
2412 2413 1
2413 2417 1
2414 2417 1
2416 2417 1
2417 2425 1
2418 2425 1
2424 2425 1
2427 2426 0.00080582
2428 2426 0.00080582
2430 2426 0.00080582
2425 2427 0.68433
2426 2427 0.68433
5940 2427 0.68433
2431 2430 0.00080582
2436 2430 0.00080582
5943 2430 0.00080582
2427 2431 0.68433
2428 2431 0.68433
2430 2431 0.68433
2431 2437 1
2436 2437 1
5943 2437 1
2847 2846 0.00033134
2856 2846 0.00033134
3633 2846 0.00033134
1901 2847 0.0031321
1902 2847 0.0031321
2846 2847 0.0031321
970 2848 0.0013266
6534 2848 0.0013266
2847 2855 0.01108
2856 2855 0.01108
3633 2855 0.01108
1899 2856 0.00016074
1906 2856 0.00016074
2855 2856 0.00016074
966 2857 0.016989
969 2857 0.016989
2858 2857 0.016989
2126 2858 0.001793
2129 2858 0.001793
2857 2858 0.001793
3619 3621 0.0054439
3622 3621 0.0054439
4035 3621 0.0054439
4078 3621 0.0054439
3621 3622 0.0028901
3624 3622 0.0028901
5872 3622 0.0028901
3621 3623 0.020385
3624 3623 0.020385
5872 3623 0.020385
3623 3624 0.031795
7129 3624 0.031795
2317 3626 0.73852
3625 3626 0.73852
3628 3626 0.73852
2368 3628 0.73848
3627 3628 0.73848
5234 3628 0.73848
6541 3628 0.73848
3630 3629 0.012132
6540 3629 0.012132
6543 3629 0.012132
1900 3630 0.0012126
3629 3630 0.0012126
3632 3630 0.0012126
1900 3631 0.0092545
3629 3631 0.0092545
3632 3631 0.0092545
3631 3632 0.0011363
3634 3632 0.0011363
5235 3632 0.0011363
3631 3633 0.0092545
3634 3633 0.0092545
5235 3633 0.0092545
2847 3634 0.0011363
2856 3634 0.0011363
3633 3634 0.0011363
4022 4021 0.045723
4025 4021 0.045723
5873 4021 0.045723
5996 4021 0.045723
4021 4022 0.016677
4046 4022 0.016677
4047 4022 0.016677
4026 4025 0.0016607
4411 4025 0.0016607
5866 4025 0.0016607
4022 4026 0.0015214
4025 4026 0.0015214
5873 4026 0.0015214
5996 4026 0.0015214
4028 4027 0.00099062
4029 4027 0.00099062
5999 4027 0.00099062
4030 4029 0.00099062
4092 4029 0.00099062
4566 4029 0.00099062
5995 4029 0.00099062
4036 4035 0.0054443
5865 4035 0.0054443
5868 4035 0.0054443
3619 4036 0.0028855
3622 4036 0.0028855
4035 4036 0.0028855
4078 4036 0.0028855
4021 4045 0.014068
4046 4045 0.014068
4047 4045 0.014068
4045 4046 0.23906
4090 4046 0.23906
4093 4046 0.23906
4048 4047 0.7521
4049 4047 0.7521
5869 4047 0.7521
5998 4047 0.7521
4021 4048 0.0061375
4046 4048 0.0061375
4047 4048 0.0061375
3626 4049 0.7274
4050 4049 0.7274
4051 4049 0.7274
7128 4049 0.7274
4048 4050 0.00029626
4049 4050 0.00029626
5869 4050 0.00029626
5998 4050 0.00029626
4089 4088 0.030431
5997 4088 0.030431
1874 4089 0.035987
4088 4089 0.035987
4091 4089 0.035987
6001 4089 0.035987
1874 4090 0.25627
4088 4090 0.25627
4091 4090 0.25627
6001 4090 0.25627
4045 4091 0.0003302
4090 4091 0.0003302
4093 4091 0.0003302
4045 4092 0.03267
4090 4092 0.03267
4093 4092 0.03267
4030 4093 0.0017221
4092 4093 0.0017221
4566 4093 0.0017221
5995 4093 0.0017221
4027 4411 0.00099102
4408 4411 0.00099102
4412 4411 0.00099102
2314 4567 0.00023564
4568 4567 0.00023564
5942 4567 0.00023564
2432 4568 0.31671
4567 4568 0.31671
5941 4568 0.31671
1515 4668 0.9945
2096 4668 0.9945
4667 4668 0.9945
5384 4668 0.9945
971 4669 0.0060338
4670 4669 0.0060338
5226 4669 0.0060338
4669 4670 0.00052721
5402 4670 0.00052721
5405 4670 0.00052721
968 4807 0.0076301
1949 4807 0.0076301
4808 4807 0.0076301
591 4808 0.096396
2133 4808 0.096396
2437 4808 0.096396
4807 4808 0.096396
4990 4989 0.0010144
4995 4989 0.0010144
5437 4989 0.0010144
512 5217 0.0010144
4989 5217 0.0010144
5216 5217 0.0010144
5225 5224 0.0099954
5403 5224 0.0099954
2095 5225 0.0045272
4668 5225 0.0045272
5224 5225 0.0045272
1514 5226 0.0068197
2848 5226 0.0068197
2368 5233 0.25088
3627 5233 0.25088
5234 5233 0.25088
6541 5233 0.25088
1875 5234 0.0013225
1896 5234 0.0013225
3924 5234 0.0013225
5233 5234 0.0013225
5225 5402 0.0046175
5403 5402 0.0046175
5401 5403 0.010086
5404 5403 0.010086
4669 5404 0.010124
5402 5404 0.010124
5405 5404 0.010124
4315 5437 0.0010144
5436 5437 0.0010144
6537 5437 0.0010144
6538 5437 0.0010144
5217 5438 0.0010144
5439 5438 0.0010144
3916 5442 0.0010144
5443 5442 0.0010144
5444 5442 0.0010144
5438 5444 0.0010144
5440 5444 0.0010144
5445 5444 0.0010144
4026 5865 0.0017447
4411 5865 0.0017447
5866 5865 0.0017447
4036 5866 0.00098723
5865 5866 0.00098723
5868 5866 0.00098723
4036 5867 0.0037451
5865 5867 0.0037451
5868 5867 0.0037451
5867 5868 0.0055464
5870 5868 0.0055464
5871 5868 0.0055464
5874 5868 0.0055464
5867 5869 0.037617
5870 5869 0.037617
5871 5869 0.037617
5874 5869 0.037617
4048 5870 0.024309
4049 5870 0.024309
5869 5870 0.024309
5998 5870 0.024309
3621 5871 0.031829
3624 5871 0.031829
5872 5871 0.031829
5867 5872 0.017865
5870 5872 0.017865
5871 5872 0.017865
5874 5872 0.017865
5867 5873 0.019471
5870 5873 0.019471
5871 5873 0.019471
5874 5873 0.019471
4022 5874 0.020616
4025 5874 0.020616
5873 5874 0.020616
5996 5874 0.020616
2432 5940 0.00023564
4567 5940 0.00023564
5941 5940 0.00023564
2425 5941 0.31671
2426 5941 0.31671
5940 5941 0.31671
2431 5942 0.00023564
2436 5942 0.00023564
5943 5942 0.00023564
2314 5943 0.31671
4568 5943 0.31671
5942 5943 0.31671
4022 5995 0.001878
4025 5995 0.001878
5873 5995 0.001878
5996 5995 0.001878
4030 5996 0.03193
4092 5996 0.03193
4566 5996 0.03193
5995 5996 0.03193
4048 5997 0.030431
4049 5997 0.030431
5869 5997 0.030431
5998 5997 0.030431
4089 5998 0.035987
5997 5998 0.035987
1470 6537 0.99996
6536 6537 0.99996
4315 6539 0.99895
5436 6539 0.99895
6537 6539 0.99895
6538 6539 0.99895
3630 6541 0.98806
6540 6541 0.98806
6543 6541 0.98806
5414 6543 0.99895
6539 6543 0.99895
6542 6543 0.99895
3623 7128 0.020385
7129 7128 0.020385
3626 7129 0.031795
4050 7129 0.031795
4051 7129 0.031795
7128 7129 0.031795
