134 133 0.00014297
3708 133 0.00014297
3709 133 0.00014297
133 134 0.00043448
3052 134 0.00043448
548 547 0.0049046
6226 547 0.0049046
6227 547 0.0049046
6230 547 0.0049046
547 548 0.036453
2073 548 0.036453
7094 548 0.036453
550 549 0.00010299
2391 549 0.00010299
2392 549 0.00010299
5260 723 0.30962
723 724 0.28958
6920 724 0.28958
948 950 0.038981
951 950 0.038981
6355 950 0.038981
950 951 0.014559
6352 951 0.014559
6353 951 0.014559
6356 951 0.014559
995 994 0.026951
6359 994 0.026951
6360 994 0.026951
994 995 0.075906
997 995 0.075906
2076 995 0.075906
2077 995 0.075906
994 996 0.022837
997 996 0.022837
2076 996 0.022837
2077 996 0.022837
996 997 0.026706
3119 997 0.026706
4790 997 0.026706
6237 997 0.026706
432 1127 0.0014529
5692 1127 0.0014529
6874 1128 0.019583
5085 1129 0.0015643
5267 1129 0.0015643
1528 1530 0.0087002
1531 1530 0.0087002
3303 1530 0.0087002
1530 1531 0.0049905
1533 1531 0.0049905
2850 1531 0.0049905
1530 1532 0.00084842
1533 1532 0.00084842
2850 1532 0.00084842
1532 1533 0.00076742
2851 1533 0.00076742
3339 1533 0.00076742
1568 1570 0.00014331
1571 1570 0.00014331
3699 1570 0.00014331
1659 1660 0.00091421
3213 1660 0.00091421
4560 1660 0.00091421
1976 1975 0.0014118
6155 1975 0.0014118
6617 1975 0.0014118
2072 2071 0.0014216
2074 2071 0.0014216
2075 2071 0.0014216
3906 2071 0.0014216
2071 2072 0.06854
6238 2072 0.06854
6239 2072 0.06854
2072 2073 0.04374
2074 2073 0.04374
2075 2073 0.04374
3906 2073 0.04374
547 2074 0.0030986
2073 2074 0.0030986
7094 2074 0.0030986
994 2075 0.16974
997 2075 0.16974
2076 2075 0.16974
2077 2075 0.16974
2072 2076 0.007206
2074 2076 0.007206
2075 2076 0.007206
3906 2076 0.007206
2078 2077 0.21229
2358 2077 0.21229
2361 2077 0.21229
6371 2077 0.21229
994 2078 0.004669
997 2078 0.004669
2076 2078 0.004669
2077 2078 0.004669
724 2146 0.9786
2147 2146 0.9786
6794 2146 0.9786
2149 2148 0.69034
7287 2148 0.69034
2148 2149 0.0013732
6795 2149 0.0013732
2151 2150 0.99859
3649 2150 0.99859
3652 2150 0.99859
6823 2150 0.99859
549 2152 0.00010305
2153 2152 0.00010305
2864 2152 0.00010305
6808 2152 0.00010305
2348 2349 0.00014761
5239 2349 0.00014761
5739 2349 0.00014761
2350 2351 0.00028249
5671 2351 0.00028249
5836 2351 0.00028249
2353 2352 0.45538
3337 2352 0.45538
2352 2353 0.0004431
2355 2353 0.0004431
5269 2353 0.0004431
2352 2354 0.4745
2355 2354 0.4745
5269 2354 0.4745
2354 2355 0.00010748
2357 2355 0.00010748
2354 2356 0.15703
2357 2356 0.15703
2356 2357 0.0043095
2359 2357 0.0043095
6362 2357 0.0043095
7160 2357 0.0043095
2356 2358 0.17486
2359 2358 0.17486
6362 2358 0.17486
7160 2358 0.17486
2078 2359 0.0033627
2358 2359 0.0033627
2361 2359 0.0033627
6371 2359 0.0033627
2078 2360 0.049939
2358 2360 0.049939
2361 2360 0.049939
6371 2360 0.049939
2360 2361 0.0048293
2363 2361 0.0048293
3120 2361 0.0048293
2360 2362 0.0042326
2363 2362 0.0042326
3120 2362 0.0042326
2362 2363 0.0097018
2365 2363 0.0097018
6395 2363 0.0097018
2362 2364 0.0048812
2365 2364 0.0048812
6395 2364 0.0048812
2364 2365 0.0049352
2367 2365 0.0049352
6366 2365 0.0049352
6367 2365 0.0049352
2364 2366 0.00038833
2367 2366 0.00038833
6366 2366 0.00038833
6367 2366 0.00038833
2366 2367 0.0039622
7006 2367 0.0039622
7086 2367 0.0039622
2382 2383 0.00014188
3645 2383 0.00014188
3648 2383 0.00014188
2383 2387 0.00010299
2385 2387 0.00010299
2386 2387 0.00010299
2387 2391 0.00010299
2388 2391 0.00010299
2390 2391 0.00010299
1530 2849 0.0089517
1533 2849 0.0089517
2850 2849 0.0089517
600 2850 0.0053231
2849 2850 0.0053231
3344 2850 0.0053231
3345 2850 0.0053231
1676 2853 0.00041573
2854 2853 0.00041573
3661 2853 0.00041573
133 3051 0.00014297
3052 3051 0.00014297
3051 3052 0.00043448
3710 3052 0.00043448
3711 3052 0.00043448
3054 3053 0.00070378
3685 3053 0.00070378
1570 3091 0.00012418
1573 3091 0.00012418
3092 3091 0.00012418
3107 3109 0.0017268
3110 3109 0.0017268
3309 3109 0.0017268
3310 3109 0.0017268
3109 3111 0.0026127
3112 3111 0.0026127
3313 3111 0.0026127
3314 3111 0.0026127
3111 3113 0.0011131
3114 3113 0.0011131
6382 3113 0.0011131
6383 3113 0.0011131
3113 3115 0.00042398
3116 3115 0.00042398
6106 3115 0.00042398
3118 3117 0.00063078
6390 3117 0.00063078
6391 3117 0.00063078
3117 3118 0.00066038
5957 3118 0.00066038
6368 3118 0.00066038
6369 3118 0.00066038
2360 3119 0.051821
2363 3119 0.051821
3120 3119 0.051821
996 3120 0.0012421
3119 3120 0.0012421
4790 3120 0.0012421
6237 3120 0.0012421
3122 3121 0.00038006
5270 3121 0.00038006
6233 3121 0.00038006
3121 3122 0.36779
3328 3122 0.36779
3329 3122 0.36779
3124 3123 0.023224
3307 3123 0.023224
3308 3123 0.023224
3637 3123 0.023224
3123 3124 0.00014118
3126 3124 0.00014118
3312 3124 0.00014118
3123 3125 0.022283
3126 3125 0.022283
3312 3125 0.022283
3125 3126 0.00010139
3128 3126 0.00010139
5949 3126 0.00010139
3125 3127 0.018336
3128 3127 0.018336
5949 3127 0.018336
3127 3128 0.00010438
3130 3128 0.00010438
6380 3128 0.00010438
6381 3128 0.00010438
3127 3129 0.0058454
3130 3129 0.0058454
6380 3129 0.0058454
6381 3129 0.0058454
3129 3130 0.00023081
3132 3130 0.00023081
6105 3130 0.00023081
6108 3130 0.00023081
3129 3131 0.002469
3132 3131 0.002469
6105 3131 0.002469
6108 3131 0.002469
3131 3132 0.00022093
3134 3132 0.00022093
6402 3132 0.00022093
6403 3132 0.00022093
3131 3133 0.0013065
3134 3133 0.0013065
6402 3133 0.0013065
6403 3133 0.0013065
3133 3134 0.00038343
5955 3134 0.00038343
6394 3134 0.00038343
3136 3135 0.0084166
3305 3135 0.0084166
3306 3135 0.0084166
3135 3136 0.00064542
5948 3136 0.00064542
5953 3136 0.00064542
3138 3137 0.0031396
5832 3137 0.0031396
6422 3137 0.0031396
3137 3138 0.05088
3302 3138 0.05088
3338 3138 0.05088
3140 3139 0.0020856
6372 3139 0.0020856
6373 3139 0.0020856
6407 3139 0.0020856
3139 3140 0.0060559
3910 3140 0.0060559
6112 3140 0.0060559
3142 3141 0.016126
6414 3141 0.016126
6415 3141 0.016126
3141 3142 0.00066277
3144 3142 0.00066277
4787 3142 0.00066277
3141 3143 0.014035
3144 3143 0.014035
4787 3143 0.014035
3143 3144 0.0019869
3146 3144 0.0019869
6374 3144 0.0019869
6375 3144 0.0019869
3143 3145 0.0052263
3146 3145 0.0052263
6374 3145 0.0052263
6375 3145 0.0052263
3145 3146 0.0022348
3148 3146 0.0022348
3911 3146 0.0022348
6109 3146 0.0022348
3145 3147 0.0025278
3148 3147 0.0025278
3911 3147 0.0025278
6109 3147 0.0025278
3147 3148 0.00081883
5951 3148 0.00081883
6398 3148 0.00081883
6399 3148 0.00081883
3212 3213 0.00097599
3651 3213 0.00097599
3654 3213 0.00097599
1528 3302 0.0049905
1531 3302 0.0049905
3303 3302 0.0049905
3137 3303 0.0087002
3302 3303 0.0087002
3338 3303 0.0087002
3136 3304 0.0086803
3305 3304 0.0086803
3306 3304 0.0086803
3304 3305 0.0024406
6420 3305 0.0024406
6421 3305 0.0024406
3124 3306 0.014737
3307 3306 0.014737
3308 3306 0.014737
3637 3306 0.014737
3136 3307 0.0007264
3305 3307 0.0007264
3306 3307 0.0007264
3124 3309 0.0017268
3307 3309 0.0017268
3308 3309 0.0017268
3637 3309 0.0017268
3109 3312 0.00043525
3112 3312 0.00043525
3313 3312 0.00043525
3314 3312 0.00043525
3123 3313 0.0013372
3126 3313 0.0013372
3312 3313 0.0013372
3316 3317 0.00088641
7005 3317 0.00088641
7008 3317 0.00088641
7088 3317 0.00088641
3319 3318 0.0004671
5985 3318 0.0004671
7093 3318 0.0004671
7095 3318 0.0004671
3318 3319 0.0013071
6983 3319 0.0013071
7092 3319 0.0013071
3321 3320 0.0051364
3322 3320 0.0051364
7097 3320 0.0051364
3320 3321 0.0073162
6977 3321 0.0073162
7096 3321 0.0073162
3323 3322 0.013619
3324 3322 0.013619
7103 3322 0.013619
3321 3323 0.0019252
3322 3323 0.0019252
7097 3323 0.0019252
3325 3324 0.016118
3326 3324 0.016118
7099 3324 0.016118
3323 3325 0.0034769
3324 3325 0.0034769
7103 3325 0.0034769
2753 3326 0.022141
3327 3326 0.022141
5237 3326 0.022141
3325 3327 0.0012883
3326 3327 0.0012883
7099 3327 0.0012883
2353 3328 0.43952
3337 3328 0.43952
3331 3332 0.0015402
5827 3332 0.0015402
5829 3332 0.0015402
3332 3333 0.0015402
3334 3333 0.0015402
3333 3335 0.00088322
3336 3335 0.00088322
6225 3335 0.00088322
3335 3336 0.0085862
5823 3336 0.0085862
5831 3336 0.0085862
6967 3336 0.0085862
3137 3337 0.89446
3302 3337 0.89446
3338 3337 0.89446
3343 3338 0.94591
3639 3338 0.94591
3962 3338 0.94591
3340 3339 0.00076742
3342 3339 0.00076742
3960 3339 0.00076742
1532 3340 0.00084842
2851 3340 0.00084842
3339 3340 0.00084842
3340 3341 0.00084842
3342 3341 0.00084842
3960 3341 0.00084842
3341 3342 0.00076742
3346 3342 0.00076742
4684 3342 0.00076742
600 3343 0.013287
2849 3343 0.013287
3344 3343 0.013287
3345 3343 0.013287
3343 3344 0.005593
3639 3344 0.005593
3962 3344 0.005593
3341 3345 0.004634
3346 3345 0.004634
4684 3345 0.004634
600 3346 0.00056836
2849 3346 0.00056836
3344 3346 0.00056836
3345 3346 0.00056836
73 3347 0.0039275
3348 3347 0.0039275
3349 3347 0.0039275
3350 3349 0.0039275
3351 3349 0.0039275
3363 3349 0.0039275
3352 3351 0.0036641
3366 3351 0.0036641
3691 3351 0.0036641
3364 3363 0.000273
3365 3363 0.000273
3367 3363 0.000273
3364 3366 0.00023189
3365 3366 0.00023189
3367 3366 0.00023189
3368 3367 0.00046169
3369 3367 0.00046169
3665 3367 0.00046169
3368 3370 0.00020619
3369 3370 0.00020619
3665 3370 0.00020619
3638 3637 0.038923
3640 3637 0.038923
5268 3637 0.038923
3124 3638 0.00012856
3307 3638 0.00012856
3308 3638 0.00012856
3637 3638 0.00012856
3638 3639 0.00078653
3640 3639 0.00078653
5268 3639 0.00078653
3343 3640 0.038389
3639 3640 0.038389
3962 3640 0.038389
2661 3645 1
3643 3645 1
3646 3645 1
2382 3647 0.99995
3645 3647 0.99995
3648 3647 0.99995
3647 3649 0.99989
3650 3649 0.99989
2151 3651 0.0024656
3649 3651 0.0024656
3652 3651 0.0024656
6823 3651 0.0024656
3212 3652 0.0010537
3651 3652 0.0010537
3654 3652 0.0010537
3212 3653 0.0015016
3651 3653 0.0015016
3654 3653 0.0015016
3653 3654 0.0010148
3656 3654 0.0010148
6210 3654 0.0010148
3653 3655 0.00067204
3656 3655 0.00067204
6210 3655 0.00067204
3655 3656 0.00085481
3658 3656 0.00085481
6205 3656 0.00085481
3655 3657 0.00049211
3658 3657 0.00049211
6205 3657 0.00049211
1662 3659 0.00046183
3657 3659 0.00046183
3660 3659 0.00046183
3659 3661 0.0004323
3662 3661 0.0004323
6218 3661 0.0004323
3666 3665 0.00061309
3667 3665 0.00061309
5843 3665 0.00061309
3668 3667 0.00069197
3669 3667 0.00069197
6478 3667 0.00069197
3670 3669 0.00014355
3679 3669 0.00014355
5851 3669 0.00014355
3668 3670 0.00019802
3669 3670 0.00019802
6478 3670 0.00019802
3671 3672 0.00015929
5854 3672 0.00015929
3672 3674 0.00022765
3673 3674 0.00022765
3675 3674 0.00022765
3680 3679 0.00024019
3681 3679 0.00024019
3689 3679 0.00024019
6479 3679 0.00024019
3670 3680 0.00014557
3679 3680 0.00014557
5851 3680 0.00014557
3053 3681 0.00098143
3682 3681 0.00098143
3683 3681 0.00098143
3684 3683 0.00089185
3686 3683 0.00089185
3687 3683 0.00089185
3053 3684 0.00061146
3682 3684 0.00061146
3683 3684 0.00061146
3684 3685 0.00070378
3686 3685 0.00070378
3687 3685 0.00070378
3688 3687 0.0015334
3714 3687 0.0015334
3715 3687 0.0015334
3684 3688 0.00062475
3686 3688 0.00062475
3687 3688 0.00062475
3370 3691 0.0034737
3692 3691 0.0034737
3693 3691 0.0034737
3694 3693 0.0033158
3695 3693 0.0033158
6563 3693 0.0033158
3674 3695 0.0032368
3696 3695 0.0032368
3697 3695 0.0032368
3642 3697 0.0030296
3698 3697 0.0030296
3716 3697 0.0030296
781 3699 0.00013918
3700 3699 0.00013918
3701 3699 0.00013918
553 3701 0.0001416
3702 3701 0.0001416
3703 3701 0.0001416
98 3703 0.00014195
3704 3703 0.00014195
3705 3703 0.00014195
1972 3705 0.00018526
3706 3705 0.00018526
3707 3705 0.00018526
3736 3705 0.00018526
134 3707 0.00025629
3708 3707 0.00025629
3709 3707 0.00025629
3051 3709 0.00037557
3710 3709 0.00037557
3711 3709 0.00037557
134 3710 0.00045285
3708 3710 0.00045285
3709 3710 0.00045285
2146 3711 0.00078912
3712 3711 0.00078912
4663 3711 0.00078912
7113 3711 0.00078912
3051 3712 0.00057489
3710 3712 0.00057489
3711 3712 0.00057489
3688 3713 0.00062953
3714 3713 0.00062953
3715 3713 0.00062953
3713 3714 0.0045531
6921 3714 0.0045531
7114 3714 0.0045531
3688 3716 0.0030273
3714 3716 0.0030273
3715 3716 0.0030273
3907 3906 0.020392
4019 3906 0.020392
6228 3906 0.020392
6358 3906 0.020392
2072 3907 0.20941
2074 3907 0.20941
2075 3907 0.20941
3906 3907 0.20941
3909 3908 0.00034379
6113 3908 0.00034379
6400 3908 0.00034379
6401 3908 0.00034379
3908 3909 0.00030265
6392 3909 0.00030265
6393 3909 0.00030265
3145 3910 0.0053669
3148 3910 0.0053669
3911 3910 0.0053669
6109 3910 0.0053669
3139 3911 0.0004476
3910 3911 0.0004476
6112 3911 0.0004476
4685 3962 0.97582
5086 3962 0.97582
1129 3964 0.00025186
3963 3964 0.00025186
4020 4019 0.55385
6232 4019 0.55385
6351 4019 0.55385
3907 4020 0.0070771
4019 4020 0.0070771
6228 4020 0.0070771
6358 4020 0.0070771
2146 4662 0.99445
3712 4662 0.99445
4663 4662 0.99445
7113 4662 0.99445
3347 4684 0.003986
3354 4684 0.003986
4683 4684 0.003986
4788 4787 0.0024623
6408 4787 0.0024623
6409 4787 0.0024623
3141 4788 0.0058775
3144 4788 0.0058775
4787 4788 0.0058775
996 4789 0.0043876
3119 4789 0.0043876
4790 4789 0.0043876
6237 4789 0.0043876
4789 4790 0.0081279
6240 4790 0.0081279
6365 4790 0.0081279
4685 5085 0.020213
5086 5085 0.020213
5087 5086 0.99598
5271 5086 0.99598
1129 5087 0.0013301
3963 5087 0.0013301
7272 5088 0.0014997
7274 5088 0.0014997
5091 5090 0.0023959
5838 5090 0.0023959
1128 5091 0.02107
5092 5091 0.02107
5093 5092 0.0014867
5088 5093 0.0015043
5094 5093 0.0015043
3121 5237 0.072111
3328 5237 0.072111
3329 5237 0.072111
2149 5260 0.30962
7287 5260 0.30962
3638 5267 0.00093453
3640 5267 0.00093453
5268 5267 0.00093453
3138 5268 0.0021261
5832 5268 0.0021261
6422 5268 0.0021261
3122 5269 0.021802
5270 5269 0.021802
6233 5269 0.021802
2753 5270 0.051258
3327 5270 0.051258
5237 5270 0.051258
3964 5271 0.9947
6738 5271 0.9947
2350 5670 0.0021281
5671 5670 0.0021281
5836 5670 0.0021281
3094 5680 0.00010115
5681 5680 0.00010115
5683 5680 0.00010115
1975 5683 0.00010058
3091 5683 0.00010058
5682 5683 0.00010058
5693 5683 0.00010058
1975 5692 0.001433
3091 5692 0.001433
5682 5692 0.001433
5693 5692 0.001433
3335 5822 0.0027044
5823 5822 0.0027044
5831 5822 0.0027044
6967 5822 0.0027044
5822 5823 0.0074066
6963 5823 0.0074066
7102 5823 0.0074066
7104 5823 0.0074066
5825 5824 0.0002199
5826 5824 0.0002199
5830 5824 0.0002199
5824 5825 0.0062452
6964 5825 0.0062452
7100 5825 0.0062452
5825 5827 0.0015402
5826 5827 0.0015402
5830 5827 0.0015402
3335 5830 0.00079942
5823 5830 0.00079942
5831 5830 0.00079942
6967 5830 0.00079942
5825 5831 0.0053686
5826 5831 0.0053686
5830 5831 0.0053686
2352 5832 0.0023528
2355 5832 0.0023528
5269 5832 0.0023528
6877 5835 0.0023902
5835 5836 0.0023059
5091 5837 0.01868
5838 5837 0.01868
3670 5852 0.00015929
3679 5852 0.00015929
5851 5852 0.00015929
5852 5854 0.00015929
5853 5854 0.00015929
3125 5948 0.0048011
3128 5948 0.0048011
5949 5948 0.0048011
3135 5949 0.00085177
5948 5949 0.00085177
5953 5949 0.00085177
3147 5950 0.00062324
5951 5950 0.00062324
6398 5950 0.00062324
6399 5950 0.00062324
5950 5951 0.00047336
6389 5951 0.00047336
6405 5951 0.00047336
3135 5952 0.012138
5948 5952 0.012138
5953 5952 0.012138
5952 5953 0.00041795
6378 5953 0.00041795
6379 5953 0.00041795
3133 5954 0.001081
5955 5954 0.001081
6394 5954 0.001081
5954 5955 0.00074028
6370 5955 0.00074028
6388 5955 0.00074028
7111 5955 0.00074028
3117 5956 0.00043257
5957 5956 0.00043257
6368 5956 0.00043257
6369 5956 0.00043257
5956 5957 0.0021913
6386 5957 0.0021913
6387 5957 0.0021913
2349 5985 0.00015283
5903 5985 0.00015283
5986 5985 0.00015283
7105 5985 0.00015283
3113 6105 0.00081562
3116 6105 0.00081562
6106 6105 0.00081562
3129 6106 0.00013419
3132 6106 0.00013419
6105 6106 0.00013419
6108 6106 0.00013419
3129 6107 0.0041529
3132 6107 0.0041529
6105 6107 0.0041529
6108 6107 0.0041529
6107 6108 0.00010494
6110 6108 0.00010494
6114 6108 0.00010494
6107 6109 0.003854
6110 6109 0.003854
6114 6109 0.003854
3145 6110 0.00021721
3148 6110 0.00021721
3911 6110 0.00021721
6109 6110 0.00021721
3139 6111 0.0025532
3910 6111 0.0025532
6112 6111 0.0025532
6111 6112 0.0016042
6396 6112 0.0016042
6397 6112 0.0016042
6406 6112 0.0016042
6107 6113 0.00074838
6110 6113 0.00074838
6114 6113 0.00074838
3909 6114 0.00033714
6113 6114 0.00033714
6400 6114 0.00033714
6401 6114 0.00033714
3214 6155 0.00049696
6156 6155 0.00049696
7264 6155 0.00049696
6158 6157 0.00049488
7266 6157 0.00049488
7268 6157 0.00049488
2444 6159 0.00047892
6160 6159 0.00047892
6161 6159 0.00047892
3204 6161 0.00048117
6162 6161 0.00048117
6163 6161 0.00048117
3950 6163 0.00044359
6164 6163 0.00044359
6165 6163 0.00044359
2136 6165 0.00042047
2853 6165 0.00042047
3220 6165 0.00042047
6166 6165 0.00042047
6206 6205 0.00092571
6209 6205 0.00092571
6211 6205 0.00092571
3655 6206 0.00025614
3658 6206 0.00025614
6205 6206 0.00025614
3653 6209 0.00092571
3656 6209 0.00092571
6210 6209 0.00092571
6206 6210 0.00025614
6209 6210 0.00025614
6211 6210 0.00025614
548 6225 0.00076525
6226 6225 0.00076525
6227 6225 0.00076525
6230 6225 0.00076525
3333 6226 0.0099243
3336 6226 0.0099243
6225 6226 0.0099243
3907 6227 0.0096752
4019 6227 0.0096752
6228 6227 0.0096752
6358 6227 0.0096752
548 6228 0.072153
6226 6228 0.072153
6227 6228 0.072153
6230 6228 0.072153
548 6229 0.0076034
6226 6229 0.0076034
6227 6229 0.0076034
6230 6229 0.0076034
6229 6230 0.029374
6979 6230 0.029374
7063 6230 0.029374
4020 6231 0.019233
6232 6231 0.019233
6351 6231 0.019233
6231 6232 0.39167
6234 6232 0.39167
6354 6232 0.39167
6231 6233 0.0022973
6234 6233 0.0022973
6354 6233 0.0022973
3122 6234 0.39916
5270 6234 0.39916
6233 6234 0.39916
2071 6237 0.0024304
6238 6237 0.0024304
6239 6237 0.0024304
996 6238 0.05288
3119 6238 0.05288
4790 6238 0.05288
6237 6238 0.05288
4789 6239 0.017179
6240 6239 0.017179
6365 6239 0.017179
2071 6240 0.00051056
6238 6240 0.00051056
6239 6240 0.00051056
950 6351 0.19372
6352 6351 0.19372
6353 6351 0.19372
6356 6351 0.19372
4020 6352 0.019382
6232 6352 0.019382
6351 6352 0.019382
2354 6353 0.32167
2357 6353 0.32167
948 6354 0.014559
951 6354 0.014559
6355 6354 0.014559
6231 6355 0.038981
6234 6355 0.038981
6354 6355 0.038981
6357 6356 0.0011183
6361 6356 0.0011183
950 6357 0.17287
6352 6357 0.17287
6353 6357 0.17287
6356 6357 0.17287
995 6358 0.22051
6359 6358 0.22051
6360 6358 0.22051
3907 6359 0.018781
4019 6359 0.018781
6228 6359 0.018781
6358 6359 0.018781
6357 6360 0.16456
6361 6360 0.16456
995 6361 0.011786
6359 6361 0.011786
6360 6361 0.011786
6357 6362 0.018976
6361 6362 0.018976
6364 6363 0.0035002
6410 6363 0.0035002
6411 6363 0.0035002
6363 6364 0.0036979
6943 6364 0.0036979
7165 6364 0.0036979
2364 6365 0.020518
2367 6365 0.020518
6366 6365 0.020518
6367 6365 0.020518
4789 6366 0.00010978
6240 6366 0.00010978
6365 6366 0.00010978
3117 6367 0.01697
5957 6367 0.01697
6368 6367 0.01697
6369 6367 0.01697
5954 6369 0.015299
6370 6369 0.015299
6388 6369 0.015299
7111 6369 0.015299
3117 6370 0.00013923
5957 6370 0.00013923
6368 6370 0.00013923
6369 6370 0.00013923
3140 6371 0.082374
6372 6371 0.082374
6373 6371 0.082374
6407 6371 0.082374
2078 6372 0.0011413
2358 6372 0.0011413
2361 6372 0.0011413
6371 6372 0.0011413
3143 6373 0.065715
3146 6373 0.065715
6374 6373 0.065715
6375 6373 0.065715
3140 6374 0.00076087
6372 6374 0.00076087
6373 6374 0.00076087
6407 6374 0.00076087
6376 6375 0.055948
6377 6375 0.055948
6417 6375 0.055948
5952 6377 0.026015
6378 6377 0.026015
6379 6377 0.026015
6376 6378 0.0001658
6377 6378 0.0001658
6417 6378 0.0001658
3127 6379 0.014521
3130 6379 0.014521
6380 6379 0.014521
6381 6379 0.014521
5952 6380 0.00039173
6378 6380 0.00039173
6379 6380 0.00039173
3111 6381 0.0018585
3114 6381 0.0018585
6382 6381 0.0018585
6383 6381 0.0018585
3127 6382 0.00034679
3130 6382 0.00034679
6380 6382 0.00034679
6381 6382 0.00034679
5956 6385 0.0022007
6386 6385 0.0022007
6387 6385 0.0022007
5670 6386 0.00010383
6385 6386 0.00010383
7085 6386 0.00010383
5954 6387 0.0039128
6370 6387 0.0039128
6388 6387 0.0039128
7111 6387 0.0039128
3118 6389 0.00090929
6390 6389 0.00090929
6391 6389 0.00090929
5950 6390 0.00025623
6389 6390 0.00025623
6405 6390 0.00025623
3908 6391 0.00083225
6392 6391 0.00083225
6393 6391 0.00083225
3118 6392 0.00020879
6390 6392 0.00020879
6391 6392 0.00020879
3133 6393 0.0007575
5955 6393 0.0007575
6394 6393 0.0007575
3908 6394 0.00017518
6392 6394 0.00017518
6393 6394 0.00017518
6111 6395 0.0057899
6396 6395 0.0057899
6397 6395 0.0057899
6406 6395 0.0057899
2362 6396 0.00037471
2365 6396 0.00037471
6395 6396 0.00037471
3147 6397 0.0039085
5951 6397 0.0039085
6398 6397 0.0039085
6399 6397 0.0039085
6111 6398 0.00024525
6396 6398 0.00024525
6397 6398 0.00024525
6406 6398 0.00024525
3909 6399 0.0022189
6113 6399 0.0022189
6400 6399 0.0022189
6401 6399 0.0022189
3147 6400 0.00011466
5951 6400 0.00011466
6398 6400 0.00011466
6399 6400 0.00011466
3131 6401 0.0018383
3134 6401 0.0018383
6402 6401 0.0018383
6403 6401 0.0018383
3909 6402 0.00010416
6113 6402 0.00010416
6400 6402 0.00010416
6401 6402 0.00010416
3115 6403 0.00042398
5959 6403 0.00042398
6404 6403 0.00042398
5950 6406 0.0009
6389 6406 0.0009
6405 6406 0.0009
4788 6407 0.015079
6408 6407 0.015079
6409 6407 0.015079
3140 6408 0.0027704
6372 6408 0.0027704
6373 6408 0.0027704
6407 6408 0.0027704
6364 6409 0.010664
6410 6409 0.010664
6411 6409 0.010664
4788 6410 0.0017701
6408 6410 0.0017701
6409 6410 0.0017701
5834 6411 0.009466
6412 6411 0.009466
6413 6411 0.009466
6364 6412 0.00077002
6410 6412 0.00077002
6411 6412 0.00077002
3142 6413 0.009466
6414 6413 0.009466
6415 6413 0.009466
5834 6414 0.00077002
6412 6414 0.00077002
6413 6414 0.00077002
6416 6415 0.024765
6418 6415 0.024765
6419 6415 0.024765
3142 6416 0.00060541
6414 6416 0.00060541
6415 6416 0.00060541
6416 6417 0.030457
6418 6417 0.030457
6419 6417 0.030457
6376 6418 0.00040935
6377 6418 0.00040935
6417 6418 0.00040935
3304 6419 0.054339
6420 6419 0.054339
6421 6419 0.054339
6416 6420 0.00013162
6418 6420 0.00013162
6419 6420 0.00013162
3138 6421 0.050745
5832 6421 0.050745
6422 6421 0.050745
3304 6422 0.0027775
6420 6422 0.0027775
6421 6422 0.0027775
3680 6478 0.00075584
3681 6478 0.00075584
3689 6478 0.00075584
6479 6478 0.00075584
6150 6617 0.00091542
6616 6617 0.00091542
6619 6617 0.00091542
6152 6619 0.00090674
6618 6619 0.00090674
6621 6619 0.00090674
5718 6621 0.00093104
6620 6621 0.00093104
6623 6621 0.00093104
6622 6623 0.00093103
7229 6623 0.00093103
4662 6738 0.99445
6739 6738 0.99445
2148 6794 0.69034
6795 6794 0.69034
724 6795 0.0013732
2147 6795 0.0013732
6794 6795 0.0013732
2150 6796 0.99859
6797 6796 0.99859
2152 6823 0.00010305
6824 6823 0.00010305
5085 6873 0.019583
5267 6873 0.019583
6873 6874 0.019583
5090 6877 0.0023902
3713 6920 0.038418
6921 6920 0.038418
7114 6920 0.038418
723 6921 0.058459
6920 6921 0.058459
6939 6938 0.0012128
7067 6938 0.0012128
7163 6938 0.0012128
7164 6938 0.0012128
6938 6939 0.00094654
6941 6939 0.00094654
6949 6939 0.00094654
6938 6940 0.00024218
6941 6940 0.00024218
6949 6940 0.00024218
6940 6941 0.0012811
6942 6941 0.0012811
6945 6941 0.0012811
6947 6941 0.0012811
6363 6942 0.0012811
6943 6942 0.0012811
7165 6942 0.0012811
6940 6943 0.00024218
6942 6943 0.00024218
6945 6943 0.00024218
6947 6943 0.00024218
6938 6948 0.0015856
6941 6948 0.0015856
6949 6948 0.0015856
6948 6949 0.00028041
6950 6949 0.00028041
6953 6949 0.00028041
6948 6952 0.0015856
6950 6952 0.0015856
6953 6952 0.0015856
6952 6953 0.00028041
7161 6953 0.00028041
7162 6953 0.00028041
5824 6963 0.0044064
6964 6963 0.0044064
7100 6963 0.0044064
5822 6964 0.00222
6963 6964 0.00222
7102 6964 0.00222
7104 6964 0.00222
6965 6967 0.00086175
6968 6967 0.00086175
7101 6967 0.00086175
3335 6968 0.0024302
5823 6968 0.0024302
5831 6968 0.0024302
6967 6968 0.0024302
6969 6971 0.0076557
6972 6971 0.0076557
6975 6971 0.0076557
7066 6971 0.0076557
6971 6972 0.0056134
6974 6972 0.0056134
7064 6972 0.0056134
6971 6973 0.0091376
6974 6973 0.0091376
7064 6973 0.0091376
6973 6974 0.0079113
6976 6974 0.0079113
6978 6974 0.0079113
6973 6975 0.012423
6976 6975 0.012423
6978 6975 0.012423
6969 6976 0.0032994
6972 6976 0.0032994
6975 6976 0.0032994
7066 6976 0.0032994
6973 6977 0.0043956
6976 6977 0.0043956
6978 6977 0.0043956
3320 6978 0.012293
6977 6978 0.012293
7096 6978 0.012293
6980 6979 0.023494
7065 6979 0.023494
7098 6979 0.023494
6229 6980 0.0025396
6979 6980 0.0025396
7063 6980 0.0025396
6982 6981 0.000292
6984 6981 0.000292
6986 6981 0.000292
6982 6983 0.00023872
6984 6983 0.00023872
6986 6983 0.00023872
3318 6984 0.00052393
6983 6984 0.00052393
7092 6984 0.00052393
6982 6985 0.00032111
6984 6985 0.00032111
6986 6985 0.00032111
6985 6986 0.00026001
6988 6986 0.00026001
6989 6986 0.00026001
6985 6987 0.0004689
6988 6987 0.0004689
6989 6987 0.0004689
6987 6988 0.0001837
6992 6988 0.0001837
6994 6988 0.0001837
6981 6989 0.000292
6990 6989 0.000292
6987 6991 0.00041709
6992 6991 0.00041709
6994 6991 0.00041709
6987 6993 0.00025795
6992 6993 0.00025795
6994 6993 0.00025795
6993 6994 0.00032518
6996 6994 0.00032518
6998 6994 0.00032518
7001 6994 0.00032518
6993 6995 0.00015409
6996 6995 0.00015409
6998 6995 0.00015409
7001 6995 0.00015409
6991 6996 0.0003628
6995 6996 0.0003628
7000 6996 0.0003628
6993 6997 0.0005169
6996 6997 0.0005169
6998 6997 0.0005169
7001 6997 0.0005169
6997 6998 0.0002317
7090 6998 0.0002317
7091 6998 0.0002317
6991 6999 0.00017082
6995 6999 0.00017082
7000 6999 0.00017082
6999 7001 0.00017082
7002 7001 0.00017082
7004 7001 0.00017082
2366 7005 0.00063235
7006 7005 0.00063235
7086 7005 0.00063235
6971 7063 0.010473
6974 7063 0.010473
7064 7063 0.010473
6229 7064 0.0096573
6979 7064 0.0096573
7063 7064 0.0096573
6969 7065 0.011295
6972 7065 0.011295
6975 7065 0.011295
7066 7065 0.011295
6980 7066 0.0042144
7065 7066 0.0042144
7098 7066 0.0042144
5670 7086 0.0041769
6385 7086 0.0041769
7085 7086 0.0041769
2351 7088 0.00033567
4656 7088 0.00033567
7014 7088 0.00033567
7087 7088 0.00033567
3317 7090 0.00088497
5238 7090 0.00088497
7089 7090 0.00088497
3318 7091 0.00013418
6983 7091 0.00013418
7092 7091 0.00013418
6997 7092 0.0012594
7090 7092 0.0012594
7091 7092 0.0012594
547 7093 0.011939
2073 7093 0.011939
7094 7093 0.011939
3319 7094 0.0028454
5985 7094 0.0028454
7093 7094 0.0028454
7095 7094 0.0028454
3320 7095 0.0025105
6977 7095 0.0025105
7096 7095 0.0025105
3319 7096 0.012587
5985 7096 0.012587
7093 7096 0.012587
7095 7096 0.012587
6980 7097 0.0016218
7065 7097 0.0016218
7098 7097 0.0016218
3321 7098 0.015495
3322 7098 0.015495
7097 7098 0.015495
5824 7099 0.00054342
6964 7099 0.00054342
7100 7099 0.00054342
3325 7100 0.0087551
3326 7100 0.0087551
7099 7100 0.0087551
5822 7101 0.00086175
6963 7101 0.00086175
7102 7101 0.00086175
7104 7101 0.00086175
6965 7102 0.0024302
6968 7102 0.0024302
7101 7102 0.0024302
5822 7103 0.0041913
6963 7103 0.0041913
7102 7103 0.0041913
7104 7103 0.0041913
3323 7104 0.0051386
3324 7104 0.0051386
7103 7104 0.0051386
5837 7111 0.01868
6927 7111 0.01868
7069 7111 0.01868
7112 7111 0.01868
3713 7113 0.05703
6921 7113 0.05703
7114 7113 0.05703
2146 7114 0.040914
3712 7114 0.040914
4663 7114 0.040914
7113 7114 0.040914
7156 7157 0.00093103
7159 7157 0.00093103
1660 7159 0.00093103
6196 7159 0.00093103
7158 7159 0.00093103
6952 7160 0.0043386
7161 7160 0.0043386
7162 7160 0.0043386
2356 7161 0.0045362
2359 7161 0.0045362
6362 7161 0.0045362
7160 7161 0.0045362
6939 7162 0.0034176
7067 7162 0.0034176
7163 7162 0.0034176
7164 7162 0.0034176
6952 7163 0.0049205
7161 7163 0.0049205
7162 7163 0.0049205
6363 7164 0.0032008
6943 7164 0.0032008
7165 7164 0.0032008
6939 7165 0.0044374
7067 7165 0.0044374
7163 7165 0.0044374
7164 7165 0.0044374
6796 7182 0.99859
7183 7182 0.99859
7182 7184 0.99859
7185 7184 0.99859
7228 7229 0.00093103
7231 7229 0.00093103
7157 7231 0.00093103
7230 7231 0.00093103
6157 7264 0.00049488
7265 7264 0.00049488
6159 7268 0.00047892
7269 7268 0.00047892
1127 7274 0.0014849
3095 7274 0.0014849
3098 7274 0.0014849
7184 7287 0.99859
7288 7287 0.99859
