557 558 0.00038208
6037 558 0.00038208
6465 558 0.00038208
770 769 0.0038938
771 769 0.0038938
1920 769 0.0038938
769 770 0.00049104
4157 770 0.00049104
772 771 0.00077173
1884 771 0.00077173
4156 771 0.00077173
770 772 0.001186
771 772 0.001186
1920 772 0.001186
1227 1226 0.18693
7040 1226 0.18693
7075 1226 0.18693
7079 1226 0.18693
1226 1227 0.0057139
1536 1227 0.0057139
4200 1227 0.0057139
1226 1537 0.18756
1536 1537 0.18756
4200 1537 0.18756
1653 1654 0.80688
7054 1654 0.80688
7076 1654 0.80688
1773 1775 0.0034126
1776 1775 0.0034126
1792 1775 0.0034126
1775 1777 0.0034126
1778 1777 0.0034126
4813 1777 0.0034126
1779 1780 0.0034603
3663 1780 0.0034603
5769 1780 0.0034603
571 1782 0.0034603
1780 1782 0.0034603
1781 1782 0.0034603
1782 1784 0.0034188
1783 1784 0.0034188
1803 1784 0.0034188
1784 1786 0.003257
1785 1786 0.003257
1801 1786 0.003257
1786 1788 0.0033089
1787 1788 0.0033089
5989 1788 0.0033089
1788 1790 0.0032247
1789 1790 0.0032247
1799 1790 0.0032247
1790 1792 0.0034117
1791 1792 0.0034117
1797 1792 0.0034117
1793 1794 0.00013354
1802 1794 0.00013354
5990 1794 0.00013354
1794 1795 0.00013354
1796 1795 0.00013354
1795 1797 0.00029169
1798 1797 0.00029169
1800 1797 0.00029169
1790 1798 0.00010505
1791 1798 0.00010505
1797 1798 0.00010505
1795 1799 0.00010896
1798 1799 0.00010896
1800 1799 0.00010896
1788 1800 0.00019348
1789 1800 0.00019348
1799 1800 0.00019348
1793 1801 0.00012513
1802 1801 0.00012513
5990 1801 0.00012513
1784 1802 0.00028152
1785 1802 0.00028152
1801 1802 0.00028152
1875 1874 0.00099551
1896 1874 0.00099551
3924 1874 0.00099551
5233 1874 0.00099551
1918 1920 0.0038186
1921 1920 0.0038186
1922 1920 0.0038186
1923 1922 0.0038186
1924 1922 0.0038186
4230 1922 0.0038186
4231 1922 0.0038186
1886 2317 0.81416
2316 2317 0.81416
7271 2317 0.81416
2318 2319 0.81416
7209 2319 0.81416
1880 2321 0.81416
2320 2321 0.81416
2323 2321 0.81416
1882 2323 0.81416
2322 2323 0.81416
5939 2323 0.81416
2330 2331 0.00020863
2333 2331 0.00020863
5975 2331 0.00020863
2330 2332 0.0003368
2333 2332 0.0003368
5975 2332 0.0003368
2332 2333 0.0005541
2335 2333 0.0005541
4216 2333 0.0005541
2332 2334 0.00034508
2335 2334 0.00034508
4216 2334 0.00034508
2334 2335 0.00062945
2337 2335 0.00062945
5977 2335 0.00062945
7152 2335 0.00062945
2334 2336 0.00062049
2337 2336 0.00062049
5977 2336 0.00062049
7152 2336 0.00062049
2336 2337 0.004885
2339 2337 0.004885
4709 2337 0.004885
2336 2338 0.044624
2339 2338 0.044624
4709 2338 0.044624
2338 2339 0.043017
2341 2339 0.043017
4198 2339 0.043017
2338 2340 0.044288
2341 2340 0.044288
4198 2340 0.044288
1654 2341 0.049855
2340 2341 0.049855
2343 2341 0.049855
1654 2342 0.80133
2340 2342 0.80133
2343 2342 0.80133
2446 2447 0.00032389
4407 2447 0.00032389
4410 2447 0.00032389
2632 2633 0.0003214
5782 2633 0.0003214
5883 2633 0.0003214
5886 2633 0.0003214
6716 2634 0.18552
2634 2635 0.10351
2636 2635 0.10351
2633 2636 0.00084687
2635 2636 0.00084687
2644 2636 0.00084687
4085 2640 0.18245
2639 2642 0.082893
2645 2642 0.082893
2633 2643 0.10382
2635 2643 0.10382
2644 2643 0.10382
2642 2644 0.00083724
2643 2644 0.00083724
2634 2645 0.082858
2636 2645 0.082858
3664 2749 0.00039986
6466 2749 0.00039986
2844 3615 0.18243
3616 3615 0.18243
4083 3615 0.18243
954 3617 0.18243
3618 3617 0.18243
7260 3617 0.18243
7262 3617 0.18243
1777 3619 0.18584
3617 3619 0.18584
3620 3619 0.18584
3619 3621 0.034848
3622 3621 0.034848
4035 3621 0.034848
4078 3621 0.034848
3621 3622 0.17702
3624 3622 0.17702
5872 3622 0.17702
3621 3623 0.014223
3624 3623 0.014223
5872 3623 0.014223
3623 3624 0.32686
7129 3624 0.32686
2317 3626 0.81317
3625 3626 0.81317
3628 3626 0.81317
2317 3627 0.00099642
3625 3627 0.00099642
3628 3627 0.00099642
3664 3663 0.014036
6466 3663 0.014036
4199 3791 0.00094996
5395 3791 0.00094996
3791 3793 0.00094209
3793 3794 0.0009384
5993 3794 0.0009384
7115 3794 0.0009384
4022 4021 0.0084983
4025 4021 0.0084983
5873 4021 0.0084983
5996 4021 0.0084983
4021 4022 0.15701
4046 4022 0.15701
4047 4022 0.15701
2447 4023 0.00032389
4024 4023 0.00032389
4026 4025 0.002978
4411 4025 0.002978
5866 4025 0.002978
4022 4026 0.19342
4025 4026 0.19342
5873 4026 0.19342
5996 4026 0.19342
4028 4027 0.31365
4029 4027 0.31365
5999 4027 0.31365
4030 4029 0.31365
4092 4029 0.31365
4566 4029 0.31365
5995 4029 0.31365
4036 4035 0.015889
5865 4035 0.015889
5868 4035 0.015889
3619 4036 0.34402
3622 4036 0.34402
4035 4036 0.34402
4078 4036 0.34402
4021 4045 0.18479
4046 4045 0.18479
4047 4045 0.18479
4045 4046 0.0033852
4090 4046 0.0033852
4093 4046 0.0033852
4048 4047 0.33179
4049 4047 0.33179
5869 4047 0.33179
5998 4047 0.33179
4021 4048 0.0018692
4046 4048 0.0018692
4047 4048 0.0018692
3626 4049 0.50082
4050 4049 0.50082
4051 4049 0.50082
7128 4049 0.50082
4048 4050 0.00041474
4049 4050 0.00041474
5869 4050 0.00041474
5998 4050 0.00041474
3626 4052 0.00012484
4050 4052 0.00012484
4051 4052 0.00012484
7128 4052 0.00012484
4056 4058 0.00012484
4057 4058 0.00012484
4080 4058 0.00012484
3912 4060 0.00012484
4058 4060 0.00012484
4059 4060 0.00012484
4064 4066 0.00012484
4065 4066 0.00012484
4082 4066 0.00012484
4067 4068 0.00012484
4414 4068 0.00012484
1516 4070 0.00012484
4068 4070 0.00012484
4069 4070 0.00012484
4044 4072 0.00012484
4070 4072 0.00012484
4071 4072 0.00012484
4041 4074 0.00012484
4072 4074 0.00012484
4073 4074 0.00012484
4039 4076 0.00012484
4074 4076 0.00012484
4075 4076 0.00012484
4037 4078 0.00012484
4076 4078 0.00012484
4077 4078 0.00012484
4084 4083 0.18243
4086 4083 0.18243
5987 4083 0.18243
5770 4085 0.18246
5772 4085 0.18246
2640 4086 0.18243
4087 4086 0.18243
5732 4086 0.18243
4089 4088 0.030221
5997 4088 0.030221
1874 4089 0.0004501
4088 4089 0.0004501
4091 4089 0.0004501
6001 4089 0.0004501
1874 4090 0.031093
4088 4090 0.031093
4091 4090 0.031093
6001 4090 0.031093
4045 4091 0.00032697
4090 4091 0.00032697
4093 4091 0.00032697
4045 4092 0.21241
4090 4092 0.21241
4093 4092 0.21241
4030 4093 0.00023683
4092 4093 0.00023683
4566 4093 0.00023683
5995 4093 0.00023683
4155 4154 0.81692
7132 4154 0.81692
769 4155 0.0065796
4157 4155 0.0065796
4154 4156 0.0027625
5938 4156 0.0027625
772 4157 0.0031768
1884 4157 0.0031768
4156 4157 0.0031768
4165 4164 0.00010596
4166 4164 0.00010596
5929 4164 0.00010596
5972 4164 0.00010596
4167 4166 0.00010837
4168 4166 0.00010837
5923 4166 0.00010837
5926 4166 0.00010837
4183 4182 0.00021122
4184 4182 0.00021122
5928 4182 0.00021122
4185 4184 0.00018843
4186 4184 0.00018843
5922 4184 0.00018843
4187 4186 0.0001698
4188 4186 0.0001698
4195 4186 0.0001698
4185 4187 0.00024732
4186 4187 0.00024732
5922 4187 0.00024732
4189 4188 0.00018219
4190 4188 0.00018219
5918 4188 0.00018219
4187 4189 0.00044537
4188 4189 0.00044537
4195 4189 0.00044537
4191 4190 0.00036452
4666 4190 0.00036452
6469 4190 0.00036452
4189 4191 0.0043092
4190 4191 0.0043092
5918 4191 0.0043092
4192 4193 0.00021589
5919 4193 0.00021589
5980 4193 0.00021589
4169 4195 0.00021881
4193 4195 0.00021881
4194 4195 0.00021881
5771 4198 0.00012331
5881 4198 0.00012331
7116 4199 0.00094968
2338 4200 0.0072974
2341 4200 0.0072974
4198 4200 0.0072974
4223 4224 0.01288
6896 4224 0.01288
7081 4224 0.01288
4228 4227 0.012232
4229 4227 0.012232
6893 4227 0.012232
4227 4228 0.0031681
5937 4228 0.0031681
7073 4228 0.0031681
4228 4230 0.0038175
4229 4230 0.0038175
6893 4230 0.0038175
4027 4407 0.00034968
4408 4407 0.00034968
4412 4407 0.00034968
2446 4408 0.00034968
4407 4408 0.00034968
4410 4408 0.00034968
4023 4410 0.00032389
4409 4410 0.00032389
4027 4411 0.0010386
4408 4411 0.0010386
4412 4411 0.0010386
4026 4412 0.68744
4411 4412 0.68744
5866 4412 0.68744
4066 4414 0.00012484
4413 4414 0.00012484
2646 4664 0.00034809
5774 4664 0.00034809
5775 4664 0.00034809
4191 4665 0.00011858
4666 4665 0.00011858
6469 4665 0.00011858
4664 4666 0.00032185
4665 4666 0.00032185
1537 4709 0.18757
4710 4709 0.18757
2368 5233 0.00098946
3627 5233 0.00098946
5234 5233 0.00098946
6541 5233 0.00098946
558 5769 0.00043497
5766 5769 0.00043497
6474 5769 0.00043497
1779 5770 0.011025
3663 5770 0.011025
5769 5770 0.011025
4664 5771 0.00014482
4665 5771 0.00014482
6467 5772 0.17144
5776 5775 0.00035242
6468 5775 0.00035242
4026 5865 0.0033141
4411 5865 0.0033141
5866 5865 0.0033141
4036 5866 0.49927
5865 5866 0.49927
5868 5866 0.49927
4036 5867 0.011391
5865 5867 0.011391
5868 5867 0.011391
5867 5868 0.17922
5870 5868 0.17922
5871 5868 0.17922
5874 5868 0.17922
5867 5869 0.019146
5870 5869 0.019146
5871 5869 0.019146
5874 5869 0.019146
4048 5870 0.15986
4049 5870 0.15986
5869 5870 0.15986
5998 5870 0.15986
3621 5871 0.19238
3624 5871 0.19238
5872 5871 0.19238
5867 5872 0.02191
5870 5872 0.02191
5871 5872 0.02191
5874 5872 0.02191
5867 5873 0.16086
5870 5873 0.16086
5871 5873 0.16086
5874 5873 0.16086
4022 5874 0.017498
4025 5874 0.017498
5873 5874 0.017498
5996 5874 0.017498
4181 5886 0.0003185
4182 5886 0.0003185
5885 5886 0.0003185
5888 5886 0.0003185
5795 5888 0.00016847
5887 5888 0.00016847
5890 5888 0.00016847
4163 5890 0.00015346
4164 5890 0.00015346
5889 5890 0.00015346
5892 5890 0.00015346
4189 5917 0.00022021
4190 5917 0.00022021
5918 5917 0.00022021
5917 5918 0.0039017
5920 5918 0.0039017
5978 5918 0.0039017
5917 5919 0.00051107
5920 5919 0.00051107
5978 5919 0.00051107
4192 5920 0.00014489
5919 5920 0.00014489
5980 5920 0.00014489
5921 5922 0.00024872
5924 5922 0.00024872
5973 5922 0.00024872
4167 5924 0.00025192
4168 5924 0.00025192
5923 5924 0.00025192
5926 5924 0.00025192
5925 5926 0.00030183
5976 5926 0.00030183
5979 5926 0.00030183
5927 5928 0.00012944
5930 5928 0.00012944
5974 5928 0.00012944
4165 5930 0.0001242
4166 5930 0.0001242
5929 5930 0.0001242
5972 5930 0.0001242
4227 5936 0.81034
5937 5936 0.81034
7073 5936 0.81034
4154 5939 0.81416
5938 5939 0.81416
2331 5972 0.00015994
4196 5972 0.00015994
5971 5972 0.00015994
7256 5972 0.00015994
5925 5975 0.00030428
5976 5975 0.00030428
5979 5975 0.00030428
2330 5976 0.000359
2333 5976 0.000359
5975 5976 0.000359
5917 5977 0.00026363
5920 5977 0.00026363
5978 5977 0.00026363
2334 5978 0.0043113
2337 5978 0.0043113
5977 5978 0.0043113
7152 5978 0.0043113
4192 5979 0.00034679
5919 5979 0.00034679
5980 5979 0.00034679
5925 5980 0.00016169
5976 5980 0.00016169
5979 5980 0.00016169
1793 5989 0.00019216
1802 5989 0.00019216
5990 5989 0.00019216
1786 5990 0.00013788
1787 5990 0.00013788
5989 5990 0.00013788
4022 5995 0.11464
4025 5995 0.11464
5873 5995 0.11464
5996 5995 0.11464
4030 5996 0.01321
4092 5996 0.01321
4566 5996 0.01321
5995 5996 0.01321
4048 5997 0.030221
4049 5997 0.030221
5869 5997 0.030221
5998 5997 0.030221
4089 5998 0.0004501
5997 5998 0.0004501
2749 6465 0.00039936
4599 6465 0.00039936
6467 6466 0.014436
2642 6467 0.18588
2643 6467 0.18588
4191 6468 0.18585
4666 6468 0.18585
6469 6468 0.18585
2336 6469 0.1817
2339 6469 0.1817
4709 6469 0.1817
5776 6716 0.18552
6468 6716 0.18552
4224 6893 0.01288
4225 6893 0.01288
6894 6893 0.01288
6895 6896 0.010342
7017 6896 0.010342
7084 6896 0.010342
7016 7017 0.0094155
7019 7017 0.0094155
7026 7017 0.0094155
7016 7018 0.0025967
7019 7018 0.0025967
7026 7018 0.0025967
7021 7020 0.31558
7023 7020 0.31558
7025 7020 0.31558
7036 7020 0.31558
7020 7021 0.21119
7032 7021 0.21119
7035 7021 0.21119
7021 7022 0.31156
7023 7022 0.31156
7025 7022 0.31156
7036 7022 0.31156
7022 7023 0.10576
7029 7023 0.10576
7031 7023 0.10576
7033 7023 0.10576
7021 7024 0.53976
7023 7024 0.53976
7025 7024 0.53976
7036 7024 0.53976
7024 7025 0.12849
7027 7025 0.12849
7077 7025 0.12849
7080 7025 0.12849
7024 7026 0.011964
7027 7026 0.011964
7077 7026 0.011964
7080 7026 0.011964
7022 7030 0.035105
7029 7030 0.035105
7031 7030 0.035105
7033 7030 0.035105
1230 7031 0.25155
7030 7031 0.25155
7078 7031 0.25155
7022 7032 0.44517
7029 7032 0.44517
7031 7032 0.44517
7033 7032 0.44517
7020 7033 0.022933
7032 7033 0.022933
7035 7033 0.022933
7020 7034 1.5366
7032 7034 1.5366
7035 7034 1.5366
7034 7035 0.0099499
7037 7035 0.0099499
7039 7035 0.0099499
7034 7036 0.80231
7037 7036 0.80231
7039 7036 0.80231
7021 7037 0.080849
7023 7037 0.080849
7025 7037 0.080849
7036 7037 0.080849
7034 7038 0.80974
7037 7038 0.80974
7039 7038 0.80974
7038 7039 0.004566
7041 7039 0.004566
7043 7039 0.004566
7038 7040 0.80247
7041 7040 0.80247
7043 7040 0.80247
1227 7041 0.0047418
7040 7041 0.0047418
7075 7041 0.0047418
7079 7041 0.0047418
7038 7042 0.0074673
7041 7042 0.0074673
7043 7042 0.0074673
7042 7044 0.0074673
7045 7044 0.0074673
7044 7046 0.0074673
7047 7046 0.0074673
7046 7048 0.0074673
7049 7048 0.0074673
7048 7050 0.0074673
7051 7050 0.0074673
7050 7052 0.0074673
7053 7052 0.0074673
7052 7054 0.0074673
7055 7054 0.0074673
2342 7073 0.80133
7057 7073 0.80133
7074 7073 0.80133
1653 7075 0.00056227
7054 7075 0.00056227
7076 7075 0.00056227
1227 7076 0.79997
7040 7076 0.79997
7075 7076 0.79997
7079 7076 0.79997
1230 7077 0.035105
7030 7077 0.035105
7078 7077 0.035105
7024 7078 0.25155
7027 7078 0.25155
7077 7078 0.25155
7080 7078 0.25155
7024 7079 0.38427
7027 7079 0.38427
7077 7079 0.38427
7080 7079 0.38427
1227 7080 0.20139
7040 7080 0.20139
7075 7080 0.20139
7079 7080 0.20139
4811 7081 0.0025967
7018 7081 0.0025967
7082 7081 0.0025967
3790 7084 0.00093688
3794 7084 0.00093688
7083 7084 0.00093688
7117 7116 0.00094968
1226 7117 0.00094968
1536 7117 0.00094968
4200 7117 0.00094968
3623 7128 0.014223
7129 7128 0.014223
3626 7129 0.32686
4050 7129 0.32686
4051 7129 0.32686
7128 7129 0.32686
5936 7132 0.81034
7133 7132 0.81034
1878 7209 0.81416
2321 7209 0.81416
7208 7209 0.81416
3615 7262 0.18243
7263 7262 0.18243
1876 7271 0.81416
2319 7271 0.81416
7270 7271 0.81416
