428 427 0.68094
429 427 0.68094
3089 427 0.68094
5680 427 0.68094
427 428 0.0025156
431 428 0.0025156
3097 428 0.0025156
2279 431 0.31618
5674 431 0.31618
7273 431 0.31618
427 432 0.99909
431 432 0.99909
3097 432 0.99909
6878 434 0.013282
434 1126 0.013326
5089 1126 0.013326
432 1127 0.0063562
5692 1127 0.0063562
1572 1573 0.00027401
7223 1573 0.00027401
1574 1575 0.00027401
1577 1575 0.00027401
6571 1575 0.00027401
1576 1577 0.00027211
7149 1577 0.00027211
1126 2279 0.013323
3085 3086 0.013415
3088 3086 0.013415
5398 3086 0.013415
3085 3087 0.98777
3088 3087 0.98777
5398 3087 0.98777
3090 3089 0.68787
5675 3089 0.68787
5676 3089 0.68787
7150 3089 0.68787
428 3090 0.0024502
429 3090 0.0024502
3089 3090 0.0024502
5680 3090 0.0024502
1570 3091 0.00027532
1573 3091 0.00027532
3092 3091 0.00027532
1127 3096 0.00030423
3095 3096 0.00030423
3098 3096 0.00030423
1127 3097 0.0059195
3095 3097 0.0059195
3098 3097 0.0059195
427 3098 0.0014315
431 3098 0.0014315
3097 3098 0.0014315
3103 3105 0.00013927
3106 3105 0.00013927
5965 3105 0.00013927
3105 5398 1.0011
5399 5398 1.0011
5963 5398 1.0011
5666 5662 0.013282
5667 5662 0.013282
3086 5667 0.013286
5668 5667 0.013286
5964 5667 0.013286
3090 5674 0.30155
5675 5674 0.30155
5676 5674 0.30155
7150 5674 0.30155
2279 5675 0.0002547
5674 5675 0.0002547
7273 5675 0.0002547
5677 5676 0.00010744
5678 5676 0.00010744
5962 5676 0.00010744
3090 5677 0.0011643
5675 5677 0.0011643
5676 5677 0.0011643
7150 5677 0.0011643
3094 5680 0.0016609
5681 5680 0.0016609
5683 5680 0.0016609
428 5681 0.0086562
429 5681 0.0086562
3089 5681 0.0086562
5680 5681 0.0086562
3094 5682 0.008656
5681 5682 0.008656
5683 5682 0.008656
1975 5683 0.0016609
3091 5683 0.0016609
5682 5683 0.0016609
5693 5683 0.0016609
1975 5692 0.0089168
3091 5692 0.0089168
5682 5692 0.0089168
5693 5692 0.0089168
432 5693 0.0016509
5692 5693 0.0016509
5677 5963 0.0011502
5678 5963 0.0011502
5962 5963 0.0011502
3086 5965 0.00014084
5668 5965 0.00014084
5964 5965 0.00014084
5662 6878 0.013282
5664 6878 0.013282
416 7149 0.00027211
3096 7149 0.00027211
7148 7149 0.00027211
3087 7150 0.98777
7151 7150 0.98777
7222 7223 0.00027401
7225 7223 0.00027401
408 7225 0.00027401
1575 7225 0.00027401
7224 7225 0.00027401
7272 7273 0.0015905
7274 7273 0.0015905
1127 7274 0.0015976
3095 7274 0.0015976
3098 7274 0.0015976
