548 547 0.017621
6226 547 0.017621
6227 547 0.017621
6230 547 0.017621
547 548 0.22459
2073 548 0.22459
7094 548 0.22459
568 567 0.00022447
4174 567 0.00022447
6435 567 0.00022447
942 943 0.014895
945 943 0.014895
5898 943 0.014895
7252 943 0.014895
942 944 0.0044308
945 944 0.0044308
5898 944 0.0044308
7252 944 0.0044308
944 945 0.13262
947 945 0.13262
4210 945 0.13262
946 947 0.19525
6707 947 0.19525
948 950 0.032541
951 950 0.032541
6355 950 0.032541
950 951 0.0040711
6352 951 0.0040711
6353 951 0.0040711
6356 951 0.0040711
995 994 0.048933
6359 994 0.048933
6360 994 0.048933
994 995 0.046679
997 995 0.046679
2076 995 0.046679
2077 995 0.046679
994 996 0.054695
997 996 0.054695
2076 996 0.054695
2077 996 0.054695
996 997 0.017949
3119 997 0.017949
4790 997 0.017949
6237 997 0.017949
1466 1117 0.0093689
2325 1117 0.0093689
1227 1226 0.0078836
7040 1226 0.0078836
7075 1226 0.0078836
7079 1226 0.0078836
1226 1227 0.020039
1536 1227 0.020039
4200 1227 0.020039
1233 1232 0.0067264
5580 1232 0.0067264
5582 1232 0.0067264
567 1466 0.00024716
1467 1466 0.00024716
1117 1468 0.0067465
2345 1468 0.0067465
1226 1537 0.02362
1536 1537 0.02362
4200 1537 0.02362
1654 1653 0.0040099
2340 1653 0.0040099
2343 1653 0.0040099
1653 1654 0.015836
7054 1654 0.015836
7076 1654 0.015836
1656 1655 0.02232
5746 1655 0.02232
5748 1655 0.02232
1655 1656 0.00012812
5745 1656 0.00012812
5901 1656 0.00012812
5904 1656 0.00012812
1657 1658 0.014895
4219 1658 0.014895
4817 1658 0.014895
2072 2071 0.012596
2074 2071 0.012596
2075 2071 0.012596
3906 2071 0.012596
2071 2072 0.070884
6238 2072 0.070884
6239 2072 0.070884
2072 2073 0.016158
2074 2073 0.016158
2075 2073 0.016158
3906 2073 0.016158
547 2074 0.516
2073 2074 0.516
7094 2074 0.516
994 2075 0.051167
997 2075 0.051167
2076 2075 0.051167
2077 2075 0.051167
2072 2076 0.096665
2074 2076 0.096665
2075 2076 0.096665
3906 2076 0.096665
2078 2077 0.014389
2358 2077 0.014389
2361 2077 0.014389
6371 2077 0.014389
994 2078 0.025394
997 2078 0.025394
2076 2078 0.025394
2077 2078 0.025394
2324 2325 0.0091312
7131 2325 0.0091312
2327 2326 0.0035747
4708 2326 0.0035747
5968 2326 0.0035747
2326 2327 0.0090418
7259 2327 0.0090418
2329 2328 0.00024799
5896 2328 0.00024799
7254 2328 0.00024799
7258 2328 0.00024799
2328 2329 0.60239
7257 2329 0.60239
2331 2330 0.00040357
4196 2330 0.00040357
5971 2330 0.00040357
7256 2330 0.00040357
2330 2331 0.60889
2333 2331 0.60889
5975 2331 0.60889
2330 2332 0.0011192
2333 2332 0.0011192
5975 2332 0.0011192
2332 2333 0.60664
2335 2333 0.60664
4216 2333 0.60664
2332 2334 0.0003461
2335 2334 0.0003461
4216 2334 0.0003461
2334 2335 0.71546
2337 2335 0.71546
5977 2335 0.71546
7152 2335 0.71546
2336 2337 0.82303
2339 2337 0.82303
4709 2337 0.82303
2336 2338 0.00013654
2339 2338 0.00013654
4709 2338 0.00013654
2338 2339 0.80241
2341 2339 0.80241
4198 2339 0.80241
2338 2340 0.0045531
2341 2340 0.0045531
4198 2340 0.0045531
1654 2341 0.015835
2340 2341 0.015835
2343 2341 0.015835
1654 2342 0.00055474
2340 2342 0.00055474
2343 2342 0.00055474
1117 2344 0.0027261
2345 2344 0.0027261
2344 2345 0.00010372
2347 2345 0.00010372
5906 2345 0.00010372
2344 2346 0.0027563
2347 2346 0.0027563
5906 2346 0.0027563
2349 2348 0.0036218
5903 2348 0.0036218
5986 2348 0.0036218
7105 2348 0.0036218
2348 2349 0.12268
5239 2349 0.12268
5739 2349 0.12268
2351 2350 0.0025216
4656 2350 0.0025216
7014 2350 0.0025216
7087 2350 0.0025216
2350 2351 0.00012887
5671 2351 0.00012887
5836 2351 0.00012887
2352 2353 0.00034889
2355 2353 0.00034889
5269 2353 0.00034889
2352 2354 0.0089555
2355 2354 0.0089555
5269 2354 0.0089555
2354 2355 0.00024144
2357 2355 0.00024144
2354 2356 0.00035556
2357 2356 0.00035556
2356 2357 0.017789
2359 2357 0.017789
6362 2357 0.017789
7160 2357 0.017789
2356 2358 0.014203
2359 2358 0.014203
6362 2358 0.014203
7160 2358 0.014203
2078 2359 0.010034
2358 2359 0.010034
2361 2359 0.010034
6371 2359 0.010034
2078 2360 0.020016
2358 2360 0.020016
2361 2360 0.020016
6371 2360 0.020016
2360 2361 0.0046796
2363 2361 0.0046796
3120 2361 0.0046796
2360 2362 0.0026865
2363 2362 0.0026865
3120 2362 0.0026865
2362 2363 0.0035828
2365 2363 0.0035828
6395 2363 0.0035828
2362 2364 0.0026547
2365 2364 0.0026547
6395 2364 0.0026547
2364 2365 0.0029337
2367 2365 0.0029337
6366 2365 0.0029337
6367 2365 0.0029337
2364 2366 0.00011814
2367 2366 0.00011814
6366 2366 0.00011814
6367 2366 0.00011814
2366 2367 0.0055872
7006 2367 0.0055872
7086 2367 0.0055872
2752 2753 0.0067267
7251 2753 0.0067267
2360 3119 0.02013
2363 3119 0.02013
3120 3119 0.02013
996 3120 0.0038977
3119 3120 0.0038977
4790 3120 0.0038977
6237 3120 0.0038977
3122 3121 0.00034026
5270 3121 0.00034026
6233 3121 0.00034026
3121 3122 0.00032802
3328 3122 0.00032802
3329 3122 0.00032802
3140 3139 0.00074555
6372 3139 0.00074555
6373 3139 0.00074555
6407 3139 0.00074555
3139 3140 0.0004523
3910 3140 0.0004523
6112 3140 0.0004523
3141 3143 0.00026903
3144 3143 0.00026903
4787 3143 0.00026903
3143 3145 0.00041692
3146 3145 0.00041692
6374 3145 0.00041692
6375 3145 0.00041692
3145 3147 0.00021579
3148 3147 0.00021579
3911 3147 0.00021579
6109 3147 0.00021579
3317 3316 0.0020685
5238 3316 0.0020685
7089 3316 0.0020685
3316 3317 0.0030548
7005 3317 0.0030548
7008 3317 0.0030548
7088 3317 0.0030548
3319 3318 0.029593
5985 3318 0.029593
7093 3318 0.029593
7095 3318 0.029593
3318 3319 0.077148
6983 3319 0.077148
7092 3319 0.077148
3321 3320 0.0023698
3322 3320 0.0023698
7097 3320 0.0023698
3320 3321 0.13495
6977 3321 0.13495
7096 3321 0.13495
3323 3322 0.0016617
3324 3322 0.0016617
7103 3322 0.0016617
3321 3323 0.057383
3322 3323 0.057383
7097 3323 0.057383
3325 3324 0.00051684
3326 3324 0.00051684
7099 3324 0.00051684
3323 3325 0.059112
3324 3325 0.059112
7103 3325 0.059112
2753 3326 0.00028478
3327 3326 0.00028478
5237 3326 0.00028478
3325 3327 0.048584
3326 3327 0.048584
7099 3327 0.048584
2353 3328 0.00037439
3337 3328 0.00037439
3332 3331 0.00051585
3334 3331 0.00051585
3331 3332 0.0021304
5827 3332 0.0021304
5829 3332 0.0021304
3332 3333 0.0021304
3334 3333 0.0021304
3333 3334 0.00051585
3336 3334 0.00051585
6225 3334 0.00051585
3333 3335 0.0046987
3336 3335 0.0046987
6225 3335 0.0046987
3335 3336 0.010506
5823 3336 0.010506
5831 3336 0.010506
6967 3336 0.010506
4199 3791 0.17333
5395 3791 0.17333
5396 3792 0.1742
5397 3792 0.1742
3791 3793 0.058667
3793 3794 0.0048639
5993 3794 0.0048639
7115 3794 0.0048639
3790 3795 0.0057377
3794 3795 0.0057377
7083 3795 0.0057377
3907 3906 0.017348
4019 3906 0.017348
6228 3906 0.017348
6358 3906 0.017348
2072 3907 0.52998
2074 3907 0.52998
2075 3907 0.52998
3906 3907 0.52998
3145 3910 0.00028107
3148 3910 0.00028107
3911 3910 0.00028107
6109 3910 0.00028107
3139 3911 0.00011655
3910 3911 0.00011655
6112 3911 0.00011655
4020 4019 0.00041914
6232 4019 0.00041914
6351 4019 0.00041914
3907 4020 0.91551
4019 4020 0.91551
6228 4020 0.91551
6358 4020 0.91551
4163 4162 0.002998
4164 4162 0.002998
5889 4162 0.002998
5892 4162 0.002998
4162 4163 0.00090312
4171 4163 0.00090312
5793 4163 0.00090312
4165 4164 0.025459
4166 4164 0.025459
5929 4164 0.025459
5972 4164 0.025459
4163 4165 0.00050171
4164 4165 0.00050171
5889 4165 0.00050171
5892 4165 0.00050171
4167 4166 0.017122
4168 4166 0.017122
5923 4166 0.017122
5926 4166 0.017122
4165 4167 0.00096679
4166 4167 0.00096679
5929 4167 0.00096679
5972 4167 0.00096679
4169 4168 0.0053554
4193 4168 0.0053554
4194 4168 0.0053554
4167 4169 0.00025585
4168 4169 0.00025585
5923 4169 0.00025585
5926 4169 0.00025585
4162 4170 0.0033007
4171 4170 0.0033007
5793 4170 0.0033007
4170 4171 0.00017702
4173 4171 0.00017702
5933 4171 0.00017702
4170 4172 0.00045647
4173 4172 0.00045647
5933 4172 0.00045647
4175 4174 0.00020448
4176 4174 0.00020448
5784 4174 0.00020448
5785 4174 0.00020448
4177 4176 0.00024311
4178 4176 0.00024311
5970 4176 0.00024311
4179 4178 0.00018434
4180 4178 0.00018434
4181 4180 0.0008941
4182 4180 0.0008941
5885 4180 0.0008941
5888 4180 0.0008941
4183 4182 0.0035703
4184 4182 0.0035703
5928 4182 0.0035703
4185 4184 0.0036499
4186 4184 0.0036499
5922 4184 0.0036499
4187 4186 0.0032172
4188 4186 0.0032172
4195 4186 0.0032172
4189 4188 0.0031983
4190 4188 0.0031983
5918 4188 0.0031983
4191 4190 0.0028181
4666 4190 0.0028181
6469 4190 0.0028181
4169 4192 0.00017757
4193 4192 0.00017757
4194 4192 0.00017757
4192 4193 0.0052804
5919 4193 0.0052804
5980 4193 0.0052804
4187 4194 0.00054385
4188 4194 0.00054385
4195 4194 0.00054385
4169 4195 0.00054717
4193 4195 0.00054717
4194 4195 0.00054717
5771 4198 1
5881 4198 1
7116 4199 0.17328
2338 4200 0.20905
2341 4200 0.20905
4198 4200 0.20905
4204 4205 0.016207
4206 4205 0.016207
4207 4205 0.016207
4211 4205 0.016207
4205 4206 0.0022431
5741 4206 0.0022431
5742 4206 0.0022431
4201 4207 0.022194
4208 4207 0.022194
4209 4207 0.022194
5909 4207 0.022194
4204 4208 0.0017461
4206 4208 0.0017461
4207 4208 0.0017461
4211 4208 0.0017461
944 4209 0.068559
947 4209 0.068559
4210 4209 0.068559
4201 4210 0.0015548
4208 4210 0.0015548
4209 4210 0.0015548
5909 4210 0.0015548
4212 4211 0.00054739
4214 4211 0.00054739
4204 4212 0.0070313
4206 4212 0.0070313
4207 4212 0.0070313
4211 4212 0.0070313
4212 4213 0.0070313
4214 4213 0.0070313
4213 4214 0.00054739
5743 4214 0.00054739
5744 4214 0.00054739
2332 4215 0.11046
2335 4215 0.11046
4216 4215 0.11046
4215 4216 0.00086889
6725 4216 0.00086889
4218 4217 0.0013997
6706 4217 0.0013997
6724 4217 0.0013997
4217 4218 0.087002
6727 4218 0.087002
4220 4219 0.014895
4222 4219 0.014895
943 4222 0.014895
4221 4222 0.014895
4815 4222 0.014895
4224 4223 0.0005509
4225 4223 0.0005509
6894 4223 0.0005509
4227 4228 0.00055304
5937 4228 0.00055304
7073 4228 0.00055304
4657 4656 0.0065631
5663 4656 0.0065631
5665 4656 0.0065631
6736 4658 0.0066062
2327 4707 0.0086213
4708 4707 0.0086213
5968 4707 0.0086213
3189 4708 0.00076509
4707 4708 0.00076509
5981 4708 0.00076509
7130 4708 0.00076509
1537 4709 0.023623
4710 4709 0.023623
4788 4787 0.00023465
6408 4787 0.00023465
6409 4787 0.00023465
996 4789 0.0088829
3119 4789 0.0088829
4790 4789 0.0088829
6237 4789 0.0088829
4789 4790 0.0051015
6240 4790 0.0051015
6365 4790 0.0051015
4659 5064 0.16765
5065 5064 0.16765
3792 5065 0.1676
3121 5237 0.00038663
3328 5237 0.00038663
3329 5237 0.00038663
2348 5238 0.049677
5239 5238 0.049677
5739 5238 0.049677
3317 5239 0.0031077
5238 5239 0.0031077
7089 5239 0.0031077
5064 5241 0.16759
5240 5241 0.16759
3122 5269 0.0091001
5270 5269 0.0091001
6233 5269 0.0091001
2753 5270 0.055413
3327 5270 0.055413
5237 5270 0.055413
3791 5396 0.11466
3793 5397 0.059541
5993 5397 0.059541
7115 5397 0.059541
3898 5580 0.0067199
5581 5580 0.0067199
5935 5580 0.0067199
4658 5663 0.0065635
2350 5670 0.0024825
5671 5670 0.0024825
5836 5670 0.0024825
5670 5671 0.000134
6385 5671 0.000134
7085 5671 0.000134
2348 5738 0.00028637
5239 5738 0.00028637
5739 5738 0.00028637
5241 5739 0.16592
5738 5739 0.16592
7218 5739 0.16592
4205 5740 0.0014233
5741 5740 0.0014233
5742 5740 0.0014233
5740 5741 0.0033843
7219 5741 0.0033843
4213 5742 0.002472
5743 5742 0.002472
5744 5742 0.002472
4205 5743 0.018397
5741 5743 0.018397
5742 5743 0.018397
1655 5744 0.0026956
5745 5744 0.0026956
5901 5744 0.0026956
5904 5744 0.0026956
4213 5745 0.025105
5743 5745 0.025105
5744 5745 0.025105
1658 5746 0.02232
5747 5746 0.02232
5907 5746 0.02232
5984 5746 0.02232
1656 5747 0.00012812
5746 5747 0.00012812
5748 5747 0.00012812
5783 5787 0.00038315
5788 5787 0.00038315
5796 5787 0.00038315
5790 5789 0.0011858
5791 5789 0.0011858
5932 5789 0.0011858
5969 5789 0.0011858
5789 5790 0.00023372
5911 5790 0.00023372
5913 5790 0.00023372
5982 5790 0.00023372
5792 5791 0.0024205
5891 5791 0.0024205
5894 5791 0.0024205
5790 5792 0.0018379
5791 5792 0.0018379
5932 5792 0.0018379
5969 5792 0.0018379
5794 5793 0.0010288
5931 5793 0.0010288
5795 5794 0.00060517
5887 5794 0.00060517
5890 5794 0.00060517
5794 5795 0.00030115
5931 5795 0.00030115
4172 5796 0.00038653
5797 5796 0.00038653
5783 5797 0.00010524
5788 5797 0.00010524
5796 5797 0.00010524
3335 5822 0.011299
5823 5822 0.011299
5831 5822 0.011299
6967 5822 0.011299
5822 5823 0.013025
6963 5823 0.013025
7102 5823 0.013025
7104 5823 0.013025
5825 5824 0.0023092
5826 5824 0.0023092
5830 5824 0.0023092
5824 5825 0.012426
6964 5825 0.012426
7100 5825 0.012426
3331 5826 0.00051585
5827 5826 0.00051585
5829 5826 0.00051585
5825 5827 0.0021304
5826 5827 0.0021304
5830 5827 0.0021304
3335 5830 0.0031248
5823 5830 0.0031248
5831 5830 0.0031248
6967 5830 0.0031248
5825 5831 0.011628
5826 5831 0.011628
5830 5831 0.011628
5879 5881 1
5882 5881 1
4181 5887 0.0029433
4182 5887 0.0029433
5885 5887 0.0029433
5888 5887 0.0029433
5795 5888 0.00028993
5887 5888 0.00028993
5890 5888 0.00028993
5795 5889 0.0030888
5887 5889 0.0030888
5890 5889 0.0030888
4163 5890 0.00073941
4164 5890 0.00073941
5889 5890 0.00073941
5892 5890 0.00073941
4163 5891 0.026076
4164 5891 0.026076
5889 5891 0.026076
5892 5891 0.026076
5792 5892 0.00086412
5891 5892 0.00086412
5894 5892 0.00086412
5792 5893 0.026728
5891 5893 0.026728
5894 5893 0.026728
5893 5894 0.002099
7255 5894 0.002099
2329 5895 0.62136
5896 5895 0.62136
7254 5895 0.62136
7258 5895 0.62136
942 5897 0.73486
945 5897 0.73486
5898 5897 0.73486
7252 5897 0.73486
5897 5898 0.00016493
5900 5898 0.00016493
5983 5898 0.00016493
5897 5899 0.72683
5900 5899 0.72683
5983 5899 0.72683
5899 5900 0.00059901
5902 5900 0.00059901
5910 5900 0.00059901
5899 5901 0.77301
5902 5901 0.77301
5910 5901 0.77301
1655 5902 0.00022374
5745 5902 0.00022374
5901 5902 0.00022374
5904 5902 0.00022374
1655 5903 0.81743
5745 5903 0.81743
5901 5903 0.81743
5904 5903 0.81743
2344 5905 0.00051531
2347 5905 0.00051531
5906 5905 0.00051531
5905 5906 0.00063642
6955 5906 0.00063642
7110 5906 0.00063642
719 5907 0.00026717
5908 5907 0.00026717
7109 5907 0.00026717
1658 5908 0.0013431
5747 5908 0.0013431
5907 5908 0.0013431
5984 5908 0.0013431
5899 5909 0.0028619
5902 5909 0.0028619
5910 5909 0.0028619
4201 5910 0.049418
4208 5910 0.049418
4209 5910 0.049418
5909 5910 0.049418
5787 5913 0.00038315
5914 5913 0.00038315
5915 5913 0.00038315
4189 5917 0.00065407
4190 5917 0.00065407
5918 5917 0.00065407
5917 5918 0.0010347
5920 5918 0.0010347
5978 5918 0.0010347
5917 5919 0.022137
5920 5919 0.022137
5978 5919 0.022137
4192 5920 0.0002209
5919 5920 0.0002209
5980 5920 0.0002209
4185 5921 0.00119
4186 5921 0.00119
5922 5921 0.00119
5921 5922 0.0015962
5924 5922 0.0015962
5973 5922 0.0015962
5921 5923 0.0010415
5924 5923 0.0010415
5973 5923 0.0010415
4167 5924 0.0038343
4168 5924 0.0038343
5923 5924 0.0038343
5926 5924 0.0038343
4167 5925 0.00161
4168 5925 0.00161
5923 5925 0.00161
5926 5925 0.00161
5925 5926 0.015458
5976 5926 0.015458
5979 5926 0.015458
4183 5927 0.0016076
4184 5927 0.0016076
5928 5927 0.0016076
5927 5928 0.0015317
5930 5928 0.0015317
5974 5928 0.0015317
5927 5929 0.003895
5930 5929 0.003895
5974 5929 0.003895
4165 5930 0.0014325
4166 5930 0.0014325
5929 5930 0.0014325
5972 5930 0.0014325
4179 5931 0.0007248
4180 5931 0.0007248
4170 5932 0.0029927
4173 5932 0.0029927
5933 5932 0.0029927
5790 5933 0.00023412
5791 5933 0.00023412
5932 5933 0.00023412
5969 5933 0.00023412
1468 5935 0.0067237
5934 5935 0.0067237
5956 5957 0.00013162
6386 5957 0.00013162
6387 5957 0.00013162
5790 5968 0.003331
5791 5968 0.003331
5932 5968 0.003331
5969 5968 0.003331
2327 5969 0.00094192
4708 5969 0.00094192
5968 5969 0.00094192
4165 5971 0.0068125
4166 5971 0.0068125
5929 5971 0.0068125
5972 5971 0.0068125
2331 5972 0.013152
4196 5972 0.013152
5971 5972 0.013152
7256 5972 0.013152
5927 5973 0.0004769
5930 5973 0.0004769
5974 5973 0.0004769
5921 5974 0.0028635
5924 5974 0.0028635
5973 5974 0.0028635
5925 5975 0.015848
5976 5975 0.015848
5979 5975 0.015848
2330 5976 0.012883
2333 5976 0.012883
5975 5976 0.012883
5917 5977 0.00068496
5920 5977 0.00068496
5978 5977 0.00068496
2334 5978 0.022982
2337 5978 0.022982
5977 5978 0.022982
7152 5978 0.022982
4192 5979 0.01815
5919 5979 0.01815
5980 5979 0.01815
5925 5980 0.0013371
5976 5980 0.0013371
5979 5980 0.0013371
5789 5981 0.0014118
5911 5981 0.0014118
5913 5981 0.0014118
5982 5981 0.0014118
3189 5982 0.0001463
4707 5982 0.0001463
5981 5982 0.0001463
7130 5982 0.0001463
1658 5983 0.0059071
5747 5983 0.0059071
5907 5983 0.0059071
5984 5983 0.0059071
5897 5984 0.014375
5900 5984 0.014375
5983 5984 0.014375
2349 5985 0.94018
5903 5985 0.94018
5986 5985 0.94018
7105 5985 0.94018
3139 6111 0.00069539
3910 6111 0.00069539
6112 6111 0.00069539
6111 6112 0.00023762
6396 6112 0.00023762
6397 6112 0.00023762
6406 6112 0.00023762
548 6225 0.0044318
6226 6225 0.0044318
6227 6225 0.0044318
6230 6225 0.0044318
3333 6226 0.011854
3336 6226 0.011854
6225 6226 0.011854
3907 6227 0.0020187
4019 6227 0.0020187
6228 6227 0.0020187
6358 6227 0.0020187
548 6228 0.44158
6226 6228 0.44158
6227 6228 0.44158
6230 6228 0.44158
548 6229 0.006961
6226 6229 0.006961
6227 6229 0.006961
6230 6229 0.006961
6229 6230 0.23213
6979 6230 0.23213
7063 6230 0.23213
4020 6231 0.033068
6232 6231 0.033068
6351 6231 0.033068
6231 6232 0.050899
6234 6232 0.050899
6354 6232 0.050899
6231 6233 0.003315
6234 6233 0.003315
6354 6233 0.003315
3122 6234 0.049615
5270 6234 0.049615
6233 6234 0.049615
2071 6237 0.010832
6238 6237 0.010832
6239 6237 0.010832
996 6238 0.060029
3119 6238 0.060029
4790 6238 0.060029
6237 6238 0.060029
4789 6239 0.012164
6240 6239 0.012164
6365 6239 0.012164
2071 6240 0.003073
6238 6240 0.003073
6239 6240 0.003073
950 6351 0.079462
6352 6351 0.079462
6353 6351 0.079462
6356 6351 0.079462
4020 6352 0.012385
6232 6352 0.012385
6351 6352 0.012385
2354 6353 0.026148
2357 6353 0.026148
948 6354 0.0040711
951 6354 0.0040711
6355 6354 0.0040711
6231 6355 0.032541
6234 6355 0.032541
6354 6355 0.032541
6357 6356 0.027173
6361 6356 0.027173
950 6357 0.014714
6352 6357 0.014714
6353 6357 0.014714
6356 6357 0.014714
995 6358 0.046107
6359 6358 0.046107
6360 6358 0.046107
3907 6359 0.083209
4019 6359 0.083209
6228 6359 0.083209
6358 6359 0.083209
6357 6360 0.013639
6361 6360 0.013639
995 6361 0.048488
6359 6361 0.048488
6360 6361 0.048488
6357 6362 0.02239
6361 6362 0.02239
6364 6363 0.00016429
6410 6363 0.00016429
6411 6363 0.00016429
6363 6364 0.00095128
6943 6364 0.00095128
7165 6364 0.00095128
2364 6365 0.0057073
2367 6365 0.0057073
6366 6365 0.0057073
6367 6365 0.0057073
4789 6366 0.00039755
6240 6366 0.00039755
6365 6366 0.00039755
3117 6367 0.00023576
5957 6367 0.00023576
6368 6367 0.00023576
6369 6367 0.00023576
2364 6368 0.00011608
2367 6368 0.00011608
6366 6368 0.00011608
6367 6368 0.00011608
3140 6371 0.0015716
6372 6371 0.0015716
6373 6371 0.0015716
6407 6371 0.0015716
2078 6372 0.0014092
2358 6372 0.0014092
2361 6372 0.0014092
6371 6372 0.0014092
3143 6373 0.00033442
3146 6373 0.00033442
6374 6373 0.00033442
6375 6373 0.00033442
3140 6374 0.00043076
6372 6374 0.00043076
6373 6374 0.00043076
6407 6374 0.00043076
5670 6386 0.00015571
6385 6386 0.00015571
7085 6386 0.00015571
6111 6395 0.00086692
6396 6395 0.00086692
6397 6395 0.00086692
6406 6395 0.00086692
2362 6396 0.0002496
2365 6396 0.0002496
6395 6396 0.0002496
3147 6397 0.0002138
5951 6397 0.0002138
6398 6397 0.0002138
6399 6397 0.0002138
4788 6407 0.00091719
6408 6407 0.00091719
6409 6407 0.00091719
3140 6408 0.00036514
6372 6408 0.00036514
6373 6408 0.00036514
6407 6408 0.00036514
6364 6409 0.00093016
6410 6409 0.00093016
6411 6409 0.00093016
4788 6410 0.00019401
6408 6410 0.00019401
6409 6410 0.00019401
2336 6469 0.0028831
2339 6469 0.0028831
4709 6469 0.0028831
4218 6707 0.19525
6706 6707 0.19525
6724 6707 0.19525
4215 6724 0.11046
6725 6724 0.11046
4218 6725 0.00086889
6706 6725 0.00086889
6724 6725 0.00086889
4217 6726 0.0013997
6727 6726 0.0013997
6726 6727 0.087002
7153 6727 0.087002
6879 6736 0.0066062
3792 6879 0.0066062
4228 6894 0.0005509
4229 6894 0.0005509
6893 6894 0.0005509
4223 6895 0.00056869
6896 6895 0.00056869
7081 6895 0.00056869
6939 6938 0.00063632
7067 6938 0.00063632
7163 6938 0.00063632
7164 6938 0.00063632
6938 6939 0.00037077
6941 6939 0.00037077
6949 6939 0.00037077
6940 6941 0.0005127
6942 6941 0.0005127
6945 6941 0.0005127
6947 6941 0.0005127
6363 6942 0.0005127
6943 6942 0.0005127
7165 6942 0.0005127
6938 6948 0.00081846
6941 6948 0.00081846
6949 6948 0.00081846
6948 6949 0.00012636
6950 6949 0.00012636
6953 6949 0.00012636
6948 6952 0.00081846
6950 6952 0.00081846
6953 6952 0.00081846
6952 6953 0.00012636
7161 6953 0.00012636
7162 6953 0.00012636
5905 6954 0.001058
6955 6954 0.001058
7110 6954 0.001058
6954 6955 0.00010314
6957 6955 0.00010314
6959 6955 0.00010314
2346 6959 0.00010314
6960 6959 0.00010314
7108 6959 0.00010314
6954 6960 0.001058
6957 6960 0.001058
6959 6960 0.001058
5824 6963 0.010168
6964 6963 0.010168
7100 6963 0.010168
5822 6964 0.0099895
6963 6964 0.0099895
7102 6964 0.0099895
7104 6964 0.0099895
6965 6967 0.0018373
6968 6967 0.0018373
7101 6967 0.0018373
3335 6968 0.0062583
5823 6968 0.0062583
5831 6968 0.0062583
6967 6968 0.0062583
6969 6971 0.071439
6972 6971 0.071439
6975 6971 0.071439
7066 6971 0.071439
6971 6972 0.030269
6974 6972 0.030269
7064 6972 0.030269
6971 6973 0.061674
6974 6973 0.061674
7064 6973 0.061674
6973 6974 0.096851
6976 6974 0.096851
6978 6974 0.096851
6973 6975 0.13121
6976 6975 0.13121
6978 6975 0.13121
6969 6976 0.01807
6972 6976 0.01807
6975 6976 0.01807
7066 6976 0.01807
6973 6977 0.033012
6976 6977 0.033012
6978 6977 0.033012
3320 6978 0.18133
6977 6978 0.18133
7096 6978 0.18133
6980 6979 0.15551
7065 6979 0.15551
7098 6979 0.15551
6229 6980 0.006689
6979 6980 0.006689
7063 6980 0.006689
6982 6981 0.017848
6984 6981 0.017848
6986 6981 0.017848
6981 6982 0.0041092
6990 6982 0.0041092
6982 6983 0.014453
6984 6983 0.014453
6986 6983 0.014453
3318 6984 0.032138
6983 6984 0.032138
7092 6984 0.032138
6982 6985 0.019694
6984 6985 0.019694
6986 6985 0.019694
6985 6986 0.015747
6988 6986 0.015747
6989 6986 0.015747
6985 6987 0.028726
6988 6987 0.028726
6989 6987 0.028726
6987 6988 0.011041
6992 6988 0.011041
6994 6988 0.011041
6981 6989 0.017848
6990 6989 0.017848
6985 6990 0.0041092
6988 6990 0.0041092
6989 6990 0.0041092
6987 6991 0.025358
6992 6991 0.025358
6994 6991 0.025358
6991 6992 0.0038706
6995 6992 0.0038706
7000 6992 0.0038706
6987 6993 0.015775
6992 6993 0.015775
6994 6993 0.015775
6993 6994 0.019577
6996 6994 0.019577
6998 6994 0.019577
7001 6994 0.019577
6993 6995 0.0092217
6996 6995 0.0092217
6998 6995 0.0092217
7001 6995 0.0092217
6991 6996 0.022044
6995 6996 0.022044
7000 6996 0.022044
6993 6997 0.031475
6996 6997 0.031475
6998 6997 0.031475
7001 6997 0.031475
6997 6998 0.01379
7090 6998 0.01379
7091 6998 0.01379
6991 6999 0.010294
6995 6999 0.010294
7000 6999 0.010294
6999 7000 0.0016287
7002 7000 0.0016287
7004 7000 0.0016287
6999 7001 0.010294
7002 7001 0.010294
7004 7001 0.010294
6993 7002 0.0016287
6996 7002 0.0016287
6998 7002 0.0016287
7001 7002 0.0016287
2366 7005 0.00019144
7006 7005 0.00019144
7086 7005 0.00019144
3316 7006 0.0033756
7005 7006 0.0033756
7008 7006 0.0033756
7088 7006 0.0033756
7016 7017 0.00031647
7019 7017 0.00031647
7026 7017 0.00031647
7021 7020 0.0040003
7023 7020 0.0040003
7025 7020 0.0040003
7036 7020 0.0040003
7020 7021 0.0027111
7032 7021 0.0027111
7035 7021 0.0027111
7021 7022 0.0030271
7023 7022 0.0030271
7025 7022 0.0030271
7036 7022 0.0030271
7022 7023 0.0016188
7029 7023 0.0016188
7031 7023 0.0016188
7033 7023 0.0016188
7021 7024 0.0041828
7023 7024 0.0041828
7025 7024 0.0041828
7036 7024 0.0041828
7024 7025 0.0043855
7027 7025 0.0043855
7077 7025 0.0043855
7080 7025 0.0043855
7024 7026 0.00033097
7027 7026 0.00033097
7077 7026 0.00033097
7080 7026 0.00033097
7022 7030 0.00033189
7029 7030 0.00033189
7031 7030 0.00033189
7033 7030 0.00033189
1230 7031 0.00388
7030 7031 0.00388
7078 7031 0.00388
7022 7032 0.0053973
7029 7032 0.0053973
7031 7032 0.0053973
7033 7032 0.0053973
7020 7033 0.00044083
7032 7033 0.00044083
7035 7033 0.00044083
7020 7034 0.0069475
7032 7034 0.0069475
7035 7034 0.0069475
7034 7035 0.00070181
7037 7035 0.00070181
7039 7035 0.00070181
7034 7036 0.0048436
7037 7036 0.0048436
7039 7036 0.0048436
7021 7037 0.0023488
7023 7037 0.0023488
7025 7037 0.0023488
7036 7037 0.0023488
7034 7038 0.0059921
7037 7038 0.0059921
7039 7038 0.0059921
7038 7039 0.0022412
7041 7039 0.0022412
7043 7039 0.0022412
7038 7040 0.0059823
7041 7040 0.0059823
7043 7040 0.0059823
1227 7041 0.0022705
7040 7041 0.0022705
7075 7041 0.0022705
7079 7041 0.0022705
6971 7063 0.11355
6974 7063 0.11355
7064 7063 0.11355
6229 7064 0.037201
6979 7064 0.037201
7063 7064 0.037201
6969 7065 0.093198
6972 7065 0.093198
6975 7065 0.093198
7066 7065 0.093198
6980 7066 0.02123
7065 7066 0.02123
7098 7066 0.02123
2342 7073 0.00055474
7057 7073 0.00055474
7074 7073 0.00055474
1653 7075 0.0040186
7054 7075 0.0040186
7076 7075 0.0040186
1227 7076 0.015806
7040 7076 0.015806
7075 7076 0.015806
7079 7076 0.015806
1230 7077 0.00033189
7030 7077 0.00033189
7078 7077 0.00033189
7024 7078 0.00388
7027 7078 0.00388
7077 7078 0.00388
7080 7078 0.00388
7024 7079 0.0026735
7027 7079 0.0026735
7077 7079 0.0026735
7080 7079 0.0026735
1227 7080 0.0067534
7040 7080 0.0067534
7075 7080 0.0067534
7079 7080 0.0067534
6895 7083 0.00088126
7017 7083 0.00088126
7084 7083 0.00088126
2366 7085 0.00017975
7006 7085 0.00017975
7086 7085 0.00017975
5670 7086 0.0024647
6385 7086 0.0024647
7085 7086 0.0024647
3316 7087 0.00038448
7005 7087 0.00038448
7008 7087 0.00038448
7088 7087 0.00038448
2351 7088 0.0045549
4656 7088 0.0045549
7014 7088 0.0045549
7087 7088 0.0045549
6997 7089 0.0031073
7090 7089 0.0031073
7091 7089 0.0031073
3317 7090 0.050663
5238 7090 0.050663
7089 7090 0.050663
3318 7091 0.0086842
6983 7091 0.0086842
7092 7091 0.0086842
6997 7092 0.073925
7090 7092 0.073925
7091 7092 0.073925
547 7093 0.012203
2073 7093 0.012203
7094 7093 0.012203
3319 7094 0.71901
5985 7094 0.71901
7093 7094 0.71901
7095 7094 0.71901
3320 7095 0.0097594
6977 7095 0.0097594
7096 7095 0.0097594
3319 7096 0.29065
5985 7096 0.29065
7093 7096 0.29065
7095 7096 0.29065
6980 7097 0.01314
7065 7097 0.01314
7098 7097 0.01314
3321 7098 0.089996
3322 7098 0.089996
7097 7098 0.089996
5824 7099 0.0067739
6964 7099 0.0067739
7100 7099 0.0067739
3325 7100 0.01707
3326 7100 0.01707
7099 7100 0.01707
5822 7101 0.0018373
6963 7101 0.0018373
7102 7101 0.0018373
7104 7101 0.0018373
6965 7102 0.0062583
6968 7102 0.0062583
7101 7102 0.0062583
5822 7103 0.016916
6963 7103 0.016916
7102 7103 0.016916
7104 7103 0.016916
3323 7104 0.014042
3324 7104 0.014042
7103 7104 0.014042
6961 7105 0.0037123
7106 7105 0.0037123
7107 7105 0.0037123
2346 7107 0.0037123
6960 7107 0.0037123
7108 7107 0.0037123
5905 7109 0.00026717
6955 7109 0.00026717
7110 7109 0.00026717
719 7110 0.0013431
5908 7110 0.0013431
7109 7110 0.0013431
3795 7115 0.0057377
7117 7116 0.17328
1226 7117 0.17328
1536 7117 0.17328
4200 7117 0.17328
3189 7131 0.0091312
4707 7131 0.0091312
5981 7131 0.0091312
7130 7131 0.0091312
6726 7152 0.0013997
7153 7152 0.0013997
2334 7153 0.087002
2337 7153 0.087002
5977 7153 0.087002
7152 7153 0.087002
6952 7160 0.0010278
7161 7160 0.0010278
7162 7160 0.0010278
2356 7161 0.0018148
2359 7161 0.0018148
6362 7161 0.0018148
7160 7161 0.0018148
6939 7162 0.00041547
7067 7162 0.00041547
7163 7162 0.00041547
7164 7162 0.00041547
6952 7163 0.0018946
7161 7163 0.0018946
7162 7163 0.0018946
6363 7164 0.00019319
6943 7164 0.00019319
7165 7164 0.00019319
6939 7165 0.0014067
7067 7165 0.0014067
7163 7165 0.0014067
7164 7165 0.0014067
5740 7218 0.0014233
7219 7218 0.0014233
5241 7219 0.0033843
5738 7219 0.0033843
7218 7219 0.0033843
1232 7248 0.0067264
7249 7248 0.0067264
1235 7251 0.0067267
7248 7251 0.0067267
7250 7251 0.0067267
5895 7252 0.62136
7253 7252 0.62136
5893 7254 0.026728
7255 7254 0.026728
2329 7255 0.002099
5896 7255 0.002099
7254 7255 0.002099
7258 7255 0.002099
2328 7256 0.00024799
7257 7256 0.00024799
2331 7257 0.60239
4196 7257 0.60239
5971 7257 0.60239
7256 7257 0.60239
2326 7258 0.0035747
7259 7258 0.0035747
2329 7259 0.0090418
5896 7259 0.0090418
7254 7259 0.0090418
7258 7259 0.0090418
