5835 433 0.00037375
548 547 0.07781
6226 547 0.07781
6227 547 0.07781
6230 547 0.07781
547 548 0.036969
2073 548 0.036969
7094 548 0.036969
567 568 0.00062526
1467 568 0.00062526
943 942 0.0074025
4221 942 0.0074025
4815 942 0.0074025
942 943 0.0029283
945 943 0.0029283
5898 943 0.0029283
7252 943 0.0029283
942 944 0.032936
945 944 0.032936
5898 944 0.032936
7252 944 0.032936
944 945 0.0030282
947 945 0.0030282
4210 945 0.0030282
944 946 0.049067
947 946 0.049067
4210 946 0.049067
948 950 0.0016179
951 950 0.0016179
6355 950 0.0016179
950 951 0.00039459
6352 951 0.00039459
6353 951 0.00039459
6356 951 0.00039459
995 994 0.031819
6359 994 0.031819
6360 994 0.031819
994 995 0.10956
997 995 0.10956
2076 995 0.10956
2077 995 0.10956
994 996 0.078139
997 996 0.078139
2076 996 0.078139
2077 996 0.078139
996 997 0.005097
3119 997 0.005097
4790 997 0.005097
6237 997 0.005097
1227 1226 0.00063817
7040 1226 0.00063817
7075 1226 0.00063817
7079 1226 0.00063817
1226 1227 0.0035184
1536 1227 0.0035184
4200 1227 0.0035184
1232 1233 0.00030121
7249 1233 0.00030121
567 1466 0.00027176
1467 1466 0.00027176
1468 1467 0.00087555
5934 1467 0.00087555
1117 1468 0.00057489
2345 1468 0.00057489
1537 1536 0.0033602
4710 1536 0.0033602
1226 1537 0.0011362
1536 1537 0.0011362
4200 1537 0.0011362
1653 1654 0.0029577
7054 1654 0.0029577
7076 1654 0.0029577
1656 1655 0.0034779
5746 1655 0.0034779
5748 1655 0.0034779
1655 1656 0.012121
5745 1656 0.012121
5901 1656 0.012121
5904 1656 0.012121
1658 1657 0.0074025
5747 1657 0.0074025
5907 1657 0.0074025
5984 1657 0.0074025
1657 1658 0.0029283
4219 1658 0.0029283
4817 1658 0.0029283
2072 2071 0.010026
2074 2071 0.010026
2075 2071 0.010026
3906 2071 0.010026
2071 2072 0.047855
6238 2072 0.047855
6239 2072 0.047855
2072 2073 0.87554
2074 2073 0.87554
2075 2073 0.87554
3906 2073 0.87554
547 2074 0.00052797
2073 2074 0.00052797
7094 2074 0.00052797
994 2075 0.87818
997 2075 0.87818
2076 2075 0.87818
2077 2075 0.87818
2072 2076 0.0058594
2074 2076 0.0058594
2075 2076 0.0058594
3906 2076 0.0058594
2078 2077 1.0277
2358 2077 1.0277
2361 2077 1.0277
6371 2077 1.0277
994 2078 0.0045914
997 2078 0.0045914
2076 2078 0.0045914
2077 2078 0.0045914
1466 2324 0.00026922
2325 2324 0.00026922
2327 2326 0.012776
4708 2326 0.012776
5968 2326 0.012776
2326 2327 0.014385
7259 2327 0.014385
2329 2328 0.2267
5896 2328 0.2267
7254 2328 0.2267
7258 2328 0.2267
2328 2329 0.0001872
7257 2329 0.0001872
2331 2330 0.16996
4196 2330 0.16996
5971 2330 0.16996
7256 2330 0.16996
2330 2331 0.0013331
2333 2331 0.0013331
5975 2331 0.0013331
2330 2332 0.12032
2333 2332 0.12032
5975 2332 0.12032
2332 2333 0.0051471
2335 2333 0.0051471
4216 2333 0.0051471
2332 2334 0.13993
2335 2334 0.13993
4216 2334 0.13993
2334 2335 0.0021981
2337 2335 0.0021981
5977 2335 0.0021981
7152 2335 0.0021981
2334 2336 0.1032
2337 2336 0.1032
5977 2336 0.1032
7152 2336 0.1032
2336 2337 0.020905
2339 2337 0.020905
4709 2337 0.020905
2336 2338 0.00061326
2339 2338 0.00061326
4709 2338 0.00061326
2338 2339 0.0029561
2341 2339 0.0029561
4198 2339 0.0029561
1654 2341 0.0030135
2340 2341 0.0030135
2343 2341 0.0030135
2344 2345 0.00055475
2347 2345 0.00055475
5906 2345 0.00055475
2344 2346 0.00014828
2347 2346 0.00014828
5906 2346 0.00014828
2346 2347 0.000604
6960 2347 0.000604
7108 2347 0.000604
2349 2348 0.37991
5903 2348 0.37991
5986 2348 0.37991
7105 2348 0.37991
2348 2349 0.0018092
5239 2349 0.0018092
5739 2349 0.0018092
2351 2350 0.0014027
4656 2350 0.0014027
7014 2350 0.0014027
7087 2350 0.0014027
2350 2351 0.0014889
5671 2351 0.0014889
5836 2351 0.0014889
2352 2354 0.00029812
2355 2354 0.00029812
5269 2354 0.00029812
2354 2356 0.00017983
2357 2356 0.00017983
2356 2357 0.00076187
2359 2357 0.00076187
6362 2357 0.00076187
7160 2357 0.00076187
2356 2358 0.04082
2359 2358 0.04082
6362 2358 0.04082
7160 2358 0.04082
2078 2359 0.00015917
2358 2359 0.00015917
2361 2359 0.00015917
6371 2359 0.00015917
2078 2360 0.019466
2358 2360 0.019466
2361 2360 0.019466
6371 2360 0.019466
2360 2361 0.0012124
2363 2361 0.0012124
3120 2361 0.0012124
2360 2362 0.027384
2363 2362 0.027384
3120 2362 0.027384
2362 2363 0.00029966
2365 2363 0.00029966
6395 2363 0.00029966
2362 2364 0.027785
2365 2364 0.027785
6395 2364 0.027785
2364 2365 0.00014307
2367 2365 0.00014307
6366 2365 0.00014307
6367 2365 0.00014307
2364 2366 0.052355
2367 2366 0.052355
6366 2366 0.052355
6367 2366 0.052355
2753 2752 0.00030122
3327 2752 0.00030122
5237 2752 0.00030122
3118 3117 0.00018421
6390 3117 0.00018421
6391 3117 0.00018421
2360 3119 0.007152
2363 3119 0.007152
3120 3119 0.007152
996 3120 0.015983
3119 3120 0.015983
4790 3120 0.015983
6237 3120 0.015983
3122 3121 0.00025038
5270 3121 0.00025038
6233 3121 0.00025038
3140 3139 0.00068819
6372 3139 0.00068819
6373 3139 0.00068819
6407 3139 0.00068819
3139 3140 0.0001292
3910 3140 0.0001292
6112 3140 0.0001292
3141 3143 0.00016779
3144 3143 0.00016779
4787 3143 0.00016779
3143 3145 0.00024655
3146 3145 0.00024655
6374 3145 0.00024655
6375 3145 0.00024655
3145 3147 0.00020107
3148 3147 0.00020107
3911 3147 0.00020107
6109 3147 0.00020107
3317 3316 0.00073933
5238 3316 0.00073933
7089 3316 0.00073933
3316 3317 0.01239
7005 3317 0.01239
7008 3317 0.01239
7088 3317 0.01239
3319 3318 0.10156
5985 3318 0.10156
7093 3318 0.10156
7095 3318 0.10156
3318 3319 0.0047945
6983 3319 0.0047945
7092 3319 0.0047945
3321 3320 0.022509
3322 3320 0.022509
7097 3320 0.022509
3320 3321 0.052602
6977 3321 0.052602
7096 3321 0.052602
3323 3322 0.0058327
3324 3322 0.0058327
7103 3322 0.0058327
3321 3323 0.0086442
3322 3323 0.0086442
7097 3323 0.0086442
3325 3324 0.0012004
3326 3324 0.0012004
7099 3324 0.0012004
3323 3325 0.0059829
3324 3325 0.0059829
7103 3325 0.0059829
2753 3326 0.00017604
3327 3326 0.00017604
5237 3326 0.00017604
3325 3327 0.00040267
3326 3327 0.00040267
7099 3327 0.00040267
3332 3331 0.00039549
3334 3331 0.00039549
3331 3332 0.0015111
5827 3332 0.0015111
5829 3332 0.0015111
3332 3333 0.0015111
3334 3333 0.0015111
3333 3334 0.00039549
3336 3334 0.00039549
6225 3334 0.00039549
3333 3335 0.0044466
3336 3335 0.0044466
6225 3335 0.0044466
3335 3336 0.0059157
5823 3336 0.0059157
5831 3336 0.0059157
6967 3336 0.0059157
4199 3791 0.00023217
5395 3791 0.00023217
5396 3792 0.00015577
5397 3792 0.00015577
3791 3793 0.00012912
3907 3906 0.045539
4019 3906 0.045539
6228 3906 0.045539
6358 3906 0.045539
2072 3907 0.08068
2074 3907 0.08068
2075 3907 0.08068
3906 3907 0.08068
3145 3910 0.0001043
3148 3910 0.0001043
3911 3910 0.0001043
6109 3910 0.0001043
4020 4019 0.0025852
6232 4019 0.0025852
6351 4019 0.0025852
3907 4020 0.0061547
4019 4020 0.0061547
6228 4020 0.0061547
6358 4020 0.0061547
4163 4162 0.010393
4164 4162 0.010393
5889 4162 0.010393
5892 4162 0.010393
4162 4163 0.03462
4171 4163 0.03462
5793 4163 0.03462
4165 4164 0.0062071
4166 4164 0.0062071
5929 4164 0.0062071
5972 4164 0.0062071
4163 4165 0.11578
4164 4165 0.11578
5889 4165 0.11578
5892 4165 0.11578
4167 4166 0.0050138
4168 4166 0.0050138
5923 4166 0.0050138
5926 4166 0.0050138
4165 4167 0.10094
4166 4167 0.10094
5929 4167 0.10094
5972 4167 0.10094
4169 4168 0.0029662
4193 4168 0.0029662
4194 4168 0.0029662
4167 4169 0.049912
4168 4169 0.049912
5923 4169 0.049912
5926 4169 0.049912
4162 4170 0.011653
4171 4170 0.011653
5793 4170 0.011653
4170 4171 0.012112
4173 4171 0.012112
5933 4171 0.012112
4170 4172 0.006257
4173 4172 0.006257
5933 4172 0.006257
4172 4173 0.00246
5797 4173 0.00246
568 4175 0.0006499
4174 4175 0.0006499
6435 4175 0.0006499
4177 4176 0.00084951
4178 4176 0.00084951
5970 4176 0.00084951
4175 4177 0.0020082
4176 4177 0.0020082
5784 4177 0.0020082
5785 4177 0.0020082
4179 4178 0.00046677
4180 4178 0.00046677
4177 4179 0.0071405
4178 4179 0.0071405
5970 4179 0.0071405
4181 4180 0.010364
4182 4180 0.010364
5885 4180 0.010364
5888 4180 0.010364
4179 4181 0.0065426
4180 4181 0.0065426
4183 4182 0.0062517
4184 4182 0.0062517
5928 4182 0.0062517
4181 4183 0.082417
4182 4183 0.082417
5885 4183 0.082417
5888 4183 0.082417
4185 4184 0.0090836
4186 4184 0.0090836
5922 4184 0.0090836
4183 4185 0.13659
4184 4185 0.13659
5928 4185 0.13659
4187 4186 0.0025147
4188 4186 0.0025147
4195 4186 0.0025147
4185 4187 0.22471
4186 4187 0.22471
5922 4187 0.22471
4189 4188 0.0008684
4190 4188 0.0008684
5918 4188 0.0008684
4187 4189 0.27696
4188 4189 0.27696
4195 4189 0.27696
4191 4190 0.0008904
4666 4190 0.0008904
6469 4190 0.0008904
4189 4191 0.37991
4190 4191 0.37991
5918 4191 0.37991
4169 4192 0.0056466
4193 4192 0.0056466
4194 4192 0.0056466
4192 4193 0.012599
5919 4193 0.012599
5980 4193 0.012599
4187 4194 0.00066761
4188 4194 0.00066761
4195 4194 0.00066761
4169 4195 0.054565
4193 4195 0.054565
4194 4195 0.054565
2338 4200 0.00065728
2341 4200 0.00065728
4198 4200 0.00065728
4204 4205 0.0005014
4206 4205 0.0005014
4207 4205 0.0005014
4211 4205 0.0005014
4205 4206 0.0053641
5741 4206 0.0053641
5742 4206 0.0053641
4201 4207 0.00032028
4208 4207 0.00032028
4209 4207 0.00032028
5909 4207 0.00032028
4204 4208 0.0068327
4206 4208 0.0068327
4207 4208 0.0068327
4211 4208 0.0068327
4201 4210 0.019194
4208 4210 0.019194
4209 4210 0.019194
5909 4210 0.019194
4212 4211 0.0020213
4214 4211 0.0020213
4204 4212 0.0003716
4206 4212 0.0003716
4207 4212 0.0003716
4211 4212 0.0003716
4212 4213 0.0003716
4214 4213 0.0003716
4213 4214 0.0020213
5743 4214 0.0020213
5744 4214 0.0020213
2332 4215 0.00047246
2335 4215 0.00047246
4216 4215 0.00047246
4215 4216 0.023025
6725 4216 0.023025
4218 4217 0.026534
6706 4217 0.026534
6724 4217 0.026534
4220 4219 0.0029283
4222 4219 0.0029283
1657 4220 0.0074025
4219 4220 0.0074025
4817 4220 0.0074025
4220 4221 0.0074025
4222 4221 0.0074025
943 4222 0.0029283
4221 4222 0.0029283
4815 4222 0.0029283
6737 4659 0.042623
2646 4664 0.13911
5774 4664 0.13911
5775 4664 0.13911
4191 4665 0.81823
4666 4665 0.81823
6469 4665 0.81823
4664 4666 0.00031954
4665 4666 0.00031954
2327 4707 0.003099
4708 4707 0.003099
5968 4707 0.003099
3189 4708 0.0038342
4707 4708 0.0038342
5981 4708 0.0038342
7130 4708 0.0038342
1537 4709 0.53639
4710 4709 0.53639
5063 4710 0.53862
4788 4787 0.00013542
6408 4787 0.00013542
6409 4787 0.00013542
996 4789 0.026703
3119 4789 0.026703
4790 4789 0.026703
6237 4789 0.026703
4789 4790 0.0015349
6240 4790 0.0015349
6365 4790 0.0015349
5064 5063 0.53885
5240 5063 0.53885
4659 5064 0.042778
5065 5064 0.042778
3792 5065 0.00015573
5091 5090 0.00041689
5838 5090 0.00041689
3121 5237 0.00029596
3328 5237 0.00029596
3329 5237 0.00029596
2348 5238 0.00024711
5239 5238 0.00024711
5739 5238 0.00024711
3317 5239 0.10866
5238 5239 0.10866
7089 5239 0.10866
5241 5240 0.4961
5738 5240 0.4961
7218 5240 0.4961
3122 5269 0.0003177
5270 5269 0.0003177
6233 5269 0.0003177
2753 5270 0.00022141
3327 5270 0.00022141
5237 5270 0.00022141
5063 5395 0.0002311
3791 5396 0.00010305
1233 5581 0.00030076
5580 5581 0.00030076
5582 5581 0.00030076
2350 5669 0.042249
5671 5669 0.042249
5836 5669 0.042249
5670 5671 0.0423
6385 5671 0.0423
7085 5671 0.0423
2348 5738 0.48654
5239 5738 0.48654
5739 5738 0.48654
4205 5740 0.010215
5741 5740 0.010215
5742 5740 0.010215
5740 5741 0.00066005
7219 5741 0.00066005
4213 5742 0.014802
5743 5742 0.014802
5744 5742 0.014802
4205 5743 0.00038456
5741 5743 0.00038456
5742 5743 0.00038456
1655 5744 0.016559
5745 5744 0.016559
5901 5744 0.016559
5904 5744 0.016559
4213 5745 0.00049235
5743 5745 0.00049235
5744 5745 0.00049235
1658 5746 0.0034779
5747 5746 0.0034779
5907 5746 0.0034779
5984 5746 0.0034779
1656 5747 0.012121
5746 5747 0.012121
5748 5747 0.012121
4664 5771 0.95702
4665 5771 0.95702
2646 5773 0.044219
5774 5773 0.044219
5775 5773 0.044219
5773 5774 0.001192
5880 5774 0.001192
5776 5775 0.1821
6468 5775 0.1821
2632 5781 0.00016196
5782 5781 0.00016196
5883 5781 0.00016196
5886 5781 0.00016196
4175 5783 0.00085967
4176 5783 0.00085967
5784 5783 0.00085967
5785 5783 0.00085967
5783 5784 0.001315
5788 5784 0.001315
5796 5784 0.001315
5780 5785 0.00012669
5781 5785 0.00012669
5786 5785 0.00012669
5783 5787 0.0012434
5788 5787 0.0012434
5796 5787 0.0012434
5787 5788 0.0034168
5914 5788 0.0034168
5915 5788 0.0034168
5790 5789 0.0049128
5791 5789 0.0049128
5932 5789 0.0049128
5969 5789 0.0049128
5789 5790 0.0022524
5911 5790 0.0022524
5913 5790 0.0022524
5982 5790 0.0022524
5792 5791 0.017123
5891 5791 0.017123
5894 5791 0.017123
5790 5792 0.012551
5791 5792 0.012551
5932 5792 0.012551
5969 5792 0.012551
5794 5793 0.023768
5931 5793 0.023768
5795 5794 0.018758
5887 5794 0.018758
5890 5794 0.018758
5794 5795 0.0054851
5931 5795 0.0054851
4172 5796 0.001836
5797 5796 0.001836
5783 5797 0.003554
5788 5797 0.003554
5796 5797 0.003554
3335 5822 0.0056326
5823 5822 0.0056326
5831 5822 0.0056326
6967 5822 0.0056326
5822 5823 0.0057408
6963 5823 0.0057408
7102 5823 0.0057408
7104 5823 0.0057408
5825 5824 0.00067547
5826 5824 0.00067547
5830 5824 0.00067547
5824 5825 0.0048305
6964 5825 0.0048305
7100 5825 0.0048305
3331 5826 0.00039549
5827 5826 0.00039549
5829 5826 0.00039549
5825 5827 0.0015111
5826 5827 0.0015111
5830 5827 0.0015111
3335 5830 0.0014961
5823 5830 0.0014961
5831 5830 0.0014961
6967 5830 0.0014961
5825 5831 0.0045356
5826 5831 0.0045356
5830 5831 0.0045356
6877 5835 0.00041677
5837 5838 0.00040433
6927 5838 0.00040433
7069 5838 0.00040433
7112 5838 0.00040433
5773 5879 0.044219
5880 5879 0.044219
5879 5880 0.001192
5882 5880 0.001192
5879 5881 0.044219
5882 5881 0.044219
5771 5882 0.001192
5881 5882 0.001192
4181 5886 0.00019292
4182 5886 0.00019292
5885 5886 0.00019292
5888 5886 0.00019292
4181 5887 0.0044307
4182 5887 0.0044307
5885 5887 0.0044307
5888 5887 0.0044307
5795 5888 0.084516
5887 5888 0.084516
5890 5888 0.084516
5795 5889 0.0054784
5887 5889 0.0054784
5890 5889 0.0054784
4163 5890 0.098837
4164 5890 0.098837
5889 5890 0.098837
5892 5890 0.098837
4163 5891 0.0020079
4164 5891 0.0020079
5889 5891 0.0020079
5892 5891 0.0020079
5792 5892 0.18071
5891 5892 0.18071
5894 5892 0.18071
5792 5893 0.0026123
5891 5893 0.0026123
5894 5893 0.0026123
5893 5894 0.18588
7255 5894 0.18588
5895 5896 0.41144
7253 5896 0.41144
5897 5898 0.43691
5900 5898 0.43691
5983 5898 0.43691
5897 5899 0.00028934
5900 5899 0.00028934
5983 5899 0.00028934
5899 5900 0.4325
5902 5900 0.4325
5910 5900 0.4325
5899 5901 0.00025404
5902 5901 0.00025404
5910 5901 0.00025404
1655 5902 0.44511
5745 5902 0.44511
5901 5902 0.44511
5904 5902 0.44511
1655 5903 0.0007921
5745 5903 0.0007921
5901 5903 0.0007921
5904 5903 0.0007921
2349 5904 0.47035
5903 5904 0.47035
5986 5904 0.47035
7105 5904 0.47035
2344 5905 0.00027026
2347 5905 0.00027026
5906 5905 0.00027026
5905 5906 0.00036594
6955 5906 0.00036594
7110 5906 0.00036594
719 5907 0.00072807
5908 5907 0.00072807
7109 5907 0.00072807
1658 5908 0.00027913
5747 5908 0.00027913
5907 5908 0.00027913
5984 5908 0.00027913
5899 5909 0.013643
5902 5909 0.013643
5910 5909 0.013643
4201 5910 0.00099802
4208 5910 0.00099802
4209 5910 0.00099802
5909 5910 0.00099802
5787 5913 0.0012434
5914 5913 0.0012434
5915 5913 0.0012434
5789 5914 0.0034168
5911 5914 0.0034168
5913 5914 0.0034168
5982 5914 0.0034168
4189 5917 0.00055433
4190 5917 0.00055433
5918 5917 0.00055433
5917 5918 0.10347
5920 5918 0.10347
5978 5918 0.10347
5917 5919 0.0055972
5920 5919 0.0055972
5978 5919 0.0055972
4192 5920 0.026569
5919 5920 0.026569
5980 5920 0.026569
4185 5921 0.0029056
4186 5921 0.0029056
5922 5921 0.0029056
5921 5922 0.097599
5924 5922 0.097599
5973 5922 0.097599
5921 5923 0.0057458
5924 5923 0.0057458
5973 5923 0.0057458
4167 5924 0.080251
4168 5924 0.080251
5923 5924 0.080251
5926 5924 0.080251
4167 5925 0.011095
4168 5925 0.011095
5923 5925 0.011095
5926 5925 0.011095
5925 5926 0.036618
5976 5926 0.036618
5979 5926 0.036618
4183 5927 0.011993
4184 5927 0.011993
5928 5927 0.011993
5927 5928 0.063333
5930 5928 0.063333
5974 5928 0.063333
5927 5929 0.011864
5930 5929 0.011864
5974 5929 0.011864
4165 5930 0.083392
4166 5930 0.083392
5929 5930 0.083392
5972 5930 0.083392
4179 5931 0.010495
4180 5931 0.010495
4170 5932 0.0085161
4173 5932 0.0085161
5933 5932 0.0085161
5790 5933 0.012772
5791 5933 0.012772
5932 5933 0.012772
5969 5933 0.012772
3898 5934 0.00030072
5581 5934 0.00030072
5935 5934 0.00030072
3147 5950 0.00013192
5951 5950 0.00013192
6398 5950 0.00013192
6399 5950 0.00013192
3117 5956 0.0014068
5957 5956 0.0014068
6368 5956 0.0014068
6369 5956 0.0014068
5790 5968 0.010342
5791 5968 0.010342
5932 5968 0.010342
5969 5968 0.010342
2327 5969 0.012687
4708 5969 0.012687
5968 5969 0.012687
4172 5970 0.005515
5797 5970 0.005515
4165 5971 0.0069894
4166 5971 0.0069894
5929 5971 0.0069894
5972 5971 0.0069894
2331 5972 0.064876
4196 5972 0.064876
5971 5972 0.064876
7256 5972 0.064876
5927 5973 0.032692
5930 5973 0.032692
5974 5973 0.032692
5921 5974 0.012503
5924 5974 0.012503
5973 5974 0.012503
5925 5975 0.0051599
5976 5975 0.0051599
5979 5975 0.0051599
2330 5976 0.058607
2333 5976 0.058607
5975 5976 0.058607
5917 5977 0.0034853
5920 5977 0.0034853
5978 5977 0.0034853
2334 5978 0.085433
2337 5978 0.085433
5977 5978 0.085433
7152 5978 0.085433
4192 5979 0.0031254
5919 5979 0.0031254
5980 5979 0.0031254
5925 5980 0.031049
5976 5980 0.031049
5979 5980 0.031049
5789 5981 0.0036598
5911 5981 0.0036598
5913 5981 0.0036598
5982 5981 0.0036598
3189 5982 0.0031728
4707 5982 0.0031728
5981 5982 0.0031728
7130 5982 0.0031728
1658 5983 0.010817
5747 5983 0.010817
5907 5983 0.010817
5984 5983 0.010817
5897 5984 0.0061987
5900 5984 0.0061987
5983 5984 0.0061987
2349 5985 0.00044378
5903 5985 0.00044378
5986 5985 0.00044378
7105 5985 0.00044378
3319 5986 0.84911
5985 5986 0.84911
7093 5986 0.84911
7095 5986 0.84911
3139 6111 0.00065187
3910 6111 0.00065187
6112 6111 0.00065187
548 6225 0.0045332
6226 6225 0.0045332
6227 6225 0.0045332
6230 6225 0.0045332
3333 6226 0.007118
3336 6226 0.007118
6225 6226 0.007118
3907 6227 0.098287
4019 6227 0.098287
6228 6227 0.098287
6358 6227 0.098287
548 6228 0.027646
6226 6228 0.027646
6227 6228 0.027646
6230 6228 0.027646
548 6229 0.066329
6226 6229 0.066329
6227 6229 0.066329
6230 6229 0.066329
6229 6230 0.033945
6979 6230 0.033945
7063 6230 0.033945
4020 6231 0.0020878
6232 6231 0.0020878
6351 6231 0.0020878
6231 6232 0.00053343
6234 6232 0.00053343
6354 6232 0.00053343
6231 6233 0.00052215
6234 6233 0.00052215
6354 6233 0.00052215
3122 6234 0.00019107
5270 6234 0.00019107
6233 6234 0.00019107
2071 6237 0.0062688
6238 6237 0.0062688
6239 6237 0.0062688
996 6238 0.045313
3119 6238 0.045313
4790 6238 0.045313
6237 6238 0.045313
4789 6239 0.007172
6240 6239 0.007172
6365 6239 0.007172
2071 6240 0.008387
6238 6240 0.008387
6239 6240 0.008387
950 6351 0.0023005
6352 6351 0.0023005
6353 6351 0.0023005
6356 6351 0.0023005
4020 6352 0.0043157
6232 6352 0.0043157
6351 6352 0.0043157
2354 6353 0.00081331
2357 6353 0.00081331
948 6354 0.00039459
951 6354 0.00039459
6355 6354 0.00039459
6231 6355 0.0016179
6234 6355 0.0016179
6354 6355 0.0016179
6357 6356 0.0015333
6361 6356 0.0015333
950 6357 0.0055851
6352 6357 0.0055851
6353 6357 0.0055851
6356 6357 0.0055851
995 6358 0.075831
6359 6358 0.075831
6360 6358 0.075831
3907 6359 0.036762
4019 6359 0.036762
6228 6359 0.036762
6358 6359 0.036762
6357 6360 0.004739
6361 6360 0.004739
995 6361 0.043408
6359 6361 0.043408
6360 6361 0.043408
6357 6362 0.042721
6361 6362 0.042721
6363 6364 0.0014936
6943 6364 0.0014936
7165 6364 0.0014936
2364 6365 0.0013705
2367 6365 0.0013705
6366 6365 0.0013705
6367 6365 0.0013705
4789 6366 0.027753
6240 6366 0.027753
6365 6366 0.027753
3117 6367 0.00012596
5957 6367 0.00012596
6368 6367 0.00012596
6369 6367 0.00012596
2364 6368 0.0018364
2367 6368 0.0018364
6366 6368 0.0018364
6367 6368 0.0018364
3117 6370 0.00055517
5957 6370 0.00055517
6368 6370 0.00055517
6369 6370 0.00055517
3140 6371 0.0014783
6372 6371 0.0014783
6373 6371 0.0014783
6407 6371 0.0014783
2078 6372 0.00078052
2358 6372 0.00078052
2361 6372 0.00078052
6371 6372 0.00078052
3143 6373 0.0001655
3146 6373 0.0001655
6374 6373 0.0001655
6375 6373 0.0001655
3140 6374 0.00022322
6372 6374 0.00022322
6373 6374 0.00022322
6407 6374 0.00022322
5956 6385 0.0016044
6386 6385 0.0016044
6387 6385 0.0016044
5954 6387 0.00027451
6370 6387 0.00027451
6388 6387 0.00027451
7111 6387 0.00027451
5950 6390 0.0001702
6389 6390 0.0001702
6405 6390 0.0001702
6111 6395 0.00077476
6396 6395 0.00077476
6397 6395 0.00077476
6406 6395 0.00077476
2362 6396 0.00021695
2365 6396 0.00021695
6395 6396 0.00021695
3147 6397 0.00015712
5951 6397 0.00015712
6398 6397 0.00015712
6399 6397 0.00015712
6111 6398 0.00012777
6396 6398 0.00012777
6397 6398 0.00012777
6406 6398 0.00012777
4788 6407 0.0013907
6408 6407 0.0013907
6409 6407 0.0013907
6364 6409 0.0014541
6410 6409 0.0014541
6411 6409 0.0014541
4191 6468 0.18213
4666 6468 0.18213
6469 6468 0.18213
2336 6469 0.62103
2339 6469 0.62103
4709 6469 0.62103
946 6706 0.049067
6707 6706 0.049067
4215 6724 0.00047246
6725 6724 0.00047246
4218 6725 0.023025
6706 6725 0.023025
6724 6725 0.023025
4217 6726 0.026534
6727 6726 0.026534
6880 6737 0.042623
5090 6877 0.00041677
433 6880 0.042623
5669 6880 0.042623
6939 6938 0.00040544
7067 6938 0.00040544
7163 6938 0.00040544
7164 6938 0.00040544
6938 6939 0.00027948
6941 6939 0.00027948
6949 6939 0.00027948
6940 6941 0.00034985
6942 6941 0.00034985
6945 6941 0.00034985
6947 6941 0.00034985
6363 6942 0.00034985
6943 6942 0.00034985
7165 6942 0.00034985
6938 6948 0.00049404
6941 6948 0.00049404
6949 6948 0.00049404
6948 6949 0.0001078
6950 6949 0.0001078
6953 6949 0.0001078
6948 6952 0.00049404
6950 6952 0.00049404
6953 6952 0.00049404
6952 6953 0.0001078
7161 6953 0.0001078
7162 6953 0.0001078
5905 6954 0.0001144
6955 6954 0.0001144
7110 6954 0.0001144
6954 6955 0.00065902
6957 6955 0.00065902
6959 6955 0.00065902
2346 6959 0.00065902
6960 6959 0.00065902
7108 6959 0.00065902
6954 6960 0.0001144
6957 6960 0.0001144
6959 6960 0.0001144
5824 6963 0.003438
6964 6963 0.003438
7100 6963 0.003438
5822 6964 0.0030371
6963 6964 0.0030371
7102 6964 0.0030371
7104 6964 0.0030371
6965 6967 0.00075677
6968 6967 0.00075677
7101 6967 0.00075677
3335 6968 0.0024352
5823 6968 0.0024352
5831 6968 0.0024352
6967 6968 0.0024352
6969 6971 0.06524
6972 6971 0.06524
6975 6971 0.06524
7066 6971 0.06524
6971 6972 0.027104
6974 6972 0.027104
7064 6972 0.027104
6971 6973 0.11521
6974 6973 0.11521
7064 6973 0.11521
6973 6974 0.019632
6976 6974 0.019632
6978 6974 0.019632
6973 6975 0.080247
6976 6975 0.080247
6978 6975 0.080247
6969 6976 0.044334
6972 6976 0.044334
6975 6976 0.044334
7066 6976 0.044334
6973 6977 0.12485
6976 6977 0.12485
6978 6977 0.12485
3320 6978 0.065181
6977 6978 0.065181
7096 6978 0.065181
6980 6979 0.054936
7065 6979 0.054936
7098 6979 0.054936
6229 6980 0.029878
6979 6980 0.029878
7063 6980 0.029878
6982 6981 0.0058749
6984 6981 0.0058749
6986 6981 0.0058749
6981 6982 0.00073215
6990 6982 0.00073215
6982 6983 0.0023643
6984 6983 0.0023643
6986 6983 0.0023643
3318 6984 0.012118
6983 6984 0.012118
7092 6984 0.012118
6982 6985 0.0078504
6984 6985 0.0078504
6986 6985 0.0078504
6985 6986 0.0032396
6988 6986 0.0032396
6989 6986 0.0032396
6985 6987 0.011729
6988 6987 0.011729
6989 6987 0.011729
6987 6988 0.0019754
6992 6988 0.0019754
6994 6988 0.0019754
6981 6989 0.0058749
6990 6989 0.0058749
6985 6990 0.00073215
6988 6990 0.00073215
6989 6990 0.00073215
6987 6991 0.0089681
6992 6991 0.0089681
6994 6991 0.0089681
6991 6992 0.00083494
6995 6992 0.00083494
7000 6992 0.00083494
6987 6993 0.0066085
6992 6993 0.0066085
6994 6993 0.0066085
6993 6994 0.0049882
6996 6994 0.0049882
6998 6994 0.0049882
7001 6994 0.0049882
6993 6995 0.0022499
6996 6995 0.0022499
6998 6995 0.0022499
7001 6995 0.0022499
6991 6996 0.0078533
6995 6996 0.0078533
7000 6996 0.0078533
6993 6997 0.012762
6996 6997 0.012762
6998 6997 0.012762
7001 6997 0.012762
6997 6998 0.0030089
7090 6998 0.0030089
7091 6998 0.0030089
6991 6999 0.0029949
6995 6999 0.0029949
7000 6999 0.0029949
6999 7000 0.00046511
7002 7000 0.00046511
7004 7000 0.00046511
6999 7001 0.0029949
7002 7001 0.0029949
7004 7001 0.0029949
6993 7002 0.00046511
6996 7002 0.00046511
6998 7002 0.00046511
7001 7002 0.00046511
2366 7005 0.012304
7006 7005 0.012304
7086 7005 0.012304
3316 7006 0.00074036
7005 7006 0.00074036
7008 7006 0.00074036
7088 7006 0.00074036
7021 7020 0.00043075
7023 7020 0.00043075
7025 7020 0.00043075
7036 7020 0.00043075
7020 7021 0.00029991
7032 7021 0.00029991
7035 7021 0.00029991
7021 7022 0.00033475
7023 7022 0.00033475
7025 7022 0.00033475
7036 7022 0.00033475
7022 7023 0.00017579
7029 7023 0.00017579
7031 7023 0.00017579
7033 7023 0.00017579
7021 7024 0.00046741
7023 7024 0.00046741
7025 7024 0.00046741
7036 7024 0.00046741
7024 7025 0.00045233
7027 7025 0.00045233
7077 7025 0.00045233
7080 7025 0.00045233
1230 7031 0.00041606
7030 7031 0.00041606
7078 7031 0.00041606
7022 7032 0.00058696
7029 7032 0.00058696
7031 7032 0.00058696
7033 7032 0.00058696
7020 7034 0.00075033
7032 7034 0.00075033
7035 7034 0.00075033
7034 7036 0.00055031
7037 7036 0.00055031
7039 7036 0.00055031
7021 7037 0.00024542
7023 7037 0.00024542
7025 7037 0.00024542
7036 7037 0.00024542
7034 7038 0.00063769
7037 7038 0.00063769
7039 7038 0.00063769
7038 7039 0.00027549
7041 7039 0.00027549
7043 7039 0.00027549
7038 7040 0.00063597
7041 7040 0.00063597
7043 7040 0.00063597
1227 7041 0.00028051
7040 7041 0.00028051
7075 7041 0.00028051
7079 7041 0.00028051
6971 7063 0.017801
6974 7063 0.017801
7064 7063 0.017801
6229 7064 0.075243
6979 7064 0.075243
7063 7064 0.075243
6969 7065 0.038198
6972 7065 0.038198
6975 7065 0.038198
7066 7065 0.038198
6980 7066 0.040422
7065 7066 0.040422
7098 7066 0.040422
1227 7076 0.0029527
7040 7076 0.0029527
7075 7076 0.0029527
7079 7076 0.0029527
7024 7078 0.00041606
7027 7078 0.00041606
7077 7078 0.00041606
7080 7078 0.00041606
7024 7079 0.00033073
7027 7079 0.00033073
7077 7079 0.00033073
7080 7079 0.00033073
1227 7080 0.00067382
7040 7080 0.00067382
7075 7080 0.00067382
7079 7080 0.00067382
2366 7085 0.040912
7006 7085 0.040912
7086 7085 0.040912
5670 7086 0.00016129
6385 7086 0.00016129
7085 7086 0.00016129
3316 7087 0.0014027
7005 7087 0.0014027
7008 7087 0.0014027
7088 7087 0.0014027
2351 7088 0.0014889
4656 7088 0.0014889
7014 7088 0.0014889
7087 7088 0.0014889
6997 7089 0.098477
7090 7089 0.098477
7091 7089 0.098477
3317 7090 0.0017155
5238 7090 0.0017155
7089 7090 0.0017155
3318 7091 0.092506
6983 7091 0.092506
7092 7091 0.092506
6997 7092 0.0054984
7090 7092 0.0054984
7091 7092 0.0054984
547 7093 0.91627
2073 7093 0.91627
7094 7093 0.91627
3319 7094 0.00041577
5985 7094 0.00041577
7093 7094 0.00041577
7095 7094 0.00041577
3320 7095 0.13215
6977 7095 0.13215
7096 7095 0.13215
3319 7096 0.10257
5985 7096 0.10257
7093 7096 0.10257
7095 7096 0.10257
6980 7097 0.021468
7065 7097 0.021468
7098 7097 0.021468
3321 7098 0.04875
3322 7098 0.04875
7097 7098 0.04875
5824 7099 0.0011253
6964 7099 0.0011253
7100 7099 0.0011253
3325 7100 0.0056812
3326 7100 0.0056812
7099 7100 0.0056812
5822 7101 0.00075677
6963 7101 0.00075677
7102 7101 0.00075677
7104 7101 0.00075677
6965 7102 0.0024352
6968 7102 0.0024352
7101 7102 0.0024352
5822 7103 0.0068848
6963 7103 0.0068848
7102 7103 0.0068848
7104 7103 0.0068848
3323 7104 0.0049137
3324 7104 0.0049137
7103 7104 0.0049137
6961 7105 0.00022218
7106 7105 0.00022218
7107 7105 0.00022218
2349 7106 0.0012225
5903 7106 0.0012225
5986 7106 0.0012225
7105 7106 0.0012225
2346 7107 0.00022217
6960 7107 0.00022217
7108 7107 0.00022217
6961 7108 0.0012225
7106 7108 0.0012225
7107 7108 0.0012225
5905 7109 0.00072807
6955 7109 0.00072807
7110 7109 0.00072807
719 7110 0.00027913
5908 7110 0.00027913
7109 7110 0.00027913
5954 7112 0.00040433
6370 7112 0.00040433
6388 7112 0.00040433
7111 7112 0.00040433
2324 7130 0.00026922
7131 7130 0.00026922
6726 7152 0.026534
7153 7152 0.026534
6952 7160 0.00041538
7161 7160 0.00041538
7162 7160 0.00041538
2356 7161 0.0018937
2359 7161 0.0018937
6362 7161 0.0018937
7160 7161 0.0018937
6939 7162 0.00013592
7067 7162 0.00013592
7163 7162 0.00013592
7164 7162 0.00013592
6952 7163 0.0020005
7161 7163 0.0020005
7162 7163 0.0020005
6939 7165 0.0017715
7067 7165 0.0017715
7163 7165 0.0017715
7164 7165 0.0017715
5740 7218 0.010215
7219 7218 0.010215
5241 7219 0.00066005
5738 7219 0.00066005
7218 7219 0.00066005
1235 7249 0.00030121
7248 7249 0.00030121
7250 7249 0.00030121
2752 7250 0.00030122
7251 7250 0.00030122
942 7253 0.41144
945 7253 0.41144
5898 7253 0.41144
7252 7253 0.41144
5893 7254 0.0026123
7255 7254 0.0026123
2329 7255 0.18588
5896 7255 0.18588
7254 7255 0.18588
7258 7255 0.18588
2328 7256 0.2267
7257 7256 0.2267
2331 7257 0.0001872
4196 7257 0.0001872
5971 7257 0.0001872
7256 7257 0.0001872
2326 7258 0.012776
7259 7258 0.012776
2329 7259 0.014385
5896 7259 0.014385
7254 7259 0.014385
7258 7259 0.014385
