548 547 0.037035
6226 547 0.037035
6227 547 0.037035
6230 547 0.037035
547 548 0.0056338
2073 548 0.0056338
7094 548 0.0056338
567 568 0.00035756
1467 568 0.00035756
943 942 0.0044541
4221 942 0.0044541
4815 942 0.0044541
942 943 0.0017618
945 943 0.0017618
5898 943 0.0017618
7252 943 0.0017618
942 944 0.019811
945 944 0.019811
5898 944 0.019811
7252 944 0.019811
944 945 0.0018565
947 945 0.0018565
4210 945 0.0018565
944 946 0.029698
947 946 0.029698
4210 946 0.029698
995 994 0.0022218
6359 994 0.0022218
6360 994 0.0022218
994 995 0.00034966
997 995 0.00034966
2076 995 0.00034966
2077 995 0.00034966
994 996 0.0015399
997 996 0.0015399
2076 996 0.0015399
2077 996 0.0015399
996 997 0.00035106
3119 997 0.00035106
4790 997 0.00035106
6237 997 0.00035106
1227 1226 0.00083727
7040 1226 0.00083727
7075 1226 0.00083727
7079 1226 0.00083727
1226 1227 0.0046827
1536 1227 0.0046827
4200 1227 0.0046827
1232 1233 0.00014661
7249 1233 0.00014661
567 1466 0.00015606
1467 1466 0.00015606
1468 1467 0.00050068
5934 1467 0.00050068
1117 1468 0.00035435
2345 1468 0.00035435
1537 1536 0.0045059
4710 1536 0.0045059
1226 1537 0.0013945
1536 1537 0.0013945
4200 1537 0.0013945
1653 1654 0.0039346
7054 1654 0.0039346
7076 1654 0.0039346
1656 1655 0.0020921
5746 1655 0.0020921
5748 1655 0.0020921
1655 1656 0.0072891
5745 1656 0.0072891
5901 1656 0.0072891
5904 1656 0.0072891
1658 1657 0.0044541
5747 1657 0.0044541
5907 1657 0.0044541
5984 1657 0.0044541
1657 1658 0.0017618
4219 1658 0.0017618
4817 1658 0.0017618
2072 2071 0.0013272
2074 2071 0.0013272
2075 2071 0.0013272
3906 2071 0.0013272
2071 2072 0.0011139
6238 2072 0.0011139
6239 2072 0.0011139
2072 2073 0.011465
2074 2073 0.011465
2075 2073 0.011465
3906 2073 0.011465
547 2074 0.004078
2073 2074 0.004078
7094 2074 0.004078
994 2075 0.0022873
997 2075 0.0022873
2076 2075 0.0022873
2077 2075 0.0022873
2072 2076 0.002107
2074 2076 0.002107
2075 2076 0.002107
3906 2076 0.002107
2078 2077 0.00041727
2358 2077 0.00041727
2361 2077 0.00041727
6371 2077 0.00041727
994 2078 0.00092022
997 2078 0.00092022
2076 2078 0.00092022
2077 2078 0.00092022
1466 2324 0.0001546
2325 2324 0.0001546
2327 2326 0.007686
4708 2326 0.007686
5968 2326 0.007686
2326 2327 0.0086582
7259 2327 0.0086582
2329 2328 0.13637
5896 2328 0.13637
7254 2328 0.13637
7258 2328 0.13637
2328 2329 0.00014292
7257 2329 0.00014292
2331 2330 0.1023
4196 2330 0.1023
5971 2330 0.1023
7256 2330 0.1023
2330 2331 0.001081
2333 2331 0.001081
5975 2331 0.001081
2330 2332 0.072769
2333 2332 0.072769
5975 2332 0.072769
2332 2333 0.004234
2335 2333 0.004234
4216 2333 0.004234
2332 2334 0.084643
2335 2334 0.084643
4216 2334 0.084643
2334 2335 0.0025631
2337 2335 0.0025631
5977 2335 0.0025631
7152 2335 0.0025631
2334 2336 0.062749
2337 2336 0.062749
5977 2336 0.062749
7152 2336 0.062749
2336 2337 0.028024
2339 2337 0.028024
4709 2337 0.028024
2336 2338 0.00066405
2339 2338 0.00066405
4709 2338 0.00066405
2338 2339 0.0039199
2341 2339 0.0039199
4198 2339 0.0039199
1654 2341 0.0040094
2340 2341 0.0040094
2343 2341 0.0040094
2344 2345 0.00034228
2347 2345 0.00034228
5906 2345 0.00034228
2346 2347 0.00037486
6960 2347 0.00037486
7108 2347 0.00037486
2349 2348 0.22405
5903 2348 0.22405
5986 2348 0.22405
7105 2348 0.22405
2348 2349 0.0081794
5239 2349 0.0081794
5739 2349 0.0081794
2351 2350 0.0023903
4656 2350 0.0023903
7014 2350 0.0023903
7087 2350 0.0023903
2356 2358 0.00055734
2359 2358 0.00055734
6362 2358 0.00055734
7160 2358 0.00055734
2078 2360 0.0010598
2358 2360 0.0010598
2361 2360 0.0010598
6371 2360 0.0010598
2360 2362 0.001225
2363 2362 0.001225
3120 2362 0.001225
2362 2364 0.0012584
2365 2364 0.0012584
6395 2364 0.0012584
2364 2366 0.0023876
2367 2366 0.0023876
6366 2366 0.0023876
6367 2366 0.0023876
2753 2752 0.00014661
3327 2752 0.00014661
5237 2752 0.00014661
2360 3119 0.00039115
2363 3119 0.00039115
3120 3119 0.00039115
996 3120 0.00058527
3119 3120 0.00058527
4790 3120 0.00058527
6237 3120 0.00058527
3317 3316 0.0032292
5238 3316 0.0032292
7089 3316 0.0032292
3316 3317 0.00059232
7005 3317 0.00059232
7008 3317 0.00059232
7088 3317 0.00059232
3319 3318 0.027495
5985 3318 0.027495
7093 3318 0.027495
7095 3318 0.027495
3318 3319 0.52867
6983 3319 0.52867
7092 3319 0.52867
3321 3320 0.0095943
3322 3320 0.0095943
7097 3320 0.0095943
3320 3321 0.067309
6977 3321 0.067309
7096 3321 0.067309
3323 3322 0.0029753
3324 3322 0.0029753
7103 3322 0.0029753
3321 3323 0.007911
3322 3323 0.007911
7097 3323 0.007911
3325 3324 0.000501
3326 3324 0.000501
7099 3324 0.000501
3323 3325 0.0046458
3324 3325 0.0046458
7103 3325 0.0046458
3325 3327 0.00028948
3326 3327 0.00028948
7099 3327 0.00028948
3331 3332 0.00072434
5827 3332 0.00072434
5829 3332 0.00072434
3332 3333 0.00072434
3334 3333 0.00072434
3333 3335 0.00064951
3336 3335 0.00064951
6225 3335 0.00064951
3335 3336 0.0046407
5823 3336 0.0046407
5831 3336 0.0046407
6967 3336 0.0046407
4199 3791 0.0003113
5395 3791 0.0003113
5396 3792 0.00020886
5397 3792 0.00020886
3791 3793 0.00017313
3793 3794 0.0001083
5993 3794 0.0001083
7115 3794 0.0001083
3907 3906 0.0089965
4019 3906 0.0089965
6228 3906 0.0089965
6358 3906 0.0089965
2072 3907 0.0015767
2074 3907 0.0015767
2075 3907 0.0015767
3906 3907 0.0015767
4020 4019 0.00016148
6232 4019 0.00016148
6351 4019 0.00016148
3907 4020 0.00018533
4019 4020 0.00018533
6228 4020 0.00018533
6358 4020 0.00018533
4163 4162 0.0062615
4164 4162 0.0062615
5889 4162 0.0062615
5892 4162 0.0062615
4162 4163 0.020845
4171 4163 0.020845
5793 4163 0.020845
4165 4164 0.0037775
4166 4164 0.0037775
5929 4164 0.0037775
5972 4164 0.0037775
4163 4165 0.069699
4164 4165 0.069699
5889 4165 0.069699
5892 4165 0.069699
4167 4166 0.0031324
4168 4166 0.0031324
5923 4166 0.0031324
5926 4166 0.0031324
4165 4167 0.060952
4166 4167 0.060952
5929 4167 0.060952
5972 4167 0.060952
4169 4168 0.0019469
4193 4168 0.0019469
4194 4168 0.0019469
4167 4169 0.03033
4168 4169 0.03033
5923 4169 0.03033
5926 4169 0.03033
4162 4170 0.0070204
4171 4170 0.0070204
5793 4170 0.0070204
4170 4171 0.0072878
4173 4171 0.0072878
5933 4171 0.0072878
4170 4172 0.0037674
4173 4172 0.0037674
5933 4172 0.0037674
4172 4173 0.0014797
5797 4173 0.0014797
568 4175 0.00037381
4174 4175 0.00037381
6435 4175 0.00037381
4177 4176 0.00051206
4178 4176 0.00051206
5970 4176 0.00051206
4175 4177 0.001192
4176 4177 0.001192
5784 4177 0.001192
5785 4177 0.001192
4179 4178 0.00028166
4180 4178 0.00028166
4177 4179 0.0042816
4178 4179 0.0042816
5970 4179 0.0042816
4181 4180 0.0062538
4182 4180 0.0062538
5885 4180 0.0062538
5888 4180 0.0062538
4179 4181 0.0039231
4180 4181 0.0039231
4183 4182 0.0038078
4184 4182 0.0038078
5928 4182 0.0038078
4181 4183 0.049607
4182 4183 0.049607
5885 4183 0.049607
5888 4183 0.049607
4185 4184 0.0056579
4186 4184 0.0056579
5922 4184 0.0056579
4183 4185 0.082382
4184 4185 0.082382
5928 4185 0.082382
4187 4186 0.0017854
4188 4186 0.0017854
4195 4186 0.0017854
4185 4187 0.13606
4186 4187 0.13606
5922 4187 0.13606
4189 4188 0.00086478
4190 4188 0.00086478
5918 4188 0.00086478
4187 4189 0.16823
4188 4189 0.16823
4195 4189 0.16823
4191 4190 0.0010849
4666 4190 0.0010849
6469 4190 0.0010849
4189 4191 0.24401
4190 4191 0.24401
5918 4191 0.24401
4169 4192 0.0035014
4193 4192 0.0035014
4194 4192 0.0035014
4192 4193 0.0082003
5919 4193 0.0082003
5980 4193 0.0082003
4187 4194 0.00049926
4188 4194 0.00049926
4195 4194 0.00049926
4169 4195 0.033582
4193 4195 0.033582
4194 4195 0.033582
2338 4200 0.00073547
2341 4200 0.00073547
4198 4200 0.00073547
4204 4205 0.00030258
4206 4205 0.00030258
4207 4205 0.00030258
4211 4205 0.00030258
4205 4206 0.0034923
5741 4206 0.0034923
5742 4206 0.0034923
4201 4207 0.00019262
4208 4207 0.00019262
4209 4207 0.00019262
5909 4207 0.00019262
4204 4208 0.0043675
4206 4208 0.0043675
4207 4208 0.0043675
4211 4208 0.0043675
4201 4210 0.011764
4208 4210 0.011764
4209 4210 0.011764
5909 4210 0.011764
4212 4211 0.0012258
4214 4211 0.0012258
4204 4212 0.00024072
4206 4212 0.00024072
4207 4212 0.00024072
4211 4212 0.00024072
4212 4213 0.00024072
4214 4213 0.00024072
4213 4214 0.0012258
5743 4214 0.0012258
5744 4214 0.0012258
2332 4215 0.00040129
2335 4215 0.00040129
4216 4215 0.00040129
4215 4216 0.013947
6725 4216 0.013947
4218 4217 0.016175
6706 4217 0.016175
6724 4217 0.016175
4220 4219 0.0017618
4222 4219 0.0017618
1657 4220 0.0044541
4219 4220 0.0044541
4817 4220 0.0044541
4220 4221 0.0044541
4222 4221 0.0044541
943 4222 0.0017618
4221 4222 0.0017618
4815 4222 0.0017618
6737 4659 0.005109
2646 4664 0.1527
5774 4664 0.1527
5775 4664 0.1527
4191 4665 0.8003
4666 4665 0.8003
6469 4665 0.8003
4664 4666 0.00035076
4665 4666 0.00035076
2327 4707 0.0018652
4708 4707 0.0018652
5968 4707 0.0018652
3189 4708 0.0023026
4707 4708 0.0023026
5981 4708 0.0023026
7130 4708 0.0023026
1537 4709 0.71915
4710 4709 0.71915
5063 4710 0.72226
996 4789 0.00071872
3119 4789 0.00071872
4790 4789 0.00071872
6237 4789 0.00071872
4789 4790 0.00011515
6240 4790 0.00011515
6365 4790 0.00011515
5064 5063 0.72257
5240 5063 0.72257
4659 5064 0.0053178
5065 5064 0.0053178
3792 5065 0.0002088
2348 5238 0.00014369
5239 5238 0.00014369
5739 5238 0.00014369
3317 5239 0.49633
5238 5239 0.49633
7089 5239 0.49633
5241 5240 0.71725
5738 5240 0.71725
7218 5240 0.71725
2753 5270 0.00014921
3327 5270 0.00014921
5237 5270 0.00014921
5063 5395 0.00030989
3791 5396 0.00013817
1233 5581 0.00014639
5580 5581 0.00014639
5582 5581 0.00014639
2350 5669 0.0050891
5671 5669 0.0050891
5836 5669 0.0050891
5670 5671 0.0028061
6385 5671 0.0028061
7085 5671 0.0028061
2348 5738 0.71206
5239 5738 0.71206
5739 5738 0.71206
4205 5740 0.0061487
5741 5740 0.0061487
5742 5740 0.0061487
5740 5741 0.00095567
7219 5741 0.00095567
4213 5742 0.0089089
5743 5742 0.0089089
5744 5742 0.0089089
4205 5743 0.00052606
5741 5743 0.00052606
5742 5743 0.00052606
1655 5744 0.0099536
5745 5744 0.0099536
5901 5744 0.0099536
5904 5744 0.0099536
4213 5745 0.00058569
5743 5745 0.00058569
5744 5745 0.00058569
1658 5746 0.0020921
5747 5746 0.0020921
5907 5746 0.0020921
5984 5746 0.0020921
1656 5747 0.0072891
5746 5747 0.0072891
5748 5747 0.0072891
4664 5771 0.95265
4665 5771 0.95265
2646 5773 0.04858
5774 5773 0.04858
5775 5773 0.04858
5773 5774 0.0011866
5880 5774 0.0011866
5776 5775 0.20007
6468 5775 0.20007
4175 5783 0.00051734
4176 5783 0.00051734
5784 5783 0.00051734
5785 5783 0.00051734
5783 5784 0.00079129
5788 5784 0.00079129
5796 5784 0.00079129
5783 5787 0.00074866
5788 5787 0.00074866
5796 5787 0.00074866
5787 5788 0.0020548
5914 5788 0.0020548
5915 5788 0.0020548
5790 5789 0.0029564
5791 5789 0.0029564
5932 5789 0.0029564
5969 5789 0.0029564
5789 5790 0.0013548
5911 5790 0.0013548
5913 5790 0.0013548
5982 5790 0.0013548
5792 5791 0.010304
5891 5791 0.010304
5894 5791 0.010304
5790 5792 0.0075567
5791 5792 0.0075567
5932 5792 0.0075567
5969 5792 0.0075567
5794 5793 0.014316
5931 5793 0.014316
5795 5794 0.011294
5887 5794 0.011294
5890 5794 0.011294
5794 5795 0.0033086
5931 5795 0.0033086
4172 5796 0.0011055
5797 5796 0.0011055
5783 5797 0.0021377
5788 5797 0.0021377
5796 5797 0.0021377
3335 5822 0.0021174
5823 5822 0.0021174
5831 5822 0.0021174
6967 5822 0.0021174
5822 5823 0.0047481
6963 5823 0.0047481
7102 5823 0.0047481
7104 5823 0.0047481
5825 5824 0.00021983
5826 5824 0.00021983
5830 5824 0.00021983
5824 5825 0.0032317
6964 5825 0.0032317
7100 5825 0.0032317
5825 5827 0.00072434
5826 5827 0.00072434
5830 5827 0.00072434
3335 5830 0.00055357
5823 5830 0.00055357
5831 5830 0.00055357
6967 5830 0.00055357
5825 5831 0.0029011
5826 5831 0.0029011
5830 5831 0.0029011
5773 5879 0.04858
5880 5879 0.04858
5879 5880 0.0011866
5882 5880 0.0011866
5879 5881 0.04858
5882 5881 0.04858
5771 5882 0.0011866
5881 5882 0.0011866
4181 5886 0.00011624
4182 5886 0.00011624
5885 5886 0.00011624
5888 5886 0.00011624
4181 5887 0.002697
4182 5887 0.002697
5885 5887 0.002697
5888 5887 0.002697
5795 5888 0.050882
5887 5888 0.050882
5890 5888 0.050882
5795 5889 0.003327
5887 5889 0.003327
5890 5889 0.003327
4163 5890 0.059498
4164 5890 0.059498
5889 5890 0.059498
5892 5890 0.059498
4163 5891 0.0012188
4164 5891 0.0012188
5889 5891 0.0012188
5892 5891 0.0012188
5792 5892 0.10873
5891 5892 0.10873
5894 5892 0.10873
5792 5893 0.0015812
5891 5893 0.0015812
5894 5893 0.0015812
5893 5894 0.11184
7255 5894 0.11184
5895 5896 0.24749
7253 5896 0.24749
5897 5898 0.26278
5900 5898 0.26278
5983 5898 0.26278
5897 5899 0.000175
5900 5899 0.000175
5983 5899 0.000175
5899 5900 0.26011
5902 5900 0.26011
5910 5900 0.26011
5899 5901 0.00015825
5902 5901 0.00015825
5910 5901 0.00015825
1655 5902 0.26766
5745 5902 0.26766
5901 5902 0.26766
5904 5902 0.26766
1655 5903 0.00061945
5745 5903 0.00061945
5901 5903 0.00061945
5904 5903 0.00061945
2349 5904 0.28268
5903 5904 0.28268
5986 5904 0.28268
7105 5904 0.28268
2344 5905 0.00016768
2347 5905 0.00016768
5906 5905 0.00016768
5905 5906 0.00022374
6955 5906 0.00022374
7110 5906 0.00022374
719 5907 0.00045174
5908 5907 0.00045174
7109 5907 0.00045174
1658 5908 0.00016787
5747 5908 0.00016787
5907 5908 0.00016787
5984 5908 0.00016787
5899 5909 0.0082046
5902 5909 0.0082046
5910 5909 0.0082046
4201 5910 0.00063726
4208 5910 0.00063726
4209 5910 0.00063726
5909 5910 0.00063726
5787 5913 0.00074866
5914 5913 0.00074866
5915 5913 0.00074866
5789 5914 0.0020548
5911 5914 0.0020548
5913 5914 0.0020548
5982 5914 0.0020548
4189 5917 0.00059498
4190 5917 0.00059498
5918 5917 0.00059498
5917 5918 0.076156
5920 5918 0.076156
5978 5918 0.076156
5917 5919 0.0043285
5920 5919 0.0043285
5978 5919 0.0043285
4192 5920 0.016385
5919 5920 0.016385
5980 5920 0.016385
4185 5921 0.0018884
4186 5921 0.0018884
5922 5921 0.0018884
5921 5922 0.059444
5924 5922 0.059444
5973 5922 0.059444
5921 5923 0.0035904
5924 5923 0.0035904
5973 5923 0.0035904
4167 5924 0.048953
4168 5924 0.048953
5923 5924 0.048953
5926 5924 0.048953
4167 5925 0.0068066
4168 5925 0.0068066
5923 5925 0.0068066
5926 5925 0.0068066
5925 5926 0.022733
5976 5926 0.022733
5979 5926 0.022733
4183 5927 0.0073782
4184 5927 0.0073782
5928 5927 0.0073782
5927 5928 0.038303
5930 5928 0.038303
5974 5928 0.038303
5927 5929 0.0072708
5930 5929 0.0072708
5974 5929 0.0072708
4165 5930 0.050388
4166 5930 0.050388
5929 5930 0.050388
5972 5930 0.050388
4179 5931 0.0063307
4180 5931 0.0063307
4170 5932 0.0051302
4173 5932 0.0051302
5933 5932 0.0051302
5790 5933 0.0076854
5791 5933 0.0076854
5932 5933 0.0076854
5969 5933 0.0076854
3898 5934 0.00014637
5581 5934 0.00014637
5935 5934 0.00014637
5790 5968 0.0062246
5791 5968 0.0062246
5932 5968 0.0062246
5969 5968 0.0062246
2327 5969 0.0076342
4708 5969 0.0076342
5968 5969 0.0076342
4172 5970 0.00332
5797 5970 0.00332
4165 5971 0.0042613
4166 5971 0.0042613
5929 5971 0.0042613
5972 5971 0.0042613
2331 5972 0.039276
4196 5972 0.039276
5971 5972 0.039276
7256 5972 0.039276
5927 5973 0.01984
5930 5973 0.01984
5974 5973 0.01984
5921 5974 0.0076471
5924 5974 0.0076471
5973 5974 0.0076471
5925 5975 0.0034586
5976 5975 0.0034586
5979 5975 0.0034586
2330 5976 0.03614
2333 5976 0.03614
5975 5976 0.03614
5917 5977 0.0023849
5920 5977 0.0023849
5978 5977 0.0023849
2334 5978 0.06589
2337 5978 0.06589
5977 5978 0.06589
7152 5978 0.06589
4192 5979 0.0023663
5919 5979 0.0023663
5980 5979 0.0023663
5925 5980 0.019121
5976 5980 0.019121
5979 5980 0.019121
5789 5981 0.0022025
5911 5981 0.0022025
5913 5981 0.0022025
5982 5981 0.0022025
3189 5982 0.0019071
4707 5982 0.0019071
5981 5982 0.0019071
7130 5982 0.0019071
1658 5983 0.0065166
5747 5983 0.0065166
5907 5983 0.0065166
5984 5983 0.0065166
5897 5984 0.0037281
5900 5984 0.0037281
5983 5984 0.0037281
2349 5985 0.0018587
5903 5985 0.0018587
5986 5985 0.0018587
7105 5985 0.0018587
3319 5986 0.50041
5985 5986 0.50041
7093 5986 0.50041
7095 5986 0.50041
548 6225 0.00055616
6226 6225 0.00055616
6227 6225 0.00055616
6230 6225 0.00055616
3333 6226 0.0052117
3336 6226 0.0052117
6225 6226 0.0052117
3907 6227 0.0011856
4019 6227 0.0011856
6228 6227 0.0011856
6358 6227 0.0011856
548 6228 0.010911
6226 6228 0.010911
6227 6228 0.010911
6230 6228 0.010911
548 6229 0.0041714
6226 6229 0.0041714
6227 6229 0.0041714
6230 6229 0.0041714
6229 6230 0.040642
6979 6230 0.040642
7063 6230 0.040642
6231 6232 0.00011973
6234 6232 0.00011973
6354 6232 0.00011973
3122 6234 0.00011949
5270 6234 0.00011949
6233 6234 0.00011949
2071 6237 0.0006322
6238 6237 0.0006322
6239 6237 0.0006322
996 6238 0.0010233
3119 6238 0.0010233
4790 6238 0.0010233
6237 6238 0.0010233
4789 6239 0.00020722
6240 6239 0.00020722
6365 6239 0.00020722
2071 6240 0.00081161
6238 6240 0.00081161
6239 6240 0.00081161
4020 6352 0.00013345
6232 6352 0.00013345
6351 6352 0.00013345
950 6357 0.00017551
6352 6357 0.00017551
6353 6357 0.00017551
6356 6357 0.00017551
995 6358 0.0003414
6359 6358 0.0003414
6360 6358 0.0003414
3907 6359 0.0026231
4019 6359 0.0026231
6228 6359 0.0026231
6358 6359 0.0026231
6357 6360 0.00014892
6361 6360 0.00014892
995 6361 0.00055852
6359 6361 0.00055852
6360 6361 0.00055852
6357 6362 0.00056538
6361 6362 0.00056538
4789 6366 0.0012728
6240 6366 0.0012728
6365 6366 0.0012728
4191 6468 0.2001
4666 6468 0.2001
6469 6468 0.2001
2336 6469 0.75713
2339 6469 0.75713
4709 6469 0.75713
946 6706 0.029698
6707 6706 0.029698
4215 6724 0.00040129
6725 6724 0.00040129
4218 6725 0.013947
6706 6725 0.013947
6724 6725 0.013947
4217 6726 0.016175
6727 6726 0.016175
6880 6737 0.005109
433 6880 0.005109
5669 6880 0.005109
6954 6955 0.00040891
6957 6955 0.00040891
6959 6955 0.00040891
2346 6959 0.00040891
6960 6959 0.00040891
7108 6959 0.00040891
5824 6963 0.0025474
6964 6963 0.0025474
7100 6963 0.0025474
5822 6964 0.0016946
6963 6964 0.0016946
7102 6964 0.0016946
7104 6964 0.0016946
6965 6967 0.00058504
6968 6967 0.00058504
7101 6967 0.00058504
3335 6968 0.001572
5823 6968 0.001572
5831 6968 0.001572
6967 6968 0.001572
6969 6971 0.074494
6972 6971 0.074494
6975 6971 0.074494
7066 6971 0.074494
6971 6972 0.020981
6974 6972 0.020981
7064 6972 0.020981
6971 6973 0.10024
6974 6973 0.10024
7064 6973 0.10024
6973 6974 0.026298
6976 6974 0.026298
6978 6974 0.026298
6973 6975 0.095233
6976 6975 0.095233
6978 6975 0.095233
6969 6976 0.037602
6972 6976 0.037602
6975 6976 0.037602
7066 6976 0.037602
6973 6977 0.1077
6976 6977 0.1077
6978 6977 0.1077
3320 6978 0.091391
6977 6978 0.091391
7096 6978 0.091391
6980 6979 0.062078
7065 6979 0.062078
7098 6979 0.062078
6229 6980 0.0051823
6979 6980 0.0051823
7063 6980 0.0051823
6982 6981 0.018525
6984 6981 0.018525
6986 6981 0.018525
6981 6982 1.0113
6990 6982 1.0113
6982 6983 0.85247
6984 6983 0.85247
6986 6983 0.85247
3318 6984 0.025918
6983 6984 0.025918
7092 6984 0.025918
6982 6985 0.18614
6984 6985 0.18614
6986 6985 0.18614
6985 6986 0.019934
6988 6986 0.019934
6989 6986 0.019934
6985 6987 0.19206
6988 6987 0.19206
6989 6987 0.19206
6987 6988 0.018613
6992 6988 0.018613
6994 6988 0.018613
6981 6989 0.018525
6990 6989 0.018525
6985 6990 0.011286
6988 6990 0.011286
6989 6990 0.011286
6987 6991 0.12503
6992 6991 0.12503
6994 6991 0.12503
6991 6992 0.0060265
6995 6992 0.0060265
7000 6992 0.0060265
6987 6993 0.10454
6992 6993 0.10454
6994 6993 0.10454
6993 6994 0.050095
6996 6994 0.050095
6998 6994 0.050095
7001 6994 0.050095
6993 6995 0.015676
6996 6995 0.015676
6998 6995 0.015676
7001 6995 0.015676
6991 6996 0.10771
6995 6996 0.10771
7000 6996 0.10771
6993 6997 0.184
6996 6997 0.184
6998 6997 0.184
7001 6997 0.184
6997 6998 0.010556
7090 6998 0.010556
7091 6998 0.010556
6991 6999 0.031209
6995 6999 0.031209
7000 6999 0.031209
6999 7000 0.004245
7002 7000 0.004245
7004 7000 0.004245
6999 7001 0.031209
7002 7001 0.031209
7004 7001 0.031209
6993 7002 0.004245
6996 7002 0.004245
6998 7002 0.004245
7001 7002 0.004245
2366 7005 0.00056933
7006 7005 0.00056933
7086 7005 0.00056933
3316 7006 0.00091466
7005 7006 0.00091466
7008 7006 0.00091466
7088 7006 0.00091466
7021 7020 0.00056943
7023 7020 0.00056943
7025 7020 0.00056943
7036 7020 0.00056943
7020 7021 0.0003967
7032 7021 0.0003967
7035 7021 0.0003967
7021 7022 0.00044279
7023 7022 0.00044279
7025 7022 0.00044279
7036 7022 0.00044279
7022 7023 0.0002324
7029 7023 0.0002324
7031 7023 0.0002324
7033 7023 0.0002324
7021 7024 0.00061841
7023 7024 0.00061841
7025 7024 0.00061841
7036 7024 0.00061841
7024 7025 0.00059721
7027 7025 0.00059721
7077 7025 0.00059721
7080 7025 0.00059721
1230 7031 0.00054986
7030 7031 0.00054986
7078 7031 0.00054986
7022 7032 0.00077608
7029 7032 0.00077608
7031 7032 0.00077608
7033 7032 0.00077608
7020 7034 0.00099198
7032 7034 0.00099198
7035 7034 0.00099198
7034 7035 0.00011032
7037 7035 0.00011032
7039 7035 0.00011032
7034 7036 0.0007285
7037 7036 0.0007285
7039 7036 0.0007285
7021 7037 0.00032418
7023 7037 0.00032418
7025 7037 0.00032418
7036 7037 0.00032418
7034 7038 0.0008428
7037 7038 0.0008428
7039 7038 0.0008428
7038 7039 0.00036546
7041 7039 0.00036546
7043 7039 0.00036546
7038 7040 0.00084051
7041 7040 0.00084051
7043 7040 0.00084051
1227 7041 0.00037213
7040 7041 0.00037213
7075 7041 0.00037213
7079 7041 0.00037213
6971 7063 0.022809
6974 7063 0.022809
7064 7063 0.022809
6229 7064 0.043235
6979 7064 0.043235
7063 7064 0.043235
6969 7065 0.039709
6972 7065 0.039709
6975 7065 0.039709
7066 7065 0.039709
6980 7066 0.035592
7065 7066 0.035592
7098 7066 0.035592
1227 7076 0.0039281
7040 7076 0.0039281
7075 7076 0.0039281
7079 7076 0.0039281
7024 7078 0.00054986
7027 7078 0.00054986
7077 7078 0.00054986
7080 7078 0.00054986
7024 7079 0.00043782
7027 7079 0.00043782
7077 7079 0.00043782
7080 7079 0.00043782
1227 7080 0.00088954
7040 7080 0.00088954
7075 7080 0.00088954
7079 7080 0.00088954
3790 7084 0.00010245
3794 7084 0.00010245
7083 7084 0.00010245
2366 7085 0.0027376
7006 7085 0.0027376
7086 7085 0.0027376
3316 7087 0.0023903
7005 7087 0.0023903
7008 7087 0.0023903
7088 7087 0.0023903
6997 7089 0.49898
7090 7089 0.49898
7091 7089 0.49898
3317 7090 0.00015238
5238 7090 0.00015238
7089 7090 0.00015238
3318 7091 0.3872
6983 7091 0.3872
7092 7091 0.3872
6997 7092 0.061821
7090 7092 0.061821
7091 7092 0.061821
547 7093 0.047853
2073 7093 0.047853
7094 7093 0.047853
3319 7094 0.0090649
5985 7094 0.0090649
7093 7094 0.0090649
7095 7094 0.0090649
3320 7095 0.10485
6977 7095 0.10485
7096 7095 0.10485
3319 7096 0.14625
5985 7096 0.14625
7093 7096 0.14625
7095 7096 0.14625
6980 7097 0.0086832
7065 7097 0.0086832
7098 7097 0.0086832
3321 7098 0.061462
3322 7098 0.061462
7097 7098 0.061462
5824 7099 0.00052852
6964 7099 0.00052852
7100 7099 0.00052852
3325 7100 0.0043932
3326 7100 0.0043932
7099 7100 0.0043932
5822 7101 0.00058504
6963 7101 0.00058504
7102 7101 0.00058504
7104 7101 0.00058504
6965 7102 0.001572
6968 7102 0.001572
7101 7102 0.001572
5822 7103 0.0036625
6963 7103 0.0036625
7102 7103 0.0036625
7104 7103 0.0036625
3323 7104 0.0044534
3324 7104 0.0044534
7103 7104 0.0044534
6961 7105 0.00013494
7106 7105 0.00013494
7107 7105 0.00013494
2349 7106 0.00075908
5903 7106 0.00075908
5986 7106 0.00075908
7105 7106 0.00075908
2346 7107 0.00013494
6960 7107 0.00013494
7108 7107 0.00013494
6961 7108 0.00075908
7106 7108 0.00075908
7107 7108 0.00075908
5905 7109 0.00045174
6955 7109 0.00045174
7110 7109 0.00045174
719 7110 0.00016787
5908 7110 0.00016787
7109 7110 0.00016787
2324 7130 0.0001546
7131 7130 0.0001546
6726 7152 0.016175
7153 7152 0.016175
5740 7218 0.0061487
7219 7218 0.0061487
5241 7219 0.00095567
5738 7219 0.00095567
7218 7219 0.00095567
1235 7249 0.00014661
7248 7249 0.00014661
7250 7249 0.00014661
2752 7250 0.00014661
7251 7250 0.00014661
942 7253 0.24749
945 7253 0.24749
5898 7253 0.24749
7252 7253 0.24749
5893 7254 0.0015812
7255 7254 0.0015812
2329 7255 0.11184
5896 7255 0.11184
7254 7255 0.11184
7258 7255 0.11184
2328 7256 0.13637
7257 7256 0.13637
2331 7257 0.00014292
4196 7257 0.00014292
5971 7257 0.00014292
7256 7257 0.00014292
2326 7258 0.007686
7259 7258 0.007686
2329 7259 0.0086582
5896 7259 0.0086582
7254 7259 0.0086582
7258 7259 0.0086582
