86 85 0.00075939
89 85 0.00075939
6576 85 0.00075939
85 86 0.00102
3724 86 0.00102
3725 86 0.00102
87 88 0.00096276
3728 88 0.00096276
3729 88 0.00096276
88 89 0.00013539
90 89 0.00013539
773 89 0.00013539
6568 89 0.00013539
86 90 0.0027187
89 90 0.0027187
6576 90 0.0027187
91 92 0.00019056
3732 92 0.00019056
3733 92 0.00019056
107 108 0.00011714
390 108 0.00011714
391 108 0.00011714
112 111 0.00062656
424 111 0.00062656
425 111 0.00062656
6552 111 0.00062656
111 112 0.24019
387 112 0.24019
394 112 0.24019
114 113 0.014495
422 113 0.014495
423 113 0.014495
6550 113 0.014495
113 114 0.15509
384 114 0.15509
385 114 0.15509
116 115 0.017502
420 115 0.017502
421 115 0.017502
1584 115 0.017502
115 116 0.17293
382 116 0.17293
383 116 0.17293
378 377 0.076753
379 377 0.076753
377 378 0.0067212
399 378 0.0067212
380 379 0.076753
386 379 0.076753
393 379 0.076753
378 380 0.0067212
379 380 0.0067212
115 381 0.41013
382 381 0.41013
383 381 0.41013
381 382 0.016626
400 382 0.016626
401 382 0.016626
413 382 0.016626
113 383 0.55933
384 383 0.55933
385 383 0.55933
115 384 0.010401
382 384 0.010401
383 384 0.010401
380 385 0.69713
386 385 0.69713
393 385 0.69713
113 386 0.0076052
384 386 0.0076052
385 386 0.0076052
388 387 1.0003
389 387 1.0003
3717 387 1.0003
6554 387 1.0003
111 388 0.0011864
387 388 0.0011864
394 388 0.0011864
388 390 0.00016069
389 390 0.00016069
3717 390 0.00016069
6554 390 0.00016069
111 393 0.76739
387 393 0.76739
394 393 0.76739
380 394 0.007839
386 394 0.007839
393 394 0.007839
108 398 0.000153
396 398 0.000153
397 398 0.000153
381 399 0.0067212
400 399 0.0067212
401 399 0.0067212
413 399 0.0067212
377 400 0.076753
399 400 0.076753
402 401 0.034776
403 401 0.034776
418 401 0.034776
419 401 0.034776
381 402 0.20217
400 402 0.20217
401 402 0.20217
413 402 0.20217
404 403 0.0034301
405 403 0.0034301
6570 403 0.0034301
6573 403 0.0034301
402 404 0.028753
403 404 0.028753
418 404 0.028753
419 404 0.028753
414 413 0.017385
415 413 0.017385
417 413 0.017385
381 414 0.31353
400 414 0.31353
401 414 0.31353
413 414 0.31353
416 415 0.00037492
3096 415 0.00037492
7148 415 0.00037492
414 416 0.95004
415 416 0.95004
417 416 0.95004
402 417 0.65564
403 417 0.65564
418 417 0.65564
419 417 0.65564
414 418 0.00212
415 418 0.00212
417 418 0.00212
116 419 0.51297
420 419 0.51297
421 419 0.51297
1584 419 0.51297
402 420 0.0015191
403 420 0.0015191
418 420 0.0015191
419 420 0.0015191
114 421 0.3632
422 421 0.3632
423 421 0.3632
6550 421 0.3632
116 422 0.001525
420 422 0.001525
421 422 0.001525
1584 422 0.001525
112 423 0.22331
424 423 0.22331
425 423 0.22331
6552 423 0.22331
114 424 0.0037472
422 424 0.0037472
423 424 0.0037472
6550 424 0.0037472
426 425 0.0011478
3720 425 0.0011478
3721 425 0.0011478
4661 425 0.0011478
112 426 0.0058764
424 426 0.0058764
425 426 0.0058764
6552 426 0.0058764
428 427 0.0002479
429 427 0.0002479
3089 427 0.0002479
5680 427 0.0002479
427 428 0.078657
431 428 0.078657
3097 428 0.078657
2279 431 0.0028456
5674 431 0.0028456
7273 431 0.0028456
427 432 0.015508
431 432 0.015508
3097 432 0.015508
5835 433 0.79295
548 547 0.00050388
6226 547 0.00050388
6227 547 0.00050388
6230 547 0.00050388
547 548 0.00011424
2073 548 0.00011424
7094 548 0.00011424
557 558 0.0014419
6037 558 0.0014419
6465 558 0.0014419
567 568 0.0017451
1467 568 0.0017451
770 769 0.0021207
771 769 0.0021207
1920 769 0.0021207
769 770 0.00020847
4157 770 0.00020847
772 771 0.00028344
1884 771 0.00028344
4156 771 0.00028344
770 772 0.00061753
771 772 0.00061753
1920 772 0.00061753
88 774 0.0031494
90 774 0.0031494
773 774 0.0031494
6568 774 0.0031494
774 776 0.0031494
775 776 0.0031494
942 944 0.00014836
945 944 0.00014836
5898 944 0.00014836
7252 944 0.00014836
944 946 0.00027221
947 946 0.00027221
4210 946 0.00027221
995 994 0.00015883
6359 994 0.00015883
6360 994 0.00015883
994 995 0.00023488
997 995 0.00023488
2076 995 0.00023488
2077 995 0.00023488
994 996 0.0001464
997 996 0.0001464
2076 996 0.0001464
2077 996 0.0001464
996 997 0.00066753
3119 997 0.00066753
4790 997 0.00066753
6237 997 0.00066753
434 1126 0.00029126
5089 1126 0.00029126
432 1127 0.016261
5692 1127 0.016261
6874 1128 0.0011745
1227 1226 0.0010443
7040 1226 0.0010443
7075 1226 0.0010443
7079 1226 0.0010443
1226 1227 0.06729
1536 1227 0.06729
4200 1227 0.06729
1232 1233 0.0018408
7249 1233 0.0018408
567 1466 0.00010204
1467 1466 0.00010204
1468 1467 0.0018468
5934 1467 0.0018468
1530 1531 0.00026477
1533 1531 0.00026477
2850 1531 0.00026477
1532 1533 0.00019047
2851 1533 0.00019047
3339 1533 0.00019047
1537 1536 0.065218
4710 1536 0.065218
1226 1537 0.0016302
1536 1537 0.0016302
4200 1537 0.0016302
1572 1573 0.0012471
7223 1573 0.0012471
1574 1575 0.0012471
1577 1575 0.0012471
6571 1575 0.0012471
1574 1576 0.045307
1577 1576 0.045307
6571 1576 0.045307
1576 1577 0.00052415
7149 1577 0.00052415
1578 1580 0.00056387
1581 1580 0.00056387
4558 1580 0.00056387
1580 1582 0.00047703
1583 1582 0.00047703
6572 1582 0.00047703
6575 1582 0.00047703
1582 1583 0.017552
1585 1583 0.017552
4524 1583 0.017552
1582 1584 0.008503
1585 1584 0.008503
4524 1584 0.008503
116 1585 0.014155
420 1585 0.014155
421 1585 0.014155
1584 1585 0.014155
1654 1653 0.00017749
2340 1653 0.00017749
2343 1653 0.00017749
1653 1654 0.066454
7054 1654 0.066454
7076 1654 0.066454
1773 1775 0.012871
1776 1775 0.012871
1792 1775 0.012871
1775 1777 0.012871
1778 1777 0.012871
4813 1777 0.012871
1779 1780 0.013052
3663 1780 0.013052
5769 1780 0.013052
571 1782 0.013052
1780 1782 0.013052
1781 1782 0.013052
1782 1784 0.012895
1783 1784 0.012895
1803 1784 0.012895
1784 1786 0.012285
1785 1786 0.012285
1801 1786 0.012285
1786 1788 0.012481
1787 1788 0.012481
5989 1788 0.012481
1788 1790 0.012163
1789 1790 0.012163
1799 1790 0.012163
1790 1792 0.012868
1791 1792 0.012868
1797 1792 0.012868
1794 1793 0.00011845
1796 1793 0.00011845
1793 1794 0.00050368
1802 1794 0.00050368
5990 1794 0.00050368
1794 1795 0.00050368
1796 1795 0.00050368
1795 1796 0.00011845
1798 1796 0.00011845
1800 1796 0.00011845
1795 1797 0.0011001
1798 1797 0.0011001
1800 1797 0.0011001
1790 1798 0.00039584
1791 1798 0.00039584
1797 1798 0.00039584
1795 1799 0.00041061
1798 1799 0.00041061
1800 1799 0.00041061
1788 1800 0.00072964
1789 1800 0.00072964
1799 1800 0.00072964
1793 1801 0.00047193
1802 1801 0.00047193
5990 1801 0.00047193
1784 1802 0.0010619
1785 1802 0.0010619
1801 1802 0.0010619
1804 1803 0.00011967
2284 1803 0.00011967
6475 1803 0.00011967
1782 1804 0.00025538
1783 1804 0.00025538
1803 1804 0.00025538
1875 1874 0.00037143
1896 1874 0.00037143
3924 1874 0.00037143
5233 1874 0.00037143
1918 1920 0.0022469
1921 1920 0.0022469
1922 1920 0.0022469
1923 1922 0.0022469
1924 1922 0.0022469
4230 1922 0.0022469
4231 1922 0.0022469
2071 2072 0.0011697
6238 2072 0.0011697
6239 2072 0.0011697
2072 2073 0.002291
2074 2073 0.002291
2075 2073 0.002291
3906 2073 0.002291
994 2075 0.0012085
997 2075 0.0012085
2076 2075 0.0012085
2077 2075 0.0012085
2072 2076 0.00012394
2074 2076 0.00012394
2075 2076 0.00012394
3906 2076 0.00012394
2078 2077 0.00083182
2358 2077 0.00083182
2361 2077 0.00083182
6371 2077 0.00083182
994 2078 0.00019232
997 2078 0.00019232
2076 2078 0.00019232
2077 2078 0.00019232
1886 2317 0.29902
2316 2317 0.29902
7271 2317 0.29902
2318 2319 0.29902
7209 2319 0.29902
1880 2321 0.29902
2320 2321 0.29902
2323 2321 0.29902
1882 2323 0.29902
2322 2323 0.29902
5939 2323 0.29902
2327 2326 0.00011979
4708 2326 0.00011979
5968 2326 0.00011979
2326 2327 0.00015815
7259 2327 0.00015815
2329 2328 0.0010091
5896 2328 0.0010091
7254 2328 0.0010091
7258 2328 0.0010091
2328 2329 0.00014363
7257 2329 0.00014363
2331 2330 0.00089623
4196 2330 0.00089623
5971 2330 0.00089623
7256 2330 0.00089623
2330 2331 0.00057806
2333 2331 0.00057806
5975 2331 0.00057806
2330 2332 0.0015945
2333 2332 0.0015945
5975 2332 0.0015945
2332 2333 0.0015337
2335 2333 0.0015337
4216 2333 0.0015337
2332 2334 0.0017466
2335 2334 0.0017466
4216 2334 0.0017466
2334 2335 0.0017291
2337 2335 0.0017291
5977 2335 0.0017291
7152 2335 0.0017291
2334 2336 0.002746
2337 2336 0.002746
5977 2336 0.002746
7152 2336 0.002746
2336 2337 0.013399
2339 2337 0.013399
4709 2337 0.013399
2336 2338 0.21605
2339 2338 0.21605
4709 2338 0.21605
2338 2339 0.0036337
2341 2339 0.0036337
4198 2339 0.0036337
2338 2340 0.2143
2341 2340 0.2143
4198 2340 0.2143
1654 2341 0.0041808
2340 2341 0.0041808
2343 2341 0.0041808
1654 2342 0.27648
2340 2342 0.27648
2343 2342 0.27648
2349 2348 0.0016928
5903 2348 0.0016928
5986 2348 0.0016928
7105 2348 0.0016928
2348 2349 0.00076664
5239 2349 0.00076664
5739 2349 0.00076664
2351 2350 0.063639
4656 2350 0.063639
7014 2350 0.063639
7087 2350 0.063639
2350 2351 0.0044971
5671 2351 0.0044971
5836 2351 0.0044971
2353 2352 0.00049791
3337 2352 0.00049791
2352 2354 0.00051453
2355 2354 0.00051453
5269 2354 0.00051453
2354 2356 0.00030425
2357 2356 0.00030425
2356 2358 0.00042384
2359 2358 0.00042384
6362 2358 0.00042384
7160 2358 0.00042384
2078 2360 0.00038027
2358 2360 0.00038027
2361 2360 0.00038027
6371 2360 0.00038027
2360 2361 0.00032575
2363 2361 0.00032575
3120 2361 0.00032575
2360 2362 0.00065904
2363 2362 0.00065904
3120 2362 0.00065904
2362 2363 0.00059655
2365 2363 0.00059655
6395 2363 0.00059655
2362 2364 0.00086517
2365 2364 0.00086517
6395 2364 0.00086517
2364 2365 0.00061256
2367 2365 0.00061256
6366 2365 0.00061256
6367 2365 0.00061256
2364 2366 0.010644
2367 2366 0.010644
6366 2366 0.010644
6367 2366 0.010644
2366 2367 0.0012097
7006 2367 0.0012097
7086 2367 0.0012097
2446 2447 0.00036607
4407 2447 0.00036607
4410 2447 0.00036607
2632 2633 0.0046545
5782 2633 0.0046545
5883 2633 0.0046545
5886 2633 0.0046545
6716 2634 0.69631
2634 2635 0.3885
2636 2635 0.3885
2633 2636 0.0032844
2635 2636 0.0032844
2644 2636 0.0032844
2637 2638 0.00013302
2641 2638 0.00013302
2638 2639 0.00013229
4085 2640 0.68817
2639 2642 0.31123
2645 2642 0.31123
2633 2643 0.39301
2635 2643 0.39301
2644 2643 0.39301
2642 2644 0.0031435
2643 2644 0.0031435
2634 2645 0.3111
2636 2645 0.3111
3664 2749 0.0015082
6466 2749 0.0015082
2753 2752 0.0018409
3327 2752 0.0018409
5237 2752 0.0018409
1530 2849 0.00013161
1533 2849 0.00013161
2850 2849 0.00013161
600 2850 0.00020824
2849 2850 0.00020824
3344 2850 0.00020824
3345 2850 0.00020824
3085 3086 0.07359
3088 3086 0.07359
5398 3086 0.07359
3087 3088 0.073109
7151 3088 0.073109
428 3090 0.079
429 3090 0.079
3089 3090 0.079
5680 3090 0.079
1570 3091 0.0012778
1573 3091 0.0012778
3092 3091 0.0012778
416 3095 0.99446
3096 3095 0.99446
7148 3095 0.99446
1127 3097 0.09209
3095 3097 0.09209
3098 3097 0.09209
427 3098 0.0010181
431 3098 0.0010181
3097 3098 0.0010181
3105 3106 0.0010141
5399 3106 0.0010141
5963 3106 0.0010141
3118 3117 0.00030184
6390 3117 0.00030184
6391 3117 0.00030184
3117 3118 0.00051142
5957 3118 0.00051142
6368 3118 0.00051142
6369 3118 0.00051142
2360 3119 0.00045065
2363 3119 0.00045065
3120 3119 0.00045065
996 3120 0.00045863
3119 3120 0.00045863
4790 3120 0.00045863
6237 3120 0.00045863
3121 3122 0.00025051
3328 3122 0.00025051
3329 3122 0.00025051
3124 3123 0.00018377
3307 3123 0.00018377
3308 3123 0.00018377
3637 3123 0.00018377
3123 3125 0.00017508
3126 3125 0.00017508
3312 3125 0.00017508
3125 3127 0.00015692
3128 3127 0.00015692
5949 3127 0.00015692
3127 3129 0.00010586
3130 3129 0.00010586
6380 3129 0.00010586
6381 3129 0.00010586
3129 3131 0.00010896
3132 3131 0.00010896
6105 3131 0.00010896
6108 3131 0.00010896
3131 3133 0.00018817
3134 3133 0.00018817
6402 3133 0.00018817
6403 3133 0.00018817
3133 3134 0.00013214
5955 3134 0.00013214
6394 3134 0.00013214
3137 3138 0.000146
3302 3138 0.000146
3338 3138 0.000146
1528 3302 0.00026477
1531 3302 0.00026477
3303 3302 0.00026477
3316 3317 0.016707
7005 3317 0.016707
7008 3317 0.016707
7088 3317 0.016707
3319 3318 0.00052415
5985 3318 0.00052415
7093 3318 0.00052415
7095 3318 0.00052415
3318 3319 0.0015561
6983 3319 0.0015561
7092 3319 0.0015561
3321 3320 0.00042813
3322 3320 0.00042813
7097 3320 0.00042813
3320 3321 0.00037262
6977 3321 0.00037262
7096 3321 0.00037262
3323 3322 0.00041353
3324 3322 0.00041353
7103 3322 0.00041353
3325 3324 0.00038067
3326 3324 0.00038067
7099 3324 0.00038067
2753 3326 0.00043675
3327 3326 0.00043675
5237 3326 0.00043675
2353 3328 0.0025424
3337 3328 0.0025424
3137 3337 0.0030353
3302 3337 0.0030353
3338 3337 0.0030353
3343 3338 0.0029285
3639 3338 0.0029285
3962 3338 0.0029285
3340 3339 0.00019047
3342 3339 0.00019047
3960 3339 0.00019047
3341 3342 0.00019047
3346 3342 0.00019047
4684 3342 0.00019047
600 3343 0.0040398
2849 3343 0.0040398
3344 3343 0.0040398
3345 3343 0.0040398
3341 3345 0.0041161
3346 3345 0.0041161
4684 3345 0.0041161
3353 3354 0.0042696
3355 3354 0.0042696
7220 3354 0.0042696
2844 3615 0.6881
3616 3615 0.6881
4083 3615 0.6881
954 3617 0.6881
3618 3617 0.6881
7260 3617 0.6881
7262 3617 0.6881
1777 3619 0.70096
3617 3619 0.70096
3620 3619 0.70096
3619 3621 0.079605
3622 3621 0.079605
4035 3621 0.079605
4078 3621 0.079605
3621 3622 0.065611
3624 3622 0.065611
5872 3622 0.065611
3621 3623 0.013111
3624 3623 0.013111
5872 3623 0.013111
3623 3624 0.12015
7129 3624 0.12015
2317 3626 0.29867
3625 3626 0.29867
3628 3626 0.29867
2317 3627 0.00036767
3625 3627 0.00036767
3628 3627 0.00036767
3638 3637 0.00028325
3640 3637 0.00028325
5268 3637 0.00028325
3343 3640 0.0011912
3639 3640 0.0011912
3962 3640 0.0011912
3664 3663 0.052941
6466 3663 0.052941
398 3717 0.00030625
3718 3717 0.00030625
3719 3717 0.00030625
388 3718 0.0010676
389 3718 0.0010676
3717 3718 0.0010676
6554 3718 0.0010676
426 3719 0.00029721
3720 3719 0.00029721
3721 3719 0.00029721
4661 3719 0.00029721
398 3720 0.0011807
3718 3720 0.0011807
3719 3720 0.0011807
365 3721 0.00023257
3722 3721 0.00023257
3723 3721 0.00023257
426 3722 0.0015752
3720 3722 0.0015752
3721 3722 0.0015752
4661 3722 0.0015752
85 3723 0.00023776
3724 3723 0.00023776
3725 3723 0.00023776
365 3724 0.0014974
3722 3724 0.0014974
3723 3724 0.0014974
85 3726 0.001064
3724 3726 0.001064
3725 3726 0.001064
3726 3728 0.0010931
3727 3728 0.0010931
4556 3728 0.0010931
87 3730 0.00021444
3728 3730 0.00021444
3729 3730 0.00021444
373 3732 0.00021686
3730 3732 0.00021686
3731 3732 0.00021686
4199 3791 0.022961
5395 3791 0.022961
5396 3792 0.00028764
5397 3792 0.00028764
3791 3793 0.02277
3793 3794 0.022681
5993 3794 0.022681
7115 3794 0.022681
3907 3906 0.00035603
4019 3906 0.00035603
6228 3906 0.00035603
6358 3906 0.00035603
2072 3907 0.00031135
2074 3907 0.00031135
2075 3907 0.00031135
3906 3907 0.00031135
3908 3909 0.00011385
6392 3909 0.00011385
6393 3909 0.00011385
6876 3963 0.00028036
4020 4019 0.00037976
6232 4019 0.00037976
6351 4019 0.00037976
4022 4021 0.004997
4025 4021 0.004997
5873 4021 0.004997
5996 4021 0.004997
4021 4022 0.062566
4046 4022 0.062566
4047 4022 0.062566
2447 4023 0.00036607
4024 4023 0.00036607
4026 4025 0.0037914
4411 4025 0.0037914
5866 4025 0.0037914
4022 4026 0.097095
4025 4026 0.097095
5873 4026 0.097095
5996 4026 0.097095
4028 4027 0.14773
4029 4027 0.14773
5999 4027 0.14773
4030 4029 0.14773
4092 4029 0.14773
4566 4029 0.14773
5995 4029 0.14773
4036 4035 0.0081053
5865 4035 0.0081053
5868 4035 0.0081053
3619 4036 0.69511
3622 4036 0.69511
4035 4036 0.69511
4078 4036 0.69511
4021 4045 0.075051
4046 4045 0.075051
4047 4045 0.075051
4045 4046 0.0014654
4090 4046 0.0014654
4093 4046 0.0014654
4048 4047 0.13205
4049 4047 0.13205
5869 4047 0.13205
5998 4047 0.13205
4021 4048 0.00089892
4046 4048 0.00089892
4047 4048 0.00089892
3626 4049 0.19183
4050 4049 0.19183
4051 4049 0.19183
7128 4049 0.19183
4048 4050 0.00024871
4049 4050 0.00024871
5869 4050 0.00024871
5998 4050 0.00024871
4084 4083 0.6881
4086 4083 0.6881
5987 4083 0.6881
5770 4085 0.68823
5772 4085 0.68823
2640 4086 0.6881
4087 4086 0.6881
5732 4086 0.6881
4089 4088 0.012769
5997 4088 0.012769
1874 4089 0.00018333
4088 4089 0.00018333
4091 4089 0.00018333
6001 4089 0.00018333
1874 4090 0.013095
4088 4090 0.013095
4091 4090 0.013095
6001 4090 0.013095
4045 4091 0.00013741
4090 4091 0.00013741
4093 4091 0.00013741
4045 4092 0.086687
4090 4092 0.086687
4093 4092 0.086687
4030 4093 0.00014375
4092 4093 0.00014375
4566 4093 0.00014375
5995 4093 0.00014375
4155 4154 0.30004
7132 4154 0.30004
769 4155 0.0032609
4157 4155 0.0032609
4154 4156 0.0010146
5938 4156 0.0010146
772 4157 0.0013487
1884 4157 0.0013487
4156 4157 0.0013487
4163 4162 0.00015261
4164 4162 0.00015261
5889 4162 0.00015261
5892 4162 0.00015261
4162 4163 0.00037442
4171 4163 0.00037442
5793 4163 0.00037442
4165 4164 0.00039159
4166 4164 0.00039159
5929 4164 0.00039159
5972 4164 0.00039159
4163 4165 0.00040796
4164 4165 0.00040796
5889 4165 0.00040796
5892 4165 0.00040796
4167 4166 0.00033381
4168 4166 0.00033381
5923 4166 0.00033381
5926 4166 0.00033381
4165 4167 0.00046712
4166 4167 0.00046712
5929 4167 0.00046712
5972 4167 0.00046712
4169 4168 0.0002493
4193 4168 0.0002493
4194 4168 0.0002493
4167 4169 0.00035864
4168 4169 0.00035864
5923 4169 0.00035864
5926 4169 0.00035864
4162 4170 0.00017155
4171 4170 0.00017155
5793 4170 0.00017155
4170 4171 0.00012967
4173 4171 0.00012967
5933 4171 0.00012967
568 4175 0.000364
4174 4175 0.000364
6435 4175 0.000364
4175 4177 0.0002942
4176 4177 0.0002942
5784 4177 0.0002942
5785 4177 0.0002942
4177 4179 0.00037309
4178 4179 0.00037309
5970 4179 0.00037309
4181 4180 0.00026214
4182 4180 0.00026214
5885 4180 0.00026214
5888 4180 0.00026214
4179 4181 0.00033291
4180 4181 0.00033291
4183 4182 0.00085111
4184 4182 0.00085111
5928 4182 0.00085111
4181 4183 0.00023668
4182 4183 0.00023668
5885 4183 0.00023668
5888 4183 0.00023668
4185 4184 0.0006786
4186 4184 0.0006786
5922 4184 0.0006786
4183 4185 0.00047203
4184 4185 0.00047203
5928 4185 0.00047203
4187 4186 0.00060119
4188 4186 0.00060119
4195 4186 0.00060119
4185 4187 0.0011435
4186 4187 0.0011435
5922 4187 0.0011435
4189 4188 0.00065094
4190 4188 0.00065094
5918 4188 0.00065094
4187 4189 0.0017958
4188 4189 0.0017958
4195 4189 0.0017958
4191 4190 0.0013754
4666 4190 0.0013754
6469 4190 0.0013754
4189 4191 0.012566
4190 4191 0.012566
5918 4191 0.012566
4169 4192 0.00013064
4193 4192 0.00013064
4194 4192 0.00013064
4192 4193 0.00062391
5919 4193 0.00062391
5980 4193 0.00062391
4187 4194 0.0001192
4188 4194 0.0001192
4195 4194 0.0001192
4169 4195 0.0007218
4193 4195 0.0007218
4194 4195 0.0007218
5771 4198 0.00045975
5881 4198 0.00045975
7116 4199 0.00010216
2338 4200 0.0027598
2341 4200 0.0027598
4198 4200 0.0027598
4205 4206 0.00011664
5741 4206 0.00011664
5742 4206 0.00011664
4204 4208 0.00012081
4206 4208 0.00012081
4207 4208 0.00012081
4211 4208 0.00012081
4201 4210 0.00016255
4208 4210 0.00016255
4209 4210 0.00016255
5909 4210 0.00016255
2332 4215 0.00021177
2335 4215 0.00021177
4216 4215 0.00021177
4215 4216 0.00016851
6725 4216 0.00016851
4218 4217 0.00033956
6706 4217 0.00033956
6724 4217 0.00033956
4223 4224 0.022614
6896 4224 0.022614
7081 4224 0.022614
4228 4227 0.021474
4229 4227 0.021474
6893 4227 0.021474
4227 4228 0.0010934
5937 4228 0.0010934
7073 4228 0.0010934
4228 4230 0.0022341
4229 4230 0.0022341
6893 4230 0.0022341
4027 4407 0.00039523
4408 4407 0.00039523
4412 4407 0.00039523
2446 4408 0.00039523
4407 4408 0.00039523
4410 4408 0.00039523
4023 4410 0.00036607
4409 4410 0.00036607
4027 4411 0.00048992
4408 4411 0.00048992
4412 4411 0.00048992
4026 4412 0.85283
4411 4412 0.85283
5866 4412 0.85283
1582 4523 0.00029135
1585 4523 0.00029135
4524 4523 0.00029135
4523 4524 0.011714
4526 4524 0.011714
6551 4524 0.011714
4523 4525 0.0010396
4526 4525 0.0010396
6551 4525 0.0010396
4525 4526 0.013992
6553 4526 0.013992
6577 4526 0.013992
92 4558 0.00056387
4557 4558 0.00056387
6569 4558 0.00056387
4657 4656 0.074627
5663 4656 0.074627
5665 4656 0.074627
6737 4659 0.97842
426 4660 0.0042697
3720 4660 0.0042697
3721 4660 0.0042697
4661 4660 0.0042697
2646 4664 0.0013064
5774 4664 0.0013064
5775 4664 0.0013064
4191 4665 0.00044127
4666 4665 0.00044127
6469 4665 0.00044127
4664 4666 0.001208
4665 4666 0.001208
3347 4684 0.0042693
3354 4684 0.0042693
4683 4684 0.0042693
1537 4709 0.90865
4710 4709 0.90865
5063 4710 0.97224
996 4789 0.00016703
3119 4789 0.00016703
4790 4789 0.00016703
6237 4789 0.00016703
4789 4790 0.00089372
6240 4790 0.00089372
6365 4790 0.00089372
4805 4806 0.00012344
6431 4806 0.00012344
6434 4806 0.00012344
5064 5063 0.9951
5240 5063 0.9951
4659 5064 0.97871
5065 5064 0.97871
3792 5065 0.00028757
4685 5085 0.00021289
5086 5085 0.00021289
5087 5086 0.0002894
5271 5086 0.0002894
1129 5087 0.00024029
3963 5087 0.00024029
7272 5088 0.92113
7274 5088 0.92113
5090 5089 0.00025641
5091 5090 0.88456
5838 5090 0.88456
1128 5091 0.92225
5092 5091 0.92225
5093 5092 0.92108
5088 5093 0.92136
5094 5093 0.92136
1126 5094 0.00022429
2368 5233 0.00036903
3627 5233 0.00036903
5234 5233 0.00036903
6541 5233 0.00036903
3121 5237 0.0023065
3328 5237 0.0023065
3329 5237 0.0023065
2348 5238 0.00010736
5239 5238 0.00010736
5739 5238 0.00010736
3317 5239 0.015726
5238 5239 0.015726
7089 5239 0.015726
5241 5240 0.017131
5738 5240 0.017131
7218 5240 0.017131
5064 5241 0.00073865
5240 5241 0.00073865
3638 5267 0.00096704
3640 5267 0.00096704
5268 5267 0.00096704
5063 5395 0.022858
3791 5396 0.00019029
3105 5398 0.00084288
5399 5398 0.00084288
5963 5398 0.00084288
3085 5399 0.00035839
3088 5399 0.00035839
5398 5399 0.00035839
1233 5581 0.0018128
5580 5581 0.0018128
5582 5581 0.0018128
5666 5665 0.074627
5667 5665 0.074627
3086 5667 0.074662
5668 5667 0.074662
5964 5667 0.074662
2350 5669 0.18547
5671 5669 0.18547
5836 5669 0.18547
2350 5670 0.0032246
5671 5670 0.0032246
5836 5670 0.0032246
5670 5671 0.038201
6385 5671 0.038201
7085 5671 0.038201
3090 5674 0.015435
5675 5674 0.015435
5676 5674 0.015435
7150 5674 0.015435
2279 5675 0.011164
5674 5675 0.011164
7273 5675 0.011164
3090 5677 0.0015623
5675 5677 0.0015623
5676 5677 0.0015623
7150 5677 0.0015623
3094 5680 0.00056328
5681 5680 0.00056328
5683 5680 0.00056328
1975 5683 0.00056328
3091 5683 0.00056328
5682 5683 0.00056328
5693 5683 0.00056328
1975 5692 0.0010823
3091 5692 0.0010823
5682 5692 0.0010823
5693 5692 0.0010823
432 5693 0.0003294
5692 5693 0.0003294
2348 5738 0.017098
5239 5738 0.017098
5739 5738 0.017098
5241 5739 0.00055264
5738 5739 0.00055264
7218 5739 0.00055264
5740 5741 0.00021022
7219 5741 0.00021022
4205 5743 0.0001209
5741 5743 0.0001209
5742 5743 0.0001209
4213 5745 0.00012027
5743 5745 0.00012027
5744 5745 0.00012027
558 5769 0.0016413
5766 5769 0.0016413
6474 5769 0.0016413
1779 5770 0.041584
3663 5770 0.041584
5769 5770 0.041584
4664 5771 0.00053975
4665 5771 0.00053975
6467 5772 0.64665
5773 5774 0.00010533
5880 5774 0.00010533
5776 5775 0.0013227
6468 5775 0.0013227
981 5780 0.0013047
5779 5780 0.0013047
6433 5780 0.0013047
6436 5780 0.0013047
5780 5782 0.0014145
5781 5782 0.0014145
5786 5782 0.0014145
4175 5786 0.00011541
4176 5786 0.00011541
5784 5786 0.00011541
5785 5786 0.00011541
5792 5791 0.00013507
5891 5791 0.00013507
5894 5791 0.00013507
5790 5792 0.00020297
5791 5792 0.00020297
5932 5792 0.00020297
5969 5792 0.00020297
5794 5793 0.00026369
5931 5793 0.00026369
5795 5794 0.00018478
5887 5794 0.00018478
5890 5794 0.00018478
5794 5795 0.00020496
5931 5795 0.00020496
6877 5835 0.8843
5835 5836 0.091352
5091 5837 0.039145
5838 5837 0.039145
5837 5838 0.0014526
6927 5838 0.0014526
7069 5838 0.0014526
7112 5838 0.0014526
4026 5865 0.0016536
4411 5865 0.0016536
5866 5865 0.0016536
4036 5866 0.76069
5865 5866 0.76069
5868 5866 0.76069
4036 5867 0.019538
5865 5867 0.019538
5868 5867 0.019538
5867 5868 0.091562
5870 5868 0.091562
5871 5868 0.091562
5874 5868 0.091562
5867 5869 0.013471
5870 5869 0.013471
5871 5869 0.013471
5874 5869 0.013471
4048 5870 0.061315
4049 5870 0.061315
5869 5870 0.061315
5998 5870 0.061315
3621 5871 0.13011
3624 5871 0.13011
5872 5871 0.13011
5867 5872 0.0090789
5870 5872 0.0090789
5871 5872 0.0090789
5874 5872 0.0090789
5867 5873 0.10398
5870 5873 0.10398
5871 5873 0.10398
5874 5873 0.10398
4022 5874 0.0071209
4025 5874 0.0071209
5873 5874 0.0071209
5996 5874 0.0071209
5879 5880 0.00010533
5882 5880 0.00010533
5771 5882 0.00010533
5881 5882 0.00010533
569 5883 0.00012644
4806 5883 0.00012644
5884 5883 0.00012644
4181 5886 0.0031312
4182 5886 0.0031312
5885 5886 0.0031312
5888 5886 0.0031312
5795 5888 0.0025027
5887 5888 0.0025027
5890 5888 0.0025027
4163 5890 0.0024787
4164 5890 0.0024787
5889 5890 0.0024787
5892 5890 0.0024787
5792 5892 0.0022446
5891 5892 0.0022446
5894 5892 0.0022446
5893 5894 0.0021749
7255 5894 0.0021749
5895 5896 0.0030498
7253 5896 0.0030498
5897 5898 0.0031263
5900 5898 0.0031263
5983 5898 0.0031263
5899 5900 0.0030936
5902 5900 0.0030936
5910 5900 0.0030936
1655 5902 0.0031383
5745 5902 0.0031383
5901 5902 0.0031383
5904 5902 0.0031383
2349 5904 0.0032186
5903 5904 0.0032186
5986 5904 0.0032186
7105 5904 0.0032186
4189 5917 0.00083109
4190 5917 0.00083109
5918 5917 0.00083109
5917 5918 0.010877
5920 5918 0.010877
5978 5918 0.010877
5917 5919 0.0014247
5920 5919 0.0014247
5978 5919 0.0014247
4192 5920 0.0004864
5919 5920 0.0004864
5980 5920 0.0004864
4185 5921 0.00017513
4186 5921 0.00017513
5922 5921 0.00017513
5921 5922 0.00092398
5924 5922 0.00092398
5973 5922 0.00092398
5921 5923 0.00016698
5924 5923 0.00016698
5973 5923 0.00016698
4167 5924 0.00089333
4168 5924 0.00089333
5923 5924 0.00089333
5926 5924 0.00089333
4167 5925 0.0002243
4168 5925 0.0002243
5923 5925 0.0002243
5926 5925 0.0002243
5925 5926 0.00092667
5976 5926 0.00092667
5979 5926 0.00092667
4183 5927 0.00021104
4184 5927 0.00021104
5928 5927 0.00021104
5927 5928 0.00061891
5930 5928 0.00061891
5974 5928 0.00061891
5927 5929 0.00020721
5930 5929 0.00020721
5974 5929 0.00020721
4165 5930 0.00063758
4166 5930 0.00063758
5929 5930 0.00063758
5972 5930 0.00063758
4179 5931 0.00028387
4180 5931 0.00028387
4170 5932 0.00012119
4173 5932 0.00012119
5933 5932 0.00012119
5790 5933 0.00013622
5791 5933 0.00013622
5932 5933 0.00013622
5969 5933 0.00013622
3898 5934 0.0018122
5581 5934 0.0018122
5935 5934 0.0018122
4227 5936 0.29678
5937 5936 0.29678
7073 5936 0.29678
4154 5939 0.29902
5938 5939 0.29902
5950 5951 0.00010527
6389 5951 0.00010527
6405 5951 0.00010527
3133 5954 0.000511
5955 5954 0.000511
6394 5954 0.000511
5954 5955 0.00042909
6370 5955 0.00042909
6388 5955 0.00042909
7111 5955 0.00042909
3117 5956 0.0048054
5957 5956 0.0048054
6368 5956 0.0048054
6369 5956 0.0048054
5956 5957 0.0030515
6386 5957 0.0030515
6387 5957 0.0030515
5677 5963 0.0014968
5678 5963 0.0014968
5962 5963 0.0014968
3103 5964 0.0010783
3106 5964 0.0010783
5965 5964 0.0010783
2327 5969 0.00015918
4708 5969 0.00015918
5968 5969 0.00015918
4165 5971 0.00014725
4166 5971 0.00014725
5929 5971 0.00014725
5972 5971 0.00014725
2331 5972 0.00069455
4196 5972 0.00069455
5971 5972 0.00069455
7256 5972 0.00069455
5927 5973 0.00024754
5930 5973 0.00024754
5974 5973 0.00024754
5921 5974 0.00022504
5924 5974 0.00022504
5973 5974 0.00022504
5925 5975 0.00087557
5976 5975 0.00087557
5979 5975 0.00087557
2330 5976 0.0011329
2333 5976 0.0011329
5975 5976 0.0011329
5917 5977 0.00097389
5920 5977 0.00097389
5978 5977 0.00097389
2334 5978 0.011958
2337 5978 0.011958
5977 5978 0.011958
7152 5978 0.011958
4192 5979 0.00097024
5919 5979 0.00097024
5980 5979 0.00097024
5925 5980 0.0005252
5976 5980 0.0005252
5979 5980 0.0005252
2349 5985 0.00014515
5903 5985 0.00014515
5986 5985 0.00014515
7105 5985 0.00014515
3319 5986 0.0042655
5985 5986 0.0042655
7093 5986 0.0042655
7095 5986 0.0042655
1793 5989 0.00072475
1802 5989 0.00072475
5990 5989 0.00072475
1786 5990 0.00052005
1787 5990 0.00052005
5989 5990 0.00052005
4022 5995 0.066547
4025 5995 0.066547
5873 5995 0.066547
5996 5995 0.066547
4030 5996 0.0054267
4092 5996 0.0054267
4566 5996 0.0054267
5995 5996 0.0054267
4048 5997 0.012769
4049 5997 0.012769
5869 5997 0.012769
5998 5997 0.012769
4089 5998 0.00018333
5997 5998 0.00018333
3907 6227 0.00050671
4019 6227 0.00050671
6228 6227 0.00050671
6358 6227 0.00050671
548 6228 0.00011627
6226 6228 0.00011627
6227 6228 0.00011627
6230 6228 0.00011627
548 6229 0.00032616
6226 6229 0.00032616
6227 6229 0.00032616
6230 6229 0.00032616
6229 6230 0.00025495
6979 6230 0.00025495
7063 6230 0.00025495
6231 6232 0.000261
6234 6232 0.000261
6354 6232 0.000261
3122 6234 0.00026424
5270 6234 0.00026424
6233 6234 0.00026424
2071 6237 0.00025632
6238 6237 0.00025632
6239 6237 0.00025632
996 6238 0.0004539
3119 6238 0.0004539
4790 6238 0.0004539
6237 6238 0.0004539
4789 6239 0.00098619
6240 6239 0.00098619
6365 6239 0.00098619
950 6351 0.00014509
6352 6351 0.00014509
6353 6351 0.00014509
6356 6351 0.00014509
2354 6353 0.00022605
2357 6353 0.00022605
950 6357 0.00012634
6352 6357 0.00012634
6353 6357 0.00012634
6356 6357 0.00012634
995 6358 0.00023685
6359 6358 0.00023685
6360 6358 0.00023685
3907 6359 0.00015741
4019 6359 0.00015741
6228 6359 0.00015741
6358 6359 0.00015741
6357 6360 0.00010767
6361 6360 0.00010767
995 6361 0.00010428
6359 6361 0.00010428
6360 6361 0.00010428
6357 6362 0.00011901
6361 6362 0.00011901
2364 6365 0.0018321
2367 6365 0.0018321
6366 6365 0.0018321
6367 6365 0.0018321
4789 6366 0.0001566
6240 6366 0.0001566
6365 6366 0.0001566
3117 6367 0.011585
5957 6367 0.011585
6368 6367 0.011585
6369 6367 0.011585
2364 6368 0.00072823
2367 6368 0.00072823
6366 6368 0.00072823
6367 6368 0.00072823
5954 6369 0.01463
6370 6369 0.01463
6388 6369 0.01463
7111 6369 0.01463
3117 6370 0.0018097
5957 6370 0.0018097
6368 6370 0.0018097
6369 6370 0.0018097
3140 6371 0.0003431
6372 6371 0.0003431
6373 6371 0.0003431
6407 6371 0.0003431
3143 6373 0.00023935
3146 6373 0.00023935
6374 6373 0.00023935
6375 6373 0.00023935
6376 6375 0.00018814
6377 6375 0.00018814
6417 6375 0.00018814
5952 6377 0.00011805
6378 6377 0.00011805
6379 6377 0.00011805
5956 6385 0.027032
6386 6385 0.027032
6387 6385 0.027032
5670 6386 0.00032469
6385 6386 0.00032469
7085 6386 0.00032469
5954 6387 0.02532
6370 6387 0.02532
6388 6387 0.02532
7111 6387 0.02532
5956 6388 0.00036585
6386 6388 0.00036585
6387 6388 0.00036585
3118 6389 0.00020377
6390 6389 0.00020377
6391 6389 0.00020377
3908 6391 0.00028979
6392 6391 0.00028979
6393 6391 0.00028979
3118 6392 0.0003697
6390 6392 0.0003697
6391 6392 0.0003697
3133 6393 0.00032031
5955 6393 0.00032031
6394 6393 0.00032031
3908 6394 0.00034619
6392 6394 0.00034619
6393 6394 0.00034619
6111 6395 0.00028126
6396 6395 0.00028126
6397 6395 0.00028126
6406 6395 0.00028126
3147 6397 0.00018293
5951 6397 0.00018293
6398 6397 0.00018293
6399 6397 0.00018293
3909 6399 0.00012573
6113 6399 0.00012573
6400 6399 0.00012573
6401 6399 0.00012573
3131 6401 0.00011506
3134 6401 0.00011506
6402 6401 0.00011506
6403 6401 0.00011506
5950 6406 0.00012238
6389 6406 0.00012238
6405 6406 0.00012238
3304 6419 0.00012872
6420 6419 0.00012872
6421 6419 0.00012872
3138 6421 0.00010883
5832 6421 0.00010883
6422 6421 0.00010883
981 6434 0.00012716
5779 6434 0.00012716
6433 6434 0.00012716
6436 6434 0.00012716
568 6436 0.0013925
4174 6436 0.0013925
6435 6436 0.0013925
2749 6465 0.0015063
4599 6465 0.0015063
6467 6466 0.054449
2642 6467 0.70109
2643 6467 0.70109
4191 6468 0.69754
4666 6468 0.69754
6469 6468 0.69754
2336 6469 0.68558
2339 6469 0.68558
4709 6469 0.68558
1804 6474 0.00025511
2284 6474 0.00025511
6475 6474 0.00025511
558 6475 0.00012274
5766 6475 0.00012274
6474 6475 0.00012274
4523 6550 0.0072376
4526 6550 0.0072376
6551 6550 0.0072376
114 6551 0.0057078
422 6551 0.0057078
423 6551 0.0057078
6550 6551 0.0057078
4525 6552 0.00073956
6553 6552 0.00073956
6577 6552 0.00073956
112 6553 0.016014
424 6553 0.016014
425 6553 0.016014
6552 6553 0.016014
88 6569 0.00045295
90 6569 0.00045295
773 6569 0.00045295
6568 6569 0.00045295
404 6571 0.046075
405 6571 0.046075
6570 6571 0.046075
6573 6571 0.046075
404 6572 0.00010823
405 6572 0.00010823
6570 6572 0.00010823
6573 6572 0.00010823
1580 6573 0.020809
1583 6573 0.020809
6572 6573 0.020809
6575 6573 0.020809
776 6575 0.0031494
6574 6575 0.0031494
4525 6576 0.0032094
6553 6576 0.0032094
6577 6576 0.0032094
86 6577 0.00088669
89 6577 0.00088669
6576 6577 0.00088669
946 6706 0.00027221
6707 6706 0.00027221
5776 6716 0.69631
6468 6716 0.69631
4215 6724 0.00021177
6725 6724 0.00021177
4218 6725 0.00016851
6706 6725 0.00016851
6724 6725 0.00016851
4217 6726 0.00033956
6727 6726 0.00033956
6880 6737 0.97842
5085 6873 0.0011745
5267 6873 0.0011745
6873 6874 0.0011745
5093 6875 0.00028036
6875 6876 0.00028036
5090 6877 0.8843
433 6880 0.97842
5669 6880 0.97842
4224 6893 0.022614
4225 6893 0.022614
6894 6893 0.022614
6895 6896 0.022648
7017 6896 0.022648
7084 6896 0.022648
6969 6971 0.0004644
6972 6971 0.0004644
6975 6971 0.0004644
7066 6971 0.0004644
6971 6972 0.00017589
6974 6972 0.00017589
7064 6972 0.00017589
6971 6973 0.00076742
6974 6973 0.00076742
7064 6973 0.00076742
6973 6974 0.00014489
6976 6974 0.00014489
6978 6974 0.00014489
6973 6975 0.00056883
6976 6975 0.00056883
6978 6975 0.00056883
6969 6976 0.00031398
6972 6976 0.00031398
6975 6976 0.00031398
7066 6976 0.00031398
6973 6977 0.00084863
6976 6977 0.00084863
6978 6977 0.00084863
3320 6978 0.00048096
6977 6978 0.00048096
7096 6978 0.00048096
6980 6979 0.00041687
7065 6979 0.00041687
7098 6979 0.00041687
6229 6980 0.00015407
6979 6980 0.00015407
7063 6980 0.00015407
6982 6981 0.00046463
6984 6981 0.00046463
6986 6981 0.00046463
6982 6983 0.00028384
6984 6983 0.00028384
6986 6983 0.00028384
3318 6984 0.00080771
6983 6984 0.00080771
7092 6984 0.00080771
6982 6985 0.00052822
6984 6985 0.00052822
6986 6985 0.00052822
6985 6986 0.00038009
6988 6986 0.00038009
6989 6986 0.00038009
6985 6987 0.00083515
6988 6987 0.00083515
6989 6987 0.00083515
6987 6988 0.00031129
6992 6988 0.00031129
6994 6988 0.00031129
6981 6989 0.00046463
6990 6989 0.00046463
6987 6991 0.00089691
6992 6991 0.00089691
6994 6991 0.00089691
6991 6992 0.00015155
6995 6992 0.00015155
7000 6992 0.00015155
6987 6993 0.00051281
6992 6993 0.00051281
6994 6993 0.00051281
6993 6994 0.00073431
6996 6994 0.00073431
6998 6994 0.00073431
7001 6994 0.00073431
6993 6995 0.00041243
6996 6995 0.00041243
6998 6995 0.00041243
7001 6995 0.00041243
6991 6996 0.0008058
6995 6996 0.0008058
7000 6996 0.0008058
6993 6997 0.0011993
6996 6997 0.0011993
6998 6997 0.0011993
7001 6997 0.0011993
6997 6998 0.00067545
7090 6998 0.00067545
7091 6998 0.00067545
6991 6999 0.00042504
6995 6999 0.00042504
7000 6999 0.00042504
6999 7001 0.00042504
7002 7001 0.00042504
7004 7001 0.00042504
2366 7005 0.0069216
7006 7005 0.0069216
7086 7005 0.0069216
3316 7006 0.005756
7005 7006 0.005756
7008 7006 0.005756
7088 7006 0.005756
6895 7016 0.00021172
7017 7016 0.00021172
7084 7016 0.00021172
7016 7017 0.00021515
7019 7017 0.00021515
7026 7017 0.00021515
4811 7019 0.00012603
7018 7019 0.00012603
7082 7019 0.00012603
7021 7020 0.0029314
7023 7020 0.0029314
7025 7020 0.0029314
7036 7020 0.0029314
7020 7021 0.0023877
7032 7021 0.0023877
7035 7021 0.0023877
7021 7022 0.0024724
7023 7022 0.0024724
7025 7022 0.0024724
7036 7022 0.0024724
7022 7023 0.0014048
7029 7023 0.0014048
7031 7023 0.0014048
7033 7023 0.0014048
7021 7024 0.0041652
7023 7024 0.0041652
7025 7024 0.0041652
7036 7024 0.0041652
7024 7025 0.0029776
7027 7025 0.0029776
7077 7025 0.0029776
7080 7025 0.0029776
7024 7026 0.00014674
7027 7026 0.00014674
7077 7026 0.00014674
7080 7026 0.00014674
7016 7027 0.00017753
7019 7027 0.00017753
7026 7027 0.00017753
7022 7030 0.0003565
7029 7030 0.0003565
7031 7030 0.0003565
7033 7030 0.0003565
1230 7031 0.0031154
7030 7031 0.0031154
7078 7031 0.0031154
7022 7032 0.0042505
7029 7032 0.0042505
7031 7032 0.0042505
7033 7032 0.0042505
7020 7033 0.00042402
7032 7033 0.00042402
7035 7033 0.00042402
7020 7034 0.0050465
7032 7034 0.0050465
7035 7034 0.0050465
7034 7035 0.0006763
7037 7035 0.0006763
7039 7035 0.0006763
7034 7036 0.004283
7037 7036 0.004283
7039 7036 0.004283
7021 7037 0.0014841
7023 7037 0.0014841
7025 7037 0.0014841
7036 7037 0.0014841
7034 7038 0.0037442
7037 7038 0.0037442
7039 7038 0.0037442
7038 7039 0.002173
7041 7039 0.002173
7043 7039 0.002173
7038 7040 0.0037117
7041 7040 0.0037117
7043 7040 0.0037117
1227 7041 0.0022633
7040 7041 0.0022633
7075 7041 0.0022633
7079 7041 0.0022633
7038 7042 0.00012582
7041 7042 0.00012582
7043 7042 0.00012582
7042 7044 0.00012582
7045 7044 0.00012582
7044 7046 0.00012582
7047 7046 0.00012582
7046 7048 0.00012582
7049 7048 0.00012582
7048 7050 0.00012582
7051 7050 0.00012582
7050 7052 0.00012582
7053 7052 0.00012582
7052 7054 0.00012582
7055 7054 0.00012582
6971 7063 0.00013067
6974 7063 0.00013067
7064 7063 0.00013067
6229 7064 0.00046469
6979 7064 0.00046469
7063 7064 0.00046469
6969 7065 0.00026358
6972 7065 0.00026358
6975 7065 0.00026358
7066 7065 0.00026358
6980 7066 0.00029724
7065 7066 0.00029724
7098 7066 0.00029724
2342 7073 0.27648
7057 7073 0.27648
7074 7073 0.27648
1653 7075 0.00018569
7054 7075 0.00018569
7076 7075 0.00018569
1227 7076 0.066339
7040 7076 0.066339
7075 7076 0.066339
7079 7076 0.066339
1230 7077 0.0003565
7030 7077 0.0003565
7078 7077 0.0003565
7024 7078 0.0031154
7027 7078 0.0031154
7077 7078 0.0031154
7080 7078 0.0031154
7024 7079 0.003178
7027 7079 0.003178
7077 7079 0.003178
7080 7079 0.003178
1227 7080 0.0047184
7040 7080 0.0047184
7075 7080 0.0047184
7079 7080 0.0047184
4223 7082 0.00012603
6896 7082 0.00012603
7081 7082 0.00012603
3790 7084 0.022644
3794 7084 0.022644
7083 7084 0.022644
2366 7085 0.013836
7006 7085 0.013836
7086 7085 0.013836
5670 7086 0.0055673
6385 7086 0.0055673
7085 7086 0.0055673
3316 7087 0.00052013
7005 7087 0.00052013
7008 7087 0.00052013
7088 7087 0.00052013
2351 7088 0.016005
4656 7088 0.016005
7014 7088 0.016005
7087 7088 0.016005
6997 7089 0.0013336
7090 7089 0.0013336
7091 7089 0.0013336
3317 7090 0.0023655
5238 7090 0.0023655
7089 7090 0.0023655
3318 7091 0.00058146
6983 7091 0.00058146
7092 7091 0.00058146
6997 7092 0.0021372
7090 7092 0.0021372
7091 7092 0.0021372
547 7093 0.002697
2073 7093 0.002697
7094 7093 0.002697
3320 7095 0.001153
6977 7095 0.001153
7096 7095 0.001153
3319 7096 0.00072981
5985 7096 0.00072981
7093 7096 0.00072981
7095 7096 0.00072981
6980 7097 0.00012175
7065 7097 0.00012175
7098 7097 0.00012175
3321 7098 0.00041821
3322 7098 0.00041821
7097 7098 0.00041821
3325 7100 0.00011801
3326 7100 0.00011801
7099 7100 0.00011801
5837 7111 0.039145
6927 7111 0.039145
7069 7111 0.039145
7112 7111 0.039145
5954 7112 0.0014526
6370 7112 0.0014526
6388 7112 0.0014526
7111 7112 0.0014526
7117 7116 0.00010216
1226 7117 0.00010216
1536 7117 0.00010216
4200 7117 0.00010216
3623 7128 0.013111
7129 7128 0.013111
3626 7129 0.12015
4050 7129 0.12015
4051 7129 0.12015
7128 7129 0.12015
5936 7132 0.29678
7133 7132 0.29678
1576 7148 0.045307
7149 7148 0.045307
416 7149 0.00052415
3096 7149 0.00052415
7148 7149 0.00052415
3090 7151 0.073109
5675 7151 0.073109
5676 7151 0.073109
7150 7151 0.073109
6726 7152 0.00033956
7153 7152 0.00033956
1878 7209 0.29902
2321 7209 0.29902
7208 7209 0.29902
5241 7219 0.00021022
5738 7219 0.00021022
7218 7219 0.00021022
4660 7220 0.0042697
7221 7220 0.0042697
7222 7223 0.0012471
7225 7223 0.0012471
408 7225 0.0012471
1575 7225 0.0012471
7224 7225 0.0012471
1235 7249 0.0018408
7248 7249 0.0018408
7250 7249 0.0018408
2752 7250 0.0018409
7251 7250 0.0018409
942 7253 0.0030498
945 7253 0.0030498
5898 7253 0.0030498
7252 7253 0.0030498
2329 7255 0.0021749
5896 7255 0.0021749
7254 7255 0.0021749
7258 7255 0.0021749
2328 7256 0.0010091
7257 7256 0.0010091
2331 7257 0.00014363
4196 7257 0.00014363
5971 7257 0.00014363
7256 7257 0.00014363
2326 7258 0.00011979
7259 7258 0.00011979
2329 7259 0.00015815
5896 7259 0.00015815
7254 7259 0.00015815
7258 7259 0.00015815
3615 7262 0.6881
7263 7262 0.6881
1876 7271 0.29902
2319 7271 0.29902
7270 7271 0.29902
2279 7272 0.014251
5674 7272 0.014251
7273 7272 0.014251
7272 7273 0.012759
7274 7273 0.012759
1127 7274 0.91964
3095 7274 0.91964
3098 7274 0.91964
