770 769 0.012336
771 769 0.012336
1920 769 0.012336
769 770 0.00059487
4157 770 0.00059487
770 772 0.0033365
771 772 0.0033365
1920 772 0.0033365
944 946 0.00012774
947 946 0.00012774
4210 946 0.00012774
971 970 0.0012693
4670 970 0.0012693
5226 970 0.0012693
970 971 0.85226
6534 971 0.85226
972 973 0.99977
1120 973 0.99977
1461 973 0.99977
7192 973 0.99977
1227 1226 0.10527
7040 1226 0.10527
7075 1226 0.10527
7079 1226 0.10527
1226 1227 0.0069292
1536 1227 0.0069292
4200 1227 0.0069292
1455 1456 0.0002281
1458 1456 0.0002281
2092 1456 0.0002281
1457 1458 0.0002281
1460 1458 0.0002281
5229 1458 0.0002281
1459 1460 0.0002281
1462 1460 0.0002281
2371 1460 0.0002281
972 1462 0.00022839
1120 1462 0.00022839
1461 1462 0.00022839
7192 1462 0.00022839
1116 1471 0.00034598
2373 1471 0.00034598
1515 1514 0.00063208
2096 1514 0.00063208
4667 1514 0.00063208
5384 1514 0.00063208
1514 1515 0.009545
2848 1515 0.009545
1537 1536 0.0019101
4710 1536 0.0019101
1226 1537 0.11753
1536 1537 0.11753
4200 1537 0.11753
1654 1653 0.012517
2340 1653 0.012517
2343 1653 0.012517
1653 1654 0.075603
7054 1654 0.075603
7076 1654 0.075603
1918 1920 0.015128
1921 1920 0.015128
1922 1920 0.015128
1923 1922 0.015128
1924 1922 0.015128
4230 1922 0.015128
4231 1922 0.015128
1228 1924 0.037153
1925 1924 0.037153
7136 1924 0.037153
1927 1926 0.037153
1930 1926 0.037153
7206 1926 0.037153
1931 1930 0.037153
1933 1930 0.037153
1940 1930 0.037153
1931 1932 0.00011303
1933 1932 0.00011303
1940 1932 0.00011303
1932 1933 0.03693
1934 1933 0.03693
6745 1933 0.03693
7198 1933 0.03693
1935 1934 0.00016688
1936 1934 0.00016688
1942 1934 0.00016688
1941 1940 0.00033639
5418 1940 0.00033639
5422 1940 0.00033639
1943 1942 0.00016688
1944 1942 0.00016688
5379 1942 0.00016688
5386 1942 0.00016688
2095 2094 0.00034148
4668 2094 0.00034148
5224 2094 0.00034148
1456 2096 0.00022838
2097 2096 0.00022838
2098 2096 0.00022838
2327 2326 0.00028007
4708 2326 0.00028007
5968 2326 0.00028007
2326 2327 0.00049301
7259 2327 0.00049301
2329 2328 0.001165
5896 2328 0.001165
7254 2328 0.001165
7258 2328 0.001165
2328 2329 0.0024558
7257 2329 0.0024558
2331 2330 0.002265
4196 2330 0.002265
5971 2330 0.002265
7256 2330 0.002265
2330 2331 0.024162
2333 2331 0.024162
5975 2331 0.024162
2330 2332 0.0036961
2333 2332 0.0036961
5975 2332 0.0036961
2332 2333 0.092868
2335 2333 0.092868
4216 2333 0.092868
2332 2334 0.0038034
2335 2334 0.0038034
4216 2334 0.0038034
2334 2335 0.094491
2337 2335 0.094491
5977 2335 0.094491
7152 2335 0.094491
2334 2336 0.0014154
2337 2336 0.0014154
5977 2336 0.0014154
7152 2336 0.0014154
2336 2337 0.39722
2339 2337 0.39722
4709 2337 0.39722
2336 2338 0.00028449
2339 2338 0.00028449
4709 2338 0.00028449
2338 2339 0.64372
2341 2339 0.64372
4198 2339 0.64372
1654 2341 0.6607
2340 2341 0.6607
2343 2341 0.6607
2342 2343 0.59759
7057 2343 0.59759
7074 2343 0.59759
2348 2349 0.0010903
5239 2349 0.0010903
5739 2349 0.0010903
2094 2373 0.00034148
2372 2373 0.00034148
5222 2373 0.00034148
2633 2632 0.00022385
2635 2632 0.00022385
2644 2632 0.00022385
6716 2634 0.00022403
2634 2635 0.00020449
2636 2635 0.00020449
970 2848 0.14878
6534 2848 0.14878
3789 3790 0.96273
7201 3790 0.96273
4199 3791 0.00012578
5395 3791 0.00012578
5396 3792 0.24111
5397 3792 0.24111
3793 3794 0.00010237
5993 3794 0.00010237
7115 3794 0.00010237
3790 3795 0.24097
3794 3795 0.24097
7083 3795 0.24097
769 4155 0.015132
4157 4155 0.015132
772 4157 0.0033909
1884 4157 0.0033909
4156 4157 0.0033909
4163 4162 0.00076284
4164 4162 0.00076284
5889 4162 0.00076284
5892 4162 0.00076284
4162 4163 0.0021
4171 4163 0.0021
5793 4163 0.0021
4165 4164 0.0030472
4166 4164 0.0030472
5929 4164 0.0030472
5972 4164 0.0030472
4163 4165 0.005764
4164 4165 0.005764
5889 4165 0.005764
5892 4165 0.005764
4167 4166 0.0067975
4168 4166 0.0067975
5923 4166 0.0067975
5926 4166 0.0067975
4165 4167 0.024444
4166 4167 0.024444
5929 4167 0.024444
5972 4167 0.024444
4169 4168 0.0091935
4193 4168 0.0091935
4194 4168 0.0091935
4167 4169 0.04761
4168 4169 0.04761
5923 4169 0.04761
5926 4169 0.04761
4162 4170 0.00084248
4171 4170 0.00084248
5793 4170 0.00084248
4170 4171 0.00042822
4173 4171 0.00042822
5933 4171 0.00042822
4170 4172 0.00031754
4173 4172 0.00031754
5933 4172 0.00031754
4172 4173 0.00012148
5797 4173 0.00012148
4177 4179 0.00031506
4178 4179 0.00031506
5970 4179 0.00031506
4181 4180 0.0014379
4182 4180 0.0014379
5885 4180 0.0014379
5888 4180 0.0014379
4179 4181 0.00028535
4180 4181 0.00028535
4183 4182 0.0034547
4184 4182 0.0034547
5928 4182 0.0034547
4181 4183 0.0036245
4182 4183 0.0036245
5885 4183 0.0036245
5888 4183 0.0036245
4185 4184 0.012239
4186 4184 0.012239
5922 4184 0.012239
4183 4185 0.016997
4184 4185 0.016997
5928 4185 0.016997
4187 4186 0.017788
4188 4186 0.017788
4195 4186 0.017788
4185 4187 0.062846
4186 4187 0.062846
5922 4187 0.062846
4189 4188 0.81738
4190 4188 0.81738
5918 4188 0.81738
4191 4190 0.60261
4666 4190 0.60261
6469 4190 0.60261
4189 4191 0.00010558
4190 4191 0.00010558
5918 4191 0.00010558
4169 4192 0.0011307
4193 4192 0.0011307
4194 4192 0.0011307
4192 4193 0.1003
5919 4193 0.1003
5980 4193 0.1003
4187 4194 0.0015889
4188 4194 0.0015889
4195 4194 0.0015889
4169 4195 0.13917
4193 4195 0.13917
4194 4195 0.13917
2338 4200 0.017293
2341 4200 0.017293
4198 4200 0.017293
4205 4206 0.00015647
5741 4206 0.00015647
5742 4206 0.00015647
4204 4208 0.0001574
4206 4208 0.0001574
4207 4208 0.0001574
4211 4208 0.0001574
4201 4210 0.00013155
4208 4210 0.00013155
4209 4210 0.00013155
5909 4210 0.00013155
2332 4215 0.0017999
2335 4215 0.0017999
4216 4215 0.0017999
4215 4216 0.00028391
6725 4216 0.00028391
4218 4217 0.0018418
6706 4217 0.0018418
6724 4217 0.0018418
4217 4218 0.00023024
6727 4218 0.00023024
4223 4224 0.56045
6896 4224 0.56045
7081 4224 0.56045
4228 4227 0.58254
4229 4227 0.58254
6893 4227 0.58254
1923 4229 0.022442
1924 4229 0.022442
4230 4229 0.022442
4231 4229 0.022442
4228 4230 0.00034361
4229 4230 0.00034361
6893 4230 0.00034361
2646 4664 0.0029294
5774 4664 0.0029294
5775 4664 0.0029294
4664 4666 0.0029177
4665 4666 0.0029177
2095 4667 0.00049792
4668 4667 0.00049792
5224 4667 0.00049792
1515 4668 0.0093893
2096 4668 0.0093893
4667 4668 0.0093893
5384 4668 0.0093893
971 4669 0.991
4670 4669 0.991
5226 4669 0.991
4669 4670 0.00013704
5402 4670 0.00013704
5405 4670 0.00013704
2327 4707 0.00010489
4708 4707 0.00010489
5968 4707 0.00010489
1537 4709 0.35514
4710 4709 0.35514
5063 4710 0.23953
5064 5063 0.23964
5240 5063 0.23964
4659 5064 0.24111
5065 5064 0.24111
3792 5065 0.24104
5225 5224 0.00059422
5403 5224 0.00059422
2095 5225 0.0091625
4668 5225 0.0091625
5224 5225 0.0091625
1514 5226 0.13987
2848 5226 0.13987
5064 5241 0.0015136
5240 5241 0.0015136
1946 5379 0.00022887
5380 5379 0.00022887
5381 5379 0.00022887
5227 5381 0.00022887
5382 5381 0.00022887
5383 5381 0.00022887
1515 5383 0.00022887
2096 5383 0.00022887
4667 5383 0.00022887
5384 5383 0.00022887
1943 5385 0.00011586
1944 5385 0.00011586
5379 5385 0.00011586
5386 5385 0.00011586
5390 5389 0.00013414
5877 5389 0.00013414
5992 5389 0.00013414
5392 5391 0.0001028
5393 5391 0.0001028
5991 5391 0.0001028
1512 5392 0.00010683
5391 5392 0.00010683
5876 5392 0.00010683
5385 5393 0.00011586
5387 5393 0.00011586
5394 5393 0.00011586
5063 5395 0.00011236
3793 5397 0.24106
5993 5397 0.24106
7115 5397 0.24106
5401 5400 0.99943
5404 5400 0.99943
5225 5402 0.017197
5403 5402 0.017197
5401 5403 0.0086286
5404 5403 0.0086286
4669 5404 1.0081
5402 5404 1.0081
5405 5404 1.0081
5423 5422 0.00033639
5424 5422 0.00033639
5426 5422 0.00033639
5427 5426 0.00033639
5430 5426 0.00033639
5434 5426 0.00033639
1471 5434 0.00033639
5435 5434 0.00033639
5241 5739 0.001171
5738 5739 0.001171
7218 5739 0.001171
5740 5741 0.00034307
7219 5741 0.00034307
4205 5743 0.00019506
5741 5743 0.00019506
5742 5743 0.00019506
4213 5745 0.00019331
5743 5745 0.00019331
5744 5745 0.00019331
5776 5775 0.0029061
6468 5775 0.0029061
5787 5788 0.00010637
5914 5788 0.00010637
5915 5788 0.00010637
5790 5789 0.00012082
5791 5789 0.00012082
5932 5789 0.00012082
5969 5789 0.00012082
5792 5791 0.00032432
5891 5791 0.00032432
5894 5791 0.00032432
5790 5792 0.00071797
5791 5792 0.00071797
5932 5792 0.00071797
5969 5792 0.00071797
5794 5793 0.0017514
5931 5793 0.0017514
5795 5794 0.001039
5887 5794 0.001039
5890 5794 0.001039
5794 5795 0.00069058
5931 5795 0.00069058
5783 5797 0.00016721
5788 5797 0.00016721
5796 5797 0.00016721
1512 5875 0.0001028
5391 5875 0.0001028
5876 5875 0.0001028
5389 5876 0.00010683
5875 5876 0.00010683
5994 5876 0.00010683
2632 5885 0.00022478
5782 5885 0.00022478
5883 5885 0.00022478
5886 5885 0.00022478
4181 5887 0.0024437
4182 5887 0.0024437
5885 5887 0.0024437
5888 5887 0.0024437
5795 5888 0.0035551
5887 5888 0.0035551
5890 5888 0.0035551
5795 5889 0.0024606
5887 5889 0.0024606
5890 5889 0.0024606
4163 5890 0.0039204
4164 5890 0.0039204
5889 5890 0.0039204
5892 5890 0.0039204
4163 5891 0.00054027
4164 5891 0.00054027
5889 5891 0.00054027
5892 5891 0.00054027
5792 5892 0.0033797
5891 5892 0.0033797
5894 5892 0.0033797
5792 5893 0.00046155
5891 5893 0.00046155
5894 5893 0.00046155
5893 5894 0.0029073
7255 5894 0.0029073
5895 5896 0.0013927
7253 5896 0.0013927
5897 5898 0.0013246
5900 5898 0.0013246
5983 5898 0.0013246
5899 5900 0.0013051
5902 5900 0.0013051
5910 5900 0.0013051
1655 5902 0.0012783
5745 5902 0.0012783
5901 5902 0.0012783
5904 5902 0.0012783
2349 5904 0.0011311
5903 5904 0.0011311
5986 5904 0.0011311
7105 5904 0.0011311
5789 5914 0.00010637
5911 5914 0.00010637
5913 5914 0.00010637
5982 5914 0.00010637
4189 5917 0.0014075
4190 5917 0.0014075
5918 5917 0.0014075
5917 5918 0.21627
5920 5918 0.21627
5978 5918 0.21627
5917 5919 0.097004
5920 5919 0.097004
5978 5919 0.097004
4192 5920 0.0051319
5919 5920 0.0051319
5980 5920 0.0051319
4185 5921 0.010754
4186 5921 0.010754
5922 5921 0.010754
5921 5922 0.051054
5924 5922 0.051054
5973 5922 0.051054
5921 5923 0.011239
5924 5923 0.011239
5973 5923 0.011239
4167 5924 0.050451
4168 5924 0.050451
5923 5924 0.050451
5926 5924 0.050451
4167 5925 0.0052708
4168 5925 0.0052708
5923 5925 0.0052708
5926 5925 0.0052708
5925 5926 0.065252
5976 5926 0.065252
5979 5926 0.065252
4183 5927 0.010388
4184 5927 0.010388
5928 5927 0.010388
5927 5928 0.014976
5930 5928 0.014976
5974 5928 0.014976
5927 5929 0.011362
5930 5929 0.011362
5974 5929 0.011362
4165 5930 0.017039
4166 5930 0.017039
5929 5930 0.017039
5972 5930 0.017039
4179 5931 0.001403
4180 5931 0.001403
4170 5932 0.00061237
4173 5932 0.00061237
5933 5932 0.00061237
5790 5933 0.00039416
5791 5933 0.00039416
5932 5933 0.00039416
5969 5933 0.00039416
5936 5937 0.015078
7133 5937 0.015078
5790 5968 0.00023148
5791 5968 0.00023148
5932 5968 0.00023148
5969 5968 0.00023148
2327 5969 0.00043153
4708 5969 0.00043153
5968 5969 0.00043153
4172 5970 0.00026886
5797 5970 0.00026886
4165 5971 0.0017261
4166 5971 0.0017261
5929 5971 0.0017261
5972 5971 0.0017261
2331 5972 0.022333
4196 5972 0.022333
5971 5972 0.022333
7256 5972 0.022333
5927 5973 0.011514
5930 5973 0.011514
5974 5973 0.011514
5921 5974 0.010425
5924 5974 0.010425
5973 5974 0.010425
5925 5975 0.0038355
5976 5975 0.0038355
5979 5975 0.0038355
2330 5976 0.07111
2333 5976 0.07111
5975 5976 0.07111
5917 5977 0.0005865
5920 5977 0.0005865
5978 5977 0.0005865
2334 5978 0.30732
2337 5978 0.30732
5977 5978 0.30732
7152 5978 0.30732
4192 5979 0.018989
5919 5979 0.018989
5980 5979 0.018989
5925 5980 0.026281
5976 5980 0.026281
5979 5980 0.026281
3189 5982 0.00010542
4707 5982 0.00010542
5981 5982 0.00010542
7130 5982 0.00010542
3319 5986 0.00010364
5985 5986 0.00010364
7093 5986 0.00010364
7095 5986 0.00010364
5392 5992 0.00013414
5393 5992 0.00013414
5991 5992 0.00013414
5389 5993 0.00023613
5875 5993 0.00023613
5994 5993 0.00023613
3793 5994 0.00012029
5993 5994 0.00012029
7115 5994 0.00012029
4191 6468 0.0031301
4666 6468 0.0031301
6469 6468 0.0031301
2336 6469 0.60277
2339 6469 0.60277
4709 6469 0.60277
973 6532 0.99977
6533 6532 0.99977
6532 6534 0.99977
6535 6534 0.99977
3779 6544 1
4914 6544 1
6545 6544 1
946 6706 0.00012774
6707 6706 0.00012774
5776 6716 0.00022403
6468 6716 0.00022403
4215 6724 0.0017999
6725 6724 0.0017999
4218 6725 0.00028391
6706 6725 0.00028391
6724 6725 0.00028391
4217 6726 0.0018418
6727 6726 0.0018418
6726 6727 0.00023024
7153 6727 0.00023024
5400 6745 0.99943
6746 6745 0.99943
6827 6828 0.96273
7199 6828 0.96273
4224 6893 0.56045
4225 6893 0.56045
6894 6893 0.56045
6895 6896 0.58491
7017 6896 0.58491
7084 6896 0.58491
6895 7016 0.13959
7017 7016 0.13959
7084 7016 0.13959
7016 7017 0.0026179
7019 7017 0.0026179
7026 7017 0.0026179
7016 7018 0.0015136
7019 7018 0.0015136
7026 7018 0.0015136
4811 7019 0.025966
7018 7019 0.025966
7082 7019 0.025966
7021 7020 0.025644
7023 7020 0.025644
7025 7020 0.025644
7036 7020 0.025644
7020 7021 0.02149
7032 7021 0.02149
7035 7021 0.02149
7021 7022 0.019708
7023 7022 0.019708
7025 7022 0.019708
7036 7022 0.019708
7022 7023 0.016401
7029 7023 0.016401
7031 7023 0.016401
7033 7023 0.016401
7021 7024 0.031295
7023 7024 0.031295
7025 7024 0.031295
7036 7024 0.031295
7024 7025 0.02933
7027 7025 0.02933
7077 7025 0.02933
7080 7025 0.02933
7016 7027 0.16144
7019 7027 0.16144
7026 7027 0.16144
7022 7030 0.0020665
7029 7030 0.0020665
7031 7030 0.0020665
7033 7030 0.0020665
1230 7031 0.044105
7030 7031 0.044105
7078 7031 0.044105
7022 7032 0.047428
7029 7032 0.047428
7031 7032 0.047428
7033 7032 0.047428
7020 7033 0.0020836
7032 7033 0.0020836
7035 7033 0.0020836
7020 7034 0.051693
7032 7034 0.051693
7035 7034 0.051693
7034 7035 0.0021934
7037 7035 0.0021934
7039 7035 0.0021934
7034 7036 0.026218
7037 7036 0.026218
7039 7036 0.026218
7021 7037 0.016791
7023 7037 0.016791
7025 7037 0.016791
7036 7037 0.016791
7034 7038 0.043435
7037 7038 0.043435
7039 7038 0.043435
7038 7039 0.0033615
7041 7039 0.0033615
7043 7039 0.0033615
7038 7040 0.043296
7041 7040 0.043296
7043 7040 0.043296
1227 7041 0.0034149
7040 7041 0.0034149
7075 7041 0.0034149
7079 7041 0.0034149
7038 7042 0.00022805
7041 7042 0.00022805
7043 7042 0.00022805
7042 7044 0.00022805
7045 7044 0.00022805
7044 7046 0.00022805
7047 7046 0.00022805
7046 7048 0.00022805
7049 7048 0.00022805
7048 7050 0.00022805
7051 7050 0.00022805
7050 7052 0.00022805
7053 7052 0.00022805
7052 7054 0.00022805
7055 7054 0.00022805
4227 7074 0.59759
5937 7074 0.59759
7073 7074 0.59759
1653 7075 0.012539
7054 7075 0.012539
7076 7075 0.012539
1227 7076 0.075434
7040 7076 0.075434
7075 7076 0.075434
7079 7076 0.075434
1230 7077 0.0020665
7030 7077 0.0020665
7078 7077 0.0020665
7024 7078 0.044105
7027 7078 0.044105
7077 7078 0.044105
7080 7078 0.044105
7024 7079 0.13694
7027 7079 0.13694
7077 7079 0.13694
7080 7079 0.13694
1227 7080 0.015594
7040 7080 0.015594
7075 7080 0.015594
7079 7080 0.015594
4811 7081 0.0015136
7018 7081 0.0015136
7082 7081 0.0015136
4223 7082 0.025966
6896 7082 0.025966
7081 7082 0.025966
3790 7084 0.72188
3794 7084 0.72188
7083 7084 0.72188
3795 7115 0.24097
4155 7133 0.015078
7132 7133 0.015078
1926 7134 0.037153
7135 7134 0.037153
7134 7136 0.037153
7137 7136 0.037153
6726 7152 0.0018418
7153 7152 0.0018418
2334 7153 0.00023024
2337 7153 0.00023024
5977 7153 0.00023024
7152 7153 0.00023024
6544 7190 1
7191 7190 1
7190 7192 1
7193 7192 1
1932 7199 0.96273
1934 7199 0.96273
6745 7199 0.96273
7198 7199 0.96273
6828 7201 0.96273
7200 7201 0.96273
5241 7219 0.00034307
5738 7219 0.00034307
7218 7219 0.00034307
942 7253 0.0013927
945 7253 0.0013927
5898 7253 0.0013927
7252 7253 0.0013927
5893 7254 0.00046155
7255 7254 0.00046155
2329 7255 0.0029073
5896 7255 0.0029073
7254 7255 0.0029073
7258 7255 0.0029073
2328 7256 0.001165
7257 7256 0.001165
2331 7257 0.0024558
4196 7257 0.0024558
5971 7257 0.0024558
7256 7257 0.0024558
2326 7258 0.00028007
7259 7258 0.00028007
2329 7259 0.00049301
5896 7259 0.00049301
7254 7259 0.00049301
7258 7259 0.00049301
