548 547 0.013913
6226 547 0.013913
6227 547 0.013913
6230 547 0.013913
547 548 0.32358
2073 548 0.32358
7094 548 0.32358
948 950 0.0044156
951 950 0.0044156
6355 950 0.0044156
950 951 0.0012065
6352 951 0.0012065
6353 951 0.0012065
6356 951 0.0012065
995 994 0.024979
6359 994 0.024979
6360 994 0.024979
994 995 0.17281
997 995 0.17281
2076 995 0.17281
2077 995 0.17281
994 996 0.023017
997 996 0.023017
2076 996 0.023017
2077 996 0.023017
996 997 0.22157
3119 997 0.22157
4790 997 0.22157
6237 997 0.22157
2072 2071 0.0011206
2074 2071 0.0011206
2075 2071 0.0011206
3906 2071 0.0011206
2071 2072 0.35341
6238 2072 0.35341
6239 2072 0.35341
2072 2073 0.29457
2074 2073 0.29457
2075 2073 0.29457
3906 2073 0.29457
547 2074 0.0095531
2073 2074 0.0095531
7094 2074 0.0095531
994 2075 0.21734
997 2075 0.21734
2076 2075 0.21734
2077 2075 0.21734
2072 2076 0.029162
2074 2076 0.029162
2075 2076 0.029162
3906 2076 0.029162
2078 2077 0.16148
2358 2077 0.16148
2361 2077 0.16148
6371 2077 0.16148
994 2078 0.024034
997 2078 0.024034
2076 2078 0.024034
2077 2078 0.024034
2348 2349 0.014525
5239 2349 0.014525
5739 2349 0.014525
2351 2350 0.00025167
4656 2350 0.00025167
7014 2350 0.00025167
7087 2350 0.00025167
2350 2351 0.075657
5671 2351 0.075657
5836 2351 0.075657
2352 2353 0.00034537
2355 2353 0.00034537
5269 2353 0.00034537
2352 2354 0.00051936
2355 2354 0.00051936
5269 2354 0.00051936
2354 2355 0.00040168
2357 2355 0.00040168
2354 2356 0.00015772
2357 2356 0.00015772
2356 2357 0.013359
2359 2357 0.013359
6362 2357 0.013359
7160 2357 0.013359
2356 2358 0.020927
2359 2358 0.020927
6362 2358 0.020927
7160 2358 0.020927
2078 2359 0.016044
2358 2359 0.016044
2361 2359 0.016044
6371 2359 0.016044
2078 2360 0.026492
2358 2360 0.026492
2361 2360 0.026492
6371 2360 0.026492
2360 2361 0.14799
2363 2361 0.14799
3120 2361 0.14799
2360 2362 0.0079672
2363 2362 0.0079672
3120 2362 0.0079672
2362 2363 0.28945
2365 2363 0.28945
6395 2363 0.28945
2362 2364 0.008485
2365 2364 0.008485
6395 2364 0.008485
2364 2365 0.29815
2367 2365 0.29815
6366 2365 0.29815
6367 2365 0.29815
2364 2366 0.0018501
2367 2366 0.0018501
6366 2366 0.0018501
6367 2366 0.0018501
2366 2367 0.69158
7006 2367 0.69158
7086 2367 0.69158
3118 3117 0.0018305
6390 3117 0.0018305
6391 3117 0.0018305
3117 3118 0.0015559
5957 3118 0.0015559
6368 3118 0.0015559
6369 3118 0.0015559
2360 3119 0.17436
2363 3119 0.17436
3120 3119 0.17436
996 3120 0.014365
3119 3120 0.014365
4790 3120 0.014365
6237 3120 0.014365
3122 3121 0.00011777
5270 3121 0.00011777
6233 3121 0.00011777
3121 3122 0.00024304
3328 3122 0.00024304
3329 3122 0.00024304
3131 3133 0.00026816
3134 3133 0.00026816
6402 3133 0.00026816
6403 3133 0.00026816
3133 3134 0.00013208
5955 3134 0.00013208
6394 3134 0.00013208
3140 3139 0.0034019
6372 3139 0.0034019
6373 3139 0.0034019
6407 3139 0.0034019
3139 3140 0.011216
3910 3140 0.011216
6112 3140 0.011216
3142 3141 0.00033814
6414 3141 0.00033814
6415 3141 0.00033814
3141 3142 0.00015627
3144 3142 0.00015627
4787 3142 0.00015627
3141 3143 0.0018638
3144 3143 0.0018638
4787 3143 0.0018638
3143 3144 0.00038736
3146 3144 0.00038736
6374 3144 0.00038736
6375 3144 0.00038736
3143 3145 0.002458
3146 3145 0.002458
6374 3145 0.002458
6375 3145 0.002458
3145 3146 0.0021869
3148 3146 0.0021869
3911 3146 0.0021869
6109 3146 0.0021869
3145 3147 0.0018319
3148 3147 0.0018319
3911 3147 0.0018319
6109 3147 0.0018319
3147 3148 0.002361
5951 3148 0.002361
6398 3148 0.002361
6399 3148 0.002361
3316 3317 0.31607
7005 3317 0.31607
7008 3317 0.31607
7088 3317 0.31607
3319 3318 0.0021318
5985 3318 0.0021318
7093 3318 0.0021318
7095 3318 0.0021318
3318 3319 0.30766
6983 3319 0.30766
7092 3319 0.30766
3321 3320 0.002929
3322 3320 0.002929
7097 3320 0.002929
3320 3321 0.12604
6977 3321 0.12604
7096 3321 0.12604
3323 3322 0.002121
3324 3322 0.002121
7103 3322 0.002121
3321 3323 0.034475
3322 3323 0.034475
7097 3323 0.034475
3325 3324 0.00070109
3326 3324 0.00070109
7099 3324 0.00070109
3323 3325 0.015091
3324 3325 0.015091
7103 3325 0.015091
2753 3326 0.00017448
3327 3326 0.00017448
5237 3326 0.00017448
3325 3327 0.00086373
3326 3327 0.00086373
7099 3327 0.00086373
2353 3328 0.00036454
3337 3328 0.00036454
3332 3331 0.00047314
3334 3331 0.00047314
3331 3332 0.0054491
5827 3332 0.0054491
5829 3332 0.0054491
3332 3333 0.0054491
3334 3333 0.0054491
3333 3334 0.00047314
3336 3334 0.00047314
6225 3334 0.00047314
3333 3335 0.0049216
3336 3335 0.0049216
6225 3335 0.0049216
3335 3336 0.03161
5823 3336 0.03161
5831 3336 0.03161
6967 3336 0.03161
3907 3906 0.023226
4019 3906 0.023226
6228 3906 0.023226
6358 3906 0.023226
2072 3907 0.27868
2074 3907 0.27868
2075 3907 0.27868
3906 3907 0.27868
3909 3908 0.00052862
6113 3908 0.00052862
6400 3908 0.00052862
6401 3908 0.00052862
3908 3909 0.00024929
6392 3909 0.00024929
6393 3909 0.00024929
3145 3910 0.0023492
3148 3910 0.0023492
3911 3910 0.0023492
6109 3910 0.0023492
3139 3911 0.0016895
3910 3911 0.0016895
6112 3911 0.0016895
4020 4019 0.012345
6232 4019 0.012345
6351 4019 0.012345
3907 4020 0.014397
4019 4020 0.014397
6228 4020 0.014397
6358 4020 0.014397
6737 4659 0.0040685
4788 4787 0.0016578
6408 4787 0.0016578
6409 4787 0.0016578
3141 4788 0.00036323
3144 4788 0.00036323
4787 4788 0.00036323
996 4789 0.011716
3119 4789 0.011716
4790 4789 0.011716
6237 4789 0.011716
4789 4790 0.17203
6240 4790 0.17203
6365 4790 0.17203
4659 5064 0.0040698
5065 5064 0.0040698
3121 5237 0.00023927
3328 5237 0.00023927
3329 5237 0.00023927
2348 5238 0.0013229
5239 5238 0.0013229
5739 5238 0.0013229
3317 5239 0.011853
5238 5239 0.011853
7089 5239 0.011853
5064 5241 0.0040685
5240 5241 0.0040685
3122 5269 0.00052212
5270 5269 0.00052212
6233 5269 0.00052212
2753 5270 0.00092857
3327 5270 0.00092857
5237 5270 0.00092857
2350 5669 0.0040594
5671 5669 0.0040594
5836 5669 0.0040594
2350 5670 0.00029295
5671 5670 0.00029295
5836 5670 0.00029295
5670 5671 0.079672
6385 5671 0.079672
7085 5671 0.079672
5241 5739 0.0039981
5738 5739 0.0039981
7218 5739 0.0039981
5740 5741 0.00012475
7219 5741 0.00012475
4205 5743 0.00011939
5741 5743 0.00011939
5742 5743 0.00011939
4213 5745 0.0001232
5743 5745 0.0001232
5744 5745 0.0001232
3335 5822 0.0063319
5823 5822 0.0063319
5831 5822 0.0063319
6967 5822 0.0063319
5822 5823 0.028715
6963 5823 0.028715
7102 5823 0.028715
7104 5823 0.028715
5825 5824 0.00055853
5826 5824 0.00055853
5830 5824 0.00055853
5824 5825 0.013983
6964 5825 0.013983
7100 5825 0.013983
3331 5826 0.00047314
5827 5826 0.00047314
5829 5826 0.00047314
5825 5827 0.0054491
5826 5827 0.0054491
5830 5827 0.0054491
3335 5830 0.0035306
5823 5830 0.0035306
5831 5830 0.0035306
6967 5830 0.0035306
5825 5831 0.011979
5826 5831 0.011979
5830 5831 0.011979
1655 5903 0.0001428
5745 5903 0.0001428
5901 5903 0.0001428
5904 5903 0.0001428
3147 5950 0.0025141
5951 5950 0.0025141
6398 5950 0.0025141
6399 5950 0.0025141
5950 5951 0.001427
6389 5951 0.001427
6405 5951 0.001427
3133 5954 0.00056583
5955 5954 0.00056583
6394 5954 0.00056583
5954 5955 0.00020785
6370 5955 0.00020785
6388 5955 0.00020785
7111 5955 0.00020785
3117 5956 0.00887
5957 5956 0.00887
6368 5956 0.00887
6369 5956 0.00887
5956 5957 0.0013216
6386 5957 0.0013216
6387 5957 0.0013216
2349 5985 0.014665
5903 5985 0.014665
5986 5985 0.014665
7105 5985 0.014665
6107 6108 0.00010492
6110 6108 0.00010492
6114 6108 0.00010492
6107 6109 0.00023498
6110 6109 0.00023498
6114 6109 0.00023498
3145 6110 0.00037552
3148 6110 0.00037552
3911 6110 0.00037552
6109 6110 0.00037552
3139 6111 0.0032736
3910 6111 0.0032736
6112 6111 0.0032736
6111 6112 0.010428
6396 6112 0.010428
6397 6112 0.010428
6406 6112 0.010428
6107 6113 0.00031996
6110 6113 0.00031996
6114 6113 0.00031996
3909 6114 0.00020952
6113 6114 0.00020952
6400 6114 0.00020952
6401 6114 0.00020952
548 6225 0.0048587
6226 6225 0.0048587
6227 6225 0.0048587
6230 6225 0.0048587
3333 6226 0.036523
3336 6226 0.036523
6225 6226 0.036523
3907 6227 0.41576
4019 6227 0.41576
6228 6227 0.41576
6358 6227 0.41576
548 6228 0.020207
6226 6228 0.020207
6227 6228 0.020207
6230 6228 0.020207
548 6229 0.021824
6226 6229 0.021824
6227 6229 0.021824
6230 6229 0.021824
6229 6230 0.28494
6979 6230 0.28494
7063 6230 0.28494
4020 6231 0.0048429
6232 6231 0.0048429
6351 6231 0.0048429
6231 6232 0.0021656
6234 6232 0.0021656
6354 6232 0.0021656
6231 6233 0.00053425
6234 6233 0.00053425
6354 6233 0.00053425
3122 6234 0.001066
5270 6234 0.001066
6233 6234 0.001066
2071 6237 0.025014
6238 6237 0.025014
6239 6237 0.025014
996 6238 0.14677
3119 6238 0.14677
4790 6238 0.14677
6237 6238 0.14677
4789 6239 0.23152
6240 6239 0.23152
6365 6239 0.23152
2071 6240 0.00098574
6238 6240 0.00098574
6239 6240 0.00098574
950 6351 0.011234
6352 6351 0.011234
6353 6351 0.011234
6356 6351 0.011234
4020 6352 0.010609
6232 6352 0.010609
6351 6352 0.010609
2354 6353 0.013319
2357 6353 0.013319
948 6354 0.0012065
951 6354 0.0012065
6355 6354 0.0012065
6231 6355 0.0044156
6234 6355 0.0044156
6354 6355 0.0044156
6357 6356 0.0025105
6361 6356 0.0025105
950 6357 0.018413
6352 6357 0.018413
6353 6357 0.018413
6356 6357 0.018413
995 6358 0.17157
6359 6358 0.17157
6360 6358 0.17157
3907 6359 0.029416
4019 6359 0.029416
6228 6359 0.029416
6358 6359 0.029416
6357 6360 0.017599
6361 6360 0.017599
995 6361 0.023271
6359 6361 0.023271
6360 6361 0.023271
6357 6362 0.021575
6361 6362 0.021575
6364 6363 0.00046431
6410 6363 0.00046431
6411 6363 0.00046431
6363 6364 0.0039554
6943 6364 0.0039554
7165 6364 0.0039554
2364 6365 0.39144
2367 6365 0.39144
6366 6365 0.39144
6367 6365 0.39144
4789 6366 0.00059388
6240 6366 0.00059388
6365 6366 0.00059388
3117 6367 0.0036059
5957 6367 0.0036059
6368 6367 0.0036059
6369 6367 0.0036059
2364 6368 0.012825
2367 6368 0.012825
6366 6368 0.012825
6367 6368 0.012825
5954 6369 0.00085891
6370 6369 0.00085891
6388 6369 0.00085891
7111 6369 0.00085891
3117 6370 0.0028038
5957 6370 0.0028038
6368 6370 0.0028038
6369 6370 0.0028038
3140 6371 0.017285
6372 6371 0.017285
6373 6371 0.017285
6407 6371 0.017285
2078 6372 0.0062128
2358 6372 0.0062128
2361 6372 0.0062128
6371 6372 0.0062128
3143 6373 0.0038489
3146 6373 0.0038489
6374 6373 0.0038489
6375 6373 0.0038489
3140 6374 0.0024683
6372 6374 0.0024683
6373 6374 0.0024683
6407 6374 0.0024683
6376 6375 0.00024981
6377 6375 0.00024981
6417 6375 0.00024981
5956 6385 1.0098
6386 6385 1.0098
6387 6385 1.0098
5954 6387 0.002662
6370 6387 0.002662
6388 6387 0.002662
7111 6387 0.002662
5956 6388 0.00045373
6386 6388 0.00045373
6387 6388 0.00045373
3118 6389 0.0014537
6390 6389 0.0014537
6391 6389 0.0014537
5950 6390 0.0016708
6389 6390 0.0016708
6405 6390 0.0016708
3908 6391 0.00059988
6392 6391 0.00059988
6393 6391 0.00059988
3118 6392 0.00054243
6390 6392 0.00054243
6391 6392 0.00054243
3133 6393 0.00018372
5955 6393 0.00018372
6394 6393 0.00018372
3908 6394 0.00040561
6392 6394 0.00040561
6393 6394 0.00040561
6111 6395 0.0061472
6396 6395 0.0061472
6397 6395 0.0061472
6406 6395 0.0061472
2362 6396 0.014322
2365 6396 0.014322
6395 6396 0.014322
3147 6397 0.0025516
5951 6397 0.0025516
6398 6397 0.0025516
6399 6397 0.0025516
6111 6398 0.0044414
6396 6398 0.0044414
6397 6398 0.0044414
6406 6398 0.0044414
3909 6399 0.00050941
6113 6399 0.00050941
6400 6399 0.00050941
6401 6399 0.00050941
3147 6400 0.00078303
5951 6400 0.00078303
6398 6400 0.00078303
6399 6400 0.00078303
3131 6401 0.00014515
3134 6401 0.00014515
6402 6401 0.00014515
6403 6401 0.00014515
3909 6402 0.00024988
6113 6402 0.00024988
6400 6402 0.00024988
6401 6402 0.00024988
6111 6405 0.0016531
6396 6405 0.0016531
6397 6405 0.0016531
6406 6405 0.0016531
5950 6406 0.002523
6389 6406 0.002523
6405 6406 0.002523
4788 6407 0.0039971
6408 6407 0.0039971
6409 6407 0.0039971
3140 6408 0.0021193
6372 6408 0.0021193
6373 6408 0.0021193
6407 6408 0.0021193
6364 6409 0.0038919
6410 6409 0.0038919
6411 6409 0.0038919
4788 6410 0.00071958
6408 6410 0.00071958
6409 6410 0.00071958
6364 6412 0.00037792
6410 6412 0.00037792
6411 6412 0.00037792
5834 6414 0.00037792
6412 6414 0.00037792
6413 6414 0.00037792
3142 6416 0.00017653
6414 6416 0.00017653
6415 6416 0.00017653
6416 6417 0.00019464
6418 6417 0.00019464
6419 6417 0.00019464
6880 6737 0.0040685
433 6880 0.0040685
5669 6880 0.0040685
6939 6938 0.0011895
7067 6938 0.0011895
7163 6938 0.0011895
7164 6938 0.0011895
6938 6939 0.00081606
6941 6939 0.00081606
6949 6939 0.00081606
6938 6940 0.00024664
6941 6940 0.00024664
6949 6940 0.00024664
6940 6941 0.0010442
6942 6941 0.0010442
6945 6941 0.0010442
6947 6941 0.0010442
6363 6942 0.0010442
6943 6942 0.0010442
7165 6942 0.0010442
6940 6943 0.00024664
6942 6943 0.00024664
6945 6943 0.00024664
6947 6943 0.00024664
6938 6948 0.001472
6941 6948 0.001472
6949 6948 0.001472
6948 6949 0.00030106
6950 6949 0.00030106
6953 6949 0.00030106
6948 6952 0.001472
6950 6952 0.001472
6953 6952 0.001472
6952 6953 0.00030106
7161 6953 0.00030106
7162 6953 0.00030106
5824 6963 0.0068761
6964 6963 0.0068761
7100 6963 0.0068761
5822 6964 0.0065993
6963 6964 0.0065993
7102 6964 0.0065993
7104 6964 0.0065993
6965 6967 0.0032841
6968 6967 0.0032841
7101 6967 0.0032841
3335 6968 0.0074265
5823 6968 0.0074265
5831 6968 0.0074265
6967 6968 0.0074265
6969 6971 0.079097
6972 6971 0.079097
6975 6971 0.079097
7066 6971 0.079097
6971 6972 0.038171
6974 6972 0.038171
7064 6972 0.038171
6971 6973 0.068088
6974 6973 0.068088
7064 6973 0.068088
6973 6974 0.11284
6976 6974 0.11284
6978 6974 0.11284
6973 6975 0.14684
6976 6975 0.14684
6978 6975 0.14684
6969 6976 0.019232
6972 6976 0.019232
6975 6976 0.019232
7066 6976 0.019232
6973 6977 0.029479
6976 6977 0.029479
6978 6977 0.029479
3320 6978 0.20184
6977 6978 0.20184
7096 6978 0.20184
6980 6979 0.18789
7065 6979 0.18789
7098 6979 0.18789
6229 6980 0.010448
6979 6980 0.010448
7063 6980 0.010448
6982 6981 0.03161
6984 6981 0.03161
6986 6981 0.03161
6981 6982 0.009759
6990 6982 0.009759
6982 6983 0.0339
6984 6983 0.0339
6986 6983 0.0339
3318 6984 0.049807
6983 6984 0.049807
7092 6984 0.049807
6982 6985 0.030812
6984 6985 0.030812
6986 6985 0.030812
6985 6986 0.036756
6988 6986 0.036756
6989 6986 0.036756
6985 6987 0.047097
6988 6987 0.047097
6989 6987 0.047097
6987 6988 0.031189
6992 6988 0.031189
6994 6988 0.031189
6981 6989 0.03161
6990 6989 0.03161
6985 6990 0.009759
6988 6990 0.009759
6989 6990 0.009759
6987 6991 0.053788
6992 6991 0.053788
6994 6991 0.053788
6991 6992 0.01199
6995 6992 0.01199
7000 6992 0.01199
6987 6993 0.027719
6992 6993 0.027719
6994 6993 0.027719
6993 6994 0.053609
6996 6994 0.053609
6998 6994 0.053609
7001 6994 0.053609
6993 6995 0.028823
6996 6995 0.028823
6998 6995 0.028823
7001 6995 0.028823
6991 6996 0.047646
6995 6996 0.047646
7000 6996 0.047646
6993 6997 0.063985
6996 6997 0.063985
6998 6997 0.063985
7001 6997 0.063985
6997 6998 0.048078
7090 6998 0.048078
7091 6998 0.048078
6991 6999 0.027634
6995 6999 0.027634
7000 6999 0.027634
6999 7000 0.0046586
7002 7000 0.0046586
7004 7000 0.0046586
6999 7001 0.027634
7002 7001 0.027634
7004 7001 0.027634
6993 7002 0.0046586
6996 7002 0.0046586
6998 7002 0.0046586
7001 7002 0.0046586
2366 7005 0.24597
7006 7005 0.24597
7086 7005 0.24597
3316 7006 0.005318
7005 7006 0.005318
7008 7006 0.005318
7088 7006 0.005318
6971 7063 0.13529
6974 7063 0.13529
7064 7063 0.13529
6229 7064 0.049615
6979 7064 0.049615
7063 7064 0.049615
6969 7065 0.11017
6972 7065 0.11017
6975 7065 0.11017
7066 7065 0.11017
6980 7066 0.023482
7065 7066 0.023482
7098 7066 0.023482
2366 7085 0.0012263
7006 7085 0.0012263
7086 7085 0.0012263
5670 7086 0.9316
6385 7086 0.9316
7085 7086 0.9316
3316 7087 0.00025168
7005 7087 0.00025168
7008 7087 0.00025168
7088 7087 0.00025168
2351 7088 0.075657
4656 7088 0.075657
7014 7088 0.075657
7087 7088 0.075657
6997 7089 0.00079468
7090 7089 0.00079468
7091 7089 0.00079468
3317 7090 0.30632
5238 7090 0.30632
7089 7090 0.30632
3318 7091 0.00088498
6983 7091 0.00088498
7092 7091 0.00088498
6997 7092 0.32232
7090 7092 0.32232
7091 7092 0.32232
547 7093 0.072971
2073 7093 0.072971
7094 7093 0.072971
3319 7094 0.097625
5985 7094 0.097625
7093 7094 0.097625
7095 7094 0.097625
3320 7095 0.0048569
6977 7095 0.0048569
7096 7095 0.0048569
3319 7096 0.30033
5985 7096 0.30033
7093 7096 0.30033
7095 7096 0.30033
6980 7097 0.011539
7065 7097 0.011539
7098 7097 0.011539
3321 7098 0.10229
3322 7098 0.10229
7097 7098 0.10229
5824 7099 0.00071893
6964 7099 0.00071893
7100 7099 0.00071893
3325 7100 0.01442
3326 7100 0.01442
7099 7100 0.01442
5822 7101 0.0032841
6963 7101 0.0032841
7102 7101 0.0032841
7104 7101 0.0032841
6965 7102 0.0074265
6968 7102 0.0074265
7101 7102 0.0074265
5822 7103 0.006132
6963 7103 0.006132
7102 7103 0.006132
7104 7103 0.006132
3323 7104 0.024096
3324 7104 0.024096
7103 7104 0.024096
6952 7160 0.0016543
7161 7160 0.0016543
7162 7160 0.0016543
2356 7161 0.0051454
2359 7161 0.0051454
6362 7161 0.0051454
7160 7161 0.0051454
6939 7162 0.00078284
7067 7162 0.00078284
7163 7162 0.00078284
7164 7162 0.00078284
6952 7163 0.0054449
7161 7163 0.0054449
7162 7163 0.0054449
6363 7164 0.00047645
6943 7164 0.00047645
7165 7164 0.00047645
6939 7165 0.0047651
7067 7165 0.0047651
7163 7165 0.0047651
7164 7165 0.0047651
5241 7219 0.00012475
5738 7219 0.00012475
7218 7219 0.00012475
