266 265 0.089296
2057 265 0.089296
2062 265 0.089296
265 266 0.045794
857 266 0.045794
2994 266 0.045794
558 557 0.00063806
5766 557 0.00063806
6474 557 0.00063806
574 573 0.074266
864 573 0.074266
2197 573 0.074266
573 574 0.0031989
2058 574 0.0031989
2059 574 0.0031989
3761 574 0.0031989
577 578 0.0051695
847 578 0.0051695
850 578 0.0051695
5067 579 1.0056
6033 579 1.0056
837 838 0.99497
840 838 0.99497
4797 838 0.99497
839 840 0.94293
842 840 0.94293
2065 840 0.94293
841 842 0.94293
844 842 0.94293
989 842 0.94293
843 844 0.99483
846 844 0.99483
859 844 0.99483
845 846 0.99483
7187 846 0.99483
577 848 0.99483
847 848 0.99483
850 848 0.99483
849 850 1
852 850 1
4795 850 1
851 852 1
6811 852 1
5764 853 1.0067
6814 853 1.0067
854 855 1
2981 855 1
6816 855 1
265 856 0.0097194
857 856 0.0097194
2994 856 0.0097194
856 857 0.7188
3776 857 0.7188
3778 857 0.7188
841 988 0.056626
844 988 0.056626
989 988 0.056626
988 989 0.0047149
4798 989 0.0047149
4800 989 0.0047149
4601 1809 0.0080934
5066 1809 0.0080934
838 1977 0.012759
1978 1977 0.012759
1984 1977 0.012759
1977 1978 0.0083107
1981 1978 0.0083107
1986 1978 0.0083107
1980 1981 0.00026729
1982 1981 0.00026729
2064 1981 0.00026729
1977 1982 0.00040386
1981 1982 0.00040386
1986 1982 0.00040386
838 1983 0.99052
1978 1983 0.99052
1984 1983 0.99052
1977 1985 0.012475
1981 1985 0.012475
1986 1985 0.012475
1985 1986 0.008164
1988 1986 0.008164
1985 1987 0.012475
1988 1987 0.012475
1983 1988 0.008164
1987 1988 0.008164
2002 1988 0.008164
1990 1991 0.0051695
1992 1991 0.0051695
2738 1991 0.0051695
1991 1993 0.0051695
1994 1993 0.0051695
1993 1995 0.0051695
1996 1995 0.0051695
1995 1997 0.0051695
1998 1997 0.0051695
2000 1997 0.0051695
1983 2001 0.99483
1987 2001 0.99483
2002 2001 0.99483
2001 2003 0.99483
2004 2003 0.99483
2056 2055 0.17489
2060 2055 0.17489
2196 2055 0.17489
4603 2055 0.17489
2055 2056 0.081965
3760 2056 0.081965
3762 2056 0.081965
573 2057 0.29222
2058 2057 0.29222
2059 2057 0.29222
3761 2057 0.29222
266 2058 0.0012982
2057 2058 0.0012982
2062 2058 0.0012982
2056 2059 0.2528
2060 2059 0.2528
2196 2059 0.2528
4603 2059 0.2528
573 2060 0.018176
2058 2060 0.018176
2059 2060 0.018176
3761 2060 0.018176
266 2061 0.24758
2057 2061 0.24758
2062 2061 0.24758
2061 2062 0.00015911
3039 2062 0.00015911
3042 2062 0.00015911
1980 2063 0.00040386
1982 2063 0.00040386
2064 2063 0.00040386
2063 2064 0.00026729
4399 2064 0.00026729
7277 2064 0.00026729
574 2196 0.0031989
864 2196 0.0031989
2197 2196 0.0031989
2056 2197 0.074266
2060 2197 0.074266
2196 2197 0.074266
4603 2197 0.074266
578 2738 0.0051695
2737 2738 0.0051695
3003 2738 0.0051695
855 2987 1
2983 2987 1
2988 2987 1
3583 2987 1
2990 2989 0.7536
2991 2989 0.7536
2993 2989 0.7536
2989 2990 0.0010179
3038 2990 0.0010179
3040 2990 0.0010179
265 2993 0.7536
857 2993 0.7536
2994 2993 0.7536
2990 2994 0.0010179
2991 2994 0.0010179
2993 2994 0.0010179
2996 2995 0.61872
2997 2995 0.61872
4602 2995 0.61872
2995 2996 0.017344
3759 2996 0.017344
3775 2996 0.017344
2998 2997 1
3764 2997 1
3770 2997 1
3021 3022 0.99483
3024 3022 0.99483
4158 3022 0.99483
848 3024 0.99483
2999 3024 0.99483
3023 3024 0.99483
2989 3037 1
3038 3037 1
3040 3037 1
2989 3039 0.00015911
3038 3039 0.00015911
3040 3039 0.00015911
2061 3040 0.24758
3039 3040 0.24758
3042 3040 0.24758
2055 3759 0.18219
3760 3759 0.18219
3762 3759 0.18219
2995 3760 0.074493
3759 3760 0.074493
3775 3760 0.074493
2055 3761 0.075803
3760 3761 0.075803
3762 3761 0.075803
573 3762 0.090573
2058 3762 0.090573
2059 3762 0.090573
3761 3762 0.090573
3763 3764 0.40351
3766 3764 0.40351
3768 3764 0.40351
3767 3768 0.40351
3769 3768 0.40351
3772 3768 0.40351
3767 3770 0.59649
3769 3770 0.59649
3772 3770 0.59649
3771 3772 1
3774 3772 1
3773 3774 1
856 3775 0.0097194
3776 3775 0.0097194
3778 3775 0.0097194
2995 3776 0.7188
3759 3776 0.7188
3775 3776 0.7188
1997 4120 1
2003 4120 1
4121 4120 1
4400 4399 0.00026669
4402 4399 0.00026669
4799 4399 0.00026669
2063 4400 0.00040309
4399 4400 0.00040309
7277 4400 0.00040309
579 4601 0.0055563
6810 4601 0.0055563
2056 4602 0.0055076
2060 4602 0.0055076
2196 4602 0.0055076
4603 4602 0.0055076
2996 4603 0.40413
2997 4603 0.40413
4602 4603 0.40413
988 4797 0.056828
4798 4797 0.056828
4800 4797 0.056828
837 4798 0.0047812
840 4798 0.0047812
4797 4798 0.0047812
988 4799 0.00026894
4798 4799 0.00026894
4800 4799 0.00026894
4400 4800 0.00040552
4402 4800 0.00040552
4799 4800 0.00040552
5067 5066 0.0091932
6033 5066 0.0091932
5068 5067 0.73539
6463 5067 0.73539
853 5068 1.001
1809 5068 1.001
4601 5764 0.0066561
5066 5764 0.0066561
853 5765 0.013735
1809 5765 0.013735
6822 5766 0.00065676
580 5767 0.013079
5765 5767 0.013079
5768 5767 0.013079
4541 6033 0.27936
6034 6033 0.27936
5068 6034 0.27936
6463 6034 0.27936
2190 6463 0.013735
5767 6463 0.013735
6464 6463 0.013735
6747 6464 0.00065682
557 6747 0.00065682
6037 6747 0.00065682
6465 6747 0.00065682
579 6811 1
6810 6811 1
2987 6814 1
6815 6814 1
3037 6816 1
6817 6816 1
580 6822 0.00065676
5765 6822 0.00065676
5768 6822 0.00065676
7186 7187 0.99483
7189 7187 0.99483
3001 7189 0.99483
3022 7189 0.99483
5246 7189 0.99483
7188 7189 0.99483
