5835 433 0.024474
548 547 0.020988
6226 547 0.020988
6227 547 0.020988
6230 547 0.020988
547 548 0.008372
2073 548 0.008372
7094 548 0.008372
567 568 0.00020687
1467 568 0.00020687
943 942 0.0018217
4221 942 0.0018217
4815 942 0.0018217
942 943 0.00072075
945 943 0.00072075
5898 943 0.00072075
7252 943 0.00072075
942 944 0.0081049
945 944 0.0081049
5898 944 0.0081049
7252 944 0.0081049
944 945 0.00076425
947 945 0.00076425
4210 945 0.00076425
944 946 0.012171
947 946 0.012171
4210 946 0.012171
948 950 0.00058229
951 950 0.00058229
6355 950 0.00058229
950 951 0.0002334
6352 951 0.0002334
6353 951 0.0002334
6356 951 0.0002334
995 994 0.0095912
6359 994 0.0095912
6360 994 0.0095912
994 995 0.025025
997 995 0.025025
2076 995 0.025025
2077 995 0.025025
994 996 0.014629
997 996 0.014629
2076 996 0.014629
2077 996 0.014629
996 997 0.050725
3119 997 0.050725
4790 997 0.050725
6237 997 0.050725
1227 1226 0.001015
7040 1226 0.001015
7075 1226 0.001015
7079 1226 0.001015
1226 1227 0.0057221
1536 1227 0.0057221
4200 1227 0.0057221
1232 1233 0.00014523
7249 1233 0.00014523
1468 1467 0.00028967
5934 1467 0.00028967
1117 1468 0.00014469
2345 1468 0.00014469
1537 1536 0.0055287
4710 1536 0.0055287
1226 1537 0.001625
1536 1537 0.001625
4200 1537 0.001625
1653 1654 0.0048067
7054 1654 0.0048067
7076 1654 0.0048067
1656 1655 0.00085574
5746 1655 0.00085574
5748 1655 0.00085574
1655 1656 0.0029813
5745 1656 0.0029813
5901 1656 0.0029813
5904 1656 0.0029813
1658 1657 0.0018217
5747 1657 0.0018217
5907 1657 0.0018217
5984 1657 0.0018217
1657 1658 0.00072075
4219 1658 0.00072075
4817 1658 0.00072075
2072 2071 0.0018441
2074 2071 0.0018441
2075 2071 0.0018441
3906 2071 0.0018441
2071 2072 0.06809
6238 2072 0.06809
6239 2072 0.06809
2072 2073 0.19517
2074 2073 0.19517
2075 2073 0.19517
3906 2073 0.19517
547 2074 0.00023367
2073 2074 0.00023367
7094 2074 0.00023367
994 2075 0.14847
997 2075 0.14847
2076 2075 0.14847
2077 2075 0.14847
2072 2076 0.0071512
2074 2076 0.0071512
2075 2076 0.0071512
3906 2076 0.0071512
2078 2077 0.13523
2358 2077 0.13523
2361 2077 0.13523
6371 2077 0.13523
994 2078 0.014566
997 2078 0.014566
2076 2078 0.014566
2077 2078 0.014566
2327 2326 0.0031621
4708 2326 0.0031621
5968 2326 0.0031621
2326 2327 0.0035492
7259 2327 0.0035492
2329 2328 0.055811
5896 2328 0.055811
7254 2328 0.055811
7258 2328 0.055811
2328 2329 0.00010297
7257 2329 0.00010297
2331 2330 0.041949
4196 2330 0.041949
5971 2330 0.041949
7256 2330 0.041949
2330 2331 0.00085191
2333 2331 0.00085191
5975 2331 0.00085191
2330 2332 0.030351
2333 2332 0.030351
5975 2332 0.030351
2332 2333 0.0034017
2335 2333 0.0034017
4216 2333 0.0034017
2332 2334 0.03523
2335 2334 0.03523
4216 2334 0.03523
2334 2335 0.0028866
2337 2335 0.0028866
5977 2335 0.0028866
7152 2335 0.0028866
2334 2336 0.026552
2337 2336 0.026552
5977 2336 0.026552
7152 2336 0.026552
2336 2337 0.034379
2339 2337 0.034379
4709 2337 0.034379
2336 2338 0.00070921
2339 2338 0.00070921
4709 2338 0.00070921
2338 2339 0.0047803
2341 2339 0.0047803
4198 2339 0.0047803
1654 2341 0.0048985
2340 2341 0.0048985
2343 2341 0.0048985
2344 2345 0.00013956
2347 2345 0.00013956
5906 2345 0.00013956
2346 2347 0.00015273
6960 2347 0.00015273
7108 2347 0.00015273
2349 2348 0.091852
5903 2348 0.091852
5986 2348 0.091852
7105 2348 0.091852
2348 2349 0.0030014
5239 2349 0.0030014
5739 2349 0.0030014
2351 2350 0.011019
4656 2350 0.011019
7014 2350 0.011019
7087 2350 0.011019
2350 2351 0.021573
5671 2351 0.021573
5836 2351 0.021573
2352 2353 0.00021043
2355 2353 0.00021043
5269 2353 0.00021043
2352 2354 0.00012287
2355 2354 0.00012287
5269 2354 0.00012287
2354 2355 0.00028794
2357 2355 0.00028794
2356 2357 0.0032811
2359 2357 0.0032811
6362 2357 0.0032811
7160 2357 0.0032811
2356 2358 0.011646
2359 2358 0.011646
6362 2358 0.011646
7160 2358 0.011646
2078 2359 0.0059448
2358 2359 0.0059448
2361 2359 0.0059448
6371 2359 0.0059448
2078 2360 0.031288
2358 2360 0.031288
2361 2360 0.031288
6371 2360 0.031288
2360 2361 0.076559
2363 2361 0.076559
3120 2361 0.076559
2360 2362 0.032511
2363 2362 0.032511
3120 2362 0.032511
2362 2363 0.156
2365 2363 0.156
6395 2363 0.156
2362 2364 0.54333
2365 2364 0.54333
6395 2364 0.54333
2364 2365 0.00397
2367 2365 0.00397
6366 2365 0.00397
6367 2365 0.00397
2364 2366 0.61409
2367 2366 0.61409
6366 2366 0.61409
6367 2366 0.61409
2366 2367 0.0029515
7006 2367 0.0029515
7086 2367 0.0029515
2753 2752 0.00014524
3327 2752 0.00014524
5237 2752 0.00014524
3111 3113 0.00010558
3114 3113 0.00010558
6382 3113 0.00010558
6383 3113 0.00010558
3113 3115 0.00036464
3116 3115 0.00036464
6106 3115 0.00036464
3118 3117 0.2203
6390 3117 0.2203
6391 3117 0.2203
3117 3118 0.00064782
5957 3118 0.00064782
6368 3118 0.00064782
6369 3118 0.00064782
2360 3119 0.091585
2363 3119 0.091585
3120 3119 0.091585
996 3120 0.013362
3119 3120 0.013362
4790 3120 0.013362
6237 3120 0.013362
3127 3129 0.00041529
3130 3129 0.00041529
6380 3129 0.00041529
6381 3129 0.00041529
3129 3130 0.00020269
3132 3130 0.00020269
6105 3130 0.00020269
6108 3130 0.00020269
3129 3131 0.0037004
3132 3131 0.0037004
6105 3131 0.0037004
6108 3131 0.0037004
3131 3132 0.00040004
3134 3132 0.00040004
6402 3132 0.00040004
6403 3132 0.00040004
3131 3133 0.029402
3134 3133 0.029402
6402 3133 0.029402
6403 3133 0.029402
3133 3134 0.00018469
5955 3134 0.00018469
6394 3134 0.00018469
3140 3139 0.0063444
6372 3139 0.0063444
6373 3139 0.0063444
6407 3139 0.0063444
3139 3140 0.080105
3910 3140 0.080105
6112 3140 0.080105
3142 3141 0.00091363
6414 3141 0.00091363
6415 3141 0.00091363
3141 3142 0.00039943
3144 3142 0.00039943
4787 3142 0.00039943
3141 3143 0.0062175
3144 3143 0.0062175
4787 3143 0.0062175
3143 3144 0.00089429
3146 3144 0.00089429
6374 3144 0.00089429
6375 3144 0.00089429
3143 3145 0.01067
3146 3145 0.01067
6374 3145 0.01067
6375 3145 0.01067
3145 3146 0.0054564
3148 3146 0.0054564
3911 3146 0.0054564
6109 3146 0.0054564
3145 3147 1.027
3148 3147 1.027
3911 3147 1.027
6109 3147 1.027
3147 3148 0.0030356
5951 3148 0.0030356
6398 3148 0.0030356
6399 3148 0.0030356
3317 3316 0.00025625
5238 3316 0.00025625
7089 3316 0.00025625
3316 3317 0.15709
7005 3317 0.15709
7008 3317 0.15709
7088 3317 0.15709
3319 3318 0.024516
5985 3318 0.024516
7093 3318 0.024516
7095 3318 0.024516
3318 3319 0.013311
6983 3319 0.013311
7092 3319 0.013311
3321 3320 0.0059911
3322 3320 0.0059911
7097 3320 0.0059911
3320 3321 0.013682
6977 3321 0.013682
7096 3321 0.013682
3323 3322 0.0016061
3324 3322 0.0016061
7103 3322 0.0016061
3321 3323 0.0022616
3322 3323 0.0022616
7097 3323 0.0022616
3325 3324 0.00040672
3326 3324 0.00040672
7099 3324 0.00040672
3323 3325 0.0015626
3324 3325 0.0015626
7103 3325 0.0015626
2753 3326 0.0001577
3327 3326 0.0001577
5237 3326 0.0001577
3325 3327 0.000105
3326 3327 0.000105
7099 3327 0.000105
2353 3328 0.00023008
3337 3328 0.00023008
3332 3331 0.00010097
3334 3331 0.00010097
3331 3332 0.0003918
5827 3332 0.0003918
5829 3332 0.0003918
3332 3333 0.0003918
3334 3333 0.0003918
3333 3334 0.00010097
3336 3334 0.00010097
6225 3334 0.00010097
3333 3335 0.001135
3336 3335 0.001135
6225 3335 0.001135
3335 3336 0.0015523
5823 3336 0.0015523
5831 3336 0.0015523
6967 3336 0.0015523
4199 3791 0.00038195
5395 3791 0.00038195
5396 3792 0.00025626
5397 3792 0.00025626
3791 3793 0.00021242
3793 3794 0.00013288
5993 3794 0.00013288
7115 3794 0.00013288
3907 3906 0.01169
4019 3906 0.01169
6228 3906 0.01169
6358 3906 0.01169
2072 3907 0.024323
2074 3907 0.024323
2075 3907 0.024323
3906 3907 0.024323
3909 3908 0.03219
6113 3908 0.03219
6400 3908 0.03219
6401 3908 0.03219
3908 3909 0.0024856
6392 3909 0.0024856
6393 3909 0.0024856
3145 3910 0.0057034
3148 3910 0.0057034
3911 3910 0.0057034
6109 3910 0.0057034
3139 3911 0.029401
3910 3911 0.029401
6112 3911 0.029401
4020 4019 0.0023313
6232 4019 0.0023313
6351 4019 0.0023313
3907 4020 0.0017312
4019 4020 0.0017312
6228 4020 0.0017312
6358 4020 0.0017312
4163 4162 0.0025761
4164 4162 0.0025761
5889 4162 0.0025761
5892 4162 0.0025761
4162 4163 0.0085731
4171 4163 0.0085731
5793 4163 0.0085731
4165 4164 0.0016099
4166 4164 0.0016099
5929 4164 0.0016099
5972 4164 0.0016099
4163 4165 0.028616
4164 4165 0.028616
5889 4165 0.028616
5892 4165 0.028616
4167 4166 0.0014531
4168 4166 0.0014531
5923 4166 0.0014531
5926 4166 0.0014531
4165 4167 0.025292
4166 4167 0.025292
5929 4167 0.025292
5972 4167 0.025292
4169 4168 0.0010366
4193 4168 0.0010366
4194 4168 0.0010366
4167 4169 0.012867
4168 4169 0.012867
5923 4169 0.012867
5926 4169 0.012867
4162 4170 0.0028883
4171 4170 0.0028883
5793 4170 0.0028883
4170 4171 0.0029946
4173 4171 0.0029946
5933 4171 0.0029946
4170 4172 0.0015481
4173 4172 0.0015481
5933 4172 0.0015481
4172 4173 0.00061189
5797 4173 0.00061189
568 4175 0.00020923
4174 4175 0.00020923
6435 4175 0.00020923
4177 4176 0.00021137
4178 4176 0.00021137
5970 4176 0.00021137
4175 4177 0.00054384
4176 4177 0.00054384
5784 4177 0.00054384
5785 4177 0.00054384
4179 4178 0.00011657
4180 4178 0.00011657
4177 4179 0.001815
4178 4179 0.001815
5970 4179 0.001815
4181 4180 0.0025884
4182 4180 0.0025884
5885 4180 0.0025884
5888 4180 0.0025884
4179 4181 0.001663
4180 4181 0.001663
4183 4182 0.0016281
4184 4182 0.0016281
5928 4182 0.0016281
4181 4183 0.020427
4182 4183 0.020427
5885 4183 0.020427
5888 4183 0.020427
4185 4184 0.0026022
4186 4184 0.0026022
5922 4184 0.0026022
4183 4185 0.034114
4184 4185 0.034114
5928 4185 0.034114
4187 4186 0.0011345
4188 4186 0.0011345
4195 4186 0.0011345
4185 4187 0.057077
4186 4187 0.057077
5922 4187 0.057077
4189 4188 0.00086115
4190 4188 0.00086115
5918 4188 0.00086115
4187 4189 0.071317
4188 4189 0.071317
4195 4189 0.071317
4191 4190 0.0012584
4666 4190 0.0012584
6469 4190 0.0012584
4189 4191 0.12277
4190 4191 0.12277
5918 4191 0.12277
4169 4192 0.0015882
4193 4192 0.0015882
4194 4192 0.0015882
4192 4193 0.0042719
5919 4193 0.0042719
5980 4193 0.0042719
4187 4194 0.00034914
4188 4194 0.00034914
4195 4194 0.00034914
4169 4195 0.014863
4193 4195 0.014863
4194 4195 0.014863
2338 4200 0.00080512
2341 4200 0.00080512
4198 4200 0.00080512
4204 4205 0.0001239
4206 4205 0.0001239
4207 4205 0.0001239
4211 4205 0.0001239
4205 4206 0.0014604
5741 4206 0.0014604
5742 4206 0.0014604
4204 4208 0.0018174
4206 4208 0.0018174
4207 4208 0.0018174
4211 4208 0.0018174
4201 4210 0.0048384
4208 4210 0.0048384
4209 4210 0.0048384
5909 4210 0.0048384
4212 4211 0.00050262
4214 4211 0.00050262
4204 4212 0.00010053
4206 4212 0.00010053
4207 4212 0.00010053
4211 4212 0.00010053
4212 4213 0.00010053
4214 4213 0.00010053
4213 4214 0.00050262
5743 4214 0.00050262
5744 4214 0.00050262
2332 4215 0.00033761
2335 4215 0.00033761
4216 4215 0.00033761
4215 4216 0.0057324
6725 4216 0.0057324
4218 4217 0.0068017
6706 4217 0.0068017
6724 4217 0.0068017
4220 4219 0.00072075
4222 4219 0.00072075
1657 4220 0.0018217
4219 4220 0.0018217
4817 4220 0.0018217
4220 4221 0.0018217
4222 4221 0.0018217
943 4222 0.00072075
4221 4222 0.00072075
4815 4222 0.00072075
6737 4659 0.62738
2646 4664 0.16482
5774 4664 0.16482
5775 4664 0.16482
4191 4665 0.78431
4666 4665 0.78431
6469 4665 0.78431
4664 4666 0.00037861
4665 4666 0.00037861
2327 4707 0.00076459
4708 4707 0.00076459
5968 4707 0.00076459
3189 4708 0.00095998
4707 4708 0.00095998
5981 4708 0.00095998
7130 4708 0.00095998
1537 4709 0.8823
4710 4709 0.8823
5063 4710 0.8862
4788 4787 0.0056647
6408 4787 0.0056647
6409 4787 0.0056647
3141 4788 0.00085576
3144 4788 0.00085576
4787 4788 0.00085576
996 4789 0.015799
3119 4789 0.015799
4790 4789 0.015799
6237 4789 0.015799
4789 4790 0.020089
6240 4790 0.020089
6365 4790 0.020089
5064 5063 0.88658
5240 5063 0.88658
4659 5064 0.62764
5065 5064 0.62764
3792 5065 0.00025619
5091 5090 0.027299
5838 5090 0.027299
3121 5237 0.00026516
3328 5237 0.00026516
3329 5237 0.00026516
2348 5238 0.00012345
5239 5238 0.00012345
5739 5238 0.00012345
3317 5239 0.16816
5238 5239 0.16816
7089 5239 0.16816
5241 5240 0.25935
5738 5240 0.25935
7218 5240 0.25935
5064 5241 0.00040852
5240 5241 0.00040852
3122 5269 0.00012092
5270 5269 0.00012092
6233 5269 0.00012092
5063 5395 0.00038024
3791 5396 0.00016952
1233 5581 0.00014502
5580 5581 0.00014502
5582 5581 0.00014502
2350 5669 0.60291
5671 5669 0.60291
5836 5669 0.60291
2350 5670 0.00013884
5671 5670 0.00013884
5836 5670 0.00013884
5670 5671 0.61078
6385 5671 0.61078
7085 5671 0.61078
2348 5738 0.25719
5239 5738 0.25719
5739 5738 0.25719
5241 5739 0.0002966
5738 5739 0.0002966
7218 5739 0.0002966
4205 5740 0.0025156
5741 5740 0.0025156
5742 5740 0.0025156
5740 5741 0.00045794
7219 5741 0.00045794
4213 5742 0.0036448
5743 5742 0.0036448
5744 5742 0.0036448
4205 5743 0.00025055
5741 5743 0.00025055
5742 5743 0.00025055
1655 5744 0.0040706
5745 5744 0.0040706
5901 5744 0.0040706
5904 5744 0.0040706
4213 5745 0.00027432
5743 5745 0.00027432
5744 5745 0.00027432
1658 5746 0.00085574
5747 5746 0.00085574
5907 5746 0.00085574
5984 5746 0.00085574
1656 5747 0.0029813
5746 5747 0.0029813
5748 5747 0.0029813
4664 5771 0.94875
4665 5771 0.94875
2646 5773 0.052471
5774 5773 0.052471
5775 5773 0.052471
5773 5774 0.0011817
5880 5774 0.0011817
5776 5775 0.21609
6468 5775 0.21609
4175 5783 0.00021614
4176 5783 0.00021614
5784 5783 0.00021614
5785 5783 0.00021614
5783 5784 0.0003257
5788 5784 0.0003257
5796 5784 0.0003257
5783 5787 0.00030784
5788 5787 0.00030784
5796 5787 0.00030784
5787 5788 0.00084716
5914 5788 0.00084716
5915 5788 0.00084716
5790 5789 0.0012121
5791 5789 0.0012121
5932 5789 0.0012121
5969 5789 0.0012121
5789 5790 0.00055958
5911 5790 0.00055958
5913 5790 0.00055958
5982 5790 0.00055958
5792 5791 0.0042207
5891 5791 0.0042207
5894 5791 0.0042207
5790 5792 0.0031082
5791 5792 0.0031082
5932 5792 0.0031082
5969 5792 0.0031082
5794 5793 0.0058907
5931 5793 0.0058907
5795 5794 0.0046382
5887 5794 0.0046382
5890 5794 0.0046382
5794 5795 0.0013713
5931 5795 0.0013713
4172 5796 0.00045424
5797 5796 0.00045424
5783 5797 0.000884
5788 5797 0.000884
5796 5797 0.000884
3335 5822 0.0014544
5823 5822 0.0014544
5831 5822 0.0014544
6967 5822 0.0014544
5822 5823 0.0015078
6963 5823 0.0015078
7102 5823 0.0015078
7104 5823 0.0015078
5825 5824 0.00017373
5826 5824 0.00017373
5830 5824 0.00017373
5824 5825 0.0012658
6964 5825 0.0012658
7100 5825 0.0012658
3331 5826 0.00010097
5827 5826 0.00010097
5829 5826 0.00010097
5825 5827 0.0003918
5826 5827 0.0003918
5830 5827 0.0003918
3335 5830 0.00038553
5823 5830 0.00038553
5831 5830 0.00038553
6967 5830 0.00038553
5825 5831 0.0011868
5826 5831 0.0011868
5830 5831 0.0011868
6877 5835 0.027291
5835 5836 0.0028169
5837 5838 0.027211
6927 5838 0.027211
7069 5838 0.027211
7112 5838 0.027211
5773 5879 0.052471
5880 5879 0.052471
5879 5880 0.0011817
5882 5880 0.0011817
5879 5881 0.052471
5882 5881 0.052471
5771 5882 0.0011817
5881 5882 0.0011817
4181 5887 0.0011536
4182 5887 0.0011536
5885 5887 0.0011536
5888 5887 0.0011536
5795 5888 0.020888
5887 5888 0.020888
5890 5888 0.020888
5795 5889 0.0014118
5887 5889 0.0014118
5890 5889 0.0014118
4163 5890 0.024413
4164 5890 0.024413
5889 5890 0.024413
5892 5890 0.024413
4163 5891 0.00051523
4164 5891 0.00051523
5889 5891 0.00051523
5892 5891 0.00051523
5792 5892 0.044526
5891 5892 0.044526
5894 5892 0.044526
5792 5893 0.00066223
5891 5893 0.00066223
5894 5893 0.00066223
5893 5894 0.045785
7255 5894 0.045785
5895 5896 0.10123
7253 5896 0.10123
5897 5898 0.10748
5900 5898 0.10748
5983 5898 0.10748
5899 5900 0.10639
5902 5900 0.10639
5910 5900 0.10639
1655 5902 0.10947
5745 5902 0.10947
5901 5902 0.10947
5904 5902 0.10947
1655 5903 0.00027055
5745 5903 0.00027055
5901 5903 0.00027055
5904 5903 0.00027055
2349 5904 0.1156
5903 5904 0.1156
5986 5904 0.1156
7105 5904 0.1156
719 5907 0.00018408
5908 5907 0.00018408
7109 5907 0.00018408
5899 5909 0.0033558
5902 5909 0.0033558
5910 5909 0.0033558
4201 5910 0.00026512
4208 5910 0.00026512
4209 5910 0.00026512
5909 5910 0.00026512
5787 5913 0.00030784
5914 5913 0.00030784
5915 5913 0.00030784
5789 5914 0.00084716
5911 5914 0.00084716
5913 5914 0.00084716
5982 5914 0.00084716
4189 5917 0.00063129
4190 5917 0.00063129
5918 5917 0.00063129
5917 5918 0.051685
5920 5918 0.051685
5978 5918 0.051685
5917 5919 0.0031897
5920 5919 0.0031897
5978 5919 0.0031897
4192 5920 0.007298
5919 5920 0.007298
5980 5920 0.007298
4185 5921 0.00098188
4186 5921 0.00098188
5922 5921 0.00098188
5921 5922 0.025412
5924 5922 0.025412
5973 5922 0.025412
5921 5923 0.0016689
5924 5923 0.0016689
5973 5923 0.0016689
4167 5924 0.021034
4168 5924 0.021034
5923 5924 0.021034
5926 5924 0.021034
4167 5925 0.0029826
4168 5925 0.0029826
5923 5925 0.0029826
5926 5925 0.0029826
5925 5926 0.010339
5976 5926 0.010339
5979 5926 0.010339
4183 5927 0.003266
4184 5927 0.003266
5928 5927 0.003266
5927 5928 0.015979
5930 5928 0.015979
5974 5928 0.015979
5927 5929 0.0031752
5930 5929 0.0031752
5974 5929 0.0031752
4165 5930 0.020953
4166 5930 0.020953
5929 5930 0.020953
5972 5930 0.020953
4179 5931 0.0026238
4180 5931 0.0026238
4170 5932 0.0021109
4173 5932 0.0021109
5933 5932 0.0021109
5790 5933 0.0031534
5791 5933 0.0031534
5932 5933 0.0031534
5969 5933 0.0031534
3898 5934 0.00014499
5581 5934 0.00014499
5935 5934 0.00014499
3147 5950 0.28441
5951 5950 0.28441
6398 5950 0.28441
6399 5950 0.28441
5950 5951 0.0046685
6389 5951 0.0046685
6405 5951 0.0046685
3133 5954 0.049315
5955 5954 0.049315
6394 5954 0.049315
3117 5956 0.12125
5957 5956 0.12125
6368 5956 0.12125
6369 5956 0.12125
5956 5957 0.0040592
6386 5957 0.0040592
6387 5957 0.0040592
5790 5968 0.0025521
5791 5968 0.0025521
5932 5968 0.0025521
5969 5968 0.0025521
2327 5969 0.0031346
4708 5969 0.0031346
5968 5969 0.0031346
4172 5970 0.0013659
5797 5970 0.0013659
4165 5971 0.0018283
4166 5971 0.0018283
5929 5971 0.0018283
5972 5971 0.0018283
2331 5972 0.016439
4196 5972 0.016439
5971 5972 0.016439
7256 5972 0.016439
5927 5973 0.0083801
5930 5973 0.0083801
5974 5973 0.0083801
5921 5974 0.0033153
5924 5974 0.0033153
5973 5974 0.0033153
5925 5975 0.0019388
5976 5975 0.0019388
5979 5975 0.0019388
2330 5976 0.016087
2333 5976 0.016087
5975 5976 0.016087
5917 5977 0.001403
5920 5977 0.001403
5978 5977 0.001403
2334 5978 0.048349
2337 5978 0.048349
5977 5978 0.048349
7152 5978 0.048349
4192 5979 0.0016856
5919 5979 0.0016856
5980 5979 0.0016856
5925 5980 0.0084776
5976 5980 0.0084776
5979 5980 0.0084776
5789 5981 0.00090328
5911 5981 0.00090328
5913 5981 0.00090328
5982 5981 0.00090328
3189 5982 0.00079004
4707 5982 0.00079004
5981 5982 0.00079004
7130 5982 0.00079004
1658 5983 0.0026649
5747 5983 0.0026649
5907 5983 0.0026649
5984 5983 0.0026649
5897 5984 0.0015249
5900 5984 0.0015249
5983 5984 0.0015249
2349 5985 0.00068411
5903 5985 0.00068411
5986 5985 0.00068411
7105 5985 0.00068411
3319 5986 0.20512
5985 5986 0.20512
7093 5986 0.20512
7095 5986 0.20512
3113 6105 0.00011067
3116 6105 0.00011067
6106 6105 0.00011067
3129 6106 0.00033554
3132 6106 0.00033554
6105 6106 0.00033554
6108 6106 0.00033554
3129 6107 0.00031356
3132 6107 0.00031356
6105 6107 0.00031356
6108 6107 0.00031356
6107 6108 0.0036262
6110 6108 0.0036262
6114 6108 0.0036262
6107 6109 0.0014005
6110 6109 0.0014005
6114 6109 0.0014005
3145 6110 0.0063839
3148 6110 0.0063839
3911 6110 0.0063839
6109 6110 0.0063839
3139 6111 0.007499
3910 6111 0.007499
6112 6111 0.007499
6111 6112 0.10496
6396 6112 0.10496
6397 6112 0.10496
6406 6112 0.10496
6107 6113 0.0045694
6110 6113 0.0045694
6114 6113 0.0045694
3909 6114 0.0028986
6113 6114 0.0028986
6400 6114 0.0028986
6401 6114 0.0028986
548 6225 0.0011558
6226 6225 0.0011558
6227 6225 0.0011558
6230 6225 0.0011558
3333 6226 0.001864
3336 6226 0.001864
6225 6226 0.001864
3907 6227 0.027139
4019 6227 0.027139
6228 6227 0.027139
6358 6227 0.027139
548 6228 0.0064859
6226 6228 0.0064859
6227 6228 0.0064859
6230 6228 0.0064859
548 6229 0.01759
6226 6229 0.01759
6227 6229 0.01759
6230 6229 0.01759
6229 6230 0.0088444
6979 6230 0.0088444
7063 6230 0.0088444
4020 6231 0.00074875
6232 6231 0.00074875
6351 6231 0.00074875
6231 6232 0.0003111
6234 6232 0.0003111
6354 6232 0.0003111
6231 6233 0.00019712
6234 6233 0.00019712
6354 6233 0.00019712
3122 6234 0.00010835
5270 6234 0.00010835
6233 6234 0.00010835
2071 6237 0.0072173
6238 6237 0.0072173
6239 6237 0.0072173
996 6238 0.053634
3119 6238 0.053634
4790 6238 0.053634
6237 6238 0.053634
4789 6239 0.024091
6240 6239 0.024091
6365 6239 0.024091
2071 6240 0.004262
6238 6240 0.004262
6239 6240 0.004262
950 6351 0.0022571
6352 6351 0.0022571
6353 6351 0.0022571
6356 6351 0.0022571
4020 6352 0.0012193
6232 6352 0.0012193
6351 6352 0.0012193
2354 6353 0.0030419
2357 6353 0.0030419
948 6354 0.0002334
951 6354 0.0002334
6355 6354 0.0002334
6231 6355 0.00058229
6234 6355 0.00058229
6354 6355 0.00058229
6357 6356 0.00036452
6361 6356 0.00036452
950 6357 0.0027176
6352 6357 0.0027176
6353 6357 0.0027176
6356 6357 0.0027176
995 6358 0.01823
6359 6358 0.01823
6360 6358 0.01823
3907 6359 0.01081
4019 6359 0.01081
6228 6359 0.01081
6358 6359 0.01081
6357 6360 0.0023059
6361 6360 0.0023059
995 6361 0.01032
6359 6361 0.01032
6360 6361 0.01032
6357 6362 0.010367
6361 6362 0.010367
6364 6363 0.0013785
6410 6363 0.0013785
6411 6363 0.0013785
6363 6364 0.0028373
6943 6364 0.0028373
7165 6364 0.0028373
2364 6365 0.039911
2367 6365 0.039911
6366 6365 0.039911
6367 6365 0.039911
4789 6366 0.015792
6240 6366 0.015792
6365 6366 0.015792
3117 6367 0.10788
5957 6367 0.10788
6368 6367 0.10788
6369 6367 0.10788
2364 6368 0.011987
2367 6368 0.011987
6366 6368 0.011987
6367 6368 0.011987
5954 6369 0.014625
6370 6369 0.014625
6388 6369 0.014625
7111 6369 0.014625
3117 6370 0.021188
5957 6370 0.021188
6368 6370 0.021188
6369 6370 0.021188
3140 6371 0.077849
6372 6371 0.077849
6373 6371 0.077849
6407 6371 0.077849
2078 6372 0.0081624
2358 6372 0.0081624
2361 6372 0.0081624
6371 6372 0.0081624
3143 6373 0.010147
3146 6373 0.010147
6374 6373 0.010147
6375 6373 0.010147
3140 6374 0.0099479
6372 6374 0.0099479
6373 6374 0.0099479
6407 6374 0.0099479
6376 6375 0.0006058
6377 6375 0.0006058
6417 6375 0.0006058
3143 6376 0.00051561
3146 6376 0.00051561
6374 6376 0.00051561
6375 6376 0.00051561
5952 6377 0.00015773
6378 6377 0.00015773
6379 6377 0.00015773
6376 6378 0.00045872
6377 6378 0.00045872
6417 6378 0.00045872
3127 6379 0.00014466
3130 6379 0.00014466
6380 6379 0.00014466
6381 6379 0.00014466
5952 6380 0.00042326
6378 6380 0.00042326
6379 6380 0.00042326
5956 6385 0.14653
6386 6385 0.14653
6387 6385 0.14653
5670 6386 0.00074025
6385 6386 0.00074025
7085 6386 0.00074025
5954 6387 0.032975
6370 6387 0.032975
6388 6387 0.032975
7111 6387 0.032975
5956 6388 0.004379
6386 6388 0.004379
6387 6388 0.004379
3118 6389 0.0051627
6390 6389 0.0051627
6391 6389 0.0051627
5950 6390 0.21513
6389 6390 0.21513
6405 6390 0.21513
3908 6391 0.026299
6392 6391 0.026299
6393 6391 0.026299
3118 6392 0.016617
6390 6392 0.016617
6391 6392 0.016617
3133 6393 0.0032747
5955 6393 0.0032747
6394 6393 0.0032747
3908 6394 0.023297
6392 6394 0.023297
6393 6394 0.023297
6111 6395 0.66368
6396 6395 0.66368
6397 6395 0.66368
6406 6395 0.66368
2362 6396 0.00083113
2365 6396 0.00083113
6395 6396 0.00083113
3147 6397 0.70537
5951 6397 0.70537
6398 6397 0.70537
6399 6397 0.70537
6111 6398 0.014833
6396 6398 0.014833
6397 6398 0.014833
6406 6398 0.014833
3909 6399 0.0035111
6113 6399 0.0035111
6400 6399 0.0035111
6401 6399 0.0035111
3147 6400 0.05716
5951 6400 0.05716
6398 6400 0.05716
6399 6400 0.05716
3131 6401 0.00086981
3134 6401 0.00086981
6402 6401 0.00086981
6403 6401 0.00086981
3909 6402 0.026485
6113 6402 0.026485
6400 6402 0.026485
6401 6402 0.026485
3115 6403 0.00036464
5959 6403 0.00036464
6404 6403 0.00036464
6111 6405 0.016225
6396 6405 0.016225
6397 6405 0.016225
6406 6405 0.016225
5950 6406 0.085991
6389 6406 0.085991
6405 6406 0.085991
4788 6407 0.0034265
6408 6407 0.0034265
6409 6407 0.0034265
3140 6408 0.0076992
6372 6408 0.0076992
6373 6408 0.0076992
6407 6408 0.0076992
6364 6409 0.0028562
6410 6409 0.0028562
6411 6409 0.0028562
4788 6410 0.0023199
6408 6410 0.0023199
6409 6410 0.0023199
5834 6411 0.00012944
6412 6411 0.00012944
6413 6411 0.00012944
6364 6412 0.001052
6410 6412 0.001052
6411 6412 0.001052
3142 6413 0.00012944
6414 6413 0.00012944
6415 6413 0.00012944
5834 6414 0.001052
6412 6414 0.001052
6413 6414 0.001052
3142 6416 0.00046743
6414 6416 0.00046743
6415 6416 0.00046743
6416 6417 0.00045866
6418 6417 0.00045866
6419 6417 0.00045866
4191 6468 0.21612
4666 6468 0.21612
6469 6468 0.21612
2336 6469 0.87854
2339 6469 0.87854
4709 6469 0.87854
946 6706 0.012171
6707 6706 0.012171
4215 6724 0.00033761
6725 6724 0.00033761
4218 6725 0.0057324
6706 6725 0.0057324
6724 6725 0.0057324
4217 6726 0.0068017
6727 6726 0.0068017
6880 6737 0.62738
5090 6877 0.027291
433 6880 0.62738
5669 6880 0.62738
6939 6938 0.00081994
7067 6938 0.00081994
7163 6938 0.00081994
7164 6938 0.00081994
6938 6939 0.00061877
6941 6939 0.00061877
6949 6939 0.00061877
6938 6940 0.00017605
6941 6940 0.00017605
6949 6940 0.00017605
6940 6941 0.00080856
6942 6941 0.00080856
6945 6941 0.00080856
6947 6941 0.00080856
6363 6942 0.00080856
6943 6942 0.00080856
7165 6942 0.00080856
6940 6943 0.00017605
6942 6943 0.00017605
6945 6943 0.00017605
6947 6943 0.00017605
6938 6948 0.0010385
6941 6948 0.0010385
6949 6948 0.0010385
6948 6949 0.00020484
6950 6949 0.00020484
6953 6949 0.00020484
6948 6952 0.0010385
6950 6952 0.0010385
6953 6952 0.0010385
6952 6953 0.00020484
7161 6953 0.00020484
7162 6953 0.00020484
6954 6955 0.0001666
6957 6955 0.0001666
6959 6955 0.0001666
2346 6959 0.0001666
6960 6959 0.0001666
7108 6959 0.0001666
5824 6963 0.00090601
6964 6963 0.00090601
7100 6963 0.00090601
5822 6964 0.00078947
6963 6964 0.00078947
7102 6964 0.00078947
7104 6964 0.00078947
6965 6967 0.00019833
6968 6967 0.00019833
7101 6967 0.00019833
3335 6968 0.00063575
5823 6968 0.00063575
5831 6968 0.00063575
6967 6968 0.00063575
6969 6971 0.017011
6972 6971 0.017011
6975 6971 0.017011
7066 6971 0.017011
6971 6972 0.0071088
6974 6972 0.0071088
7064 6972 0.0071088
6971 6973 0.030172
6974 6973 0.030172
7064 6973 0.030172
6973 6974 0.0051022
6976 6974 0.0051022
6978 6974 0.0051022
6973 6975 0.020907
6976 6975 0.020907
6978 6975 0.020907
6969 6976 0.011618
6972 6976 0.011618
6975 6976 0.011618
7066 6976 0.011618
6973 6977 0.032703
6976 6977 0.032703
6978 6977 0.032703
3320 6978 0.016922
6977 6978 0.016922
7096 6978 0.016922
6980 6979 0.014332
7065 6979 0.014332
7098 6979 0.014332
6229 6980 0.0079096
6979 6980 0.0079096
7063 6980 0.0079096
6982 6981 0.0051986
6984 6981 0.0051986
6986 6981 0.0051986
6981 6982 0.00089607
6990 6982 0.00089607
6982 6983 0.0028493
6984 6983 0.0028493
6986 6983 0.0028493
3318 6984 0.0094375
6983 6984 0.0094375
7092 6984 0.0094375
6982 6985 0.0061686
6984 6985 0.0061686
6986 6985 0.0061686
6985 6986 0.003883
6988 6986 0.003883
6989 6986 0.003883
6985 6987 0.0096311
6988 6987 0.0096311
6989 6987 0.0096311
6987 6988 0.0030429
6992 6988 0.0030429
6994 6988 0.0030429
6981 6989 0.0051986
6990 6989 0.0051986
6985 6990 0.00089607
6988 6990 0.00089607
6989 6990 0.00089607
6987 6991 0.0096219
6992 6991 0.0096219
6994 6991 0.0096219
6991 6992 0.0014766
6995 6992 0.0014766
7000 6992 0.0014766
6987 6993 0.0058066
6992 6993 0.0058066
6994 6993 0.0058066
6993 6994 0.0073637
6996 6994 0.0073637
6998 6994 0.0073637
7001 6994 0.0073637
6993 6995 0.0040372
6996 6995 0.0040372
6998 6995 0.0040372
7001 6995 0.0040372
6991 6996 0.0086093
6995 6996 0.0086093
7000 6996 0.0086093
6993 6997 0.013064
6996 6997 0.013064
6998 6997 0.013064
7001 6997 0.013064
6997 6998 0.006476
7090 6998 0.006476
7091 6998 0.006476
6991 6999 0.004304
6995 6999 0.004304
7000 6999 0.004304
6999 7000 0.00073068
7002 7000 0.00073068
7004 7000 0.00073068
6999 7001 0.004304
7002 7001 0.004304
7004 7001 0.004304
6993 7002 0.00073068
6996 7002 0.00073068
6998 7002 0.00073068
7001 7002 0.00073068
2366 7005 0.15416
7006 7005 0.15416
7086 7005 0.15416
3316 7006 0.0078816
7005 7006 0.0078816
7008 7006 0.0078816
7088 7006 0.0078816
7021 7020 0.00069322
7023 7020 0.00069322
7025 7020 0.00069322
7036 7020 0.00069322
7020 7021 0.00048311
7032 7021 0.00048311
7035 7021 0.00048311
7021 7022 0.00053924
7023 7022 0.00053924
7025 7022 0.00053924
7036 7022 0.00053924
7022 7023 0.00028294
7029 7023 0.00028294
7031 7023 0.00028294
7033 7023 0.00028294
7021 7024 0.00075321
7023 7024 0.00075321
7025 7024 0.00075321
7036 7024 0.00075321
7024 7025 0.00072653
7027 7025 0.00072653
7077 7025 0.00072653
7080 7025 0.00072653
1230 7031 0.0006693
7030 7031 0.0006693
7078 7031 0.0006693
7022 7032 0.00094491
7029 7032 0.00094491
7031 7032 0.00094491
7033 7032 0.00094491
7020 7034 0.0012077
7032 7034 0.0012077
7035 7034 0.0012077
7034 7035 0.00013449
7037 7035 0.00013449
7039 7035 0.00013449
7034 7036 0.00088757
7037 7036 0.00088757
7039 7036 0.00088757
7021 7037 0.00039448
7023 7037 0.00039448
7025 7037 0.00039448
7036 7037 0.00039448
7034 7038 0.0010259
7037 7038 0.0010259
7039 7038 0.0010259
7038 7039 0.00044578
7041 7039 0.00044578
7043 7039 0.00044578
7038 7040 0.0010231
7041 7040 0.0010231
7043 7040 0.0010231
1227 7041 0.00045392
7040 7041 0.00045392
7075 7041 0.00045392
7079 7041 0.00045392
6971 7063 0.0046307
6974 7063 0.0046307
7064 7063 0.0046307
6229 7064 0.019798
6979 7064 0.019798
7063 7064 0.019798
6969 7065 0.0099757
6972 7065 0.0099757
6975 7065 0.0099757
7066 7065 0.0099757
6980 7066 0.010589
7065 7066 0.010589
7098 7066 0.010589
1227 7076 0.0047988
7040 7076 0.0047988
7075 7076 0.0047988
7079 7076 0.0047988
7024 7078 0.0006693
7027 7078 0.0006693
7077 7078 0.0006693
7080 7078 0.0006693
7024 7079 0.00053343
7027 7079 0.00053343
7077 7079 0.00053343
7080 7079 0.00053343
1227 7080 0.0010821
7040 7080 0.0010821
7075 7080 0.0010821
7079 7080 0.0010821
3790 7084 0.0001257
3794 7084 0.0001257
7083 7084 0.0001257
2366 7085 0.47907
7006 7085 0.47907
7086 7085 0.47907
5670 7086 0.014217
6385 7086 0.014217
7085 7086 0.014217
3316 7087 0.011019
7005 7087 0.011019
7008 7087 0.011019
7088 7087 0.011019
2351 7088 0.021573
4656 7088 0.021573
7014 7088 0.021573
7087 7088 0.021573
6997 7089 0.03135
7090 7089 0.03135
7091 7089 0.03135
3317 7090 0.020145
5238 7090 0.020145
7089 7090 0.020145
3318 7091 0.0233
6983 7091 0.0233
7092 7091 0.0233
6997 7092 0.018684
7090 7092 0.018684
7091 7092 0.018684
547 7093 0.20787
2073 7093 0.20787
7094 7093 0.20787
3319 7094 0.0003236
5985 7094 0.0003236
7093 7094 0.0003236
7095 7094 0.0003236
3320 7095 0.034703
6977 7095 0.034703
7096 7095 0.034703
3319 7096 0.026613
5985 7096 0.026613
7093 7096 0.026613
7095 7096 0.026613
6980 7097 0.0056628
7065 7097 0.0056628
7098 7097 0.0056628
3321 7098 0.012698
3322 7098 0.012698
7097 7098 0.012698
5824 7099 0.00029134
6964 7099 0.00029134
7100 7099 0.00029134
3325 7100 0.0015
3326 7100 0.0015
7099 7100 0.0015
5822 7101 0.00019833
6963 7101 0.00019833
7102 7101 0.00019833
7104 7101 0.00019833
6965 7102 0.00063575
6968 7102 0.00063575
7101 7102 0.00063575
5822 7103 0.0017928
6963 7103 0.0017928
7102 7103 0.0017928
7104 7103 0.0017928
3323 7104 0.0012923
3324 7104 0.0012923
7103 7104 0.0012923
2349 7106 0.00030925
5903 7106 0.00030925
5986 7106 0.00030925
7105 7106 0.00030925
6961 7108 0.00030925
7106 7108 0.00030925
7107 7108 0.00030925
5905 7109 0.00018408
6955 7109 0.00018408
7110 7109 0.00018408
5954 7112 0.027211
6370 7112 0.027211
6388 7112 0.027211
7111 7112 0.027211
6726 7152 0.0068017
7153 7152 0.0068017
6952 7160 0.0020121
7161 7160 0.0020121
7162 7160 0.0020121
2356 7161 0.0034708
2359 7161 0.0034708
6362 7161 0.0034708
7160 7161 0.0034708
6939 7162 0.0014317
7067 7162 0.0014317
7163 7162 0.0014317
7164 7162 0.0014317
6952 7163 0.0037241
7161 7163 0.0037241
7162 7163 0.0037241
6363 7164 0.0012682
6943 7164 0.0012682
7165 7164 0.0012682
6939 7165 0.0033595
7067 7165 0.0033595
7163 7165 0.0033595
7164 7165 0.0033595
5740 7218 0.0025156
7219 7218 0.0025156
5241 7219 0.00045794
5738 7219 0.00045794
7218 7219 0.00045794
1235 7249 0.00014523
7248 7249 0.00014523
7250 7249 0.00014523
2752 7250 0.00014524
7251 7250 0.00014524
942 7253 0.10123
945 7253 0.10123
5898 7253 0.10123
7252 7253 0.10123
5893 7254 0.00066223
7255 7254 0.00066223
2329 7255 0.045785
5896 7255 0.045785
7254 7255 0.045785
7258 7255 0.045785
2328 7256 0.055811
7257 7256 0.055811
2331 7257 0.00010297
4196 7257 0.00010297
5971 7257 0.00010297
7256 7257 0.00010297
2326 7258 0.0031621
7259 7258 0.0031621
2329 7259 0.0035492
5896 7259 0.0035492
7254 7259 0.0035492
7258 7259 0.0035492
