548 547 0.029395
6226 547 0.029395
6227 547 0.029395
6230 547 0.029395
547 548 0.05648
2073 548 0.05648
7094 548 0.05648
948 950 0.00048691
951 950 0.00048691
6355 950 0.00048691
995 994 0.0067132
6359 994 0.0067132
6360 994 0.0067132
994 995 0.0015861
997 995 0.0015861
2076 995 0.0015861
2077 995 0.0015861
994 996 0.0019183
997 996 0.0019183
2076 996 0.0019183
2077 996 0.0019183
996 997 0.00070416
3119 997 0.00070416
4790 997 0.00070416
6237 997 0.00070416
2072 2071 0.00043807
2074 2071 0.00043807
2075 2071 0.00043807
3906 2071 0.00043807
2071 2072 0.0023516
6238 2072 0.0023516
6239 2072 0.0023516
2072 2073 0.028705
2074 2073 0.028705
2075 2073 0.028705
3906 2073 0.028705
547 2074 0.0048308
2073 2074 0.0048308
7094 2074 0.0048308
994 2075 0.0067558
997 2075 0.0067558
2076 2075 0.0067558
2077 2075 0.0067558
2072 2076 0.0020424
2074 2076 0.0020424
2075 2076 0.0020424
3906 2076 0.0020424
2078 2077 0.0013717
2358 2077 0.0013717
2361 2077 0.0013717
6371 2077 0.0013717
994 2078 0.00057125
997 2078 0.00057125
2076 2078 0.00057125
2077 2078 0.00057125
2348 2349 0.00058247
5239 2349 0.00058247
5739 2349 0.00058247
2352 2354 0.00018739
2355 2354 0.00018739
5269 2354 0.00018739
2356 2357 0.00011356
2359 2357 0.00011356
6362 2357 0.00011356
7160 2357 0.00011356
2356 2358 0.0015092
2359 2358 0.0015092
6362 2358 0.0015092
7160 2358 0.0015092
2078 2360 0.0007916
2358 2360 0.0007916
2361 2360 0.0007916
6371 2360 0.0007916
2360 2362 0.00011012
2363 2362 0.00011012
3120 2362 0.00011012
2362 2364 0.00010917
2365 2364 0.00010917
6395 2364 0.00010917
2360 3119 0.00074572
2363 3119 0.00074572
3120 3119 0.00074572
996 3120 0.00011537
3119 3120 0.00011537
4790 3120 0.00011537
6237 3120 0.00011537
3319 3318 0.0074157
5985 3318 0.0074157
7093 3318 0.0074157
7095 3318 0.0074157
3318 3319 0.0069321
6983 3319 0.0069321
7092 3319 0.0069321
3321 3320 0.0063271
3322 3320 0.0063271
7097 3320 0.0063271
3320 3321 0.25083
6977 3321 0.25083
7096 3321 0.25083
3323 3322 0.0033014
3324 3322 0.0033014
7103 3322 0.0033014
3321 3323 0.071815
3322 3323 0.071815
7097 3323 0.071815
3325 3324 0.00090362
3326 3324 0.00090362
7099 3324 0.00090362
3323 3325 0.029387
3324 3325 0.029387
7103 3325 0.029387
3325 3327 0.0016256
3326 3327 0.0016256
7099 3327 0.0016256
3332 3331 0.00028922
3334 3331 0.00028922
3331 3332 0.0083205
5827 3332 0.0083205
5829 3332 0.0083205
3332 3333 0.0083205
3334 3333 0.0083205
3333 3334 0.00028922
3336 3334 0.00028922
6225 3334 0.00028922
3333 3335 0.0028888
3336 3335 0.0028888
6225 3335 0.0028888
3335 3336 0.061765
5823 3336 0.061765
5831 3336 0.061765
6967 3336 0.061765
3907 3906 0.024339
4019 3906 0.024339
6228 3906 0.024339
6358 3906 0.024339
2072 3907 0.007092
2074 3907 0.007092
2075 3907 0.007092
3906 3907 0.007092
4020 4019 0.0018217
6232 4019 0.0018217
6351 4019 0.0018217
3907 4020 0.001551
4019 4020 0.001551
6228 4020 0.001551
6358 4020 0.001551
996 4789 0.00030363
3119 4789 0.00030363
4790 4789 0.00030363
6237 4789 0.00030363
4789 4790 0.00014162
6240 4790 0.00014162
6365 4790 0.00014162
3317 5239 0.0005841
5238 5239 0.0005841
7089 5239 0.0005841
3122 5269 0.00019349
5270 5269 0.00019349
6233 5269 0.00019349
2753 5270 0.001633
3327 5270 0.001633
5237 5270 0.001633
3335 5822 0.0083158
5823 5822 0.0083158
5831 5822 0.0083158
6967 5822 0.0083158
5822 5823 0.057373
6963 5823 0.057373
7102 5823 0.057373
7104 5823 0.057373
5825 5824 0.00066458
5826 5824 0.00066458
5830 5824 0.00066458
5824 5825 0.025416
6964 5825 0.025416
7100 5825 0.025416
3331 5826 0.00028922
5827 5826 0.00028922
5829 5826 0.00028922
5825 5827 0.0083205
5826 5827 0.0083205
5830 5827 0.0083205
3335 5830 0.0045905
5823 5830 0.0045905
5831 5830 0.0045905
6967 5830 0.0045905
5825 5831 0.02131
5826 5831 0.02131
5830 5831 0.02131
2349 5985 0.00061433
5903 5985 0.00061433
5986 5985 0.00061433
7105 5985 0.00061433
3319 5986 0.00010116
5985 5986 0.00010116
7093 5986 0.00010116
7095 5986 0.00010116
548 6225 0.0023418
6226 6225 0.0023418
6227 6225 0.0023418
6230 6225 0.0023418
3333 6226 0.069249
3336 6226 0.069249
6225 6226 0.069249
3907 6227 0.010465
4019 6227 0.010465
6228 6227 0.010465
6358 6227 0.010465
548 6228 0.032763
6226 6228 0.032763
6227 6228 0.032763
6230 6228 0.032763
548 6229 0.0037803
6226 6229 0.0037803
6227 6229 0.0037803
6230 6229 0.0037803
6229 6230 0.93209
6979 6230 0.93209
7063 6230 0.93209
4020 6231 0.00045627
6232 6231 0.00045627
6351 6231 0.00045627
6231 6232 0.0014509
6234 6232 0.0014509
6354 6232 0.0014509
3122 6234 0.0014681
5270 6234 0.0014681
6233 6234 0.0014681
2071 6237 0.00036987
6238 6237 0.00036987
6239 6237 0.00036987
996 6238 0.0020524
3119 6238 0.0020524
4790 6238 0.0020524
6237 6238 0.0020524
4789 6239 0.00034536
6240 6239 0.00034536
6365 6239 0.00034536
2071 6240 0.0001143
6238 6240 0.0001143
6239 6240 0.0001143
950 6351 0.00046043
6352 6351 0.00046043
6353 6351 0.00046043
6356 6351 0.00046043
4020 6352 0.0011844
6232 6352 0.0011844
6351 6352 0.0011844
2354 6353 0.00024063
2357 6353 0.00024063
6231 6355 0.00048691
6234 6355 0.00048691
6354 6355 0.00048691
6357 6356 0.00018316
6361 6356 0.00018316
950 6357 0.0015731
6352 6357 0.0015731
6353 6357 0.0015731
6356 6357 0.0015731
995 6358 0.0028329
6359 6358 0.0028329
6360 6358 0.0028329
3907 6359 0.0081542
4019 6359 0.0081542
6228 6359 0.0081542
6358 6359 0.0081542
6357 6360 0.0015036
6361 6360 0.0015036
995 6361 0.0016978
6359 6361 0.0016978
6360 6361 0.0016978
6357 6362 0.0015842
6361 6362 0.0015842
5824 6963 0.013089
6964 6963 0.013089
7100 6963 0.013089
5822 6964 0.010963
6963 6964 0.010963
7102 6964 0.010963
7104 6964 0.010963
6965 6967 0.006378
6968 6967 0.006378
7101 6967 0.006378
3335 6968 0.013279
5823 6968 0.013279
5831 6968 0.013279
6967 6968 0.013279
6970 6969 1
6969 6971 0.68738
6972 6971 0.68738
6975 6971 0.68738
7066 6971 0.68738
6971 6972 0.076058
6974 6972 0.076058
7064 6972 0.076058
6971 6973 0.42772
6974 6973 0.42772
7064 6973 0.42772
6973 6974 0.16379
6976 6974 0.16379
6978 6974 0.16379
6973 6975 0.31937
6976 6975 0.31937
6978 6975 0.31937
6969 6976 0.30313
6972 6976 0.30313
6975 6976 0.30313
7066 6976 0.30313
6973 6977 0.27848
6976 6977 0.27848
6978 6977 0.27848
3320 6978 0.030789
6977 6978 0.030789
7096 6978 0.030789
6980 6979 0.59066
7065 6979 0.59066
7098 6979 0.59066
6229 6980 0.0097509
6979 6980 0.0097509
7063 6980 0.0097509
6982 6981 0.0032788
6984 6981 0.0032788
6986 6981 0.0032788
6981 6982 0.00065053
6990 6982 0.00065053
6982 6983 0.0023067
6984 6983 0.0023067
6986 6983 0.0023067
3318 6984 0.0062045
6983 6984 0.0062045
7092 6984 0.0062045
6982 6985 0.0037888
6984 6985 0.0037888
6986 6985 0.0037888
6985 6986 0.0025192
6988 6986 0.0025192
6989 6986 0.0025192
6985 6987 0.0054335
6988 6987 0.0054335
6989 6987 0.0054335
6987 6988 0.0015357
6992 6988 0.0015357
6994 6988 0.0015357
6981 6989 0.0032788
6990 6989 0.0032788
6985 6990 0.00065053
6988 6990 0.00065053
6989 6990 0.00065053
6987 6991 0.0042776
6992 6991 0.0042776
6994 6991 0.0042776
6991 6992 0.00049281
6995 6992 0.00049281
7000 6992 0.00049281
6987 6993 0.002904
6992 6993 0.002904
6994 6993 0.002904
6993 6994 0.0027909
6996 6994 0.0027909
6998 6994 0.0027909
7001 6994 0.0027909
6993 6995 0.0011623
6996 6995 0.0011623
6998 6995 0.0011623
7001 6995 0.0011623
6991 6996 0.0036804
6995 6996 0.0036804
7000 6996 0.0036804
6993 6997 0.0054241
6996 6997 0.0054241
6998 6997 0.0054241
7001 6997 0.0054241
6997 6998 0.0015263
7090 6998 0.0015263
7091 6998 0.0015263
6991 6999 0.0014902
6995 6999 0.0014902
7000 6999 0.0014902
6999 7000 0.00022356
7002 7000 0.00022356
7004 7000 0.00022356
6999 7001 0.0014902
7002 7001 0.0014902
7004 7001 0.0014902
6993 7002 0.00022356
6996 7002 0.00022356
6998 7002 0.00022356
7001 7002 0.00022356
6971 7063 0.4623
6974 7063 0.4623
7064 7063 0.4623
6229 7064 0.11491
6979 7064 0.11491
7063 7064 0.11491
6969 7065 0.44722
6972 7065 0.44722
6975 7065 0.44722
7066 7065 0.44722
6980 7066 0.042294
7065 7066 0.042294
7098 7066 0.042294
6997 7089 0.00058716
7090 7089 0.00058716
7091 7089 0.00058716
3317 7090 0.00010355
5238 7090 0.00010355
7089 7090 0.00010355
3318 7091 0.0020498
6983 7091 0.0020498
7092 7091 0.0020498
6997 7092 0.005464
7090 7092 0.005464
7091 7092 0.005464
547 7093 0.033738
2073 7093 0.033738
7094 7093 0.033738
3319 7094 0.036949
5985 7094 0.036949
7093 7094 0.036949
7095 7094 0.036949
3320 7095 0.041824
6977 7095 0.041824
7096 7095 0.041824
3319 7096 0.038642
5985 7096 0.038642
7093 7096 0.038642
7095 7096 0.038642
6980 7097 0.026954
7065 7097 0.026954
7098 7097 0.026954
3321 7098 0.20295
3322 7098 0.20295
7097 7098 0.20295
5824 7099 0.0010852
6964 7099 0.0010852
7100 7099 0.0010852
3325 7100 0.027963
3326 7100 0.027963
7099 7100 0.027963
5822 7101 0.006378
6963 7101 0.006378
7102 7101 0.006378
7104 7101 0.006378
6965 7102 0.013279
6968 7102 0.013279
7101 7102 0.013279
5822 7103 0.0099216
6963 7103 0.0099216
7102 7103 0.0099216
7104 7103 0.0099216
3323 7104 0.049952
3324 7104 0.049952
7103 7104 0.049952
