770 769 0.0041833
771 769 0.0041833
1920 769 0.0041833
769 770 0.00057854
4157 770 0.00057854
772 771 0.00094749
1884 771 0.00094749
4156 771 0.00094749
770 772 0.0012988
771 772 0.0012988
1920 772 0.0012988
1227 1226 0.00013626
7040 1226 0.00013626
7075 1226 0.00013626
7079 1226 0.00013626
1226 1227 0.019946
1536 1227 0.019946
4200 1227 0.019946
1226 1537 0.0015424
1536 1537 0.0015424
4200 1537 0.0015424
1654 1653 0.00056325
2340 1653 0.00056325
2343 1653 0.00056325
1653 1654 0.020312
7054 1654 0.020312
7076 1654 0.020312
1918 1920 0.0039578
1921 1920 0.0039578
1922 1920 0.0039578
1923 1922 0.0039578
1924 1922 0.0039578
4230 1922 0.0039578
4231 1922 0.0039578
1886 2317 0.99962
2316 2317 0.99962
7271 2317 0.99962
2318 2319 0.99962
7209 2319 0.99962
1880 2321 0.99962
2320 2321 0.99962
2323 2321 0.99962
1882 2323 0.99962
2322 2323 0.99962
5939 2323 0.99962
2334 2336 0.00015934
2337 2336 0.00015934
5977 2336 0.00015934
7152 2336 0.00015934
2336 2337 0.00014059
2339 2337 0.00014059
4709 2337 0.00014059
2336 2338 0.0016644
2339 2338 0.0016644
4709 2338 0.0016644
2338 2339 0.00054496
2341 2339 0.00054496
4198 2339 0.00054496
2338 2340 0.97988
2341 2340 0.97988
4198 2340 0.97988
1654 2341 0.0001532
2340 2341 0.0001532
2343 2341 0.0001532
1654 2342 0.99948
2340 2342 0.99948
2343 2342 0.99948
6716 2634 0.00037868
2634 2635 0.00021128
2636 2635 0.00021128
4085 2640 0.00037281
2639 2642 0.00016921
2645 2642 0.00016921
2633 2643 0.00021232
2635 2643 0.00021232
2644 2643 0.00021232
2634 2645 0.00016914
2636 2645 0.00016914
2844 3615 0.00037277
3616 3615 0.00037277
4083 3615 0.00037277
954 3617 0.00037277
3618 3617 0.00037277
7260 3617 0.00037277
7262 3617 0.00037277
1777 3619 0.00037974
3617 3619 0.00037974
3620 3619 0.00037974
3619 3621 0.00085767
3622 3621 0.00085767
4035 3621 0.00085767
4078 3621 0.00085767
3621 3622 0.0029745
3624 3622 0.0029745
5872 3622 0.0029745
3621 3623 0.0036121
3624 3623 0.0036121
5872 3623 0.0036121
3623 3624 0.0043969
7129 3624 0.0043969
2317 3626 0.99955
3625 3626 0.99955
3628 3626 0.99955
4022 4021 0.0004389
4025 4021 0.0004389
5873 4021 0.0004389
5996 4021 0.0004389
4021 4022 0.0011924
4046 4022 0.0011924
4047 4022 0.0011924
4022 4026 0.000142
4025 4026 0.000142
5873 4026 0.000142
5996 4026 0.000142
4036 4035 0.0014257
5865 4035 0.0014257
5868 4035 0.0014257
3619 4036 0.00018586
3622 4036 0.00018586
4035 4036 0.00018586
4078 4036 0.00018586
4021 4045 0.00045674
4046 4045 0.00045674
4047 4045 0.00045674
4045 4046 0.0009843
4090 4046 0.0009843
4093 4046 0.0009843
4048 4047 0.0016145
4049 4047 0.0016145
5869 4047 0.0016145
5998 4047 0.0016145
4021 4048 0.0013886
4046 4048 0.0013886
4047 4048 0.0013886
3626 4049 0.0057478
4050 4049 0.0057478
4051 4049 0.0057478
7128 4049 0.0057478
4048 4050 0.0032492
4049 4050 0.0032492
5869 4050 0.0032492
5998 4050 0.0032492
3626 4052 0.99626
4050 4052 0.99626
4051 4052 0.99626
7128 4052 0.99626
4052 4054 0.54526
4053 4054 0.54526
4079 4054 0.54526
3192 4056 0.54526
4054 4056 0.54526
4055 4056 0.54526
4056 4058 0.99626
4057 4058 0.99626
4080 4058 0.99626
3912 4060 0.99626
4058 4060 0.99626
4059 4060 0.99626
4060 4062 0.53837
4061 4062 0.53837
4081 4062 0.53837
4062 4064 0.53837
4063 4064 0.53837
4415 4064 0.53837
4066 4065 0.0037367
4413 4065 0.0037367
1516 4067 0.0037367
4068 4067 0.0037367
4069 4067 0.0037367
4044 4069 0.0037367
4070 4069 0.0037367
4071 4069 0.0037367
4041 4071 0.0037367
4072 4071 0.0037367
4073 4071 0.0037367
4039 4073 0.0037367
4074 4073 0.0037367
4075 4073 0.0037367
4037 4075 0.0037367
4076 4075 0.0037367
4077 4075 0.0037367
3619 4077 0.0037367
3622 4077 0.0037367
4035 4077 0.0037367
4078 4077 0.0037367
4052 4080 0.451
4053 4080 0.451
4079 4080 0.451
4060 4082 0.4579
4061 4082 0.4579
4081 4082 0.4579
4084 4083 0.00037277
4086 4083 0.00037277
5987 4083 0.00037277
5770 4085 0.00037285
5772 4085 0.00037285
2640 4086 0.00037277
4087 4086 0.00037277
5732 4086 0.00037277
4089 4088 0.00094875
5997 4088 0.00094875
1874 4089 0.00016755
4088 4089 0.00016755
4091 4089 0.00016755
6001 4089 0.00016755
1874 4090 0.00097617
4088 4090 0.00097617
4091 4090 0.00097617
6001 4090 0.00097617
4045 4091 0.00012164
4090 4091 0.00012164
4093 4091 0.00012164
4045 4092 0.0003951
4090 4092 0.0003951
4093 4092 0.0003951
4155 4154 1.003
7132 4154 1.003
769 4155 0.0073477
4157 4155 0.0073477
4154 4156 0.0033917
5938 4156 0.0033917
772 4157 0.0037429
1884 4157 0.0037429
4156 4157 0.0037429
5771 4198 1
5881 4198 1
2338 4200 0.021433
2341 4200 0.021433
4198 4200 0.021433
4223 4224 0.00014221
6896 4224 0.00014221
7081 4224 0.00014221
4228 4227 0.00013683
4229 4227 0.00013683
6893 4227 0.00013683
4227 4228 0.003951
5937 4228 0.003951
7073 4228 0.003951
4228 4230 0.0039578
4229 4230 0.0039578
6893 4230 0.0039578
4067 4413 0.0037367
4414 4413 0.0037367
1537 4709 0.0015426
4710 4709 0.0015426
6467 5772 0.00035032
4026 5865 0.00015654
4411 5865 0.00015654
5866 5865 0.00015654
4036 5867 0.00023699
5865 5867 0.00023699
5868 5867 0.00023699
5867 5868 0.0013425
5870 5868 0.0013425
5871 5868 0.0013425
5874 5868 0.0013425
5867 5869 0.0019164
5870 5869 0.0019164
5871 5869 0.0019164
5874 5869 0.0019164
4048 5870 0.0034079
4049 5870 0.0034079
5869 5870 0.0034079
5998 5870 0.0034079
3621 5871 0.0018024
3624 5871 0.0018024
5872 5871 0.0018024
5867 5872 0.0031345
5870 5872 0.0031345
5871 5872 0.0031345
5874 5872 0.0031345
5867 5873 0.00035259
5870 5873 0.00035259
5871 5873 0.00035259
5874 5873 0.00035259
4022 5874 0.0012987
4025 5874 0.0012987
5873 5874 0.0012987
5996 5874 0.0012987
5879 5881 1
5882 5881 1
4227 5936 0.99567
5937 5936 0.99567
7073 5936 0.99567
4154 5939 0.99962
5938 5939 0.99962
2334 5978 0.00010084
2337 5978 0.00010084
5977 5978 0.00010084
7152 5978 0.00010084
4030 5996 0.00038092
4092 5996 0.00038092
4566 5996 0.00038092
5995 5996 0.00038092
4048 5997 0.00094875
4049 5997 0.00094875
5869 5997 0.00094875
5998 5997 0.00094875
4089 5998 0.00016755
5997 5998 0.00016755
2642 6467 0.00037981
2643 6467 0.00037981
4191 6468 0.00038903
4666 6468 0.00038903
6469 6468 0.00038903
2336 6469 0.00044192
2339 6469 0.00044192
4709 6469 0.00044192
5776 6716 0.00037868
6468 6716 0.00037868
4224 6893 0.00014221
4225 6893 0.00014221
6894 6893 0.00014221
6895 6896 0.00012921
7017 6896 0.00012921
7084 6896 0.00012921
7021 7020 0.0010023
7023 7020 0.0010023
7025 7020 0.0010023
7036 7020 0.0010023
7020 7021 0.0008234
7032 7021 0.0008234
7035 7021 0.0008234
7021 7022 0.00084061
7023 7022 0.00084061
7025 7022 0.00084061
7036 7022 0.00084061
7022 7023 0.00049391
7029 7023 0.00049391
7031 7023 0.00049391
7033 7023 0.00049391
7021 7024 0.0014527
7023 7024 0.0014527
7025 7024 0.0014527
7036 7024 0.0014527
7024 7025 0.001057
7027 7025 0.001057
7077 7025 0.001057
7080 7025 0.001057
7022 7030 0.00012469
7029 7030 0.00012469
7031 7030 0.00012469
7033 7030 0.00012469
1230 7031 0.0010946
7030 7031 0.0010946
7078 7031 0.0010946
7022 7032 0.00146
7029 7032 0.00146
7031 7032 0.00146
7033 7032 0.00146
7020 7033 0.00014331
7032 7033 0.00014331
7035 7033 0.00014331
7020 7034 0.0017139
7032 7034 0.0017139
7035 7034 0.0017139
7034 7035 0.00021837
7037 7035 0.00021837
7039 7035 0.00021837
7034 7036 0.0014285
7037 7036 0.0014285
7039 7036 0.0014285
7021 7037 0.00050716
7023 7037 0.00050716
7025 7037 0.00050716
7036 7037 0.00050716
7034 7038 0.0012435
7037 7038 0.0012435
7039 7038 0.0012435
7038 7039 0.00066927
7041 7039 0.00066927
7043 7039 0.00066927
7038 7040 0.0012313
7041 7040 0.0012313
7043 7040 0.0012313
1227 7041 0.00069881
7040 7041 0.00069881
7075 7041 0.00069881
7079 7041 0.00069881
2342 7073 0.99948
7057 7073 0.99948
7074 7073 0.99948
1653 7075 0.00056347
7054 7075 0.00056347
7076 7075 0.00056347
1227 7076 0.02027
7040 7076 0.02027
7075 7076 0.02027
7079 7076 0.02027
1230 7077 0.00012469
7030 7077 0.00012469
7078 7077 0.00012469
7024 7078 0.0010946
7027 7078 0.0010946
7077 7078 0.0010946
7080 7078 0.0010946
7024 7079 0.0010737
7027 7079 0.0010737
7077 7079 0.0010737
7080 7079 0.0010737
1227 7080 0.0017092
7040 7080 0.0017092
7075 7080 0.0017092
7079 7080 0.0017092
3623 7128 0.0036121
7129 7128 0.0036121
3626 7129 0.0043969
4050 7129 0.0043969
4051 7129 0.0043969
7128 7129 0.0043969
5936 7132 0.99567
7133 7132 0.99567
1878 7209 0.99962
2321 7209 0.99962
7208 7209 0.99962
3615 7262 0.00037277
7263 7262 0.00037277
1876 7271 0.99962
2319 7271 0.99962
7270 7271 0.99962
