548 547 0.013963
6226 547 0.013963
6227 547 0.013963
6230 547 0.013963
547 548 0.0022813
2073 548 0.0022813
7094 548 0.0022813
995 994 0.00093484
6359 994 0.00093484
6360 994 0.00093484
994 995 0.00014845
997 995 0.00014845
2076 995 0.00014845
2077 995 0.00014845
994 996 0.00083121
997 996 0.00083121
2076 996 0.00083121
2077 996 0.00083121
996 997 0.00015738
3119 997 0.00015738
4790 997 0.00015738
6237 997 0.00015738
1227 1226 0.00022047
7040 1226 0.00022047
7075 1226 0.00022047
7079 1226 0.00022047
1226 1227 0.048901
1536 1227 0.048901
4200 1227 0.048901
1537 1536 0.050853
4710 1536 0.050853
1654 1653 0.0015029
2340 1653 0.0015029
2343 1653 0.0015029
1653 1654 0.00051956
7054 1654 0.00051956
7076 1654 0.00051956
1656 1655 0.00024834
5746 1655 0.00024834
5748 1655 0.00024834
2072 2071 0.00089948
2074 2071 0.00089948
2075 2071 0.00089948
3906 2071 0.00089948
2071 2072 0.00044893
6238 2072 0.00044893
6239 2072 0.00044893
2072 2073 0.0043344
2074 2073 0.0043344
2075 2073 0.0043344
3906 2073 0.0043344
547 2074 0.0022241
2073 2074 0.0022241
7094 2074 0.0022241
994 2075 0.00087847
997 2075 0.00087847
2076 2075 0.00087847
2077 2075 0.00087847
2072 2076 0.0011716
2074 2076 0.0011716
2075 2076 0.0011716
3906 2076 0.0011716
2078 2077 0.00016673
2358 2077 0.00016673
2361 2077 0.00016673
6371 2077 0.00016673
994 2078 0.00057238
997 2078 0.00057238
2076 2078 0.00057238
2077 2078 0.00057238
2329 2328 0.00031348
5896 2328 0.00031348
7254 2328 0.00031348
7258 2328 0.00031348
2331 2330 0.00032099
4196 2330 0.00032099
5971 2330 0.00032099
7256 2330 0.00032099
2330 2332 0.00032623
2333 2332 0.00032623
5975 2332 0.00032623
2332 2334 0.00037988
2335 2334 0.00037988
4216 2334 0.00037988
2334 2336 0.00043974
2337 2336 0.00043974
5977 2336 0.00043974
7152 2336 0.00043974
2336 2338 0.0036416
2339 2338 0.0036416
4709 2338 0.0036416
2338 2340 0.0019546
2341 2340 0.0019546
4198 2340 0.0019546
1654 2341 0.00039655
2340 2341 0.00039655
2343 2341 0.00039655
1654 2342 0.00063507
2340 2342 0.00063507
2343 2342 0.00063507
2349 2348 0.16474
5903 2348 0.16474
5986 2348 0.16474
7105 2348 0.16474
2348 2349 0.0030365
5239 2349 0.0030365
5739 2349 0.0030365
2351 2350 0.0039536
4656 2350 0.0039536
7014 2350 0.0039536
7087 2350 0.0039536
2356 2358 0.00026928
2359 2358 0.00026928
6362 2358 0.00026928
7160 2358 0.00026928
2078 2360 0.00066151
2358 2360 0.00066151
2361 2360 0.00066151
6371 2360 0.00066151
2360 2362 0.00088075
2363 2362 0.00088075
3120 2362 0.00088075
2362 2364 0.00090547
2365 2364 0.00090547
6395 2364 0.00090547
2364 2366 0.0017442
2367 2366 0.0017442
6366 2366 0.0017442
6367 2366 0.0017442
2360 3119 0.00017884
2363 3119 0.00017884
3120 3119 0.00017884
996 3120 0.00040949
3119 3120 0.00040949
4790 3120 0.00040949
6237 3120 0.00040949
3317 3316 0.0053872
5238 3316 0.0053872
7089 3316 0.0053872
3316 3317 0.00043923
7005 3317 0.00043923
7008 3317 0.00043923
7088 3317 0.00043923
3319 3318 0.021
5985 3318 0.021
7093 3318 0.021
7095 3318 0.021
3318 3319 0.18924
6983 3319 0.18924
7092 3319 0.18924
3321 3320 0.0040053
3322 3320 0.0040053
7097 3320 0.0040053
3320 3321 0.027426
6977 3321 0.027426
7096 3321 0.027426
3323 3322 0.0012372
3324 3322 0.0012372
7103 3322 0.0012372
3321 3323 0.0030918
3322 3323 0.0030918
7097 3323 0.0030918
3325 3324 0.00020746
3326 3324 0.00020746
7099 3324 0.00020746
3323 3325 0.0018116
3324 3325 0.0018116
7103 3325 0.0018116
3331 3332 0.00028309
5827 3332 0.00028309
5829 3332 0.00028309
3332 3333 0.00028309
3334 3333 0.00028309
3333 3335 0.00026117
3336 3335 0.00026117
6225 3335 0.00026117
3335 3336 0.0018015
5823 3336 0.0018015
5831 3336 0.0018015
6967 3336 0.0018015
4199 3791 0.95005
5395 3791 0.95005
5396 3792 0.00028887
5397 3792 0.00028887
3791 3793 0.94986
3793 3794 0.94977
5993 3794 0.94977
7115 3794 0.94977
3907 3906 0.0035029
4019 3906 0.0035029
6228 3906 0.0035029
6358 3906 0.0035029
2072 3907 0.00064907
2074 3907 0.00064907
2075 3907 0.00064907
3906 3907 0.00064907
7116 4199 0.0042636
2338 4200 0.0020971
2341 4200 0.0020971
4198 4200 0.0020971
4204 4205 0.0002213
4206 4205 0.0002213
4207 4205 0.0002213
4211 4205 0.0002213
4205 4206 0.00017763
5741 4206 0.00017763
5742 4206 0.00017763
4201 4207 0.00013632
4208 4207 0.00013632
4209 4207 0.00013632
5909 4207 0.00013632
4212 4211 0.00011064
4214 4211 0.00011064
4204 4212 0.00012326
4206 4212 0.00012326
4207 4212 0.00012326
4211 4212 0.00012326
4212 4213 0.00012326
4214 4213 0.00012326
4213 4214 0.00011064
5743 4214 0.00011064
5744 4214 0.00011064
4224 4223 0.00063527
4225 4223 0.00063527
6894 4223 0.00063527
4227 4228 0.00063536
5937 4228 0.00063536
7073 4228 0.00063536
6737 4659 0.0067525
1537 4709 0.0032274
4710 4709 0.0032274
5063 4710 0.054075
996 4789 0.00047797
3119 4789 0.00047797
4790 4789 0.00047797
6237 4789 0.00047797
4811 4812 1
7018 4812 1
7082 4812 1
5064 5063 0.99986
5240 5063 0.99986
4659 5064 0.0070413
5065 5064 0.0070413
3792 5065 0.0002888
3317 5239 0.8269
5238 5239 0.8269
7089 5239 0.8269
5241 5240 0.99282
5738 5240 0.99282
7218 5240 0.99282
5063 5395 0.94579
3791 5396 0.0001911
2350 5669 0.0067354
5671 5669 0.0067354
5836 5669 0.0067354
5670 5671 0.0028952
6385 5671 0.0028952
7085 5671 0.0028952
2348 5738 0.98852
5239 5738 0.98852
5739 5738 0.98852
4205 5740 0.0046615
5741 5740 0.0046615
5742 5740 0.0046615
5740 5741 0.00036404
7219 5741 0.00036404
4213 5742 0.0045876
5743 5742 0.0045876
5744 5742 0.0045876
4205 5743 0.00033382
5741 5743 0.00033382
5742 5743 0.00033382
1655 5744 0.0046035
5745 5744 0.0046035
5901 5744 0.0046035
5904 5744 0.0046035
4213 5745 0.00036228
5743 5745 0.00036228
5744 5745 0.00036228
1658 5746 0.00024834
5747 5746 0.00024834
5907 5746 0.00024834
5984 5746 0.00024834
3335 5822 0.00085657
5823 5822 0.00085657
5831 5822 0.00085657
6967 5822 0.00085657
5822 5823 0.0018527
6963 5823 0.0018527
7102 5823 0.0018527
7104 5823 0.0018527
5824 5825 0.001285
6964 5825 0.001285
7100 5825 0.001285
5825 5827 0.00028309
5826 5827 0.00028309
5830 5827 0.00028309
3335 5830 0.00021845
5823 5830 0.00021845
5831 5830 0.00021845
6967 5830 0.00021845
5825 5831 0.0011562
5826 5831 0.0011562
5830 5831 0.0011562
5895 5896 0.00033002
7253 5896 0.00033002
5897 5898 0.0004226
5900 5898 0.0004226
5983 5898 0.0004226
5899 5900 0.00067573
5902 5900 0.00067573
5910 5900 0.00067573
5899 5901 0.00011178
5902 5901 0.00011178
5910 5901 0.00011178
1655 5902 0.00083238
5745 5902 0.00083238
5901 5902 0.00083238
5904 5902 0.00083238
1655 5903 0.00061995
5745 5903 0.00061995
5901 5903 0.00061995
5904 5903 0.00061995
2349 5904 0.0053898
5903 5904 0.0053898
5986 5904 0.0053898
7105 5904 0.0053898
5899 5909 0.00016025
5902 5909 0.00016025
5910 5909 0.00016025
5897 5984 0.00026379
5900 5984 0.00026379
5983 5984 0.00026379
2349 5985 0.0027917
5903 5985 0.0027917
5986 5985 0.0027917
7105 5985 0.0027917
3319 5986 0.16922
5985 5986 0.16922
7093 5986 0.16922
7095 5986 0.16922
548 6225 0.00022363
6226 6225 0.00022363
6227 6225 0.00022363
6230 6225 0.00022363
3333 6226 0.0020231
3336 6226 0.0020231
6225 6226 0.0020231
3907 6227 0.00047186
4019 6227 0.00047186
6228 6227 0.00047186
6358 6227 0.00047186
548 6228 0.0043314
6226 6228 0.0043314
6227 6228 0.0043314
6230 6228 0.0043314
548 6229 0.0017307
6226 6229 0.0017307
6227 6229 0.0017307
6230 6229 0.0017307
6229 6230 0.015472
6979 6230 0.015472
7063 6230 0.015472
2071 6237 0.00040278
6238 6237 0.00040278
6239 6237 0.00040278
996 6238 0.00043085
3119 6238 0.00043085
4790 6238 0.00043085
6237 6238 0.00043085
2071 6240 0.00057574
6238 6240 0.00057574
6239 6240 0.00057574
995 6358 0.00013523
6359 6358 0.00013523
6360 6358 0.00013523
3907 6359 0.0011288
4019 6359 0.0011288
6228 6359 0.0011288
6358 6359 0.0011288
995 6361 0.00026708
6359 6361 0.00026708
6360 6361 0.00026708
6357 6362 0.00027209
6361 6362 0.00027209
4789 6366 0.0009279
6240 6366 0.0009279
6365 6366 0.0009279
6880 6737 0.0067525
433 6880 0.0067525
5669 6880 0.0067525
4228 6894 0.00063527
4229 6894 0.00063527
6893 6894 0.00063527
6895 6896 0.87285
7017 6896 0.87285
7084 6896 0.87285
5824 6963 0.001027
6964 6963 0.001027
7100 6963 0.001027
5822 6964 0.00067476
6963 6964 0.00067476
7102 6964 0.00067476
7104 6964 0.00067476
6965 6967 0.00022941
6968 6967 0.00022941
7101 6967 0.00022941
3335 6968 0.00062286
5823 6968 0.00062286
5831 6968 0.00062286
6967 6968 0.00062286
6969 6971 0.030743
6972 6971 0.030743
6975 6971 0.030743
7066 6971 0.030743
6971 6972 0.0086003
6974 6972 0.0086003
7064 6972 0.0086003
6971 6973 0.041604
6974 6973 0.041604
7064 6973 0.041604
6973 6974 0.010373
6976 6974 0.010373
6978 6974 0.010373
6973 6975 0.039046
6976 6975 0.039046
6978 6975 0.039046
6969 6976 0.015639
6972 6976 0.015639
6975 6976 0.015639
7066 6976 0.015639
6973 6977 0.044915
6976 6977 0.044915
6978 6977 0.044915
3320 6978 0.03709
6977 6978 0.03709
7096 6978 0.03709
6980 6979 0.024977
7065 6979 0.024977
7098 6979 0.024977
6229 6980 0.0021471
6979 6980 0.0021471
7063 6980 0.0021471
6982 6981 0.22941
6984 6981 0.22941
6986 6981 0.22941
6981 6982 0.01658
6990 6982 0.01658
6982 6983 0.20167
6984 6983 0.20167
6986 6983 0.20167
3318 6984 0.11407
6983 6984 0.11407
7092 6984 0.11407
6982 6985 0.076735
6984 6985 0.076735
6986 6985 0.076735
6985 6986 0.37717
6988 6986 0.37717
6989 6986 0.37717
6985 6987 0.97996
6988 6987 0.97996
6989 6987 0.97996
6987 6988 0.067556
6992 6988 0.067556
6994 6988 0.067556
6981 6989 1.2294
6990 6989 1.2294
6985 6990 0.01658
6988 6990 0.01658
6989 6990 0.01658
6987 6991 0.60446
6992 6991 0.60446
6994 6991 0.60446
6991 6992 0.019515
6995 6992 0.019515
7000 6992 0.019515
6987 6993 0.53247
6992 6993 0.53247
6994 6993 0.53247
6993 6994 0.20501
6996 6994 0.20501
6998 6994 0.20501
7001 6994 0.20501
6993 6995 0.050585
6996 6995 0.050585
6998 6995 0.050585
7001 6995 0.050585
6991 6996 0.51938
6995 6996 0.51938
7000 6996 0.51938
6993 6997 0.91561
6996 6997 0.91561
6998 6997 0.91561
7001 6997 0.91561
6997 6998 0.0032108
7090 6998 0.0032108
7091 6998 0.0032108
6991 6999 0.13312
6995 6999 0.13312
7000 6999 0.13312
6999 7000 0.016966
7002 7000 0.016966
7004 7000 0.016966
6999 7001 0.13312
7002 7001 0.13312
7004 7001 0.13312
6993 7002 0.016966
6996 7002 0.016966
6998 7002 0.016966
7001 7002 0.016966
2366 7005 0.0004077
7006 7005 0.0004077
7086 7005 0.0004077
3316 7006 0.0015006
7005 7006 0.0015006
7008 7006 0.0015006
7088 7006 0.0015006
6895 7016 0.085254
7017 7016 0.085254
7084 7016 0.085254
7016 7017 0.0083196
7019 7017 0.0083196
7026 7017 0.0083196
7016 7018 0.13049
7019 7018 0.13049
7026 7018 0.13049
4811 7019 0.003892
7018 7019 0.003892
7082 7019 0.003892
7021 7020 0.012119
7023 7020 0.012119
7025 7020 0.012119
7036 7020 0.012119
7020 7021 0.013854
7032 7021 0.013854
7035 7021 0.013854
7021 7022 0.011324
7023 7022 0.011324
7025 7022 0.011324
7036 7022 0.011324
7022 7023 0.008494
7029 7023 0.008494
7031 7023 0.008494
7033 7023 0.008494
7021 7024 0.029601
7023 7024 0.029601
7025 7024 0.029601
7036 7024 0.029601
7024 7025 0.011174
7027 7025 0.011174
7077 7025 0.011174
7080 7025 0.011174
7024 7026 0.049869
7027 7026 0.049869
7077 7026 0.049869
7080 7026 0.049869
7016 7027 0.00020517
7019 7027 0.00020517
7026 7027 0.00020517
7022 7030 0.0005171
7029 7030 0.0005171
7031 7030 0.0005171
7033 7030 0.0005171
1230 7031 0.016523
7030 7031 0.016523
7078 7031 0.016523
7022 7032 0.020771
7029 7032 0.020771
7031 7032 0.020771
7033 7032 0.020771
7020 7033 0.0019353
7032 7033 0.0019353
7035 7033 0.0019353
7020 7034 0.020721
7032 7034 0.020721
7035 7034 0.020721
7034 7035 0.0036188
7037 7035 0.0036188
7039 7035 0.0036188
7034 7036 0.023756
7037 7036 0.023756
7039 7036 0.023756
7021 7037 0.0042333
7023 7037 0.0042333
7025 7037 0.0042333
7036 7037 0.0042333
7034 7038 0.0095213
7037 7038 0.0095213
7039 7038 0.0095213
7038 7039 0.011942
7041 7039 0.011942
7043 7039 0.011942
7038 7040 0.0095062
7041 7040 0.0095062
7043 7040 0.0095062
1227 7041 0.011981
7040 7041 0.011981
7075 7041 0.011981
7079 7041 0.011981
6971 7063 0.0087988
6974 7063 0.0087988
7064 7063 0.0087988
6229 7064 0.017888
6979 7064 0.017888
7063 7064 0.017888
6969 7065 0.01604
6972 7065 0.01604
6975 7065 0.01604
7066 7065 0.01604
6980 7066 0.014776
7065 7066 0.014776
7098 7066 0.014776
2342 7073 0.00063507
7057 7073 0.00063507
7074 7073 0.00063507
1653 7075 0.0015666
7054 7075 0.0015666
7076 7075 0.0015666
1227 7076 0.0005288
7040 7076 0.0005288
7075 7076 0.0005288
7079 7076 0.0005288
1230 7077 0.0005171
7030 7077 0.0005171
7078 7077 0.0005171
7024 7078 0.016523
7027 7078 0.016523
7077 7078 0.016523
7080 7078 0.016523
7024 7079 0.00028835
7027 7079 0.00028835
7077 7079 0.00028835
7080 7079 0.00028835
1227 7080 0.047532
7040 7080 0.047532
7075 7080 0.047532
7079 7080 0.047532
4223 7082 0.87341
6896 7082 0.87341
7081 7082 0.87341
3790 7084 0.94976
3794 7084 0.94976
7083 7084 0.94976
2366 7085 0.0028409
7006 7085 0.0028409
7086 7085 0.0028409
3316 7087 0.0039536
7005 7087 0.0039536
7008 7087 0.0039536
7088 7087 0.0039536
6997 7089 0.83184
7090 7089 0.83184
7091 7089 0.83184
3318 7091 0.1399
6983 7091 0.1399
7092 7091 0.1399
6997 7092 0.22054
7090 7092 0.22054
7091 7092 0.22054
547 7093 0.018012
2073 7093 0.018012
7094 7093 0.018012
3319 7094 0.004221
5985 7094 0.004221
7093 7094 0.004221
7095 7094 0.004221
3320 7095 0.04385
6977 7095 0.04385
7096 7095 0.04385
3319 7096 0.059446
5985 7096 0.059446
7093 7096 0.059446
7095 7096 0.059446
6980 7097 0.0035862
7065 7097 0.0035862
7098 7097 0.0035862
3321 7098 0.025152
3322 7098 0.025152
7097 7098 0.025152
5824 7099 0.00021139
6964 7099 0.00021139
7100 7099 0.00021139
3325 7100 0.0017604
3326 7100 0.0017604
7099 7100 0.0017604
5822 7101 0.00022941
6963 7101 0.00022941
7102 7101 0.00022941
7104 7101 0.00022941
6965 7102 0.00062286
6968 7102 0.00062286
7101 7102 0.00062286
5822 7103 0.0014932
6963 7103 0.0014932
7102 7103 0.0014932
7104 7103 0.0014932
3323 7104 0.0017436
3324 7104 0.0017436
7103 7104 0.0017436
7117 7116 0.0042636
1226 7117 0.0042636
1536 7117 0.0042636
4200 7117 0.0042636
5740 7218 0.0046615
7219 7218 0.0046615
5241 7219 0.00036404
5738 7219 0.00036404
7218 7219 0.00036404
942 7253 0.00033002
945 7253 0.00033002
5898 7253 0.00033002
7252 7253 0.00033002
2328 7256 0.00031348
7257 7256 0.00031348
