57 58 0.010493
60 58 0.010493
4610 58 0.010493
57 59 0.00030569
60 59 0.00030569
4610 59 0.00030569
59 60 0.053308
3420 60 0.053308
3421 60 0.053308
518 517 0.000258
3403 517 0.000258
3405 517 0.000258
517 518 0.001295
595 518 0.001295
3437 518 0.001295
3440 518 0.001295
521 522 1.007
3424 522 1.007
3890 522 1.007
563 564 0.00066075
2888 564 0.00066075
4801 564 0.00066075
517 594 0.0084801
595 594 0.0084801
3437 594 0.0084801
3440 594 0.0084801
594 595 0.0060356
3408 595 0.0060356
3413 595 0.0060356
728 727 0.00036091
3375 727 0.00036091
4693 727 0.00036091
727 728 0.00012138
731 728 0.00012138
7126 728 0.00012138
727 732 0.14819
731 732 0.14819
7126 732 0.14819
734 733 0.14799
2879 733 0.14799
5252 733 0.14799
733 734 0.00012195
7127 734 0.00012195
522 735 0.90042
736 735 0.90042
3419 735 0.90042
3434 735 0.90042
735 738 0.0002769
737 738 0.0002769
740 738 0.0002769
735 739 0.90016
737 739 0.90016
740 739 0.90016
762 763 0.00036731
764 763 0.00036731
3428 763 0.00036731
796 795 0.16627
2875 795 0.16627
3441 795 0.16627
795 796 0.036046
3577 796 0.036046
4598 796 0.036046
4615 796 0.036046
732 797 0.14819
798 797 0.14819
7216 797 0.14819
1110 1111 0.00024331
2880 1111 0.00024331
2881 1111 0.00024331
5576 1966 0.00026147
5579 1966 0.00026147
797 2875 0.089567
2876 2875 0.089567
4596 2875 0.089567
796 2876 0.039476
2875 2876 0.039476
3441 2876 0.039476
1110 2879 0.0006522
2880 2879 0.0006522
2881 2879 0.0006522
734 2880 0.00024924
2879 2880 0.00024924
5252 2880 0.00024924
2877 2881 0.0006505
2882 2881 0.0006505
6443 2881 0.0006505
6446 2881 0.0006505
739 2886 0.00067041
2885 2886 0.00067041
5251 2886 0.00067041
2886 2888 0.00067041
2887 2888 0.00067041
2901 2888 0.00067041
3376 3375 0.0003602
3377 3375 0.0003602
3389 3375 0.0003602
4613 3375 0.0003602
728 3376 0.00012135
3375 3376 0.00012135
4693 3376 0.00012135
3378 3377 0.00010052
3379 3377 0.00010052
6063 3377 0.00010052
3376 3378 0.00011823
3377 3378 0.00011823
3389 3378 0.00011823
4613 3378 0.00011823
221 3389 0.00012627
3390 3389 0.00012627
6064 3389 0.00012627
3406 3405 0.000258
3412 3405 0.000258
6449 3405 0.000258
518 3406 0.001295
3403 3406 0.001295
3405 3406 0.001295
594 3407 0.017101
3408 3407 0.017101
3413 3407 0.017101
3407 3408 0.0050154
3573 3408 0.0050154
3576 3408 0.0050154
3410 3409 0.0069336
3411 3409 0.0069336
3439 3409 0.0069336
3569 3409 0.0069336
3409 3410 0.0051632
3414 3410 0.0051632
6452 3410 0.0051632
3406 3411 0.001295
3412 3411 0.001295
6449 3411 0.001295
3410 3412 0.000258
3411 3412 0.000258
3439 3412 0.000258
3569 3412 0.000258
3409 3413 0.013421
3414 3413 0.013421
6452 3413 0.013421
594 3414 0.0037802
3408 3414 0.0037802
3413 3414 0.0037802
58 3417 0.010493
519 3417 0.010493
3418 3417 0.010493
59 3419 0.00030569
3420 3419 0.00030569
3421 3419 0.00030569
522 3420 0.053308
736 3420 0.053308
3419 3420 0.053308
3434 3420 0.053308
1966 3424 0.00026147
3423 3424 0.00026147
763 3425 0.00036731
3426 3425 0.00036731
3427 3428 0.00036731
3429 3428 0.00036731
6139 3428 0.00036731
6461 3428 0.00036731
3425 3429 0.00021285
3430 3429 0.00021285
3891 3429 0.00021285
3427 3430 0.0066281
3429 3430 0.0066281
6139 3430 0.0066281
6461 3430 0.0066281
522 3433 0.058213
736 3433 0.058213
3419 3433 0.058213
3434 3433 0.058213
561 3434 0.0046206
3433 3434 0.0046206
6459 3434 0.0046206
6462 3434 0.0046206
3436 3435 0.031356
3442 3435 0.031356
3443 3435 0.031356
4595 3435 0.031356
3435 3436 0.013474
3438 3436 0.013474
3571 3436 0.013474
3574 3436 0.013474
3435 3437 0.012132
3438 3437 0.012132
3571 3437 0.012132
3574 3437 0.012132
517 3438 0.0079176
595 3438 0.0079176
3437 3438 0.0079176
3440 3438 0.0079176
517 3439 0.0064221
595 3439 0.0064221
3437 3439 0.0064221
3440 3439 0.0064221
3410 3440 0.0056886
3411 3440 0.0056886
3439 3440 0.0056886
3569 3440 0.0056886
3436 3441 0.1013
3442 3441 0.1013
3443 3441 0.1013
4595 3441 0.1013
796 3442 0.021164
2875 3442 0.021164
3441 3442 0.021164
3435 3573 0.028579
3438 3573 0.028579
3571 3573 0.028579
3574 3573 0.028579
3407 3574 0.014913
3573 3574 0.014913
3576 3574 0.014913
3407 3575 0.041823
3573 3575 0.041823
3576 3575 0.041823
3575 3576 0.01607
3578 3576 0.01607
4617 3576 0.01607
3575 3577 0.12405
3578 3577 0.12405
4617 3577 0.12405
795 3578 0.0063241
3577 3578 0.0063241
4598 3578 0.0063241
4615 3578 0.0063241
3425 3890 0.0067694
3430 3890 0.0067694
3891 3890 0.0067694
797 4595 0.10755
2876 4595 0.10755
4596 4595 0.10755
3436 4596 0.0095334
3442 4596 0.0095334
3443 4596 0.0095334
4595 4596 0.0095334
795 4597 0.00057114
3577 4597 0.00057114
4598 4597 0.00057114
4615 4597 0.00057114
4597 4598 0.75262
5250 4598 0.75262
5253 4598 0.75262
4611 4610 0.00085967
6455 4610 0.00085967
6458 4610 0.00085967
57 4611 0.043415
60 4611 0.043415
4610 4611 0.043415
61 4613 0.00015392
4612 4613 0.00015392
6070 4613 0.00015392
795 4614 1
3577 4614 1
4598 4614 1
4615 4614 1
3575 4616 0.00060552
3578 4616 0.00060552
4617 4616 0.00060552
4616 4617 0.092575
6451 4617 0.092575
6454 4617 0.092575
739 5250 0.89952
2885 5250 0.89952
5251 5250 0.89952
4597 5252 0.14803
5250 5252 0.14803
5253 5252 0.14803
734 5253 0.00056453
2879 5253 0.00056453
5252 5253 0.00056453
738 5576 0.00027521
2913 5576 0.00027521
5577 5576 0.00027521
3378 6064 0.00012453
3379 6064 0.00012453
6063 6064 0.00012453
1111 6070 0.00015392
1476 6070 0.00015392
6069 6070 0.00015392
2883 6446 0.00064326
6445 6446 0.00064326
6448 6446 0.00064326
523 6448 0.00066938
564 6448 0.00066938
6447 6448 0.00066938
3409 6451 0.0026273
3414 6451 0.0026273
6452 6451 0.0026273
4616 6452 0.010498
6451 6452 0.010498
6454 6452 0.010498
3416 6454 0.0999
3417 6454 0.0999
6453 6454 0.0999
6456 6454 0.0999
3416 6455 0.00049764
3417 6455 0.00049764
6453 6455 0.00049764
6456 6455 0.00049764
4611 6456 0.089891
6455 6456 0.089891
6458 6456 0.089891
4611 6457 0.0048901
6455 6457 0.0048901
6458 6457 0.0048901
6071 6458 0.051728
6457 6458 0.051728
6460 6458 0.051728
6071 6459 0.0048901
6457 6459 0.0048901
6460 6459 0.0048901
561 6460 0.051728
3433 6460 0.051728
6459 6460 0.051728
6462 6460 0.051728
561 6461 0.0069887
3433 6461 0.0069887
6459 6461 0.0069887
6462 6461 0.0069887
3427 6462 0.00023397
3429 6462 0.00023397
6139 6462 0.00023397
6461 6462 0.00023397
733 7126 0.14799
7127 7126 0.14799
727 7127 0.00012195
731 7127 0.00012195
7126 7127 0.00012195
