51 52 0.00012137
2161 52 0.00012137
2163 52 0.00012137
53 54 0.00058948
2159 54 0.00058948
2160 54 0.00058948
277 278 0.014947
280 278 0.014947
1737 278 0.014947
279 280 0.014947
6705 280 0.014947
281 282 0.014211
1753 282 0.014211
6278 282 0.014211
558 557 0.00014374
5766 557 0.00014374
6474 557 0.00014374
569 570 0.72002
4806 570 0.72002
5884 570 0.72002
54 1741 0.00075465
1742 1741 0.00075465
1743 1741 0.00075465
52 1743 0.00017235
1744 1743 0.00017235
1745 1743 0.00017235
1750 1749 0.00018286
1752 1749 0.00018286
2158 1749 0.00018286
1751 1752 0.00075616
4538 1752 0.00075616
6275 1752 0.00075616
6277 1752 0.00075616
1754 1753 0.0018826
3585 1753 0.0018826
3588 1753 0.0018826
281 1754 0.00026288
1753 1754 0.00026288
6278 1754 0.00026288
1756 1755 0.00017626
1757 1755 0.00017626
2157 1755 0.00017626
1755 1756 0.00024929
4537 1756 0.00024929
6038 1756 0.00024929
1760 1759 0.00024929
1761 1759 0.00024929
2156 1759 0.00024929
1759 1760 0.00017626
1765 1760 0.00017626
6276 1760 0.00017626
1766 1765 0.0011701
3587 1765 0.0011701
3590 1765 0.0011701
1779 1780 0.00013258
3663 1780 0.00013258
5769 1780 0.00013258
571 1782 0.00013258
1780 1782 0.00013258
1781 1782 0.00013258
1782 1804 0.00013234
1783 1804 0.00013234
1803 1804 0.00013234
1756 2156 0.00024929
1757 2156 0.00024929
2157 2156 0.00024929
1760 2157 0.00017626
1761 2157 0.00017626
2156 2157 0.00017626
1750 2159 0.00058063
1752 2159 0.00058063
2158 2159 0.00058063
1748 2163 0.00012989
1749 2163 0.00012989
2162 2163 0.00012989
2633 2632 0.98505
2635 2632 0.98505
2644 2632 0.98505
2633 2636 0.010204
2635 2636 0.010204
2644 2636 0.010204
2640 2637 0.00011417
4087 2637 0.00011417
5732 2637 0.00011417
2637 2638 0.0002017
2641 2638 0.0002017
2638 2639 0.00018873
4085 2640 0.00011417
2639 2642 1.0104
2645 2642 1.0104
2642 2644 0.99524
2643 2644 0.99524
2634 2645 1.0102
2636 2645 1.0102
3664 2749 0.014822
6466 2749 0.014822
1754 3587 0.00026288
3585 3587 0.00026288
3588 3587 0.00026288
1766 3588 0.0018826
3587 3588 0.0018826
3590 3588 0.0018826
1763 3590 0.0027138
3589 3590 0.0027138
4600 3590 0.0027138
3664 3663 0.00014256
6466 3663 0.00014256
5770 4085 0.0002017
5772 4085 0.0002017
4163 4162 0.00043044
4164 4162 0.00043044
5889 4162 0.00043044
5892 4162 0.00043044
4162 4163 0.0021691
4171 4163 0.0021691
5793 4163 0.0021691
4165 4164 0.00032163
4166 4164 0.00032163
5929 4164 0.00032163
5972 4164 0.00032163
4163 4165 0.0018129
4164 4165 0.0018129
5889 4165 0.0018129
5892 4165 0.0018129
4165 4167 0.00060737
4166 4167 0.00060737
5929 4167 0.00060737
5972 4167 0.00060737
4162 4170 0.00070016
4171 4170 0.00070016
5793 4170 0.00070016
4170 4171 0.00016665
4173 4171 0.00016665
5933 4171 0.00016665
4170 4172 0.00044539
4173 4172 0.00044539
5933 4172 0.00044539
4172 4173 0.0001537
5797 4173 0.0001537
4175 4174 0.0046811
4176 4174 0.0046811
5784 4174 0.0046811
5785 4174 0.0046811
568 4175 0.0010187
4174 4175 0.0010187
6435 4175 0.0010187
4177 4176 0.0040265
4178 4176 0.0040265
5970 4176 0.0040265
4175 4177 0.00157
4176 4177 0.00157
5784 4177 0.00157
5785 4177 0.00157
4179 4178 0.0036864
4180 4178 0.0036864
4177 4179 0.0017469
4178 4179 0.0017469
5970 4179 0.0017469
4181 4180 0.0079448
4182 4180 0.0079448
5885 4180 0.0079448
5888 4180 0.0079448
4179 4181 0.0015415
4180 4181 0.0015415
4183 4182 0.0023297
4184 4182 0.0023297
5928 4182 0.0023297
4181 4183 0.0007754
4182 4183 0.0007754
5885 4183 0.0007754
5888 4183 0.0007754
4185 4184 0.0009115
4186 4184 0.0009115
5922 4184 0.0009115
4183 4185 0.00013693
4184 4185 0.00013693
5928 4185 0.00013693
1755 4538 0.012173
4537 4538 0.012173
6038 4538 0.012173
2749 4600 0.0027138
4599 4600 0.0027138
569 4805 0.098728
4806 4805 0.098728
5884 4805 0.098728
4805 4806 0.0042363
6431 4806 0.0042363
6434 4806 0.0042363
6467 5772 0.00018952
5780 5779 0.16772
5781 5779 0.16772
5786 5779 0.16772
981 5780 0.00082727
5779 5780 0.00082727
6433 5780 0.00082727
6436 5780 0.00082727
2632 5781 0.16925
5782 5781 0.16925
5883 5781 0.16925
5886 5781 0.16925
5780 5782 0.00093679
5781 5782 0.00093679
5786 5782 0.00093679
4175 5783 0.00041293
4176 5783 0.00041293
5784 5783 0.00041293
5785 5783 0.00041293
5783 5784 0.00019768
5788 5784 0.00019768
5796 5784 0.00019768
5780 5785 0.002423
5781 5785 0.002423
5786 5785 0.002423
4175 5786 0.0010019
4176 5786 0.0010019
5784 5786 0.0010019
5785 5786 0.0010019
5792 5791 0.00010729
5891 5791 0.00010729
5894 5791 0.00010729
5790 5792 0.00031016
5791 5792 0.00031016
5932 5792 0.00031016
5969 5792 0.00031016
5794 5793 0.0022722
5931 5793 0.0022722
5795 5794 0.0011434
5887 5794 0.0011434
5890 5794 0.0011434
5794 5795 0.0033349
5931 5795 0.0033349
4172 5796 0.00018659
5797 5796 0.00018659
5783 5797 0.00041187
5788 5797 0.00041187
5796 5797 0.00041187
2632 5884 0.81451
5782 5884 0.81451
5883 5884 0.81451
5886 5884 0.81451
2632 5885 0.010604
5782 5885 0.010604
5883 5885 0.010604
5886 5885 0.010604
4181 5886 0.0083782
4182 5886 0.0083782
5885 5886 0.0083782
5888 5886 0.0083782
4181 5887 0.002998
4182 5887 0.002998
5885 5887 0.002998
5888 5887 0.002998
5795 5888 0.0056216
5887 5888 0.0056216
5890 5888 0.0056216
5795 5889 0.0020621
5887 5889 0.0020621
5890 5889 0.0020621
4163 5890 0.0024941
4164 5890 0.0024941
5889 5890 0.0024941
5892 5890 0.0024941
4163 5891 0.00017368
4164 5891 0.00017368
5889 5891 0.00017368
5892 5891 0.00017368
5792 5892 0.0003583
5891 5892 0.0003583
5894 5892 0.0003583
4185 5921 0.00012848
4186 5921 0.00012848
5922 5921 0.00012848
5921 5922 0.00082097
5924 5922 0.00082097
5973 5922 0.00082097
4167 5924 0.00055626
4168 5924 0.00055626
5923 5924 0.00055626
5926 5924 0.00055626
4183 5927 0.00071361
4184 5927 0.00071361
5928 5927 0.00071361
5927 5928 0.0014933
5930 5928 0.0014933
5974 5928 0.0014933
5927 5929 0.00041196
5930 5929 0.00041196
5974 5929 0.00041196
4165 5930 0.0014217
4166 5930 0.0014217
5929 5930 0.0014217
5972 5930 0.0014217
4179 5931 0.0044638
4180 5931 0.0044638
4170 5932 0.0003189
4173 5932 0.0003189
5933 5932 0.0003189
4172 5970 0.00051698
5797 5970 0.00051698
5927 5973 0.00048683
5930 5973 0.00048683
5974 5973 0.00048683
5921 5974 0.00025681
5924 5974 0.00025681
5973 5974 0.00025681
557 6038 0.012245
6037 6038 0.012245
6465 6038 0.012245
1759 6275 0.001369
1765 6275 0.001369
6276 6275 0.001369
1751 6276 0.00021354
4538 6276 0.00021354
6275 6276 0.00021354
6277 6276 0.00021354
1751 6278 0.012607
4538 6278 0.012607
6275 6278 0.012607
6277 6278 0.012607
275 6427 0.014947
278 6427 0.014947
6428 6427 0.014947
5736 6429 0.014947
6427 6429 0.014947
6430 6429 0.014947
570 6431 0.00017322
6429 6431 0.00017322
6432 6431 0.00017322
4805 6432 0.26521
6431 6432 0.26521
6434 6432 0.26521
4805 6433 0.00088976
6431 6433 0.00088976
6434 6433 0.00088976
981 6434 0.17143
5779 6434 0.17143
6433 6434 0.17143
6436 6434 0.17143
981 6435 0.0010549
5779 6435 0.0010549
6433 6435 0.0010549
6436 6435 0.0010549
568 6436 0.0047031
4174 6436 0.0047031
6435 6436 0.0047031
2749 6465 0.012119
4599 6465 0.012119
6467 6466 0.01496
2642 6467 0.015149
2643 6467 0.015149
1804 6474 0.00013234
2284 6474 0.00013234
6475 6474 0.00013234
282 6705 0.014947
1741 6705 0.014947
6704 6705 0.014947
