1 2 0.0031743
2466 2 0.0031743
2630 2 0.0031743
134 133 0.00014249
3708 133 0.00014249
3709 133 0.00014249
133 134 0.00041649
3052 134 0.00041649
703 702 0.99999
4303 702 0.99999
5289 702 0.99999
713 714 0.00010247
2050 714 0.00010247
2052 714 0.00010247
5260 723 0.30892
723 724 0.29045
6920 724 0.29045
786 785 0.0008731
2261 785 0.0008731
2264 785 0.0008731
3989 785 0.0008731
785 786 0.0010337
3973 786 0.0010337
3976 786 0.0010337
3977 786 0.0010337
5085 1129 0.0015731
5267 1129 0.0015731
6708 1130 0.00010247
1310 1311 0.00044333
2631 1311 0.00044333
5448 1311 0.00044333
5462 1312 0.99674
6768 1312 0.99674
1320 1319 1
1827 1826 0.00031088
2656 1826 0.00031088
4672 1826 0.00031088
1826 1827 0.000227
3149 1827 0.000227
3152 1827 0.000227
6709 2052 0.00010247
724 2146 0.98156
2147 2146 0.98156
6794 2146 0.98156
2149 2148 0.69243
7287 2148 0.69243
2148 2149 0.0013701
6795 2149 0.0013701
2151 2150 0.99998
3649 2150 0.99998
3652 2150 0.99998
6823 2150 0.99998
549 2152 0.99984
2153 2152 0.99984
2864 2152 0.99984
6808 2152 0.99984
1312 2154 1
2155 2154 1
4673 2154 1
786 2263 0.0010553
2261 2263 0.0010553
2264 2263 0.0010553
3989 2263 0.0010553
2263 2264 0.00089723
2266 2264 0.00089723
3959 2264 0.00089723
2263 2265 0.019032
2266 2265 0.019032
3959 2265 0.019032
2265 2267 0.018869
2268 2267 0.018869
3975 2267 0.018869
2280 2281 0.99999
5280 2281 0.99999
5282 2281 0.99999
1828 2295 0.99683
2294 2295 0.99683
5655 2295 0.99683
2629 2628 0.0031748
4681 2628 0.0031748
5113 2628 0.0031748
1310 2630 0.0031749
2631 2630 0.0031749
5448 2630 0.0031749
133 3051 0.00014249
3052 3051 0.00014249
3051 3052 0.00041649
3710 3052 0.00041649
3711 3052 0.00041649
3054 3053 0.00054698
3685 3053 0.00054698
3150 3149 0.0002273
4674 3149 0.0002273
7178 3149 0.0002273
1826 3150 0.00031122
3149 3150 0.00031122
3152 3150 0.00031122
3343 3640 0.00014575
3639 3640 0.00014575
3962 3640 0.00014575
2151 3651 0.00039432
3649 3651 0.00039432
3652 3651 0.00039432
6823 3651 0.00039432
3212 3652 0.00048144
3651 3652 0.00048144
3654 3652 0.00048144
3212 3653 0.00037744
3651 3653 0.00037744
3654 3653 0.00037744
3653 3654 0.0004641
3656 3654 0.0004641
6210 3654 0.0004641
3655 3656 0.00039961
3658 3656 0.00039961
6205 3656 0.00039961
3684 3683 0.00013007
3686 3683 0.00013007
3687 3683 0.00013007
3053 3684 0.00059507
3682 3684 0.00059507
3683 3684 0.00059507
3684 3685 0.00054698
3686 3685 0.00054698
3687 3685 0.00054698
3688 3687 0.00063113
3714 3687 0.00063113
3715 3687 0.00063113
3684 3688 0.00062092
3686 3688 0.00062092
3687 3688 0.00062092
3051 3709 0.00017943
3710 3709 0.00017943
3711 3709 0.00017943
134 3710 0.00045179
3708 3710 0.00045179
3709 3710 0.00045179
2146 3711 0.00057625
3712 3711 0.00057625
4663 3711 0.00057625
7113 3711 0.00057625
3051 3712 0.00057461
3710 3712 0.00057461
3711 3712 0.00057461
3688 3713 0.00064245
3714 3713 0.00064245
3715 3713 0.00064245
3713 3714 0.00063377
6921 3714 0.00063377
7114 3714 0.00063377
2267 3958 0.018869
4652 3958 0.018869
4686 3959 0.018871
4685 3962 0.00015734
5086 3962 0.00015734
1129 3964 0.00025223
3963 3964 0.00025223
785 3975 0.0008731
3973 3975 0.0008731
3976 3975 0.0008731
3977 3975 0.0008731
2265 3976 0.0010337
2268 3976 0.0010337
3975 3976 0.0010337
702 4234 1
4233 4234 1
4236 4234 1
4287 4288 1
4485 4288 1
4502 4288 1
787 4290 1
4288 4290 1
4289 4290 1
4292 4291 0.035991
4293 4291 0.035991
4290 4292 0.0045527
4291 4292 0.0045527
4295 4292 0.0045527
4294 4293 0.035991
4297 4293 0.035991
4292 4294 0.0045527
4293 4294 0.0045527
4296 4295 0.0045527
4298 4295 0.0045527
4290 4296 0.035991
4291 4296 0.035991
4295 4296 0.035991
4296 4297 0.035991
4298 4297 0.035991
4294 4298 0.0045527
4297 4298 0.0045527
692 4502 1
4501 4502 1
4504 4502 1
658 4504 1
4234 4504 1
4503 4504 1
7170 4654 1
2146 4662 0.99999
3712 4662 0.99999
4663 4662 0.99999
7113 4662 0.99999
1827 4671 0.00022735
2656 4671 0.00022735
4672 4671 0.00022735
4671 4672 0.00031292
7282 4672 0.00031292
3150 4673 0.0034799
4674 4673 0.0034799
7178 4673 0.0034799
1312 4674 0.00022119
2155 4674 0.00022119
4673 4674 0.00022119
714 4675 0.00010247
4676 4675 0.00010247
6741 4678 0.00010932
6743 4686 1
4685 5085 0.0014143
5086 5085 0.0014143
5087 5086 0.0015715
5271 5086 0.0015715
1129 5087 0.001332
3963 5087 0.001332
2 5113 0.0031337
1225 5113 0.0031337
4679 5113 0.0031337
2149 5260 0.30892
7287 5260 0.30892
3638 5267 0.0001588
3640 5267 0.0001588
5268 5267 0.0001588
3964 5271 1.0002
6738 5271 1.0002
680 5279 0.99999
2281 5279 0.99999
5278 5279 0.99999
6744 5280 0.99989
4675 5282 0.00010247
5281 5282 0.00010247
678 5285 0.99999
2282 5285 0.99999
5279 5285 0.99999
5286 5285 0.99999
4301 5287 0.99999
5285 5287 0.99999
5288 5287 0.99999
789 5289 0.99999
4299 5289 0.99999
5287 5289 0.99999
5290 5289 0.99999
5446 5448 0.0035998
5449 5448 0.0035998
5450 5448 0.0035998
1319 5450 0.0035998
5451 5450 0.0035998
5452 5450 0.0035998
1319 5453 0.9964
5451 5453 0.9964
5452 5453 0.9964
5455 5454 0.00044333
6898 5454 0.00044333
952 5462 0.99682
5463 5462 0.99682
5464 5462 0.99682
5460 5464 0.99682
5465 5464 0.99682
5466 5464 0.99682
5458 5466 0.99682
5467 5466 0.99682
5468 5466 0.99682
5456 5468 0.99682
5469 5468 0.99682
5470 5468 0.99682
2295 5470 0.99682
5471 5470 0.99682
6764 5470 0.99682
5453 5655 0.99683
5454 5655 0.99683
5654 5655 0.99683
6206 6205 0.00031842
6209 6205 0.00031842
6211 6205 0.00031842
3655 6206 0.00010505
3658 6206 0.00010505
6205 6206 0.00010505
3653 6209 0.00031842
3656 6209 0.00031842
6210 6209 0.00031842
6206 6210 0.00010505
6209 6210 0.00010505
6211 6210 0.00010505
4654 6303 0.00010142
4686 6304 0.98113
4678 6708 0.00010247
7120 6708 0.00010247
1130 6709 0.00010247
6750 6734 1
4662 6738 0.99999
6739 6738 0.99999
712 6741 0.00010932
6303 6741 0.00010932
5087 6743 1
5271 6743 1
4654 6744 0.99989
6751 6750 1
3958 6751 1
6304 6751 1
6769 6768 0.00022735
7281 6768 0.00022735
5462 6769 0.00031292
6768 6769 0.00031292
2148 6794 0.69243
6795 6794 0.69243
724 6795 0.0013701
2147 6795 0.0013701
6794 6795 0.0013701
2150 6796 0.99998
6797 6796 0.99998
2154 6808 1
6809 6808 1
2152 6823 0.99984
6824 6823 0.99984
6826 6825 0.0031748
7180 6825 0.0031748
6897 6898 0.00044333
6899 6898 0.00044333
6902 6898 0.00044333
1311 6902 0.00044333
6901 6902 0.00044333
3713 6920 0.038534
6921 6920 0.038534
7114 6920 0.038534
723 6921 0.057007
6920 6921 0.057007
3713 7113 0.057326
6921 7113 0.057326
7114 7113 0.057326
2146 7114 0.038844
3712 7114 0.038844
4663 7114 0.038844
7113 7114 0.038844
7171 7170 1
6734 7171 1
6825 7178 0.0031748
7179 7178 0.0031748
2628 7180 0.0031748
7181 7180 0.0031748
6796 7182 0.99998
7183 7182 0.99998
7182 7184 0.99998
7185 7184 0.99998
4671 7281 0.00022735
7282 7281 0.00022735
6769 7282 0.00031292
7281 7282 0.00031292
7184 7287 0.99998
7288 7287 0.99998
