5835 433 0.10241
548 547 0.10625
6226 547 0.10625
6227 547 0.10625
6230 547 0.10625
547 548 0.0095426
2073 548 0.0095426
7094 548 0.0095426
567 568 0.14169
1467 568 0.14169
738 737 0.00033296
2913 737 0.00033296
5577 737 0.00033296
735 739 0.00034291
737 739 0.00034291
740 739 0.00034291
943 942 0.004725
4221 942 0.004725
4815 942 0.004725
942 943 0.0018661
945 943 0.0018661
5898 943 0.0018661
7252 943 0.0018661
942 944 0.021038
945 944 0.021038
5898 944 0.021038
7252 944 0.021038
944 945 0.0019337
947 945 0.0019337
4210 945 0.0019337
944 946 0.031338
947 946 0.031338
4210 946 0.031338
948 950 0.011548
951 950 0.011548
6355 950 0.011548
950 951 0.00080556
6352 951 0.00080556
6353 951 0.00080556
6356 951 0.00080556
565 981 0.00034319
980 981 0.00034319
983 981 0.00034319
982 983 0.00031776
985 983 0.00031776
2889 983 0.00031776
984 985 0.00031776
987 985 0.00031776
2891 985 0.00031776
2893 985 0.00031776
986 987 0.00031776
2895 987 0.00031776
4802 987 0.00031776
995 994 0.016937
6359 994 0.016937
6360 994 0.016937
994 995 0.0126
997 995 0.0126
2076 995 0.0126
2077 995 0.0126
994 996 0.011959
997 996 0.011959
2076 996 0.011959
2077 996 0.011959
996 997 0.0070953
3119 997 0.0070953
4790 997 0.0070953
6237 997 0.0070953
1466 1117 0.00054546
2325 1117 0.00054546
6874 1128 0.11713
5085 1129 0.00053312
5267 1129 0.00053312
1227 1226 0.00059691
7040 1226 0.00059691
7075 1226 0.00059691
7079 1226 0.00059691
1226 1227 0.0033106
1536 1227 0.0033106
4200 1227 0.0033106
1232 1233 0.19792
7249 1233 0.19792
567 1466 0.056766
1467 1466 0.056766
1468 1467 0.19841
5934 1467 0.19841
1117 1468 0.00082256
2345 1468 0.00082256
1528 1530 0.0017693
1531 1530 0.0017693
3303 1530 0.0017693
1537 1536 0.0031716
4710 1536 0.0031716
1226 1537 0.0010346
1536 1537 0.0010346
4200 1537 0.0010346
1653 1654 0.0027824
7054 1654 0.0027824
7076 1654 0.0027824
1656 1655 0.0022169
5746 1655 0.0022169
5748 1655 0.0022169
1655 1656 0.0077198
5745 1656 0.0077198
5901 1656 0.0077198
5904 1656 0.0077198
1658 1657 0.004725
5747 1657 0.004725
5907 1657 0.004725
5984 1657 0.004725
1657 1658 0.0018661
4219 1658 0.0018661
4817 1658 0.0018661
2072 2071 0.0045029
2074 2071 0.0045029
2075 2071 0.0045029
3906 2071 0.0045029
2071 2072 0.01396
6238 2072 0.01396
6239 2072 0.01396
2072 2073 0.21419
2074 2073 0.21419
2075 2073 0.21419
3906 2073 0.21419
547 2074 0.00089839
2073 2074 0.00089839
7094 2074 0.00089839
994 2075 0.10214
997 2075 0.10214
2076 2075 0.10214
2077 2075 0.10214
2072 2076 0.0039004
2074 2076 0.0039004
2075 2076 0.0039004
3906 2076 0.0039004
2078 2077 0.10249
2358 2077 0.10249
2361 2077 0.10249
6371 2077 0.10249
994 2078 0.0037251
997 2078 0.0037251
2076 2078 0.0037251
2077 2078 0.0037251
1466 2324 0.056235
2325 2324 0.056235
2327 2326 0.03524
4708 2326 0.03524
5968 2326 0.03524
2326 2327 0.0091818
7259 2327 0.0091818
2329 2328 0.1665
5896 2328 0.1665
7254 2328 0.1665
7258 2328 0.1665
2328 2329 0.00014648
7257 2329 0.00014648
2331 2330 0.12611
4196 2330 0.12611
5971 2330 0.12611
7256 2330 0.12611
2330 2331 0.00098695
2333 2331 0.00098695
5975 2331 0.00098695
2330 2332 0.089924
2333 2332 0.089924
5975 2332 0.089924
2332 2333 0.0037557
2335 2333 0.0037557
4216 2333 0.0037557
2332 2334 0.10242
2335 2334 0.10242
4216 2334 0.10242
2334 2335 0.0019199
2337 2335 0.0019199
5977 2335 0.0019199
7152 2335 0.0019199
2334 2336 0.07499
2337 2336 0.07499
5977 2336 0.07499
7152 2336 0.07499
2336 2337 0.01973
2339 2337 0.01973
4709 2337 0.01973
2336 2338 0.00053192
2339 2338 0.00053192
4709 2338 0.00053192
2338 2339 0.0027835
2341 2339 0.0027835
4198 2339 0.0027835
1654 2341 0.0028351
2340 2341 0.0028351
2343 2341 0.0028351
2344 2345 0.00035489
2347 2345 0.00035489
5906 2345 0.00035489
2344 2346 0.00011302
2347 2346 0.00011302
5906 2346 0.00011302
2346 2347 0.00038594
6960 2347 0.00038594
7108 2347 0.00038594
2349 2348 0.24154
5903 2348 0.24154
5986 2348 0.24154
7105 2348 0.24154
2348 2349 0.0018358
5239 2349 0.0018358
5739 2349 0.0018358
2351 2350 0.0012856
4656 2350 0.0012856
7014 2350 0.0012856
7087 2350 0.0012856
2350 2351 0.0018724
5671 2351 0.0018724
5836 2351 0.0018724
2353 2352 0.013606
3337 2352 0.013606
2352 2353 0.71799
2355 2353 0.71799
5269 2353 0.71799
2352 2354 0.029586
2355 2354 0.029586
5269 2354 0.029586
2354 2355 1.0002
2357 2355 1.0002
2354 2356 0.017846
2357 2356 0.017846
2356 2357 0.0017579
2359 2357 0.0017579
6362 2357 0.0017579
7160 2357 0.0017579
2356 2358 0.031547
2359 2358 0.031547
6362 2358 0.031547
7160 2358 0.031547
2078 2359 0.0020996
2358 2359 0.0020996
2361 2359 0.0020996
6371 2359 0.0020996
2078 2360 0.032565
2358 2360 0.032565
2361 2360 0.032565
6371 2360 0.032565
2360 2361 0.0018899
2363 2361 0.0018899
3120 2361 0.0018899
2360 2362 0.024304
2363 2362 0.024304
3120 2362 0.024304
2362 2363 0.0033883
2365 2363 0.0033883
6395 2363 0.0033883
2362 2364 0.034889
2365 2364 0.034889
6395 2364 0.034889
2364 2365 0.00020626
2367 2365 0.00020626
6366 2365 0.00020626
6367 2365 0.00020626
2364 2366 0.0431
2367 2366 0.0431
6366 2366 0.0431
6367 2366 0.0431
2366 2367 0.0002486
7006 2367 0.0002486
7086 2367 0.0002486
2753 2752 0.19793
3327 2752 0.19793
5237 2752 0.19793
1530 2849 0.0017562
1533 2849 0.0017562
2850 2849 0.0017562
739 2886 0.00032267
2885 2886 0.00032267
5251 2886 0.00032267
2886 2888 0.00032267
2887 2888 0.00032267
2901 2888 0.00032267
3107 3109 0.0010091
3110 3109 0.0010091
3309 3109 0.0010091
3310 3109 0.0010091
3109 3111 0.0013009
3112 3111 0.0013009
3313 3111 0.0013009
3314 3111 0.0013009
3111 3113 0.0010147
3114 3113 0.0010147
6382 3113 0.0010147
6383 3113 0.0010147
3113 3115 0.00058654
3116 3115 0.00058654
6106 3115 0.00058654
3118 3117 0.0032244
6390 3117 0.0032244
6391 3117 0.0032244
3117 3118 0.00012959
5957 3118 0.00012959
6368 3118 0.00012959
6369 3118 0.00012959
2360 3119 0.013451
2363 3119 0.013451
3120 3119 0.013451
996 3120 0.0036915
3119 3120 0.0036915
4790 3120 0.0036915
6237 3120 0.0036915
3122 3121 0.0015901
5270 3121 0.0015901
6233 3121 0.0015901
3121 3122 0.18978
3328 3122 0.18978
3329 3122 0.18978
3124 3123 0.0092191
3307 3123 0.0092191
3308 3123 0.0092191
3637 3123 0.0092191
3123 3124 0.00026914
3126 3124 0.00026914
3312 3124 0.00026914
3123 3125 0.008804
3126 3125 0.008804
3312 3125 0.008804
3125 3126 0.00016032
3128 3126 0.00016032
5949 3126 0.00016032
3125 3127 0.0085027
3128 3127 0.0085027
5949 3127 0.0085027
3127 3129 0.0069965
3130 3129 0.0069965
6380 3129 0.0069965
6381 3129 0.0069965
3129 3131 0.0060005
3132 3131 0.0060005
6105 3131 0.0060005
6108 3131 0.0060005
3131 3133 0.0058612
3134 3133 0.0058612
6402 3133 0.0058612
6403 3133 0.0058612
3136 3135 0.0064138
3305 3135 0.0064138
3306 3135 0.0064138
3135 3136 0.00030934
5948 3136 0.00030934
5953 3136 0.00030934
3138 3137 0.037984
5832 3137 0.037984
6422 3137 0.037984
3137 3138 0.00034815
3302 3138 0.00034815
3338 3138 0.00034815
3140 3139 0.0064845
6372 3139 0.0064845
6373 3139 0.0064845
6407 3139 0.0064845
3139 3140 0.0050541
3910 3140 0.0050541
6112 3140 0.0050541
3142 3141 0.033158
6414 3141 0.033158
6415 3141 0.033158
3141 3142 0.00077105
3144 3142 0.00077105
4787 3142 0.00077105
3141 3143 0.027642
3144 3143 0.027642
4787 3143 0.027642
3143 3144 0.002252
3146 3144 0.002252
6374 3144 0.002252
6375 3144 0.002252
3143 3145 0.013839
3146 3145 0.013839
6374 3145 0.013839
6375 3145 0.013839
3145 3146 0.00065232
3148 3146 0.00065232
3911 3146 0.00065232
6109 3146 0.00065232
3145 3147 0.0086382
3148 3147 0.0086382
3911 3147 0.0086382
6109 3147 0.0086382
3147 3148 0.00029159
5951 3148 0.00029159
6398 3148 0.00029159
6399 3148 0.00029159
3137 3303 0.0017693
3302 3303 0.0017693
3338 3303 0.0017693
3136 3304 0.0020506
3305 3304 0.0020506
3306 3304 0.0020506
3304 3305 0.0075658
6420 3305 0.0075658
6421 3305 0.0075658
3124 3306 0.003293
3307 3306 0.003293
3308 3306 0.003293
3637 3306 0.003293
3136 3307 0.0027037
3305 3307 0.0027037
3306 3307 0.0027037
3124 3309 0.0010091
3307 3309 0.0010091
3308 3309 0.0010091
3637 3309 0.0010091
3109 3312 0.00032145
3112 3312 0.00032145
3313 3312 0.00032145
3314 3312 0.00032145
3123 3313 0.0006277
3126 3313 0.0006277
3312 3313 0.0006277
3317 3316 0.00070385
5238 3316 0.00070385
7089 3316 0.00070385
3316 3317 0.011395
7005 3317 0.011395
7008 3317 0.011395
7088 3317 0.011395
3319 3318 0.10168
5985 3318 0.10168
7093 3318 0.10168
7095 3318 0.10168
3318 3319 0.0046954
6983 3319 0.0046954
7092 3319 0.0046954
3321 3320 0.2539
3322 3320 0.2539
7097 3320 0.2539
3320 3321 0.02897
6977 3321 0.02897
7096 3321 0.02897
3323 3322 0.29701
3324 3322 0.29701
7103 3322 0.29701
3321 3323 0.0063265
3322 3323 0.0063265
7097 3323 0.0063265
3325 3324 0.28696
3326 3324 0.28696
7099 3324 0.28696
3323 3325 0.016986
3324 3325 0.016986
7103 3325 0.016986
2753 3326 0.33078
3327 3326 0.33078
5237 3326 0.33078
3325 3327 0.001209
3326 3327 0.001209
7099 3327 0.001209
2353 3328 0.74441
3337 3328 0.74441
3332 3331 0.00039023
3334 3331 0.00039023
3331 3332 0.0069297
5827 3332 0.0069297
5829 3332 0.0069297
3332 3333 0.0069297
3334 3333 0.0069297
3333 3334 0.00039023
3336 3334 0.00039023
6225 3334 0.00039023
3333 3335 0.0044385
3336 3335 0.0044385
6225 3335 0.0044385
3335 3336 0.03678
5823 3336 0.03678
5831 3336 0.03678
6967 3336 0.03678
3137 3337 0.040018
3302 3337 0.040018
3338 3337 0.040018
3343 3338 0.0041056
3639 3338 0.0041056
3962 3338 0.0041056
600 3343 0.0017825
2849 3343 0.0017825
3344 3343 0.0017825
3345 3343 0.0017825
3638 3637 0.01181
3640 3637 0.01181
5268 3637 0.01181
3124 3638 0.0012861
3307 3638 0.0012861
3308 3638 0.0012861
3637 3638 0.0012861
3638 3639 0.0031614
3640 3639 0.0031614
5268 3639 0.0031614
3343 3640 0.00086359
3639 3640 0.00086359
3962 3640 0.00086359
4199 3791 0.00021913
5395 3791 0.00021913
5396 3792 0.00014702
5397 3792 0.00014702
3791 3793 0.00012187
3907 3906 0.11671
4019 3906 0.11671
6228 3906 0.11671
6358 3906 0.11671
2072 3907 0.011117
2074 3907 0.011117
2075 3907 0.011117
3906 3907 0.011117
3909 3908 0.0010788
6113 3908 0.0010788
6400 3908 0.0010788
6401 3908 0.0010788
3908 3909 0.00018606
6392 3909 0.00018606
6393 3909 0.00018606
3145 3910 0.0061803
3148 3910 0.0061803
3911 3910 0.0061803
6109 3910 0.0061803
3139 3911 0.00095854
3910 3911 0.00095854
6112 3911 0.00095854
4020 4019 0.19482
6232 4019 0.19482
6351 4019 0.19482
3907 4020 0.0011766
4019 4020 0.0011766
6228 4020 0.0011766
6358 4020 0.0011766
4163 4162 0.0076974
4164 4162 0.0076974
5889 4162 0.0076974
5892 4162 0.0076974
4162 4163 0.048394
4171 4163 0.048394
5793 4163 0.048394
4165 4164 0.0046938
4166 4164 0.0046938
5929 4164 0.0046938
5972 4164 0.0046938
4163 4165 0.10703
4164 4165 0.10703
5889 4165 0.10703
5892 4165 0.10703
4167 4166 0.0038691
4168 4166 0.0038691
5923 4166 0.0038691
5926 4166 0.0038691
4165 4167 0.090507
4166 4167 0.090507
5929 4167 0.090507
5972 4167 0.090507
4169 4168 0.0023925
4193 4168 0.0023925
4194 4168 0.0023925
4167 4169 0.044521
4168 4169 0.044521
5923 4169 0.044521
5926 4169 0.044521
4162 4170 0.009016
4171 4170 0.009016
5793 4170 0.009016
4170 4171 0.024837
4173 4171 0.024837
5933 4171 0.024837
4170 4172 0.0065665
4173 4172 0.0065665
5933 4172 0.0065665
4172 4173 0.012436
5797 4173 0.012436
568 4175 0.1314
4174 4175 0.1314
6435 4175 0.1314
4177 4176 0.0011073
4178 4176 0.0011073
5970 4176 0.0011073
4175 4177 0.12953
4176 4177 0.12953
5784 4177 0.12953
5785 4177 0.12953
4179 4178 0.00040145
4180 4178 0.00040145
4177 4179 0.139
4178 4179 0.139
5970 4179 0.139
4181 4180 0.0089137
4182 4180 0.0089137
5885 4180 0.0089137
5888 4180 0.0089137
4179 4181 0.12736
4180 4181 0.12736
4183 4182 0.0052987
4184 4182 0.0052987
5928 4182 0.0052987
4181 4183 0.19678
4182 4183 0.19678
5885 4183 0.19678
5888 4183 0.19678
4185 4184 0.0080244
4186 4184 0.0080244
5922 4184 0.0080244
4183 4185 0.23527
4184 4185 0.23527
5928 4185 0.23527
4187 4186 0.0021779
4188 4186 0.0021779
4195 4186 0.0021779
4185 4187 0.31199
4186 4187 0.31199
5922 4187 0.31199
4189 4188 0.00073517
4190 4188 0.00073517
5918 4188 0.00073517
4187 4189 0.35736
4188 4189 0.35736
4195 4189 0.35736
4191 4190 0.00080855
4666 4190 0.00080855
6469 4190 0.00080855
4189 4191 0.43705
4190 4191 0.43705
5918 4191 0.43705
4169 4192 0.0051861
4193 4192 0.0051861
4194 4192 0.0051861
4192 4193 0.0098717
5919 4193 0.0098717
5980 4193 0.0098717
4187 4194 0.00079501
4188 4194 0.00079501
4195 4194 0.00079501
4169 4195 0.047609
4193 4195 0.047609
4194 4195 0.047609
2338 4200 0.00057771
2341 4200 0.00057771
4198 4200 0.00057771
4204 4205 0.00031954
4206 4205 0.00031954
4207 4205 0.00031954
4211 4205 0.00031954
4205 4206 0.0034514
5741 4206 0.0034514
5742 4206 0.0034514
4201 4207 0.00020406
4208 4207 0.00020406
4209 4207 0.00020406
5909 4207 0.00020406
4204 4208 0.0043857
4206 4208 0.0043857
4207 4208 0.0043857
4211 4208 0.0043857
4201 4210 0.012255
4208 4210 0.012255
4209 4210 0.012255
5909 4210 0.012255
4212 4211 0.0012887
4214 4211 0.0012887
4204 4212 0.00023894
4206 4212 0.00023894
4207 4212 0.00023894
4211 4212 0.00023894
4212 4213 0.00023894
4214 4213 0.00023894
4213 4214 0.0012887
5743 4214 0.0012887
5744 4214 0.0012887
2332 4215 0.00037905
2335 4215 0.00037905
4216 4215 0.00037905
4215 4216 0.014711
6725 4216 0.014711
4218 4217 0.017023
6706 4217 0.017023
6724 4217 0.017023
4220 4219 0.0018661
4222 4219 0.0018661
1657 4220 0.004725
4219 4220 0.004725
4817 4220 0.004725
4220 4221 0.004725
4222 4221 0.004725
943 4222 0.0018661
4221 4222 0.0018661
4815 4222 0.0018661
6737 4659 0.15507
2646 4664 0.13342
5774 4664 0.13342
5775 4664 0.13342
4191 4665 0.82574
4666 4665 0.82574
6469 4665 0.82574
4664 4666 0.00030647
4665 4666 0.00030647
2327 4707 0.002
4708 4707 0.002
5968 4707 0.002
3189 4708 0.040401
4707 4708 0.040401
5981 4708 0.040401
7130 4708 0.040401
1537 4709 0.50625
4710 4709 0.50625
5063 4710 0.50838
4788 4787 0.0032639
6408 4787 0.0032639
6409 4787 0.0032639
3141 4788 0.010261
3144 4788 0.010261
4787 4788 0.010261
996 4789 0.0058467
3119 4789 0.0058467
4790 4789 0.0058467
6237 4789 0.0058467
4789 4790 0.001443
6240 4790 0.001443
6365 4790 0.001443
563 4802 0.00031776
2888 4802 0.00031776
4801 4802 0.00031776
4805 4806 0.00081472
6431 4806 0.00081472
6434 4806 0.00081472
5064 5063 0.5086
5240 5063 0.5086
4659 5064 0.15521
5065 5064 0.15521
3792 5065 0.00014698
4685 5085 0.00044927
5086 5085 0.00044927
5087 5086 0.00053306
5271 5086 0.00053306
1129 5087 0.00044824
3963 5087 0.00044824
5091 5090 0.11423
5838 5090 0.11423
1128 5091 0.11716
5092 5091 0.11716
3121 5237 0.55621
3328 5237 0.55621
3329 5237 0.55621
2348 5238 0.00017032
5239 5238 0.00017032
5739 5238 0.00017032
3317 5239 0.10784
5238 5239 0.10784
7089 5239 0.10784
5241 5240 0.35349
5738 5240 0.35349
7218 5240 0.35349
5064 5241 0.00010103
5240 5241 0.00010103
3638 5267 0.11722
3640 5267 0.11722
5268 5267 0.11722
3138 5268 0.13004
5832 5268 0.13004
6422 5268 0.13004
3122 5269 0.017312
5270 5269 0.017312
6233 5269 0.017312
2753 5270 0.02872
3327 5270 0.02872
5237 5270 0.02872
5063 5395 0.00021813
5576 5577 0.00037053
5579 5577 0.00037053
5578 5579 0.00038827
5583 5579 0.00038827
5584 5579 0.00038827
1233 5581 0.19762
5580 5581 0.19762
5582 5581 0.19762
1233 5583 0.00039096
5580 5583 0.00039096
5582 5583 0.00039096
2350 5669 0.052657
5671 5669 0.052657
5836 5669 0.052657
2350 5670 0.00037729
5671 5670 0.00037729
5836 5670 0.00037729
5670 5671 0.041834
6385 5671 0.041834
7085 5671 0.041834
2348 5738 0.34745
5239 5738 0.34745
5739 5738 0.34745
4205 5740 0.0065066
5741 5740 0.0065066
5742 5740 0.0065066
5740 5741 0.00049383
7219 5741 0.00049383
4213 5742 0.0094283
5743 5742 0.0094283
5744 5742 0.0094283
4205 5743 0.00028368
5741 5743 0.00028368
5742 5743 0.00028368
1655 5744 0.010546
5745 5744 0.010546
5901 5744 0.010546
5904 5744 0.010546
4213 5745 0.00035165
5743 5745 0.00035165
5744 5745 0.00035165
1658 5746 0.0022169
5747 5746 0.0022169
5907 5746 0.0022169
5984 5746 0.0022169
1656 5747 0.0077198
5746 5747 0.0077198
5748 5747 0.0077198
4664 5771 0.95885
4665 5771 0.95885
2646 5773 0.042388
5774 5773 0.042388
5775 5773 0.042388
5773 5774 0.0011943
5880 5774 0.0011943
5776 5775 0.17454
6468 5775 0.17454
5780 5779 0.00042534
5781 5779 0.00042534
5786 5779 0.00042534
981 5780 0.010276
5779 5780 0.010276
6433 5780 0.010276
6436 5780 0.010276
2632 5781 0.00022655
5782 5781 0.00022655
5883 5781 0.00022655
5886 5781 0.00022655
5780 5782 0.0091217
5781 5782 0.0091217
5786 5782 0.0091217
4175 5783 0.0072765
4176 5783 0.0072765
5784 5783 0.0072765
5785 5783 0.0072765
5783 5784 0.0033978
5788 5784 0.0033978
5796 5784 0.0033978
5780 5785 0.0019201
5781 5785 0.0019201
5786 5785 0.0019201
4175 5786 0.00096478
4176 5786 0.00096478
5784 5786 0.00096478
5785 5786 0.00096478
5783 5787 0.0016749
5788 5787 0.0016749
5796 5787 0.0016749
5787 5788 0.013837
5914 5788 0.013837
5915 5788 0.013837
5790 5789 0.0046892
5791 5789 0.0046892
5932 5789 0.0046892
5969 5789 0.0046892
5789 5790 0.010347
5911 5790 0.010347
5913 5790 0.010347
5982 5790 0.010347
5792 5791 0.011612
5891 5791 0.011612
5894 5791 0.011612
5790 5792 0.019662
5791 5792 0.019662
5932 5792 0.019662
5969 5792 0.019662
5794 5793 0.024876
5931 5793 0.024876
5795 5794 0.015257
5887 5794 0.015257
5890 5794 0.015257
5794 5795 0.010532
5931 5795 0.010532
4172 5796 0.0019268
5797 5796 0.0019268
5783 5797 0.017967
5788 5797 0.017967
5796 5797 0.017967
3335 5822 0.022436
5823 5822 0.022436
5831 5822 0.022436
6967 5822 0.022436
5822 5823 0.033872
6963 5823 0.033872
7102 5823 0.033872
7104 5823 0.033872
5825 5824 0.0015406
5826 5824 0.0015406
5830 5824 0.0015406
5824 5825 0.038685
6964 5825 0.038685
7100 5825 0.038685
3331 5826 0.00039023
5827 5826 0.00039023
5829 5826 0.00039023
5825 5827 0.0069297
5826 5827 0.0069297
5830 5827 0.0069297
3335 5830 0.003909
5823 5830 0.003909
5831 5830 0.003909
6967 5830 0.003909
5825 5831 0.034514
5826 5831 0.034514
5830 5831 0.034514
2352 5832 0.28349
2355 5832 0.28349
5269 5832 0.28349
6877 5835 0.1142
5835 5836 0.011787
5091 5837 0.004939
5838 5837 0.004939
5837 5838 0.0020059
6927 5838 0.0020059
7069 5838 0.0020059
7112 5838 0.0020059
5773 5879 0.042388
5880 5879 0.042388
5879 5880 0.0011943
5882 5880 0.0011943
5879 5881 0.042388
5882 5881 0.042388
5771 5882 0.0011943
5881 5882 0.0011943
569 5883 0.00083389
4806 5883 0.00083389
5884 5883 0.00083389
2632 5885 0.0098951
5782 5885 0.0098951
5883 5885 0.0098951
5886 5885 0.0098951
4181 5886 0.00026192
4182 5886 0.00026192
5885 5886 0.00026192
5888 5886 0.00026192
4181 5887 0.0082015
4182 5887 0.0082015
5885 5887 0.0082015
5888 5887 0.0082015
5795 5888 0.0716
5887 5888 0.0716
5890 5888 0.0716
5795 5889 0.010238
5887 5889 0.010238
5890 5889 0.010238
4163 5890 0.078361
4164 5890 0.078361
5889 5890 0.078361
5892 5890 0.078361
4163 5891 0.0020719
4164 5891 0.0020719
5889 5891 0.0020719
5892 5891 0.0020719
5792 5892 0.13183
5891 5892 0.13183
5894 5892 0.13183
5792 5893 0.0031777
5891 5893 0.0031777
5894 5893 0.0031777
5893 5894 0.12489
7255 5894 0.12489
5895 5896 0.2621
7253 5896 0.2621
5897 5898 0.27831
5900 5898 0.27831
5983 5898 0.27831
5897 5899 0.00018742
5900 5899 0.00018742
5983 5899 0.00018742
5899 5900 0.27545
5902 5900 0.27545
5910 5900 0.27545
5899 5901 0.00016375
5902 5901 0.00016375
5910 5901 0.00016375
1655 5902 0.28348
5745 5902 0.28348
5901 5902 0.28348
5904 5902 0.28348
1655 5903 0.00052441
5745 5903 0.00052441
5901 5903 0.00052441
5904 5903 0.00052441
2349 5904 0.29953
5903 5904 0.29953
5986 5904 0.29953
7105 5904 0.29953
2344 5905 0.00023034
2347 5905 0.00023034
5906 5905 0.00023034
5905 5906 0.00023453
6955 5906 0.00023453
7110 5906 0.00023453
719 5907 0.00052357
5908 5907 0.00052357
7109 5907 0.00052357
1658 5908 0.00017778
5747 5908 0.00017778
5907 5908 0.00017778
5984 5908 0.00017778
5899 5909 0.0086907
5902 5909 0.0086907
5910 5909 0.0086907
4201 5910 0.00064055
4208 5910 0.00064055
4209 5910 0.00064055
5909 5910 0.00064055
5787 5913 0.0016749
5914 5913 0.0016749
5915 5913 0.0016749
5789 5914 0.013837
5911 5914 0.013837
5913 5914 0.013837
5982 5914 0.013837
4189 5917 0.00055369
4190 5917 0.00055369
5918 5917 0.00055369
5917 5918 0.080169
5920 5918 0.080169
5978 5918 0.080169
5917 5919 0.0042794
5920 5919 0.0042794
5978 5919 0.0042794
4192 5920 0.02165
5919 5920 0.02165
5980 5920 0.02165
4185 5921 0.0039153
4186 5921 0.0039153
5922 5921 0.0039153
5921 5922 0.086486
5924 5922 0.086486
5973 5922 0.086486
5921 5923 0.00651
5924 5923 0.00651
5973 5923 0.00651
4167 5924 0.067916
4168 5924 0.067916
5923 5924 0.067916
5926 5924 0.067916
4167 5925 0.010287
4168 5925 0.010287
5923 5925 0.010287
5926 5925 0.010287
5925 5926 0.027184
5976 5926 0.027184
5979 5926 0.027184
4183 5927 0.017206
4184 5927 0.017206
5928 5927 0.017206
5927 5928 0.052971
5930 5928 0.052971
5974 5928 0.052971
5927 5929 0.012615
5930 5929 0.012615
5974 5929 0.012615
4165 5930 0.069545
4166 5930 0.069545
5929 5930 0.069545
5972 5930 0.069545
4179 5931 0.020151
4180 5931 0.020151
4170 5932 0.007531
4173 5932 0.007531
5933 5932 0.007531
5790 5933 0.017482
5791 5933 0.017482
5932 5933 0.017482
5969 5933 0.017482
3898 5934 0.19758
5581 5934 0.19758
5935 5934 0.19758
3125 5948 0.0012109
3128 5948 0.0012109
5949 5948 0.0012109
3135 5949 0.00097726
5948 5949 0.00097726
5953 5949 0.00097726
3147 5950 0.0027852
5951 5950 0.0027852
6398 5950 0.0027852
6399 5950 0.0027852
5950 5951 0.00019575
6389 5951 0.00019575
6405 5951 0.00019575
3135 5952 0.0066227
5948 5952 0.0066227
5953 5952 0.0066227
5952 5953 0.00028464
6378 5953 0.00028464
6379 5953 0.00028464
3133 5954 0.0057373
5955 5954 0.0057373
6394 5954 0.0057373
3117 5956 0.0033704
5957 5956 0.0033704
6368 5956 0.0033704
6369 5956 0.0033704
5956 5957 0.00075138
6386 5957 0.00075138
6387 5957 0.00075138
5790 5968 0.0079617
5791 5968 0.0079617
5932 5968 0.0079617
5969 5968 0.0079617
2327 5969 0.020304
4708 5969 0.020304
5968 5969 0.020304
4172 5970 0.01017
5797 5970 0.01017
4165 5971 0.0064233
4166 5971 0.0064233
5929 5971 0.0064233
5972 5971 0.0064233
2331 5972 0.047655
4196 5972 0.047655
5971 5972 0.047655
7256 5972 0.047655
5927 5973 0.031998
5930 5973 0.031998
5974 5973 0.031998
5921 5974 0.010833
5924 5974 0.010833
5973 5974 0.010833
5925 5975 0.004486
5976 5975 0.004486
5979 5975 0.004486
2330 5976 0.043438
2333 5976 0.043438
5975 5976 0.043438
5917 5977 0.0029349
5920 5977 0.0029349
5978 5977 0.0029349
2334 5978 0.06518
2337 5978 0.06518
5977 5978 0.06518
7152 5978 0.06518
4192 5979 0.0024404
5919 5979 0.0024404
5980 5979 0.0024404
5925 5980 0.024497
5976 5980 0.024497
5979 5980 0.024497
5789 5981 0.0036275
5911 5981 0.0036275
5913 5981 0.0036275
5982 5981 0.0036275
3189 5982 0.021447
4707 5982 0.021447
5981 5982 0.021447
7130 5982 0.021447
1658 5983 0.0069379
5747 5983 0.0069379
5907 5983 0.0069379
5984 5983 0.0069379
5897 5984 0.0039481
5900 5984 0.0039481
5983 5984 0.0039481
2349 5985 0.00043654
5903 5985 0.00043654
5986 5985 0.00043654
7105 5985 0.00043654
3319 5986 0.53977
5985 5986 0.53977
7093 5986 0.53977
7095 5986 0.53977
3113 6105 0.00058966
3116 6105 0.00058966
6106 6105 0.00058966
3129 6106 0.00016483
3132 6106 0.00016483
6105 6106 0.00016483
6108 6106 0.00016483
3129 6107 0.0017901
3132 6107 0.0017901
6105 6107 0.0017901
6108 6107 0.0017901
6107 6108 0.00039966
6110 6108 0.00039966
6114 6108 0.00039966
6107 6109 0.0013121
6110 6109 0.0013121
6114 6109 0.0013121
3145 6110 0.00093016
3148 6110 0.00093016
3911 6110 0.00093016
6109 6110 0.00093016
3139 6111 0.0077747
3910 6111 0.0077747
6112 6111 0.0077747
6111 6112 0.0011227
6396 6112 0.0011227
6397 6112 0.0011227
6406 6112 0.0011227
6107 6113 0.0012131
6110 6113 0.0012131
6114 6113 0.0012131
3909 6114 0.00020462
6113 6114 0.00020462
6400 6114 0.00020462
6401 6114 0.00020462
548 6225 0.003384
6226 6225 0.003384
6227 6225 0.003384
6230 6225 0.003384
3333 6226 0.042265
3336 6226 0.042265
6225 6226 0.042265
3907 6227 0.10755
4019 6227 0.10755
6228 6227 0.10755
6358 6227 0.10755
548 6228 0.014098
6226 6228 0.014098
6227 6228 0.014098
6230 6228 0.014098
548 6229 0.070265
6226 6229 0.070265
6227 6229 0.070265
6230 6229 0.070265
6229 6230 0.034634
6979 6230 0.034634
7063 6230 0.034634
4020 6231 0.0015616
6232 6231 0.0015616
6351 6231 0.0015616
6231 6232 0.19042
6234 6232 0.19042
6354 6232 0.19042
6231 6233 0.00044533
6234 6233 0.00044533
6354 6233 0.00044533
3122 6234 0.20004
5270 6234 0.20004
6233 6234 0.20004
2071 6237 0.0026381
6238 6237 0.0026381
6239 6237 0.0026381
996 6238 0.012858
3119 6238 0.012858
4790 6238 0.012858
6237 6238 0.012858
4789 6239 0.002555
6240 6239 0.002555
6365 6239 0.002555
2071 6240 0.0033171
6238 6240 0.0033171
6239 6240 0.0033171
950 6351 0.012029
6352 6351 0.012029
6353 6351 0.012029
6356 6351 0.012029
4020 6352 0.0072465
6232 6352 0.0072465
6351 6352 0.0072465
2354 6353 0.013343
2357 6353 0.013343
948 6354 0.00080556
951 6354 0.00080556
6355 6354 0.00080556
6231 6355 0.011548
6234 6355 0.011548
6354 6355 0.011548
6357 6356 0.00024144
6361 6356 0.00024144
950 6357 0.019545
6352 6357 0.019545
6353 6357 0.019545
6356 6357 0.019545
995 6358 0.020636
6359 6358 0.020636
6360 6358 0.020636
3907 6359 0.015224
4019 6359 0.015224
6228 6359 0.015224
6358 6359 0.015224
6357 6360 0.016584
6361 6360 0.016584
995 6361 0.0068354
6359 6361 0.0068354
6360 6361 0.0068354
6357 6362 0.0095548
6361 6362 0.0095548
6364 6363 0.0056102
6410 6363 0.0056102
6411 6363 0.0056102
6363 6364 0.0018056
6943 6364 0.0018056
7165 6364 0.0018056
2364 6365 0.0022398
2367 6365 0.0022398
6366 6365 0.0022398
6367 6365 0.0022398
4789 6366 0.0074056
6240 6366 0.0074056
6365 6366 0.0074056
3117 6367 0.004115
5957 6367 0.004115
6368 6367 0.004115
6369 6367 0.004115
2364 6368 0.0011117
2367 6368 0.0011117
6366 6368 0.0011117
6367 6368 0.0011117
5954 6369 0.003462
6370 6369 0.003462
6388 6369 0.003462
7111 6369 0.003462
3117 6370 0.00093443
5957 6370 0.00093443
6368 6370 0.00093443
6369 6370 0.00093443
3140 6371 0.1007
6372 6371 0.1007
6373 6371 0.1007
6407 6371 0.1007
2078 6372 0.00070318
2358 6372 0.00070318
2361 6372 0.00070318
6371 6372 0.00070318
3143 6373 0.082244
3146 6373 0.082244
6374 6373 0.082244
6375 6373 0.082244
3140 6374 0.0010079
6372 6374 0.0010079
6373 6374 0.0010079
6407 6374 0.0010079
6376 6375 0.069173
6377 6375 0.069173
6417 6375 0.069173
3143 6376 0.00014077
3146 6376 0.00014077
6374 6376 0.00014077
6375 6376 0.00014077
5952 6377 0.0092704
6378 6377 0.0092704
6379 6377 0.0092704
6376 6378 0.0011585
6377 6378 0.0011585
6417 6378 0.0011585
3127 6379 0.0033888
3130 6379 0.0033888
6380 6379 0.0033888
6381 6379 0.0033888
5952 6380 0.001615
6378 6380 0.001615
6379 6380 0.001615
3111 6381 0.00067286
3114 6381 0.00067286
6382 6381 0.00067286
6383 6381 0.00067286
3127 6382 0.00038823
3130 6382 0.00038823
6380 6382 0.00038823
6381 6382 0.00038823
5956 6385 0.0087939
6386 6385 0.0087939
6387 6385 0.0087939
5954 6387 0.0062528
6370 6387 0.0062528
6388 6387 0.0062528
7111 6387 0.0062528
5956 6388 0.00016543
6386 6388 0.00016543
6387 6388 0.00016543
3118 6389 0.00028638
6390 6389 0.00028638
6391 6389 0.00028638
5950 6390 0.0023291
6389 6390 0.0023291
6405 6390 0.0023291
3908 6391 0.0013202
6392 6391 0.0013202
6393 6391 0.0013202
3118 6392 0.00026811
6390 6392 0.00026811
6391 6392 0.00026811
3133 6393 0.00068134
5955 6393 0.00068134
6394 6393 0.00068134
3908 6394 0.00052196
6392 6394 0.00052196
6393 6394 0.00052196
6111 6395 0.013971
6396 6395 0.013971
6397 6395 0.013971
6406 6395 0.013971
2362 6396 0.00020451
2365 6396 0.00020451
6395 6396 0.00020451
3147 6397 0.0070894
5951 6397 0.0070894
6398 6397 0.0070894
6399 6397 0.0070894
6111 6398 0.0005213
6396 6398 0.0005213
6397 6398 0.0005213
6406 6398 0.0005213
3909 6399 0.0014541
6113 6399 0.0014541
6400 6399 0.0014541
6401 6399 0.0014541
3147 6400 0.00064317
5951 6400 0.00064317
6398 6400 0.00064317
6399 6400 0.00064317
3131 6401 0.0012202
3134 6401 0.0012202
6402 6401 0.0012202
6403 6401 0.0012202
3909 6402 0.00052508
6113 6402 0.00052508
6400 6402 0.00052508
6401 6402 0.00052508
3115 6403 0.00058654
5959 6403 0.00058654
6404 6403 0.00058654
6111 6405 0.00041439
6396 6405 0.00041439
6397 6405 0.00041439
6406 6405 0.00041439
5950 6406 0.00096118
6389 6406 0.00096118
6405 6406 0.00096118
4788 6407 0.023535
6408 6407 0.023535
6409 6407 0.023535
3140 6408 0.0033453
6372 6408 0.0033453
6373 6408 0.0033453
6407 6408 0.0033453
6364 6409 0.015662
6410 6409 0.015662
6411 6409 0.015662
4788 6410 0.0024699
6408 6410 0.0024699
6409 6410 0.0024699
5834 6411 0.018082
6412 6411 0.018082
6413 6411 0.018082
6364 6412 0.0010854
6410 6412 0.0010854
6411 6412 0.0010854
3142 6413 0.018082
6414 6413 0.018082
6415 6413 0.018082
5834 6414 0.0010854
6412 6414 0.0010854
6413 6414 0.0010854
6416 6415 0.050128
6418 6415 0.050128
6419 6415 0.050128
3142 6416 0.00074383
6414 6416 0.00074383
6415 6416 0.00074383
6416 6417 0.061104
6418 6417 0.061104
6419 6417 0.061104
6376 6418 0.00018393
6377 6418 0.00018393
6417 6418 0.00018393
3304 6419 0.11042
6420 6419 0.11042
6421 6419 0.11042
6416 6420 0.00011324
6418 6420 0.00011324
6419 6420 0.00011324
3138 6421 0.11681
5832 6421 0.11681
6422 6421 0.11681
3304 6422 0.00099352
6420 6422 0.00099352
6421 6422 0.00099352
981 6434 0.00083497
5779 6434 0.00083497
6433 6434 0.00083497
6436 6434 0.00083497
981 6435 0.00056858
5779 6435 0.00056858
6433 6435 0.00056858
6436 6435 0.00056858
568 6436 0.010857
4174 6436 0.010857
6435 6436 0.010857
4191 6468 0.17457
4666 6468 0.17457
6469 6468 0.17457
2336 6469 0.56376
2339 6469 0.56376
4709 6469 0.56376
946 6706 0.031338
6707 6706 0.031338
4215 6724 0.00037905
6725 6724 0.00037905
4218 6725 0.014711
6706 6725 0.014711
6724 6725 0.014711
4217 6726 0.017023
6727 6726 0.017023
6880 6737 0.15507
5085 6873 0.11713
5267 6873 0.11713
6873 6874 0.11713
5090 6877 0.1142
433 6880 0.15507
5669 6880 0.15507
6939 6938 0.00069626
7067 6938 0.00069626
7163 6938 0.00069626
7164 6938 0.00069626
6938 6939 0.00070194
6941 6939 0.00070194
6949 6939 0.00070194
6938 6940 0.0001327
6941 6940 0.0001327
6949 6940 0.0001327
6940 6941 0.0010195
6942 6941 0.0010195
6945 6941 0.0010195
6947 6941 0.0010195
6363 6942 0.0010195
6943 6942 0.0010195
7165 6942 0.0010195
6940 6943 0.0001327
6942 6943 0.0001327
6945 6943 0.0001327
6947 6943 0.0001327
6938 6948 0.0010117
6941 6948 0.0010117
6949 6948 0.0010117
6948 6949 0.00013058
6950 6949 0.00013058
6953 6949 0.00013058
6948 6952 0.0010117
6950 6952 0.0010117
6953 6952 0.0010117
6952 6953 0.00013058
7161 6953 0.00013058
7162 6953 0.00013058
6954 6955 0.00042476
6957 6955 0.00042476
6959 6955 0.00042476
2346 6959 0.00042476
6960 6959 0.00042476
7108 6959 0.00042476
5824 6963 0.036371
6964 6963 0.036371
7100 6963 0.036371
5822 6964 0.013918
6963 6964 0.013918
7102 6964 0.013918
7104 6964 0.013918
6965 6967 0.0041958
6968 6967 0.0041958
7101 6967 0.0041958
3335 6968 0.013895
5823 6968 0.013895
5831 6968 0.013895
6967 6968 0.013895
6969 6971 0.057353
6972 6971 0.057353
6975 6971 0.057353
7066 6971 0.057353
6971 6972 0.027844
6974 6972 0.027844
7064 6972 0.027844
6971 6973 0.11596
6974 6973 0.11596
7064 6973 0.11596
6973 6974 0.013617
6976 6974 0.013617
6978 6974 0.013617
6973 6975 0.061709
6976 6975 0.061709
6978 6975 0.061709
6969 6976 0.060747
6972 6976 0.060747
6975 6976 0.060747
7066 6976 0.060747
6973 6977 0.14098
6976 6977 0.14098
6978 6977 0.14098
3320 6978 0.039595
6977 6978 0.039595
7096 6978 0.039595
6980 6979 0.068015
7065 6979 0.068015
7098 6979 0.068015
6229 6980 0.030808
6979 6980 0.030808
7063 6980 0.030808
6982 6981 0.0058494
6984 6981 0.0058494
6986 6981 0.0058494
6981 6982 0.00072683
6990 6982 0.00072683
6982 6983 0.0023475
6984 6983 0.0023475
6986 6983 0.0023475
3318 6984 0.012076
6983 6984 0.012076
7092 6984 0.012076
6982 6985 0.007823
6984 6985 0.007823
6986 6985 0.007823
6985 6986 0.0032168
6988 6986 0.0032168
6989 6986 0.0032168
6985 6987 0.011684
6988 6987 0.011684
6989 6987 0.011684
6987 6988 0.0019556
6992 6988 0.0019556
6994 6988 0.0019556
6981 6989 0.0058494
6990 6989 0.0058494
6985 6990 0.00072683
6988 6990 0.00072683
6989 6990 0.00072683
6987 6991 0.0089146
6992 6991 0.0089146
6994 6991 0.0089146
6991 6992 0.00082494
6995 6992 0.00082494
7000 6992 0.00082494
6987 6993 0.0065802
6992 6993 0.0065802
6994 6993 0.0065802
6993 6994 0.0049411
6996 6994 0.0049411
6998 6994 0.0049411
7001 6994 0.0049411
6993 6995 0.0022225
6996 6995 0.0022225
6998 6995 0.0022225
7001 6995 0.0022225
6991 6996 0.0078048
6995 6996 0.0078048
7000 6996 0.0078048
6993 6997 0.012692
6996 6997 0.012692
6998 6997 0.012692
7001 6997 0.012692
6997 6998 0.0029629
7090 6998 0.0029629
7091 6998 0.0029629
6991 6999 0.0029676
6995 6999 0.0029676
7000 6999 0.0029676
6999 7000 0.00046033
7002 7000 0.00046033
7004 7000 0.00046033
6999 7001 0.0029676
7002 7001 0.0029676
7004 7001 0.0029676
6993 7002 0.00046033
6996 7002 0.00046033
6998 7002 0.00046033
7001 7002 0.00046033
2366 7005 0.010971
7006 7005 0.010971
7086 7005 0.010971
3316 7006 0.00086975
7005 7006 0.00086975
7008 7006 0.00086975
7088 7006 0.00086975
7021 7020 0.00040417
7023 7020 0.00040417
7025 7020 0.00040417
7036 7020 0.00040417
7020 7021 0.00028147
7032 7021 0.00028147
7035 7021 0.00028147
7021 7022 0.00031417
7023 7022 0.00031417
7025 7022 0.00031417
7036 7022 0.00031417
7022 7023 0.00016495
7029 7023 0.00016495
7031 7023 0.00016495
7033 7023 0.00016495
7021 7024 0.00043872
7023 7024 0.00043872
7025 7024 0.00043872
7036 7024 0.00043872
7024 7025 0.0004242
7027 7025 0.0004242
7077 7025 0.0004242
7080 7025 0.0004242
1230 7031 0.00039034
7030 7031 0.00039034
7078 7031 0.00039034
7022 7032 0.00055079
7029 7032 0.00055079
7031 7032 0.00055079
7033 7032 0.00055079
7020 7034 0.00070405
7032 7034 0.00070405
7035 7034 0.00070405
7034 7036 0.00051665
7037 7036 0.00051665
7039 7036 0.00051665
7021 7037 0.0002302
7023 7037 0.0002302
7025 7037 0.0002302
7036 7037 0.0002302
7034 7038 0.00059828
7037 7038 0.00059828
7039 7038 0.00059828
7038 7039 0.00025887
7041 7039 0.00025887
7043 7039 0.00025887
7038 7040 0.00059666
7041 7040 0.00059666
7043 7040 0.00059666
1227 7041 0.00026358
7040 7041 0.00026358
7075 7041 0.00026358
7079 7041 0.00026358
6971 7063 0.013319
6974 7063 0.013319
7064 7063 0.013319
6229 7064 0.086157
6979 7064 0.086157
7063 7064 0.086157
6969 7065 0.032894
6972 7065 0.032894
6975 7065 0.032894
7066 7065 0.032894
6980 7066 0.061441
7065 7066 0.061441
7098 7066 0.061441
1227 7076 0.0027778
7040 7076 0.0027778
7075 7076 0.0027778
7079 7076 0.0027778
7024 7078 0.00039034
7027 7078 0.00039034
7077 7078 0.00039034
7080 7078 0.00039034
7024 7079 0.0003105
7027 7079 0.0003105
7077 7079 0.0003105
7080 7079 0.0003105
1227 7080 0.00063188
7040 7080 0.00063188
7075 7080 0.00063188
7079 7080 0.00063188
2366 7085 0.033937
7006 7085 0.033937
7086 7085 0.033937
5670 7086 0.001187
6385 7086 0.001187
7085 7086 0.001187
3316 7087 0.0012832
7005 7087 0.0012832
7008 7087 0.0012832
7088 7087 0.0012832
2351 7088 0.0018729
4656 7088 0.0018729
7014 7088 0.0018729
7087 7088 0.0018729
6997 7089 0.09853
7090 7089 0.09853
7091 7089 0.09853
3317 7090 0.0015474
5238 7090 0.0015474
7089 7090 0.0015474
3318 7091 0.092609
6983 7091 0.092609
7092 7091 0.092609
6997 7092 0.0053553
7090 7092 0.0053553
7091 7092 0.0053553
547 7093 0.31098
2073 7093 0.31098
7094 7093 0.31098
3319 7094 0.00097891
5985 7094 0.00097891
7093 7094 0.00097891
7095 7094 0.00097891
3320 7095 0.36199
6977 7095 0.36199
7096 7095 0.36199
3319 7096 0.035673
5985 7096 0.035673
7093 7096 0.035673
7095 7096 0.035673
6980 7097 0.021163
7065 7097 0.021163
7098 7097 0.021163
3321 7098 0.086917
3322 7098 0.086917
7097 7098 0.086917
5824 7099 0.0041733
6964 7099 0.0041733
7100 7099 0.0041733
3325 7100 0.063771
3326 7100 0.063771
7099 7100 0.063771
5822 7101 0.0041958
6963 7101 0.0041958
7102 7101 0.0041958
7104 7101 0.0041958
6965 7102 0.013895
6968 7102 0.013895
7101 7102 0.013895
5822 7103 0.04513
6963 7103 0.04513
7102 7103 0.04513
7104 7103 0.04513
3323 7104 0.024414
3324 7104 0.024414
7103 7104 0.024414
6961 7105 0.00015796
7106 7105 0.00015796
7107 7105 0.00015796
2349 7106 0.00078086
5903 7106 0.00078086
5986 7106 0.00078086
7105 7106 0.00078086
2346 7107 0.00015796
6960 7107 0.00015796
7108 7107 0.00015796
6961 7108 0.00078086
7106 7108 0.00078086
7107 7108 0.00078086
5905 7109 0.00052357
6955 7109 0.00052357
7110 7109 0.00052357
719 7110 0.00017778
5908 7110 0.00017778
7109 7110 0.00017778
5837 7111 0.004939
6927 7111 0.004939
7069 7111 0.004939
7112 7111 0.004939
5954 7112 0.0020059
6370 7112 0.0020059
6388 7112 0.0020059
7111 7112 0.0020059
2324 7130 0.056235
7131 7130 0.056235
6726 7152 0.017023
7153 7152 0.017023
6952 7160 0.0055699
7161 7160 0.0055699
7162 7160 0.0055699
2356 7161 0.0017653
2359 7161 0.0017653
6362 7161 0.0017653
7160 7161 0.0017653
6939 7162 0.0050268
7067 7162 0.0050268
7163 7162 0.0050268
7164 7162 0.0050268
6952 7163 0.0021033
7161 7163 0.0021033
7162 7163 0.0021033
6363 7164 0.0050355
6943 7164 0.0050355
7165 7164 0.0050355
6939 7165 0.0021177
7067 7165 0.0021177
7163 7165 0.0021177
7164 7165 0.0021177
5740 7218 0.0065066
7219 7218 0.0065066
5241 7219 0.00049383
5738 7219 0.00049383
7218 7219 0.00049383
1235 7249 0.19792
7248 7249 0.19792
7250 7249 0.19792
2752 7250 0.19793
7251 7250 0.19793
942 7253 0.2621
945 7253 0.2621
5898 7253 0.2621
7252 7253 0.2621
5893 7254 0.0031777
7255 7254 0.0031777
2329 7255 0.12489
5896 7255 0.12489
7254 7255 0.12489
7258 7255 0.12489
2328 7256 0.1665
7257 7256 0.1665
2331 7257 0.00014648
4196 7257 0.00014648
5971 7257 0.00014648
7256 7257 0.00014648
2326 7258 0.03524
7259 7258 0.03524
2329 7259 0.0091818
5896 7259 0.0091818
7254 7259 0.0091818
7258 7259 0.0091818
