111 112 0.00012483
387 112 0.00012483
394 112 0.00012483
113 114 0.00042096
384 114 0.00042096
385 114 0.00042096
116 115 0.00037209
420 115 0.00037209
421 115 0.00037209
1584 115 0.00037209
115 116 0.0015816
382 116 0.0015816
383 116 0.0015816
115 381 0.0003019
382 381 0.0003019
383 381 0.0003019
381 382 0.0019155
400 382 0.0019155
401 382 0.0019155
413 382 0.0019155
113 383 0.00011578
384 383 0.00011578
385 383 0.00011578
115 384 0.00051982
382 384 0.00051982
383 384 0.00051982
113 386 0.00014508
384 386 0.00014508
385 386 0.00014508
380 394 0.00014207
386 394 0.00014207
393 394 0.00014207
402 401 0.0028089
403 401 0.0028089
418 401 0.0028089
419 401 0.0028089
381 402 0.0044012
400 402 0.0044012
401 402 0.0044012
413 402 0.0044012
404 403 0.011879
405 403 0.011879
6570 403 0.011879
6573 403 0.011879
402 404 0.0024308
403 404 0.0024308
418 404 0.0024308
419 404 0.0024308
414 413 0.0053697
415 413 0.0053697
417 413 0.0053697
381 414 0.0021048
400 414 0.0021048
401 414 0.0021048
413 414 0.0021048
416 415 0.0080934
3096 415 0.0080934
7148 415 0.0080934
414 416 0.018262
415 416 0.018262
417 416 0.018262
402 417 0.016605
403 417 0.016605
418 417 0.016605
419 417 0.016605
414 418 0.0031713
415 418 0.0031713
417 418 0.0031713
116 419 0.0032586
420 419 0.0032586
421 419 0.0032586
1584 419 0.0032586
402 420 0.000865
403 420 0.000865
418 420 0.000865
419 420 0.000865
114 421 0.00063759
422 421 0.00063759
423 421 0.00063759
6550 421 0.00063759
116 422 0.00021407
420 422 0.00021407
421 422 0.00021407
1584 422 0.00021407
112 423 0.00017919
424 423 0.00017919
425 423 0.00017919
6552 423 0.00017919
114 424 0.00010855
422 424 0.00010855
423 424 0.00010855
6550 424 0.00010855
428 427 0.00017758
429 427 0.00017758
3089 427 0.00017758
5680 427 0.00017758
427 428 0.078984
431 428 0.078984
3097 428 0.078984
2279 431 0.0028555
5674 431 0.0028555
7273 431 0.0028555
427 432 0.01557
431 432 0.01557
3097 432 0.01557
5835 433 0.79597
548 547 0.00025959
6226 547 0.00025959
6227 547 0.00025959
6230 547 0.00025959
774 773 0.00024609
775 773 0.00024609
776 775 0.00024609
6574 775 0.00024609
942 944 0.00014681
945 944 0.00014681
5898 944 0.00014681
7252 944 0.00014681
944 946 0.00028244
947 946 0.00028244
4210 946 0.00028244
994 995 0.00016397
997 995 0.00016397
2076 995 0.00016397
2077 995 0.00016397
996 997 0.00056698
3119 997 0.00056698
4790 997 0.00056698
6237 997 0.00056698
434 1126 0.00029221
5089 1126 0.00029221
432 1127 0.015342
5692 1127 0.015342
6874 1128 0.00022865
1227 1226 0.001136
7040 1226 0.001136
7075 1226 0.001136
7079 1226 0.001136
1226 1227 0.0064294
1536 1227 0.0064294
4200 1227 0.0064294
1537 1536 0.0062247
4710 1536 0.0062247
1226 1537 0.0017819
1536 1537 0.0017819
4200 1537 0.0017819
408 1574 1
1575 1574 1
7224 1574 1
1574 1576 0.98974
1577 1576 0.98974
6571 1576 0.98974
1578 1580 0.00017737
1581 1580 0.00017737
4558 1580 0.00017737
1580 1582 0.0013598
1583 1582 0.0013598
6572 1582 0.0013598
6575 1582 0.0013598
1582 1583 0.00060937
1585 1583 0.00060937
4524 1583 0.00060937
1582 1584 0.001349
1585 1584 0.001349
4524 1584 0.001349
116 1585 0.00058852
420 1585 0.00058852
421 1585 0.00058852
1584 1585 0.00058852
1653 1654 0.0054002
7054 1654 0.0054002
7076 1654 0.0054002
2071 2072 0.00097794
6238 2072 0.00097794
6239 2072 0.00097794
2072 2073 0.0014565
2074 2073 0.0014565
2075 2073 0.0014565
3906 2073 0.0014565
994 2075 0.00071366
997 2075 0.00071366
2076 2075 0.00071366
2077 2075 0.00071366
2072 2076 0.00010591
2074 2076 0.00010591
2075 2076 0.00010591
3906 2076 0.00010591
2078 2077 0.00038116
2358 2077 0.00038116
2361 2077 0.00038116
6371 2077 0.00038116
994 2078 0.00017142
997 2078 0.00017142
2076 2078 0.00017142
2077 2078 0.00017142
2329 2328 0.0010287
5896 2328 0.0010287
7254 2328 0.0010287
7258 2328 0.0010287
2331 2330 0.00091164
4196 2330 0.00091164
5971 2330 0.00091164
7256 2330 0.00091164
2330 2331 0.00069666
2333 2331 0.00069666
5975 2331 0.00069666
2330 2332 0.0015057
2333 2332 0.0015057
5975 2332 0.0015057
2332 2333 0.0028381
2335 2333 0.0028381
4216 2333 0.0028381
2332 2334 0.0016405
2335 2334 0.0016405
4216 2334 0.0016405
2334 2335 0.0031072
2337 2335 0.0031072
5977 2335 0.0031072
7152 2335 0.0031072
2334 2336 0.001951
2337 2336 0.001951
5977 2336 0.001951
7152 2336 0.001951
2336 2337 0.038703
2339 2337 0.038703
4709 2337 0.038703
2336 2338 0.00074001
2339 2338 0.00074001
4709 2338 0.00074001
2338 2339 0.0053658
2341 2339 0.0053658
4198 2339 0.0053658
1654 2341 0.0055035
2340 2341 0.0055035
2343 2341 0.0055035
2342 2343 0.00010623
7057 2343 0.00010623
7074 2343 0.00010623
2349 2348 0.0012685
5903 2348 0.0012685
5986 2348 0.0012685
7105 2348 0.0012685
2348 2349 0.00061677
5239 2349 0.00061677
5739 2349 0.00061677
2351 2350 0.063875
4656 2350 0.063875
7014 2350 0.063875
7087 2350 0.063875
2350 2351 0.0044616
5671 2351 0.0044616
5836 2351 0.0044616
2078 2360 0.00020794
2358 2360 0.00020794
2361 2360 0.00020794
6371 2360 0.00020794
2360 2361 0.0002826
2363 2361 0.0002826
3120 2361 0.0002826
2360 2362 0.00054521
2363 2362 0.00054521
3120 2362 0.00054521
2362 2363 0.00052187
2365 2363 0.00052187
6395 2363 0.00052187
2362 2364 0.00071888
2365 2364 0.00071888
6395 2364 0.00071888
2364 2365 0.00055218
2367 2365 0.00055218
6366 2365 0.00055218
6367 2365 0.00055218
2364 2366 0.010471
2367 2366 0.010471
6366 2366 0.010471
6367 2366 0.010471
2366 2367 0.0011643
7006 2367 0.0011643
7086 2367 0.0011643
3085 3086 0.073751
3088 3086 0.073751
5398 3086 0.073751
3087 3088 0.073269
7151 3088 0.073269
428 3090 0.079178
429 3090 0.079178
3089 3090 0.079178
5680 3090 0.079178
416 3095 0.9999
3096 3095 0.9999
7148 3095 0.9999
1127 3097 0.092489
3095 3097 0.092489
3098 3097 0.092489
427 3098 0.0009675
431 3098 0.0009675
3097 3098 0.0009675
3105 3106 0.0010165
5399 3106 0.0010165
5963 3106 0.0010165
3118 3117 0.0002836
6390 3117 0.0002836
6391 3117 0.0002836
3117 3118 0.00050337
5957 3118 0.00050337
6368 3118 0.00050337
6369 3118 0.00050337
2360 3119 0.0003435
2363 3119 0.0003435
3120 3119 0.0003435
996 3120 0.0004415
3119 3120 0.0004415
4790 3120 0.0004415
6237 3120 0.0004415
3131 3133 0.0001111
3134 3133 0.0001111
6402 3133 0.0001111
6403 3133 0.0001111
3133 3134 0.00012684
5955 3134 0.00012684
6394 3134 0.00012684
3316 3317 0.016465
7005 3317 0.016465
7008 3317 0.016465
7088 3317 0.016465
3319 3318 0.00036108
5985 3318 0.00036108
7093 3318 0.00036108
7095 3318 0.00036108
3318 3319 0.0013432
6983 3319 0.0013432
7092 3319 0.0013432
3320 3321 0.00027029
6977 3321 0.00027029
7096 3321 0.00027029
4199 3791 0.00043002
5395 3791 0.00043002
5396 3792 0.00028851
5397 3792 0.00028851
3791 3793 0.00023916
3793 3794 0.0001496
5993 3794 0.0001496
7115 3794 0.0001496
3907 3906 0.00010693
4019 3906 0.00010693
6228 3906 0.00010693
6358 3906 0.00010693
2072 3907 0.00023574
2074 3907 0.00023574
2075 3907 0.00023574
3906 3907 0.00023574
3908 3909 0.00010952
6392 3909 0.00010952
6393 3909 0.00010952
6876 3963 0.00024574
4162 4163 0.0002123
4171 4163 0.0002123
5793 4163 0.0002123
4165 4164 0.00013591
4166 4164 0.00013591
5929 4164 0.00013591
5972 4164 0.00013591
4163 4165 0.000664
4164 4165 0.000664
5889 4165 0.000664
5892 4165 0.000664
4167 4166 0.00031124
4168 4166 0.00031124
5923 4166 0.00031124
5926 4166 0.00031124
4165 4167 0.0010331
4166 4167 0.0010331
5929 4167 0.0010331
5972 4167 0.0010331
4169 4168 0.00041769
4193 4168 0.00041769
4194 4168 0.00041769
4167 4169 0.00098679
4168 4169 0.00098679
5923 4169 0.00098679
5926 4169 0.00098679
4183 4182 0.00014543
4184 4182 0.00014543
5928 4182 0.00014543
4181 4183 0.00049198
4182 4183 0.00049198
5885 4183 0.00049198
5888 4183 0.00049198
4185 4184 0.00052357
4186 4184 0.00052357
5922 4184 0.00052357
4183 4185 0.0012006
4184 4185 0.0012006
5928 4185 0.0012006
4187 4186 0.00069184
4188 4186 0.00069184
4195 4186 0.00069184
4185 4187 0.0032664
4186 4187 0.0032664
5922 4187 0.0032664
4189 4188 0.00085881
4190 4188 0.00085881
5918 4188 0.00085881
4187 4189 0.0053168
4188 4189 0.0053168
4195 4189 0.0053168
4191 4190 0.0013765
4666 4190 0.0013765
6469 4190 0.0013765
4189 4191 0.040237
4190 4191 0.040237
5918 4191 0.040237
4169 4192 0.00028656
4193 4192 0.00028656
4194 4192 0.00028656
4192 4193 0.001601
5919 4193 0.001601
5980 4193 0.001601
4187 4194 0.00024691
4188 4194 0.00024691
4195 4194 0.00024691
4169 4195 0.0021304
4193 4195 0.0021304
4194 4195 0.0021304
2338 4200 0.00085257
2341 4200 0.00085257
4198 4200 0.00085257
4205 4206 0.00011695
5741 4206 0.00011695
5742 4206 0.00011695
4204 4208 0.00012051
4206 4208 0.00012051
4207 4208 0.00012051
4211 4208 0.00012051
4201 4210 0.00016122
4208 4210 0.00016122
4209 4210 0.00016122
5909 4210 0.00016122
2332 4215 0.00029436
2335 4215 0.00029436
4216 4215 0.00029436
4215 4216 0.00016006
6725 4216 0.00016006
4218 4217 0.00044366
6706 4217 0.00044366
6724 4217 0.00044366
4223 4224 0.00010612
6896 4224 0.00010612
7081 4224 0.00010612
4228 4227 0.00010606
4229 4227 0.00010606
6893 4227 0.00010606
4523 4524 0.00010108
4526 4524 0.00010108
6551 4524 0.00010108
92 4558 0.00017737
4557 4558 0.00017737
6569 4558 0.00017737
4657 4656 0.074791
5663 4656 0.074791
5665 4656 0.074791
6737 4659 0.98198
2646 4664 0.17308
5774 4664 0.17308
5775 4664 0.17308
4191 4665 0.77342
4666 4665 0.77342
6469 4665 0.77342
4664 4666 0.00039758
4665 4666 0.00039758
1537 4709 0.99332
4710 4709 0.99332
5063 4710 0.99777
996 4789 0.00014306
3119 4789 0.00014306
4790 4789 0.00014306
6237 4789 0.00014306
4789 4790 0.00082286
6240 4790 0.00082286
6365 4790 0.00082286
5064 5063 0.99819
5240 5063 0.99819
4659 5064 0.98227
5065 5064 0.98227
3792 5065 0.00028843
4685 5085 0.00020854
5086 5085 0.00020854
5087 5086 0.00024743
5271 5086 0.00024743
1129 5087 0.00020698
3963 5087 0.00020698
7272 5088 0.92521
7274 5088 0.92521
5090 5089 0.00025725
5091 5090 0.88785
5838 5090 0.88785
1128 5091 0.92542
5092 5091 0.92542
5093 5092 0.92519
5088 5093 0.92544
5094 5093 0.92544
1126 5094 0.00022505
2348 5238 0.00010217
5239 5238 0.00010217
5739 5238 0.00010217
3317 5239 0.01553
5238 5239 0.01553
7089 5239 0.01553
5241 5240 0.016566
5738 5240 0.016566
7218 5240 0.016566
5064 5241 0.00063935
5240 5241 0.00063935
5063 5395 0.00042811
3791 5396 0.00019086
3105 5398 0.00084491
5399 5398 0.00084491
5963 5398 0.00084491
3085 5399 0.00035918
3088 5399 0.00035918
5398 5399 0.00035918
5666 5665 0.074791
5667 5665 0.074791
3086 5667 0.074826
5668 5667 0.074826
5964 5667 0.074826
2350 5669 0.186
5671 5669 0.186
5836 5669 0.186
2350 5670 0.0031773
5671 5670 0.0031773
5836 5670 0.0031773
5670 5671 0.038154
6385 5671 0.038154
7085 5671 0.038154
3090 5674 0.015484
5675 5674 0.015484
5676 5674 0.015484
7150 5674 0.015484
2279 5675 0.0112
5674 5675 0.0112
7273 5675 0.0112
3090 5677 0.0015661
5675 5677 0.0015661
5676 5677 0.0015661
7150 5677 0.0015661
3094 5680 0.00034328
5681 5680 0.00034328
5683 5680 0.00034328
1975 5683 0.00034328
3091 5683 0.00034328
5682 5683 0.00034328
5693 5683 0.00034328
1975 5692 0.00010237
3091 5692 0.00010237
5682 5692 0.00010237
5693 5692 0.00010237
432 5693 0.00033048
5692 5693 0.00033048
2348 5738 0.016542
5239 5738 0.016542
5739 5738 0.016542
5241 5739 0.00046234
5738 5739 0.00046234
7218 5739 0.00046234
5740 5741 0.0001992
7219 5741 0.0001992
4205 5743 0.00010526
5741 5743 0.00010526
5742 5743 0.00010526
4213 5745 0.00010391
5743 5745 0.00010391
5744 5745 0.00010391
4664 5771 0.9461
4665 5771 0.9461
2646 5773 0.055119
5774 5773 0.055119
5775 5773 0.055119
5773 5774 0.0011784
5880 5774 0.0011784
5776 5775 0.227
6468 5775 0.227
5794 5793 0.00015618
5931 5793 0.00015618
5795 5794 0.000111
5887 5794 0.000111
5890 5794 0.000111
6877 5835 0.88759
5835 5836 0.091614
5091 5837 0.039012
5838 5837 0.039012
5837 5838 0.0014383
6927 5838 0.0014383
7069 5838 0.0014383
7112 5838 0.0014383
5773 5879 0.055119
5880 5879 0.055119
5879 5880 0.0011784
5882 5880 0.0011784
5879 5881 0.055119
5882 5881 0.055119
5771 5882 0.0011784
5881 5882 0.0011784
4181 5887 0.00010074
4182 5887 0.00010074
5885 5887 0.00010074
5888 5887 0.00010074
5795 5888 0.00048601
5887 5888 0.00048601
5890 5888 0.00048601
5795 5889 0.0001052
5887 5889 0.0001052
5890 5889 0.0001052
4163 5890 0.00055201
4164 5890 0.00055201
5889 5890 0.00055201
5892 5890 0.00055201
5792 5892 0.00086891
5891 5892 0.00086891
5894 5892 0.00086891
5893 5894 0.00087774
7255 5894 0.00087774
5895 5896 0.0018055
7253 5896 0.0018055
5897 5898 0.0019035
5900 5898 0.0019035
5983 5898 0.0019035
5899 5900 0.0018833
5902 5900 0.0018833
5910 5900 0.0018833
1655 5902 0.0019266
5745 5902 0.0019266
5901 5902 0.0019266
5904 5902 0.0019266
2349 5904 0.0019809
5903 5904 0.0019809
5986 5904 0.0019809
7105 5904 0.0019809
4189 5917 0.000656
4190 5917 0.000656
5918 5917 0.000656
5917 5918 0.035059
5920 5918 0.035059
5978 5918 0.035059
5917 5919 0.0024164
5920 5919 0.0024164
5978 5919 0.0024164
4192 5920 0.0011182
5919 5920 0.0011182
5980 5920 0.0011182
4185 5921 0.00036434
4186 5921 0.00036434
5922 5921 0.00036434
5921 5922 0.0022618
5924 5922 0.0022618
5973 5922 0.0022618
5921 5923 0.0003609
5924 5923 0.0003609
5973 5923 0.0003609
4167 5924 0.0020448
4168 5924 0.0020448
5923 5924 0.0020448
5926 5924 0.0020448
4167 5925 0.00038093
4168 5925 0.00038093
5923 5925 0.00038093
5926 5925 0.00038093
5925 5926 0.0019121
5976 5926 0.0019121
5979 5926 0.0019121
4183 5927 0.00046419
4184 5927 0.00046419
5928 5927 0.00046419
5927 5928 0.00079469
5930 5928 0.00079469
5974 5928 0.00079469
5927 5929 0.00038778
5930 5929 0.00038778
5974 5929 0.00038778
4165 5930 0.0009318
4166 5930 0.0009318
5929 5930 0.0009318
5972 5930 0.0009318
3133 5954 0.00043897
5955 5954 0.00043897
6394 5954 0.00043897
5954 5955 0.00041971
6370 5955 0.00041971
6388 5955 0.00041971
7111 5955 0.00041971
3117 5956 0.0047959
5957 5956 0.0047959
6368 5956 0.0047959
6369 5956 0.0047959
5956 5957 0.00303
6386 5957 0.00303
6387 5957 0.00303
5677 5963 0.0015004
5678 5963 0.0015004
5962 5963 0.0015004
3103 5964 0.0010808
3106 5964 0.0010808
5965 5964 0.0010808
4165 5971 0.00017305
4166 5971 0.00017305
5929 5971 0.00017305
5972 5971 0.00017305
2331 5972 0.00091088
4196 5972 0.00091088
5971 5972 0.00091088
7256 5972 0.00091088
5927 5973 0.00058229
5930 5973 0.00058229
5974 5973 0.00058229
5921 5974 0.00036877
5924 5974 0.00036877
5973 5974 0.00036877
5925 5975 0.00090536
5976 5975 0.00090536
5979 5975 0.00090536
2330 5976 0.0024527
2333 5976 0.0024527
5975 5976 0.0024527
5917 5977 0.0007353
5920 5977 0.0007353
5978 5977 0.0007353
2334 5978 0.036436
2337 5978 0.036436
5977 5978 0.036436
7152 5978 0.036436
4192 5979 0.0012233
5919 5979 0.0012233
5980 5979 0.0012233
5925 5980 0.0012395
5976 5980 0.0012395
5979 5980 0.0012395
2349 5985 0.00014037
5903 5985 0.00014037
5986 5985 0.00014037
7105 5985 0.00014037
3319 5986 0.0027254
5985 5986 0.0027254
7093 5986 0.0027254
7095 5986 0.0027254
3907 6227 0.00022402
4019 6227 0.00022402
6228 6227 0.00022402
6358 6227 0.00022402
548 6229 0.00015166
6226 6229 0.00015166
6227 6229 0.00015166
6230 6229 0.00015166
6229 6230 0.00016841
6979 6230 0.00016841
7063 6230 0.00016841
2071 6237 0.00024012
6238 6237 0.00024012
6239 6237 0.00024012
996 6238 0.00035356
3119 6238 0.00035356
4790 6238 0.00035356
6237 6238 0.00035356
4789 6239 0.00087993
6240 6239 0.00087993
6365 6239 0.00087993
995 6358 0.00012114
6359 6358 0.00012114
6360 6358 0.00012114
3907 6359 0.00010709
4019 6359 0.00010709
6228 6359 0.00010709
6358 6359 0.00010709
2364 6365 0.0016652
2367 6365 0.0016652
6366 6365 0.0016652
6367 6365 0.0016652
4789 6366 0.00013417
6240 6366 0.00013417
6365 6366 0.00013417
3117 6367 0.011396
5957 6367 0.011396
6368 6367 0.011396
6369 6367 0.011396
2364 6368 0.00072529
2367 6368 0.00072529
6366 6368 0.00072529
6367 6368 0.00072529
5954 6369 0.014466
6370 6369 0.014466
6388 6369 0.014466
7111 6369 0.014466
3117 6370 0.0018094
5957 6370 0.0018094
6368 6370 0.0018094
6369 6370 0.0018094
3140 6371 0.00010979
6372 6371 0.00010979
6373 6371 0.00010979
6407 6371 0.00010979
5956 6385 0.027026
6386 6385 0.027026
6387 6385 0.027026
5670 6386 0.0003242
6385 6386 0.0003242
7085 6386 0.0003242
5954 6387 0.025302
6370 6387 0.025302
6388 6387 0.025302
7111 6387 0.025302
5956 6388 0.00036578
6386 6388 0.00036578
6387 6388 0.00036578
3118 6389 0.00019296
6390 6389 0.00019296
6391 6389 0.00019296
3908 6391 0.00027367
6392 6391 0.00027367
6393 6391 0.00027367
3118 6392 0.00036726
6390 6392 0.00036726
6391 6392 0.00036726
3133 6393 0.00030743
5955 6393 0.00030743
6394 6393 0.00030743
3908 6394 0.00034243
6392 6394 0.00034243
6393 6394 0.00034243
6111 6395 0.00023059
6396 6395 0.00023059
6397 6395 0.00023059
6406 6395 0.00023059
3147 6397 0.0001494
5951 6397 0.0001494
6398 6397 0.0001494
6399 6397 0.0001494
3909 6399 0.00010432
6113 6399 0.00010432
6400 6399 0.00010432
6401 6399 0.00010432
5950 6406 0.00011358
6389 6406 0.00011358
6405 6406 0.00011358
4191 6468 0.22703
4666 6468 0.22703
6469 6468 0.22703
2336 6469 0.9612
2339 6469 0.9612
4709 6469 0.9612
88 6569 0.00014944
90 6569 0.00014944
773 6569 0.00014944
6568 6569 0.00014944
1574 6570 0.01333
1577 6570 0.01333
6571 6570 0.01333
404 6571 0.0031164
405 6571 0.0031164
6570 6571 0.0031164
6573 6571 0.0031164
404 6572 0.0015947
405 6572 0.0015947
6570 6572 0.0015947
6573 6572 0.0015947
1580 6573 0.000829
1583 6573 0.000829
6572 6573 0.000829
6575 6573 0.000829
1580 6574 0.00024609
1583 6574 0.00024609
6572 6574 0.00024609
6575 6574 0.00024609
946 6706 0.00028244
6707 6706 0.00028244
4215 6724 0.00029436
6725 6724 0.00029436
4218 6725 0.00016006
6706 6725 0.00016006
6724 6725 0.00016006
4217 6726 0.00044366
6727 6726 0.00044366
6880 6737 0.98198
5085 6873 0.00022865
5267 6873 0.00022865
6873 6874 0.00022865
5093 6875 0.00024574
6875 6876 0.00024574
5090 6877 0.88759
433 6880 0.98198
5669 6880 0.98198
4224 6893 0.00010612
4225 6893 0.00010612
6894 6893 0.00010612
6895 6896 0.00011143
7017 6896 0.00011143
7084 6896 0.00011143
6969 6971 0.00031481
6972 6971 0.00031481
6975 6971 0.00031481
7066 6971 0.00031481
6971 6972 0.00010742
6974 6972 0.00010742
7064 6972 0.00010742
6971 6973 0.00048259
6974 6973 0.00048259
7064 6973 0.00048259
6973 6974 0.00010375
6976 6974 0.00010375
6978 6974 0.00010375
6973 6975 0.0003954
6976 6975 0.0003954
6978 6975 0.0003954
6969 6976 0.000184
6972 6976 0.000184
6975 6976 0.000184
7066 6976 0.000184
6973 6977 0.00052134
6976 6977 0.00052134
6978 6977 0.00052134
3320 6978 0.0003539
6977 6978 0.0003539
7096 6978 0.0003539
6980 6979 0.00026427
7065 6979 0.00026427
7098 6979 0.00026427
6982 6981 0.00043339
6984 6981 0.00043339
6986 6981 0.00043339
6982 6983 0.00025703
6984 6983 0.00025703
6986 6983 0.00025703
3318 6984 0.00075366
6983 6984 0.00075366
7092 6984 0.00075366
6982 6985 0.00049421
6984 6985 0.00049421
6986 6985 0.00049421
6985 6986 0.00034987
6988 6986 0.00034987
6989 6986 0.00034987
6985 6987 0.00078365
6988 6987 0.00078365
6989 6987 0.00078365
6987 6988 0.00028701
6992 6988 0.00028701
6994 6988 0.00028701
6981 6989 0.00043339
6990 6989 0.00043339
6987 6991 0.00084555
6992 6991 0.00084555
6994 6991 0.00084555
6991 6992 0.00014209
6995 6992 0.00014209
7000 6992 0.00014209
6987 6993 0.00048301
6992 6993 0.00048301
6994 6993 0.00048301
6993 6994 0.00068983
6996 6994 0.00068983
6998 6994 0.00068983
7001 6994 0.00068983
6993 6995 0.00038926
6996 6995 0.00038926
6998 6995 0.00038926
7001 6995 0.00038926
6991 6996 0.00076046
6995 6996 0.00076046
7000 6996 0.00076046
6993 6997 0.0011347
6996 6997 0.0011347
6998 6997 0.0011347
7001 6997 0.0011347
6997 6998 0.00063807
7090 6998 0.00063807
7091 6998 0.00063807
6991 6999 0.00040139
6995 6999 0.00040139
7000 6999 0.00040139
6999 7001 0.00040139
7002 7001 0.00040139
7004 7001 0.00040139
2366 7005 0.0068032
7006 7005 0.0068032
7086 7005 0.0068032
3316 7006 0.0057709
7005 7006 0.0057709
7008 7006 0.0057709
7088 7006 0.0057709
7021 7020 0.00077746
7023 7020 0.00077746
7025 7020 0.00077746
7036 7020 0.00077746
7020 7021 0.00054191
7032 7021 0.00054191
7035 7021 0.00054191
7021 7022 0.00060487
7023 7022 0.00060487
7025 7022 0.00060487
7036 7022 0.00060487
7022 7023 0.00031733
7029 7023 0.00031733
7031 7023 0.00031733
7033 7023 0.00031733
7021 7024 0.00084494
7023 7024 0.00084494
7025 7024 0.00084494
7036 7024 0.00084494
7024 7025 0.00081454
7027 7025 0.00081454
7077 7025 0.00081454
7080 7025 0.00081454
1230 7031 0.00075058
7030 7031 0.00075058
7078 7031 0.00075058
7022 7032 0.0010598
7029 7032 0.0010598
7031 7032 0.0010598
7033 7032 0.0010598
7020 7034 0.0013545
7032 7034 0.0013545
7035 7034 0.0013545
7034 7035 0.00015094
7037 7035 0.00015094
7039 7035 0.00015094
7034 7036 0.00099581
7037 7036 0.00099581
7039 7036 0.00099581
7021 7037 0.00044232
7023 7037 0.00044232
7025 7037 0.00044232
7036 7037 0.00044232
7034 7038 0.0011505
7037 7038 0.0011505
7039 7038 0.0011505
7038 7039 0.00050043
7041 7039 0.00050043
7043 7039 0.00050043
7038 7040 0.0011474
7041 7040 0.0011474
7043 7040 0.0011474
1227 7041 0.00050958
7040 7041 0.00050958
7075 7041 0.00050958
7079 7041 0.00050958
6229 7064 0.00026311
6979 7064 0.00026311
7063 7064 0.00026311
6969 7065 0.00017508
6972 7065 0.00017508
6975 7065 0.00017508
7066 7065 0.00017508
6980 7066 0.00017107
7065 7066 0.00017107
7098 7066 0.00017107
4227 7074 0.00010623
5937 7074 0.00010623
7073 7074 0.00010623
1227 7076 0.0053913
7040 7076 0.0053913
7075 7076 0.0053913
7079 7076 0.0053913
7024 7078 0.00075058
7027 7078 0.00075058
7077 7078 0.00075058
7080 7078 0.00075058
7024 7079 0.00059848
7027 7079 0.00059848
7077 7079 0.00059848
7080 7079 0.00059848
1227 7080 0.0012131
7040 7080 0.0012131
7075 7080 0.0012131
7079 7080 0.0012131
3790 7084 0.00014152
3794 7084 0.00014152
7083 7084 0.00014152
2366 7085 0.013748
7006 7085 0.013748
7086 7085 0.013748
5670 7086 0.0054731
6385 7086 0.0054731
7085 7086 0.0054731
3316 7087 0.00051815
7005 7087 0.00051815
7008 7087 0.00051815
7088 7087 0.00051815
2351 7088 0.015895
4656 7088 0.015895
7014 7088 0.015895
7087 7088 0.015895
6997 7089 0.0011769
7090 7089 0.0011769
7091 7089 0.0011769
3317 7090 0.0021591
5238 7090 0.0021591
7089 7090 0.0021591
3318 7091 0.00043461
6983 7091 0.00043461
7092 7091 0.00043461
6997 7092 0.0019134
7090 7092 0.0019134
7091 7092 0.0019134
547 7093 0.0016538
2073 7093 0.0016538
7094 7093 0.0016538
3320 7095 0.00053801
6977 7095 0.00053801
7096 7095 0.00053801
3319 7096 0.00056169
5985 7096 0.00056169
7093 7096 0.00056169
7095 7096 0.00056169
3321 7098 0.00025052
3322 7098 0.00025052
7097 7098 0.00025052
5837 7111 0.039012
6927 7111 0.039012
7069 7111 0.039012
7112 7111 0.039012
5954 7112 0.0014383
6370 7112 0.0014383
6388 7112 0.0014383
7111 7112 0.0014383
1576 7148 0.98974
7149 7148 0.98974
3090 7151 0.073269
5675 7151 0.073269
5676 7151 0.073269
7150 7151 0.073269
6726 7152 0.00044366
7153 7152 0.00044366
5241 7219 0.0001992
5738 7219 0.0001992
7218 7219 0.0001992
7222 7224 1
7225 7224 1
942 7253 0.0018055
945 7253 0.0018055
5898 7253 0.0018055
7252 7253 0.0018055
2329 7255 0.00087774
5896 7255 0.00087774
7254 7255 0.00087774
7258 7255 0.00087774
2328 7256 0.0010287
7257 7256 0.0010287
2279 7272 0.014297
5674 7272 0.014297
7273 7272 0.014297
7272 7273 0.012802
7274 7273 0.012802
1127 7274 0.92372
3095 7274 0.92372
3098 7274 0.92372
