643 642 0.00035563
4278 642 0.00035563
4279 642 0.00035563
642 643 0.12399
4256 643 0.12399
4257 643 0.12399
695 694 0.0059178
697 694 0.0059178
2741 694 0.0059178
694 695 0.059841
2019 695 0.059841
5296 695 0.059841
5302 695 0.059841
695 696 0.0016922
697 696 0.0016922
2741 696 0.0016922
696 697 0.13901
701 697 0.13901
5299 697 0.13901
699 698 0.017366
2018 698 0.017366
5301 698 0.017366
698 699 0.021519
5297 699 0.021519
5300 699 0.021519
696 700 0.010215
701 700 0.010215
5299 700 0.010215
700 701 0.20145
4280 701 0.20145
4281 701 0.20145
703 702 0.032264
4303 702 0.032264
5289 702 0.032264
705 704 0.002601
707 704 0.002601
5283 704 0.002601
704 705 0.00043124
5272 705 0.00043124
5275 705 0.00043124
705 706 0.00043124
707 706 0.00043124
5283 706 0.00043124
706 707 0.002601
5273 707 0.002601
6670 707 0.002601
709 708 0.43945
711 708 0.43945
2739 708 0.43945
708 709 0.0067151
4277 709 0.0067151
4284 709 0.0067151
709 710 0.0067151
711 710 0.0067151
2739 710 0.0067151
710 711 0.43945
3026 711 0.43945
4273 711 0.43945
1158 1157 0.64538
1159 1157 0.64538
1166 1157 0.64538
1157 1158 0.00012834
1170 1158 0.00012834
1172 1158 0.00012834
1162 1161 0.00098741
1174 1161 0.00098741
6780 1161 0.00098741
1161 1162 0.024974
3036 1162 0.024974
1158 1165 0.00012834
1159 1165 0.00012834
1166 1165 0.00012834
1165 1166 0.64538
1175 1166 0.64538
1178 1166 0.64538
1157 1169 1
1170 1169 1
1172 1169 1
1157 1171 0.00058539
1170 1171 0.00058539
1172 1171 0.00058539
1171 1172 0.35533
6781 1172 0.35533
1162 1173 0.0018399
1174 1173 0.0018399
6780 1173 0.0018399
1173 1174 0.3326
1176 1174 0.3326
3035 1174 0.3326
1173 1175 0.00043255
1176 1175 0.00043255
3035 1175 0.00043255
1165 1176 0.35518
1175 1176 0.35518
1178 1176 0.35518
1177 1178 1
1180 1178 1
3850 1178 1
1179 1180 1
1182 1180 1
3852 1180 1
1181 1182 1
1184 1182 1
3854 1182 1
1183 1184 1
3856 1184 1
3876 1184 1
699 2017 0.015483
2018 2017 0.015483
5301 2017 0.015483
2017 2018 0.029811
5295 2018 0.029811
5298 2018 0.029811
676 2282 0.032258
2283 2282 0.032258
5276 2282 0.032258
2742 2741 0.0037275
4237 2741 0.0037275
4240 2741 0.0037275
695 2742 0.19497
697 2742 0.19497
2741 2742 0.19497
3025 3026 0.96776
3028 3026 0.96776
6782 3026 0.96776
3025 3027 0.033075
3028 3027 0.033075
6782 3027 0.033075
3027 3028 0.0008101
4268 3028 0.0008101
6674 3028 0.0008101
1161 3035 0.00098741
3036 3035 0.00098741
1173 3036 0.024974
1176 3036 0.024974
3035 3036 0.024974
3857 3856 1
3858 3856 1
3860 3856 1
702 4234 1
4233 4234 1
4236 4234 1
4235 4236 0.96774
4238 4236 0.96774
4483 4236 0.96774
2742 4238 0.96774
4237 4238 0.96774
4240 4238 0.96774
4239 4240 0.7765
4242 4240 0.7765
4481 4240 0.7765
4241 4242 0.7765
4252 4242 0.7765
6730 4242 0.7765
4245 4252 0.7765
4251 4252 0.7765
4282 4252 0.7765
4254 4253 0.0083834
4255 4253 0.0083834
4259 4253 0.0083834
4253 4254 0.10988
4276 4254 0.10988
4283 4254 0.10988
642 4255 0.00035563
4256 4255 0.00035563
4257 4255 0.00035563
4254 4256 0.12399
4255 4256 0.12399
4259 4256 0.12399
4260 4259 0.022424
4262 4259 0.022424
4254 4260 0.00028603
4255 4260 0.00028603
4259 4260 0.00028603
4260 4261 0.00028603
4262 4261 0.00028603
4261 4262 0.022424
4274 4262 0.022424
4275 4262 0.022424
668 4265 0.00031038
4266 4265 0.00031038
4271 4265 0.00031038
4265 4266 0.0013195
4270 4266 0.0013195
6672 4266 0.0013195
3027 4267 0.033075
4268 4267 0.033075
6674 4267 0.033075
4267 4268 0.0008101
4272 4268 0.0008101
5805 4268 0.0008101
4267 4271 0.00031038
4272 4271 0.00031038
5805 4271 0.00031038
668 4272 0.0013195
4266 4272 0.0013195
4271 4272 0.0013195
4261 4273 0.00066892
4274 4273 0.00066892
4275 4273 0.00066892
710 4274 0.53567
3026 4274 0.53567
4273 4274 0.53567
4253 4275 0.0018241
4276 4275 0.0018241
4283 4275 0.0018241
4261 4276 0.51468
4274 4276 0.51468
4275 4276 0.51468
643 4277 0.0069471
4278 4277 0.0069471
4279 4277 0.0069471
708 4278 0.85105
4277 4278 0.85105
4284 4278 0.85105
643 4280 0.96776
4278 4280 0.96776
4279 4280 0.96776
700 4282 0.7765
4280 4282 0.7765
4281 4282 0.7765
708 4283 0.020973
4277 4283 0.020973
4284 4283 0.020973
4253 4284 0.43234
4276 4284 0.43234
4283 4284 0.43234
4287 4288 1
4485 4288 1
4502 4288 1
787 4290 1
4288 4290 1
4289 4290 1
4292 4291 0.035991
4293 4291 0.035991
4290 4292 0.0045527
4291 4292 0.0045527
4295 4292 0.0045527
4294 4293 0.035991
4297 4293 0.035991
4292 4294 0.0045527
4293 4294 0.0045527
4296 4295 0.0045527
4298 4295 0.0045527
4290 4296 0.035991
4291 4296 0.035991
4295 4296 0.035991
4296 4297 0.035991
4298 4297 0.035991
4294 4298 0.0045527
4297 4298 0.0045527
3844 4455 1
4456 4455 1
4461 4455 1
1169 4457 1
3848 4457 1
4458 4457 1
3842 4459 1
4455 4459 1
4460 4459 1
656 4461 1
4457 4461 1
4462 4461 1
692 4502 1
4501 4502 1
4504 4502 1
658 4504 1
4234 4504 1
4503 4504 1
706 5272 0.030092
5273 5272 0.030092
6670 5272 0.030092
704 5274 0.032258
5272 5274 0.032258
5275 5274 0.032258
674 5276 0.032258
5274 5276 0.032258
5277 5276 0.032258
678 5285 0.032264
2282 5285 0.032264
5279 5285 0.032264
5286 5285 0.032264
4301 5287 0.032264
5285 5287 0.032264
5288 5287 0.032264
789 5289 0.032264
4299 5289 0.032264
5287 5289 0.032264
5290 5289 0.032264
694 5295 0.0028686
2019 5295 0.0028686
5296 5295 0.0028686
5302 5295 0.0028686
2017 5296 0.038311
5295 5296 0.038311
5298 5296 0.038311
2017 5297 0.0086381
5295 5297 0.0086381
5298 5297 0.0086381
698 5298 0.058409
5297 5298 0.058409
5300 5298 0.058409
698 5299 0.022285
5297 5299 0.022285
5300 5299 0.022285
696 5300 0.076209
701 5300 0.076209
5299 5300 0.076209
694 5301 0.0059422
2019 5301 0.0059422
5296 5301 0.0059422
5302 5301 0.0059422
699 5302 0.024423
2018 5302 0.024423
5301 5302 0.024423
4267 5804 0.033317
4272 5804 0.033317
5805 5804 0.033317
5804 6670 0.032264
6671 6670 0.032264
6676 6670 0.032264
715 6672 0.0013202
6673 6672 0.0013202
6677 6672 0.0013202
4265 6673 0.00030456
4270 6673 0.00030456
6672 6673 0.00030456
715 6676 0.00030456
6673 6676 0.00030456
6677 6676 0.00030456
5804 6677 0.0013202
6671 6677 0.0013202
6676 6677 0.0013202
1171 6780 0.00058539
6781 6780 0.00058539
1162 6781 0.35533
1174 6781 0.35533
6780 6781 0.35533
4459 6782 1
6783 6782 1
