2 1 0.00017844
1225 1 0.00017844
4679 1 0.00017844
1 2 0.0034932
2466 2 0.0034932
2630 2 0.0034932
87 88 0.00021098
3728 88 0.00021098
3729 88 0.00021098
91 92 0.00036155
3732 92 0.00036155
3733 92 0.00036155
98 97 0.00041911
3704 97 0.00041911
3705 97 0.00041911
97 98 0.00011574
412 98 0.00011574
6566 98 0.00011574
109 110 0.00015279
782 110 0.00015279
784 110 0.00015279
134 133 0.0001509
3708 133 0.0001509
3709 133 0.0001509
133 134 0.001022
3052 134 0.001022
310 309 0.0001638
2653 309 0.0001638
2655 309 0.0001638
97 411 0.00041911
412 411 0.00041911
6566 411 0.00041911
411 412 0.00011574
3734 412 0.00011574
3735 412 0.00011574
414 416 0.00024819
415 416 0.00024819
417 416 0.00024819
402 417 0.00022762
403 417 0.00022762
418 417 0.00022762
419 417 0.00022762
116 419 0.00015357
420 419 0.00015357
421 419 0.00015357
1584 419 0.00015357
428 427 0.0013118
429 427 0.0013118
3089 427 0.0013118
5680 427 0.0013118
427 428 0.0014156
431 428 0.0014156
3097 428 0.0014156
2279 431 0.00014554
5674 431 0.00014554
7273 431 0.00014554
427 432 0.00060104
431 432 0.00060104
3097 432 0.00060104
5835 433 0.80428
548 547 0.007979
6226 547 0.007979
6227 547 0.007979
6230 547 0.007979
547 548 0.0010532
2073 548 0.0010532
7094 548 0.0010532
554 553 0.00013733
1525 553 0.00013733
2824 553 0.00013733
596 597 0.99697
6222 597 0.99697
6224 597 0.99697
5260 723 0.29768
723 724 0.27903
6920 724 0.27903
88 774 0.00026447
90 774 0.00026447
773 774 0.00026447
6568 774 0.00026447
774 776 0.00026447
775 776 0.00026447
781 782 0.00015279
3700 782 0.00015279
3701 782 0.00015279
948 950 0.0010162
951 950 0.0010162
6355 950 0.0010162
950 951 0.00041003
6352 951 0.00041003
6353 951 0.00041003
6356 951 0.00041003
995 994 0.002295
6359 994 0.002295
6360 994 0.002295
994 995 0.0019152
997 995 0.0019152
2076 995 0.0019152
2077 995 0.0019152
994 996 0.0021075
997 996 0.0021075
2076 996 0.0021075
2077 996 0.0021075
996 997 0.0017478
3119 997 0.0017478
4790 997 0.0017478
6237 997 0.0017478
434 1126 0.00026133
5089 1126 0.00026133
432 1127 0.040797
5692 1127 0.040797
6874 1128 0.89086
5085 1129 0.0015
5267 1129 0.0015
1142 1141 0.0030627
5079 1141 0.0030627
6798 1141 0.0030627
2277 1225 0.34496
5109 1225 0.34496
1227 1226 0.00021884
7040 1226 0.00021884
7075 1226 0.00021884
7079 1226 0.00021884
1226 1227 0.048788
1536 1227 0.048788
4200 1227 0.048788
5462 1312 0.001941
6768 1312 0.001941
1332 1331 0.00011699
1405 1331 0.00011699
5061 1331 0.00011699
5124 1331 0.00011699
1331 1332 0.0034382
1414 1332 0.0034382
5110 1332 0.0034382
5111 1332 0.0034382
1406 1405 0.00011699
1812 1405 0.00011699
1864 1405 0.00011699
1332 1406 0.0034382
1405 1406 0.0034382
5061 1406 0.0034382
5124 1406 0.0034382
1524 1525 0.00013426
1968 1525 0.00013426
2820 1525 0.00013426
1528 1530 0.0013642
1531 1530 0.0013642
3303 1530 0.0013642
1530 1531 0.00035309
1533 1531 0.00035309
2850 1531 0.00035309
1530 1532 0.00012929
1533 1532 0.00012929
2850 1532 0.00012929
1537 1536 0.050868
4710 1536 0.050868
1566 1568 0.00020233
1569 1568 0.00020233
5716 1568 0.00020233
1568 1570 0.0068411
1571 1570 0.0068411
3699 1570 0.0068411
1570 1572 0.00098056
1573 1572 0.00098056
3092 1572 0.00098056
408 1574 0.00098056
1575 1574 0.00098056
7224 1574 0.00098056
1574 1576 0.0013491
1577 1576 0.0013491
6571 1576 0.0013491
1578 1580 0.00025394
1581 1580 0.00025394
4558 1580 0.00025394
1654 1653 0.0013727
2340 1653 0.0013727
2343 1653 0.0013727
1653 1654 0.00051827
7054 1654 0.00051827
7076 1654 0.00051827
1659 1660 0.015659
3213 1660 0.015659
4560 1660 0.015659
1662 1661 0.00037367
3657 1661 0.00037367
3660 1661 0.00037367
1661 1663 0.0002481
1664 1663 0.0002481
6204 1663 0.0002481
1663 1665 0.00022332
1666 1665 0.00022332
6183 1665 0.00022332
1665 1667 0.00022375
1668 1667 0.00022375
6198 1667 0.00022375
1670 1669 0.00031534
6171 1669 0.00031534
7226 1669 0.00031534
1669 1671 0.00031534
1672 1671 0.00031534
6169 1671 0.00031534
1671 1673 0.00076144
1674 1673 0.00076144
3202 1673 0.00076144
1676 1675 0.00044241
2854 1675 0.00044241
3661 1675 0.00044241
1283 1707 0.00012219
1708 1707 0.00012219
4653 1707 0.00012219
1808 1805 0.0029862
4680 1805 0.0029862
5101 1805 0.0029862
1808 1807 0.00010956
4680 1807 0.00010956
5101 1807 0.00010956
1807 1808 0.0010205
5115 1808 0.0010205
1308 1812 0.00021204
1813 1812 0.00021204
2735 1812 0.00021204
1406 1813 0.00093239
1812 1813 0.00093239
1864 1813 0.00093239
1826 1827 0.0022566
3149 1827 0.0022566
3152 1827 0.0022566
1853 1852 0.0002723
5060 1852 0.0002723
5618 1852 0.0002723
1852 1853 0.00039252
5604 1853 0.00039252
5607 1853 0.00039252
1406 1865 0.002684
1812 1865 0.002684
1864 1865 0.002684
1527 1968 0.00014466
1967 1968 0.00014466
2822 1968 0.00014466
1972 1971 0.00015868
3706 1971 0.00015868
3707 1971 0.00015868
3736 1971 0.00015868
1976 1975 0.038336
6155 1975 0.038336
6617 1975 0.038336
2072 2071 0.00072001
2074 2071 0.00072001
2075 2071 0.00072001
3906 2071 0.00072001
2071 2072 0.0026994
6238 2072 0.0026994
6239 2072 0.0026994
2072 2073 0.022566
2074 2073 0.022566
2075 2073 0.022566
3906 2073 0.022566
994 2075 0.013436
997 2075 0.013436
2076 2075 0.013436
2077 2075 0.013436
2072 2076 0.00065788
2074 2076 0.00065788
2075 2076 0.00065788
3906 2076 0.00065788
2078 2077 0.01372
2358 2077 0.01372
2361 2077 0.01372
6371 2077 0.01372
994 2078 0.00096177
997 2078 0.00096177
2076 2078 0.00096177
2077 2078 0.00096177
2135 2134 0.01114
2142 2134 0.01114
2400 2134 0.01114
2818 2134 0.01114
2134 2136 0.012688
2137 2136 0.012688
6215 2136 0.012688
2139 2138 0.013885
2140 2138 0.013885
3613 2138 0.013885
2143 2142 0.00037147
2404 2142 0.00037147
7285 2142 0.00037147
309 2144 0.00020639
2145 2144 0.00020639
5494 2144 0.00020639
724 2146 0.94294
2147 2146 0.94294
6794 2146 0.94294
2149 2148 0.66519
7287 2148 0.66519
2148 2149 0.0013204
6795 2149 0.0013204
2151 2150 0.96155
3649 2150 0.96155
3652 2150 0.96155
6823 2150 0.96155
549 2152 0.98568
2153 2152 0.98568
2864 2152 0.98568
6808 2152 0.98568
1312 2154 0.99963
2155 2154 0.99963
4673 2154 0.99963
2263 2265 0.00012324
2266 2265 0.00012324
3959 2265 0.00012324
2265 2267 0.00012219
2268 2267 0.00012219
3975 2267 0.00012219
1805 2277 0.0010204
2278 2277 0.0010204
4682 2277 0.0010204
2277 2278 0.65273
5109 2278 0.65273
2334 2336 0.00011173
2337 2336 0.00011173
5977 2336 0.00011173
7152 2336 0.00011173
2336 2338 0.0033149
2339 2338 0.0033149
4709 2338 0.0033149
2338 2340 0.0017792
2341 2340 0.0017792
4198 2340 0.0017792
1654 2341 0.00039559
2340 2341 0.00039559
2343 2341 0.00039559
1654 2342 0.00058944
2340 2342 0.00058944
2343 2342 0.00058944
2349 2348 0.036252
5903 2348 0.036252
5986 2348 0.036252
7105 2348 0.036252
2348 2349 0.00016455
5239 2349 0.00016455
5739 2349 0.00016455
2351 2350 0.0040719
4656 2350 0.0040719
7014 2350 0.0040719
7087 2350 0.0040719
2350 2351 0.0045911
5671 2351 0.0045911
5836 2351 0.0045911
2353 2352 0.023009
3337 2352 0.023009
2352 2354 0.02368
2355 2354 0.02368
5269 2354 0.02368
2354 2356 0.015298
2357 2356 0.015298
2356 2357 0.00012076
2359 2357 0.00012076
6362 2357 0.00012076
7160 2357 0.00012076
2356 2358 0.017065
2359 2358 0.017065
6362 2358 0.017065
7160 2358 0.017065
2078 2359 0.00015011
2358 2359 0.00015011
2361 2359 0.00015011
6371 2359 0.00015011
2078 2360 0.010544
2358 2360 0.010544
2361 2360 0.010544
6371 2360 0.010544
2360 2361 0.00033513
2363 2361 0.00033513
3120 2361 0.00033513
2360 2362 0.008923
2363 2362 0.008923
3120 2362 0.008923
2362 2363 0.00061564
2365 2363 0.00061564
6395 2363 0.00061564
2362 2364 0.010617
2365 2364 0.010617
6395 2364 0.010617
2364 2365 0.00037336
2367 2365 0.00037336
6366 2365 0.00037336
6367 2365 0.00037336
2364 2366 0.022201
2367 2366 0.022201
6366 2366 0.022201
6367 2366 0.022201
2366 2367 0.00096896
7006 2367 0.00096896
7086 2367 0.00096896
2135 2401 0.0011393
2142 2401 0.0011393
2400 2401 0.0011393
2818 2401 0.0011393
2401 2407 0.0011393
2402 2407 0.0011393
2406 2407 0.0011393
2444 2445 0.00012971
6160 2445 0.00012971
6161 2445 0.00012971
2467 2466 0.0034951
5614 2466 0.0034951
5617 2466 0.0034951
1 2467 0.00017073
2466 2467 0.00017073
2630 2467 0.00017073
2629 2628 0.99997
4681 2628 0.99997
5113 2628 0.99997
2648 2647 0.00037147
2649 2647 0.00037147
7140 2647 0.00037147
2650 2649 0.00016524
2651 2649 0.00016524
2654 2649 0.00016524
310 2654 0.00016524
2653 2654 0.00016524
2655 2654 0.00016524
1827 2655 0.00032759
2656 2655 0.00032759
4672 2655 0.00032759
2736 2735 0.00021204
5059 2735 0.00021204
5606 2735 0.00021204
5609 2735 0.00021204
1308 2736 0.00093239
1813 2736 0.00093239
2735 2736 0.00093239
2817 2816 0.0001457
6594 2816 0.0001457
2138 2817 0.0021459
2816 2817 0.0021459
2819 2817 0.0021459
2138 2818 0.011886
2816 2818 0.011886
2819 2818 0.011886
1969 2822 0.00015868
1971 2822 0.00015868
2823 2822 0.00015868
1530 2849 0.0014044
1533 2849 0.0014044
2850 2849 0.0014044
600 2850 0.00043846
2849 2850 0.00043846
3344 2850 0.00043846
3345 2850 0.00043846
1676 2853 0.0080088
2854 2853 0.0080088
3661 2853 0.0080088
2136 2854 0.00016497
2853 2854 0.00016497
3220 2854 0.00016497
6166 2854 0.00016497
549 2863 0.013885
2153 2863 0.013885
2864 2863 0.013885
6808 2863 0.013885
133 3051 0.0001509
3052 3051 0.0001509
3051 3052 0.001022
3710 3052 0.001022
3711 3052 0.001022
3054 3053 0.00055518
3685 3053 0.00055518
3085 3086 0.0038149
3088 3086 0.0038149
5398 3086 0.0038149
3087 3088 0.0037907
7151 3088 0.0037907
428 3090 0.0041673
429 3090 0.0041673
3089 3090 0.0041673
5680 3090 0.0041673
1570 3091 0.0059526
1573 3091 0.0059526
3092 3091 0.0059526
416 3095 0.0015862
3096 3095 0.0015862
7148 3095 0.0015862
1127 3097 0.0016061
3095 3097 0.0016061
3098 3097 0.0016061
427 3098 0.0010469
431 3098 0.0010469
3097 3098 0.0010469
3107 3109 0.00047442
3110 3109 0.00047442
3309 3109 0.00047442
3310 3109 0.00047442
3109 3111 0.00064587
3112 3111 0.00064587
3313 3111 0.00064587
3314 3111 0.00064587
3111 3113 0.00049164
3114 3113 0.00049164
6382 3113 0.00049164
6383 3113 0.00049164
3113 3115 0.00029808
3116 3115 0.00029808
6106 3115 0.00029808
3118 3117 0.00097319
6390 3117 0.00097319
6391 3117 0.00097319
3117 3118 0.00050387
5957 3118 0.00050387
6368 3118 0.00050387
6369 3118 0.00050387
2360 3119 0.0030979
2363 3119 0.0030979
3120 3119 0.0030979
996 3120 0.0011963
3119 3120 0.0011963
4790 3120 0.0011963
6237 3120 0.0011963
3122 3121 0.00010371
5270 3121 0.00010371
6233 3121 0.00010371
3121 3122 0.010072
3328 3122 0.010072
3329 3122 0.010072
3124 3123 0.0050149
3307 3123 0.0050149
3308 3123 0.0050149
3637 3123 0.0050149
3123 3124 0.00011919
3126 3124 0.00011919
3312 3124 0.00011919
3123 3125 0.0047647
3126 3125 0.0047647
3312 3125 0.0047647
3125 3127 0.0044066
3128 3127 0.0044066
5949 3127 0.0044066
3127 3129 0.0034189
3130 3129 0.0034189
6380 3129 0.0034189
6381 3129 0.0034189
3129 3131 0.002976
3132 3131 0.002976
6105 3131 0.002976
6108 3131 0.002976
3131 3133 0.0029143
3134 3133 0.0029143
6402 3133 0.0029143
6403 3133 0.0029143
3133 3134 0.00011037
5955 3134 0.00011037
6394 3134 0.00011037
3136 3135 0.00091486
3305 3135 0.00091486
3306 3135 0.00091486
3135 3136 0.00015877
5948 3136 0.00015877
5953 3136 0.00015877
3138 3137 0.00019265
5832 3137 0.00019265
6422 3137 0.00019265
3137 3138 0.0075015
3302 3138 0.0075015
3338 3138 0.0075015
3140 3139 0.00075557
6372 3139 0.00075557
6373 3139 0.00075557
6407 3139 0.00075557
3139 3140 0.00051903
3910 3140 0.00051903
6112 3140 0.00051903
3142 3141 0.0015639
6414 3141 0.0015639
6415 3141 0.0015639
3141 3143 0.001406
3144 3143 0.001406
4787 3143 0.001406
3143 3144 0.0001783
3146 3144 0.0001783
6374 3144 0.0001783
6375 3144 0.0001783
3143 3145 0.0011692
3146 3145 0.0011692
6374 3145 0.0011692
6375 3145 0.0011692
3145 3146 0.0001896
3148 3146 0.0001896
3911 3146 0.0001896
6109 3146 0.0001896
3145 3147 0.00095146
3148 3147 0.00095146
3911 3147 0.00095146
6109 3147 0.00095146
3147 3148 0.00010756
5951 3148 0.00010756
6398 3148 0.00010756
6399 3148 0.00010756
3150 3149 0.0023003
4674 3149 0.0023003
7178 3149 0.0023003
1675 3202 0.0004472
3203 3202 0.0004472
6201 3202 0.0004472
1673 3204 0.00076144
3205 3204 0.00076144
6167 3204 0.00076144
3207 3206 0.00037359
4559 3206 0.00037359
4562 3206 0.00037359
3209 3208 0.00011123
3211 3208 0.00011123
4561 3208 0.00011123
3212 3213 0.016153
3651 3213 0.016153
3654 3213 0.016153
3215 3214 0.0001072
5729 3214 0.0001072
6614 3214 0.0001072
3221 3220 0.000705
6081 3220 0.000705
6213 3220 0.000705
6592 3220 0.000705
2136 3221 0.00072555
2853 3221 0.00072555
3220 3221 0.00072555
6166 3221 0.00072555
1528 3302 0.00035309
1531 3302 0.00035309
3303 3302 0.00035309
3137 3303 0.0013642
3302 3303 0.0013642
3338 3303 0.0013642
3136 3304 0.0010832
3305 3304 0.0010832
3306 3304 0.0010832
3304 3305 0.00036324
6420 3305 0.00036324
6421 3305 0.00036324
3124 3306 0.0017366
3307 3306 0.0017366
3308 3306 0.0017366
3637 3306 0.0017366
3136 3307 0.00026054
3305 3307 0.00026054
3306 3307 0.00026054
3124 3309 0.00047442
3307 3309 0.00047442
3308 3309 0.00047442
3637 3309 0.00047442
3109 3312 0.00015597
3112 3312 0.00015597
3313 3312 0.00015597
3314 3312 0.00015597
3123 3313 0.00033712
3126 3313 0.00033712
3312 3313 0.00033712
3317 3316 0.00014328
5238 3316 0.00014328
7089 3316 0.00014328
3316 3317 0.011679
7005 3317 0.011679
7008 3317 0.011679
7088 3317 0.011679
3319 3318 0.013232
5985 3318 0.013232
7093 3318 0.013232
7095 3318 0.013232
3318 3319 0.00073733
6983 3319 0.00073733
7092 3319 0.00073733
3321 3320 0.014893
3322 3320 0.014893
7097 3320 0.014893
3320 3321 0.0026328
6977 3321 0.0026328
7096 3321 0.0026328
3323 3322 0.016639
3324 3322 0.016639
7103 3322 0.016639
3321 3323 0.00054458
3322 3323 0.00054458
7097 3323 0.00054458
3325 3324 0.015876
3326 3324 0.015876
7099 3324 0.015876
3323 3325 0.0010382
3324 3325 0.0010382
7103 3325 0.0010382
2753 3326 0.01818
3327 3326 0.01818
5237 3326 0.01818
2353 3328 0.029647
3337 3328 0.029647
3331 3332 0.00040381
5827 3332 0.00040381
5829 3332 0.00040381
3332 3333 0.00040381
3334 3333 0.00040381
3333 3335 0.00037899
3336 3335 0.00037899
6225 3335 0.00037899
3335 3336 0.002056
5823 3336 0.002056
5831 3336 0.002056
6967 3336 0.002056
3137 3337 0.052627
3302 3337 0.052627
3338 3337 0.052627
3343 3338 0.060947
3639 3338 0.060947
3962 3338 0.060947
1532 3340 0.00012929
2851 3340 0.00012929
3339 3340 0.00012929
3340 3341 0.00012929
3342 3341 0.00012929
3960 3341 0.00012929
600 3343 0.0020985
2849 3343 0.0020985
3344 3343 0.0020985
3345 3343 0.0020985
3343 3344 0.00047646
3639 3344 0.00047646
3962 3344 0.00047646
3341 3345 0.00071936
3346 3345 0.00071936
4684 3345 0.00071936
73 3347 0.00060529
3348 3347 0.00060529
3349 3347 0.00060529
3350 3349 0.00060529
3351 3349 0.00060529
3363 3349 0.00060529
3352 3351 0.0005654
3366 3351 0.0005654
3691 3351 0.0005654
2828 3611 0.013885
2863 3611 0.013885
3612 3611 0.013885
2830 3613 0.013885
3611 3613 0.013885
3614 3613 0.013885
3638 3637 0.007058
3640 3637 0.007058
5268 3637 0.007058
3124 3638 0.00022577
3307 3638 0.00022577
3308 3638 0.00022577
3637 3638 0.00022577
3343 3640 0.03888
3639 3640 0.03888
3962 3640 0.03888
2151 3651 0.024639
3649 3651 0.024639
3652 3651 0.024639
6823 3651 0.024639
3212 3652 0.0004623
3651 3652 0.0004623
3654 3652 0.0004623
3212 3653 0.0086732
3651 3653 0.0086732
3654 3653 0.0086732
3653 3654 0.00060768
3656 3654 0.00060768
6210 3654 0.00060768
3653 3655 0.0070932
3656 3655 0.0070932
6210 3655 0.0070932
3655 3656 0.00070299
3658 3656 0.00070299
6205 3656 0.00070299
3655 3657 0.00823
3658 3657 0.00823
6205 3657 0.00823
1662 3658 0.00016447
3657 3658 0.00016447
3660 3658 0.00016447
1662 3659 0.0079241
3657 3659 0.0079241
3660 3659 0.0079241
3659 3660 0.00018158
3662 3660 0.00018158
6218 3660 0.00018158
3659 3661 0.0082857
3662 3661 0.0082857
6218 3661 0.0082857
3668 3667 0.0001055
3669 3667 0.0001055
6478 3667 0.0001055
3053 3681 0.00021382
3682 3681 0.00021382
3683 3681 0.00021382
3684 3683 0.00024084
3686 3683 0.00024084
3687 3683 0.00024084
3053 3684 0.00058084
3682 3684 0.00058084
3683 3684 0.00058084
3684 3685 0.00055518
3686 3685 0.00055518
3687 3685 0.00055518
3688 3687 0.00074895
3714 3687 0.00074895
3715 3687 0.00074895
3684 3688 0.00060408
3686 3688 0.00060408
3687 3688 0.00060408
3370 3691 0.00053678
3692 3691 0.00053678
3693 3691 0.00053678
3694 3693 0.00051326
3695 3693 0.00051326
6563 3693 0.00051326
3674 3695 0.00050152
3696 3695 0.00050152
3697 3695 0.00050152
3642 3697 0.00047179
3698 3697 0.00047179
3716 3697 0.00047179
781 3699 0.0066433
3700 3699 0.0066433
3701 3699 0.0066433
553 3701 0.0067507
3702 3701 0.0067507
3703 3701 0.0067507
98 3703 0.006697
3704 3703 0.006697
3705 3703 0.006697
1972 3705 0.0070036
3706 3705 0.0070036
3707 3705 0.0070036
3736 3705 0.0070036
134 3707 0.0074899
3708 3707 0.0074899
3709 3707 0.0074899
3051 3709 0.0070364
3710 3709 0.0070364
3711 3709 0.0070364
134 3710 0.00046044
3708 3710 0.00046044
3709 3710 0.00046044
2146 3711 0.0079959
3712 3711 0.0079959
4663 3711 0.0079959
7113 3711 0.0079959
3051 3712 0.00054884
3710 3712 0.00054884
3711 3712 0.00054884
3688 3713 0.00062393
3714 3713 0.00062393
3715 3713 0.00062393
3713 3714 0.0012045
6921 3714 0.0012045
7114 3714 0.0012045
3688 3716 0.00045704
3714 3716 0.00045704
3715 3716 0.00045704
373 3729 0.00026273
3730 3729 0.00026273
3731 3729 0.00026273
91 3731 0.00026376
3732 3731 0.00026376
3733 3731 0.00026376
411 3733 0.0006101
3734 3733 0.0006101
3735 3733 0.0006101
1972 3735 0.00065985
3706 3735 0.00065985
3707 3735 0.00065985
3736 3735 0.00065985
411 3736 0.00035547
3734 3736 0.00035547
3735 3736 0.00035547
4199 3791 0.95029
5395 3791 0.95029
5396 3792 0.00028895
5397 3792 0.00028895
3791 3793 0.9501
3793 3794 0.95001
5993 3794 0.95001
7115 3794 0.95001
3907 3906 0.0094044
4019 3906 0.0094044
6228 3906 0.0094044
6358 3906 0.0094044
2072 3907 0.0016902
2074 3907 0.0016902
2075 3907 0.0016902
3906 3907 0.0016902
3909 3908 0.00036713
6113 3908 0.00036713
6400 3908 0.00036713
6401 3908 0.00036713
3908 3909 0.00017359
6392 3909 0.00017359
6393 3909 0.00017359
3145 3910 0.000662
3148 3910 0.000662
3911 3910 0.000662
6109 3910 0.000662
3139 3911 0.0001361
3910 3911 0.0001361
6112 3911 0.0001361
3951 3950 0.001103
6079 3950 0.001103
6082 3950 0.001103
4686 3959 0.00012219
4685 3962 0.098153
5086 3962 0.098153
1129 3964 0.0002405
3963 3964 0.0002405
4020 4019 0.014632
6232 4019 0.014632
6351 4019 0.014632
3907 4020 0.00019012
4019 4020 0.00019012
6228 4020 0.00019012
6358 4020 0.00019012
7116 4199 0.0042362
2338 4200 0.0019433
2341 4200 0.0019433
4198 4200 0.0019433
4224 4223 0.00058967
4225 4223 0.00058967
6894 4223 0.00058967
4227 4228 0.00058973
5937 4228 0.00058973
7073 4228 0.00058973
92 4558 0.00025394
4557 4558 0.00025394
6569 4558 0.00025394
1659 4559 0.00053568
3213 4559 0.00053568
4560 4559 0.00053568
3207 4561 0.00017255
4559 4561 0.00017255
4562 4561 0.00017255
2267 4653 0.00012219
4652 4653 0.00012219
4657 4656 0.003868
5663 4656 0.003868
5665 4656 0.003868
6737 4659 0.93882
2146 4662 0.95351
3712 4662 0.95351
4663 4662 0.95351
7113 4662 0.95351
1827 4671 0.0019314
2656 4671 0.0019314
4672 4671 0.0019314
3150 4673 0.99769
4674 4673 0.99769
7178 4673 0.99769
1808 4679 0.00029115
4680 4679 0.00029115
5101 4679 0.00029115
2 4680 0.0023663
1225 4680 0.0023663
4679 4680 0.0023663
1805 4681 0.6552
2278 4681 0.6552
4682 4681 0.6552
2629 4682 0.00049873
4681 4682 0.00049873
5113 4682 0.00049873
3347 4684 0.00061244
3354 4684 0.00061244
4683 4684 0.00061244
6742 4685 0.00012219
6743 4686 0.00012219
1537 4709 0.0032281
4710 4709 0.0032281
5063 4710 0.05409
1685 4784 0.00029465
4783 4784 0.00029465
6151 4784 0.00029465
6154 4784 0.00029465
4788 4787 0.00024612
6408 4787 0.00024612
6409 4787 0.00024612
3141 4788 0.00052122
3144 4788 0.00052122
4787 4788 0.00052122
996 4789 0.0014595
3119 4789 0.0014595
4790 4789 0.0014595
6237 4789 0.0014595
4789 4790 0.00086565
6240 4790 0.00086565
6365 4790 0.00086565
4855 4853 0.0091951
5587 4853 0.0091951
4855 4854 0.0052874
5587 4854 0.0052874
4864 4856 0.20683
6887 4856 0.20683
4853 4858 1.0092
4857 4858 1.0092
4860 4858 1.0092
4859 4860 1
4862 4860 1
5586 4860 1
4859 4861 0.00095478
4862 4861 0.00095478
5586 4861 0.00095478
4861 4862 0.79413
6888 4862 0.79413
4863 4864 1
4866 4864 1
4865 4866 1.0091
4867 4866 1.0091
4898 4866 1.0091
4871 4867 0.014873
4880 4867 0.014873
4869 4868 0.1502
4879 4868 0.1502
4896 4869 0.15596
4899 4869 0.15596
4871 4870 0.00071778
4880 4870 0.00071778
4870 4871 0.0064865
4872 4871 0.0064865
4875 4871 0.0064865
4870 4874 0.00071778
4872 4874 0.00071778
4875 4874 0.00071778
4874 4875 0.0064865
4877 4875 0.0064865
4878 4875 0.0064865
4869 4878 0.0064865
4879 4878 0.0064865
4874 4879 0.00071778
4877 4879 0.00071778
4878 4879 0.00071778
4863 4880 0.009104
4866 4880 0.009104
4905 4881 0.10444
4908 4881 0.10444
4902 4882 0.0073997
7176 4882 0.0073997
4882 4883 0.016139
4887 4883 0.016139
4881 4884 0.095702
4886 4884 0.095702
4881 4885 0.0091941
4886 4885 0.0091941
4885 4886 0.00045447
4889 4886 0.00045447
4892 4886 0.00045447
4888 4887 0.0091941
4891 4887 0.0091941
4894 4887 0.0091941
4882 4888 0.00045447
4887 4888 0.00045447
4885 4891 0.0091941
4889 4891 0.0091941
4892 4891 0.0091941
4888 4892 0.00045447
4891 4892 0.00045447
4894 4892 0.00045447
4895 4896 1
7175 4896 1
4865 4897 0.00021636
4867 4897 0.00021636
4898 4897 0.00021636
4868 4898 0.99445
4897 4898 0.99445
4900 4898 0.99445
4868 4899 0.0012239
4897 4899 0.0012239
4900 4899 0.0012239
4896 4900 0.84526
4899 4900 0.84526
4883 4902 1.0074
4901 4902 1.0074
4904 4902 1.0074
4884 4904 0.99132
4903 4904 0.99132
4906 4904 0.99132
4884 4905 0.00041788
4903 4905 0.00041788
4906 4905 0.00041788
4905 4906 0.89598
4908 4906 0.89598
4907 4908 1
6890 4908 1
4911 4912 1
1853 5059 0.00011543
5060 5059 0.00011543
5618 5059 0.00011543
2736 5060 0.00080891
5059 5060 0.00080891
5606 5060 0.00080891
5609 5060 0.00080891
5064 5063 1.0001
5240 5063 1.0001
4659 5064 0.93911
5065 5064 0.93911
3792 5065 0.00028887
5114 5069 0.0010412
5116 5069 0.0010412
1139 5076 0.0029919
5077 5076 0.0029919
5126 5076 0.0029919
6223 5076 0.0029919
4685 5085 0.85687
5086 5085 0.85687
5087 5086 0.9549
5271 5086 0.9549
1129 5087 0.00127
3963 5087 0.00127
7272 5088 0.042018
7274 5088 0.042018
5090 5089 0.00025949
5091 5090 0.89682
5838 5090 0.89682
1128 5091 0.93307
5092 5091 0.93307
5093 5092 0.042209
5088 5093 0.04222
5094 5093 0.04222
1126 5094 0.00020134
1331 5109 0.99668
1414 5109 0.99668
5110 5109 0.99668
5111 5109 0.99668
597 5111 0.99999
1141 5111 0.99999
5112 5111 0.99999
5128 5111 0.99999
2 5113 0.3462
1225 5113 0.3462
4679 5113 0.3462
2629 5114 0.00093158
4681 5114 0.00093158
5113 5114 0.00093158
5069 5115 0.001034
1807 5116 0.00012303
5115 5116 0.00012303
4854 5126 0.0052874
5127 5126 0.0052874
3121 5237 0.019679
3328 5237 0.019679
3329 5237 0.019679
3317 5239 0.02413
5238 5239 0.02413
7089 5239 0.02413
5241 5240 0.061239
5738 5240 0.061239
7218 5240 0.061239
5064 5241 0.00020257
5240 5241 0.00020257
2149 5260 0.29768
7287 5260 0.29768
3638 5267 0.035489
3640 5267 0.035489
5268 5267 0.035489
3138 5268 0.0034924
5832 5268 0.0034924
6422 5268 0.0034924
3122 5269 0.0011303
5270 5269 0.0011303
6233 5269 0.0011303
2753 5270 0.0015275
3327 5270 0.0015275
5237 5270 0.0015275
3964 5271 0.95376
6738 5271 0.95376
5063 5395 0.94605
3791 5396 0.00019115
4856 5586 0.20683
4858 5587 0.01445
6221 5587 0.01445
1852 5606 0.00027329
5604 5606 0.00027329
5607 5606 0.00027329
2736 5607 0.0003904
5059 5607 0.0003904
5606 5607 0.0003904
5609 5607 0.0003904
2736 5608 0.00040715
5059 5608 0.00040715
5606 5608 0.00040715
5609 5608 0.00040715
1865 5609 0.00049739
5608 5609 0.00049739
5615 5609 0.00049739
1865 5614 0.0025851
5608 5614 0.0025851
5615 5614 0.0025851
2467 5616 0.00015351
5614 5616 0.00015351
5617 5616 0.00015351
1814 5617 0.0009672
5616 5617 0.0009672
5619 5617 0.0009672
1814 5618 0.00015351
5616 5618 0.00015351
5619 5618 0.00015351
1853 5619 0.0009672
5060 5619 0.0009672
5618 5619 0.0009672
5666 5665 0.0038679
5667 5665 0.0038679
3086 5667 0.0038698
5668 5667 0.0038698
5964 5667 0.0038698
2350 5669 0.13454
5671 5669 0.13454
5836 5669 0.13454
2350 5670 0.0027537
5671 5670 0.0027537
5836 5670 0.0027537
5670 5671 0.045529
6385 5671 0.045529
7085 5671 0.045529
3090 5674 0.00081762
5675 5674 0.00081762
5676 5674 0.00081762
7150 5674 0.00081762
2279 5675 0.00052326
5674 5675 0.00052326
7273 5675 0.00052326
3094 5680 0.0040611
5681 5680 0.0040611
5683 5680 0.0040611
1975 5683 0.0040291
3091 5683 0.0040291
5682 5683 0.0040291
5693 5683 0.0040291
1975 5692 0.040209
3091 5692 0.040209
5682 5692 0.040209
5693 5692 0.040209
110 5716 0.00020233
5717 5716 0.00020233
6560 5716 0.00020233
2348 5738 0.060274
5239 5738 0.060274
5739 5738 0.060274
5241 5739 0.00015632
5738 5739 0.00015632
7218 5739 0.00015632
4205 5740 0.00098712
5741 5740 0.00098712
5742 5740 0.00098712
4213 5742 0.00097149
5743 5742 0.00097149
5744 5742 0.00097149
1655 5744 0.00097528
5745 5744 0.00097528
5901 5744 0.00097528
5904 5744 0.00097528
3335 5822 0.0013795
5823 5822 0.0013795
5831 5822 0.0013795
6967 5822 0.0013795
5822 5823 0.0019088
6963 5823 0.0019088
7102 5823 0.0019088
7104 5823 0.0019088
5825 5824 0.00010287
5826 5824 0.00010287
5830 5824 0.00010287
5824 5825 0.0021827
6964 5825 0.0021827
7100 5825 0.0021827
5825 5827 0.00040381
5826 5827 0.00040381
5830 5827 0.00040381
3335 5830 0.00024967
5823 5830 0.00024967
5831 5830 0.00024967
6967 5830 0.00024967
5825 5831 0.0019589
5826 5831 0.0019589
5830 5831 0.0019589
2352 5832 0.00044014
2355 5832 0.00044014
5269 5832 0.00044014
6877 5835 0.89656
5835 5836 0.09228
5091 5837 0.038444
5838 5837 0.038444
5837 5838 0.0021963
6927 5838 0.0021963
7069 5838 0.0021963
7112 5838 0.0021963
5899 5900 0.00014313
5902 5900 0.00014313
5910 5900 0.00014313
1655 5902 0.00017632
5745 5902 0.00017632
5901 5902 0.00017632
5904 5902 0.00017632
1655 5903 0.00012353
5745 5903 0.00012353
5901 5903 0.00012353
5904 5903 0.00012353
2349 5904 0.0011419
5903 5904 0.0011419
5986 5904 0.0011419
7105 5904 0.0011419
3125 5948 0.00055796
3128 5948 0.00055796
5949 5948 0.00055796
3135 5949 0.00021509
5948 5949 0.00021509
5953 5949 0.00021509
3147 5950 0.00042804
5951 5950 0.00042804
6398 5950 0.00042804
6399 5950 0.00042804
5950 5951 0.00013656
6389 5951 0.00013656
6405 5951 0.00013656
3135 5952 0.0012039
5948 5952 0.0012039
5953 5952 0.0012039
5952 5953 0.00010496
6378 5953 0.00010496
6379 5953 0.00010496
3133 5954 0.0030692
5955 5954 0.0030692
6394 5954 0.0030692
5954 5955 0.0003884
6370 5955 0.0003884
6388 5955 0.0003884
7111 5955 0.0003884
3117 5956 0.0055339
5957 5956 0.0055339
6368 5956 0.0055339
6369 5956 0.0055339
5956 5957 0.0031113
6386 5957 0.0031113
6387 5957 0.0031113
2349 5985 0.00015522
5903 5985 0.00015522
5986 5985 0.00015522
7105 5985 0.00015522
3319 5986 0.037251
5985 5986 0.037251
7093 5986 0.037251
7095 5986 0.037251
3221 6082 0.0011239
6081 6082 0.0011239
6213 6082 0.0011239
6592 6082 0.0011239
3113 6105 0.00027846
3116 6105 0.00027846
6106 6105 0.00027846
3129 6107 0.00075645
3132 6107 0.00075645
6105 6107 0.00075645
6108 6107 0.00075645
6107 6108 0.00010769
6110 6108 0.00010769
6114 6108 0.00010769
6107 6109 0.00051608
6110 6109 0.00051608
6114 6109 0.00051608
3145 6110 0.00012584
3148 6110 0.00012584
3911 6110 0.00012584
6109 6110 0.00012584
3139 6111 0.00094418
3910 6111 0.00094418
6112 6111 0.00094418
6111 6112 0.00018176
6396 6112 0.00018176
6397 6112 0.00018176
6406 6112 0.00018176
6107 6113 0.00036318
6110 6113 0.00036318
6114 6113 0.00036318
3909 6114 0.00010466
6113 6114 0.00010466
6400 6114 0.00010466
6401 6114 0.00010466
777 6150 0.00029406
4784 6150 0.00029406
6149 6150 0.00029406
6152 6151 0.00058055
6618 6151 0.00058055
6621 6151 0.00058055
1685 6152 0.00037852
4783 6152 0.00037852
6151 6152 0.00037852
6154 6152 0.00037852
1685 6153 0.00048876
4783 6153 0.00048876
6151 6153 0.00048876
6154 6153 0.00048876
6153 6154 0.00054683
7267 6154 0.00054683
3214 6155 0.022253
6156 6155 0.022253
7264 6155 0.022253
6158 6157 0.02216
7266 6157 0.02216
7268 6157 0.02216
2444 6159 0.022218
6160 6159 0.022218
6161 6159 0.022218
3204 6161 0.022332
6162 6161 0.022332
6163 6161 0.022332
3950 6163 0.021583
6164 6163 0.021583
6165 6163 0.021583
2136 6165 0.020511
2853 6165 0.020511
3220 6165 0.020511
6166 6165 0.020511
3208 6190 0.00013342
6188 6190 0.00013342
6189 6190 0.00013342
6176 6192 0.00012504
6190 6192 0.00012504
6191 6192 0.00012504
3206 6194 0.00045636
6192 6194 0.00045636
6193 6194 0.00045636
1680 6196 0.00046235
6194 6196 0.00046235
6195 6196 0.00046235
1678 6201 0.00013055
6202 6201 0.00013055
6203 6201 0.00013055
1661 6203 0.00013241
1664 6203 0.00013241
6204 6203 0.00013241
6206 6205 0.001852
6209 6205 0.001852
6211 6205 0.001852
3655 6206 0.00017673
3658 6206 0.00017673
6205 6206 0.00017673
3653 6209 0.001852
3656 6209 0.001852
6210 6209 0.001852
6206 6210 0.00017673
6209 6210 0.00017673
6211 6210 0.00017673
2407 6213 0.0011038
2408 6213 0.0011038
6214 6213 0.0011038
6216 6215 0.0016978
6217 6215 0.0016978
6595 6215 0.0016978
2134 6216 0.00014255
2137 6216 0.00014255
6215 6216 0.00014255
3659 6217 0.00056068
3662 6217 0.00056068
6218 6217 0.00056068
6216 6218 0.0010055
6217 6218 0.0010055
6595 6218 0.0010055
4858 6222 0.99479
6221 6222 0.99479
596 6223 0.0018439
6222 6223 0.0018439
6224 6223 0.0018439
1139 6224 0.0040646
5077 6224 0.0040646
5126 6224 0.0040646
6223 6224 0.0040646
548 6225 0.00032603
6226 6225 0.00032603
6227 6225 0.00032603
6230 6225 0.00032603
3333 6226 0.0023736
3336 6226 0.0023736
6225 6226 0.0023736
3907 6227 0.010164
4019 6227 0.010164
6228 6227 0.010164
6358 6227 0.010164
548 6228 0.0011874
6226 6228 0.0011874
6227 6228 0.0011874
6230 6228 0.0011874
548 6229 0.006536
6226 6229 0.006536
6227 6229 0.006536
6230 6229 0.006536
6229 6230 0.0024371
6979 6230 0.0024371
7063 6230 0.0024371
4020 6231 0.00057877
6232 6231 0.00057877
6351 6231 0.00057877
6231 6232 0.010338
6234 6232 0.010338
6354 6232 0.010338
6231 6233 0.00016324
6234 6233 0.00016324
6354 6233 0.00016324
3122 6234 0.010529
5270 6234 0.010529
6233 6234 0.010529
2071 6237 0.00064877
6238 6237 0.00064877
6239 6237 0.00064877
996 6238 0.0023162
3119 6238 0.0023162
4790 6238 0.0023162
6237 6238 0.0023162
4789 6239 0.00097228
6240 6239 0.00097228
6365 6239 0.00097228
2071 6240 0.00066039
6238 6240 0.00066039
6239 6240 0.00066039
950 6351 0.0051815
6352 6351 0.0051815
6353 6351 0.0051815
6356 6351 0.0051815
4020 6352 0.00049909
6232 6352 0.00049909
6351 6352 0.00049909
2354 6353 0.0084925
2357 6353 0.0084925
948 6354 0.00041003
951 6354 0.00041003
6355 6354 0.00041003
6231 6355 0.0010162
6234 6355 0.0010162
6354 6355 0.0010162
950 6357 0.0044465
6352 6357 0.0044465
6353 6357 0.0044465
6356 6357 0.0044465
995 6358 0.0038572
6359 6358 0.0038572
6360 6358 0.0038572
3907 6359 0.0016076
4019 6359 0.0016076
6228 6359 0.0016076
6358 6359 0.0016076
6357 6360 0.0036636
6361 6360 0.0036636
995 6361 0.0010342
6359 6361 0.0010342
6360 6361 0.0010342
6357 6362 0.001787
6361 6362 0.001787
6364 6363 0.00028231
6410 6363 0.00028231
6411 6363 0.00028231
6363 6364 0.00033194
6943 6364 0.00033194
7165 6364 0.00033194
2364 6365 0.0015391
2367 6365 0.0015391
6366 6365 0.0015391
6367 6365 0.0015391
4789 6366 0.0018211
6240 6366 0.0018211
6365 6366 0.0018211
3117 6367 0.011659
5957 6367 0.011659
6368 6367 0.011659
6369 6367 0.011659
2364 6368 0.00095291
2367 6368 0.00095291
6366 6368 0.00095291
6367 6368 0.00095291
5954 6369 0.014672
6370 6369 0.014672
6388 6369 0.014672
7111 6369 0.014672
3117 6370 0.0020119
5957 6370 0.0020119
6368 6370 0.0020119
6369 6370 0.0020119
3140 6371 0.0063652
6372 6371 0.0063652
6373 6371 0.0063652
6407 6371 0.0063652
2078 6372 0.00031268
2358 6372 0.00031268
2361 6372 0.00031268
6371 6372 0.00031268
3143 6373 0.0053763
3146 6373 0.0053763
6374 6373 0.0053763
6375 6373 0.0053763
3140 6374 0.00016467
6372 6374 0.00016467
6373 6374 0.00016467
6407 6374 0.00016467
6376 6375 0.0049831
6377 6375 0.0049831
6417 6375 0.0049831
5952 6377 0.0023274
6378 6377 0.0023274
6379 6377 0.0023274
3127 6379 0.0013625
3130 6379 0.0013625
6380 6379 0.0013625
6381 6379 0.0013625
5952 6380 0.00021909
6378 6380 0.00021909
6379 6380 0.00021909
3111 6381 0.00030692
3114 6381 0.00030692
6382 6381 0.00030692
6383 6381 0.00030692
3127 6382 0.0001528
3130 6382 0.0001528
6380 6382 0.0001528
6381 6382 0.0001528
5956 6385 0.028996
6386 6385 0.028996
6387 6385 0.028996
5670 6386 0.00030463
6385 6386 0.00030463
7085 6386 0.00030463
5954 6387 0.026648
6370 6387 0.026648
6388 6387 0.026648
7111 6387 0.026648
5956 6388 0.00037851
6386 6388 0.00037851
6387 6388 0.00037851
3118 6389 0.00025072
6390 6389 0.00025072
6391 6389 0.00025072
5950 6390 0.00040335
6389 6390 0.00040335
6405 6390 0.00040335
3908 6391 0.00072324
6392 6391 0.00072324
6393 6391 0.00072324
3118 6392 0.00040655
6390 6392 0.00040655
6391 6392 0.00040655
3133 6393 0.00058823
5955 6393 0.00058823
6394 6393 0.00058823
3908 6394 0.00046508
6392 6394 0.00046508
6393 6394 0.00046508
6111 6395 0.0020709
6396 6395 0.0020709
6397 6395 0.0020709
6406 6395 0.0020709
2362 6396 0.00013497
2365 6396 0.00013497
6395 6396 0.00013497
3147 6397 0.0011755
5951 6397 0.0011755
6398 6397 0.0011755
6399 6397 0.0011755
6111 6398 0.00014087
6396 6398 0.00014087
6397 6398 0.00014087
6406 6398 0.00014087
3909 6399 0.00061956
6113 6399 0.00061956
6400 6399 0.00061956
6401 6399 0.00061956
3147 6400 0.00013733
5951 6400 0.00013733
6398 6400 0.00013733
6399 6400 0.00013733
3131 6401 0.00062576
3134 6401 0.00062576
6402 6401 0.00062576
6403 6401 0.00062576
3909 6402 0.00020851
6113 6402 0.00020851
6400 6402 0.00020851
6401 6402 0.00020851
3115 6403 0.00029808
5959 6403 0.00029808
6404 6403 0.00029808
6111 6405 0.0001007
6396 6405 0.0001007
6397 6405 0.0001007
6406 6405 0.0001007
5950 6406 0.00023955
6389 6406 0.00023955
6405 6406 0.00023955
4788 6407 0.0013428
6408 6407 0.0013428
6409 6407 0.0013428
3140 6408 0.00026539
6372 6408 0.00026539
6373 6408 0.00026539
6407 6408 0.00026539
6364 6409 0.0009556
6410 6409 0.0009556
6411 6409 0.0009556
4788 6410 0.00015333
6408 6410 0.00015333
6409 6410 0.00015333
5834 6411 0.00082692
6412 6411 0.00082692
6413 6411 0.00082692
3142 6413 0.00082692
6414 6413 0.00082692
6415 6413 0.00082692
6416 6415 0.0023124
6418 6415 0.0023124
6419 6415 0.0023124
6416 6417 0.0027683
6418 6417 0.0027683
6419 6417 0.0027683
3304 6419 0.0049997
6420 6419 0.0049997
6421 6419 0.0049997
3138 6421 0.0048043
5832 6421 0.0048043
6422 6421 0.0048043
3304 6422 0.00054767
6420 6422 0.00054767
6421 6422 0.00054767
3680 6478 0.00017207
3681 6478 0.00017207
3689 6478 0.00017207
6479 6478 0.00017207
92 6568 0.00012109
4557 6568 0.00012109
6569 6568 0.00012109
404 6571 0.00038817
405 6571 0.00038817
6570 6571 0.00038817
6573 6571 0.00038817
1580 6573 0.00045075
1583 6573 0.00045075
6572 6573 0.00045075
6575 6573 0.00045075
776 6575 0.00026447
6574 6575 0.00026447
6216 6594 0.0001457
6217 6594 0.0001457
6595 6594 0.0001457
2817 6595 0.0021459
6594 6595 0.0021459
6150 6617 0.016101
6616 6617 0.016101
6619 6617 0.016101
6152 6619 0.015847
6618 6619 0.015847
6621 6619 0.015847
5718 6621 0.016029
6620 6621 0.016029
6623 6621 0.016029
6622 6623 0.016029
7229 6623 0.016029
6880 6737 0.93882
4662 6738 0.95351
6739 6738 0.95351
1707 6742 0.00012219
4655 6742 0.00012219
5087 6743 0.00012219
5271 6743 0.00012219
6769 6768 0.0019314
7281 6768 0.0019314
2148 6794 0.66519
6795 6794 0.66519
724 6795 0.0013204
2147 6795 0.0013204
6794 6795 0.0013204
2150 6796 0.96155
6797 6796 0.96155
5076 6798 0.0029919
6799 6798 0.0029919
2154 6808 0.99963
6809 6808 0.99963
2152 6823 0.98568
6824 6823 0.98568
6826 6825 0.99997
7180 6825 0.99997
4910 6846 1
4912 6846 1
6845 6846 1
5085 6873 0.89086
5267 6873 0.89086
6873 6874 0.89086
5090 6877 0.89656
433 6880 0.93882
5669 6880 0.93882
4861 6887 0.00095478
6888 6887 0.00095478
4864 6888 0.79413
6887 6888 0.79413
6846 6890 1
6889 6890 1
4228 6894 0.00058967
4229 6894 0.00058967
6893 6894 0.00058967
6895 6896 0.87309
7017 6896 0.87309
7084 6896 0.87309
3713 6920 0.037019
6921 6920 0.037019
7114 6920 0.037019
723 6921 0.055668
6920 6921 0.055668
6939 6938 0.00010135
7067 6938 0.00010135
7163 6938 0.00010135
7164 6938 0.00010135
6940 6941 0.00010804
6942 6941 0.00010804
6945 6941 0.00010804
6947 6941 0.00010804
6363 6942 0.00010804
6943 6942 0.00010804
7165 6942 0.00010804
6938 6948 0.00013171
6941 6948 0.00013171
6949 6948 0.00013171
6948 6952 0.00013171
6950 6952 0.00013171
6953 6952 0.00013171
5824 6963 0.0020482
6964 6963 0.0020482
7100 6963 0.0020482
5822 6964 0.00082454
6963 6964 0.00082454
7102 6964 0.00082454
7104 6964 0.00082454
6965 6967 0.00023912
6968 6967 0.00023912
7101 6967 0.00023912
3335 6968 0.00080071
5823 6968 0.00080071
5831 6968 0.00080071
6967 6968 0.00080071
6969 6971 0.0046297
6972 6971 0.0046297
6975 6971 0.0046297
7066 6971 0.0046297
6971 6972 0.0022893
6974 6972 0.0022893
7064 6972 0.0022893
6971 6973 0.0095422
6974 6973 0.0095422
7064 6973 0.0095422
6973 6974 0.0010804
6976 6974 0.0010804
6978 6974 0.0010804
6973 6975 0.0051173
6976 6975 0.0051173
6978 6975 0.0051173
6969 6976 0.0045884
6972 6976 0.0045884
6975 6976 0.0045884
7066 6976 0.0045884
6973 6977 0.011255
6976 6977 0.011255
6978 6977 0.011255
3320 6978 0.0033225
6977 6978 0.0033225
7096 6978 0.0033225
6980 6979 0.0048679
7065 6979 0.0048679
7098 6979 0.0048679
6229 6980 0.0028454
6979 6980 0.0028454
7063 6980 0.0028454
6982 6981 0.00087673
6984 6981 0.00087673
6986 6981 0.00087673
6981 6982 0.0001084
6990 6982 0.0001084
6982 6983 0.00033551
6984 6983 0.00033551
6986 6983 0.00033551
3318 6984 0.0017633
6983 6984 0.0017633
7092 6984 0.0017633
6982 6985 0.001157
6984 6985 0.001157
6986 6985 0.001157
6985 6986 0.00049752
6988 6986 0.00049752
6989 6986 0.00049752
6985 6987 0.0017644
6988 6987 0.0017644
6989 6987 0.0017644
6987 6988 0.00033661
6992 6988 0.00033661
6994 6988 0.00033661
6981 6989 0.00087673
6990 6989 0.00087673
6985 6990 0.0001084
6988 6990 0.0001084
6989 6990 0.0001084
6987 6991 0.0014748
6992 6991 0.0014748
6994 6991 0.0014748
6991 6992 0.00016337
6995 6992 0.00016337
7000 6992 0.00016337
6987 6993 0.0010248
6992 6993 0.0010248
6994 6993 0.0010248
6993 6994 0.00090835
6996 6994 0.00090835
6998 6994 0.00090835
7001 6994 0.00090835
6993 6995 0.00045612
6996 6995 0.00045612
6998 6995 0.00045612
7001 6995 0.00045612
6991 6996 0.0013059
6995 6996 0.0013059
7000 6996 0.0013059
6993 6997 0.0020992
6996 6997 0.0020992
6998 6997 0.0020992
7001 6997 0.0020992
6997 6998 0.00067136
7090 6998 0.00067136
7091 6998 0.00067136
6991 6999 0.00055134
6995 6999 0.00055134
7000 6999 0.00055134
6999 7001 0.00055134
7002 7001 0.00055134
7004 7001 0.00055134
2366 7005 0.0091194
7006 7005 0.0091194
7086 7005 0.0091194
3316 7006 0.0019711
7005 7006 0.0019711
7008 7006 0.0019711
7088 7006 0.0019711
6895 7016 0.085278
7017 7016 0.085278
7084 7016 0.085278
7016 7017 0.008299
7019 7017 0.008299
7026 7017 0.008299
7016 7018 0.1303
7019 7018 0.1303
7026 7018 0.1303
4811 7019 0.0038929
7018 7019 0.0038929
7082 7019 0.0038929
7021 7020 0.012063
7023 7020 0.012063
7025 7020 0.012063
7036 7020 0.012063
7020 7021 0.013792
7032 7021 0.013792
7035 7021 0.013792
7021 7022 0.011273
7023 7022 0.011273
7025 7022 0.011273
7036 7022 0.011273
7022 7023 0.0084543
7029 7023 0.0084543
7031 7023 0.0084543
7033 7023 0.0084543
7021 7024 0.02947
7023 7024 0.02947
7025 7024 0.02947
7036 7024 0.02947
7024 7025 0.011117
7027 7025 0.011117
7077 7025 0.011117
7080 7025 0.011117
7024 7026 0.049629
7027 7026 0.049629
7077 7026 0.049629
7080 7026 0.049629
7016 7027 0.00020523
7019 7027 0.00020523
7026 7027 0.00020523
7022 7030 0.00051484
7029 7030 0.00051484
7031 7030 0.00051484
7033 7030 0.00051484
1230 7031 0.016444
7030 7031 0.016444
7078 7031 0.016444
7022 7032 0.020675
7029 7032 0.020675
7031 7032 0.020675
7033 7032 0.020675
7020 7033 0.0019272
7032 7033 0.0019272
7035 7033 0.0019272
7020 7034 0.020624
7032 7034 0.020624
7035 7034 0.020624
7034 7035 0.003605
7037 7035 0.003605
7039 7035 0.003605
7034 7036 0.023656
7037 7036 0.023656
7039 7036 0.023656
7021 7037 0.0042123
7023 7037 0.0042123
7025 7037 0.0042123
7036 7037 0.0042123
7034 7038 0.0094759
7037 7038 0.0094759
7039 7038 0.0094759
7038 7039 0.011901
7041 7039 0.011901
7043 7039 0.011901
7038 7040 0.0094608
7041 7040 0.0094608
7043 7040 0.0094608
1227 7041 0.01194
7040 7041 0.01194
7075 7041 0.01194
7079 7041 0.01194
6971 7063 0.0010236
6974 7063 0.0010236
7064 7063 0.0010236
6229 7064 0.007145
6979 7064 0.007145
7063 7064 0.007145
6969 7065 0.002678
6972 7065 0.002678
6975 7065 0.002678
7066 7065 0.002678
6980 7066 0.0044894
7065 7066 0.0044894
7098 7066 0.0044894
2342 7073 0.00058944
7057 7073 0.00058944
7074 7073 0.00058944
1653 7075 0.0014365
7054 7075 0.0014365
7076 7075 0.0014365
1227 7076 0.00052749
7040 7076 0.00052749
7075 7076 0.00052749
7079 7076 0.00052749
1230 7077 0.00051484
7030 7077 0.00051484
7078 7077 0.00051484
7024 7078 0.016444
7027 7078 0.016444
7077 7078 0.016444
7080 7078 0.016444
7024 7079 0.00028714
7027 7079 0.00028714
7077 7079 0.00028714
7080 7079 0.00028714
1227 7080 0.047286
7040 7080 0.047286
7075 7080 0.047286
7079 7080 0.047286
4223 7082 0.87361
6896 7082 0.87361
7081 7082 0.87361
3790 7084 0.95005
3794 7084 0.95005
7083 7084 0.95005
2366 7085 0.019183
7006 7085 0.019183
7086 7085 0.019183
5670 7086 0.0050994
6385 7086 0.0050994
7085 7086 0.0050994
3316 7087 0.00077797
7005 7087 0.00077797
7008 7087 0.00077797
7088 7087 0.00077797
2351 7088 0.0051651
4656 7088 0.0051651
7014 7088 0.0051651
7087 7088 0.0051651
6997 7089 0.013609
7090 7089 0.013609
7091 7089 0.013609
3317 7090 0.0011136
5238 7090 0.0011136
7089 7090 0.0011136
3318 7091 0.012295
6983 7091 0.012295
7092 7091 0.012295
6997 7092 0.0012275
7090 7092 0.0012275
7091 7092 0.0012275
547 7093 0.029481
2073 7093 0.029481
7094 7093 0.029481
3320 7095 0.023949
6977 7095 0.023949
7096 7095 0.023949
3319 7096 0.0037556
5985 7096 0.0037556
7093 7096 0.0037556
7095 7096 0.0037556
6980 7097 0.0019057
7065 7097 0.0019057
7098 7097 0.0019057
3321 7098 0.0057397
3322 7098 0.0057397
7097 7098 0.0057397
5824 7099 0.0002552
6964 7099 0.0002552
7100 7099 0.0002552
3325 7100 0.0035587
3326 7100 0.0035587
7099 7100 0.0035587
5822 7101 0.00023912
6963 7101 0.00023912
7102 7101 0.00023912
7104 7101 0.00023912
6965 7102 0.00080071
6968 7102 0.00080071
7101 7102 0.00080071
5822 7103 0.0026533
6963 7103 0.0026533
7102 7103 0.0026533
7104 7103 0.0026533
3323 7104 0.0013973
3324 7104 0.0013973
7103 7104 0.0013973
5837 7111 0.038444
6927 7111 0.038444
7069 7111 0.038444
7112 7111 0.038444
5954 7112 0.0021963
6370 7112 0.0021963
6388 7112 0.0021963
7111 7112 0.0021963
3713 7113 0.055717
6921 7113 0.055717
7114 7113 0.055717
2146 7114 0.037649
3712 7114 0.037649
4663 7114 0.037649
7113 7114 0.037649
7117 7116 0.0042362
1226 7117 0.0042362
1536 7117 0.0042362
4200 7117 0.0042362
2144 7138 0.00020639
7139 7138 0.00020639
7138 7140 0.00020639
7141 7140 0.00020639
1576 7148 0.0013491
7149 7148 0.0013491
3090 7151 0.0037907
5675 7151 0.0037907
5676 7151 0.0037907
7150 7151 0.0037907
7156 7157 0.016029
7159 7157 0.016029
1660 7159 0.016029
6196 7159 0.016029
7158 7159 0.016029
6952 7160 0.00034712
7161 7160 0.00034712
7162 7160 0.00034712
2356 7161 0.00039675
2359 7161 0.00039675
6362 7161 0.00039675
7160 7161 0.00039675
6939 7162 0.00027357
7067 7162 0.00027357
7163 7162 0.00027357
7164 7162 0.00027357
6952 7163 0.00043079
7161 7163 0.00043079
7162 7163 0.00043079
6363 7164 0.00025681
6943 7164 0.00025681
7165 7164 0.00025681
6939 7165 0.0003933
7067 7165 0.0003933
7163 7165 0.0003933
7164 7165 0.0003933
7174 7175 1
7177 7175 1
4902 7177 1
7176 7177 1
6825 7178 0.99997
7179 7178 0.99997
2628 7180 0.99997
7181 7180 0.99997
6796 7182 0.96155
7183 7182 0.96155
7182 7184 0.96155
7185 7184 0.96155
5740 7218 0.00098712
7219 7218 0.00098712
1572 7222 0.00098056
7223 7222 0.00098056
7222 7224 0.00098056
7225 7224 0.00098056
1667 7226 0.00022375
7227 7226 0.00022375
7228 7229 0.016029
7231 7229 0.016029
7157 7231 0.016029
7230 7231 0.016029
6157 7264 0.02216
7265 7264 0.02216
6153 7266 0.00048876
7267 7266 0.00048876
6158 7267 0.00054683
7266 7267 0.00054683
7268 7267 0.00054683
6159 7268 0.022218
7269 7268 0.022218
2279 7272 0.00078604
5674 7272 0.00078604
7273 7272 0.00078604
7272 7273 0.00057723
7274 7273 0.00057723
1127 7274 0.04181
3095 7274 0.04181
3098 7274 0.04181
4671 7281 0.0019314
7282 7281 0.0019314
2647 7285 0.00037147
7286 7285 0.00037147
7184 7287 0.96155
7288 7287 0.96155
