568 567 0.00072965
4174 567 0.00072965
6435 567 0.00072965
567 568 0.00060248
1467 568 0.00060248
569 570 0.00058015
4806 570 0.00058015
5884 570 0.00058015
1466 1117 0.0006011
2325 1117 0.0006011
567 1466 0.00073234
1467 1466 0.00073234
1468 1467 0.00060517
5934 1467 0.00060517
1117 1468 0.00060306
2345 1468 0.00060306
1466 2324 0.00035384
2325 2324 0.00035384
2324 2325 0.0002226
7131 2325 0.0002226
2327 2326 0.00041051
4708 2326 0.00041051
5968 2326 0.00041051
2326 2327 0.00080003
7259 2327 0.00080003
2329 2328 0.00054737
5896 2328 0.00054737
7254 2328 0.00054737
7258 2328 0.00054737
2328 2329 0.0010365
7257 2329 0.0010365
2331 2330 0.00063042
4196 2330 0.00063042
5971 2330 0.00063042
7256 2330 0.00063042
2330 2331 0.0017275
2333 2331 0.0017275
5975 2331 0.0017275
2332 2333 0.0019236
2335 2333 0.0019236
4216 2333 0.0019236
2334 2335 0.0019277
2337 2335 0.0019277
5977 2335 0.0019277
7152 2335 0.0019277
2334 2336 0.00011515
2337 2336 0.00011515
5977 2336 0.00011515
7152 2336 0.00011515
2336 2337 0.0018679
2339 2337 0.0018679
4709 2337 0.0018679
2338 2339 0.0020608
2341 2339 0.0020608
4198 2339 0.0020608
2633 2632 0.8497
2635 2632 0.8497
2644 2632 0.8497
6716 2634 0.022897
2634 2635 0.020912
2636 2635 0.020912
2633 2636 0.0084572
2635 2636 0.0084572
2644 2636 0.0084572
2640 2637 1.0001
4087 2637 1.0001
5732 2637 1.0001
2637 2638 1.0002
2641 2638 1.0002
2638 2639 0.82701
4085 2640 0.0001074
2639 2642 0.83745
2645 2642 0.83745
2642 2644 0.83725
2643 2644 0.83725
2634 2645 0.010442
2636 2645 0.010442
6717 2646 0.17318
5770 4085 0.00018975
5772 4085 0.00018975
4163 4162 0.015237
4164 4162 0.015237
5889 4162 0.015237
5892 4162 0.015237
4162 4163 0.0082657
4171 4163 0.0082657
5793 4163 0.0082657
4165 4164 0.013207
4166 4164 0.013207
5929 4164 0.013207
5972 4164 0.013207
4163 4165 0.01005
4164 4165 0.01005
5889 4165 0.01005
5892 4165 0.01005
4167 4166 0.0095564
4168 4166 0.0095564
5923 4166 0.0095564
5926 4166 0.0095564
4165 4167 0.0064001
4166 4167 0.0064001
5929 4167 0.0064001
5972 4167 0.0064001
4169 4168 0.0056049
4193 4168 0.0056049
4194 4168 0.0056049
4167 4169 0.0020835
4168 4169 0.0020835
5923 4169 0.0020835
5926 4169 0.0020835
4162 4170 0.021959
4171 4170 0.021959
5793 4170 0.021959
4170 4171 0.00058184
4173 4171 0.00058184
5933 4171 0.00058184
4170 4172 0.021432
4173 4172 0.021432
5933 4172 0.021432
4172 4173 0.00054882
5797 4173 0.00054882
4175 4174 0.30186
4176 4174 0.30186
5784 4174 0.30186
5785 4174 0.30186
568 4175 0.0024205
4174 4175 0.0024205
6435 4175 0.0024205
4177 4176 0.2581
4178 4176 0.2581
5970 4176 0.2581
4175 4177 0.0009879
4176 4177 0.0009879
5784 4177 0.0009879
5785 4177 0.0009879
4179 4178 0.23811
4180 4178 0.23811
4177 4179 0.0011949
4178 4179 0.0011949
5970 4179 0.0011949
4181 4180 0.25824
4182 4180 0.25824
5885 4180 0.25824
5888 4180 0.25824
4179 4181 0.00067798
4180 4181 0.00067798
4183 4182 0.14963
4184 4182 0.14963
5928 4182 0.14963
4181 4183 0.0029957
4182 4183 0.0029957
5885 4183 0.0029957
5888 4183 0.0029957
4185 4184 0.14605
4186 4184 0.14605
5922 4184 0.14605
4183 4185 0.000543
4184 4185 0.000543
5928 4185 0.000543
4187 4186 0.14462
4188 4186 0.14462
4195 4186 0.14462
4189 4188 0.14695
4190 4188 0.14695
5918 4188 0.14695
4191 4190 0.14854
4666 4190 0.14854
6469 4190 0.14854
4169 4192 0.00047384
4193 4192 0.00047384
4194 4192 0.00047384
4192 4193 0.0016083
5919 4193 0.0016083
5980 4193 0.0016083
4187 4194 0.0048522
4188 4194 0.0048522
4195 4194 0.0048522
4169 4195 0.0024652
4193 4195 0.0024652
4194 4195 0.0024652
5771 4198 0.0021327
5881 4198 0.0021327
2338 4200 0.00010739
2341 4200 0.00010739
4198 4200 0.00010739
2646 4664 0.1549
5774 4664 0.1549
5775 4664 0.1549
4664 4666 0.15273
4665 4666 0.15273
2327 4707 0.00067157
4708 4707 0.00067157
5968 4707 0.00067157
3189 4708 0.00042761
4707 4708 0.00042761
5981 4708 0.00042761
7130 4708 0.00042761
569 4805 0.063063
4806 4805 0.063063
5884 4805 0.063063
4664 5771 0.0021619
4665 5771 0.0021619
6467 5772 0.00017829
2646 5773 0.00022609
5774 5773 0.00022609
5775 5773 0.00022609
5773 5774 0.00025525
5880 5774 0.00025525
5776 5775 0.00026831
6468 5775 0.00026831
2646 5776 0.018584
5774 5776 0.018584
5775 5776 0.018584
5780 5779 0.63737
5781 5779 0.63737
5786 5779 0.63737
981 5780 0.00031066
5779 5780 0.00031066
6433 5780 0.00031066
6436 5780 0.00031066
2632 5781 0.677
5782 5781 0.677
5883 5781 0.677
5886 5781 0.677
5780 5782 0.0001017
5781 5782 0.0001017
5786 5782 0.0001017
4175 5783 0.008423
4176 5783 0.008423
5784 5783 0.008423
5785 5783 0.008423
5783 5784 0.010912
5788 5784 0.010912
5796 5784 0.010912
5780 5785 0.044969
5781 5785 0.044969
5786 5785 0.044969
4175 5786 0.0051258
4176 5786 0.0051258
5784 5786 0.0051258
5785 5786 0.0051258
5783 5787 0.00060924
5788 5787 0.00060924
5796 5787 0.00060924
5787 5788 0.0024139
5914 5788 0.0024139
5915 5788 0.0024139
5790 5789 0.0019557
5791 5789 0.0019557
5932 5789 0.0019557
5969 5789 0.0019557
5789 5790 0.00052629
5911 5790 0.00052629
5913 5790 0.00052629
5982 5790 0.00052629
5792 5791 0.002717
5891 5791 0.002717
5894 5791 0.002717
5790 5792 0.0019276
5791 5792 0.0019276
5932 5792 0.0019276
5969 5792 0.0019276
5794 5793 0.014406
5931 5793 0.014406
5795 5794 0.0063291
5887 5794 0.0063291
5890 5794 0.0063291
5794 5795 0.012576
5931 5795 0.012576
4172 5796 0.0094094
5797 5796 0.0094094
5783 5797 0.0087252
5788 5797 0.0087252
5796 5797 0.0087252
5773 5879 0.00022609
5880 5879 0.00022609
5879 5880 0.00025525
5882 5880 0.00025525
5879 5881 0.00022609
5882 5881 0.00022609
5771 5882 0.00025525
5881 5882 0.00025525
2632 5884 0.063638
5782 5884 0.063638
5883 5884 0.063638
5886 5884 0.063638
2632 5885 0.12474
5782 5885 0.12474
5883 5885 0.12474
5886 5885 0.12474
4181 5886 0.01556
4182 5886 0.01556
5885 5886 0.01556
5888 5886 0.01556
4181 5887 0.021525
4182 5887 0.021525
5885 5887 0.021525
5888 5887 0.021525
5795 5888 0.023271
5887 5888 0.023271
5890 5888 0.023271
5795 5889 0.017326
5887 5889 0.017326
5890 5889 0.017326
4163 5890 0.012825
4164 5890 0.012825
5889 5890 0.012825
5892 5890 0.012825
4163 5891 0.0031953
4164 5891 0.0031953
5889 5891 0.0031953
5892 5891 0.0031953
5792 5892 0.0025078
5891 5892 0.0025078
5894 5892 0.0025078
5792 5893 0.00070905
5891 5893 0.00070905
5894 5893 0.00070905
5893 5894 0.00081097
7255 5894 0.00081097
5787 5913 0.00060924
5914 5913 0.00060924
5915 5913 0.00060924
5789 5914 0.0024139
5911 5914 0.0024139
5913 5914 0.0024139
5982 5914 0.0024139
4189 5917 0.0018893
4190 5917 0.0018893
5918 5917 0.0018893
5917 5918 0.00030271
5920 5918 0.00030271
5978 5918 0.00030271
5917 5919 0.0016937
5920 5919 0.0016937
5978 5919 0.0016937
4192 5920 0.00019063
5919 5920 0.00019063
5980 5920 0.00019063
4185 5921 0.011979
4186 5921 0.011979
5922 5921 0.011979
5921 5922 0.012931
5924 5922 0.012931
5973 5922 0.012931
5921 5923 0.0065334
5924 5923 0.0065334
5973 5923 0.0065334
4167 5924 0.0080022
4168 5924 0.0080022
5923 5924 0.0080022
5926 5924 0.0080022
4167 5925 0.0011028
4168 5925 0.0011028
5923 5925 0.0011028
5926 5925 0.0011028
5925 5926 0.0022065
5976 5926 0.0022065
5979 5926 0.0022065
4183 5927 0.014321
4184 5927 0.014321
5928 5927 0.014321
5927 5928 0.015445
5930 5928 0.015445
5974 5928 0.015445
5927 5929 0.0097899
5930 5929 0.0097899
5974 5929 0.0097899
4165 5930 0.010397
4166 5930 0.010397
5929 5930 0.010397
5972 5930 0.010397
4179 5931 0.020653
4180 5931 0.020653
4170 5932 0.0026449
4173 5932 0.0026449
5933 5932 0.0026449
5790 5933 0.0021504
5791 5933 0.0021504
5932 5933 0.0021504
5969 5933 0.0021504
5790 5968 0.00058703
5791 5968 0.00058703
5932 5968 0.00058703
5969 5968 0.00058703
2327 5969 0.00073258
4708 5969 0.00073258
5968 5969 0.00073258
4172 5970 0.020199
5797 5970 0.020199
4165 5971 0.00081835
4166 5971 0.00081835
5929 5971 0.00081835
5972 5971 0.00081835
2331 5972 0.0014263
4196 5972 0.0014263
5971 5972 0.0014263
7256 5972 0.0014263
5927 5973 0.0082694
5930 5973 0.0082694
5974 5973 0.0082694
5921 5974 0.0087865
5924 5974 0.0087865
5973 5974 0.0087865
5925 5975 0.00048529
5976 5975 0.00048529
5979 5975 0.00048529
2330 5976 0.0012203
2333 5976 0.0012203
5975 5976 0.0012203
5917 5977 0.00057169
5920 5977 0.00057169
5978 5977 0.00057169
2334 5978 0.00048819
2337 5978 0.00048819
5977 5978 0.00048819
7152 5978 0.00048819
4192 5979 0.0012711
5919 5979 0.0012711
5980 5979 0.0012711
5925 5980 0.0009024
5976 5980 0.0009024
5979 5980 0.0009024
5789 5981 0.00043276
5911 5981 0.00043276
5913 5981 0.00043276
5982 5981 0.00043276
3189 5982 0.00080797
4707 5982 0.00080797
5981 5982 0.00080797
7130 5982 0.00080797
570 6431 0.00059146
6429 6431 0.00059146
6432 6431 0.00059146
4805 6433 0.063653
6431 6433 0.063653
6434 6433 0.063653
981 6435 0.70071
5779 6435 0.70071
6433 6435 0.70071
6436 6435 0.70071
2642 6467 0.00020143
2643 6467 0.00020143
4191 6468 0.0045822
4666 6468 0.0045822
6469 6468 0.0045822
2336 6469 0.00037994
2339 6469 0.00037994
4709 6469 0.00037994
5776 6716 0.022897
6468 6716 0.022897
2638 6717 0.17318
2324 7130 0.00035384
7131 7130 0.00035384
3189 7131 0.0002226
4707 7131 0.0002226
5981 7131 0.0002226
7130 7131 0.0002226
5893 7254 0.00070905
7255 7254 0.00070905
2329 7255 0.00081097
5896 7255 0.00081097
7254 7255 0.00081097
7258 7255 0.00081097
2328 7256 0.00054737
7257 7256 0.00054737
2331 7257 0.0010365
4196 7257 0.0010365
5971 7257 0.0010365
7256 7257 0.0010365
2326 7258 0.00041051
7259 7258 0.00041051
2329 7259 0.00080003
5896 7259 0.00080003
7254 7259 0.00080003
7258 7259 0.00080003
