330 329 0.0068568
629 329 0.0068568
6320 329 0.0068568
6323 329 0.0068568
329 330 0.0068568
4474 330 0.0068568
4477 330 0.0068568
332 331 0.0017951
333 331 0.0017951
628 331 0.0017951
331 332 0.0053516
630 332 0.0053516
6319 332 0.0053516
338 337 0.00025913
340 337 0.00025913
339 340 0.00025913
633 340 0.00025913
2743 340 0.00025913
605 604 0.00028864
2227 604 0.00028864
2230 604 0.00028864
604 605 0.0012102
5538 605 0.0012102
5541 605 0.0012102
607 606 0.48739
6341 606 0.48739
6344 606 0.48739
622 623 0.4495
4471 623 0.4495
330 628 0.0017951
629 628 0.0017951
6320 628 0.0017951
6323 628 0.0017951
332 629 0.0053516
333 629 0.0053516
628 629 0.0053516
339 632 0.00033665
633 632 0.00033665
2743 632 0.00033665
632 633 0.00033665
4479 633 0.00033665
6315 633 0.00033665
642 643 0.0010797
4256 643 0.0010797
4257 643 0.0010797
695 694 0.0029522
697 694 0.0029522
2741 694 0.0029522
694 695 0.0060699
2019 695 0.0060699
5296 695 0.0060699
5302 695 0.0060699
695 696 0.0018415
697 696 0.0018415
2741 696 0.0018415
696 697 0.012982
701 697 0.012982
5299 697 0.012982
699 698 0.0020574
2018 698 0.0020574
5301 698 0.0020574
698 699 0.0019461
5297 699 0.0019461
5300 699 0.0019461
696 700 0.0030492
701 700 0.0030492
5299 700 0.0030492
700 701 0.017308
4280 701 0.017308
4281 701 0.017308
1164 1163 1
311 1198 0.052711
1197 1198 0.052711
4932 1198 0.052711
1199 1200 0.0062329
1202 1200 0.0062329
5522 1200 0.0062329
1201 1202 0.0092872
1204 1202 0.0092872
4926 1202 0.0092872
1203 1204 0.007387
5525 1204 0.007387
5527 1204 0.007387
699 2017 0.0024579
2018 2017 0.0024579
5301 2017 0.0024579
2017 2018 0.0028566
5295 2018 0.0028566
5298 2018 0.0028566
313 2227 0.010986
2228 2227 0.010986
5536 2227 0.010986
605 2229 0.011907
2227 2229 0.011907
2230 2229 0.011907
603 2231 0.011907
2229 2231 0.011907
2232 2231 0.011907
2234 2233 0.0039706
4929 2233 0.0039706
6770 2233 0.0039706
2742 2741 0.0044299
4237 2741 0.0044299
4240 2741 0.0044299
695 2742 0.018688
697 2742 0.018688
2741 2742 0.018688
337 2743 0.00025913
2744 2743 0.00025913
6317 2743 0.00025913
702 4234 0.93713
4233 4234 0.93713
4236 4234 0.93713
4235 4236 0.93713
4238 4236 0.93713
4483 4236 0.93713
2742 4238 0.93713
4237 4238 0.93713
4240 4238 0.93713
4239 4240 0.92287
4242 4240 0.92287
4481 4240 0.92287
4241 4242 0.92287
4252 4242 0.92287
6730 4242 0.92287
654 4243 0.93713
4244 4243 0.93713
4467 4243 0.93713
4241 4251 0.018194
4252 4251 0.018194
6730 4251 0.018194
4245 4252 0.0039356
4251 4252 0.0039356
4282 4252 0.0039356
4253 4254 0.001054
4276 4254 0.001054
4283 4254 0.001054
4254 4256 0.0010797
4255 4256 0.0010797
4259 4256 0.0010797
643 4277 0.0011332
4278 4277 0.0011332
4279 4277 0.0011332
708 4278 0.00010908
4277 4278 0.00010908
4284 4278 0.00010908
700 4279 0.0011288
4280 4279 0.0011288
4281 4279 0.0011288
643 4280 0.0011285
4278 4280 0.0011285
4279 4280 0.0011285
4245 4281 0.018194
4251 4281 0.018194
4282 4281 0.018194
700 4282 0.0039356
4280 4282 0.0039356
4281 4282 0.0039356
708 4283 0.0011085
4277 4283 0.0011085
4284 4283 0.0011085
4287 4288 1
4485 4288 1
4502 4288 1
787 4290 1
4288 4290 1
4289 4290 1
4292 4291 0.035991
4293 4291 0.035991
4290 4292 0.0045527
4291 4292 0.0045527
4295 4292 0.0045527
4294 4293 0.035991
4297 4293 0.035991
4292 4294 0.0045527
4293 4294 0.0045527
4296 4295 0.0045527
4298 4295 0.0045527
4290 4296 0.035991
4291 4296 0.035991
4295 4296 0.035991
4296 4297 0.035991
4298 4297 0.035991
4294 4298 0.0045527
4297 4298 0.0045527
321 4465 0.93713
4243 4465 0.93713
4466 4465 0.93713
319 4467 0.93713
4468 4467 0.93713
4699 4467 0.93713
623 4469 0.4495
4470 4469 0.4495
624 4471 0.4495
4472 4471 0.4495
4475 4471 0.4495
329 4473 0.4495
4474 4473 0.4495
4477 4473 0.4495
4476 4475 0.4495
6326 4475 0.4495
6732 4475 0.4495
335 4477 0.4495
4478 4477 0.4495
6316 4477 0.4495
341 4479 0.4495
4480 4479 0.4495
6235 4479 0.4495
652 4485 0.062872
4486 4485 0.062872
4487 4485 0.062872
317 4487 0.062872
4488 4487 0.062872
4489 4487 0.062872
650 4489 0.062872
4490 4489 0.062872
4491 4489 0.062872
4492 4491 0.062872
6694 4491 0.062872
7279 4491 0.062872
1198 4493 0.062872
4494 4493 0.062872
4495 4493 0.062872
1200 4495 0.010173
4496 4495 0.010173
4497 4495 0.010173
4498 4497 0.0039706
4928 4497 0.0039706
6784 4497 0.0039706
2233 4499 0.0039654
4500 4499 0.0039654
6699 4499 0.0039654
692 4502 0.93713
4501 4502 0.93713
4504 4502 0.93713
658 4504 0.93713
4234 4504 0.93713
4503 4504 0.93713
4698 4697 0.93713
4703 4697 0.93713
4936 4697 0.93713
4697 4699 0.93713
4700 4699 0.93713
4706 4699 0.93713
4702 4701 0.93713
4933 4701 0.93713
5558 4701 0.93713
4696 4703 0.93713
4701 4703 0.93713
4704 4703 0.93713
4924 4923 0.0095636
5520 4923 0.0095636
5555 4923 0.0095636
4923 4924 0.0098029
5551 4924 0.0098029
5553 4924 0.0098029
4925 4926 0.001984
4930 4926 0.001984
5524 4926 0.001984
2234 4930 0.0079371
4929 4930 0.0079371
6770 4930 0.0079371
4931 4932 0.052711
5523 4932 0.052711
5528 4932 0.052711
694 5295 0.0012581
2019 5295 0.0012581
5296 5295 0.0012581
5302 5295 0.0012581
2017 5296 0.0040885
5295 5296 0.0040885
5298 5296 0.0040885
2017 5297 0.0020393
5295 5297 0.0020393
5298 5297 0.0020393
698 5298 0.0052683
5297 5298 0.0052683
5300 5298 0.0052683
698 5299 0.0036218
5297 5299 0.0036218
5300 5299 0.0036218
696 5300 0.0067395
701 5300 0.0067395
5299 5300 0.0067395
694 5301 0.0019972
2019 5301 0.0019972
5296 5301 0.0019972
5302 5301 0.0019972
699 5302 0.0022846
2018 5302 0.0022846
5301 5302 0.0022846
606 5518 0.48739
5519 5518 0.48739
5518 5520 0.037455
5521 5520 0.037455
5556 5520 0.037455
4924 5521 0.0010694
5520 5521 0.0010694
5555 5521 0.0010694
4931 5522 0.0032401
5523 5522 0.0032401
5528 5522 0.0032401
1199 5523 0.0063237
1202 5523 0.0063237
5522 5523 0.0063237
1203 5524 0.00020903
5525 5524 0.00020903
5527 5524 0.00020903
4925 5525 0.0061718
4930 5525 0.0061718
5524 5525 0.0061718
1203 5526 0.0016166
5525 5526 0.0016166
5527 5526 0.0016166
5526 5527 0.0029655
5529 5527 0.0029655
5531 5527 0.0029655
5526 5528 0.049625
5529 5528 0.049625
5531 5528 0.049625
5530 5531 0.050965
5535 5531 0.050965
5540 5531 0.050965
5532 5533 0.010591
6347 5533 0.010591
6350 5533 0.010591
5533 5535 0.049206
5534 5535 0.049206
5550 5535 0.049206
5537 5536 0.010986
5539 5536 0.010986
6812 5536 0.010986
5537 5538 0.00272
5539 5538 0.00272
6812 5538 0.00272
604 5540 0.0018665
5538 5540 0.0018665
5541 5540 0.0018665
5530 5541 0.00010712
5535 5541 0.00010712
5540 5541 0.00010712
5543 5542 0.024236
5544 5542 0.024236
5547 5542 0.024236
5545 5544 0.031899
5549 5544 0.031899
6343 5544 0.031899
5543 5546 0.0080004
5544 5546 0.0080004
5547 5546 0.0080004
5546 5547 0.00033951
5548 5547 0.00033951
5552 5547 0.00033951
5545 5548 0.031255
5549 5548 0.031255
6343 5548 0.031255
4923 5550 0.038733
5551 5550 0.038733
5553 5550 0.038733
5546 5553 0.038875
5548 5553 0.038875
5552 5553 0.038875
4924 5554 0.037471
5520 5554 0.037471
5555 5554 0.037471
5554 5555 0.00084591
5557 5555 0.00084591
5561 5555 0.00084591
5518 5557 0.45109
5521 5557 0.45109
5556 5557 0.45109
4469 5558 0.93713
5559 5558 0.93713
5560 5558 0.93713
5554 5560 0.48765
5557 5560 0.48765
5561 5560 0.48765
637 6235 0.4495
6236 6235 0.4495
6342 6235 0.4495
7146 6235 0.4495
632 6316 0.4495
4479 6316 0.4495
6315 6316 0.4495
330 6319 0.0053516
629 6319 0.0053516
6320 6319 0.0053516
6323 6319 0.0053516
331 6320 0.0017951
630 6320 0.0017951
6319 6320 0.0017951
343 6335 1
6336 6335 1
6778 6335 1
6330 6337 1
6335 6337 1
6338 6337 1
6337 6339 1
6340 6339 1
6867 6339 1
637 6341 0.5505
6236 6341 0.5505
6342 6341 0.5505
7146 6341 0.5505
607 6343 0.063111
6341 6343 0.063111
6344 6343 0.063111
609 6345 0.024236
5542 6345 0.024236
6346 6345 0.024236
315 6347 0.024236
6345 6347 0.024236
6348 6347 0.024236
5532 6349 0.013666
6347 6349 0.013666
6350 6349 0.013666
4465 6728 0.93713
6729 6728 0.93713
6728 6730 0.93713
6731 6730 0.93713
4473 6732 0.4495
6733 6732 0.4495
2231 6770 0.011907
6771 6770 0.011907
1163 6776 1
6777 6776 1
6776 6778 1
6779 6778 1
4499 6784 0.0039654
6785 6784 0.0039654
6339 6802 1
6803 6802 1
6805 6804 1
7144 6804 1
6349 6812 0.013666
6813 6812 0.013666
6802 7144 1
7145 7144 1
6804 7146 1
7147 7146 1
4493 7279 0.062872
7280 7279 0.062872
