2 1 0.0019549
1225 1 0.0019549
4679 1 0.0019549
550 549 0.75543
2391 549 0.75543
2392 549 0.75543
597 596 0.99752
1141 596 0.99752
5112 596 0.99752
5128 596 0.99752
1138 1139 0.00023226
1140 1139 0.00023226
6800 1139 0.00023226
1139 1140 0.00016637
5077 1140 0.00016637
5126 1140 0.00016637
6223 1140 0.00016637
1142 1141 0.0014862
5079 1141 0.0014862
6798 1141 0.0014862
597 1142 0.003964
1141 1142 0.003964
5112 1142 0.003964
5128 1142 0.003964
2277 1225 0.0043752
5109 1225 0.0043752
5462 1312 0.00022181
6768 1312 0.00022181
1332 1331 0.0019735
1405 1331 0.0019735
5061 1331 0.0019735
5124 1331 0.0019735
1406 1405 0.0019735
1812 1405 0.0019735
1864 1405 0.0019735
1808 1805 0.074534
4680 1805 0.074534
5101 1805 0.074534
1807 1808 0.073959
5115 1808 0.073959
1308 1812 0.00023048
1813 1812 0.00023048
2735 1812 0.00023048
1826 1827 0.00022269
3149 1827 0.00022269
3152 1827 0.00022269
1853 1852 0.00010002
5060 1852 0.00010002
5618 1852 0.00010002
1865 1864 0.0017637
5608 1864 0.0017637
5615 1864 0.0017637
2151 2150 0.00010648
3649 2150 0.00010648
3652 2150 0.00010648
6823 2150 0.00010648
2150 2151 0.00010648
6797 2151 0.00010648
2152 2153 0.24457
6824 2153 0.24457
2154 2155 1
6809 2155 1
1805 2277 1.0024
2278 2277 1.0024
4682 2277 1.0024
2383 2382 0.24462
2385 2382 0.24462
2386 2382 0.24462
2384 2385 1.0001
6904 2385 1.0001
2383 2387 0.75543
2385 2387 0.75543
2386 2387 0.75543
2387 2391 0.75543
2388 2391 0.75543
2390 2391 0.75543
1 2467 0.001955
2466 2467 0.001955
2630 2467 0.001955
2628 2629 1
7181 2629 1
82 2661 0.00011151
2662 2661 0.00011151
2663 2661 0.00011151
2673 2661 0.00011151
2661 2662 0.00011151
3643 2662 0.00011151
3646 2662 0.00011151
2736 2735 0.00023048
5059 2735 0.00023048
5606 2735 0.00023048
5609 2735 0.00023048
3150 3149 0.0002261
4674 3149 0.0002261
7178 3149 0.0002261
2661 3645 0.00011266
3643 3645 0.00011266
3646 3645 0.00011266
2382 3646 0.00011266
3645 3646 0.00011266
3648 3646 0.00011266
2382 3647 0.24462
3645 3647 0.24462
3648 3647 0.24462
3647 3649 0.24457
3650 3649 0.24457
2151 3651 0.0019291
3649 3651 0.0019291
3652 3651 0.0019291
6823 3651 0.0019291
3212 3652 0.0019116
3651 3652 0.0019116
3654 3652 0.0019116
3212 3653 0.0018651
3651 3653 0.0018651
3654 3653 0.0018651
3653 3654 0.0018276
3656 3654 0.0018276
6210 3654 0.0018276
3653 3655 0.00049844
3656 3655 0.00049844
6210 3655 0.00049844
3655 3656 0.0015256
3658 3656 0.0015256
6205 3656 0.0015256
1827 4671 0.00022194
2656 4671 0.00022194
4672 4671 0.00022194
1312 4674 1.0002
2155 4674 1.0002
4673 4674 1.0002
1808 4679 0.00054146
4680 4679 0.00054146
5101 4679 0.00054146
2 4680 0.0011555
1225 4680 0.0011555
4679 4680 0.0011555
2629 4682 0.92793
4681 4682 0.92793
5113 4682 0.92793
4855 4853 0.17624
5587 4853 0.17624
4855 4854 0.0026537
5587 4854 0.0026537
4854 4855 0.0085619
5127 4855 0.0085619
4864 4856 0.0044977
6887 4856 0.0044977
4858 4857 0.82542
6221 4857 0.82542
4853 4858 0.0016572
4857 4858 0.0016572
4860 4858 0.0016572
4853 4859 1
4857 4859 1
4860 4859 1
4859 4861 1.0045
4862 4861 1.0045
5586 4861 1.0045
4864 4863 1
6887 4863 1
4863 4865 0.0017587
4866 4865 0.0017587
4865 4866 0.0261
4867 4866 0.0261
4898 4866 0.0261
4871 4867 0.02251
4880 4867 0.02251
4869 4868 0.0039438
4879 4868 0.0039438
4896 4869 0.0021125
4899 4869 0.0021125
4871 4870 0.0019192
4880 4870 0.0019192
4870 4874 0.0019192
4872 4874 0.0019192
4875 4874 0.0019192
4874 4879 0.0019192
4877 4879 0.0019192
4878 4879 0.0019192
4863 4880 0.024342
4866 4880 0.024342
4865 4897 0.0020861
4867 4897 0.0020861
4898 4897 0.0020861
4868 4898 0.0039174
4897 4898 0.0039174
4900 4898 0.0039174
4868 4899 0.0021125
4897 4899 0.0021125
4900 4899 0.0021125
1853 5059 0.00021592
5060 5059 0.00021592
5618 5059 0.00021592
5114 5069 0.074915
5116 5069 0.074915
1139 5076 0.0014451
5077 5076 0.0014451
5126 5076 0.0014451
6223 5076 0.0014451
5076 5077 0.0038579
6799 5077 0.0038579
1142 5078 0.00023214
5079 5078 0.00023214
6798 5078 0.00023214
1135 5079 0.00016704
5078 5079 0.00016704
5081 5079 0.00016704
1135 5080 0.00023192
5078 5080 0.00023192
5081 5080 0.00023192
5080 5081 0.00016626
6801 5081 0.00016626
2277 5110 0.99805
5109 5110 0.99805
1331 5112 1
1414 5112 1
5110 5112 1
5111 5112 1
2 5113 0.0018087
1225 5113 0.0018087
4679 5113 0.0018087
2629 5114 0.07392
4681 5114 0.07392
5113 5114 0.07392
5069 5115 0.074915
1807 5116 0.00099465
5115 5116 0.00099465
4854 5126 0.0026537
5127 5126 0.0026537
1139 5127 0.0085619
5077 5127 0.0085619
5126 5127 0.0085619
6223 5127 0.0085619
4856 5586 0.0044977
4858 5587 0.17033
6221 5587 0.17033
2736 5608 0.00015627
5059 5608 0.00015627
5606 5608 0.00015627
5609 5608 0.00015627
2467 5615 0.0016737
5614 5615 0.0016737
5617 5615 0.0016737
2467 5616 0.00029016
5614 5616 0.00029016
5617 5616 0.00029016
1814 5618 0.00029016
5616 5618 0.00029016
5619 5618 0.00029016
6206 6205 0.001522
6209 6205 0.001522
6211 6205 0.001522
3655 6206 0.00045732
3658 6206 0.00045732
6205 6206 0.00045732
3653 6209 0.001522
3656 6209 0.001522
6210 6209 0.001522
6206 6210 0.00045732
6209 6210 0.00045732
6211 6210 0.00045732
596 6221 0.9941
6222 6221 0.9941
6224 6221 0.9941
596 6223 0.0079417
6222 6223 0.0079417
6224 6223 0.0079417
1139 6224 0.0045122
5077 6224 0.0045122
5126 6224 0.0045122
6223 6224 0.0045122
6769 6768 0.00022194
7281 6768 0.00022194
2150 6796 0.00010648
6797 6796 0.00010648
6796 6797 0.00010648
7183 6797 0.00010648
5076 6798 0.0014451
6799 6798 0.0014451
1142 6799 0.0038579
5079 6799 0.0038579
6798 6799 0.0038579
5080 6800 0.00023192
6801 6800 0.00023192
1138 6801 0.00016626
1140 6801 0.00016626
6800 6801 0.00016626
549 6809 1
2153 6809 1
2864 6809 1
6808 6809 1
2151 6824 0.24457
3649 6824 0.24457
3652 6824 0.24457
6823 6824 0.24457
6825 6826 1
7179 6826 1
4861 6887 1.0045
6888 6887 1.0045
6903 6904 1.0001
6906 6904 1.0001
6916 6904 1.0001
6903 6905 0.18639
6906 6905 0.18639
6916 6905 0.18639
6905 6906 0.24414
6908 6906 0.24414
6910 6906 0.24414
6905 6907 0.30666
6908 6907 0.30666
6910 6907 0.30666
6907 6908 0.11756
6914 6908 0.11756
6917 6908 0.11756
6905 6909 0.068319
6908 6909 0.068319
6910 6909 0.068319
6909 6910 0.31517
6912 6910 0.31517
7072 6910 0.31517
6913 6911 1
6911 6912 1
6913 6912 1
6915 6914 0.7554
6919 6914 0.7554
7071 6914 0.7554
6907 6915 0.0022034
6914 6915 0.0022034
6917 6915 0.0022034
6907 6916 0.94589
6914 6916 0.94589
6917 6916 0.94589
6903 6917 0.0035852
6906 6917 0.0035852
6916 6917 0.0035852
6909 7071 0.75536
6912 7071 0.75536
7072 7071 0.75536
6915 7072 0.0022106
6919 7072 0.0022106
7071 7072 0.0022106
3150 7179 1
4674 7179 1
7178 7179 1
6826 7181 1
7180 7181 1
6796 7182 0.00010648
7183 7182 0.00010648
7182 7183 0.00010648
7185 7183 0.00010648
7182 7184 0.00010648
7185 7184 0.00010648
7184 7185 0.00010648
7288 7185 0.00010648
4671 7281 0.00022194
7282 7281 0.00022194
7184 7287 0.00010648
7288 7287 0.00010648
2149 7288 0.00010648
7287 7288 0.00010648
