2 1 0.0021442
1225 1 0.0021442
4679 1 0.0021442
295 296 0.0013347
297 296 0.0013347
298 297 0.0013347
1338 297 0.0013347
1403 297 0.0013347
5596 297 0.0013347
309 310 0.00043603
2145 310 0.00043603
5494 310 0.00043603
597 596 0.99747
1141 596 0.99747
5112 596 0.99747
5128 596 0.99747
1123 1124 0.018872
2461 1124 0.018872
3067 1124 0.018872
3069 1124 0.018872
5103 1125 0.00041519
5143 1125 0.00041519
1138 1139 0.00028081
1140 1139 0.00028081
6800 1139 0.00028081
1139 1140 0.00016636
5077 1140 0.00016636
5126 1140 0.00016636
6223 1140 0.00016636
1142 1141 0.0014867
5079 1141 0.0014867
6798 1141 0.0014867
597 1142 0.0039638
1141 1142 0.0039638
5112 1142 0.0039638
5128 1142 0.0039638
2277 1225 0.0043735
5109 1225 0.0043735
1301 1300 0.0004419
2463 1300 0.0004419
5146 1300 0.0004419
1300 1301 0.0025039
1371 1301 0.0025039
2464 1301 0.0025039
1302 1303 0.013226
3157 1303 0.013226
7142 1303 0.013226
5462 1312 0.0006557
6768 1312 0.0006557
1316 1315 0.00033101
2451 1315 0.00033101
2452 1315 0.00033101
1315 1316 0.00092558
2501 1316 0.00092558
2502 1316 0.00092558
1318 1317 0.0002795
1432 1317 0.0002795
2453 1317 0.0002795
1317 1318 0.0010263
2500 1318 0.0010263
5368 1318 0.0010263
1321 1322 0.00018102
5308 1322 0.00018102
5309 1322 0.00018102
1322 1324 0.00018102
1323 1324 0.00018102
5130 1324 0.00018102
1326 1325 0.00020755
1328 1325 0.00020755
1330 1325 0.00020755
1411 1325 0.00020755
1332 1331 0.0021624
1405 1331 0.0021624
5061 1331 0.0021624
5124 1331 0.0021624
298 1337 0.013226
1338 1337 0.013226
1403 1337 0.013226
5596 1337 0.013226
1340 1339 0.12381
1437 1339 0.12381
1440 1339 0.12381
1339 1340 0.011876
2300 1340 0.011876
4510 1340 0.011876
1346 1345 0.00028589
1383 1345 0.00028589
6665 1345 0.00028589
1345 1346 0.00036655
5364 1346 0.00036655
5599 1346 0.00036655
1354 1353 0.0055221
1441 1353 0.0055221
1444 1353 0.0055221
1353 1354 0.00033023
4571 1354 0.00033023
4574 1354 0.00033023
1356 1355 0.039827
1439 1355 0.039827
1442 1355 0.039827
1355 1356 0.00083681
1358 1356 0.00083681
4573 1356 0.00083681
1355 1357 0.041687
1358 1357 0.041687
4573 1357 0.041687
1357 1358 0.0063896
1408 1358 0.0063896
2301 1358 0.0063896
3158 1358 0.0063896
1360 1359 0.00075254
1435 1359 0.00075254
1873 1359 0.00075254
1362 1361 0.0051559
5355 1361 0.0051559
5358 1361 0.0051559
1364 1363 0.00064741
1366 1363 0.00064741
1391 1363 0.00064741
1365 1366 0.00064741
5357 1366 0.00064741
5360 1366 0.00064741
1368 1367 0.0023991
1387 1367 0.0023991
1389 1367 0.0023991
1367 1368 0.00029277
3068 1368 0.00029277
1372 1371 0.0028933
1381 1371 0.0028933
5173 1371 0.0028933
1300 1372 0.00036248
1371 1372 0.00036248
2464 1372 0.00036248
1361 1379 0.0051559
1377 1379 0.0051559
1380 1379 0.0051559
1363 1381 0.0056972
1379 1381 0.0056972
1382 1381 0.0056972
1384 1383 0.00051201
5361 1383 0.00051201
5598 1383 0.00051201
1346 1384 0.00042923
1383 1384 0.00042923
6665 1384 0.00042923
1386 1385 0.0075589
5359 1385 0.0075589
5362 1385 0.0075589
1388 1387 0.0023991
5370 1387 0.0023991
6669 1387 0.0023991
1368 1388 0.00029277
1387 1388 0.00029277
1389 1388 0.00029277
1351 1394 0.0089009
1393 1394 0.0089009
4572 1394 0.0089009
1400 1399 0.0049576
2310 1399 0.0049576
2313 1399 0.0049576
1402 1401 0.0049573
2421 1401 0.0049573
6760 1401 0.0049573
1401 1403 0.0047238
1404 1403 0.0047238
1436 1403 0.0047238
1406 1405 0.0021624
1812 1405 0.0021624
1864 1405 0.0021624
1357 1407 0.00021181
1408 1407 0.00021181
2301 1407 0.00021181
3158 1407 0.00021181
1407 1409 0.00021181
1410 1409 0.00021181
1868 1409 0.00021181
1409 1411 0.00021181
1412 1411 0.00021181
1870 1411 0.00021181
551 1414 0.00018102
1324 1414 0.00018102
1413 1414 0.00018102
1420 1419 0.14265
2304 1419 0.14265
2307 1419 0.14265
1419 1420 0.039313
2308 1420 0.039313
5345 1420 0.039313
5947 1420 0.039313
1303 1430 0.013422
1325 1430 0.013422
1429 1430 0.013422
1318 1431 0.0059076
1432 1431 0.0059076
2453 1431 0.0059076
1434 1433 0.0057075
2455 1433 0.0057075
5808 1433 0.0057075
1401 1435 0.00053238
1404 1435 0.00053238
1436 1435 0.00053238
1360 1436 0.00029785
1435 1436 0.00029785
1873 1436 0.00029785
1438 1437 0.15856
2303 1437 0.15856
4509 1437 0.15856
1340 1438 0.0017937
1437 1438 0.0017937
1440 1438 0.0017937
1340 1439 0.044864
1437 1439 0.044864
1440 1439 0.044864
1356 1441 0.005998
1439 1441 0.005998
1442 1441 0.005998
1354 1442 0.00015685
1441 1442 0.00015685
1444 1442 0.00015685
1354 1443 0.000652
1441 1443 0.000652
1444 1443 0.000652
307 1445 0.000652
1443 1445 0.000652
1446 1445 0.000652
1808 1805 0.091942
4680 1805 0.091942
5101 1805 0.091942
1808 1807 0.00012517
4680 1807 0.00012517
5101 1807 0.00012517
1807 1808 0.072638
5115 1808 0.072638
1308 1812 0.00025126
1813 1812 0.00025126
2735 1812 0.00025126
296 1822 0.0013347
299 1822 0.0013347
1823 1822 0.0013347
1827 1826 0.00039942
2656 1826 0.00039942
4672 1826 0.00039942
1826 1827 0.00062114
3149 1827 0.00062114
3152 1827 0.00062114
1337 1830 0.014549
1831 1830 0.014549
5653 1830 0.014549
1833 1832 0.00033296
1837 1832 0.00033296
5638 1832 0.00033296
5644 1832 0.00033296
1832 1833 0.0002046
1839 1833 0.0002046
5636 1833 0.0002046
1835 1834 0.0012043
5640 1834 0.0012043
5642 1834 0.0012043
5645 1834 0.0012043
1834 1835 0.0011453
2505 1835 0.0011453
2506 1835 0.0011453
1833 1836 0.00030459
1837 1836 0.00030459
5638 1836 0.00030459
5644 1836 0.00030459
1836 1837 0.00015822
2513 1837 0.00015822
2514 1837 0.00015822
1832 1838 0.00021036
1839 1838 0.00021036
5636 1838 0.00021036
1838 1839 0.00013635
2515 1839 0.00013635
2516 1839 0.00013635
1853 1852 0.00010929
5060 1852 0.00010929
5618 1852 0.00010929
1865 1864 0.0019337
5608 1864 0.0019337
5615 1864 0.0019337
1360 1872 0.00016715
1435 1872 0.00016715
1873 1872 0.00016715
1872 1873 0.00058758
5590 1873 0.00058758
5593 1873 0.00058758
1805 2277 1.002
2278 2277 1.002
4682 2277 1.002
1357 2300 0.00018644
1408 2300 0.00018644
2301 2300 0.00018644
3158 2300 0.00018644
1339 2301 0.9504
2300 2301 0.9504
4510 2301 0.9504
2302 2303 0.99504
4508 2303 0.99504
5353 2303 0.99504
2305 2304 0.00032002
4507 2304 0.00032002
5946 2304 0.00032002
1420 2305 0.79705
2304 2305 0.79705
2307 2305 0.79705
1420 2306 0.000284
2304 2306 0.000284
2307 2306 0.000284
2306 2307 0.90036
2312 2307 0.90036
5343 2307 0.90036
5945 2307 0.90036
2309 2308 0.13687
3758 2308 0.13687
5944 2308 0.13687
1419 2309 0.041899
2308 2309 0.041899
5345 2309 0.041899
5947 2309 0.041899
2306 2313 0.0049576
2312 2313 0.0049576
5343 2313 0.0049576
5945 2313 0.0049576
2449 2448 0.00021399
2450 2448 0.00021399
2510 2448 0.00021399
2448 2449 0.0042115
2478 2449 0.0042115
5517 2449 0.0042115
2449 2451 0.004595
2450 2451 0.004595
2510 2451 0.004595
1316 2453 0.0051678
2451 2453 0.0051678
2452 2453 0.0051678
1431 2455 0.0058854
1846 2455 0.0058854
2454 2455 0.0058854
1433 2457 0.0057821
1844 2457 0.0057821
2456 2457 0.0057821
2458 2459 0.006127
5373 2459 0.006127
6663 2459 0.006127
6664 2459 0.006127
2460 2461 0.011547
6667 2461 0.011547
6668 2461 0.011547
1301 2462 0.0025039
2463 2462 0.0025039
5146 2462 0.0025039
2462 2463 0.0004419
3070 2463 0.0004419
5172 2463 0.0004419
1300 2465 0.0005093
1371 2465 0.0005093
2464 2465 0.0005093
1 2467 0.0021443
2466 2467 0.0021443
2630 2467 0.0021443
2489 2488 0.00033807
2490 2488 0.00033807
2517 2488 0.00033807
2491 2490 0.00052818
2492 2490 0.00052818
5637 2490 0.00052818
2489 2491 0.00012969
2490 2491 0.00012969
2517 2491 0.00012969
2493 2492 0.00068591
2494 2492 0.00068591
5639 2492 0.00068591
2491 2493 0.00034177
2492 2493 0.00034177
5637 2493 0.00034177
2495 2494 0.00091218
2496 2494 0.00091218
5641 2494 0.00091218
2493 2495 0.00060272
2494 2495 0.00060272
5639 2495 0.00060272
2497 2496 0.0024393
2498 2496 0.0024393
5647 2496 0.0024393
2495 2497 0.002132
2496 2497 0.002132
5641 2497 0.002132
2499 2498 0.017419
3155 2498 0.017419
4512 2498 0.017419
2497 2499 0.0070838
2498 2499 0.0070838
5647 2499 0.0070838
1315 2500 0.00072768
2501 2500 0.00072768
2502 2500 0.00072768
1317 2501 0.00030869
2500 2501 0.00030869
5368 2501 0.00030869
2503 2502 0.001281
2504 2502 0.001281
2511 2502 0.001281
2512 2502 0.001281
1315 2503 0.00026743
2501 2503 0.00026743
2502 2503 0.00026743
1834 2504 0.0016167
2505 2504 0.0016167
2506 2504 0.0016167
2503 2505 0.00032765
2504 2505 0.00032765
2511 2505 0.00032765
2512 2505 0.00032765
2507 2506 0.0019313
2508 2506 0.0019313
5643 2506 0.0019313
1834 2507 0.00070128
2505 2507 0.00070128
2506 2507 0.00070128
2509 2508 0.0030299
5646 2508 0.0030299
5649 2508 0.0030299
2507 2509 0.0014292
2508 2509 0.0014292
5643 2509 0.0014292
2503 2510 0.0011657
2504 2510 0.0011657
2511 2510 0.0011657
2512 2510 0.0011657
2449 2511 0.00059919
2450 2511 0.00059919
2510 2511 0.00059919
1836 2512 0.00055605
2513 2512 0.00055605
2514 2512 0.00055605
2503 2513 0.00026501
2504 2513 0.00026501
2511 2513 0.00026501
2512 2513 0.00026501
1838 2514 0.00033874
2515 2514 0.00033874
2516 2514 0.00033874
1836 2515 0.00019406
2513 2515 0.00019406
2514 2515 0.00019406
2489 2516 0.00022669
2490 2516 0.00022669
2517 2516 0.00022669
1838 2517 0.00015602
2515 2517 0.00015602
2516 2517 0.00015602
2628 2629 0.98061
7181 2629 0.98061
310 2656 0.00043722
2653 2656 0.00043722
2655 2656 0.00043722
2736 2735 0.00025126
5059 2735 0.00025126
5606 2735 0.00025126
5609 2735 0.00025126
1367 3067 0.0023991
3068 3067 0.0023991
1123 3068 0.00029277
2461 3068 0.00029277
3067 3068 0.00029277
3069 3068 0.00029277
2462 3069 0.0054359
3070 3069 0.0054359
5172 3069 0.0054359
1123 3070 0.0002108
2461 3070 0.0002108
3067 3070 0.0002108
3069 3070 0.0002108
1826 3150 0.97996
3149 3150 0.97996
3152 3150 0.97996
3151 3152 0.98018
3154 3152 0.98018
5499 3152 0.98018
5500 3152 0.98018
1830 3154 0.98061
3153 3154 0.98061
3156 3154 0.98061
5514 3154 0.98061
2499 3156 0.96176
3155 3156 0.96176
4512 3156 0.96176
1357 3157 0.9853
1408 3157 0.9853
2301 3157 0.9853
3158 3157 0.9853
2309 3757 0.0078512
3758 3757 0.0078512
5944 3757 0.0078512
2305 4508 0.99504
4507 4508 0.99504
5946 4508 0.99504
1339 4509 0.0067266
2300 4509 0.0067266
4510 4509 0.0067266
1438 4510 0.845
2303 4510 0.845
4509 4510 0.845
1349 4512 0.97208
4511 4512 0.97208
4514 4512 0.97208
4513 4514 0.97208
6864 4514 0.97208
1353 4572 0.0089009
4571 4572 0.0089009
4574 4572 0.0089009
1353 4573 0.0036085
4571 4573 0.0036085
4574 4573 0.0036085
1355 4574 0.0073009
1358 4574 0.0073009
4573 4574 0.0073009
1827 4671 0.00065608
2656 4671 0.00065608
4672 4671 0.00065608
1312 4674 0.00065604
2155 4674 0.00065604
4673 4674 0.00065604
1808 4679 0.00090702
4680 4679 0.00090702
5101 4679 0.00090702
2 4680 0.0011552
1225 4680 0.0011552
4679 4680 0.0011552
2629 4682 0.91013
4681 4682 0.91013
5113 4682 0.91013
4855 4853 0.17625
5587 4853 0.17625
4855 4854 0.0026537
5587 4854 0.0026537
4854 4855 0.008576
5127 4855 0.008576
4864 4856 0.0044977
6887 4856 0.0044977
4858 4857 0.82541
6221 4857 0.82541
4853 4858 0.0016573
4857 4858 0.0016573
4860 4858 0.0016573
4853 4859 1
4857 4859 1
4860 4859 1
4859 4861 1.0045
4862 4861 1.0045
5586 4861 1.0045
4864 4863 1
6887 4863 1
4863 4865 0.8385
4866 4865 0.8385
4865 4866 0.0015781
4867 4866 0.0015781
4898 4866 0.0015781
4871 4867 0.15744
4880 4867 0.15744
4869 4868 0.012851
4879 4868 0.012851
4896 4869 0.0072117
4899 4869 0.0072117
4871 4870 0.0062535
4880 4870 0.0062535
4870 4871 0.0006145
4872 4871 0.0006145
4875 4871 0.0006145
4870 4874 0.0062535
4872 4874 0.0062535
4875 4874 0.0062535
4874 4875 0.0006145
4877 4875 0.0006145
4878 4875 0.0006145
4869 4878 0.0006145
4879 4878 0.0006145
4874 4879 0.0062535
4877 4879 0.0062535
4878 4879 0.0062535
4863 4880 0.16308
4866 4880 0.16308
4905 4881 0.0037639
4908 4881 0.0037639
4902 4882 0.1548
7176 4882 0.1548
4882 4883 0.14627
4887 4883 0.14627
4881 4884 0.012292
4886 4884 0.012292
4881 4885 0.00035387
4886 4885 0.00035387
4885 4886 0.0088817
4889 4886 0.0088817
4892 4886 0.0088817
4888 4887 0.00035387
4891 4887 0.00035387
4894 4887 0.00035387
4882 4888 0.0088817
4887 4888 0.0088817
4885 4891 0.00035387
4889 4891 0.00035387
4892 4891 0.00035387
4888 4892 0.0088817
4891 4892 0.0088817
4894 4892 0.0088817
4896 4895 1
4899 4895 1
4865 4897 0.9946
4867 4897 0.9946
4898 4897 0.9946
4868 4898 0.00023686
4897 4898 0.00023686
4900 4898 0.00023686
4868 4899 1.0072
4897 4899 1.0072
4900 4899 1.0072
4902 4901 0.84636
7176 4901 0.84636
4883 4902 0.0011619
4901 4902 0.0011619
4904 4902 0.0011619
4883 4903 0.99157
4901 4903 0.99157
4904 4903 0.99157
4884 4905 1.0038
4903 4905 1.0038
4906 4905 1.0038
4905 4907 1
4908 4907 1
4910 4911 1
4912 4911 1
6845 4911 1
1853 5059 0.00023664
5060 5059 0.00023664
5618 5059 0.00023664
5114 5069 0.073577
5116 5069 0.073577
1139 5076 0.0014455
5077 5076 0.0014455
5126 5076 0.0014455
6223 5076 0.0014455
5076 5077 0.0038581
6799 5077 0.0038581
1142 5078 0.00023213
5079 5078 0.00023213
6798 5078 0.00023213
1135 5079 0.00016757
5078 5079 0.00016757
5081 5079 0.00016757
1135 5080 0.00023194
5078 5080 0.00023194
5081 5080 0.00023194
5080 5081 0.00016673
6801 5081 0.00016673
5100 5099 0.00033406
5136 5099 0.00033406
1124 5101 0.019184
5099 5101 0.019184
5102 5101 0.019184
5106 5105 0.00036004
5137 5105 0.00036004
1125 5106 0.00015679
5141 5106 0.00015679
2277 5110 0.99765
5109 5110 0.99765
1331 5112 0.99995
1414 5112 0.99995
5110 5112 0.99995
5111 5112 0.99995
2 5113 0.0019839
1225 5113 0.0019839
4679 5113 0.0019839
2629 5114 0.072513
4681 5114 0.072513
5113 5114 0.072513
5069 5115 0.073577
1807 5116 0.0010644
5115 5116 0.0010644
4854 5126 0.0026537
5127 5126 0.0026537
1139 5127 0.008576
5077 5127 0.008576
5126 5127 0.008576
6223 5127 0.008576
5105 5136 0.00034331
5140 5137 0.00020325
5144 5137 0.00020325
1125 5140 0.00035881
5141 5140 0.00035881
5138 5141 0.00010041
5142 5141 0.00010041
5103 5142 0.00010267
5143 5142 0.00010267
2465 5143 0.00051232
5097 5143 0.00051232
5140 5145 0.00015657
5144 5145 0.00015657
5145 5149 0.00015256
5148 5149 0.00015256
5175 5149 0.00015256
1860 5165 0.00015428
5149 5165 0.00015428
5164 5165 0.00015428
5108 5167 0.00015783
5152 5167 0.00015783
5165 5167 0.00015783
5166 5167 0.00015783
5154 5169 0.00015783
5167 5169 0.00015783
5168 5169 0.00015783
5160 5171 0.00015783
5169 5171 0.00015783
5170 5171 0.00015783
1372 5172 0.003226
1381 5172 0.003226
5173 5172 0.003226
5305 5306 0.00015902
5312 5306 0.00015902
5601 5306 0.00015902
5176 5308 0.00018101
5306 5308 0.00018101
5307 5308 0.00018101
5162 5312 0.00015783
5171 5312 0.00015783
5311 5312 0.00015783
3757 5343 1.0079
5344 5343 1.0079
1427 5355 0.013378
1430 5355 0.013378
5356 5355 0.013378
1362 5357 0.0082901
5355 5357 0.0082901
5358 5357 0.0082901
1365 5359 0.0076891
5357 5359 0.0076891
5360 5359 0.0076891
1386 5361 0.0005399
5359 5361 0.0005399
5362 5361 0.0005399
1384 5362 0.00037755
5361 5362 0.00037755
5598 5362 0.00037755
1345 5363 0.00037733
5364 5363 0.00037733
5599 5363 0.00037733
5363 5364 0.00037841
5810 5364 0.00037841
5813 5364 0.00037841
2488 5368 0.00033807
5367 5368 0.00033807
5634 5368 0.00033807
1369 5370 0.0075589
1385 5370 0.0075589
5369 5370 0.0075589
35 5494 0.00043715
5495 5494 0.00043715
5496 5494 0.00043715
1313 5496 0.00043715
5497 5496 0.00043715
5498 5496 0.00043715
3151 5498 0.00043715
3154 5498 0.00043715
5499 5498 0.00043715
5500 5498 0.00043715
2484 5514 0.01428
5515 5514 0.01428
5516 5514 0.01428
5648 5514 0.01428
1830 5515 0.0099055
3153 5515 0.0099055
3156 5515 0.0099055
5514 5515 0.0099055
2448 5516 0.00023034
2478 5516 0.00023034
5517 5516 0.00023034
2484 5517 0.0042832
5515 5517 0.0042832
5516 5517 0.0042832
5648 5517 0.0042832
4856 5586 0.0044977
4858 5587 0.17033
6221 5587 0.17033
305 5588 0.000652
1445 5588 0.000652
5589 5588 0.000652
303 5590 0.000652
5588 5590 0.000652
5591 5590 0.000652
1872 5592 0.0007143
5590 5592 0.0007143
5593 5592 0.0007143
1394 5593 0.00048549
5592 5593 0.00048549
5595 5593 0.00048549
1394 5594 0.0091405
5592 5594 0.0091405
5595 5594 0.0091405
1359 5596 0.0097958
5594 5596 0.0097958
5597 5596 0.0097958
1345 5598 0.00035307
5364 5598 0.00035307
5599 5598 0.00035307
1384 5599 0.00043265
5361 5599 0.00043265
5598 5599 0.00043265
1852 5606 0.00010706
5604 5606 0.00010706
5607 5606 0.00010706
2736 5608 0.00017063
5059 5608 0.00017063
5606 5608 0.00017063
5609 5608 0.00017063
2467 5615 0.0018357
5614 5615 0.0018357
5617 5615 0.0018357
2467 5616 0.00031811
5614 5616 0.00031811
5617 5616 0.00031811
1814 5618 0.00031811
5616 5618 0.00031811
5619 5618 0.00031811
2491 5636 0.00022051
2492 5636 0.00022051
5637 5636 0.00022051
1832 5637 0.00027486
1839 5637 0.00027486
5636 5637 0.00027486
2493 5638 0.00026898
2494 5638 0.00026898
5639 5638 0.00026898
1833 5639 0.00030366
1837 5639 0.00030366
5638 5639 0.00030366
5644 5639 0.00030366
2495 5640 0.0015992
2496 5640 0.0015992
5641 5640 0.0015992
1835 5641 0.0016014
5640 5641 0.0016014
5642 5641 0.0016014
5645 5641 0.0016014
2507 5642 0.0015271
2508 5642 0.0015271
5643 5642 0.0015271
1835 5643 0.0011564
5640 5643 0.0011564
5642 5643 0.0011564
5645 5643 0.0011564
1835 5644 0.00068545
5640 5644 0.00068545
5642 5644 0.00068545
5645 5644 0.00068545
1833 5645 0.00037604
1837 5645 0.00037604
5638 5645 0.00037604
5644 5645 0.00037604
2497 5646 0.015404
2498 5646 0.015404
5647 5646 0.015404
2509 5647 0.0053766
5646 5647 0.0053766
5649 5647 0.0053766
2509 5648 0.014738
5646 5648 0.014738
5649 5648 0.014738
2484 5649 0.006311
5515 5649 0.006311
5516 5649 0.006311
5648 5649 0.006311
1822 5653 0.0013347
5650 5653 0.0013347
5652 5653 0.0013347
1434 5809 0.0002331
2455 5809 0.0002331
5808 5809 0.0002331
5806 5810 0.0002331
5809 5810 0.0002331
5811 5810 0.0002331
5363 5812 0.00048055
5810 5812 0.00048055
5813 5812 0.00048055
2457 5813 0.00030269
5812 5813 0.00030269
6662 5813 0.00030269
2306 5944 0.14349
2312 5944 0.14349
5343 5944 0.14349
5945 5944 0.14349
2309 5945 0.04076
3758 5945 0.04076
5944 5945 0.04076
1419 5946 0.21567
2308 5946 0.21567
5345 5946 0.21567
5947 5946 0.21567
2305 5947 0.017358
4507 5947 0.017358
5946 5947 0.017358
596 6221 0.99408
6222 6221 0.99408
6224 6221 0.99408
596 6223 0.0079414
6222 6223 0.0079414
6224 6223 0.0079414
1139 6224 0.0045461
5077 6224 0.0045461
5126 6224 0.0045461
6223 6224 0.0045461
2457 6663 0.005961
5812 6663 0.005961
6662 6663 0.005961
1346 6664 0.00072433
1383 6664 0.00072433
6665 6664 0.00072433
2458 6665 0.00056089
5373 6665 0.00056089
6663 6665 0.00056089
6664 6665 0.00056089
1397 6667 0.006127
2459 6667 0.006127
6666 6667 0.006127
1388 6668 0.0057711
5370 6668 0.0057711
6669 6668 0.0057711
2460 6669 0.00035587
6667 6669 0.00035587
6668 6669 0.00035587
6761 6760 0.0049576
7283 6760 0.0049576
6769 6768 0.00065608
7281 6768 0.00065608
5076 6798 0.0014455
6799 6798 0.0014455
1142 6799 0.0038581
5079 6799 0.0038581
6798 6799 0.0038581
5080 6800 0.00023194
6801 6800 0.00023194
1138 6801 0.00016673
1140 6801 0.00016673
6800 6801 0.00016673
6825 6826 0.98061
7179 6826 0.98061
6846 6845 1
6889 6845 1
6863 6864 0.97208
7143 6864 0.97208
4861 6887 1.0045
6888 6887 1.0045
4907 6889 1
6890 6889 1
1302 7143 0.97208
3157 7143 0.97208
7142 7143 0.97208
4895 7174 1
7175 7174 1
7174 7176 1
7177 7176 1
3150 7179 0.98061
4674 7179 0.98061
7178 7179 0.98061
6826 7181 0.98061
7180 7181 0.98061
4671 7281 0.00065608
7282 7281 0.00065608
1399 7283 0.0049576
7284 7283 0.0049576
