53 54 0.00034426
2159 54 0.00034426
2160 54 0.00034426
267 268 0.0013106
7247 268 0.0013106
269 270 0.0012841
272 270 0.0012841
469 270 0.0012841
271 272 0.0012981
274 272 0.0012981
435 272 0.0012981
273 274 0.0013255
276 274 0.0013255
467 274 0.0013255
275 276 0.0013317
278 276 0.0013317
6428 276 0.0013317
277 278 0.0085222
280 278 0.0085222
1737 278 0.0085222
279 280 0.0085222
6705 280 0.0085222
281 282 0.0080963
1753 282 0.0080963
6278 282 0.0080963
428 427 0.0008031
429 427 0.0008031
3089 427 0.0008031
5680 427 0.0008031
427 428 0.0026417
431 428 0.0026417
3097 428 0.0026417
2279 431 0.017787
5674 431 0.017787
7273 431 0.017787
427 432 0.0069844
431 432 0.0069844
3097 432 0.0069844
6878 434 0.89936
548 547 0.0015231
6226 547 0.0015231
6227 547 0.0015231
6230 547 0.0015231
547 548 0.010613
2073 548 0.010613
7094 548 0.010613
558 557 0.0088785
5766 557 0.0088785
6474 557 0.0088785
557 558 0.0003165
6037 558 0.0003165
6465 558 0.0003165
565 566 0.0001069
980 566 0.0001069
983 566 0.0001069
568 567 0.017422
4174 567 0.017422
6435 567 0.017422
570 569 0.00034324
6429 569 0.00034324
6432 569 0.00034324
578 577 0.0052301
2737 577 0.0052301
3003 577 0.0052301
5067 579 0.0055563
6033 579 0.0055563
703 702 0.99999
4303 702 0.99999
5289 702 0.99999
713 714 0.00010292
2050 714 0.00010292
2052 714 0.00010292
732 731 0.0012559
798 731 0.0012559
7216 731 0.0012559
733 734 0.0012746
7127 734 0.0012746
735 738 0.0028074
737 738 0.0028074
740 738 0.0028074
739 740 0.0028047
2885 740 0.0028047
5251 740 0.0028047
786 785 0.0008731
2261 785 0.0008731
2264 785 0.0008731
3989 785 0.0008731
785 786 0.0010337
3973 786 0.0010337
3976 786 0.0010337
3977 786 0.0010337
838 837 0.99371
1978 837 0.99371
1984 837 0.99371
837 839 0.93759
840 839 0.93759
4797 839 0.93759
839 840 0.00028966
842 840 0.00028966
2065 840 0.00028966
839 841 0.93759
842 841 0.93759
2065 841 0.93759
841 842 0.00028966
844 842 0.00028966
989 842 0.00028966
841 843 0.99477
844 843 0.99477
989 843 0.99477
843 845 0.99477
846 845 0.99477
859 845 0.99477
848 847 0.99477
2999 847 0.99477
3023 847 0.99477
577 849 1
847 849 1
850 849 1
849 851 1
852 851 1
4795 851 1
5764 853 0.14558
6814 853 0.14558
942 943 0.0011305
945 943 0.0011305
5898 943 0.0011305
7252 943 0.0011305
942 944 0.00044359
945 944 0.00044359
5898 944 0.00044359
7252 944 0.00044359
944 945 0.0043386
947 945 0.0043386
4210 945 0.0043386
946 947 0.0062648
6707 947 0.0062648
948 950 0.0006987
951 950 0.0006987
6355 950 0.0006987
950 951 0.00082038
6352 951 0.00082038
6353 951 0.00082038
6356 951 0.00082038
981 980 0.0014752
5779 980 0.0014752
6433 980 0.0014752
6436 980 0.0014752
565 982 0.0013684
980 982 0.0013684
983 982 0.0013684
982 984 0.0013684
985 984 0.0013684
2889 984 0.0013684
984 986 0.0013684
987 986 0.0013684
2891 986 0.0013684
2893 986 0.0013684
841 988 0.00023377
844 988 0.00023377
989 988 0.00023377
988 989 0.057703
4798 989 0.057703
4800 989 0.057703
995 994 0.0029844
6359 994 0.0029844
6360 994 0.0029844
994 995 0.0045068
997 995 0.0045068
2076 995 0.0045068
2077 995 0.0045068
994 996 0.0032975
997 996 0.0032975
2076 996 0.0032975
2077 996 0.0032975
996 997 0.0026231
3119 997 0.0026231
4790 997 0.0026231
6237 997 0.0026231
1466 1117 0.023719
2325 1117 0.023719
434 1126 0.89971
5089 1126 0.89971
432 1127 0.0069277
5692 1127 0.0069277
5085 1129 0.10004
5267 1129 0.10004
6708 1130 0.00010247
1227 1226 0.030637
7040 1226 0.030637
7075 1226 0.030637
7079 1226 0.030637
1226 1227 0.024186
1536 1227 0.024186
4200 1227 0.024186
1233 1232 0.025238
5580 1232 0.025238
5582 1232 0.025238
567 1466 0.017478
1467 1466 0.017478
1117 1468 0.02249
2345 1468 0.02249
1528 1530 0.00060391
1531 1530 0.00060391
3303 1530 0.00060391
1226 1537 0.0010152
1536 1537 0.0010152
4200 1537 0.0010152
1654 1653 0.014505
2340 1653 0.014505
2343 1653 0.014505
1653 1654 0.0063451
7054 1654 0.0063451
7076 1654 0.0063451
1656 1655 0.0018697
5746 1655 0.0018697
5748 1655 0.0018697
1657 1658 0.0011305
4219 1658 0.0011305
4817 1658 0.0011305
54 1741 0.00044059
1742 1741 0.00044059
1743 1741 0.00044059
52 1743 0.00010093
1744 1743 0.00010093
1745 1743 0.00010093
1750 1749 0.00010834
1752 1749 0.00010834
2158 1749 0.00010834
1751 1752 0.00044332
4538 1752 0.00044332
6275 1752 0.00044332
6277 1752 0.00044332
281 1754 0.00018907
1753 1754 0.00018907
6278 1754 0.00018907
1756 1755 0.00016428
1757 1755 0.00016428
2157 1755 0.00016428
1755 1756 0.00018436
4537 1756 0.00018436
6038 1756 0.00018436
1760 1759 0.00018436
1761 1759 0.00018436
2156 1759 0.00018436
1759 1760 0.00016428
1765 1760 0.00016428
6276 1760 0.00016428
1766 1765 0.00018397
3587 1765 0.00018397
3590 1765 0.00018397
571 1779 0.0067141
1780 1779 0.0067141
1781 1779 0.0067141
1779 1780 0.0024
3663 1780 0.0024
5769 1780 0.0024
1782 1781 0.0067141
1783 1781 0.0067141
1803 1781 0.0067141
571 1782 0.0024
1780 1782 0.0024
1781 1782 0.0024
1784 1783 0.00036645
1785 1783 0.00036645
1801 1783 0.00036645
1782 1784 0.00039766
1783 1784 0.00039766
1803 1784 0.00039766
1786 1785 0.00011395
1787 1785 0.00011395
5989 1785 0.00011395
1784 1786 0.00031765
1785 1786 0.00031765
1801 1786 0.00031765
1793 1801 0.00026432
1802 1801 0.00026432
5990 1801 0.00026432
1804 1803 0.0064338
2284 1803 0.0064338
6475 1803 0.0064338
1782 1804 0.0020884
1783 1804 0.0020884
1803 1804 0.0020884
4601 1809 0.86749
5066 1809 0.86749
838 1977 0.00080868
1978 1977 0.00080868
1984 1977 0.00080868
1977 1978 0.012672
1981 1978 0.012672
1986 1978 0.012672
1977 1982 0.001062
1981 1982 0.001062
1986 1982 0.001062
838 1983 0.00010935
1978 1983 0.00010935
1984 1983 0.00010935
1983 1984 0.98195
1987 1984 0.98195
2002 1984 0.98195
1977 1985 0.00014814
1981 1985 0.00014814
1986 1985 0.00014814
1985 1986 0.013073
1988 1986 0.013073
1985 1987 0.00014814
1988 1987 0.00014814
1983 1988 0.013073
1987 1988 0.013073
2002 1988 0.013073
1991 1992 0.0052301
1994 1992 0.0052301
1993 1994 0.0052301
1996 1994 0.0052301
1995 1996 0.0052301
1998 1996 0.0052301
2000 1996 0.0052301
1997 1998 0.0052301
2003 1998 0.0052301
4121 1998 0.0052301
2001 2002 0.99477
2004 2002 0.99477
1997 2004 0.99477
2003 2004 0.99477
4121 2004 0.99477
6709 2052 0.00010247
1980 2063 0.001062
1982 2063 0.001062
2064 2063 0.001062
2072 2071 0.0027638
2074 2071 0.0027638
2075 2071 0.0027638
3906 2071 0.0027638
2071 2072 0.0026862
6238 2072 0.0026862
6239 2072 0.0026862
2072 2073 0.001013
2074 2073 0.001013
2075 2073 0.001013
3906 2073 0.001013
547 2074 0.031753
2073 2074 0.031753
7094 2074 0.031753
994 2075 0.0013989
997 2075 0.0013989
2076 2075 0.0013989
2077 2075 0.0013989
2072 2076 0.021023
2074 2076 0.021023
2075 2076 0.021023
3906 2076 0.021023
2078 2077 0.00074677
2358 2077 0.00074677
2361 2077 0.00074677
6371 2077 0.00074677
994 2078 0.018174
997 2078 0.018174
2076 2078 0.018174
2077 2078 0.018174
1756 2156 0.00018436
1757 2156 0.00018436
2157 2156 0.00018436
1760 2157 0.00016428
1761 2157 0.00016428
2156 2157 0.00016428
1750 2159 0.0003393
1752 2159 0.0003393
2158 2159 0.0003393
786 2263 0.0010553
2261 2263 0.0010553
2264 2263 0.0010553
3989 2263 0.0010553
2263 2264 0.00089723
2266 2264 0.00089723
3959 2264 0.00089723
2263 2265 0.019032
2266 2265 0.019032
3959 2265 0.019032
2265 2267 0.018869
2268 2267 0.018869
3975 2267 0.018869
1126 2279 0.14198
2280 2281 0.99999
5280 2281 0.99999
5282 2281 0.99999
1466 2324 0.00015102
2325 2324 0.00015102
2324 2325 0.0063918
7131 2325 0.0063918
2327 2326 0.0025872
4708 2326 0.0025872
5968 2326 0.0025872
2326 2327 0.002903
7259 2327 0.002903
2329 2328 0.00032949
5896 2328 0.00032949
7254 2328 0.00032949
7258 2328 0.00032949
2328 2329 0.028678
7257 2329 0.028678
2331 2330 0.00069108
4196 2330 0.00069108
5971 2330 0.00069108
7256 2330 0.00069108
2330 2331 0.021399
2333 2331 0.021399
5975 2331 0.021399
2330 2332 0.0011374
2333 2332 0.0011374
5975 2332 0.0011374
2332 2333 0.016554
2335 2333 0.016554
4216 2333 0.016554
2332 2334 0.0008125
2335 2334 0.0008125
4216 2334 0.0008125
2334 2335 0.019342
2337 2335 0.019342
5977 2335 0.019342
7152 2335 0.019342
2334 2336 0.0083419
2337 2336 0.0083419
5977 2336 0.0083419
7152 2336 0.0083419
2336 2337 0.016857
2339 2337 0.016857
4709 2337 0.016857
2336 2338 0.0088199
2339 2338 0.0088199
4709 2338 0.0088199
2338 2339 0.016479
2341 2339 0.016479
4198 2339 0.016479
2338 2340 0.017353
2341 2340 0.017353
4198 2340 0.017353
1654 2341 0.0062912
2340 2341 0.0062912
2343 2341 0.0062912
1654 2342 0.0029067
2340 2342 0.0029067
2343 2342 0.0029067
1117 2344 0.001321
2345 2344 0.001321
2344 2346 0.0011451
2347 2346 0.0011451
5906 2346 0.0011451
2349 2348 0.00050397
5903 2348 0.00050397
5986 2348 0.00050397
7105 2348 0.00050397
2348 2349 0.002593
5239 2349 0.002593
5739 2349 0.002593
2351 2350 0.00031141
4656 2350 0.00031141
7014 2350 0.00031141
7087 2350 0.00031141
2352 2353 0.00010238
2355 2353 0.00010238
5269 2353 0.00010238
2352 2354 0.0003486
2355 2354 0.0003486
5269 2354 0.0003486
2354 2355 0.026292
2357 2355 0.026292
2356 2357 0.026678
2359 2357 0.026678
6362 2357 0.026678
7160 2357 0.026678
2356 2358 0.0012654
2359 2358 0.0012654
6362 2358 0.0012654
7160 2358 0.0012654
2078 2359 0.014507
2358 2359 0.014507
2361 2359 0.014507
6371 2359 0.014507
2078 2360 0.0019517
2358 2360 0.0019517
2361 2360 0.0019517
6371 2360 0.0019517
2360 2361 0.0031632
2363 2361 0.0031632
3120 2361 0.0031632
2360 2362 0.00055922
2363 2362 0.00055922
3120 2362 0.00055922
2362 2363 0.00095568
2365 2363 0.00095568
6395 2363 0.00095568
2362 2364 0.00028392
2365 2364 0.00028392
6395 2364 0.00028392
2364 2365 0.00067548
2367 2365 0.00067548
6366 2365 0.00067548
6367 2365 0.00067548
2366 2367 0.00062962
7006 2367 0.00062962
7086 2367 0.00062962
2633 2632 0.032687
2635 2632 0.032687
2644 2632 0.032687
6716 2634 0.00088182
2634 2635 0.00080502
2636 2635 0.00080502
2633 2636 0.00032718
2635 2636 0.00032718
2644 2636 0.00032718
2640 2637 0.56132
4087 2637 0.56132
5732 2637 0.56132
2637 2638 0.99167
2641 2638 0.99167
2638 2639 0.031994
4085 2640 0.56129
4085 2641 0.43034
2639 2642 0.032398
2645 2642 0.032398
2642 2644 0.03221
2643 2644 0.03221
2634 2645 0.00040398
2636 2645 0.00040398
6717 2646 0.95967
1990 2737 0.0052301
1992 2737 0.0052301
2738 2737 0.0052301
3664 2749 0.00034926
6466 2749 0.00034926
2752 2753 0.02524
7251 2753 0.02524
1530 2849 0.0005997
1533 2849 0.0005997
2850 2849 0.0005997
566 2877 0.00010509
2878 2877 0.00010509
6439 2877 0.00010509
2886 2885 0.0013877
2887 2885 0.0013877
2901 2885 0.0013877
563 2887 0.0013877
2888 2887 0.0013877
4801 2887 0.0013877
3001 3021 0.99477
3022 3021 0.99477
5246 3021 0.99477
7188 3021 0.99477
3021 3023 0.99477
3024 3023 0.99477
4158 3023 0.99477
3086 3085 0.002069
5668 3085 0.002069
5964 3085 0.002069
3085 3087 0.002033
3088 3087 0.002033
5398 3087 0.002033
3090 3089 0.00076006
5675 3089 0.00076006
5676 3089 0.00076006
7150 3089 0.00076006
428 3090 0.0026549
429 3090 0.0026549
3089 3090 0.0026549
5680 3090 0.0026549
427 3098 0.0090447
431 3098 0.0090447
3097 3098 0.0090447
3107 3109 0.00019356
3110 3109 0.00019356
3309 3109 0.00019356
3310 3109 0.00019356
3109 3110 0.00013385
3112 3110 0.00013385
3313 3110 0.00013385
3314 3110 0.00013385
3111 3112 0.00019422
3114 3112 0.00019422
6382 3112 0.00019422
6383 3112 0.00019422
2360 3119 0.0017158
2363 3119 0.0017158
3120 3119 0.0017158
996 3120 0.0025309
3119 3120 0.0025309
4790 3120 0.0025309
6237 3120 0.0025309
3122 3121 0.00023257
5270 3121 0.00023257
6233 3121 0.00023257
3124 3123 0.00013336
3307 3123 0.00013336
3308 3123 0.00013336
3637 3123 0.00013336
3123 3124 0.0020662
3126 3124 0.0020662
3312 3124 0.0020662
3123 3125 0.0001131
3126 3125 0.0001131
3312 3125 0.0001131
3125 3126 0.0018457
3128 3126 0.0018457
5949 3126 0.0018457
3127 3128 0.0015108
3130 3128 0.0015108
6380 3128 0.0015108
6381 3128 0.0015108
3129 3130 0.00057616
3132 3130 0.00057616
6105 3130 0.00057616
6108 3130 0.00057616
3131 3132 0.00025582
3134 3132 0.00025582
6402 3132 0.00025582
6403 3132 0.00025582
3133 3134 0.00014338
5955 3134 0.00014338
6394 3134 0.00014338
3135 3136 0.00073926
5948 3136 0.00073926
5953 3136 0.00073926
3138 3137 0.00064557
5832 3137 0.00064557
6422 3137 0.00064557
3140 3139 0.00068926
6372 3139 0.00068926
6373 3139 0.00068926
6407 3139 0.00068926
3139 3140 0.00049252
3910 3140 0.00049252
6112 3140 0.00049252
3141 3142 0.0010795
3144 3142 0.0010795
4787 3142 0.0010795
3141 3143 0.00028622
3144 3143 0.00028622
4787 3143 0.00028622
3143 3144 0.00079433
3146 3144 0.00079433
6374 3144 0.00079433
6375 3144 0.00079433
3143 3145 0.00056765
3146 3145 0.00056765
6374 3145 0.00056765
6375 3145 0.00056765
3145 3146 0.00034739
3148 3146 0.00034739
3911 3146 0.00034739
6109 3146 0.00034739
3145 3147 0.00020118
3148 3147 0.00020118
3911 3147 0.00020118
6109 3147 0.00020118
3147 3148 0.00019419
5951 3148 0.00019419
6398 3148 0.00019419
6399 3148 0.00019419
3137 3303 0.00060391
3302 3303 0.00060391
3338 3303 0.00060391
3136 3304 0.00053539
3305 3304 0.00053539
3306 3304 0.00053539
3304 3305 0.0013154
6420 3305 0.0013154
6421 3305 0.0013154
3124 3306 0.00040143
3307 3306 0.00040143
3308 3306 0.00040143
3637 3306 0.00040143
3136 3307 0.0018488
3305 3307 0.0018488
3306 3307 0.0018488
3107 3308 0.00013385
3110 3308 0.00013385
3309 3308 0.00013385
3310 3308 0.00013385
3124 3309 0.00019356
3307 3309 0.00019356
3308 3309 0.00019356
3637 3309 0.00019356
3109 3312 0.00027268
3112 3312 0.00027268
3313 3312 0.00027268
3314 3312 0.00027268
3317 3316 0.00069835
5238 3316 0.00069835
7089 3316 0.00069835
3319 3318 0.0027293
5985 3318 0.0027293
7093 3318 0.0027293
7095 3318 0.0027293
3318 3319 0.00384
6983 3319 0.00384
7092 3319 0.00384
3321 3320 0.00017235
3322 3320 0.00017235
7097 3320 0.00017235
3320 3321 0.025378
6977 3321 0.025378
7096 3321 0.025378
3323 3322 0.00015147
3324 3322 0.00015147
7103 3322 0.00015147
3321 3323 0.024473
3322 3323 0.024473
7097 3323 0.024473
3325 3324 0.00017805
3326 3324 0.00017805
7099 3324 0.00017805
3323 3325 0.028968
3324 3325 0.028968
7103 3325 0.028968
2753 3326 0.00049307
3327 3326 0.00049307
5237 3326 0.00049307
3325 3327 0.025955
3326 3327 0.025955
7099 3327 0.025955
2353 3328 0.00011004
3337 3328 0.00011004
3332 3331 0.00022834
3334 3331 0.00022834
3331 3332 0.00039683
5827 3332 0.00039683
5829 3332 0.00039683
3332 3333 0.00039683
3334 3333 0.00039683
3333 3334 0.00022834
3336 3334 0.00022834
6225 3334 0.00022834
3333 3335 0.0020107
3336 3335 0.0020107
6225 3335 0.0020107
3335 3336 0.00070154
5823 3336 0.00070154
5831 3336 0.00070154
6967 3336 0.00070154
3343 3338 0.00012244
3639 3338 0.00012244
3962 3338 0.00012244
600 3343 0.00060921
2849 3343 0.00060921
3344 3343 0.00060921
3345 3343 0.00060921
458 3397 0.0013112
3398 3397 0.0013112
3399 3397 0.0013112
3400 3399 0.0012881
4579 3399 0.0012881
7244 3399 0.0012881
268 3401 0.0013112
3402 3401 0.0013112
5255 3401 0.0013112
1754 3587 0.00018907
3585 3587 0.00018907
3588 3587 0.00018907
3638 3637 0.00055149
3640 3637 0.00055149
5268 3637 0.00055149
3124 3638 0.0038719
3307 3638 0.0038719
3308 3638 0.0038719
3637 3638 0.0038719
3343 3640 0.00072552
3639 3640 0.00072552
3962 3640 0.00072552
1779 3664 0.00034876
3663 3664 0.00034876
5769 3664 0.00034876
4199 3791 0.901
5395 3791 0.901
5396 3792 0.90561
5397 3792 0.90561
3791 3793 0.30495
3793 3794 0.025264
5993 3794 0.025264
7115 3794 0.025264
3790 3795 0.029875
3794 3795 0.029875
7083 3795 0.029875
3907 3906 0.002028
4019 3906 0.002028
6228 3906 0.002028
6358 3906 0.002028
2072 3907 0.013067
2074 3907 0.013067
2075 3907 0.013067
3906 3907 0.013067
3145 3910 0.00031495
3148 3910 0.00031495
3911 3910 0.00031495
6109 3910 0.00031495
3139 3911 0.00040924
3910 3911 0.00040924
6112 3911 0.00040924
2267 3958 0.018869
4652 3958 0.018869
4686 3959 0.018871
4685 3962 0.00015734
5086 3962 0.00015734
6876 3963 0.90153
1129 3964 0.15946
3963 3964 0.15946
785 3975 0.0008731
3973 3975 0.0008731
3976 3975 0.0008731
3977 3975 0.0008731
2265 3976 0.0010337
2268 3976 0.0010337
3975 3976 0.0010337
3907 4020 0.015124
4019 4020 0.015124
6228 4020 0.015124
6358 4020 0.015124
5770 4085 0.99163
5772 4085 0.99163
4120 4121 1
6832 4121 1
4122 4123 1
6834 4123 1
4124 4125 1
6836 4125 1
4126 4127 1
4129 4127 1
4133 4127 1
4128 4129 1
6838 4129 1
4138 4139 1
4163 4162 0.0031312
4164 4162 0.0031312
5889 4162 0.0031312
5892 4162 0.0031312
4162 4163 0.0024975
4171 4163 0.0024975
5793 4163 0.0024975
4165 4164 0.011391
4166 4164 0.011391
5929 4164 0.011391
5972 4164 0.011391
4163 4165 0.002518
4164 4165 0.002518
5889 4165 0.002518
5892 4165 0.002518
4167 4166 0.0086898
4168 4166 0.0086898
5923 4166 0.0086898
5926 4166 0.0086898
4165 4167 0.0019738
4166 4167 0.0019738
5929 4167 0.0019738
5972 4167 0.0019738
4169 4168 0.0048644
4193 4168 0.0048644
4194 4168 0.0048644
4167 4169 0.0005332
4168 4169 0.0005332
5923 4169 0.0005332
5926 4169 0.0005332
4162 4170 0.0045191
4171 4170 0.0045191
5793 4170 0.0045191
4170 4171 0.00018295
4173 4171 0.00018295
5933 4171 0.00018295
4170 4172 0.00091964
4173 4172 0.00091964
5933 4172 0.00091964
4172 4173 0.00030758
5797 4173 0.00030758
4175 4174 0.0033342
4176 4174 0.0033342
5784 4174 0.0033342
5785 4174 0.0033342
568 4175 0.0001857
4174 4175 0.0001857
6435 4175 0.0001857
4177 4176 0.0032285
4178 4176 0.0032285
5970 4176 0.0032285
4175 4177 0.00018895
4176 4177 0.00018895
5784 4177 0.00018895
5785 4177 0.00018895
4179 4178 0.0029726
4180 4178 0.0029726
4177 4179 0.00022038
4178 4179 0.00022038
5970 4179 0.00022038
4181 4180 0.0063405
4182 4180 0.0063405
5885 4180 0.0063405
5888 4180 0.0063405
4179 4181 0.00011274
4180 4181 0.00011274
4183 4182 0.011965
4184 4182 0.011965
5928 4182 0.011965
4181 4183 0.0019825
4182 4183 0.0019825
5885 4183 0.0019825
5888 4183 0.0019825
4185 4184 0.018062
4186 4184 0.018062
5922 4184 0.018062
4183 4185 0.00045566
4184 4185 0.00045566
5928 4185 0.00045566
4187 4186 0.025198
4188 4186 0.025198
4195 4186 0.025198
4189 4188 0.029657
4190 4188 0.029657
5918 4188 0.029657
4191 4190 0.044989
4666 4190 0.044989
6469 4190 0.044989
4169 4192 0.0012635
4193 4192 0.0012635
4194 4192 0.0012635
4192 4193 0.0010876
5919 4193 0.0010876
5980 4193 0.0010876
4187 4194 0.0049454
4188 4194 0.0049454
4195 4194 0.0049454
4169 4195 0.00043839
4193 4195 0.00043839
4194 4195 0.00043839
5771 4198 0.914
5881 4198 0.914
7116 4199 0.90072
2338 4200 0.89528
2341 4200 0.89528
4198 4200 0.89528
4204 4205 0.00065671
4206 4205 0.00065671
4207 4205 0.00065671
4211 4205 0.00065671
4205 4206 0.00017057
5741 4206 0.00017057
5742 4206 0.00017057
4201 4207 0.00088923
4208 4207 0.00088923
4209 4207 0.00088923
5909 4207 0.00088923
4204 4208 0.00013552
4206 4208 0.00013552
4207 4208 0.00013552
4211 4208 0.00013552
944 4209 0.0024994
947 4209 0.0024994
4210 4209 0.0024994
4201 4210 0.00013601
4208 4210 0.00013601
4209 4210 0.00013601
5909 4210 0.00013601
4204 4212 0.00031285
4206 4212 0.00031285
4207 4212 0.00031285
4211 4212 0.00031285
4212 4213 0.00031285
4214 4213 0.00031285
2332 4215 0.0031517
2335 4215 0.0031517
4216 4215 0.0031517
4217 4218 0.0031971
6727 4218 0.0031971
4220 4219 0.0011305
4222 4219 0.0011305
943 4222 0.0011305
4221 4222 0.0011305
4815 4222 0.0011305
4224 4223 0.0029047
4225 4223 0.0029047
6894 4223 0.0029047
4227 4228 0.0029063
5937 4228 0.0029063
7073 4228 0.0029063
702 4234 1
4233 4234 1
4236 4234 1
4287 4288 1
4485 4288 1
4502 4288 1
787 4290 1
4288 4290 1
4289 4290 1
4292 4291 0.035991
4293 4291 0.035991
4290 4292 0.0045527
4291 4292 0.0045527
4295 4292 0.0045527
4294 4293 0.035991
4297 4293 0.035991
4292 4294 0.0045527
4293 4294 0.0045527
4296 4295 0.0045527
4298 4295 0.0045527
4290 4296 0.035991
4291 4296 0.035991
4295 4296 0.035991
4296 4297 0.035991
4298 4297 0.035991
4294 4298 0.0045527
4297 4298 0.0045527
2063 4400 0.001059
4399 4400 0.001059
7277 4400 0.001059
692 4502 1
4501 4502 1
4504 4502 1
658 4504 1
4234 4504 1
4503 4504 1
1755 4538 0.0085302
4537 4538 0.0085302
6038 4538 0.0085302
579 4601 1.0056
6810 4601 1.0056
7170 4654 1
4657 4656 0.00048328
5663 4656 0.00048328
5665 4656 0.00048328
2351 4657 0.00040131
4656 4657 0.00040131
7014 4657 0.00040131
7087 4657 0.00040131
6736 4658 0.90151
2646 4664 0.86509
5774 4664 0.86509
5775 4664 0.86509
4664 4666 0.046977
4665 4666 0.046977
714 4675 0.00010292
4676 4675 0.00010292
6741 4678 0.00010932
6743 4686 1
2327 4707 0.0044434
4708 4707 0.0044434
5968 4707 0.0044434
3189 4708 0.0006114
4707 4708 0.0006114
5981 4708 0.0006114
7130 4708 0.0006114
1537 4709 0.0010154
4710 4709 0.0010154
4788 4787 0.00057211
6408 4787 0.00057211
6409 4787 0.00057211
996 4789 0.00059759
3119 4789 0.00059759
4790 4789 0.00059759
6237 4789 0.00059759
4789 4790 0.00066664
6240 4790 0.00066664
6365 4790 0.00066664
988 4797 0.00075561
4798 4797 0.00075561
4800 4797 0.00075561
837 4798 0.057164
840 4798 0.057164
4797 4798 0.057164
4400 4800 0.0010621
4402 4800 0.0010621
4799 4800 0.0010621
986 4801 0.0013684
2895 4801 0.0013684
4802 4801 0.0013684
569 4805 0.00090543
4806 4805 0.00090543
5884 4805 0.00090543
5064 5063 0.00028164
5240 5063 0.00028164
4659 5064 0.004097
5065 5064 0.004097
3792 5065 0.0040957
5067 5066 0.0075085
6033 5066 0.0075085
5068 5067 0.0077871
6463 5067 0.0077871
853 5068 0.012726
1809 5068 0.012726
4685 5085 0.0014143
5086 5085 0.0014143
5087 5086 0.0015715
5271 5086 0.0015715
1129 5087 0.84211
3963 5087 0.84211
7272 5088 0.14404
7274 5088 0.14404
5090 5089 0.0003485
5091 5090 0.00034927
5838 5090 0.00034927
1128 5091 0.00025446
5092 5091 0.00025446
5093 5092 0.00025279
5088 5093 0.90178
5094 5093 0.90178
1126 5094 0.75774
3121 5237 0.00026099
3328 5237 0.00026099
3329 5237 0.00026099
2348 5238 0.001954
5239 5238 0.001954
5739 5238 0.001954
3317 5239 0.00022263
5238 5239 0.00022263
7089 5239 0.00022263
5064 5241 0.0038353
5240 5241 0.0038353
4597 5251 0.0014182
5250 5251 0.0014182
5253 5251 0.0014182
734 5253 0.0013643
2879 5253 0.0013643
5252 5253 0.0013643
3638 5267 0.09863
3640 5267 0.09863
5268 5267 0.09863
3138 5268 0.094673
5832 5268 0.094673
6422 5268 0.094673
3122 5269 0.06631
5270 5269 0.06631
6233 5269 0.06631
2753 5270 0.050963
3327 5270 0.050963
5237 5270 0.050963
3964 5271 0.15946
6738 5271 0.15946
680 5279 0.99999
2281 5279 0.99999
5278 5279 0.99999
6744 5280 0.9999
4675 5282 0.00010292
5281 5282 0.00010292
678 5285 0.99999
2282 5285 0.99999
5279 5285 0.99999
5286 5285 0.99999
4301 5287 0.99999
5285 5287 0.99999
5288 5287 0.99999
789 5289 0.99999
4299 5289 0.99999
5287 5289 0.99999
5290 5289 0.99999
5390 5389 0.00010811
5877 5389 0.00010811
5992 5389 0.00010811
1512 5392 0.00010812
5391 5392 0.00010812
5876 5392 0.00010812
5063 5395 0.0002803
3791 5396 0.59605
3793 5397 0.30956
5993 5397 0.30956
7115 5397 0.30956
738 5576 0.0028082
2913 5576 0.0028082
5577 5576 0.0028082
5576 5578 0.0028075
5579 5578 0.0028075
3898 5580 0.022435
5581 5580 0.022435
5935 5580 0.022435
5578 5582 0.0028062
5583 5582 0.0028062
5584 5582 0.0028062
5666 5662 0.036216
5667 5662 0.036216
4658 5663 0.038367
4658 5664 0.86315
4657 5666 0.038285
5663 5666 0.038285
5665 5666 0.038285
5666 5668 0.0021132
5667 5668 0.0021132
2350 5670 0.00031098
5671 5670 0.00031098
5836 5670 0.00031098
3090 5674 0.0044347
5675 5674 0.0044347
5676 5674 0.0044347
7150 5674 0.0044347
2279 5675 0.0004709
5674 5675 0.0004709
7273 5675 0.0004709
5241 5739 0.0038591
5738 5739 0.0038591
7218 5739 0.0038591
4213 5742 0.00020531
5743 5742 0.00020531
5744 5742 0.00020531
4205 5743 0.00068639
5741 5743 0.00068639
5742 5743 0.00068639
1655 5744 0.00023586
5745 5744 0.00023586
5901 5744 0.00023586
5904 5744 0.00023586
4213 5745 0.00098451
5743 5745 0.00098451
5744 5745 0.00098451
1658 5746 0.0018697
5747 5746 0.0018697
5907 5746 0.0018697
5984 5746 0.0018697
4601 5764 0.14558
5066 5764 0.14558
853 5765 1.0003
1809 5765 1.0003
6822 5766 1.0004
580 5767 0.00032246
5765 5767 0.00032246
5768 5767 0.00032246
2190 5768 0.00037294
5767 5768 0.00037294
6464 5768 0.00037294
558 5769 0.98748
5766 5769 0.98748
6474 5769 0.98748
1779 5770 0.99146
3663 5770 0.99146
5769 5770 0.99146
4664 5771 0.81819
4665 5771 0.81819
6467 5772 0.00017677
2646 5773 0.096892
5774 5773 0.096892
5775 5773 0.096892
5773 5774 0.0010775
5880 5774 0.0010775
5776 5775 0.0019463
6468 5775 0.0019463
2646 5776 0.00071568
5774 5776 0.00071568
5775 5776 0.00071568
5780 5779 0.0080931
5781 5779 0.0080931
5786 5779 0.0080931
2632 5781 0.0087693
5782 5781 0.0087693
5883 5781 0.0087693
5886 5781 0.0087693
4175 5783 0.00072893
4176 5783 0.00072893
5784 5783 0.00072893
5785 5783 0.00072893
5783 5784 0.00012508
5788 5784 0.00012508
5796 5784 0.00012508
5780 5785 0.00079706
5781 5785 0.00079706
5786 5785 0.00079706
5783 5787 0.00097651
5788 5787 0.00097651
5796 5787 0.00097651
5790 5789 0.0016723
5791 5789 0.0016723
5932 5789 0.0016723
5969 5789 0.0016723
5789 5790 0.00019209
5911 5790 0.00019209
5913 5790 0.00019209
5982 5790 0.00019209
5792 5791 0.0026592
5891 5791 0.0026592
5894 5791 0.0026592
5790 5792 0.0013869
5791 5792 0.0013869
5932 5792 0.0013869
5969 5792 0.0013869
5794 5793 0.0037024
5931 5793 0.0037024
5795 5794 0.001623
5887 5794 0.001623
5890 5794 0.001623
5794 5795 0.0013962
5931 5795 0.0013962
4172 5796 0.00075236
5797 5796 0.00075236
5783 5797 0.00042761
5788 5797 0.00042761
5796 5797 0.00042761
3335 5822 0.0051481
5823 5822 0.0051481
5831 5822 0.0051481
6967 5822 0.0051481
5822 5823 0.002401
6963 5823 0.002401
7102 5823 0.002401
7104 5823 0.002401
5825 5824 0.0011581
5826 5824 0.0011581
5830 5824 0.0011581
5824 5825 0.0045118
6964 5825 0.0045118
7100 5825 0.0045118
3331 5826 0.00022834
5827 5826 0.00022834
5829 5826 0.00022834
5825 5827 0.00039683
5826 5827 0.00039683
5830 5827 0.00039683
3335 5830 0.0012185
5823 5830 0.0012185
5831 5830 0.0012185
6967 5830 0.0012185
5825 5831 0.0044037
5826 5831 0.0044037
5830 5831 0.0044037
2352 5832 0.092217
2355 5832 0.092217
5269 5832 0.092217
5837 5838 0.00011844
6927 5838 0.00011844
7069 5838 0.00011844
7112 5838 0.00011844
5389 5876 0.00010812
5875 5876 0.00010812
5994 5876 0.00010812
5773 5879 0.096892
5880 5879 0.096892
5879 5880 0.0010775
5882 5880 0.0010775
5879 5881 0.096892
5882 5881 0.096892
5771 5882 0.0010775
5881 5882 0.0010775
569 5883 0.00020232
4806 5883 0.00020232
5884 5883 0.00020232
2632 5884 0.00074641
5782 5884 0.00074641
5883 5884 0.00074641
5886 5884 0.00074641
2632 5885 0.023615
5782 5885 0.023615
5883 5885 0.023615
5886 5885 0.023615
4181 5886 0.00019885
4182 5886 0.00019885
5885 5886 0.00019885
5888 5886 0.00019885
4181 5887 0.02774
4182 5887 0.02774
5885 5887 0.02774
5888 5887 0.02774
5795 5888 0.00056828
5887 5888 0.00056828
5890 5888 0.00056828
5795 5889 0.027592
5887 5889 0.027592
5890 5889 0.027592
4163 5890 0.00064715
4164 5890 0.00064715
5889 5890 0.00064715
5892 5890 0.00064715
4163 5891 0.035473
4164 5891 0.035473
5889 5891 0.035473
5892 5891 0.035473
5792 5892 0.00028956
5891 5892 0.00028956
5894 5892 0.00028956
5792 5893 0.034184
5891 5893 0.034184
5894 5893 0.034184
5893 5894 0.00027288
7255 5894 0.00027288
2329 5895 0.06195
5896 5895 0.06195
7254 5895 0.06195
7258 5895 0.06195
942 5897 0.064731
945 5897 0.064731
5898 5897 0.064731
7252 5897 0.064731
5897 5899 0.063976
5900 5899 0.063976
5983 5899 0.063976
5899 5901 0.065572
5902 5901 0.065572
5910 5901 0.065572
1655 5903 0.068164
5745 5903 0.068164
5901 5903 0.068164
5904 5903 0.068164
2344 5905 0.00024566
2347 5905 0.00024566
5906 5905 0.00024566
5905 5906 0.00015356
6955 5906 0.00015356
7110 5906 0.00015356
719 5907 0.00012367
5908 5907 0.00012367
7109 5907 0.00012367
1658 5908 0.00015959
5747 5908 0.00015959
5907 5908 0.00015959
5984 5908 0.00015959
5899 5909 0.00025349
5902 5909 0.00025349
5910 5909 0.00025349
4201 5910 0.0018632
4208 5910 0.0018632
4209 5910 0.0018632
5909 5910 0.0018632
5787 5913 0.00097651
5914 5913 0.00097651
5915 5913 0.00097651
4189 5917 0.01541
4190 5917 0.01541
5918 5917 0.01541
5917 5919 0.0027949
5920 5919 0.0027949
5978 5919 0.0027949
4192 5920 0.00061368
5919 5920 0.00061368
5980 5920 0.00061368
4185 5921 0.0091164
4186 5921 0.0091164
5922 5921 0.0091164
5921 5922 0.0016239
5924 5922 0.0016239
5973 5922 0.0016239
5921 5923 0.0071654
5924 5923 0.0071654
5973 5923 0.0071654
4167 5924 0.0018468
4168 5924 0.0018468
5923 5924 0.0018468
5926 5924 0.0018468
4167 5925 0.0042028
4168 5925 0.0042028
5923 5925 0.0042028
5926 5925 0.0042028
5925 5926 0.001269
5976 5926 0.001269
5979 5926 0.001269
4183 5927 0.0088903
4184 5927 0.0088903
5928 5927 0.0088903
5927 5928 0.0012672
5930 5928 0.0012672
5974 5928 0.0012672
5927 5929 0.010733
5930 5929 0.010733
5974 5929 0.010733
4165 5930 0.00093598
4166 5930 0.00093598
5929 5930 0.00093598
5972 5930 0.00093598
4179 5931 0.0034756
4180 5931 0.0034756
4170 5932 0.0038551
4173 5932 0.0038551
5933 5932 0.0038551
5790 5933 0.00013105
5791 5933 0.00013105
5932 5933 0.00013105
5969 5933 0.00013105
1468 5935 0.022435
5934 5935 0.022435
3125 5948 0.00012794
3128 5948 0.00012794
5949 5948 0.00012794
3135 5949 0.0004041
5948 5949 0.0004041
5953 5949 0.0004041
5952 5953 0.00097257
6378 5953 0.00097257
6379 5953 0.00097257
5954 5955 0.00012133
6370 5955 0.00012133
6388 5955 0.00012133
7111 5955 0.00012133
5790 5968 0.0037487
5791 5968 0.0037487
5932 5968 0.0037487
5969 5968 0.0037487
2327 5969 0.00023244
4708 5969 0.00023244
5968 5969 0.00023244
4172 5970 0.00028731
5797 5970 0.00028731
4165 5971 0.0083505
4166 5971 0.0083505
5929 5971 0.0083505
5972 5971 0.0083505
2331 5972 0.00071009
4196 5972 0.00071009
5971 5972 0.00071009
7256 5972 0.00071009
5927 5973 0.0015786
5930 5973 0.0015786
5974 5973 0.0015786
5921 5974 0.0037524
5924 5974 0.0037524
5973 5974 0.0037524
5925 5975 0.0060148
5976 5975 0.0060148
5979 5975 0.0060148
2330 5976 0.00072389
2333 5976 0.00072389
5975 5976 0.00072389
5917 5977 0.013772
5920 5977 0.013772
5978 5977 0.013772
2334 5978 0.0006125
2337 5978 0.0006125
5977 5978 0.0006125
7152 5978 0.0006125
4192 5979 0.0031095
5919 5979 0.0031095
5980 5979 0.0031095
5925 5980 0.00075242
5976 5980 0.00075242
5979 5980 0.00075242
5789 5981 0.0024506
5911 5981 0.0024506
5913 5981 0.0024506
5982 5981 0.0024506
1658 5983 0.00051031
5747 5983 0.00051031
5907 5983 0.00051031
5984 5983 0.00051031
5897 5984 0.0012838
5900 5984 0.0012838
5983 5984 0.0012838
2349 5985 0.071517
5903 5985 0.071517
5986 5985 0.071517
7105 5985 0.071517
1786 5990 0.00024479
1787 5990 0.00024479
5989 5990 0.00024479
5392 5992 0.00010811
5393 5992 0.00010811
5991 5992 0.00010811
5389 5993 0.00012192
5875 5993 0.00012192
5994 5993 0.00012192
3793 5994 0.00012193
5993 5994 0.00012193
7115 5994 0.00012193
4541 6033 0.0052777
6034 6033 0.0052777
5068 6034 0.0052777
6463 6034 0.0052777
557 6038 0.0086028
6037 6038 0.0086028
6465 6038 0.0086028
6107 6108 0.00033871
6110 6108 0.00033871
6114 6108 0.00033871
3145 6110 0.00032802
3148 6110 0.00032802
3911 6110 0.00032802
6109 6110 0.00032802
3139 6111 0.0003859
3910 6111 0.0003859
6112 6111 0.0003859
6111 6112 0.00028345
6396 6112 0.00028345
6397 6112 0.00028345
6406 6112 0.00028345
548 6225 0.0018997
6226 6225 0.0018997
6227 6225 0.0018997
6230 6225 0.0018997
3333 6226 0.00075909
3336 6226 0.00075909
6225 6226 0.00075909
3907 6227 0.00041485
4019 6227 0.00041485
6228 6227 0.00041485
6358 6227 0.00041485
548 6228 0.016837
6226 6228 0.016837
6227 6228 0.016837
6230 6228 0.016837
548 6229 0.0013928
6226 6229 0.0013928
6227 6229 0.0013928
6230 6229 0.0013928
6229 6230 0.0098661
6979 6230 0.0098661
7063 6230 0.0098661
4020 6231 0.015477
6232 6231 0.015477
6351 6231 0.015477
6231 6232 0.00010137
6234 6232 0.00010137
6354 6232 0.00010137
6231 6233 0.015684
6234 6233 0.015684
6354 6233 0.015684
3122 6234 0.00018678
5270 6234 0.00018678
6233 6234 0.00018678
2071 6237 0.0024187
6238 6237 0.0024187
6239 6237 0.0024187
996 6238 0.0023471
3119 6238 0.0023471
4790 6238 0.0023471
6237 6238 0.0023471
4789 6239 0.00059988
6240 6239 0.00059988
6365 6239 0.00059988
2071 6240 0.00060592
6238 6240 0.00060592
6239 6240 0.00060592
1759 6275 0.00033919
1765 6275 0.00033919
6276 6275 0.00033919
1751 6276 0.00020754
4538 6276 0.00020754
6275 6276 0.00020754
6277 6276 0.00020754
1751 6278 0.0082149
4538 6278 0.0082149
6275 6278 0.0082149
6277 6278 0.0082149
4654 6303 0.00010142
4686 6304 0.98113
950 6351 0.0013461
6352 6351 0.0013461
6353 6351 0.0013461
6356 6351 0.0013461
4020 6352 0.0010029
6232 6352 0.0010029
6351 6352 0.0010029
2354 6353 0.00067086
2357 6353 0.00067086
948 6354 0.00082038
951 6354 0.00082038
6355 6354 0.00082038
6231 6355 0.0006987
6234 6355 0.0006987
6354 6355 0.0006987
6357 6356 0.00079754
6361 6356 0.00079754
950 6357 0.0010034
6352 6357 0.0010034
6353 6357 0.0010034
6356 6357 0.0010034
995 6358 0.0008634
6359 6358 0.0008634
6360 6358 0.0008634
3907 6359 0.013292
4019 6359 0.013292
6228 6359 0.013292
6358 6359 0.013292
6357 6360 0.00030291
6361 6360 0.00030291
995 6361 0.014254
6359 6361 0.014254
6360 6361 0.014254
6357 6362 0.014157
6361 6362 0.014157
6364 6363 0.00019918
6410 6363 0.00019918
6411 6363 0.00019918
6363 6364 0.00098361
6943 6364 0.00098361
7165 6364 0.00098361
2364 6365 0.00033819
2367 6365 0.00033819
6366 6365 0.00033819
6367 6365 0.00033819
4789 6366 0.00027518
6240 6366 0.00027518
6365 6366 0.00027518
2364 6368 0.00017056
2367 6368 0.00017056
6366 6368 0.00017056
6367 6368 0.00017056
3117 6370 0.00013539
5957 6370 0.00013539
6368 6370 0.00013539
6369 6370 0.00013539
3140 6371 0.0006082
6372 6371 0.0006082
6373 6371 0.0006082
6407 6371 0.0006082
2078 6372 0.0060054
2358 6372 0.0060054
2361 6372 0.0060054
6371 6372 0.0060054
3143 6373 0.00017062
3146 6373 0.00017062
6374 6373 0.00017062
6375 6373 0.00017062
3140 6374 0.0047112
6372 6374 0.0047112
6373 6374 0.0047112
6407 6374 0.0047112
3143 6376 0.003858
3146 6376 0.003858
6374 6376 0.003858
6375 6376 0.003858
6376 6378 0.002021
6377 6378 0.002021
6417 6378 0.002021
5952 6380 0.0011171
6378 6380 0.0011171
6379 6380 0.0011171
3127 6382 0.00019577
3130 6382 0.00019577
6380 6382 0.00019577
6381 6382 0.00019577
5670 6386 0.00011565
6385 6386 0.00011565
7085 6386 0.00011565
6111 6395 0.00039872
6396 6395 0.00039872
6397 6395 0.00039872
6406 6395 0.00039872
2362 6396 0.00039382
2365 6396 0.00039382
6395 6396 0.00039382
3147 6397 0.00015215
5951 6397 0.00015215
6398 6397 0.00015215
6399 6397 0.00015215
6111 6398 0.00026977
6396 6398 0.00026977
6397 6398 0.00026977
6406 6398 0.00026977
3147 6400 0.00015509
5951 6400 0.00015509
6398 6400 0.00015509
6399 6400 0.00015509
3909 6402 0.00012532
6113 6402 0.00012532
6400 6402 0.00012532
6401 6402 0.00012532
4788 6407 0.00046376
6408 6407 0.00046376
6409 6407 0.00046376
3140 6408 0.0011237
6372 6408 0.0011237
6373 6408 0.0011237
6407 6408 0.0011237
6364 6409 0.00056756
6410 6409 0.00056756
6411 6409 0.00056756
4788 6410 0.0007277
6408 6410 0.0007277
6409 6410 0.0007277
6364 6412 0.0009573
6410 6412 0.0009573
6411 6412 0.0009573
5834 6414 0.0009573
6412 6414 0.0009573
6413 6414 0.0009573
3142 6416 0.0019687
6414 6416 0.0019687
6415 6416 0.0019687
6376 6418 0.0019211
6377 6418 0.0019211
6417 6418 0.0019211
6416 6420 0.0038337
6418 6420 0.0038337
6419 6420 0.0038337
3138 6421 0.00082624
5832 6421 0.00082624
6422 6421 0.00082624
3304 6422 0.0038352
6420 6422 0.0038352
6421 6422 0.0038352
275 6427 0.0071907
278 6427 0.0071907
6428 6427 0.0071907
5736 6429 0.0071907
6427 6429 0.0071907
6430 6429 0.0071907
570 6431 0.0068559
6429 6431 0.0068559
6432 6431 0.0068559
4805 6433 0.0077355
6431 6433 0.0077355
6434 6433 0.0077355
981 6435 0.014294
5779 6435 0.014294
6433 6435 0.014294
6436 6435 0.014294
2190 6463 0.00033864
5767 6463 0.00033864
6464 6463 0.00033864
6747 6464 0.00038913
2749 6465 0.0003562
4599 6465 0.0003562
2642 6467 0.0001883
2643 6467 0.0001883
4191 6468 0.0021124
4666 6468 0.0021124
6469 6468 0.0021124
2336 6469 0.00015912
2339 6469 0.00015912
4709 6469 0.00015912
1804 6474 0.0020884
2284 6474 0.0020884
6475 6474 0.0020884
558 6475 0.006434
5766 6475 0.006434
6474 6475 0.006434
282 6705 0.0085222
1741 6705 0.0085222
6704 6705 0.0085222
4218 6707 0.0062648
6706 6707 0.0062648
6724 6707 0.0062648
4678 6708 0.00010247
7120 6708 0.00010247
1130 6709 0.00010247
5776 6716 0.00088182
6468 6716 0.00088182
2638 6717 0.95967
4215 6724 0.0031517
6725 6724 0.0031517
6726 6727 0.0031971
7153 6727 0.0031971
6750 6734 1
6879 6736 0.90151
712 6741 0.00010932
6303 6741 0.00010932
5087 6743 1
5271 6743 1
4654 6744 0.9999
557 6747 0.00038913
6037 6747 0.00038913
6465 6747 0.00038913
6751 6750 1
3958 6751 1
6304 6751 1
851 6810 1
6811 6810 1
580 6822 1.0004
5765 6822 1.0004
5768 6822 1.0004
6831 6832 1
6856 6832 1
4125 6834 1
4137 6834 1
6833 6834 1
4127 6836 1
4135 6836 1
6835 6836 1
4131 6838 1
4139 6838 1
6837 6838 1
4123 6856 1
4141 6856 1
6855 6856 1
5093 6875 0.90153
6875 6876 0.90153
5662 6878 0.89936
5664 6878 0.89936
3792 6879 0.90151
4228 6894 0.0029047
4229 6894 0.0029047
6893 6894 0.0029047
4223 6895 0.0029978
6896 6895 0.0029978
7081 6895 0.0029978
6939 6938 0.00076625
7067 6938 0.00076625
7163 6938 0.00076625
7164 6938 0.00076625
6938 6939 0.00043795
6941 6939 0.00043795
6949 6939 0.00043795
6940 6941 0.00061205
6942 6941 0.00061205
6945 6941 0.00061205
6947 6941 0.00061205
6363 6942 0.00061205
6943 6942 0.00061205
7165 6942 0.00061205
6938 6948 0.00099021
6941 6948 0.00099021
6949 6948 0.00099021
6948 6949 0.00014726
6950 6949 0.00014726
6953 6949 0.00014726
6948 6952 0.00099021
6950 6952 0.00099021
6953 6952 0.00099021
6952 6953 0.00014726
7161 6953 0.00014726
7162 6953 0.00014726
5905 6954 0.00019733
6955 6954 0.00019733
7110 6954 0.00019733
6954 6960 0.00019733
6957 6960 0.00019733
6959 6960 0.00019733
5824 6963 0.0043367
6964 6963 0.0043367
7100 6963 0.0043367
5822 6964 0.004362
6963 6964 0.004362
7102 6964 0.004362
7104 6964 0.004362
6965 6967 0.00046423
6968 6967 0.00046423
7101 6967 0.00046423
3335 6968 0.0022114
5823 6968 0.0022114
5831 6968 0.0022114
6967 6968 0.0022114
6969 6971 0.0060279
6972 6971 0.0060279
6975 6971 0.0060279
7066 6971 0.0060279
6971 6972 0.002695
6974 6972 0.002695
7064 6972 0.002695
6971 6973 0.006724
6974 6973 0.006724
7064 6973 0.006724
6973 6974 0.0053893
6976 6974 0.0053893
6978 6974 0.0053893
6973 6975 0.011011
6976 6975 0.011011
6978 6975 0.011011
6969 6976 0.0020874
6972 6976 0.0020874
6975 6976 0.0020874
7066 6976 0.0020874
6973 6977 0.0050814
6976 6977 0.0050814
6978 6977 0.0050814
3320 6978 0.01267
6977 6978 0.01267
7096 6978 0.01267
6980 6979 0.0085329
7065 6979 0.0085329
7098 6979 0.0085329
6229 6980 0.0020578
6979 6980 0.0020578
7063 6980 0.0020578
6982 6981 0.0012967
6984 6981 0.0012967
6986 6981 0.0012967
6981 6982 0.00027274
6990 6982 0.00027274
6982 6983 0.00096352
6984 6983 0.00096352
6986 6983 0.00096352
3318 6984 0.002409
6983 6984 0.002409
7092 6984 0.002409
6982 6985 0.0014735
6984 6985 0.0014735
6986 6985 0.0014735
6985 6986 0.001052
6988 6986 0.001052
6989 6986 0.001052
6985 6987 0.0021273
6988 6987 0.0021273
6989 6987 0.0021273
6987 6988 0.0006818
6992 6988 0.0006818
6994 6988 0.0006818
6981 6989 0.0012967
6990 6989 0.0012967
6985 6990 0.00027274
6988 6990 0.00027274
6989 6990 0.00027274
6987 6991 0.0017515
6992 6991 0.0017515
6994 6991 0.0017515
6991 6992 0.00022823
6995 6992 0.00022823
7000 6992 0.00022823
6987 6993 0.0011492
6992 6993 0.0011492
6994 6993 0.0011492
6993 6994 0.001227
6996 6994 0.001227
6998 6994 0.001227
7001 6994 0.001227
6993 6995 0.00054123
6996 6995 0.00054123
6998 6995 0.00054123
7001 6995 0.00054123
6991 6996 0.0015135
6995 6996 0.0015135
7000 6996 0.0015135
6993 6997 0.0022035
6996 6997 0.0022035
6998 6997 0.0022035
7001 6997 0.0022035
6997 6998 0.000758
7090 6998 0.000758
7091 6998 0.000758
6991 6999 0.00065107
6995 6999 0.00065107
7000 6999 0.00065107
6999 7000 0.00010006
7002 7000 0.00010006
7004 7000 0.00010006
6999 7001 0.00065107
7002 7001 0.00065107
7004 7001 0.00065107
6993 7002 0.00010006
6996 7002 0.00010006
6998 7002 0.00010006
7001 7002 0.00010006
3316 7006 0.00042361
7005 7006 0.00042361
7008 7006 0.00042361
7088 7006 0.00042361
7016 7017 0.0016413
7019 7017 0.0016413
7026 7017 0.0016413
7016 7018 0.00010166
7019 7018 0.00010166
7026 7018 0.00010166
7021 7020 0.013081
7023 7020 0.013081
7025 7020 0.013081
7036 7020 0.013081
7020 7021 0.0085286
7032 7021 0.0085286
7035 7021 0.0085286
7021 7022 0.0096921
7023 7022 0.0096921
7025 7022 0.0096921
7036 7022 0.0096921
7022 7023 0.0050918
7029 7023 0.0050918
7031 7023 0.0050918
7033 7023 0.0050918
7021 7024 0.012747
7023 7024 0.012747
7025 7024 0.012747
7036 7024 0.012747
7024 7025 0.014444
7027 7025 0.014444
7077 7025 0.014444
7080 7025 0.014444
7024 7026 0.0017144
7027 7026 0.0017144
7077 7026 0.0017144
7080 7026 0.0017144
7022 7030 0.00096497
7029 7030 0.00096497
7031 7030 0.00096497
7033 7030 0.00096497
1230 7031 0.012409
7030 7031 0.012409
7078 7031 0.012409
7022 7032 0.017401
7029 7032 0.017401
7031 7032 0.017401
7033 7032 0.017401
7020 7033 0.0013562
7032 7033 0.0013562
7035 7033 0.0013562
7020 7034 0.022786
7032 7034 0.022786
7035 7034 0.022786
7034 7035 0.002189
7037 7035 0.002189
7039 7035 0.002189
7034 7036 0.015329
7037 7036 0.015329
7039 7036 0.015329
7021 7037 0.0078742
7023 7037 0.0078742
7025 7037 0.0078742
7036 7037 0.0078742
7034 7038 0.020204
7037 7038 0.020204
7039 7038 0.020204
7038 7039 0.0070624
7041 7039 0.0070624
7043 7039 0.0070624
7038 7040 0.020199
7041 7040 0.020199
7043 7040 0.020199
1227 7041 0.0070962
7040 7041 0.0070962
7075 7041 0.0070962
7079 7041 0.0070962
6971 7063 0.0057252
6974 7063 0.0057252
7064 7063 0.0057252
6229 7064 0.003727
6979 7064 0.003727
7063 7064 0.003727
6969 7065 0.0077912
6972 7065 0.0077912
6975 7065 0.0077912
7066 7065 0.0077912
6980 7066 0.0022008
7065 7066 0.0022008
7098 7066 0.0022008
2342 7073 0.0029067
7057 7073 0.0029067
7074 7073 0.0029067
1653 7075 0.014538
7054 7075 0.014538
7076 7075 0.014538
1227 7076 0.0063398
7040 7076 0.0063398
7075 7076 0.0063398
7079 7076 0.0063398
1230 7077 0.00096497
7030 7077 0.00096497
7078 7077 0.00096497
7024 7078 0.012409
7027 7078 0.012409
7077 7078 0.012409
7080 7078 0.012409
7024 7079 0.00754
7027 7079 0.00754
7077 7079 0.00754
7080 7079 0.00754
1227 7080 0.02239
7040 7080 0.02239
7075 7080 0.02239
7079 7080 0.02239
4811 7081 0.00010166
7018 7081 0.00010166
7082 7081 0.00010166
6895 7083 0.0046295
7017 7083 0.0046295
7084 7083 0.0046295
5670 7086 0.00025524
6385 7086 0.00025524
7085 7086 0.00025524
3316 7087 0.00045528
7005 7087 0.00045528
7008 7087 0.00045528
7088 7087 0.00045528
2351 7088 0.00024476
4656 7088 0.00024476
7014 7088 0.00024476
7087 7088 0.00024476
6997 7089 0.00033956
7090 7089 0.00033956
7091 7089 0.00033956
3317 7090 0.0014503
5238 7090 0.0014503
7089 7090 0.0014503
3318 7091 0.0008411
6983 7091 0.0008411
7092 7091 0.0008411
6997 7092 0.0033973
7090 7092 0.0033973
7091 7092 0.0033973
547 7093 0.0014117
2073 7093 0.0014117
7094 7093 0.0014117
3319 7094 0.041242
5985 7094 0.041242
7093 7094 0.041242
7095 7094 0.041242
3320 7095 0.00057988
6977 7095 0.00057988
7096 7095 0.00057988
3319 7096 0.033374
5985 7096 0.033374
7093 7096 0.033374
7095 7096 0.033374
6980 7097 0.0050029
7065 7097 0.0050029
7098 7097 0.0050029
3321 7098 0.0058875
3322 7098 0.0058875
7097 7098 0.0058875
5824 7099 0.0035244
6964 7099 0.0035244
7100 7099 0.0035244
3325 7100 0.0068528
3326 7100 0.0068528
7099 7100 0.0068528
5822 7101 0.00046423
6963 7101 0.00046423
7102 7101 0.00046423
7104 7101 0.00046423
6965 7102 0.0022114
6968 7102 0.0022114
7101 7102 0.0022114
5822 7103 0.008015
6963 7103 0.008015
7102 7103 0.008015
7104 7103 0.008015
3323 7104 0.003546
3324 7104 0.003546
7103 7104 0.003546
6961 7105 0.001267
7106 7105 0.001267
7107 7105 0.001267
2346 7107 0.001267
6960 7107 0.001267
7108 7107 0.001267
5905 7109 0.00012367
6955 7109 0.00012367
7110 7109 0.00012367
719 7110 0.00015959
5908 7110 0.00015959
7109 7110 0.00015959
5954 7112 0.00011844
6370 7112 0.00011844
6388 7112 0.00011844
7111 7112 0.00011844
3795 7115 0.029875
7117 7116 0.90072
1226 7117 0.90072
1536 7117 0.90072
4200 7117 0.90072
727 7127 0.0012746
731 7127 0.0012746
7126 7127 0.0012746
2324 7130 0.00015102
7131 7130 0.00015102
3189 7131 0.0063918
4707 7131 0.0063918
5981 7131 0.0063918
7130 7131 0.0063918
3087 7150 0.002033
7151 7150 0.002033
2334 7153 0.0031971
2337 7153 0.0031971
5977 7153 0.0031971
7152 7153 0.0031971
6952 7160 0.0012684
7161 7160 0.0012684
7162 7160 0.0012684
2356 7161 0.0020529
2359 7161 0.0020529
6362 7161 0.0020529
7160 7161 0.0020529
6939 7162 0.00051089
7067 7162 0.00051089
7163 7162 0.00051089
7164 7162 0.00051089
6952 7163 0.0021383
7161 7163 0.0021383
7162 7163 0.0021383
6363 7164 0.00023565
6943 7164 0.00023565
7165 7164 0.00023565
6939 7165 0.0015347
7067 7165 0.0015347
7163 7165 0.0015347
7164 7165 0.0015347
7171 7170 1
6734 7171 1
845 7186 0.99477
7187 7186 0.99477
7186 7188 0.99477
7189 7188 0.99477
3397 7214 0.0013112
7215 7214 0.0013112
7214 7216 0.0013112
7217 7216 0.0013112
3401 7244 0.0013112
7245 7244 0.0013112
270 7247 0.0013106
6049 7247 0.0013106
7246 7247 0.0013106
1232 7248 0.025238
7249 7248 0.025238
1235 7251 0.02524
7248 7251 0.02524
7250 7251 0.02524
5895 7252 0.06195
7253 7252 0.06195
5893 7254 0.034184
7255 7254 0.034184
2329 7255 0.00027288
5896 7255 0.00027288
7254 7255 0.00027288
7258 7255 0.00027288
2328 7256 0.00032949
7257 7256 0.00032949
2331 7257 0.028678
4196 7257 0.028678
5971 7257 0.028678
7256 7257 0.028678
2326 7258 0.0025872
7259 7258 0.0025872
2329 7259 0.002903
5896 7259 0.002903
7254 7259 0.002903
7258 7259 0.002903
2279 7272 0.12817
5674 7272 0.12817
7273 7272 0.12817
1127 7274 0.015889
3095 7274 0.015889
3098 7274 0.015889
