703 702 0.99999
4303 702 0.99999
5289 702 0.99999
713 714 0.00010247
2050 714 0.00010247
2052 714 0.00010247
786 785 0.0008731
2261 785 0.0008731
2264 785 0.0008731
3989 785 0.0008731
785 786 0.0010337
3973 786 0.0010337
3976 786 0.0010337
3977 786 0.0010337
5085 1129 1.0016
5267 1129 1.0016
6708 1130 0.00010247
1528 1530 0.0084758
1531 1530 0.0084758
3303 1530 0.0084758
6709 2052 0.00010247
786 2263 0.0010553
2261 2263 0.0010553
2264 2263 0.0010553
3989 2263 0.0010553
2263 2264 0.00089723
2266 2264 0.00089723
3959 2264 0.00089723
2263 2265 0.019032
2266 2265 0.019032
3959 2265 0.019032
2265 2267 0.018869
2268 2267 0.018869
3975 2267 0.018869
2280 2281 0.99999
5280 2281 0.99999
5282 2281 0.99999
2353 2352 0.0023497
3337 2352 0.0023497
1530 2849 0.0083975
1533 2849 0.0083975
2850 2849 0.0083975
3107 3109 0.002313
3110 3109 0.002313
3309 3109 0.002313
3310 3109 0.002313
3109 3110 0.00030817
3112 3110 0.00030817
3313 3110 0.00030817
3314 3110 0.00030817
3109 3111 0.00047917
3112 3111 0.00047917
3313 3111 0.00047917
3314 3111 0.00047917
3121 3122 0.00019964
3328 3122 0.00019964
3329 3122 0.00019964
3124 3123 0.0027005
3307 3123 0.0027005
3308 3123 0.0027005
3637 3123 0.0027005
3123 3124 0.0028664
3126 3124 0.0028664
3312 3124 0.0028664
3123 3125 0.0022366
3126 3125 0.0022366
3312 3125 0.0022366
3125 3126 0.00081141
3128 3126 0.00081141
5949 3126 0.00081141
3125 3127 0.00057347
3128 3127 0.00057347
5949 3127 0.00057347
3127 3128 0.00049926
3130 3128 0.00049926
6380 3128 0.00049926
6381 3128 0.00049926
3136 3135 0.00030844
3305 3135 0.00030844
3306 3135 0.00030844
3135 3136 0.0018851
5948 3136 0.0018851
5953 3136 0.0018851
3138 3137 0.00019876
5832 3137 0.00019876
6422 3137 0.00019876
3137 3138 0.0297
3302 3138 0.0297
3338 3138 0.0297
3137 3303 0.0084758
3302 3303 0.0084758
3338 3303 0.0084758
3136 3304 0.010435
3305 3304 0.010435
3306 3304 0.010435
3304 3305 0.00073937
6420 3305 0.00073937
6421 3305 0.00073937
3124 3306 0.01034
3307 3306 0.01034
3308 3306 0.01034
3637 3306 0.01034
3136 3307 0.0022213
3305 3307 0.0022213
3306 3307 0.0022213
3107 3308 0.00030817
3110 3308 0.00030817
3309 3308 0.00030817
3310 3308 0.00030817
3124 3309 0.002313
3307 3309 0.002313
3308 3309 0.002313
3637 3309 0.002313
3109 3312 0.0021093
3112 3312 0.0021093
3313 3312 0.0021093
3314 3312 0.0021093
3123 3313 0.00051809
3126 3313 0.00051809
3312 3313 0.00051809
2353 3328 0.00026916
3337 3328 0.00026916
3137 3337 0.0026186
3302 3337 0.0026186
3338 3337 0.0026186
3343 3338 0.040594
3639 3338 0.040594
3962 3338 0.040594
600 3343 1.0085
2849 3343 1.0085
3344 3343 1.0085
3345 3343 1.0085
3638 3637 0.015126
3640 3637 0.015126
5268 3637 0.015126
3124 3638 0.0051683
3307 3638 0.0051683
3308 3638 0.0051683
3637 3638 0.0051683
3343 3640 0.96808
3639 3640 0.96808
3962 3640 0.96808
2267 3958 0.018869
4652 3958 0.018869
4686 3959 0.018871
4685 3962 0.00015734
5086 3962 0.00015734
1129 3964 0.15946
3963 3964 0.15946
785 3975 0.0008731
3973 3975 0.0008731
3976 3975 0.0008731
3977 3975 0.0008731
2265 3976 0.0010337
2268 3976 0.0010337
3975 3976 0.0010337
702 4234 1
4233 4234 1
4236 4234 1
4287 4288 1
4485 4288 1
4502 4288 1
787 4290 1
4288 4290 1
4289 4290 1
4292 4291 0.035991
4293 4291 0.035991
4290 4292 0.0045527
4291 4292 0.0045527
4295 4292 0.0045527
4294 4293 0.035991
4297 4293 0.035991
4292 4294 0.0045527
4293 4294 0.0045527
4296 4295 0.0045527
4298 4295 0.0045527
4290 4296 0.035991
4291 4296 0.035991
4295 4296 0.035991
4296 4297 0.035991
4298 4297 0.035991
4294 4298 0.0045527
4297 4298 0.0045527
692 4502 1
4501 4502 1
4504 4502 1
658 4504 1
4234 4504 1
4503 4504 1
7170 4654 1
714 4675 0.00010247
4676 4675 0.00010247
6741 4678 0.00010932
6743 4686 1
4685 5085 0.0014144
5086 5085 0.0014144
5087 5086 0.0015715
5271 5086 0.0015715
1129 5087 0.84211
3963 5087 0.84211
3638 5267 1.0002
3640 5267 1.0002
5268 5267 1.0002
3138 5268 0.042079
5832 5268 0.042079
6422 5268 0.042079
3122 5269 0.00029635
5270 5269 0.00029635
6233 5269 0.00029635
3964 5271 0.15946
6738 5271 0.15946
680 5279 0.99999
2281 5279 0.99999
5278 5279 0.99999
6744 5280 0.9999
4675 5282 0.00010247
5281 5282 0.00010247
678 5285 0.99999
2282 5285 0.99999
5279 5285 0.99999
5286 5285 0.99999
4301 5287 0.99999
5285 5287 0.99999
5288 5287 0.99999
789 5289 0.99999
4299 5289 0.99999
5287 5289 0.99999
5290 5289 0.99999
2352 5832 0.0026456
2355 5832 0.0026456
5269 5832 0.0026456
3125 5948 0.0017002
3128 5948 0.0017002
5949 5948 0.0017002
3135 5949 0.00034914
5948 5949 0.00034914
5953 5949 0.00034914
3135 5952 0.00016879
5948 5952 0.00016879
5953 5952 0.00016879
5952 5953 0.00039446
6378 5953 0.00039446
6379 5953 0.00039446
4654 6303 0.00010142
4686 6304 0.98113
5952 6377 0.00027655
6378 6377 0.00027655
6379 6377 0.00027655
3127 6379 0.00053855
3130 6379 0.00053855
6380 6379 0.00053855
6381 6379 0.00053855
3111 6381 0.00042054
3114 6381 0.00042054
6382 6381 0.00042054
6383 6381 0.00042054
6376 6418 0.00025135
6377 6418 0.00025135
6417 6418 0.00025135
6416 6420 0.00028862
6418 6420 0.00028862
6419 6420 0.00028862
3138 6421 0.00073858
5832 6421 0.00073858
6422 6421 0.00073858
3304 6422 0.01067
6420 6422 0.01067
6421 6422 0.01067
4678 6708 0.00010247
7120 6708 0.00010247
1130 6709 0.00010247
6750 6734 1
712 6741 0.00010932
6303 6741 0.00010932
5087 6743 1
5271 6743 1
4654 6744 0.9999
6751 6750 1
3958 6751 1
6304 6751 1
7171 7170 1
6734 7171 1
