5835 433 0.0038656
548 547 0.059806
6226 547 0.059806
6227 547 0.059806
6230 547 0.059806
547 548 0.023653
2073 548 0.023653
7094 548 0.023653
592 593 0.0007328
1143 593 0.0007328
2110 593 0.0007328
948 950 0.0038306
951 950 0.0038306
6355 950 0.0038306
950 951 0.0028866
6352 951 0.0028866
6353 951 0.0028866
6356 951 0.0028866
971 970 1.0069
4670 970 1.0069
5226 970 1.0069
973 972 0.99786
6533 972 0.99786
995 994 0.028883
6359 994 0.028883
6360 994 0.028883
994 995 0.071041
997 995 0.071041
2076 995 0.071041
2077 995 0.071041
994 996 0.062169
997 996 0.062169
2076 996 0.062169
2077 996 0.062169
996 997 0.050904
3119 997 0.050904
4790 997 0.050904
6237 997 0.050904
6874 1128 0.0012882
1144 1143 0.0007328
5074 1143 0.0007328
5231 1143 0.0007328
1146 1145 0.00067792
2099 1145 0.00067792
2100 1145 0.00067792
1227 1226 0.00023235
7040 1226 0.00023235
7075 1226 0.00023235
7079 1226 0.00023235
1226 1227 0.00087213
1536 1227 0.00087213
4200 1227 0.00087213
1456 1455 0.0014535
2097 1455 0.0014535
2098 1455 0.0014535
1455 1457 0.0014535
1458 1457 0.0014535
2092 1457 0.0014535
1457 1459 0.0014535
1460 1459 0.0014535
5229 1459 0.0014535
1459 1461 0.0014533
1462 1461 0.0014533
2371 1461 0.0014533
1515 1514 0.0091793
2096 1514 0.0091793
4667 1514 0.0091793
5384 1514 0.0091793
1514 1515 0.0012989
2848 1515 0.0012989
1537 1536 0.0047085
4710 1536 0.0047085
1653 1654 0.0001065
7054 1654 0.0001065
7076 1654 0.0001065
1656 1655 0.00066238
5746 1655 0.00066238
5748 1655 0.00066238
1655 1656 0.00012559
5745 1656 0.00012559
5901 1656 0.00012559
5904 1656 0.00012559
1935 1934 0.00012202
1936 1934 0.00012202
1942 1934 0.00012202
1932 1935 0.00014843
1934 1935 0.00014843
6745 1935 0.00014843
7198 1935 0.00014843
1943 1942 0.00012202
1944 1942 0.00012202
5379 1942 0.00012202
5386 1942 0.00012202
1935 1943 0.00014843
1936 1943 0.00014843
1942 1943 0.00014843
2072 2071 0.010837
2074 2071 0.010837
2075 2071 0.010837
3906 2071 0.010837
2071 2072 0.074035
6238 2072 0.074035
6239 2072 0.074035
2072 2073 0.52274
2074 2073 0.52274
2075 2073 0.52274
3906 2073 0.52274
547 2074 0.0006008
2073 2074 0.0006008
7094 2074 0.0006008
994 2075 0.47758
997 2075 0.47758
2076 2075 0.47758
2077 2075 0.47758
2072 2076 0.0118
2074 2076 0.0118
2075 2076 0.0118
3906 2076 0.0118
2078 2077 0.54194
2358 2077 0.54194
2361 2077 0.54194
6371 2077 0.54194
994 2078 0.022739
997 2078 0.022739
2076 2078 0.022739
2077 2078 0.022739
1515 2097 0.0021319
2096 2097 0.0021319
4667 2097 0.0021319
5384 2097 0.0021319
1456 2099 0.00067852
2097 2099 0.00067852
2098 2099 0.00067852
1145 2104 0.00067244
2105 2104 0.00067244
5071 2104 0.00067244
2329 2328 0.00011072
5896 2328 0.00011072
7254 2328 0.00011072
7258 2328 0.00011072
2331 2330 0.00011311
4196 2330 0.00011311
5971 2330 0.00011311
7256 2330 0.00011311
2330 2332 0.00011379
2333 2332 0.00011379
5975 2332 0.00011379
2332 2334 0.00013237
2335 2334 0.00013237
4216 2334 0.00013237
2334 2336 0.00015156
2337 2336 0.00015156
5977 2336 0.00015156
7152 2336 0.00015156
2336 2338 0.00057006
2339 2338 0.00057006
4709 2338 0.00057006
2338 2340 0.00016831
2341 2340 0.00016831
4198 2340 0.00016831
1654 2342 0.00016112
2340 2342 0.00016112
2343 2342 0.00016112
2344 2346 0.00010341
2347 2346 0.00010341
5906 2346 0.00010341
2349 2348 0.46499
5903 2348 0.46499
5986 2348 0.46499
7105 2348 0.46499
2348 2349 0.00077452
5239 2349 0.00077452
5739 2349 0.00077452
2351 2350 0.0072233
4656 2350 0.0072233
7014 2350 0.0072233
7087 2350 0.0072233
2350 2351 0.010821
5671 2351 0.010821
5836 2351 0.010821
2352 2353 0.0029355
2355 2353 0.0029355
5269 2353 0.0029355
2352 2354 0.0010335
2355 2354 0.0010335
5269 2354 0.0010335
2354 2355 0.0050948
2357 2355 0.0050948
2354 2356 0.00066782
2357 2356 0.00066782
2356 2357 0.061717
2359 2357 0.061717
6362 2357 0.061717
7160 2357 0.061717
2356 2358 0.63779
2359 2358 0.63779
6362 2358 0.63779
7160 2358 0.63779
2078 2359 0.0059889
2358 2359 0.0059889
2361 2359 0.0059889
6371 2359 0.0059889
2078 2360 0.39401
2358 2360 0.39401
2361 2360 0.39401
6371 2360 0.39401
2360 2361 0.0052919
2363 2361 0.0052919
3120 2361 0.0052919
2360 2362 0.31112
2363 2362 0.31112
3120 2362 0.31112
2362 2363 0.0095099
2365 2363 0.0095099
6395 2363 0.0095099
2362 2364 0.36012
2365 2364 0.36012
6395 2364 0.36012
2364 2365 0.0002604
2367 2365 0.0002604
6366 2365 0.0002604
6367 2365 0.0002604
2364 2366 0.39027
2367 2366 0.39027
6366 2366 0.39027
6367 2366 0.39027
2366 2367 0.00025437
7006 2367 0.00025437
7086 2367 0.00025437
970 2848 0.0089911
6534 2848 0.0089911
3118 3117 0.0072204
6390 3117 0.0072204
6391 3117 0.0072204
3117 3118 0.00011348
5957 3118 0.00011348
6368 3118 0.00011348
6369 3118 0.00011348
2360 3119 0.10848
2363 3119 0.10848
3120 3119 0.10848
996 3120 0.021368
3119 3120 0.021368
4790 3120 0.021368
6237 3120 0.021368
3122 3121 0.00044387
5270 3121 0.00044387
6233 3121 0.00044387
3121 3122 0.0010405
3328 3122 0.0010405
3329 3122 0.0010405
3125 3127 0.00011975
3128 3127 0.00011975
5949 3127 0.00011975
3127 3129 0.00049737
3130 3129 0.00049737
6380 3129 0.00049737
6381 3129 0.00049737
3129 3131 0.0011082
3132 3131 0.0011082
6105 3131 0.0011082
6108 3131 0.0011082
3131 3133 0.0020734
3134 3133 0.0020734
6402 3133 0.0020734
6403 3133 0.0020734
3138 3137 0.00021923
5832 3137 0.00021923
6422 3137 0.00021923
3140 3139 0.056822
6372 3139 0.056822
6373 3139 0.056822
6407 3139 0.056822
3139 3140 0.0045224
3910 3140 0.0045224
6112 3140 0.0045224
3142 3141 0.008936
6414 3141 0.008936
6415 3141 0.008936
3141 3142 0.00056106
3144 3142 0.00056106
4787 3142 0.00056106
3141 3143 0.02689
3144 3143 0.02689
4787 3143 0.02689
3143 3144 0.00042011
3146 3144 0.00042011
6374 3144 0.00042011
6375 3144 0.00042011
3143 3145 0.01607
3146 3145 0.01607
6374 3145 0.01607
6375 3145 0.01607
3145 3146 0.00073771
3148 3146 0.00073771
3911 3146 0.00073771
6109 3146 0.00073771
3145 3147 0.014135
3148 3147 0.014135
3911 3147 0.014135
6109 3147 0.014135
3147 3148 0.00042447
5951 3148 0.00042447
6398 3148 0.00042447
6399 3148 0.00042447
3304 3305 0.00012186
6420 3305 0.00012186
6421 3305 0.00012186
3317 3316 0.00095816
5238 3316 0.00095816
7089 3316 0.00095816
3316 3317 0.088578
7005 3317 0.088578
7008 3317 0.088578
7088 3317 0.088578
3319 3318 0.12302
5985 3318 0.12302
7093 3318 0.12302
7095 3318 0.12302
3318 3319 0.0059085
6983 3319 0.0059085
7092 3319 0.0059085
3321 3320 0.01995
3322 3320 0.01995
7097 3320 0.01995
3320 3321 0.036315
6977 3321 0.036315
7096 3321 0.036315
3323 3322 0.0064727
3324 3322 0.0064727
7103 3322 0.0064727
3321 3323 0.0061273
3322 3323 0.0061273
7097 3323 0.0061273
3325 3324 0.0028002
3326 3324 0.0028002
7099 3324 0.0028002
3323 3325 0.0043631
3324 3325 0.0043631
7103 3325 0.0043631
2753 3326 0.0022787
3327 3326 0.0022787
5237 3326 0.0022787
3325 3327 0.00015444
3326 3327 0.00015444
7099 3327 0.00015444
2353 3328 0.0030622
3337 3328 0.0030622
3332 3331 0.00030747
3334 3331 0.00030747
3331 3332 0.0011499
5827 3332 0.0011499
5829 3332 0.0011499
3332 3333 0.0011499
3334 3333 0.0011499
3333 3334 0.00030747
3336 3334 0.00030747
6225 3334 0.00030747
3333 3335 0.0034764
3336 3335 0.0034764
6225 3335 0.0034764
3335 3336 0.0044128
5823 3336 0.0044128
5831 3336 0.0044128
6967 3336 0.0044128
3137 3337 0.00022517
3302 3337 0.00022517
3338 3337 0.00022517
593 3779 0.0007328
3780 3779 0.0007328
6546 3779 0.0007328
3790 3789 0.99971
3794 3789 0.99971
7083 3789 0.99971
4199 3791 0.99956
5395 3791 0.99956
5396 3792 0.00028897
5397 3792 0.00028897
3791 3793 0.99937
3793 3794 0.99905
5993 3794 0.99905
7115 3794 0.99905
3907 3906 0.048677
4019 3906 0.048677
6228 3906 0.048677
6358 3906 0.048677
2072 3907 0.05551
2074 3907 0.05551
2075 3907 0.05551
3906 3907 0.05551
3909 3908 0.0017008
6113 3908 0.0017008
6400 3908 0.0017008
6401 3908 0.0017008
3908 3909 0.00010819
6392 3909 0.00010819
6393 3909 0.00010819
3145 3910 0.0056689
3148 3910 0.0056689
3911 3910 0.0056689
6109 3910 0.0056689
3139 3911 0.0061147
3910 3911 0.0061147
6112 3911 0.0061147
4020 4019 0.034499
6232 4019 0.034499
6351 4019 0.034499
3907 4020 0.0044561
4019 4020 0.0044561
6228 4020 0.0044561
6358 4020 0.0044561
7116 4199 0.0045516
2338 4200 0.00048382
2341 4200 0.00048382
4198 4200 0.00048382
4204 4205 0.00059161
4206 4205 0.00059161
4207 4205 0.00059161
4211 4205 0.00059161
4205 4206 0.00038296
5741 4206 0.00038296
5742 4206 0.00038296
4201 4207 0.00036728
4208 4207 0.00036728
4209 4207 0.00036728
5909 4207 0.00036728
4204 4208 0.00016205
4206 4208 0.00016205
4207 4208 0.00016205
4211 4208 0.00016205
4212 4211 0.00028548
4214 4211 0.00028548
4204 4212 0.00028207
4206 4212 0.00028207
4207 4212 0.00028207
4211 4212 0.00028207
4212 4213 0.00028207
4214 4213 0.00028207
4213 4214 0.00028548
5743 4214 0.00028548
5744 4214 0.00028548
4224 4223 0.00014265
4225 4223 0.00014265
6894 4223 0.00014265
4227 4228 0.00015849
5937 4228 0.00015849
7073 4228 0.00015849
6737 4659 0.31862
2095 4667 0.010277
4668 4667 0.010277
5224 4667 0.010277
1515 4668 0.00054592
2096 4668 0.00054592
4667 4668 0.00054592
5384 4668 0.00054592
971 4669 0.00014066
4670 4669 0.00014066
5226 4669 0.00014066
4669 4670 0.99012
5402 4670 0.99012
5405 4670 0.99012
1537 4709 0.00042248
4710 4709 0.00042248
5063 4710 0.0051301
4788 4787 0.020663
6408 4787 0.020663
6409 4787 0.020663
3141 4788 0.0025673
3144 4788 0.0025673
4787 4788 0.0025673
996 4789 0.042074
3119 4789 0.042074
4790 4789 0.042074
6237 4789 0.042074
4789 4790 0.0077023
6240 4790 0.0077023
6365 4790 0.0077023
3779 4913 1
4914 4913 1
6545 4913 1
4913 4915 1
4916 4915 1
5064 5063 1.0001
5240 5063 1.0001
4659 5064 0.31891
5065 5064 0.31891
3792 5065 0.0002889
2104 5073 0.00067791
3186 5073 0.00067791
5072 5073 0.00067791
3929 5074 0.00067852
5073 5074 0.00067852
5075 5074 0.00067852
5091 5090 0.0043103
5838 5090 0.0043103
1128 5091 0.0012894
5092 5091 0.0012894
5225 5224 0.010287
5403 5224 0.010287
2095 5225 0.00055815
4668 5225 0.00055815
5224 5225 0.00055815
1514 5226 0.016872
2848 5226 0.016872
3121 5237 0.0024656
3328 5237 0.0024656
3329 5237 0.0024656
2348 5238 0.00027338
5239 5238 0.00027338
5739 5238 0.00027338
3317 5239 0.20501
5238 5239 0.20501
7089 5239 0.20501
5241 5240 0.6813
5738 5240 0.6813
7218 5240 0.6813
3638 5267 0.0012888
3640 5267 0.0012888
5268 5267 0.0012888
3138 5268 0.0013589
5832 5268 0.0013589
6422 5268 0.0013589
3122 5269 0.0010017
5270 5269 0.0010017
6233 5269 0.0010017
2753 5270 0.00034105
3327 5270 0.00034105
5237 5270 0.00034105
1943 5380 0.00028131
1944 5380 0.00028131
5379 5380 0.00028131
5386 5380 0.00028131
1946 5382 0.00028131
5380 5382 0.00028131
5381 5382 0.00028131
5227 5384 0.00028131
5382 5384 0.00028131
5383 5384 0.00028131
5385 5386 0.00025491
5387 5386 0.00025491
5394 5386 0.00025491
1512 5392 0.0002474
5391 5392 0.0002474
5876 5392 0.0002474
5392 5394 0.00025491
5393 5394 0.00025491
5991 5394 0.00025491
5063 5395 0.99501
3791 5396 0.00019117
5400 5401 0.99971
6746 5401 0.99971
5225 5402 0.14542
5403 5402 0.14542
5401 5403 0.15515
5404 5403 0.15515
4669 5404 0.0013721
5402 5404 0.0013721
5405 5404 0.0013721
5401 5405 0.84593
5404 5405 0.84593
2350 5669 0.31476
5671 5669 0.31476
5836 5669 0.31476
5670 5671 0.31796
6385 5671 0.31796
7085 5671 0.31796
2348 5738 0.66901
5239 5738 0.66901
5739 5738 0.66901
4205 5740 0.012536
5741 5740 0.012536
5742 5740 0.012536
5740 5741 0.00026005
7219 5741 0.00026005
4213 5742 0.012322
5743 5742 0.012322
5744 5742 0.012322
4205 5743 0.00025483
5741 5743 0.00025483
5742 5743 0.00025483
1655 5744 0.012395
5745 5744 0.012395
5901 5744 0.012395
5904 5744 0.012395
4213 5745 0.00032473
5743 5745 0.00032473
5744 5745 0.00032473
1658 5746 0.00066238
5747 5746 0.00066238
5907 5746 0.00066238
5984 5746 0.00066238
1656 5747 0.00012559
5746 5747 0.00012559
5748 5747 0.00012559
3335 5822 0.0044545
5823 5822 0.0044545
5831 5822 0.0044545
6967 5822 0.0044545
5822 5823 0.0042773
6963 5823 0.0042773
7102 5823 0.0042773
7104 5823 0.0042773
5825 5824 0.00052492
5826 5824 0.00052492
5830 5824 0.00052492
5824 5825 0.0037823
6964 5825 0.0037823
7100 5825 0.0037823
3331 5826 0.00030747
5827 5826 0.00030747
5829 5826 0.00030747
5825 5827 0.0011499
5826 5827 0.0011499
5830 5827 0.0011499
3335 5830 0.001142
5823 5830 0.001142
5831 5830 0.001142
6967 5830 0.001142
5825 5831 0.003557
5826 5831 0.003557
5830 5831 0.003557
2352 5832 0.0022259
2355 5832 0.0022259
5269 5832 0.0022259
6877 5835 0.0043091
5835 5836 0.00044352
5837 5838 0.003074
6927 5838 0.003074
7069 5838 0.003074
7112 5838 0.003074
5389 5876 0.0002474
5875 5876 0.0002474
5994 5876 0.0002474
5895 5896 0.00011753
7253 5896 0.00011753
5897 5898 0.00023236
5900 5898 0.00023236
5983 5898 0.00023236
5897 5899 0.00013323
5900 5899 0.00013323
5983 5899 0.00013323
5899 5900 0.00092387
5902 5900 0.00092387
5910 5900 0.00092387
5899 5901 0.00027833
5902 5901 0.00027833
5910 5901 0.00027833
1655 5902 0.0012932
5745 5902 0.0012932
5901 5902 0.0012932
5904 5902 0.0012932
1655 5903 0.0010031
5745 5903 0.0010031
5901 5903 0.0010031
5904 5903 0.0010031
2349 5904 0.013552
5903 5904 0.013552
5986 5904 0.013552
7105 5904 0.013552
5905 5906 0.00010277
6955 5906 0.00010277
7110 5906 0.00010277
1658 5908 0.00013145
5747 5908 0.00013145
5907 5908 0.00013145
5984 5908 0.00013145
5899 5909 0.0003759
5902 5909 0.0003759
5910 5909 0.0003759
4201 5910 0.00015169
4208 5910 0.00015169
4209 5910 0.00015169
5909 5910 0.00015169
3147 5950 0.0060372
5951 5950 0.0060372
6398 5950 0.0060372
6399 5950 0.0060372
5950 5951 0.00041145
6389 5951 0.00041145
6405 5951 0.00041145
3133 5954 0.0028258
5955 5954 0.0028258
6394 5954 0.0028258
3117 5956 0.01021
5957 5956 0.01021
6368 5956 0.01021
6369 5956 0.01021
5956 5957 0.00047593
6386 5957 0.00047593
6387 5957 0.00047593
1658 5983 0.00010139
5747 5983 0.00010139
5907 5983 0.00010139
5984 5983 0.00010139
5897 5984 0.00069807
5900 5984 0.00069807
5983 5984 0.00069807
2349 5985 0.00075425
5903 5985 0.00075425
5986 5985 0.00075425
7105 5985 0.00075425
3319 5986 0.4774
5985 5986 0.4774
7093 5986 0.4774
7095 5986 0.4774
3793 5994 0.00031232
5993 5994 0.00031232
7115 5994 0.00031232
3129 6107 0.00011348
3132 6107 0.00011348
6105 6107 0.00011348
6108 6107 0.00011348
6107 6108 0.00074828
6110 6108 0.00074828
6114 6108 0.00074828
6107 6109 0.00011036
6110 6109 0.00011036
6114 6109 0.00011036
3145 6110 0.0021778
3148 6110 0.0021778
3911 6110 0.0021778
6109 6110 0.0021778
3139 6111 0.053531
3910 6111 0.053531
6112 6111 0.053531
6111 6112 0.0016772
6396 6112 0.0016772
6397 6112 0.0016772
6406 6112 0.0016772
6107 6113 0.0015443
6110 6113 0.0015443
6114 6113 0.0015443
3909 6114 0.00011165
6113 6114 0.00011165
6400 6114 0.00011165
6401 6114 0.00011165
548 6225 0.0035426
6226 6225 0.0035426
6227 6225 0.0035426
6230 6225 0.0035426
3333 6226 0.0053215
3336 6226 0.0053215
6225 6226 0.0053215
3907 6227 0.087279
4019 6227 0.087279
6228 6227 0.087279
6358 6227 0.087279
548 6228 0.017788
6226 6228 0.017788
6227 6228 0.017788
6230 6228 0.017788
548 6229 0.057435
6226 6229 0.057435
6227 6229 0.057435
6230 6229 0.057435
6229 6230 0.022319
6979 6230 0.022319
7063 6230 0.022319
4020 6231 0.0047733
6232 6231 0.0047733
6351 6231 0.0047733
6231 6232 0.0037653
6234 6232 0.0037653
6354 6232 0.0037653
6231 6233 0.001297
6234 6233 0.001297
6354 6233 0.001297
3122 6234 0.001233
5270 6234 0.001233
6233 6234 0.001233
2071 6237 0.0091804
6238 6237 0.0091804
6239 6237 0.0091804
996 6238 0.073183
3119 6238 0.073183
4790 6238 0.073183
6237 6238 0.073183
4789 6239 0.013024
6240 6239 0.013024
6365 6239 0.013024
2071 6240 0.013828
6238 6240 0.013828
6239 6240 0.013828
950 6351 0.034332
6352 6351 0.034332
6353 6351 0.034332
6356 6351 0.034332
4020 6352 0.0032812
6232 6352 0.0032812
6351 6352 0.0032812
2354 6353 0.056988
2357 6353 0.056988
948 6354 0.0028866
951 6354 0.0028866
6355 6354 0.0028866
6231 6355 0.0038306
6234 6355 0.0038306
6354 6355 0.0038306
6357 6356 0.00094614
6361 6356 0.00094614
950 6357 0.027828
6352 6357 0.027828
6353 6357 0.027828
6356 6357 0.027828
995 6358 0.060519
6359 6358 0.060519
6360 6358 0.060519
3907 6359 0.027904
4019 6359 0.027904
6228 6359 0.027904
6358 6359 0.027904
6357 6360 0.022926
6361 6360 0.022926
995 6361 0.032469
6359 6361 0.032469
6360 6361 0.032469
6357 6362 0.036424
6361 6362 0.036424
6364 6363 0.00058106
6410 6363 0.00058106
6411 6363 0.00058106
6363 6364 0.34416
6943 6364 0.34416
7165 6364 0.34416
2364 6365 0.012524
2367 6365 0.012524
6366 6365 0.012524
6367 6365 0.012524
4789 6366 0.0477
6240 6366 0.0477
6365 6366 0.0477
3117 6367 0.0038501
5957 6367 0.0038501
6368 6367 0.0038501
6369 6367 0.0038501
2364 6368 0.0088637
2367 6368 0.0088637
6366 6368 0.0088637
6367 6368 0.0088637
5954 6369 0.00088512
6370 6369 0.00088512
6388 6369 0.00088512
7111 6369 0.00088512
3117 6370 0.0032716
5957 6370 0.0032716
6368 6370 0.0032716
6369 6370 0.0032716
3140 6371 0.28597
6372 6371 0.28597
6373 6371 0.28597
6407 6371 0.28597
2078 6372 0.0098459
2358 6372 0.0098459
2361 6372 0.0098459
6371 6372 0.0098459
3143 6373 0.021841
3146 6373 0.021841
6374 6373 0.021841
6375 6373 0.021841
3140 6374 0.0087461
6372 6374 0.0087461
6373 6374 0.0087461
6407 6374 0.0087461
6376 6375 0.0024325
6377 6375 0.0024325
6417 6375 0.0024325
3143 6376 0.00047552
3146 6376 0.00047552
6374 6376 0.00047552
6375 6376 0.00047552
5952 6377 0.0001166
6378 6377 0.0001166
6379 6377 0.0001166
6376 6378 0.00048715
6377 6378 0.00048715
6417 6378 0.00048715
5952 6380 0.00046063
6378 6380 0.00046063
6379 6380 0.00046063
5956 6385 0.012378
6386 6385 0.012378
6387 6385 0.012378
5670 6386 0.00046386
6385 6386 0.00046386
7085 6386 0.00046386
5954 6387 0.0028141
6370 6387 0.0028141
6388 6387 0.0028141
7111 6387 0.0028141
5956 6388 0.0006337
6386 6388 0.0006337
6387 6388 0.0006337
3118 6389 0.00027015
6390 6389 0.00027015
6391 6389 0.00027015
5950 6390 0.0065348
6389 6390 0.0065348
6405 6390 0.0065348
3908 6391 0.0014201
6392 6391 0.0014201
6393 6391 0.0014201
3118 6392 0.00057784
6390 6392 0.00057784
6391 6392 0.00057784
3133 6393 0.00022665
5955 6393 0.00022665
6394 6393 0.00022665
3908 6394 0.00097706
6392 6394 0.00097706
6393 6394 0.00097706
6111 6395 0.060303
6396 6395 0.060303
6397 6395 0.060303
6406 6395 0.060303
2362 6396 0.0020564
2365 6396 0.0020564
6395 6396 0.0020564
3147 6397 0.010245
5951 6397 0.010245
6398 6397 0.010245
6399 6397 0.010245
6111 6398 0.0032131
6396 6398 0.0032131
6397 6398 0.0032131
6406 6398 0.0032131
3909 6399 0.0008547
6113 6399 0.0008547
6400 6399 0.0008547
6401 6399 0.0008547
3147 6400 0.0019078
5951 6400 0.0019078
6398 6400 0.0019078
6399 6400 0.0019078
3131 6401 0.00020226
3134 6401 0.00020226
6402 6401 0.00020226
6403 6401 0.00020226
3909 6402 0.0010954
6113 6402 0.0010954
6400 6402 0.0010954
6401 6402 0.0010954
6111 6405 0.0023773
6396 6405 0.0023773
6397 6405 0.0023773
6406 6405 0.0023773
5950 6406 0.0017384
6389 6406 0.0017384
6405 6406 0.0017384
4788 6407 0.31712
6408 6407 0.31712
6409 6407 0.31712
3140 6408 0.0017942
6372 6408 0.0017942
6373 6408 0.0017942
6407 6408 0.0017942
6364 6409 0.33431
6410 6409 0.33431
6411 6409 0.33431
4788 6410 0.00089219
6408 6410 0.00089219
6409 6410 0.00089219
5834 6411 0.00027618
6412 6411 0.00027618
6413 6411 0.00027618
6364 6412 0.010432
6410 6412 0.010432
6411 6412 0.010432
3142 6413 0.00027618
6414 6413 0.00027618
6415 6413 0.00027618
5834 6414 0.010432
6412 6414 0.010432
6413 6414 0.010432
6416 6415 0.00035758
6418 6415 0.00035758
6419 6415 0.00035758
3142 6416 0.0021385
6414 6416 0.0021385
6415 6416 0.0021385
6416 6417 0.002376
6418 6417 0.002376
6419 6417 0.002376
3304 6419 0.0007194
6420 6419 0.0007194
6421 6419 0.0007194
6416 6420 0.00017275
6418 6420 0.00017275
6419 6420 0.00017275
3138 6421 0.00076699
5832 6421 0.00076699
6422 6421 0.00076699
3304 6422 0.00011627
6420 6422 0.00011627
6421 6422 0.00011627
6532 6533 0.99786
6535 6533 0.99786
970 6535 0.99786
6534 6535 0.99786
6544 6545 0.99927
7191 6545 0.99927
6880 6737 0.31862
1932 6746 0.99971
1934 6746 0.99971
6745 6746 0.99971
7198 6746 0.99971
6828 6827 0.99971
7200 6827 0.99971
5085 6873 0.0012882
5267 6873 0.0012882
6873 6874 0.0012882
5090 6877 0.0043091
433 6880 0.31862
5669 6880 0.31862
4228 6894 0.00014265
4229 6894 0.00014265
6893 6894 0.00014265
4223 6895 0.000238
6896 6895 0.000238
7081 6895 0.000238
6895 6896 0.00048252
7017 6896 0.00048252
7084 6896 0.00048252
6939 6938 0.09873
7067 6938 0.09873
7163 6938 0.09873
7164 6938 0.09873
6938 6939 0.050694
6941 6939 0.050694
6949 6939 0.050694
6938 6940 0.01172
6941 6940 0.01172
6949 6940 0.01172
6940 6941 0.082825
6942 6941 0.082825
6945 6941 0.082825
6947 6941 0.082825
6363 6942 0.082825
6943 6942 0.082825
7165 6942 0.082825
6940 6943 0.01172
6942 6943 0.01172
6945 6943 0.01172
6947 6943 0.01172
6938 6948 1.1195
6941 6948 1.1195
6949 6948 1.1195
6948 6949 0.00040576
6950 6949 0.00040576
6953 6949 0.00040576
6948 6952 1.1195
6950 6952 1.1195
6953 6952 1.1195
6952 6953 0.00040576
7161 6953 0.00040576
7162 6953 0.00040576
5824 6963 0.0027687
6964 6963 0.0027687
7100 6963 0.0027687
5822 6964 0.0023389
6963 6964 0.0023389
7102 6964 0.0023389
7104 6964 0.0023389
6965 6967 0.0005677
6968 6967 0.0005677
7101 6967 0.0005677
3335 6968 0.001869
5823 6968 0.001869
5831 6968 0.001869
6967 6968 0.001869
6969 6971 0.046938
6972 6971 0.046938
6975 6971 0.046938
7066 6971 0.046938
6971 6972 0.020703
6974 6972 0.020703
7064 6972 0.020703
6971 6973 0.087628
6974 6973 0.087628
7064 6973 0.087628
6973 6974 0.012985
6976 6974 0.012985
6978 6974 0.012985
6973 6975 0.056831
6976 6975 0.056831
6978 6975 0.056831
6969 6976 0.034015
6972 6976 0.034015
6975 6976 0.034015
7066 6976 0.034015
6973 6977 0.095626
6976 6977 0.095626
6978 6977 0.095626
3320 6978 0.043799
6977 6978 0.043799
7096 6978 0.043799
6980 6979 0.03873
7065 6979 0.03873
7098 6979 0.03873
6229 6980 0.025438
6979 6980 0.025438
7063 6980 0.025438
6982 6981 0.0076549
6984 6981 0.0076549
6986 6981 0.0076549
6981 6982 0.00092506
6990 6982 0.00092506
6982 6983 0.0028661
6984 6983 0.0028661
6986 6983 0.0028661
3318 6984 0.015524
6983 6984 0.015524
7092 6984 0.015524
6982 6985 0.01018
6984 6985 0.01018
6986 6985 0.01018
6985 6986 0.0042525
6988 6986 0.0042525
6989 6986 0.0042525
6985 6987 0.015482
6988 6987 0.015482
6989 6987 0.015482
6987 6988 0.0028241
6992 6988 0.0028241
6994 6988 0.0028241
6981 6989 0.0076549
6990 6989 0.0076549
6985 6990 0.00092506
6988 6990 0.00092506
6989 6990 0.00092506
6987 6991 0.012709
6992 6991 0.012709
6994 6991 0.012709
6991 6992 0.0013566
6995 6992 0.0013566
7000 6992 0.0013566
6987 6993 0.0089522
6992 6993 0.0089522
6994 6993 0.0089522
6993 6994 0.0076468
6996 6994 0.0076468
6998 6994 0.0076468
7001 6994 0.0076468
6993 6995 0.0037834
6996 6995 0.0037834
6998 6995 0.0037834
7001 6995 0.0037834
6991 6996 0.011236
6995 6996 0.011236
7000 6996 0.011236
6993 6997 0.01815
6996 6997 0.01815
6998 6997 0.01815
7001 6997 0.01815
6997 6998 0.005492
7090 6998 0.005492
7091 6998 0.005492
6991 6999 0.0046509
6995 6999 0.0046509
7000 6999 0.0046509
6999 7000 0.00075165
7002 7000 0.00075165
7004 7000 0.00075165
6999 7001 0.0046509
7002 7001 0.0046509
7004 7001 0.0046509
6993 7002 0.00075165
6996 7002 0.00075165
6998 7002 0.00075165
7001 7002 0.00075165
2366 7005 0.088331
7006 7005 0.088331
7086 7005 0.088331
3316 7006 0.0043086
7005 7006 0.0043086
7008 7006 0.0043086
7088 7006 0.0043086
7016 7017 0.0010102
7019 7017 0.0010102
7026 7017 0.0010102
4811 7019 0.00046725
7018 7019 0.00046725
7082 7019 0.00046725
7021 7020 0.00026129
7023 7020 0.00026129
7025 7020 0.00026129
7036 7020 0.00026129
7020 7021 0.00023932
7032 7021 0.00023932
7035 7021 0.00023932
7021 7022 0.00022212
7023 7022 0.00022212
7025 7022 0.00022212
7036 7022 0.00022212
7022 7023 0.00014454
7029 7023 0.00014454
7031 7023 0.00014454
7033 7023 0.00014454
7021 7024 0.00045893
7023 7024 0.00045893
7025 7024 0.00045893
7036 7024 0.00045893
7024 7025 0.00025786
7027 7025 0.00025786
7077 7025 0.00025786
7080 7025 0.00025786
7024 7026 0.00057753
7027 7026 0.00057753
7077 7026 0.00057753
7080 7026 0.00057753
1230 7031 0.00030382
7030 7031 0.00030382
7078 7031 0.00030382
7022 7032 0.00040144
7029 7032 0.00040144
7031 7032 0.00040144
7033 7032 0.00040144
7020 7034 0.00045156
7032 7034 0.00045156
7035 7034 0.00045156
7034 7036 0.00042137
7037 7036 0.00042137
7039 7036 0.00042137
7021 7037 0.00012075
7023 7037 0.00012075
7025 7037 0.00012075
7036 7037 0.00012075
7034 7038 0.00029842
7037 7038 0.00029842
7039 7038 0.00029842
7038 7039 0.00021106
7041 7039 0.00021106
7043 7039 0.00021106
7038 7040 0.00029809
7041 7040 0.00029809
7043 7040 0.00029809
1227 7041 0.00021203
7040 7041 0.00021203
7075 7041 0.00021203
7079 7041 0.00021203
6971 7063 0.011648
6974 7063 0.011648
7064 7063 0.011648
6229 7064 0.060056
6979 7064 0.060056
7063 7064 0.060056
6969 7065 0.0274
6972 7065 0.0274
6975 7065 0.0274
7066 7065 0.0274
6980 7066 0.030819
7065 7066 0.030819
7098 7066 0.030819
2342 7073 0.00016112
7057 7073 0.00016112
7074 7073 0.00016112
1227 7076 0.00010652
7040 7076 0.00010652
7075 7076 0.00010652
7079 7076 0.00010652
7024 7078 0.00030382
7027 7078 0.00030382
7077 7078 0.00030382
7080 7078 0.00030382
1227 7080 0.00073891
7040 7080 0.00073891
7075 7080 0.00073891
7079 7080 0.00073891
4223 7082 0.00046725
6896 7082 0.00046725
7081 7082 0.00046725
6895 7083 0.0012435
7017 7083 0.0012435
7084 7083 0.0012435
3790 7084 0.00054625
3794 7084 0.00054625
7083 7084 0.00054625
2366 7085 0.30716
7006 7085 0.30716
7086 7085 0.30716
5670 7086 0.0011586
6385 7086 0.0011586
7085 7086 0.0011586
3316 7087 0.0072231
7005 7087 0.0072231
7008 7087 0.0072231
7088 7087 0.0072231
2351 7088 0.010821
4656 7088 0.010821
7014 7088 0.010821
7087 7088 0.010821
6997 7089 0.12534
7090 7089 0.12534
7091 7089 0.12534
3317 7090 0.00823
5238 7090 0.00823
7089 7090 0.00823
3318 7091 0.11416
6983 7091 0.11416
7092 7091 0.11416
6997 7092 0.0097016
7090 7092 0.0097016
7091 7092 0.0097016
547 7093 0.55872
2073 7093 0.55872
7094 7093 0.55872
3319 7094 0.0004239
5985 7094 0.0004239
7093 7094 0.0004239
7095 7094 0.0004239
3320 7095 0.10402
6977 7095 0.10402
7096 7095 0.10402
3319 7096 0.068556
5985 7096 0.068556
7093 7096 0.068556
7095 7096 0.068556
6980 7097 0.017567
7065 7097 0.017567
7098 7097 0.017567
3321 7098 0.034278
3322 7098 0.034278
7097 7098 0.034278
5824 7099 0.00087099
6964 7099 0.00087099
7100 7099 0.00087099
3325 7100 0.0045581
3326 7100 0.0045581
7099 7100 0.0045581
5822 7101 0.0005677
6963 7101 0.0005677
7102 7101 0.0005677
7104 7101 0.0005677
6965 7102 0.001869
6968 7102 0.001869
7101 7102 0.001869
5822 7103 0.0055281
6963 7103 0.0055281
7102 7103 0.0055281
7104 7103 0.0055281
3323 7104 0.0036198
3324 7104 0.0036198
7103 7104 0.0036198
6961 7105 0.00019018
7106 7105 0.00019018
7107 7105 0.00019018
2346 7107 0.00019018
6960 7107 0.00019018
7108 7107 0.00019018
719 7110 0.00013145
5908 7110 0.00013145
7109 7110 0.00013145
5954 7112 0.003074
6370 7112 0.003074
6388 7112 0.003074
7111 7112 0.003074
7117 7116 0.0045516
1226 7117 0.0045516
1536 7117 0.0045516
4200 7117 0.0045516
6952 7160 0.66122
7161 7160 0.66122
7162 7160 0.66122
2356 7161 0.0047959
2359 7161 0.0047959
6362 7161 0.0047959
7160 7161 0.0047959
6939 7162 0.022115
7067 7162 0.022115
7163 7162 0.022115
7164 7162 0.022115
6952 7163 0.48483
7161 7163 0.48483
7162 7163 0.48483
6363 7164 0.0030817
6943 7164 0.0030817
7165 7164 0.0030817
6939 7165 0.41776
7067 7165 0.41776
7163 7165 0.41776
7164 7165 0.41776
7190 7191 0.99927
7193 7191 0.99927
972 7193 0.99927
1120 7193 0.99927
1461 7193 0.99927
7192 7193 0.99927
6827 7198 0.99971
7199 7198 0.99971
3789 7200 0.99971
7201 7200 0.99971
5740 7218 0.012536
7219 7218 0.012536
5241 7219 0.00026005
5738 7219 0.00026005
7218 7219 0.00026005
942 7253 0.00011753
945 7253 0.00011753
5898 7253 0.00011753
7252 7253 0.00011753
2328 7256 0.00011072
7257 7256 0.00011072
