1932 1935 0.00017646
1934 1935 0.00017646
6745 1935 0.00017646
7198 1935 0.00017646
1935 1943 0.00017646
1936 1943 0.00017646
1942 1943 0.00017646
2351 2350 0.00026077
4656 2350 0.00026077
7014 2350 0.00026077
7087 2350 0.00026077
3789 3790 0.99982
7201 3790 0.99982
4199 3791 0.00032206
5395 3791 0.00032206
5396 3792 1.0003
5397 3792 1.0003
3791 3793 0.000109
3790 3795 0.99981
3794 3795 0.99981
7083 3795 0.99981
4657 4656 0.00024886
5663 4656 0.00024886
5665 4656 0.00024886
6736 4658 0.00024949
6737 4659 0.00028887
5064 5063 0.00028902
5240 5063 0.00028902
4659 5064 1.0003
5065 5064 1.0003
3792 5065 1
5064 5241 0.0001099
5240 5241 0.0001099
1943 5385 0.00017634
1944 5385 0.00017634
5379 5385 0.00017634
5386 5385 0.00017634
5390 5389 0.00039106
5877 5389 0.00039106
5992 5389 0.00039106
5392 5391 0.00018146
5393 5391 0.00018146
5991 5391 0.00018146
1512 5392 0.00034947
5391 5392 0.00034947
5876 5392 0.00034947
5385 5393 0.00017634
5387 5393 0.00017634
5394 5393 0.00017634
5063 5395 0.0002877
3791 5396 0.00021306
3793 5397 1.0001
5993 5397 1.0001
7115 5397 1.0001
5401 5400 1
5404 5400 1
4658 5663 0.00024883
2350 5669 0.00028817
5671 5669 0.00028817
5836 5669 0.00028817
1512 5875 0.00018146
5391 5875 0.00018146
5876 5875 0.00018146
5389 5876 0.00034947
5875 5876 0.00034947
5994 5876 0.00034947
5392 5992 0.00039106
5393 5992 0.00039106
5991 5992 0.00039106
5389 5993 0.00057016
5875 5993 0.00057016
5994 5993 0.00057016
3793 5994 0.00039383
5993 5994 0.00039383
7115 5994 0.00039383
6879 6736 0.00024949
6880 6737 0.00028887
5400 6745 1
6746 6745 1
6827 6828 0.99982
7199 6828 0.99982
3792 6879 0.00024949
433 6880 0.00028887
5669 6880 0.00028887
3790 7084 0.000104
3794 7084 0.000104
7083 7084 0.000104
3795 7115 0.99981
1932 7199 0.99982
1934 7199 0.99982
6745 7199 0.99982
7198 7199 0.99982
6828 7201 0.99982
7200 7201 0.99982
