2 1 0.00030996
1225 1 0.00030996
4679 1 0.00030996
1 2 0.00021527
2466 2 0.00021527
2630 2 0.00021527
296 295 0.00071278
299 295 0.00071278
1823 295 0.00071278
295 296 0.00010556
297 296 0.00010556
298 297 0.00010556
1338 297 0.00010556
1403 297 0.00010556
5596 297 0.00010556
295 298 0.00071278
297 298 0.00071278
310 309 0.00553
2653 309 0.00553
2655 309 0.00553
592 593 0.80217
1143 593 0.80217
2110 593 0.80217
961 960 0.80336
1954 960 0.80336
2132 960 0.80336
960 962 0.80336
963 962 0.80336
2112 962 0.80336
962 964 0.80336
965 964 0.80336
2114 964 0.80336
967 966 0.084882
2128 966 0.084882
2131 966 0.084882
966 967 0.012463
969 967 0.012463
2858 967 0.012463
966 968 0.054687
969 968 0.054687
2858 968 0.054687
968 969 0.022913
1949 969 0.022913
4808 969 0.022913
971 970 0.16485
4670 970 0.16485
5226 970 0.16485
973 972 0.16337
6533 972 0.16337
1122 1121 0.0022645
1449 1121 0.0022645
2217 1121 0.0022645
1124 1123 0.0034776
5099 1123 0.0034776
5102 1123 0.0034776
1123 1124 0.061216
2461 1124 0.061216
3067 1124 0.061216
3069 1124 0.061216
5103 1125 0.006055
5143 1125 0.006055
1144 1143 0.80217
5074 1143 0.80217
5231 1143 0.80217
1146 1145 0.76556
2099 1145 0.76556
2100 1145 0.76556
964 1148 0.99991
1147 1148 0.99991
2116 1148 0.99991
2125 1148 0.99991
1150 1149 0.037287
1151 1149 0.037287
2108 1149 0.037287
1148 1151 0.037287
1152 1151 0.037287
2101 1151 0.037287
2277 1225 0.08417
5109 1225 0.08417
1301 1300 0.00063038
2463 1300 0.00063038
5146 1300 0.00063038
1300 1301 0.065008
1371 1301 0.065008
2464 1301 0.065008
1303 1302 0.00018966
1325 1302 0.00018966
1429 1302 0.00018966
5462 1312 0.0019024
6768 1312 0.0019024
1316 1315 0.00091875
2451 1315 0.00091875
2452 1315 0.00091875
1315 1316 0.00040498
2501 1316 0.00040498
2502 1316 0.00040498
1318 1317 0.0012887
1432 1317 0.0012887
2453 1317 0.0012887
1321 1322 0.0010103
5308 1322 0.0010103
5309 1322 0.0010103
1322 1324 0.0010103
1323 1324 0.0010103
5130 1324 0.0010103
1337 1338 0.014132
1831 1338 0.014132
5653 1338 0.014132
1346 1345 0.0005376
1383 1345 0.0005376
6665 1345 0.0005376
1345 1346 0.00019302
5364 1346 0.00019302
5599 1346 0.00019302
1357 1358 0.0001486
1408 1358 0.0001486
2301 1358 0.0001486
3158 1358 0.0001486
1359 1360 0.0011565
5594 1360 0.0011565
5597 1360 0.0011565
1361 1362 0.00024688
1377 1362 0.00024688
1380 1362 0.00024688
1363 1364 0.0001067
1379 1364 0.0001067
1382 1364 0.0001067
1364 1365 0.0001067
1366 1365 0.0001067
1391 1365 0.0001067
1368 1367 0.00010911
1387 1367 0.00010911
1389 1367 0.00010911
1367 1368 0.00087382
3068 1368 0.00087382
1372 1371 0.00026862
1381 1371 0.00026862
5173 1371 0.00026862
1300 1372 0.0072776
1371 1372 0.0072776
2464 1372 0.0072776
1363 1380 0.00024688
1379 1380 0.00024688
1382 1380 0.00024688
1372 1382 0.00035165
1381 1382 0.00035165
5173 1382 0.00035165
1384 1383 0.00036454
5361 1383 0.00036454
5598 1383 0.00036454
1346 1384 0.00037101
1383 1384 0.00037101
6665 1384 0.00037101
1369 1386 0.00068983
1385 1386 0.00068983
5369 1386 0.00068983
1388 1387 0.00010911
5370 1387 0.00010911
6669 1387 0.00010911
1368 1388 0.00087382
1387 1388 0.00087382
1389 1388 0.00087382
1351 1394 0.00013944
1393 1394 0.00013944
4572 1394 0.00013944
1401 1402 0.014888
1404 1402 0.014888
1436 1402 0.014888
298 1404 0.013476
1338 1404 0.013476
1403 1404 0.013476
5596 1404 0.013476
551 1414 0.0010103
1324 1414 0.0010103
1413 1414 0.0010103
1427 1429 0.00020298
1430 1429 0.00020298
5356 1429 0.00020298
1431 1432 0.013256
1846 1432 0.013256
2454 1432 0.013256
1433 1434 0.012881
1844 1434 0.012881
2456 1434 0.012881
1360 1436 0.0014213
1435 1436 0.0014213
1873 1436 0.0014213
1448 1447 0.0045592
1862 1447 0.0045592
5107 1447 0.0045592
1447 1448 0.00017094
1450 1448 0.00017094
1866 1448 0.00017094
1447 1449 0.0045592
1450 1449 0.0045592
1866 1449 0.0045592
1122 1450 0.00017094
1449 1450 0.00017094
2217 1450 0.00017094
1456 1455 0.033801
2097 1455 0.033801
2098 1455 0.033801
1455 1457 0.033801
1458 1457 0.033801
2092 1457 0.033801
1457 1459 0.033801
1460 1459 0.033801
5229 1459 0.033801
1459 1461 0.034477
1462 1461 0.034477
2371 1461 0.034477
1515 1514 0.098356
2096 1514 0.098356
4667 1514 0.098356
5384 1514 0.098356
1514 1515 0.00021435
2848 1515 0.00021435
1660 1659 0.00018362
6196 1659 0.00018362
7158 1659 0.00018362
1659 1660 0.00052041
3213 1660 0.00052041
4560 1660 0.00052041
1662 1661 0.0026545
3657 1661 0.0026545
3660 1661 0.0026545
1661 1662 0.00062165
1664 1662 0.00062165
6204 1662 0.00062165
1661 1663 0.0013439
1664 1663 0.0013439
6204 1663 0.0013439
1663 1664 0.00023572
1666 1664 0.00023572
6183 1664 0.00023572
1663 1665 0.0014276
1666 1665 0.0014276
6183 1665 0.0014276
1665 1667 0.0014136
1668 1667 0.0014136
6198 1667 0.0014136
1670 1669 0.0019945
6171 1669 0.0019945
7226 1669 0.0019945
1669 1671 0.0019945
1672 1671 0.0019945
6169 1671 0.0019945
1671 1673 0.004803
1674 1673 0.004803
3202 1673 0.004803
1673 1674 0.00015343
3205 1674 0.00015343
6167 1674 0.00015343
1676 1675 0.0030018
2854 1675 0.0030018
3661 1675 0.0030018
1675 1676 0.0012406
3203 1676 0.0012406
6201 1676 0.0012406
1688 1687 0.0010353
4517 1687 0.0010353
6605 1687 0.0010353
1687 1688 0.00064474
3196 1688 0.00064474
3199 1688 0.00064474
1690 1689 0.00045245
4742 1689 0.00045245
4743 1689 0.00045245
1689 1690 0.00061228
3197 1690 0.00061228
4729 1690 0.00061228
1695 1697 0.0089945
1698 1697 0.0089945
2102 1697 0.0089945
5070 1697 0.0089945
1697 1698 0.0028264
2106 1698 0.0028264
3187 1698 0.0028264
1724 1723 0.011967
3608 1723 0.011967
4753 1723 0.011967
1723 1724 0.00020003
4749 1724 0.00020003
5714 1724 0.00020003
1726 1725 0.00020611
3601 1725 0.00020611
3604 1725 0.00020611
1725 1726 0.016731
1728 1726 0.016731
5712 1726 0.016731
5715 1726 0.016731
1725 1727 0.00039153
1728 1727 0.00039153
5712 1727 0.00039153
5715 1727 0.00039153
1727 1728 0.029262
1730 1728 0.029262
4758 1728 0.029262
1727 1729 0.00078662
1730 1729 0.00078662
4758 1729 0.00078662
1729 1730 0.023273
4756 1730 0.023273
6076 1730 0.023273
1808 1805 0.47479
4680 1805 0.47479
5101 1805 0.47479
5069 1806 0.00017512
1808 1807 0.0034496
4680 1807 0.0034496
5101 1807 0.0034496
1807 1808 0.0039651
5115 1808 0.0039651
296 1822 0.00010556
299 1822 0.00010556
1823 1822 0.00010556
1822 1823 0.00071278
5650 1823 0.00071278
5652 1823 0.00071278
1826 1827 0.012948
3149 1827 0.012948
3152 1827 0.012948
1830 1831 0.014739
3153 1831 0.014739
3156 1831 0.014739
5514 1831 0.014739
1834 1835 0.0004169
2505 1835 0.0004169
2506 1835 0.0004169
1836 1837 0.00013018
2513 1837 0.00013018
2514 1837 0.00013018
1433 1845 0.00018706
1844 1845 0.00018706
2456 1845 0.00018706
1343 1846 0.00017231
1847 1846 0.00017231
2472 1846 0.00017231
5632 1846 0.00017231
1431 1847 0.00020578
1846 1847 0.00020578
2454 1847 0.00020578
1855 1854 0.0047624
1859 1854 0.0047624
5610 1854 0.0047624
1854 1855 0.0028469
4576 1855 0.0028469
5153 1855 0.0028469
1857 1856 0.012008
1858 1856 0.012008
5612 1856 0.012008
1856 1857 0.024604
1861 1857 0.024604
4575 1857 0.024604
1855 1858 0.0028469
1859 1858 0.0028469
5610 1858 0.0028469
1857 1859 0.0047624
1858 1859 0.0047624
5612 1859 0.0047624
1856 1860 0.029406
1861 1860 0.029406
4575 1860 0.029406
1860 1861 0.031918
5149 1861 0.031918
5164 1861 0.031918
1863 1862 0.00084591
2218 1862 0.00084591
5156 1862 0.00084591
1448 1863 0.0057899
1862 1863 0.0057899
5107 1863 0.0057899
1872 1873 0.00027351
5590 1873 0.00027351
5593 1873 0.00027351
968 1948 0.10886
1949 1948 0.10886
4808 1948 0.10886
1948 1949 0.0087622
1955 1949 0.0087622
1957 1949 0.0087622
1951 1950 0.00023363
2124 1950 0.00023363
3926 1950 0.00023363
1950 1951 0.19679
1953 1951 0.19679
1956 1951 0.19679
1950 1952 0.0015241
1953 1952 0.0015241
1956 1952 0.0015241
1952 1953 0.1475
2127 1953 0.1475
3190 1953 0.1475
1948 1954 0.075972
1955 1954 0.075972
1957 1954 0.075972
961 1955 0.02645
1954 1955 0.02645
2132 1955 0.02645
1948 1956 0.05406
1955 1956 0.05406
1957 1956 0.05406
1950 1957 0.0034859
1953 1957 0.0034859
1956 1957 0.0034859
1456 2096 0.16342
2097 2096 0.16342
2098 2096 0.16342
1515 2097 0.00014601
2096 2097 0.00014601
4667 2097 0.00014601
5384 2097 0.00014601
1146 2098 0.19712
2099 2098 0.19712
2100 2098 0.19712
1148 2100 0.96262
1152 2100 0.96262
2101 2100 0.96262
1145 2104 0.75938
2105 2104 0.75938
5071 2104 0.75938
964 2124 0.00023363
1147 2124 0.00023363
2116 2124 0.00023363
2125 2124 0.00023363
1951 2125 0.19679
2124 2125 0.19679
3926 2125 0.19679
1952 2126 0.0015241
2127 2126 0.0015241
3190 2126 0.0015241
2126 2127 0.1475
2129 2127 0.1475
2857 2127 0.1475
2126 2128 0.018273
2129 2128 0.018273
2857 2128 0.018273
967 2129 0.12361
2128 2129 0.12361
2131 2129 0.12361
2130 2131 0.17775
6711 2131 0.17775
591 2132 0.75389
2133 2132 0.75389
2437 2132 0.75389
4807 2132 0.75389
2135 2134 0.10388
2142 2134 0.10388
2400 2134 0.10388
2818 2134 0.10388
2134 2135 0.01422
2137 2135 0.01422
6215 2135 0.01422
2134 2136 0.11257
2137 2136 0.11257
6215 2136 0.11257
2136 2137 0.0073963
2853 2137 0.0073963
3220 2137 0.0073963
6166 2137 0.0073963
2139 2138 0.86868
2140 2138 0.86868
3613 2138 0.86868
2143 2142 0.012981
2404 2142 0.012981
7285 2142 0.012981
309 2144 0.0073906
2145 2144 0.0073906
5494 2144 0.0073906
2151 2150 0.00013571
3649 2150 0.00013571
3652 2150 0.00013571
6823 2150 0.00013571
549 2152 0.10345
2153 2152 0.10345
2864 2152 0.10345
6808 2152 0.10345
1312 2154 0.97213
2155 2154 0.97213
4673 2154 0.97213
1863 2217 0.00055048
2218 2217 0.00055048
5156 2217 0.00055048
1122 2218 0.0027065
1449 2218 0.0027065
2217 2218 0.0027065
1805 2277 0.0838
2278 2277 0.0838
4682 2277 0.0838
2277 2278 0.00072129
5109 2278 0.00072129
2090 2371 0.00069223
2370 2371 0.00069223
5232 2371 0.00069223
2135 2401 0.77665
2142 2401 0.77665
2400 2401 0.77665
2818 2401 0.77665
2401 2407 0.77665
2402 2407 0.77665
2406 2407 0.77665
2407 2409 0.80727
2408 2409 0.80727
6214 2409 0.80727
2411 2410 0.014888
2420 2410 0.014888
2422 2410 0.014888
2409 2413 0.82215
2410 2413 0.82215
2412 2413 0.82215
2413 2417 0.82215
2414 2417 0.82215
2416 2417 0.82215
1402 2420 0.014888
2421 2420 0.014888
6760 2420 0.014888
2417 2425 0.82215
2418 2425 0.82215
2424 2425 0.82215
2427 2426 0.00066254
2428 2426 0.00066254
2430 2426 0.00066254
2425 2427 0.56262
2426 2427 0.56262
5940 2427 0.56262
2431 2430 0.00066254
2436 2430 0.00066254
5943 2430 0.00066254
2427 2431 0.56262
2428 2431 0.56262
2430 2431 0.56262
2431 2437 0.82215
2436 2437 0.82215
5943 2437 0.82215
2438 2439 0.17775
6713 2439 0.17775
2441 2440 0.00028962
3600 2440 0.00028962
6596 2440 0.00028962
6712 2440 0.00028962
2440 2441 0.15399
2443 2441 0.15399
5710 2441 0.15399
5713 2441 0.15399
2442 2443 0.13375
2445 2443 0.13375
5720 2443 0.13375
2444 2445 0.13593
6160 2445 0.13593
6161 2445 0.13593
2449 2448 0.011787
2450 2448 0.011787
2510 2448 0.011787
1316 2450 0.01154
2451 2450 0.01154
2452 2450 0.01154
1318 2452 0.012052
1432 2452 0.012052
2453 2452 0.012052
1434 2454 0.013289
2455 2454 0.013289
5808 2454 0.013289
2457 2456 0.013036
5812 2456 0.013036
6662 2456 0.013036
1397 2458 0.012688
2459 2458 0.012688
6666 2458 0.012688
1123 2460 0.012967
2461 2460 0.012967
3067 2460 0.012967
3069 2460 0.012967
2460 2461 0.00043293
6667 2461 0.00043293
6668 2461 0.00043293
1301 2462 0.065008
2463 2462 0.065008
5146 2462 0.065008
2462 2463 0.00063038
3070 2463 0.00063038
5172 2463 0.00063038
2465 2464 0.071487
5097 2464 0.071487
1300 2465 0.0001007
1371 2465 0.0001007
2464 2465 0.0001007
2467 2466 0.00021539
5614 2466 0.00021539
5617 2466 0.00021539
1 2467 0.00029635
2466 2467 0.00029635
2630 2467 0.00029635
1848 2472 0.00018094
2473 2472 0.00018094
2474 2472 0.00018094
2470 2474 0.00018706
2475 2474 0.00018706
2732 2474 0.00018706
1841 2478 0.00024428
2479 2478 0.00024428
2480 2478 0.00024428
2481 2480 0.00021543
2483 2480 0.00021543
5623 2480 0.00021543
2495 2497 0.00028994
2496 2497 0.00028994
5641 2497 0.00028994
2497 2499 0.00028446
2498 2499 0.00028446
5647 2499 0.00028446
1317 2501 0.001258
2500 2501 0.001258
5368 2501 0.001258
1315 2503 0.0017646
2501 2503 0.0017646
2502 2503 0.0017646
2503 2505 0.0012622
2504 2505 0.0012622
2511 2505 0.0012622
2512 2505 0.0012622
1834 2507 0.00094499
2505 2507 0.00094499
2506 2507 0.00094499
2507 2509 0.0012024
2508 2509 0.0012024
5643 2509 0.0012024
2503 2510 0.00088316
2504 2510 0.00088316
2511 2510 0.00088316
2512 2510 0.00088316
2449 2511 0.00056789
2450 2511 0.00056789
2510 2511 0.00056789
2503 2513 0.00021149
2504 2513 0.00021149
2511 2513 0.00021149
2512 2513 0.00021149
1806 2626 0.00049858
2627 2626 0.00049858
5117 2626 0.00049858
2629 2628 0.98584
4681 2628 0.98584
5113 2628 0.98584
2648 2647 0.012981
2649 2647 0.012981
7140 2647 0.012981
2650 2649 0.005595
2651 2649 0.005595
2654 2649 0.005595
310 2654 0.005595
2653 2654 0.005595
2655 2654 0.005595
1827 2655 0.011063
2656 2655 0.011063
4672 2655 0.011063
2468 2732 0.00018706
2731 2732 0.00018706
2734 2732 0.00018706
555 2734 0.00018706
1845 2734 0.00018706
2733 2734 0.00018706
2746 2745 0.0019589
5708 2745 0.0019589
5711 2745 0.0019589
6604 2745 0.0019589
2745 2746 0.0049905
2748 2746 0.0049905
4735 2746 0.0049905
2745 2747 0.0018305
2748 2747 0.0018305
4735 2747 0.0018305
2747 2748 0.0043096
3217 2748 0.0043096
4733 2748 0.0043096
2817 2816 0.010463
6594 2816 0.010463
2138 2817 0.025835
2816 2817 0.025835
2819 2817 0.025835
2138 2818 0.85332
2816 2818 0.85332
2819 2818 0.85332
970 2848 0.0014838
6534 2848 0.0014838
1676 2853 0.10032
2854 2853 0.10032
3661 2853 0.10032
2136 2854 0.0019626
2853 2854 0.0019626
3220 2854 0.0019626
6166 2854 0.0019626
966 2857 0.050945
969 2857 0.050945
2858 2857 0.050945
2126 2858 0.0103
2129 2858 0.0103
2857 2858 0.0103
549 2863 0.86868
2153 2863 0.86868
2864 2863 0.86868
6808 2863 0.86868
2865 2866 0.025022
6077 2866 0.025022
6080 2866 0.025022
1820 3043 0.00049858
3044 3043 0.00049858
5504 3043 0.00049858
1367 3067 0.00010911
3068 3067 0.00010911
1123 3068 0.00087382
2461 3068 0.00087382
3067 3068 0.00087382
3069 3068 0.00087382
2462 3069 0.071098
3070 3069 0.071098
5172 3069 0.071098
3150 3149 0.015813
4674 3149 0.015813
7178 3149 0.015813
1826 3150 0.00020131
3149 3150 0.00020131
3152 3150 0.00020131
1826 3151 0.0029208
3149 3151 0.0029208
3152 3151 0.0029208
3151 3152 0.00025695
3154 3152 0.00025695
5499 3152 0.00025695
5500 3152 0.00025695
3151 3153 0.0016297
3154 3153 0.0016297
5499 3153 0.0016297
5500 3153 0.0016297
1830 3154 0.0003895
3153 3154 0.0003895
3156 3154 0.0003895
5514 3154 0.0003895
2499 3156 0.00034243
3155 3156 0.00034243
4512 3156 0.00034243
1302 3158 0.00013597
3157 3158 0.00013597
7142 3158 0.00013597
1697 3186 0.0089945
2106 3186 0.0089945
3187 3186 0.0089945
2104 3187 0.0028264
3186 3187 0.0028264
5072 3187 0.0028264
1689 3196 0.00041881
3197 3196 0.00041881
4729 3196 0.00041881
1687 3197 0.00053227
3196 3197 0.00053227
3199 3197 0.00053227
1687 3198 0.000697
3196 3198 0.000697
3199 3198 0.000697
3198 3199 0.00041991
4720 3199 0.00041991
4721 3199 0.00041991
3201 3200 0.0003452
6186 3200 0.0003452
6187 3200 0.0003452
1675 3202 0.0028215
3203 3202 0.0028215
6201 3202 0.0028215
1671 3203 0.00016232
1674 3203 0.00016232
3202 3203 0.00016232
1673 3204 0.004803
3205 3204 0.004803
6167 3204 0.004803
3204 3205 0.00015343
6162 3205 0.00015343
6163 3205 0.00015343
3207 3206 0.00031622
4559 3206 0.00031622
4562 3206 0.00031622
3209 3208 0.0002633
3211 3208 0.0002633
4561 3208 0.0002633
3209 3210 0.00033656
3211 3210 0.00033656
4561 3210 0.00033656
1659 3212 0.00028952
3213 3212 0.00028952
4560 3212 0.00028952
3212 3213 0.001362
3651 3213 0.001362
3654 3213 0.001362
2747 3216 0.001889
3217 3216 0.001889
4733 3216 0.001889
3216 3217 0.0042336
5721 3217 0.0042336
5722 3217 0.0042336
3221 3220 0.0077426
6081 3220 0.0077426
6213 3220 0.0077426
6592 3220 0.0077426
2136 3221 0.071816
2853 3221 0.071816
3220 3221 0.071816
6166 3221 0.071816
3223 3222 0.0001601
3605 3222 0.0001601
4740 3222 0.0001601
3222 3223 0.0013686
4750 3223 0.0013686
4751 3223 0.0013686
3225 3224 0.00023364
4774 3224 0.00023364
4775 3224 0.00023364
2441 3599 0.00010758
3600 3599 0.00010758
6596 3599 0.00010758
6712 3599 0.00010758
3599 3600 0.019889
3602 3600 0.019889
4759 3600 0.019889
1726 3602 0.019783
3601 3602 0.019783
3604 3602 0.019783
1726 3603 0.00011568
3601 3603 0.00011568
3604 3603 0.00011568
3603 3604 0.0032897
3606 3604 0.0032897
3948 3604 0.0032897
3223 3606 0.0030375
3605 3606 0.0030375
4740 3606 0.0030375
3607 3608 0.012918
3610 3608 0.012918
4757 3608 0.012918
2866 3610 0.019303
3609 3610 0.019303
4755 3610 0.019303
2828 3611 0.86868
2863 3611 0.86868
3612 3611 0.86868
2830 3613 0.86868
3611 3613 0.86868
3614 3613 0.86868
2151 3651 0.10337
3649 3651 0.10337
3652 3651 0.10337
6823 3651 0.10337
3212 3653 0.10231
3651 3653 0.10231
3654 3653 0.10231
3653 3655 0.087096
3656 3655 0.087096
6210 3655 0.087096
3655 3656 0.0022684
3658 3656 0.0022684
6205 3656 0.0022684
3655 3657 0.10281
3658 3657 0.10281
6205 3657 0.10281
1662 3658 0.00052196
3657 3658 0.00052196
3660 3658 0.00052196
1662 3659 0.10091
3657 3659 0.10091
3660 3659 0.10091
3659 3660 0.00065306
3662 3660 0.00065306
6218 3660 0.00065306
3659 3661 0.10164
3662 3661 0.10164
6218 3661 0.10164
1676 3662 0.0015177
2854 3662 0.0015177
3661 3662 0.0015177
593 3779 0.80217
3780 3779 0.80217
6546 3779 0.80217
1149 3929 0.037287
3928 3929 0.037287
4971 3929 0.037287
3224 3948 0.00028966
3949 3948 0.00028966
6091 3948 0.00028966
3951 3950 0.008115
6079 3950 0.008115
6082 3950 0.008115
3950 3951 0.016445
6164 3951 0.016445
6165 3951 0.016445
4518 4517 0.0019344
4741 4517 0.0019344
6597 4517 0.0019344
6602 4517 0.0019344
1688 4518 0.0060737
4517 4518 0.0060737
6605 4518 0.0060737
4519 4520 0.000292
6603 4520 0.000292
4522 4521 0.00010189
4732 4521 0.00010189
6598 4521 0.00010189
1659 4559 0.00085974
3213 4559 0.00085974
4560 4559 0.00085974
3207 4560 0.00012403
4559 4560 0.00012403
4562 4560 0.00012403
3207 4561 0.00056888
4559 4561 0.00056888
4562 4561 0.00056888
2314 4567 0.00019375
4568 4567 0.00019375
5942 4567 0.00019375
2432 4568 0.26039
4567 4568 0.26039
5941 4568 0.26039
1353 4572 0.00013944
4571 4572 0.00013944
4574 4572 0.00013944
1355 4574 0.00014201
1358 4574 0.00014201
4573 4574 0.00014201
1854 4575 0.022612
4576 4575 0.022612
5153 4575 0.022612
1856 4576 0.012528
1861 4576 0.012528
4575 4576 0.012528
2095 4667 0.00010184
4668 4667 0.00010184
5224 4667 0.00010184
1515 4668 0.065231
2096 4668 0.065231
4667 4668 0.065231
5384 4668 0.065231
971 4669 0.00083098
4670 4669 0.00083098
5226 4669 0.00083098
4669 4670 0.06605
5402 4670 0.06605
5405 4670 0.06605
1827 4671 0.0018891
2656 4671 0.0018891
4672 4671 0.0018891
3150 4673 0.97023
4674 4673 0.97023
7178 4673 0.97023
1808 4679 0.51164
4680 4679 0.51164
5101 4679 0.51164
2 4680 0.00056986
1225 4680 0.00056986
4679 4680 0.00056986
1805 4681 0.39257
2278 4681 0.39257
4682 4681 0.39257
2629 4682 0.00085739
4681 4682 0.00085739
5113 4682 0.00085739
4714 4713 0.00022828
4715 4713 0.00022828
4734 4713 0.00022828
4713 4714 0.0001634
5725 4714 0.0001634
5726 4714 0.0001634
4716 4715 0.00051204
4717 4715 0.00051204
4736 4715 0.00051204
4714 4716 0.00031265
4715 4716 0.00031265
4734 4716 0.00031265
4718 4717 0.0012197
4719 4717 0.0012197
5706 4717 0.0012197
5709 4717 0.0012197
4716 4718 0.00046786
4717 4718 0.00046786
4736 4718 0.00046786
3198 4719 0.00082337
4720 4719 0.00082337
4721 4719 0.00082337
4718 4720 0.00059347
4719 4720 0.00059347
5706 4720 0.00059347
5709 4720 0.00059347
4722 4721 0.00036258
4723 4721 0.00036258
4730 4721 0.00036258
4731 4721 0.00036258
3198 4722 0.00040977
4720 4722 0.00040977
4721 4722 0.00040977
4724 4723 0.00031521
4725 4723 0.00031521
4744 4723 0.00031521
4745 4723 0.00031521
4722 4724 0.00034613
4723 4724 0.00034613
4730 4724 0.00034613
4731 4724 0.00034613
4520 4725 0.00025802
4726 4725 0.00025802
4727 4725 0.00025802
4724 4726 0.00016497
4725 4726 0.00016497
4744 4726 0.00016497
4745 4726 0.00016497
4520 4728 0.00017828
4726 4728 0.00017828
4727 4728 0.00017828
4722 4729 0.00025901
4723 4729 0.00025901
4730 4729 0.00025901
4731 4729 0.00025901
1689 4730 0.00021264
3197 4730 0.00021264
4729 4730 0.00021264
4522 4731 0.00012215
4732 4731 0.00012215
6598 4731 0.00012215
4714 4733 0.0004508
4715 4733 0.0004508
4734 4733 0.0004508
2747 4734 0.00031629
3217 4734 0.00031629
4733 4734 0.00031629
4716 4735 0.00098756
4717 4735 0.00098756
4736 4735 0.00098756
2745 4736 0.00043511
2748 4736 0.00043511
4735 4736 0.00043511
4737 4738 0.0011357
4754 4738 0.0011357
4738 4740 0.0018344
4739 4740 0.0018344
4752 4740 0.0018344
4773 4740 0.0018344
1690 4741 0.0011721
4742 4741 0.0011721
4743 4741 0.0011721
4518 4742 0.00080996
4741 4742 0.00080996
6597 4742 0.00080996
6602 4742 0.00080996
4724 4743 0.00061586
4725 4743 0.00061586
4744 4743 0.00061586
4745 4743 0.00061586
1690 4744 0.00041359
4742 4744 0.00041359
4743 4744 0.00041359
4728 4745 0.00019631
4746 4745 0.00019631
6599 4745 0.00019631
4724 4746 0.00011801
4725 4746 0.00011801
4744 4746 0.00011801
4745 4746 0.00011801
3222 4749 0.00016187
4750 4749 0.00016187
4751 4749 0.00016187
1723 4750 0.0022948
4749 4750 0.0022948
5714 4750 0.0022948
4738 4751 0.00021488
4739 4751 0.00021488
4752 4751 0.00021488
4773 4751 0.00021488
3222 4752 0.0011393
4750 4752 0.0011393
4751 4752 0.0011393
1724 4754 0.0011357
3608 4754 0.0011357
4753 4754 0.0011357
1729 4755 0.0014098
4756 4755 0.0014098
6076 4755 0.0014098
2866 4756 0.0071262
3609 4756 0.0071262
4755 4756 0.0071262
1727 4757 0.000909
1730 4757 0.000909
4758 4757 0.000909
3607 4758 0.0072925
3610 4758 0.0072925
4757 4758 0.0072925
3159 4759 0.00013646
4760 4759 0.00013646
4761 4759 0.00013646
4762 4761 0.0001276
4763 4761 0.0001276
4771 4761 0.0001276
4738 4774 0.00031507
4739 4774 0.00031507
4752 4774 0.00031507
4773 4774 0.00031507
968 4807 0.010956
1949 4807 0.010956
4808 4807 0.010956
591 4808 0.079279
2133 4808 0.079279
2437 4808 0.079279
4807 4808 0.079279
3779 4913 1
4914 4913 1
6545 4913 1
1853 5059 0.00010424
5060 5059 0.00010424
5618 5059 0.00010424
5114 5069 0.0041979
5116 5069 0.0041979
1145 5070 0.0089945
2105 5070 0.0089945
5071 5070 0.0089945
1695 5071 0.0028264
1698 5071 0.0028264
2102 5071 0.0028264
5070 5071 0.0028264
2104 5073 0.76556
3186 5073 0.76556
5072 5073 0.76556
3929 5074 0.80284
5073 5074 0.80284
5075 5074 0.80284
1121 5096 0.0022645
5095 5096 0.0022645
5134 5096 0.0022645
5098 5097 0.074689
5104 5097 0.074689
5100 5098 0.02759
5136 5098 0.02759
5100 5099 0.92768
5136 5099 0.92768
1124 5101 0.98535
5099 5101 0.98535
5102 5101 0.98535
5098 5103 0.0044271
5104 5103 0.0044271
5105 5104 0.051527
5106 5105 1.0067
5137 5105 1.0067
1125 5106 0.0092091
5141 5106 0.0092091
5108 5107 0.009856
5152 5107 0.009856
5165 5107 0.009856
5166 5107 0.009856
1448 5108 0.00052375
1862 5108 0.00052375
5107 5108 0.00052375
1331 5109 0.0011014
1414 5109 0.0011014
5110 5109 0.0011014
5111 5109 0.0011014
2 5113 0.59514
1225 5113 0.59514
4679 5113 0.59514
2629 5114 0.0010141
4681 5114 0.0010141
5113 5114 0.0010141
5069 5115 0.0040228
1807 5116 0.0035073
5115 5116 0.0035073
5114 5117 0.00032346
5116 5117 0.00032346
5105 5136 0.95519
5140 5137 0.99751
5144 5137 0.99751
4712 5138 0.0093338
5139 5138 0.0093338
5158 5138 0.0093338
1125 5140 0.0078534
5141 5140 0.0078534
5138 5141 0.011008
5142 5141 0.011008
5103 5142 0.0016753
5143 5142 0.0016753
2465 5143 0.0033031
5097 5143 0.0033031
5145 5144 0.98972
5148 5144 0.98972
5175 5144 0.98972
1860 5148 0.97904
5149 5148 0.97904
5164 5148 0.97904
1854 5152 0.013042
4576 5152 0.013042
5153 5152 0.013042
5108 5153 0.02121
5152 5153 0.02121
5165 5153 0.02121
5166 5153 0.02121
5096 5156 0.00029585
5157 5156 0.00029585
5159 5156 0.00029585
1863 5157 0.0073958
2218 5157 0.0073958
5156 5157 0.0073958
5096 5158 0.0093338
5157 5158 0.0093338
5159 5158 0.0093338
5108 5164 0.98196
5152 5164 0.98196
5165 5164 0.98196
5166 5164 0.98196
1860 5165 0.00046867
5149 5165 0.00046867
5164 5165 0.00046867
5154 5166 1
5167 5166 1
5168 5166 1
5108 5167 0.001011
5152 5167 0.001011
5165 5167 0.001011
5166 5167 0.001011
5160 5168 1
5169 5168 1
5170 5168 1
5154 5169 0.001011
5167 5169 0.001011
5168 5169 0.001011
5160 5171 0.001011
5169 5171 0.001011
5170 5171 0.001011
1372 5172 0.0070086
1381 5172 0.0070086
5173 5172 0.0070086
2462 5173 0.00034896
3070 5173 0.00034896
5172 5173 0.00034896
5145 5174 0.012138
5148 5174 0.012138
5175 5174 0.012138
5150 5175 0.022818
5174 5175 0.022818
5613 5175 0.022818
5132 5176 0.00019198
5177 5176 0.00019198
5600 5176 0.00019198
2095 5225 0.065219
4668 5225 0.065219
5224 5225 0.065219
1514 5226 0.099625
2848 5226 0.099625
1144 5232 0.00069223
5074 5232 0.00069223
5231 5232 0.00069223
5305 5306 0.00089717
5312 5306 0.00089717
5601 5306 0.00089717
5176 5308 0.0010103
5306 5308 0.0010103
5307 5308 0.0010103
5162 5312 0.001011
5171 5312 0.001011
5311 5312 0.001011
1362 5356 0.00020328
5355 5356 0.00020328
5358 5356 0.00020328
1365 5359 0.00015436
5357 5359 0.00015436
5360 5359 0.00015436
1386 5361 0.00078953
5359 5361 0.00078953
5362 5361 0.00078953
1345 5363 0.0011446
5364 5363 0.0011446
5599 5363 0.0011446
1388 5369 0.00068983
5370 5369 0.00068983
6669 5369 0.00068983
5225 5402 0.066534
5403 5402 0.066534
5401 5403 0.0014089
5404 5403 0.0014089
4669 5404 0.0013944
5402 5404 0.0013944
5405 5404 0.0013944
35 5494 0.001924
5495 5494 0.001924
5496 5494 0.001924
1313 5496 0.001924
5497 5496 0.001924
5498 5496 0.001924
3151 5498 0.001924
3154 5498 0.001924
5499 5498 0.001924
5500 5498 0.001924
3043 5500 0.00049858
5501 5500 0.00049858
5502 5500 0.00049858
1818 5504 0.00049858
5505 5504 0.00049858
5506 5504 0.00049858
5507 5506 0.00049858
5508 5506 0.00049858
5510 5506 0.00049858
1816 5508 0.00049858
2626 5508 0.00049858
5509 5508 0.00049858
2484 5514 0.013169
5515 5514 0.013169
5516 5514 0.013169
5648 5514 0.013169
2448 5516 0.011974
2478 5516 0.011974
5517 5516 0.011974
1394 5593 0.00026502
5592 5593 0.00026502
5595 5593 0.00026502
1359 5595 0.00018279
5594 5595 0.00018279
5597 5595 0.00018279
298 5597 0.0012992
1338 5597 0.0012992
1403 5597 0.0012992
5596 5597 0.0012992
1384 5599 0.00081045
5361 5599 0.00081045
5598 5599 0.00081045
5305 5600 0.00019198
5312 5600 0.00019198
5601 5600 0.00019198
2736 5608 0.000115
5059 5608 0.000115
5606 5608 0.000115
5609 5608 0.000115
5150 5612 0.012138
5174 5612 0.012138
5613 5612 0.012138
1857 5613 0.022818
1858 5613 0.022818
5612 5613 0.022818
1865 5614 0.00014408
5608 5614 0.00014408
5615 5614 0.00014408
2467 5615 0.00012584
5614 5615 0.00012584
5617 5615 0.00012584
2467 5616 0.00017375
5614 5616 0.00017375
5617 5616 0.00017375
1814 5618 0.00017375
5616 5618 0.00017375
5619 5618 0.00017375
1341 5623 0.00019129
5622 5623 0.00019129
5625 5623 0.00019129
5624 5625 0.00019129
5627 5625 0.00019129
5628 5625 0.00019129
5631 5625 0.00019129
1842 5631 0.00018196
5630 5631 0.00018196
5633 5631 0.00018196
1343 5633 0.00018196
1847 5633 0.00018196
2472 5633 0.00018196
5632 5633 0.00018196
1835 5641 0.0002123
5640 5641 0.0002123
5642 5641 0.0002123
5645 5641 0.0002123
1835 5643 0.00034602
5640 5643 0.00034602
5642 5643 0.00034602
5645 5643 0.00034602
1833 5645 0.0001666
1837 5645 0.0001666
5638 5645 0.0001666
5644 5645 0.0001666
2497 5646 0.00010341
2498 5646 0.00010341
5647 5646 0.00010341
2509 5648 0.0012534
5646 5648 0.0012534
5649 5648 0.0012534
1337 5652 0.00071278
1831 5652 0.00071278
5653 5652 0.00071278
1822 5653 0.00010556
5650 5653 0.00010556
5652 5653 0.00010556
5704 5706 0.0001558
5707 5706 0.0001558
5731 5706 0.0001558
6600 5706 0.0001558
4718 5708 0.0010883
4719 5708 0.0010883
5706 5708 0.0010883
5709 5708 0.0010883
2746 5709 0.0015518
5708 5709 0.0015518
5711 5709 0.0015518
6604 5709 0.0015518
2746 5710 0.0056982
5708 5710 0.0056982
5711 5710 0.0056982
6604 5710 0.0056982
2440 5711 0.0076601
2443 5711 0.0076601
5710 5711 0.0076601
5713 5711 0.0076601
2440 5712 0.0043143
2443 5712 0.0043143
5710 5712 0.0043143
5713 5712 0.0043143
1725 5713 0.026293
1728 5713 0.026293
5712 5713 0.026293
5715 5713 0.026293
1725 5714 0.0011784
1728 5714 0.0011784
5712 5714 0.0011784
5715 5714 0.0011784
1723 5715 0.010812
4749 5715 0.010812
5714 5715 0.010812
3216 5720 0.0020137
5721 5720 0.0020137
5722 5720 0.0020137
2442 5721 0.004255
2445 5721 0.004255
5720 5721 0.004255
5723 5722 0.00023686
5724 5722 0.00023686
6606 5722 0.00023686
3216 5723 0.00013362
5721 5723 0.00013362
5722 5723 0.00013362
4713 5724 0.00023686
5725 5724 0.00023686
5726 5724 0.00023686
5723 5725 0.00013362
5724 5725 0.00013362
6606 5725 0.00013362
5806 5808 0.00041706
5809 5808 0.00041706
5811 5808 0.00041706
5363 5811 0.00041706
5810 5811 0.00041706
5813 5811 0.00041706
5363 5812 0.00097611
5810 5812 0.00097611
5813 5812 0.00097611
2457 5813 0.00025715
5812 5813 0.00025715
6662 5813 0.00025715
2432 5940 0.00019375
4567 5940 0.00019375
5941 5940 0.00019375
2425 5941 0.26039
2426 5941 0.26039
5940 5941 0.26039
2431 5942 0.00019375
2436 5942 0.00019375
5943 5942 0.00019375
2314 5943 0.26039
4568 5943 0.26039
5942 5943 0.26039
1729 6075 0.0010313
4756 6075 0.0010313
6076 6075 0.0010313
4747 6076 0.017802
6075 6076 0.017802
6078 6076 0.017802
4747 6077 0.0010313
6075 6077 0.0010313
6078 6077 0.0010313
2865 6078 0.017802
6077 6078 0.017802
6080 6078 0.017802
3951 6080 0.041815
6079 6080 0.041815
6082 6080 0.041815
3951 6081 0.0012812
6079 6081 0.0012812
6082 6081 0.0012812
3221 6082 0.034711
6081 6082 0.034711
6213 6082 0.034711
6592 6082 0.034711
6152 6151 0.00015713
6618 6151 0.00015713
6621 6151 0.00015713
1685 6153 0.0001662
4783 6153 0.0001662
6151 6153 0.0001662
6154 6153 0.0001662
6159 6160 0.00021229
7269 6160 0.00021229
3204 6161 0.13578
6162 6161 0.13578
6163 6161 0.13578
3950 6163 0.13131
6164 6163 0.13131
6165 6163 0.13131
3204 6164 0.0001847
6162 6164 0.0001847
6163 6164 0.0001847
2136 6165 0.14098
2853 6165 0.14098
3220 6165 0.14098
6166 6165 0.14098
3950 6166 0.0015207
6164 6166 0.0015207
6165 6166 0.0015207
3200 6171 0.0005865
6172 6171 0.0005865
6173 6171 0.0005865
4809 6173 0.00024652
6174 6173 0.00024652
6175 6173 0.00024652
6176 6175 0.00020782
6190 6175 0.00020782
6191 6175 0.00020782
3210 6183 0.00043774
6184 6183 0.00043774
6185 6183 0.00043774
1663 6184 0.00016399
1666 6184 0.00016399
6183 6184 0.00016399
3201 6185 0.00022186
6186 6185 0.00022186
6187 6185 0.00022186
3210 6186 0.0002161
6184 6186 0.0002161
6185 6186 0.0002161
3208 6187 0.0004289
6188 6187 0.0004289
6189 6187 0.0004289
6176 6189 0.0002666
6190 6189 0.0002666
6191 6189 0.0002666
3208 6190 0.00013903
6188 6190 0.00013903
6189 6190 0.00013903
3206 6191 0.00041702
6192 6191 0.00041702
6193 6191 0.00041702
1680 6193 0.00027624
6194 6193 0.00027624
6195 6193 0.00027624
3206 6194 0.00019746
6192 6194 0.00019746
6193 6194 0.00019746
1660 6195 0.00030924
6196 6195 0.00030924
7158 6195 0.00030924
1680 6196 0.0001894
6194 6196 0.0001894
6195 6196 0.0001894
1678 6201 0.0013605
6202 6201 0.0013605
6203 6201 0.0013605
1675 6202 0.00046246
3203 6202 0.00046246
6201 6202 0.00046246
1661 6203 0.0013688
1664 6203 0.0013688
6204 6203 0.0013688
1678 6204 0.00044417
6202 6204 0.00044417
6203 6204 0.00044417
6206 6205 0.017958
6209 6205 0.017958
6211 6205 0.017958
3655 6206 0.00049359
3658 6206 0.00049359
6205 6206 0.00049359
3653 6209 0.017958
3656 6209 0.017958
6210 6209 0.017958
6206 6210 0.00049359
6209 6210 0.00049359
6211 6210 0.00049359
2407 6213 0.020144
2408 6213 0.020144
6214 6213 0.020144
3221 6214 0.050787
6081 6214 0.050787
6213 6214 0.050787
6592 6214 0.050787
6216 6215 0.021915
6217 6215 0.021915
6595 6215 0.021915
2134 6216 0.0064044
2137 6216 0.0064044
6215 6216 0.0064044
3659 6217 0.011132
3662 6217 0.011132
6218 6217 0.011132
6216 6218 0.010993
6217 6218 0.010993
6595 6218 0.010993
6532 6533 0.16337
6535 6533 0.16337
970 6535 0.16337
6534 6535 0.16337
6544 6545 0.19783
7191 6545 0.19783
6216 6594 0.010463
6217 6594 0.010463
6595 6594 0.010463
2817 6595 0.025835
6594 6595 0.025835
4518 6596 0.0069316
4741 6596 0.0069316
6597 6596 0.0069316
6602 6596 0.0069316
2441 6597 0.0026646
3600 6597 0.0026646
6596 6597 0.0026646
6712 6597 0.0026646
4728 6598 0.00012098
4746 6598 0.00012098
6599 6598 0.00012098
4518 6603 0.000292
4741 6603 0.000292
6597 6603 0.000292
6602 6603 0.000292
1688 6604 0.0020694
4517 6604 0.0020694
6605 6604 0.0020694
2746 6605 0.0065993
5708 6605 0.0065993
5711 6605 0.0065993
6604 6605 0.0065993
5718 6621 0.00021696
6620 6621 0.00021696
6623 6621 0.00021696
6622 6623 0.00021696
7229 6623 0.00021696
2458 6662 0.012375
5373 6662 0.012375
6663 6662 0.012375
6664 6662 0.012375
1346 6664 0.00036439
1383 6664 0.00036439
6665 6664 0.00036439
2458 6665 0.00071544
5373 6665 0.00071544
6663 6665 0.00071544
6664 6665 0.00071544
2460 6666 0.012688
6667 6666 0.012688
6668 6666 0.012688
1388 6668 0.00080051
5370 6668 0.00080051
6669 6668 0.00080051
2460 6669 0.00067218
6667 6669 0.00067218
6668 6669 0.00067218
2122 6711 0.17775
2439 6711 0.17775
6710 6711 0.17775
2441 6713 0.17775
3600 6713 0.17775
6596 6713 0.17775
6712 6713 0.17775
6769 6768 0.0018891
7281 6768 0.0018891
2150 6796 0.00013571
6797 6796 0.00013571
2154 6808 0.97213
6809 6808 0.97213
2152 6823 0.10345
6824 6823 0.10345
6826 6825 0.98584
7180 6825 0.98584
2144 7138 0.0073906
7139 7138 0.0073906
7138 7140 0.0073906
7141 7140 0.0073906
7156 7157 0.00021696
7159 7157 0.00021696
1660 7159 0.00021696
6196 7159 0.00021696
7158 7159 0.00021696
6825 7178 0.98584
7179 7178 0.98584
2628 7180 0.98584
7181 7180 0.98584
6796 7182 0.00013571
7183 7182 0.00013571
7182 7184 0.00013571
7185 7184 0.00013571
7190 7191 0.19783
7193 7191 0.19783
972 7193 0.19783
1120 7193 0.19783
1461 7193 0.19783
7192 7193 0.19783
1667 7226 0.0014136
7227 7226 0.0014136
7228 7229 0.00021696
7231 7229 0.00021696
7157 7231 0.00021696
7230 7231 0.00021696
6153 7266 0.0001662
7267 7266 0.0001662
6158 7269 0.00021229
7266 7269 0.00021229
7268 7269 0.00021229
4671 7281 0.0018891
7282 7281 0.0018891
2647 7285 0.012981
7286 7285 0.012981
7184 7287 0.00013571
7288 7287 0.00013571
