5835 433 0.89732
971 970 0.41263
4670 970 0.41263
5226 970 0.41263
973 972 0.049896
6533 972 0.049896
1469 1116 0.00074427
4997 1116 0.00074427
1227 1226 0.00022628
7040 1226 0.00022628
7075 1226 0.00022628
7079 1226 0.00022628
1226 1227 0.00086316
1536 1227 0.00086316
4200 1227 0.00086316
1456 1455 0.95012
2097 1455 0.95012
2098 1455 0.95012
1455 1457 0.95012
1458 1457 0.95012
2092 1457 0.95012
1459 1460 0.049901
1462 1460 0.049901
2371 1460 0.049901
972 1462 0.049896
1120 1462 0.049896
1461 1462 0.049896
7192 1462 0.049896
1470 1469 0.00074395
6536 1469 0.00074395
1471 1470 0.00074394
5435 1470 0.00074394
1116 1471 0.00056101
2373 1471 0.00056101
1515 1514 0.0040529
2096 1514 0.0040529
4667 1514 0.0040529
5384 1514 0.0040529
1514 1515 0.35936
2848 1515 0.35936
1537 1536 0.004708
4710 1536 0.004708
1653 1654 0.00010547
7054 1654 0.00010547
7076 1654 0.00010547
1932 1933 0.00018321
1934 1933 0.00018321
6745 1933 0.00018321
7198 1933 0.00018321
1935 1934 0.00012145
1936 1934 0.00012145
1942 1934 0.00012145
1932 1935 0.0028128
1934 1935 0.0028128
6745 1935 0.0028128
7198 1935 0.0028128
1931 1941 0.00018345
1933 1941 0.00018345
1940 1941 0.00018345
1943 1942 0.00012145
1944 1942 0.00012145
5379 1942 0.00012145
5386 1942 0.00012145
1935 1943 0.0028128
1936 1943 0.0028128
1942 1943 0.0028128
2095 2094 0.00055933
4668 2094 0.00055933
5224 2094 0.00055933
2094 2095 0.00074258
2372 2095 0.00074258
5222 2095 0.00074258
1515 2097 0.95012
2096 2097 0.95012
4667 2097 0.95012
5384 2097 0.95012
2336 2338 0.00042066
2339 2338 0.00042066
4709 2338 0.00042066
2338 2340 0.00012411
2341 2340 0.00012411
4198 2340 0.00012411
1654 2342 0.00012608
2340 2342 0.00012608
2343 2342 0.00012608
2349 2348 0.00028904
5903 2348 0.00028904
5986 2348 0.00028904
7105 2348 0.00028904
2351 2350 0.00020584
4656 2350 0.00020584
7014 2350 0.00020584
7087 2350 0.00020584
2350 2351 0.0034533
5671 2351 0.0034533
5836 2351 0.0034533
2364 2366 0.00013438
2367 2366 0.00013438
6366 2366 0.00013438
6367 2366 0.00013438
2366 2367 0.00052981
7006 2367 0.00052981
7086 2367 0.00052981
1116 2372 0.00074258
2373 2372 0.00074258
2094 2373 0.00055933
2372 2373 0.00055933
5222 2373 0.00055933
970 2848 0.36275
6534 2848 0.36275
3316 3317 0.004282
7005 3317 0.004282
7008 3317 0.004282
7088 3317 0.004282
3319 3318 0.00011943
5985 3318 0.00011943
7093 3318 0.00011943
7095 3318 0.00011943
3318 3319 0.00019179
6983 3319 0.00019179
7092 3319 0.00019179
3790 3789 0.99733
3794 3789 0.99733
7083 3789 0.99733
4199 3791 0.99961
5395 3791 0.99961
5396 3792 0.00028899
5397 3792 0.00028899
3791 3793 0.99942
3793 3794 0.99691
5993 3794 0.99691
7115 3794 0.99691
3790 3795 0.00023164
3794 3795 0.00023164
7083 3795 0.00023164
7116 4199 0.0044472
2338 4200 0.00037684
2341 4200 0.00037684
4198 4200 0.00037684
4224 4223 0.00011146
4225 4223 0.00011146
6894 4223 0.00011146
4227 4228 0.000124
5937 4228 0.000124
7073 4228 0.000124
6737 4659 0.99568
2095 4667 0.58973
4668 4667 0.58973
5224 4667 0.58973
1515 4668 0.00024537
2096 4668 0.00024537
4667 4668 0.00024537
5384 4668 0.00024537
971 4669 0.00059257
4670 4669 0.00059257
5226 4669 0.00059257
4669 4670 0.40577
5402 4670 0.40577
5405 4670 0.40577
1537 4709 0.00042233
4710 4709 0.00042233
5063 4710 0.0051296
5064 5063 1.0003
5240 5063 1.0003
4659 5064 0.99597
5065 5064 0.99597
3792 5065 0.00028891
5091 5090 0.00027898
5838 5090 0.00027898
5225 5224 0.58955
5403 5224 0.58955
2095 5225 0.00024672
4668 5225 0.00024672
5224 5225 0.00024672
1514 5226 0.0074492
2848 5226 0.0074492
1457 5230 1
1460 5230 1
5229 5230 1
3317 5239 0.0042446
5238 5239 0.0042446
7089 5239 0.0042446
5241 5240 0.0045334
5738 5240 0.0045334
7218 5240 0.0045334
5064 5241 0.00021396
5240 5241 0.00021396
1943 5380 0.0053311
1944 5380 0.0053311
5379 5380 0.0053311
5386 5380 0.0053311
1946 5382 0.0053311
5380 5382 0.0053311
5381 5382 0.0053311
5227 5384 0.0053311
5382 5384 0.0053311
5383 5384 0.0053311
5385 5386 0.0026398
5387 5386 0.0026398
5394 5386 0.0026398
5389 5390 0.00062406
5875 5390 0.00062406
5994 5390 0.00062406
1512 5392 0.0020856
5391 5392 0.0020856
5876 5392 0.0020856
5392 5394 0.0026398
5393 5394 0.0026398
5991 5394 0.0026398
5063 5395 0.99516
3791 5396 0.00019117
5400 5401 0.99449
6746 5401 0.99449
5225 5402 0.064279
5403 5402 0.064279
5401 5403 0.65358
5404 5403 0.65358
4669 5404 0.0057805
5402 5404 0.0057805
5405 5404 0.0057805
5401 5405 0.34668
5404 5405 0.34668
1941 5423 0.00018345
5418 5423 0.00018345
5422 5423 0.00018345
5423 5427 0.00018345
5424 5427 0.00018345
5426 5427 0.00018345
5427 5435 0.00018345
5430 5435 0.00018345
5434 5435 0.00018345
2350 5669 0.098357
5671 5669 0.098357
5836 5669 0.098357
2350 5670 0.0030534
5671 5670 0.0030534
5836 5670 0.0030534
5670 5671 0.0017025
6385 5671 0.0017025
7085 5671 0.0017025
2348 5738 0.004518
5239 5738 0.004518
5739 5738 0.004518
5241 5739 0.00016508
5738 5739 0.00016508
7218 5739 0.00016508
6877 5835 1.0003
5835 5836 0.10296
5837 5838 0.00027887
6927 5838 0.00027887
7069 5838 0.00027887
7112 5838 0.00027887
5389 5876 0.0020856
5875 5876 0.0020856
5994 5876 0.0020856
3117 5956 0.0002786
5957 5956 0.0002786
6368 5956 0.0002786
6369 5956 0.0002786
5956 5957 0.00011372
6386 5957 0.00011372
6387 5957 0.00011372
3319 5986 0.00024969
5985 5986 0.00024969
7093 5986 0.00024969
7095 5986 0.00024969
5390 5991 0.00062406
5877 5991 0.00062406
5992 5991 0.00062406
3793 5994 0.0026971
5993 5994 0.0026971
7115 5994 0.0026971
2364 6365 0.0001035
2367 6365 0.0001035
6366 6365 0.0001035
6367 6365 0.0001035
2364 6368 0.00037197
2367 6368 0.00037197
6366 6368 0.00037197
6367 6368 0.00037197
3117 6370 0.00016622
5957 6370 0.00016622
6368 6370 0.00016622
6369 6370 0.00016622
5956 6385 0.00033677
6386 6385 0.00033677
6387 6385 0.00033677
5670 6386 0.00030809
6385 6386 0.00030809
7085 6386 0.00030809
5956 6388 0.00021187
6386 6388 0.00021187
6387 6388 0.00021187
6532 6533 0.049896
6535 6533 0.049896
970 6535 0.049896
6534 6535 0.049896
6880 6737 0.99568
1932 6746 0.99449
1934 6746 0.99449
6745 6746 0.99449
7198 6746 0.99449
6828 6827 0.99733
7200 6827 0.99733
5090 6877 0.00027889
433 6880 0.99568
5669 6880 0.99568
4228 6894 0.00011146
4229 6894 0.00011146
6893 6894 0.00011146
4223 6895 0.0002061
6896 6895 0.0002061
7081 6895 0.0002061
6895 6896 0.00048162
7017 6896 0.00048162
7084 6896 0.00048162
6982 6981 0.00010576
6984 6981 0.00010576
6986 6981 0.00010576
3318 6984 0.00018747
6983 6984 0.00018747
7092 6984 0.00018747
6982 6985 0.00012414
6984 6985 0.00012414
6986 6985 0.00012414
6985 6987 0.00019793
6988 6987 0.00019793
6989 6987 0.00019793
6981 6989 0.00010576
6990 6989 0.00010576
6987 6991 0.00021127
6992 6991 0.00021127
6994 6991 0.00021127
6987 6993 0.0001228
6992 6993 0.0001228
6994 6993 0.0001228
6993 6994 0.00016585
6996 6994 0.00016585
6998 6994 0.00016585
7001 6994 0.00016585
6991 6996 0.00019047
6995 6996 0.00019047
7000 6996 0.00019047
6993 6997 0.00028894
6996 6997 0.00028894
6998 6997 0.00028894
7001 6997 0.00028894
6997 6998 0.00015425
7090 6998 0.00015425
7091 6998 0.00015425
2366 7005 0.0022897
7006 7005 0.0022897
7086 7005 0.0022897
3316 7006 0.0013056
7005 7006 0.0013056
7008 7006 0.0013056
7088 7006 0.0013056
7016 7017 0.00099836
7019 7017 0.00099836
7026 7017 0.00099836
4811 7019 0.00046612
7018 7019 0.00046612
7082 7019 0.00046612
7021 7020 0.00025654
7023 7020 0.00025654
7025 7020 0.00025654
7036 7020 0.00025654
7020 7021 0.00023508
7032 7021 0.00023508
7035 7021 0.00023508
7021 7022 0.00021822
7023 7022 0.00021822
7025 7022 0.00021822
7036 7022 0.00021822
7022 7023 0.00014188
7029 7023 0.00014188
7031 7023 0.00014188
7033 7023 0.00014188
7021 7024 0.00045085
7023 7024 0.00045085
7025 7024 0.00045085
7036 7024 0.00045085
7024 7025 0.0002528
7027 7025 0.0002528
7077 7025 0.0002528
7080 7025 0.0002528
7024 7026 0.0005662
7027 7026 0.0005662
7077 7026 0.0005662
7080 7026 0.0005662
1230 7031 0.00029814
7030 7031 0.00029814
7078 7031 0.00029814
7022 7032 0.00039419
7029 7032 0.00039419
7031 7032 0.00039419
7033 7032 0.00039419
7020 7034 0.00044342
7032 7034 0.00044342
7035 7034 0.00044342
7034 7036 0.00041432
7037 7036 0.00041432
7039 7036 0.00041432
7021 7037 0.00011848
7023 7037 0.00011848
7025 7037 0.00011848
7036 7037 0.00011848
7034 7038 0.00029303
7037 7038 0.00029303
7039 7038 0.00029303
7038 7039 0.00020806
7041 7039 0.00020806
7043 7039 0.00020806
7038 7040 0.0002927
7041 7040 0.0002927
7043 7040 0.0002927
1227 7041 0.00020903
7040 7041 0.00020903
7075 7041 0.00020903
7079 7041 0.00020903
2342 7073 0.00012608
7057 7073 0.00012608
7074 7073 0.00012608
1227 7076 0.00010549
7040 7076 0.00010549
7075 7076 0.00010549
7079 7076 0.00010549
7024 7078 0.00029814
7027 7078 0.00029814
7077 7078 0.00029814
7080 7078 0.00029814
1227 7080 0.00072394
7040 7080 0.00072394
7075 7080 0.00072394
7079 7080 0.00072394
4223 7082 0.00046612
6896 7082 0.00046612
7081 7082 0.00046612
6895 7083 0.0011999
7017 7083 0.0011999
7084 7083 0.0011999
3790 7084 0.00054527
3794 7084 0.00054527
7083 7084 0.00054527
2366 7085 0.0013983
7006 7085 0.0013983
7086 7085 0.0013983
5670 7086 0.0027779
6385 7086 0.0027779
7085 7086 0.0027779
3316 7087 0.00020576
7005 7087 0.00020576
7008 7087 0.00020576
7088 7087 0.00020576
2351 7088 0.0034533
4656 7088 0.0034533
7014 7088 0.0034533
7087 7088 0.0034533
6997 7089 0.00035698
7090 7089 0.00035698
7091 7089 0.00035698
3317 7090 0.00042935
5238 7090 0.00042935
7089 7090 0.00042935
3318 7091 0.00014077
6983 7091 0.00014077
7092 7091 0.00014077
6997 7092 0.00034782
7090 7092 0.00034782
7091 7092 0.00034782
547 7093 0.00010665
2073 7093 0.00010665
7094 7093 0.00010665
5954 7112 0.00027887
6370 7112 0.00027887
6388 7112 0.00027887
7111 7112 0.00027887
3795 7115 0.00023164
7117 7116 0.0044472
1226 7117 0.0044472
1536 7117 0.0044472
4200 7117 0.0044472
6827 7198 0.99733
7199 7198 0.99733
3789 7200 0.99733
7201 7200 0.99733
