2 1 0.0019276
1225 1 0.0019276
4679 1 0.0019276
86 85 0.00048409
89 85 0.00048409
6576 85 0.00048409
88 87 0.0028468
90 87 0.0028468
773 87 0.0028468
6568 87 0.0028468
88 89 0.00013672
90 89 0.00013672
773 89 0.00013672
6568 89 0.00013672
86 90 0.00048635
89 90 0.00048635
6576 90 0.00048635
92 91 0.0045894
4557 91 0.0045894
6569 91 0.0045894
91 92 0.00012995
3732 92 0.00012995
3733 92 0.00012995
98 97 0.0036327
3704 97 0.0036327
3705 97 0.0036327
97 98 0.00094655
412 98 0.00094655
6566 98 0.00094655
110 109 0.0046545
5717 109 0.0046545
6560 109 0.0046545
109 110 0.0030736
782 110 0.0030736
784 110 0.0030736
113 114 0.00011696
384 114 0.00011696
385 114 0.00011696
115 116 0.00023623
382 116 0.00023623
383 116 0.00023623
118 117 0.00074155
3219 117 0.00074155
5730 117 0.00074155
117 118 0.00025559
6612 118 0.00025559
6615 118 0.00025559
134 133 0.013268
3708 133 0.013268
3709 133 0.013268
133 134 0.0074986
3052 134 0.0074986
309 310 0.0016218
2145 310 0.0016218
5494 310 0.0016218
381 382 0.00041887
400 382 0.00041887
401 382 0.00041887
413 382 0.00041887
115 384 0.00022547
382 384 0.00022547
383 384 0.00022547
113 386 0.00013252
384 386 0.00013252
385 386 0.00013252
380 394 0.00014141
386 394 0.00014141
393 394 0.00014141
381 402 0.00025826
400 402 0.00025826
401 402 0.00025826
413 402 0.00025826
402 404 0.0010617
403 404 0.0010617
418 404 0.0010617
419 404 0.0010617
97 411 0.0036327
412 411 0.0036327
6566 411 0.0036327
411 412 0.00094655
3734 412 0.00094655
3735 412 0.00094655
414 413 0.00059706
415 413 0.00059706
417 413 0.00059706
416 415 0.0032272
3096 415 0.0032272
7148 415 0.0032272
414 418 0.00265
415 418 0.00265
417 418 0.00265
402 420 0.0017946
403 420 0.0017946
418 420 0.0017946
419 420 0.0017946
116 422 0.0008932
420 422 0.0008932
421 422 0.0008932
1584 422 0.0008932
114 424 0.00073459
422 424 0.00073459
423 424 0.00073459
6550 424 0.00073459
112 426 0.00045163
424 426 0.00045163
425 426 0.00045163
6552 426 0.00045163
428 427 0.51139
429 427 0.51139
3089 427 0.51139
5680 427 0.51139
427 428 0.00040515
431 428 0.00040515
3097 428 0.00040515
2279 431 0.00099019
5674 431 0.00099019
7273 431 0.00099019
427 432 0.45208
431 432 0.45208
3097 432 0.45208
550 549 0.00013974
2391 549 0.00013974
2392 549 0.00013974
554 553 0.0041727
1525 553 0.0041727
2824 553 0.0041727
553 554 0.0044761
3702 554 0.0044761
3703 554 0.0044761
5260 723 0.0009439
723 724 0.016657
6920 724 0.016657
774 773 0.0035903
775 773 0.0035903
776 775 0.0035903
6574 775 0.0035903
778 777 0.00050607
3045 777 0.00050607
6147 777 0.00050607
777 778 0.00050607
4784 778 0.00050607
6149 778 0.00050607
780 779 0.00011892
6148 779 0.00011892
779 780 0.00047483
3046 780 0.00047483
109 781 0.0046545
782 781 0.0046545
784 781 0.0046545
781 782 0.0030736
3700 782 0.0030736
3701 782 0.0030736
959 958 0.00010496
1683 958 0.00010496
6177 958 0.00010496
6179 958 0.00010496
958 959 0.00071267
1681 959 0.00071267
4810 959 0.00071267
6181 959 0.00071267
1124 1123 0.0030127
5099 1123 0.0030127
5102 1123 0.0030127
5103 1125 0.010975
5143 1125 0.010975
432 1127 0.018318
5692 1127 0.018318
2277 1225 0.0048543
5109 1225 0.0048543
1301 1300 0.0027162
2463 1300 0.0027162
5146 1300 0.0027162
5462 1312 0.00050165
6768 1312 0.00050165
1322 1321 0.98708
1323 1321 0.98708
5130 1321 0.98708
551 1323 0.98708
1324 1323 0.98708
1413 1323 0.98708
1332 1331 0.0019481
1405 1331 0.0019481
5061 1331 0.0019481
5124 1331 0.0019481
1367 1368 0.00020551
3068 1368 0.00020551
1372 1371 0.00060099
1381 1371 0.00060099
5173 1371 0.00060099
1300 1372 0.000261
1371 1372 0.000261
2464 1372 0.000261
1368 1388 0.00020551
1387 1388 0.00020551
1389 1388 0.00020551
1406 1405 0.0019481
1812 1405 0.0019481
1864 1405 0.0019481
1331 1413 0.98708
1414 1413 0.98708
5110 1413 0.98708
5111 1413 0.98708
1521 1520 0.0022286
6558 1520 0.0022286
6561 1520 0.0022286
1520 1521 0.0011164
1523 1521 0.0011164
2825 1521 0.0011164
1520 1522 0.00074986
1523 1522 0.00074986
2825 1522 0.00074986
1522 1523 0.00082559
2821 1523 0.00082559
2827 1523 0.00082559
554 1524 0.003603
1525 1524 0.003603
2824 1524 0.003603
1524 1525 0.0021117
1968 1525 0.0021117
2820 1525 0.0021117
1527 1526 0.00035029
1967 1526 0.00035029
2822 1526 0.00035029
1526 1527 0.00033577
2826 1527 0.00033577
1538 1540 0.0015416
1541 1540 0.0015416
1543 1540 0.0015416
5703 1540 0.0015416
1542 1543 0.0043886
2809 1543 0.0043886
1566 1568 0.002149
1569 1568 0.002149
5716 1568 0.002149
1568 1569 0.0048421
1571 1569 0.0048421
3699 1569 0.0048421
1570 1571 0.16971
1573 1571 0.16971
3092 1571 0.16971
1570 1572 0.00018256
1573 1572 0.00018256
3092 1572 0.00018256
1572 1573 0.013074
7223 1573 0.013074
408 1574 0.00018256
1575 1574 0.00018256
7224 1574 0.00018256
1574 1575 0.013074
1577 1575 0.013074
6571 1575 0.013074
1576 1577 0.017916
7149 1577 0.017916
1580 1581 0.0033511
1583 1581 0.0033511
6572 1581 0.0033511
6575 1581 0.0033511
1582 1583 0.00099021
1585 1583 0.00099021
4524 1583 0.00099021
116 1585 0.0011148
420 1585 0.0011148
421 1585 0.0011148
1584 1585 0.0011148
1660 1659 0.41847
6196 1659 0.41847
7158 1659 0.41847
1662 1661 0.00092915
3657 1661 0.00092915
3660 1661 0.00092915
1661 1662 0.0058682
1664 1662 0.0058682
6204 1662 0.0058682
1661 1663 0.0010525
1664 1663 0.0010525
6204 1663 0.0010525
1663 1664 0.0026377
1666 1664 0.0026377
6183 1664 0.0026377
1665 1666 0.0024675
1668 1666 0.0024675
6198 1666 0.0024675
1667 1668 0.0023711
7227 1668 0.0023711
1669 1670 0.0034118
1672 1670 0.0034118
6169 1670 0.0034118
1671 1672 0.0034118
1674 1672 0.0034118
3202 1672 0.0034118
1673 1674 0.013535
3205 1674 0.013535
6167 1674 0.013535
1676 1675 0.0023642
2854 1675 0.0023642
3661 1675 0.0023642
1675 1676 0.0090416
3203 1676 0.0090416
6201 1676 0.0090416
1678 1677 0.0001371
6202 1677 0.0001371
6203 1677 0.0001371
1680 1679 0.00072273
6194 1679 0.00072273
6195 1679 0.00072273
1679 1680 0.0012723
1682 1680 0.0012723
1684 1680 0.0012723
1679 1681 0.00065349
1682 1681 0.00065349
1684 1681 0.00065349
958 1682 0.00059535
1681 1682 0.00059535
4810 1682 0.00059535
6181 1682 0.00059535
1679 1683 0.00010496
1682 1683 0.00010496
1684 1683 0.00010496
959 1684 0.00071267
1683 1684 0.00071267
6177 1684 0.00071267
6179 1684 0.00071267
1687 1688 0.00012651
3196 1688 0.00012651
3199 1688 0.00012651
1691 1693 0.00012495
1694 1693 0.00012495
3194 1693 0.00012495
1693 1694 0.00012951
5702 1694 0.00012951
5705 1694 0.00012951
1723 1724 0.00034278
4749 1724 0.00034278
5714 1724 0.00034278
1725 1727 0.00082113
1728 1727 0.00082113
5712 1727 0.00082113
5715 1727 0.00082113
1727 1729 0.00073188
1730 1729 0.00073188
4758 1729 0.00073188
1808 1805 0.073619
4680 1805 0.073619
5101 1805 0.073619
1807 1808 0.085409
5115 1808 0.085409
1308 1812 0.00022753
1813 1812 0.00022753
2735 1812 0.00022753
1827 1826 0.0029656
2656 1826 0.0029656
4672 1826 0.0029656
1826 1827 0.00022249
3149 1827 0.00022249
3152 1827 0.00022249
1857 1856 0.00026674
1858 1856 0.00026674
5612 1856 0.00026674
1856 1860 0.00030021
1861 1860 0.00030021
4575 1860 0.00030021
1860 1861 0.00018104
5149 1861 0.00018104
5164 1861 0.00018104
1863 1862 0.00018927
2218 1862 0.00018927
5156 1862 0.00018927
1865 1864 0.0017409
5608 1864 0.0017409
5615 1864 0.0017409
1524 1967 0.003397
1968 1967 0.003397
2820 1967 0.003397
1527 1968 0.0019669
1967 1968 0.0019669
2822 1968 0.0019669
1972 1971 0.0020575
3706 1971 0.0020575
3707 1971 0.0020575
3736 1971 0.0020575
1969 1972 0.0034731
1971 1972 0.0034731
2823 1972 0.0034731
1973 1974 0.00011665
3048 1974 0.00011665
1975 1976 0.76145
3091 1976 0.76145
5682 1976 0.76145
5693 1976 0.76145
2135 2134 0.00079614
2142 2134 0.00079614
2400 2134 0.00079614
2818 2134 0.00079614
2134 2135 0.10278
2137 2135 0.10278
6215 2135 0.10278
2134 2136 0.0013637
2137 2136 0.0013637
6215 2136 0.0013637
2136 2137 0.1247
2853 2137 0.1247
3220 2137 0.1247
6166 2137 0.1247
2138 2139 0.12399
2816 2139 0.12399
2819 2139 0.12399
2135 2143 0.0042939
2142 2143 0.0042939
2400 2143 0.0042939
2818 2143 0.0042939
2144 2145 0.0026378
7139 2145 0.0026378
724 2146 0.00066202
2147 2146 0.00066202
6794 2146 0.00066202
2146 2147 0.21911
3712 2147 0.21911
4663 2147 0.21911
7113 2147 0.21911
2148 2149 0.23511
6795 2149 0.23511
2150 2151 0.2342
6797 2151 0.2342
2152 2153 0.87158
6824 2153 0.87158
2154 2155 0.99571
6809 2155 0.99571
1805 2277 0.99002
2278 2277 0.99002
4682 2277 0.99002
2382 2383 0.00012693
3645 2383 0.00012693
3648 2383 0.00012693
2383 2387 0.00013974
2385 2387 0.00013974
2386 2387 0.00013974
2387 2391 0.00013974
2388 2391 0.00013974
2390 2391 0.00013974
2401 2400 0.0099726
2402 2400 0.0099726
2406 2400 0.0099726
2135 2401 0.0024097
2142 2401 0.0024097
2400 2401 0.0024097
2818 2401 0.0024097
2407 2406 0.0099726
2408 2406 0.0099726
6214 2406 0.0099726
2401 2407 0.0024097
2402 2407 0.0024097
2406 2407 0.0024097
2441 2440 0.00015084
3600 2440 0.00015084
6596 2440 0.00015084
6712 2440 0.00015084
2440 2442 0.001762
2443 2442 0.001762
5710 2442 0.001762
5713 2442 0.001762
2442 2443 0.00041616
2445 2443 0.00041616
5720 2443 0.00041616
2442 2444 0.0030635
2445 2444 0.0030635
5720 2444 0.0030635
2444 2445 0.00043681
6160 2445 0.00043681
6161 2445 0.00043681
2460 2461 0.00024985
6667 2461 0.00024985
6668 2461 0.00024985
2462 2463 0.0027162
3070 2463 0.0027162
5172 2463 0.0027162
1300 2465 0.0031182
1371 2465 0.0031182
2464 2465 0.0031182
1 2467 0.0019277
2466 2467 0.0019277
2630 2467 0.0019277
2628 2629 0.99996
7181 2629 0.99996
2647 2648 0.0042939
7286 2648 0.0042939
2648 2650 0.0016571
2649 2650 0.0016571
7140 2650 0.0016571
2650 2653 0.0016571
2651 2653 0.0016571
2654 2653 0.0016571
310 2656 0.0032462
2653 2656 0.0032462
2655 2656 0.0032462
2736 2735 0.00022753
5059 2735 0.00022753
5606 2735 0.00022753
5609 2735 0.00022753
2746 2745 0.00043313
5708 2745 0.00043313
5711 2745 0.00043313
6604 2745 0.00043313
2745 2746 0.00027602
2748 2746 0.00027602
4735 2746 0.00027602
2745 2747 0.00056335
2748 2747 0.00056335
4735 2747 0.00056335
2747 2748 0.00014504
3217 2748 0.00014504
4733 2748 0.00014504
2808 2809 0.0043886
5685 2809 0.0043886
5686 2809 0.0043886
2817 2816 0.019308
6594 2816 0.019308
2138 2817 0.00056618
2816 2817 0.00056618
2819 2817 0.00056618
2138 2818 0.00061757
2816 2818 0.00061757
2819 2818 0.00061757
2135 2819 0.10587
2142 2819 0.10587
2400 2819 0.10587
2818 2819 0.10587
1522 2820 0.00061023
2821 2820 0.00061023
2827 2820 0.00061023
1524 2821 0.00067145
1968 2821 0.00067145
2820 2821 0.00067145
1969 2822 0.0020575
1971 2822 0.0020575
2823 2822 0.0020575
1527 2823 0.0034731
1967 2823 0.0034731
2822 2823 0.0034731
1520 2824 0.0023974
1523 2824 0.0023974
2825 2824 0.0023974
554 2825 0.0012094
1525 2825 0.0012094
2824 2825 0.0012094
1522 2826 0.00033577
2821 2826 0.00033577
2827 2826 0.00033577
1526 2827 0.00035029
2826 2827 0.00035029
1676 2853 0.00073527
2854 2853 0.00073527
3661 2853 0.00073527
2136 2854 0.20022
2853 2854 0.20022
3220 2854 0.20022
6166 2854 0.20022
2828 2864 0.12399
2863 2864 0.12399
3612 2864 0.12399
2866 2865 0.00067886
3609 2865 0.00067886
4755 2865 0.00067886
2865 2866 0.00030233
6077 2866 0.00030233
6080 2866 0.00030233
779 3045 0.00011892
3046 3045 0.00011892
778 3046 0.00047483
3045 3046 0.00047483
6147 3046 0.00047483
3047 3048 0.00011665
6556 3048 0.00011665
6559 3048 0.00011665
133 3051 0.013268
3052 3051 0.013268
3051 3052 0.0074986
3710 3052 0.0074986
3711 3052 0.0074986
1123 3068 0.00020551
2461 3068 0.00020551
3067 3068 0.00020551
3069 3068 0.00020551
1123 3070 0.0030336
2461 3070 0.0030336
3067 3070 0.0030336
3069 3070 0.0030336
3090 3089 1.0001
5675 3089 1.0001
5676 3089 1.0001
7150 3089 1.0001
428 3090 0.00021094
429 3090 0.00021094
3089 3090 0.00021094
5680 3090 0.00021094
1570 3091 0.0013179
1573 3091 0.0013179
3092 3091 0.0013179
1975 3092 0.15813
3091 3092 0.15813
5682 3092 0.15813
5693 3092 0.15813
3094 3093 0.0043886
5681 3093 0.0043886
5683 3093 0.0043886
1127 3096 0.021117
3095 3096 0.021117
3098 3096 0.021117
1127 3097 0.0030141
3095 3097 0.0030141
3098 3097 0.0030141
427 3098 0.062912
431 3098 0.062912
3097 3098 0.062912
3150 3149 0.00024413
4674 3149 0.00024413
7178 3149 0.00024413
1826 3150 0.0039938
3149 3150 0.0039938
3152 3150 0.0039938
3151 3152 0.0010302
3154 3152 0.0010302
5499 3152 0.0010302
5500 3152 0.0010302
3195 3194 0.00012495
4521 3194 0.00012495
6601 3194 0.00012495
1691 3195 0.00012951
1694 3195 0.00012951
3194 3195 0.00012951
3198 3199 0.00012934
4720 3199 0.00012934
4721 3199 0.00012934
3200 3201 0.00072406
6172 3201 0.00072406
6173 3201 0.00072406
1671 3203 0.010135
1674 3203 0.010135
3202 3203 0.010135
3204 3205 0.013535
6162 3205 0.013535
6163 3205 0.013535
3207 3206 0.0065524
4559 3206 0.0065524
4562 3206 0.0065524
3206 3207 0.010296
6192 3207 0.010296
6193 3207 0.010296
3209 3208 0.0026914
3211 3208 0.0026914
4561 3208 0.0026914
3208 3209 0.0027682
6188 3209 0.0027682
6189 3209 0.0027682
3209 3210 0.0014899
3211 3210 0.0014899
4561 3210 0.0014899
3210 3211 0.0030378
6184 3211 0.0030378
6185 3211 0.0030378
1659 3212 0.42392
3213 3212 0.42392
4560 3212 0.42392
3215 3214 0.0023575
5729 3214 0.0023575
6614 3214 0.0023575
3214 3215 0.0016967
6156 3215 0.0016967
7264 3215 0.0016967
2747 3216 0.00084204
3217 3216 0.00084204
4733 3216 0.00084204
118 3218 0.00025812
3219 3218 0.00025812
5730 3218 0.00025812
3218 3219 0.00079995
5727 3219 0.00079995
5728 3219 0.00079995
3221 3220 0.016025
6081 3220 0.016025
6213 3220 0.016025
6592 3220 0.016025
2136 3221 0.009649
2853 3221 0.009649
3220 3221 0.009649
6166 3221 0.009649
1724 3607 0.00034786
3608 3607 0.00034786
4753 3607 0.00034786
3607 3609 0.00049868
3610 3609 0.00049868
4757 3609 0.00049868
2866 3610 0.00011106
3609 3610 0.00011106
4755 3610 0.00011106
2830 3612 0.12399
3611 3612 0.12399
3614 3612 0.12399
2139 3614 0.12399
2140 3614 0.12399
3613 3614 0.12399
3647 3648 0.00012732
3650 3648 0.00012732
2151 3650 0.00014473
3649 3650 0.00014473
3652 3650 0.00014473
6823 3650 0.00014473
2151 3651 0.00067814
3649 3651 0.00067814
3652 3651 0.00067814
6823 3651 0.00067814
3212 3652 0.63822
3651 3652 0.63822
3654 3652 0.63822
3212 3653 0.025138
3651 3653 0.025138
3654 3653 0.025138
3653 3654 0.23886
3656 3654 0.23886
6210 3654 0.23886
3653 3655 0.0068691
3656 3655 0.0068691
6210 3655 0.0068691
3655 3656 0.22789
3658 3656 0.22789
6205 3656 0.22789
3655 3657 0.00080051
3658 3657 0.00080051
6205 3657 0.00080051
1662 3658 0.21452
3657 3658 0.21452
3660 3658 0.21452
1662 3659 0.00058951
3657 3659 0.00058951
3660 3659 0.00058951
3659 3660 0.20937
3662 3660 0.20937
6218 3660 0.20937
3659 3661 0.0001841
3662 3661 0.0001841
6218 3661 0.0001841
1676 3662 0.20635
2854 3662 0.20635
3661 3662 0.20635
1568 3700 0.16701
1571 3700 0.16701
3699 3700 0.16701
781 3702 0.16859
3700 3702 0.16859
3701 3702 0.16859
553 3704 0.16832
3702 3704 0.16832
3703 3704 0.16832
1972 3705 0.00058996
3706 3705 0.00058996
3707 3705 0.00058996
3736 3705 0.00058996
98 3706 0.16619
3704 3706 0.16619
3705 3706 0.16619
1972 3708 0.17793
3706 3708 0.17793
3707 3708 0.17793
3736 3708 0.17793
3051 3709 0.00010224
3710 3709 0.00010224
3711 3709 0.00010224
134 3710 0.17218
3708 3710 0.17218
3709 3710 0.17218
2146 3711 0.00021545
3712 3711 0.00021545
4663 3711 0.00021545
7113 3711 0.00021545
3051 3712 0.17807
3710 3712 0.17807
3711 3712 0.17807
426 3722 0.00049454
3720 3722 0.00049454
3721 3722 0.00049454
4661 3722 0.00049454
365 3724 0.00045297
3722 3724 0.00045297
3723 3724 0.00045297
85 3726 0.00087851
3724 3726 0.00087851
3725 3726 0.00087851
3726 3728 0.00090493
3727 3728 0.00090493
4556 3728 0.00090493
87 3730 0.0036633
3728 3730 0.0036633
3729 3730 0.0036633
373 3732 0.0037041
3730 3732 0.0037041
3731 3732 0.0037041
91 3734 0.0081606
3732 3734 0.0081606
3733 3734 0.0081606
1972 3735 0.00015497
3706 3735 0.00015497
3707 3735 0.00015497
3736 3735 0.00015497
411 3736 0.010993
3734 3736 0.010993
3735 3736 0.010993
3951 3950 0.0039413
6079 3950 0.0039413
6082 3950 0.0039413
3950 3951 0.016785
6164 3951 0.016785
6165 3951 0.016785
6876 3963 0.056299
1129 3964 0.056314
3963 3964 0.056314
1540 4515 0.0015425
4516 4515 0.0015425
5699 4515 0.0015425
6610 4515 0.0015425
3195 4522 0.00010032
4521 4522 0.00010032
6601 4522 0.00010032
1582 4523 0.00024249
1585 4523 0.00024249
4524 4523 0.00024249
4523 4525 0.00046813
4526 4525 0.00046813
6551 4525 0.00046813
1578 4557 0.0033511
1581 4557 0.0033511
4558 4557 0.0033511
1659 4559 0.0097615
3213 4559 0.0097615
4560 4559 0.0097615
3207 4560 0.01513
4559 4560 0.01513
4562 4560 0.01513
3207 4561 0.0039074
4559 4561 0.0039074
4562 4561 0.0039074
3209 4562 0.0055321
3211 4562 0.0055321
4561 4562 0.0055321
1856 4576 0.00017569
1861 4576 0.00017569
4575 4576 0.00017569
4662 4663 0.0563
6739 4663 0.0563
1827 4671 0.000502
2656 4671 0.000502
4672 4671 0.000502
1312 4674 0.99621
2155 4674 0.99621
4673 4674 0.99621
1808 4679 0.00053753
4680 4679 0.00053753
5101 4679 0.00053753
2 4680 0.0016588
1225 4680 0.0016588
4679 4680 0.0016588
2629 4682 0.91645
4681 4682 0.91645
5113 4682 0.91645
4714 4713 0.00010787
4715 4713 0.00010787
4734 4713 0.00010787
4713 4714 0.00039063
5725 4714 0.00039063
5726 4714 0.00039063
4716 4715 0.00024044
4717 4715 0.00024044
4736 4715 0.00024044
4714 4716 0.00018756
4715 4716 0.00018756
4734 4716 0.00018756
4718 4717 0.00043871
4719 4717 0.00043871
5706 4717 0.00043871
5709 4717 0.00043871
4716 4718 0.00012464
4717 4718 0.00012464
4736 4718 0.00012464
3198 4719 0.00014485
4720 4719 0.00014485
4721 4719 0.00014485
4718 4720 0.00018833
4719 4720 0.00018833
5706 4720 0.00018833
5709 4720 0.00018833
4714 4733 0.00035933
4715 4733 0.00035933
4734 4733 0.00035933
4716 4735 0.00029283
4717 4735 0.00029283
4736 4735 0.00029283
1729 4755 0.00023329
4756 4755 0.00023329
6076 4755 0.00023329
2866 4756 0.00024438
3609 4756 0.00024438
4755 4756 0.00024438
1727 4757 0.00019603
1730 4757 0.00019603
4758 4757 0.00019603
3607 4758 0.00010585
3610 4758 0.00010585
4757 4758 0.00010585
777 4783 0.0058107
4784 4783 0.0058107
6149 4783 0.0058107
1685 4784 0.0036664
4783 4784 0.0036664
6151 4784 0.0036664
6154 4784 0.0036664
958 4809 0.00016111
1681 4809 0.00016111
4810 4809 0.00016111
6181 4809 0.00016111
4809 4810 0.00071067
6174 4810 0.00071067
6175 4810 0.00071067
1853 5059 0.00021306
5060 5059 0.00021306
5618 5059 0.00021306
5114 5069 0.086513
5116 5069 0.086513
7272 5088 0.056306
7274 5088 0.056306
5088 5093 0.056319
5094 5093 0.056319
5098 5097 0.0030321
5104 5097 0.0030321
5100 5098 0.0099361
5136 5098 0.0099361
1124 5100 0.0098881
5099 5100 0.0098881
5102 5100 0.0098881
1808 5102 0.012871
4680 5102 0.012871
5101 5102 0.012871
5098 5103 0.0069574
5104 5103 0.0069574
5106 5105 0.00010173
5137 5105 0.00010173
1448 5108 0.00025163
1862 5108 0.00025163
5107 5108 0.00025163
2277 5110 0.98517
5109 5110 0.98517
2 5113 0.0018087
1225 5113 0.0018087
4679 5113 0.0018087
2629 5114 0.085365
4681 5114 0.085365
5113 5114 0.085365
5069 5115 0.086513
1807 5116 0.0011486
5115 5116 0.0011486
5138 5139 0.00019459
5142 5139 0.00019459
1125 5140 0.012777
5141 5140 0.012777
5138 5141 0.0018455
5142 5141 0.0018455
5103 5142 0.0020354
5143 5142 0.0020354
2465 5143 0.0060534
5097 5143 0.0060534
5140 5145 0.012721
5144 5145 0.012721
5145 5149 0.01246
5148 5149 0.01246
5175 5149 0.01246
1854 5152 0.00021155
4576 5152 0.00021155
5153 5152 0.00021155
5096 5156 0.00018273
5157 5156 0.00018273
5159 5156 0.00018273
4712 5159 0.00019459
5139 5159 0.00019459
5158 5159 0.00019459
5108 5164 0.00012156
5152 5164 0.00012156
5165 5164 0.00012156
5166 5164 0.00012156
1860 5165 0.01267
5149 5165 0.01267
5164 5165 0.01267
5154 5166 0.00017175
5167 5166 0.00017175
5168 5166 0.00017175
5108 5167 0.013081
5152 5167 0.013081
5165 5167 0.013081
5166 5167 0.013081
5160 5168 0.00017175
5169 5168 0.00017175
5170 5168 0.00017175
5154 5169 0.013081
5167 5169 0.013081
5168 5169 0.013081
5162 5170 0.98715
5171 5170 0.98715
5311 5170 0.98715
1372 5172 0.00026093
1381 5172 0.00026093
5173 5172 0.00026093
2462 5173 0.00059881
3070 5173 0.00059881
5172 5173 0.00059881
5145 5174 0.00029711
5148 5174 0.00029711
5175 5174 0.00029711
5132 5176 0.003871
5177 5176 0.003871
5600 5176 0.003871
5176 5177 0.099814
5306 5177 0.099814
5307 5177 0.099814
2149 5260 0.0009439
7287 5260 0.0009439
5176 5305 0.89978
5306 5305 0.89978
5307 5305 0.89978
5305 5306 0.0086357
5312 5306 0.0086357
5601 5306 0.0086357
1321 5307 0.98709
5308 5307 0.98709
5309 5307 0.98709
5305 5311 0.98715
5312 5311 0.98715
5601 5311 0.98715
309 5495 0.0010518
2145 5495 0.0010518
5494 5495 0.0010518
35 5497 0.0010518
5495 5497 0.0010518
5496 5497 0.0010518
1313 5499 0.0010518
5497 5499 0.0010518
5498 5499 0.0010518
5305 5600 0.003871
5312 5600 0.003871
5601 5600 0.003871
5132 5601 0.099814
5177 5601 0.099814
5600 5601 0.099814
2736 5608 0.00015452
5059 5608 0.00015452
5606 5608 0.00015452
5609 5608 0.00015452
5150 5612 0.00029711
5174 5612 0.00029711
5613 5612 0.00029711
2467 5615 0.0016517
5614 5615 0.0016517
5617 5615 0.0016517
2467 5616 0.00028474
5614 5616 0.00028474
5617 5616 0.00028474
1814 5618 0.00028474
5616 5618 0.00028474
5619 5618 0.00028474
3090 5674 0.0002107
5675 5674 0.0002107
5676 5674 0.0002107
7150 5674 0.0002107
3094 5680 0.00089088
5681 5680 0.00089088
5683 5680 0.00089088
428 5681 0.48977
429 5681 0.48977
3089 5681 0.48977
5680 5681 0.48977
3094 5682 0.4856
5681 5682 0.4856
5683 5682 0.4856
1975 5683 0.0011088
3091 5683 0.0011088
5682 5683 0.0011088
5693 5683 0.0011088
3093 5685 0.0043886
5684 5685 0.0043886
1975 5692 0.00061028
3091 5692 0.00061028
5682 5692 0.00061028
5693 5692 0.00061028
432 5693 0.43437
5692 5693 0.43437
1538 5702 0.0028708
1541 5702 0.0028708
1543 5702 0.0028708
5703 5702 0.0028708
1693 5704 0.0028621
5702 5704 0.0028621
5705 5704 0.0028621
5704 5706 0.0028773
5707 5706 0.0028773
5731 5706 0.0028773
6600 5706 0.0028773
4718 5708 0.0025489
4719 5708 0.0025489
5706 5708 0.0025489
5709 5708 0.0025489
2746 5710 0.0025621
5708 5710 0.0025621
5711 5710 0.0025621
6604 5710 0.0025621
2440 5711 0.00015849
2443 5711 0.00015849
5710 5711 0.00015849
5713 5711 0.00015849
2440 5712 0.00119
2443 5712 0.00119
5710 5712 0.00119
5713 5712 0.00119
1725 5714 0.00037829
1728 5714 0.00037829
5712 5714 0.00037829
5715 5714 0.00037829
110 5716 0.002149
5717 5716 0.002149
6560 5716 0.002149
1566 5717 0.0048421
1569 5717 0.0048421
5716 5717 0.0048421
3216 5720 0.0013379
5721 5720 0.0013379
5722 5720 0.0013379
5723 5722 0.00053975
5724 5722 0.00053975
6606 5722 0.00053975
4713 5724 0.00053975
5725 5724 0.00053975
5726 5724 0.00053975
3218 5726 0.00084032
5727 5726 0.00084032
5728 5726 0.00084032
3215 5728 0.0015453
5729 5728 0.0015453
6614 5728 0.0015453
3218 5729 0.0001938
5727 5729 0.0001938
5728 5729 0.0001938
5704 5730 0.00013337
5707 5730 0.00013337
5731 5730 0.00013337
6600 5730 0.00013337
118 5731 0.00018923
3219 5731 0.00018923
5730 5731 0.00018923
1729 6075 0.00076381
4756 6075 0.00076381
6076 6075 0.00076381
4747 6077 0.00076381
6075 6077 0.00076381
6078 6077 0.00076381
2865 6079 0.001408
6077 6079 0.001408
6080 6079 0.001408
3951 6080 0.00031335
6079 6080 0.00031335
6082 6080 0.00031335
3951 6081 0.01738
6079 6081 0.01738
6082 6081 0.01738
3221 6082 0.0034416
6081 6082 0.0034416
6213 6082 0.0034416
6592 6082 0.0034416
780 6147 0.00047483
6148 6147 0.00047483
778 6148 0.00011892
3045 6148 0.00011892
6147 6148 0.00011892
6150 6149 0.005998
6616 6149 0.005998
6619 6149 0.005998
777 6150 0.0038537
4784 6150 0.0038537
6149 6150 0.0038537
6152 6151 0.0089164
6618 6151 0.0089164
6621 6151 0.0089164
1685 6152 0.014705
4783 6152 0.014705
6151 6152 0.014705
6154 6152 0.014705
1685 6153 0.0086068
4783 6153 0.0086068
6151 6153 0.0086068
6154 6153 0.0086068
6153 6154 0.012251
7267 6154 0.012251
3214 6155 0.00058187
6156 6155 0.00058187
7264 6155 0.00058187
1976 6156 0.34376
6155 6156 0.34376
6617 6156 0.34376
6158 6157 0.00022575
7266 6157 0.00022575
7268 6157 0.00022575
6157 6158 0.34407
7265 6158 0.34407
6159 6160 0.3402
7269 6160 0.3402
2444 6162 0.34282
6160 6162 0.34282
6161 6162 0.34282
3204 6164 0.32935
6162 6164 0.32935
6163 6164 0.32935
3950 6166 0.31648
6164 6166 0.31648
6165 6166 0.31648
1670 6172 0.0010662
6171 6172 0.0010662
7226 6172 0.0010662
3200 6174 0.00045568
6172 6174 0.00045568
6173 6174 0.00045568
6176 6175 0.00066889
6190 6175 0.00066889
6191 6175 0.00066889
4809 6176 0.00051593
6174 6176 0.00051593
6175 6176 0.00051593
3210 6183 0.00084953
6184 6183 0.00084953
6185 6183 0.00084953
1663 6184 0.0017089
1666 6184 0.0017089
6183 6184 0.0017089
3201 6185 0.0024689
6186 6185 0.0024689
6187 6185 0.0024689
3210 6186 0.0017805
6184 6186 0.0017805
6185 6186 0.0017805
3208 6187 0.0021482
6188 6187 0.0021482
6189 6187 0.0021482
3201 6188 0.0021168
6186 6188 0.0021168
6187 6188 0.0021168
6176 6189 0.0038171
6190 6189 0.0038171
6191 6189 0.0038171
3208 6190 0.003709
6188 6190 0.003709
6189 6190 0.003709
3206 6191 0.0042948
6192 6191 0.0042948
6193 6191 0.0042948
6176 6192 0.0040337
6190 6192 0.0040337
6191 6192 0.0040337
1680 6193 0.012663
6194 6193 0.012663
6195 6193 0.012663
3206 6194 0.0086583
6192 6194 0.0086583
6193 6194 0.0086583
1660 6195 0.013071
6196 6195 0.013071
7158 6195 0.013071
1680 6196 0.0096156
6194 6196 0.0096156
6195 6196 0.0096156
1677 6198 0.0001371
6197 6198 0.0001371
6199 6198 0.0001371
1675 6202 0.0035031
3203 6202 0.0035031
6201 6202 0.0035031
1678 6204 0.0034264
6202 6204 0.0034264
6203 6204 0.0034264
6206 6205 0.041289
6209 6205 0.041289
6211 6205 0.041289
3655 6206 0.033989
3658 6206 0.033989
6205 6206 0.033989
3653 6209 0.041289
3656 6209 0.041289
6210 6209 0.041289
6206 6210 0.033989
6209 6210 0.033989
6211 6210 0.033989
2407 6213 0.0024097
2408 6213 0.0024097
6214 6213 0.0024097
3221 6214 0.0099728
6081 6214 0.0099728
6213 6214 0.0099728
6592 6214 0.0099728
6216 6215 0.0014638
6217 6215 0.0014638
6595 6215 0.0014638
2134 6216 0.022824
2137 6216 0.022824
6215 6216 0.022824
3659 6217 0.0093792
3662 6217 0.0093792
6218 6217 0.0093792
6216 6218 0.011998
6217 6218 0.011998
6595 6218 0.011998
114 6551 0.00026376
422 6551 0.00026376
423 6551 0.00026376
6550 6551 0.00026376
112 6553 0.0003605
424 6553 0.0003605
425 6553 0.0003605
6552 6553 0.0003605
1974 6556 0.00011665
6557 6556 0.00011665
3047 6558 0.00014845
6556 6558 0.00014845
6559 6558 0.00014845
1521 6559 0.00014845
6558 6559 0.00014845
6561 6559 0.00014845
1521 6560 0.0011856
6558 6560 0.0011856
6561 6560 0.0011856
110 6561 0.0022978
5717 6561 0.0022978
6560 6561 0.0022978
92 6568 0.00026652
4557 6568 0.00026652
6569 6568 0.00026652
88 6569 0.0014229
90 6569 0.0014229
773 6569 0.0014229
6568 6569 0.0014229
1574 6570 0.005175
1577 6570 0.005175
6571 6570 0.005175
404 6571 0.00018199
405 6571 0.00018199
6570 6571 0.00018199
6573 6571 0.00018199
404 6572 0.0060174
405 6572 0.0060174
6570 6572 0.0060174
6573 6572 0.0060174
1580 6574 0.0035903
1583 6574 0.0035903
6572 6574 0.0035903
6575 6574 0.0035903
4525 6576 0.00078729
6553 6576 0.00078729
6577 6576 0.00078729
6216 6594 0.019308
6217 6594 0.019308
6595 6594 0.019308
2817 6595 0.00056618
6594 6595 0.00056618
3195 6600 0.00015623
4521 6600 0.00015623
6601 6600 0.00015623
5704 6601 0.00019955
5707 6601 0.00019955
5731 6601 0.00019955
6600 6601 0.00019955
1688 6604 0.00018074
4517 6604 0.00018074
6605 6604 0.00018074
2746 6605 0.00012628
5708 6605 0.00012628
5711 6605 0.00012628
6604 6605 0.00012628
4515 6612 0.0015425
5700 6612 0.0015425
6613 6612 0.0015425
117 6614 0.0022348
6612 6614 0.0022348
6615 6614 0.0022348
3215 6615 0.00022255
5729 6615 0.00022255
6614 6615 0.00022255
1976 6616 0.41829
6155 6616 0.41829
6617 6616 0.41829
6150 6618 0.41613
6616 6618 0.41613
6619 6618 0.41613
6152 6620 0.42191
6618 6620 0.42191
6621 6620 0.42191
5718 6622 0.42191
6620 6622 0.42191
6623 6622 0.42191
1388 6668 0.000207
5370 6668 0.000207
6669 6668 0.000207
3964 6739 0.0563
6738 6739 0.0563
6769 6768 0.000502
7281 6768 0.000502
724 6795 0.23511
2147 6795 0.23511
6794 6795 0.23511
6796 6797 0.2342
7183 6797 0.2342
549 6809 0.99571
2153 6809 0.99571
2864 6809 0.99571
6808 6809 0.99571
2151 6824 0.87158
3649 6824 0.87158
3652 6824 0.87158
6823 6824 0.87158
6825 6826 0.99996
7179 6826 0.99996
5093 6875 0.056299
6875 6876 0.056299
3713 6920 0.015751
6921 6920 0.015751
7114 6920 0.015751
2146 7114 0.015779
3712 7114 0.015779
4663 7114 0.015779
7113 7114 0.015779
7138 7139 0.0026378
7141 7139 0.0026378
2648 7141 0.0026378
2649 7141 0.0026378
7140 7141 0.0026378
416 7149 0.017916
3096 7149 0.017916
7148 7149 0.017916
7157 7156 0.42191
7230 7156 0.42191
7156 7158 0.42191
7159 7158 0.42191
3150 7179 0.99996
4674 7179 0.99996
7178 7179 0.99996
6826 7181 0.99996
7180 7181 0.99996
7182 7183 0.2342
7185 7183 0.2342
7184 7185 0.2342
7288 7185 0.2342
1572 7222 0.00018256
7223 7222 0.00018256
7222 7223 0.013074
7225 7223 0.013074
7222 7224 0.00018256
7225 7224 0.00018256
408 7225 0.013074
1575 7225 0.013074
7224 7225 0.013074
1670 7227 0.0023711
6171 7227 0.0023711
7226 7227 0.0023711
6622 7228 0.42191
7229 7228 0.42191
7228 7230 0.42191
7231 7230 0.42191
6157 7264 0.00022575
7265 7264 0.00022575
3214 7265 0.34407
6156 7265 0.34407
7264 7265 0.34407
6153 7266 0.0086068
7267 7266 0.0086068
6158 7267 0.012251
7266 7267 0.012251
7268 7267 0.012251
6158 7269 0.3402
7266 7269 0.3402
7268 7269 0.3402
2279 7272 0.00012131
5674 7272 0.00012131
7273 7272 0.00012131
7272 7273 0.00096692
7274 7273 0.00096692
1127 7274 0.057152
3095 7274 0.057152
3098 7274 0.057152
4671 7281 0.000502
7282 7281 0.000502
2143 7286 0.0042939
2404 7286 0.0042939
7285 7286 0.0042939
2149 7288 0.2342
7287 7288 0.2342
