152 151 0.011332
153 151 0.011332
155 151 0.011332
151 152 0.012502
170 152 0.012502
171 152 0.012502
154 153 0.010024
1103 153 0.010024
1484 153 0.010024
152 154 0.0051987
153 154 0.0051987
155 154 0.0051987
156 155 0.0017954
157 155 0.0017954
162 155 0.0017954
152 156 0.0077908
153 156 0.0077908
155 156 0.0077908
149 157 0.0020791
158 157 0.0020791
1485 157 0.0020791
156 158 0.00092182
157 158 0.00092182
162 158 0.00092182
160 159 0.00012914
3279 159 0.00012914
3280 159 0.00012914
156 161 0.0072028
157 161 0.0072028
162 161 0.0072028
164 163 0.0070567
791 163 0.0070567
1107 163 0.0070567
165 166 0.00015666
792 166 0.00015666
5799 166 0.00015666
168 167 0.99586
169 167 0.99586
3294 167 0.99586
151 169 1.0061
170 169 1.0061
171 169 1.0061
163 171 1.0073
172 171 1.0073
173 171 1.0073
174 173 0.00022731
175 173 0.00022731
793 173 0.00022731
522 735 0.0001014
736 735 0.0001014
3419 735 0.0001014
3434 735 0.0001014
735 738 0.00010268
737 738 0.00010268
740 738 0.00010268
765 766 0.0036094
768 766 0.0036094
1105 766 0.0036094
765 767 0.00010277
768 767 0.00010277
1105 767 0.00010277
767 768 0.0042374
3276 768 0.0042374
3297 768 0.0042374
164 792 0.00030517
791 792 0.00030517
1107 792 0.00030517
794 793 0.00020286
4589 793 0.00020286
5798 793 0.00020286
1101 1100 0.00032467
1500 1100 0.00032467
3512 1100 0.00032467
1100 1101 0.00094273
3503 1101 0.00094273
3516 1101 0.00094273
6255 1101 0.00094273
154 1102 0.0045269
1103 1102 0.0045269
1484 1102 0.0045269
1102 1103 0.010509
3295 1103 0.010509
3296 1103 0.010509
765 1104 0.00071718
768 1104 0.00071718
1105 1104 0.00071718
1104 1105 0.00015149
3259 1105 0.00015149
3260 1105 0.00015149
159 1107 0.0072356
161 1107 0.0072356
1106 1107 0.0072356
1463 1118 1.0022
3513 1118 1.0022
1232 1233 0.00027926
7249 1233 0.00027926
1234 1235 0.00027882
5816 1235 0.00027882
6117 1235 0.00027882
1253 1252 0.00020356
1254 1252 0.00020356
1260 1252 0.00020356
1252 1253 0.00020356
1262 1253 0.00020356
6119 1253 0.00020356
1255 1254 0.00020055
1256 1254 0.00020055
1259 1254 0.00020055
1258 1259 0.00020055
1261 1259 0.00020055
3888 1259 0.00020055
1253 1261 0.00020055
1254 1261 0.00020055
1260 1261 0.00020055
1464 1463 0.99808
6702 1463 0.99808
978 1464 0.0022187
1465 1464 0.0022187
1118 1465 0.0022187
5262 1465 0.0022187
1483 1482 0.0049372
2292 1482 0.0049372
3505 1482 0.0049372
1482 1483 0.00017617
3499 1483 0.00017617
3514 1483 0.00017617
3515 1483 0.00017617
149 1484 0.00092182
158 1484 0.00092182
1485 1484 0.00092182
154 1485 0.0020791
1103 1485 0.0020791
1484 1485 0.0020791
1498 1500 0.0001006
1501 1500 0.0001006
4635 1500 0.0001006
1101 1501 0.00023354
1500 1501 0.00023354
3512 1501 0.00023354
766 2290 0.0041625
2291 2290 0.0041625
3256 2290 0.0041625
5564 2290 0.0041625
2290 2292 0.0041372
2293 2292 0.0041372
3232 2292 0.0041372
2911 2913 0.0001344
2914 2913 0.0001344
6130 2913 0.0001344
3257 3256 0.00075193
3258 3256 0.00075193
5570 3256 0.00075193
766 3257 0.00016296
2291 3257 0.00016296
3256 3257 0.00016296
5564 3257 0.00016296
1104 3258 0.00072684
3259 3258 0.00072684
3260 3258 0.00072684
3257 3259 0.00015305
3258 3259 0.00015305
5570 3259 0.00015305
147 3276 0.00011431
3277 3276 0.00011431
3278 3276 0.00011431
767 3277 0.0002044
3276 3277 0.0002044
3297 3277 0.0002044
147 3279 0.00013308
3277 3279 0.00013308
3278 3279 0.00013308
1102 3294 0.0043761
3295 3294 0.0043761
3296 3294 0.0043761
168 3295 0.014583
169 3295 0.014583
3294 3295 0.014583
767 3296 0.00019343
3276 3296 0.00019343
3297 3296 0.00019343
1102 3297 0.0044181
3295 3297 0.0044181
3296 3297 0.0044181
3494 3493 0.00016045
3504 3493 0.00016045
3493 3494 0.0011887
3501 3494 0.0011887
3551 3494 0.0011887
4637 3494 0.0011887
3500 3499 0.00016045
3502 3499 0.00016045
1482 3500 0.0011887
3499 3500 0.0011887
3514 3500 0.0011887
3515 3500 0.0011887
3500 3501 0.0011887
3502 3501 0.0011887
3493 3502 0.00016045
3501 3502 0.00016045
3551 3502 0.00016045
4637 3502 0.00016045
3494 3503 0.0011887
3504 3503 0.0011887
1100 3504 0.00016045
3503 3504 0.00016045
3516 3504 0.00016045
6255 3504 0.00016045
3506 3505 0.00083919
3507 3505 0.00083919
3517 3505 0.00083919
1483 3506 0.00019104
2292 3506 0.00019104
3505 3506 0.00019104
1509 3507 0.00083919
3508 3507 0.00083919
3509 3507 0.00083919
3506 3508 0.00019104
3507 3508 0.00019104
3517 3508 0.00019104
3510 3509 0.00080221
3511 3509 0.00080221
4634 3509 0.00080221
1509 3510 0.00019511
3508 3510 0.00019511
3509 3510 0.00019511
1101 3511 0.00076152
1500 3511 0.00076152
3512 3511 0.00076152
3510 3512 0.00027641
3511 3512 0.00027641
4634 3512 0.00027641
1482 3513 0.0065515
3499 3513 0.0065515
3514 3513 0.0065515
3515 3513 0.0065515
1463 3514 0.0024087
3513 3514 0.0024087
1100 3515 0.001552
3503 3515 0.001552
3516 3515 0.001552
6255 3515 0.001552
1482 3516 0.0011421
3499 3516 0.0011421
3514 3516 0.0011421
3515 3516 0.0011421
3898 3899 0.00013414
5581 3899 0.00013414
5935 3899 0.00013414
1246 3902 0.00023192
3901 3902 0.00023192
3903 3902 0.00023192
6127 3902 0.00023192
166 4589 0.00013733
179 4589 0.00013733
4590 4589 0.00013733
1498 4634 0.00020048
1501 4634 0.00020048
4635 4634 0.00020048
1118 5261 1
5262 5261 1
5261 5263 1
5264 5263 1
6120 5263 1
5263 5265 1
5266 5265 1
738 5576 0.00023704
2913 5576 0.00023704
5577 5576 0.00023704
5576 5578 0.00023698
5579 5578 0.00023698
5578 5579 0.00010526
5583 5579 0.00010526
5584 5579 0.00010526
1233 5581 0.00013635
5580 5581 0.00013635
5582 5581 0.00013635
5578 5582 0.00013685
5583 5582 0.00013685
5584 5582 0.00013685
1233 5583 0.00028362
5580 5583 0.00028362
5582 5583 0.00028362
5265 5584 0.99972
5585 5584 0.99972
6124 5584 0.99972
165 5798 0.00017896
792 5798 0.00017896
5799 5798 0.00017896
794 5799 0.00011183
4589 5799 0.00011183
5798 5799 0.00011183
5819 5818 0.00029449
5821 5818 0.00029449
6123 5818 0.00029449
1237 6117 0.00027882
3902 6117 0.00027882
6118 6117 0.00027882
5261 6119 0.00020356
5264 6119 0.00020356
6120 6119 0.00020356
1252 6120 0.00020356
1262 6120 0.00020356
6119 6120 0.00020356
5265 6123 0.00030285
5585 6123 0.00030285
6124 6123 0.00030285
5818 6127 0.00023803
6126 6127 0.00023803
6128 6127 0.00023803
2903 6130 0.0001344
6129 6130 0.0001344
6132 6130 0.0001344
2905 6132 0.0001344
6131 6132 0.0001344
6134 6132 0.0001344
2907 6134 0.00013353
6133 6134 0.00013353
6136 6134 0.00013353
2909 6136 0.00013414
3899 6136 0.00013414
6135 6136 0.00013414
167 6702 0.99586
6703 6702 0.99586
1235 7249 0.00027926
7248 7249 0.00027926
7250 7249 0.00027926
