2 1 0.00012038
1225 1 0.00012038
4679 1 0.00012038
1122 1121 0.0014857
1449 1121 0.0014857
2217 1121 0.0014857
1121 1122 0.0027832
5095 1122 0.0027832
5134 1122 0.0027832
1123 1124 0.09384
2461 1124 0.09384
3067 1124 0.09384
3069 1124 0.09384
5103 1125 0.84145
5143 1125 0.84145
1301 1300 0.79165
2463 1300 0.79165
5146 1300 0.79165
1300 1301 0.0011882
1371 1301 0.0011882
2464 1301 0.0011882
1322 1321 0.010175
1323 1321 0.010175
5130 1321 0.010175
551 1323 0.010175
1324 1323 0.010175
1413 1323 0.010175
1332 1331 0.00012046
1405 1331 0.00012046
5061 1331 0.00012046
5124 1331 0.00012046
1346 1345 0.00043618
1383 1345 0.00043618
6665 1345 0.00043618
1345 1346 0.0010608
5364 1346 0.0010608
5599 1346 0.0010608
1362 1361 0.00071975
5355 1361 0.00071975
5358 1361 0.00071975
1361 1362 0.00026185
1377 1362 0.00026185
1380 1362 0.00026185
1364 1363 0.0006065
1366 1363 0.0006065
1391 1363 0.0006065
1363 1364 0.00011633
1379 1364 0.00011633
1382 1364 0.00011633
1364 1365 0.00011633
1366 1365 0.00011633
1391 1365 0.00011633
1365 1366 0.0006065
5357 1366 0.0006065
5360 1366 0.0006065
1368 1367 0.18579
1387 1367 0.18579
1389 1367 0.18579
1367 1368 0.019772
3068 1368 0.019772
1372 1371 0.17343
1381 1371 0.17343
5173 1371 0.17343
1300 1372 0.057722
1371 1372 0.057722
2464 1372 0.057722
1361 1379 0.00071975
1377 1379 0.00071975
1380 1379 0.00071975
1363 1380 0.00026185
1379 1380 0.00026185
1382 1380 0.00026185
1363 1381 0.0013192
1379 1381 0.0013192
1382 1381 0.0013192
1372 1382 0.00037115
1381 1382 0.00037115
5173 1382 0.00037115
1384 1383 0.0033326
5361 1383 0.0033326
5598 1383 0.0033326
1346 1384 0.00067362
1383 1384 0.00067362
6665 1384 0.00067362
1386 1385 0.00040401
5359 1385 0.00040401
5362 1385 0.00040401
1369 1386 0.0056233
1385 1386 0.0056233
5369 1386 0.0056233
1388 1387 0.00024763
5370 1387 0.00024763
6669 1387 0.00024763
1368 1388 0.83423
1387 1388 0.83423
1389 1388 0.83423
1390 1389 1
1406 1405 0.00012046
1812 1405 0.00012046
1864 1405 0.00012046
1331 1413 0.010175
1414 1413 0.010175
5110 1413 0.010175
5111 1413 0.010175
1448 1447 0.0036258
1862 1447 0.0036258
5107 1447 0.0036258
1447 1448 0.005939
1450 1448 0.005939
1866 1448 0.005939
1447 1449 0.0036258
1450 1449 0.0036258
1866 1449 0.0036258
1122 1450 0.005939
1449 1450 0.005939
2217 1450 0.005939
1808 1805 0.010007
4680 1805 0.010007
5101 1805 0.010007
1855 1854 0.003148
1859 1854 0.003148
5610 1854 0.003148
1857 1856 0.018607
1858 1856 0.018607
5612 1856 0.018607
1856 1857 0.0010936
1861 1857 0.0010936
4575 1857 0.0010936
1857 1859 0.003148
1858 1859 0.003148
5612 1859 0.003148
1856 1860 0.018738
1861 1860 0.018738
4575 1860 0.018738
1860 1861 0.0067571
5149 1861 0.0067571
5164 1861 0.0067571
1863 1862 0.013177
2218 1862 0.013177
5156 1862 0.013177
1448 1863 0.00082727
1862 1863 0.00082727
5107 1863 0.00082727
1865 1864 0.00010829
5608 1864 0.00010829
5615 1864 0.00010829
1863 2217 0.0042742
2218 2217 0.0042742
5156 2217 0.0042742
1122 2218 0.0032586
1449 2218 0.0032586
2217 2218 0.0032586
1805 2277 0.010104
2278 2277 0.010104
4682 2277 0.010104
1397 2458 0.00049534
2459 2458 0.00049534
6666 2458 0.00049534
2458 2459 0.0047666
5373 2459 0.0047666
6663 2459 0.0047666
6664 2459 0.0047666
1123 2460 0.00013105
2461 2460 0.00013105
3067 2460 0.00013105
3069 2460 0.00013105
2460 2461 0.83316
6667 2461 0.83316
6668 2461 0.83316
1301 2462 0.0011882
2463 2462 0.0011882
5146 2462 0.0011882
2462 2463 0.79165
3070 2463 0.79165
5172 2463 0.79165
2465 2464 0.00091266
5097 2464 0.00091266
1300 2465 0.90708
1371 2465 0.90708
2464 2465 0.90708
1 2467 0.00012038
2466 2467 0.00012038
2630 2467 0.00012038
1367 3067 0.18579
3068 3067 0.18579
1123 3068 0.019772
2461 3068 0.019772
3067 3068 0.019772
3069 3068 0.019772
2462 3069 0.0011714
3070 3069 0.0011714
5172 3069 0.0011714
1123 3070 0.90639
2461 3070 0.90639
3067 3070 0.90639
3069 3070 0.90639
1854 4575 0.0016726
4576 4575 0.0016726
5153 4575 0.0016726
1856 4576 0.0072048
1861 4576 0.0072048
4575 4576 0.0072048
1808 4679 0.00020063
4680 4679 0.00020063
5101 4679 0.00020063
2629 4682 0.00010332
4681 4682 0.00010332
5113 4682 0.00010332
5096 5095 0.0027832
5157 5095 0.0027832
5159 5095 0.0027832
1121 5096 0.0014857
5095 5096 0.0014857
5134 5096 0.0014857
5098 5097 0.028563
5104 5097 0.028563
5100 5098 0.0873
5136 5098 0.0873
1124 5100 0.08368
5099 5100 0.08368
5102 5100 0.08368
1124 5101 0.01019
5099 5101 0.01019
5102 5101 0.01019
5098 5103 0.062761
5104 5103 0.062761
5105 5104 0.0040249
5106 5105 0.0076691
5137 5105 0.0076691
1125 5106 0.0033398
5141 5106 0.0033398
5108 5107 0.0030073
5152 5107 0.0030073
5165 5107 0.0030073
5166 5107 0.0030073
1448 5108 0.01767
1862 5108 0.01767
5107 5108 0.01767
2277 5110 0.010054
5109 5110 0.010054
2 5113 0.00011294
1225 5113 0.00011294
4679 5113 0.00011294
5105 5136 0.0036442
5140 5137 0.0043292
5144 5137 0.0043292
4712 5138 0.00025531
5139 5138 0.00025531
5158 5138 0.00025531
5138 5139 0.014919
5142 5139 0.014919
1125 5140 0.97949
5141 5140 0.97949
5138 5141 0.14138
5142 5141 0.14138
5103 5142 0.15604
5143 5142 0.15604
2465 5143 0.93473
5097 5143 0.93473
5140 5145 0.97518
5144 5145 0.97518
1860 5148 0.00031025
5149 5148 0.00031025
5164 5148 0.00031025
5145 5149 0.95489
5148 5149 0.95489
5175 5149 0.95489
1854 5152 0.0092159
4576 5152 0.0092159
5153 5152 0.0092159
5108 5153 0.00061099
5152 5153 0.00061099
5165 5153 0.00061099
5166 5153 0.00061099
5096 5156 0.01363
5157 5156 0.01363
5159 5156 0.01363
1863 5157 0.00026454
2218 5157 0.00026454
5156 5157 0.00026454
5096 5158 0.00025531
5157 5158 0.00025531
5159 5158 0.00025531
4712 5159 0.014919
5139 5159 0.014919
5158 5159 0.014919
5108 5164 0.00019044
5152 5164 0.00019044
5165 5164 0.00019044
5166 5164 0.00019044
1860 5165 0.96675
5149 5165 0.96675
5164 5165 0.96675
5108 5167 0.98983
5152 5167 0.98983
5165 5167 0.98983
5166 5167 0.98983
5154 5169 0.98983
5167 5169 0.98983
5168 5169 0.98983
5162 5170 0.014482
5171 5170 0.014482
5311 5170 0.014482
5160 5171 0.004307
5169 5171 0.004307
5170 5171 0.004307
1372 5172 0.057768
1381 5172 0.057768
5173 5172 0.057768
2462 5173 0.17253
3070 5173 0.17253
5172 5173 0.17253
5145 5174 0.020832
5148 5174 0.020832
5175 5174 0.020832
5150 5175 0.00024627
5174 5175 0.00024627
5613 5175 0.00024627
5132 5176 0.0011316
5177 5176 0.0011316
5600 5176 0.0011316
5176 5177 0.0045515
5306 5177 0.0045515
5307 5177 0.0045515
5176 5305 0.010366
5306 5305 0.010366
5307 5305 0.010366
5305 5306 0.0036116
5312 5306 0.0036116
5601 5306 0.0036116
1321 5307 0.010175
5308 5307 0.010175
5309 5307 0.010175
5305 5311 0.014482
5312 5311 0.014482
5601 5311 0.014482
5162 5312 0.004307
5171 5312 0.004307
5311 5312 0.004307
1362 5357 0.00026185
5355 5357 0.00026185
5358 5357 0.00026185
1365 5358 0.00071975
5357 5358 0.00071975
5360 5358 0.00071975
1365 5359 0.00013603
5357 5359 0.00013603
5360 5359 0.00013603
1386 5360 0.0010841
5359 5360 0.0010841
5362 5360 0.0010841
1386 5361 0.0046463
5359 5361 0.0046463
5362 5361 0.0046463
1384 5362 0.00037504
5361 5362 0.00037504
5598 5362 0.00037504
1345 5363 0.0010258
5364 5363 0.0010258
5599 5363 0.0010258
1388 5369 0.0056233
5370 5369 0.0056233
6669 5369 0.0056233
1369 5370 0.00040401
1385 5370 0.00040401
5369 5370 0.00040401
1345 5598 0.00016992
5364 5598 0.00016992
5599 5598 0.00016992
1384 5599 0.0017822
5361 5599 0.0017822
5598 5599 0.0017822
5305 5600 0.0011316
5312 5600 0.0011316
5601 5600 0.0011316
5132 5601 0.0045515
5177 5601 0.0045515
5600 5601 0.0045515
5150 5612 0.020832
5174 5612 0.020832
5613 5612 0.020832
1857 5613 0.00024627
1858 5613 0.00024627
5612 5613 0.00024627
2467 5615 0.00010312
5614 5615 0.00010312
5617 5615 0.00010312
5363 5812 0.0010151
5810 5812 0.0010151
5813 5812 0.0010151
2457 6663 0.0010328
5812 6663 0.0010328
6662 6663 0.0010328
1346 6664 0.0038223
1383 6664 0.0038223
6665 6664 0.0038223
2458 6665 0.00053871
5373 6665 0.00053871
6663 6665 0.00053871
6664 6665 0.00053871
2460 6666 0.00049534
6667 6666 0.00049534
6668 6666 0.00049534
1397 6667 0.0047666
2459 6667 0.0047666
6666 6667 0.0047666
1388 6668 0.82901
5370 6668 0.82901
6669 6668 0.82901
2460 6669 0.00025222
6667 6669 0.00025222
6668 6669 0.00025222
