770 769 0.0003771
771 769 0.0003771
1920 769 0.0003771
769 770 0.038393
4157 770 0.038393
772 771 0.032265
1884 771 0.032265
4156 771 0.032265
770 772 0.013421
771 772 0.013421
1920 772 0.013421
1227 1226 0.017493
7040 1226 0.017493
7075 1226 0.017493
7079 1226 0.017493
1226 1227 0.047452
1536 1227 0.047452
4200 1227 0.047452
1116 1471 0.0020732
2373 1471 0.0020732
1226 1537 0.0010097
1536 1537 0.0010097
4200 1537 0.0010097
1654 1653 0.017863
2340 1653 0.017863
2343 1653 0.017863
1653 1654 0.012706
7054 1654 0.012706
7076 1654 0.012706
1918 1920 0.0077438
1921 1920 0.0077438
1922 1920 0.0077438
770 1921 0.064604
771 1921 0.064604
1920 1921 0.064604
1923 1922 0.0077438
1924 1922 0.0077438
4230 1922 0.0077438
4231 1922 0.0077438
1918 1923 0.064604
1921 1923 0.064604
1922 1923 0.064604
1923 1925 0.39047
1924 1925 0.39047
4230 1925 0.39047
4231 1925 0.39047
1926 1927 0.39047
7135 1927 0.39047
1927 1931 0.39047
1930 1931 0.39047
7206 1931 0.39047
1932 1933 0.60749
1934 1933 0.60749
6745 1933 0.60749
7198 1933 0.60749
1935 1934 0.00017355
1936 1934 0.00017355
1942 1934 0.00017355
1931 1941 0.99793
1933 1941 0.99793
1940 1941 0.99793
1943 1942 0.00017355
1944 1942 0.00017355
5379 1942 0.00017355
5386 1942 0.00017355
2095 2094 0.002066
4668 2094 0.002066
5224 2094 0.002066
2334 2336 0.00010541
2337 2336 0.00010541
5977 2336 0.00010541
7152 2336 0.00010541
2336 2338 0.0011078
2339 2338 0.0011078
4709 2338 0.0011078
2338 2339 0.00014453
2341 2339 0.00014453
4198 2339 0.00014453
2338 2340 0.45715
2341 2340 0.45715
4198 2340 0.45715
1654 2341 0.0036657
2340 2341 0.0036657
2343 2341 0.0036657
1654 2342 0.44833
2340 2342 0.44833
2343 2342 0.44833
2094 2373 0.002066
2372 2373 0.002066
5222 2373 0.002066
3790 3789 0.60935
3794 3789 0.60935
7083 3789 0.60935
4199 3791 0.5167
5395 3791 0.5167
5396 3792 0.00015024
5397 3792 0.00015024
3791 3793 0.51661
3793 3794 0.5164
5993 3794 0.5164
7115 3794 0.5164
4155 4154 0.057523
7132 4154 0.057523
769 4155 0.00066235
4157 4155 0.00066235
4154 4156 0.057523
5938 4156 0.057523
772 4157 0.038678
1884 4157 0.038678
4156 4157 0.038678
5771 4198 1
5881 4198 1
7116 4199 0.51655
2338 4200 0.54752
2341 4200 0.54752
4198 4200 0.54752
4224 4223 0.058474
4225 4223 0.058474
6894 4223 0.058474
4223 4224 0.00061675
6896 4224 0.00061675
7081 4224 0.00061675
4227 4228 0.39148
5937 4228 0.39148
7073 4228 0.39148
4228 4230 0.33362
4229 4230 0.33362
6893 4230 0.33362
1537 4709 0.0010099
4710 4709 0.0010099
5064 5063 0.00015337
5240 5063 0.00015337
4659 5064 0.00015025
5065 5064 0.00015025
3792 5065 0.0001502
5225 5224 0.0020525
5403 5224 0.0020525
5385 5386 0.00017416
5387 5386 0.00017416
5394 5386 0.00017416
1512 5392 0.00016096
5391 5392 0.00016096
5876 5392 0.00016096
5392 5394 0.00017416
5393 5394 0.00017416
5991 5394 0.00017416
5063 5395 0.00015247
5400 5401 0.0020753
6746 5401 0.0020753
5401 5403 0.0020807
5404 5403 0.0020807
1941 5423 0.99793
5418 5423 0.99793
5422 5423 0.99793
5427 5426 0.0020685
5430 5426 0.0020685
5434 5426 0.0020685
1471 5434 0.0020685
5435 5434 0.0020685
5389 5876 0.00016096
5875 5876 0.00016096
5994 5876 0.00016096
5879 5881 1
5882 5881 1
4227 5936 0.057102
5937 5936 0.057102
7073 5936 0.057102
5936 5937 0.0002411
7133 5937 0.0002411
3793 5994 0.00020428
5993 5994 0.00020428
7115 5994 0.00020428
1932 6746 0.0020753
1934 6746 0.0020753
6745 6746 0.0020753
7198 6746 0.0020753
6828 6827 0.60935
7200 6827 0.60935
4224 6893 0.00061675
4225 6893 0.00061675
6894 6893 0.00061675
4228 6894 0.058474
4229 6894 0.058474
6893 6894 0.058474
4223 6895 0.060378
6896 6895 0.060378
7081 6895 0.060378
6895 6896 0.00094655
7017 6896 0.00094655
7084 6896 0.00094655
7016 7017 0.033585
7019 7017 0.033585
7026 7017 0.033585
7016 7018 0.0021218
7019 7018 0.0021218
7026 7018 0.0021218
4811 7019 0.00054805
7018 7019 0.00054805
7082 7019 0.00054805
7021 7020 0.015994
7023 7020 0.015994
7025 7020 0.015994
7036 7020 0.015994
7020 7021 0.014304
7032 7021 0.014304
7035 7021 0.014304
7021 7022 0.013305
7023 7022 0.013305
7025 7022 0.013305
7036 7022 0.013305
7022 7023 0.0087903
7029 7023 0.0087903
7031 7023 0.0087903
7033 7023 0.0087903
7021 7024 0.027179
7023 7024 0.027179
7025 7024 0.027179
7036 7024 0.027179
7024 7025 0.016485
7027 7025 0.016485
7077 7025 0.016485
7080 7025 0.016485
7024 7026 0.035122
7027 7026 0.035122
7077 7026 0.035122
7080 7026 0.035122
7022 7030 0.00093643
7029 7030 0.00093643
7031 7030 0.00093643
7033 7030 0.00093643
1230 7031 0.0187
7030 7031 0.0187
7078 7031 0.0187
7022 7032 0.024347
7029 7032 0.024347
7031 7032 0.024347
7033 7032 0.024347
7020 7033 0.0020682
7032 7033 0.0020682
7035 7033 0.0020682
7020 7034 0.027529
7032 7034 0.027529
7035 7034 0.027529
7034 7035 0.0035603
7037 7035 0.0035603
7039 7035 0.0035603
7034 7036 0.024498
7037 7036 0.024498
7039 7036 0.024498
7021 7037 0.0075986
7023 7037 0.0075986
7025 7037 0.0075986
7036 7037 0.0075986
7034 7038 0.018413
7037 7038 0.018413
7039 7038 0.018413
7038 7039 0.011343
7041 7039 0.011343
7043 7039 0.011343
7038 7040 0.018398
7041 7040 0.018398
7043 7040 0.018398
1227 7041 0.011386
7040 7041 0.011386
7075 7041 0.011386
7079 7041 0.011386
7038 7042 0.00010322
7041 7042 0.00010322
7043 7042 0.00010322
7042 7044 0.00010322
7045 7044 0.00010322
7044 7046 0.00010322
7047 7046 0.00010322
7046 7048 0.00010322
7049 7048 0.00010322
7048 7050 0.00010322
7051 7050 0.00010322
7050 7052 0.00010322
7053 7052 0.00010322
7052 7054 0.00010322
7055 7054 0.00010322
2342 7073 0.44833
7057 7073 0.44833
7074 7073 0.44833
1653 7075 0.017905
7054 7075 0.017905
7076 7075 0.017905
1227 7076 0.01269
7040 7076 0.01269
7075 7076 0.01269
7079 7076 0.01269
1230 7077 0.00093643
7030 7077 0.00093643
7078 7077 0.00093643
7024 7078 0.0187
7027 7078 0.0187
7077 7078 0.0187
7080 7078 0.0187
7024 7079 0.0049051
7027 7079 0.0049051
7077 7079 0.0049051
7080 7079 0.0049051
1227 7080 0.047092
7040 7080 0.047092
7075 7080 0.047092
7079 7080 0.047092
4811 7081 0.0021218
7018 7081 0.0021218
7082 7081 0.0021218
4223 7082 0.00054805
6896 7082 0.00054805
7081 7082 0.00054805
6895 7083 0.093596
7017 7083 0.093596
7084 7083 0.093596
3790 7084 0.00062096
3794 7084 0.00062096
7083 7084 0.00062096
7117 7116 0.51655
1226 7117 0.51655
1536 7117 0.51655
4200 7117 0.51655
5936 7132 0.057102
7133 7132 0.057102
4155 7133 0.0002411
7132 7133 0.0002411
7134 7135 0.39047
7137 7135 0.39047
1228 7137 0.39047
1925 7137 0.39047
7136 7137 0.39047
6827 7198 0.60935
7199 7198 0.60935
3789 7200 0.60935
7201 7200 0.60935
