769 770 0.00039844
4157 770 0.00039844
772 771 0.00033453
1884 771 0.00033453
4156 771 0.00033453
770 772 0.00014332
771 772 0.00014332
1920 772 0.00014332
971 970 0.41308
4670 970 0.41308
5226 970 0.41308
973 972 0.04995
6533 972 0.04995
1469 1116 0.00078313
4997 1116 0.00078313
1227 1226 0.39445
7040 1226 0.39445
7075 1226 0.39445
7079 1226 0.39445
1226 1227 0.0067987
1536 1227 0.0067987
4200 1227 0.0067987
1456 1455 0.95006
2097 1455 0.95006
2098 1455 0.95006
1455 1457 0.95006
1458 1457 0.95006
2092 1457 0.95006
1459 1460 0.049955
1462 1460 0.049955
2371 1460 0.049955
972 1462 0.04995
1120 1462 0.04995
1461 1462 0.04995
7192 1462 0.04995
1470 1469 0.00078285
6536 1469 0.00078285
1471 1470 0.00078161
5435 1470 0.00078161
1116 1471 0.00056165
2373 1471 0.00056165
1515 1514 0.0040365
2096 1514 0.0040365
4667 1514 0.0040365
5384 1514 0.0040365
1514 1515 0.35975
2848 1515 0.35975
1226 1537 0.0009092
1536 1537 0.0009092
4200 1537 0.0009092
1653 1654 0.12584
7054 1654 0.12584
7076 1654 0.12584
770 1921 0.00066645
771 1921 0.00066645
1920 1921 0.00066645
1918 1923 0.00066645
1921 1923 0.00066645
1922 1923 0.00066645
1923 1925 0.0040535
1924 1925 0.0040535
4230 1925 0.0040535
4231 1925 0.0040535
1926 1927 0.0040535
7135 1927 0.0040535
1927 1931 0.0040535
1930 1931 0.0040535
7206 1931 0.0040535
1931 1932 0.0040162
1933 1932 0.0040162
1940 1932 0.0040162
1932 1933 0.00018267
1934 1933 0.00018267
6745 1933 0.00018267
7198 1933 0.00018267
1932 1935 0.0028354
1934 1935 0.0028354
6745 1935 0.0028354
7198 1935 0.0028354
1931 1941 0.00022049
1933 1941 0.00022049
1940 1941 0.00022049
1935 1943 0.0028354
1936 1943 0.0028354
1942 1943 0.0028354
2095 2094 0.00055988
4668 2094 0.00055988
5224 2094 0.00055988
2094 2095 0.00078136
2372 2095 0.00078136
5222 2095 0.00078136
1515 2097 0.95007
2096 2097 0.95007
4667 2097 0.95007
5384 2097 0.95007
2336 2338 0.00092485
2339 2338 0.00092485
4709 2338 0.00092485
2338 2340 0.00027436
2341 2340 0.00027436
4198 2340 0.00027436
1654 2341 0.091893
2340 2341 0.091893
2343 2341 0.091893
1654 2342 0.03417
2340 2342 0.03417
2343 2342 0.03417
1116 2372 0.00078136
2373 2372 0.00078136
2094 2373 0.00055988
2372 2373 0.00055988
5222 2373 0.00055988
970 2848 0.36315
6534 2848 0.36315
3790 3789 0.99457
3794 3789 0.99457
7083 3789 0.99457
4199 3791 0.47941
5395 3791 0.47941
5396 3792 0.00014279
5397 3792 0.00014279
3791 3793 0.47932
3793 3794 0.47812
5993 3794 0.47812
7115 3794 0.47812
3790 3795 0.000231
3794 3795 0.000231
7083 3795 0.000231
4155 4154 0.00060203
7132 4154 0.00060203
4154 4156 0.00060079
5938 4156 0.00060079
772 4157 0.00040958
1884 4157 0.00040958
4156 4157 0.00040958
7116 4199 0.47927
2338 4200 0.092526
2341 4200 0.092526
4198 4200 0.092526
4224 4223 0.030195
4225 4223 0.030195
6894 4223 0.030195
4227 4228 0.033595
5937 4228 0.033595
7073 4228 0.033595
4228 4230 0.0034843
4229 4230 0.0034843
6893 4230 0.0034843
2095 4667 0.59045
4668 4667 0.59045
5224 4667 0.59045
1515 4668 0.00024036
2096 4668 0.00024036
4667 4668 0.00024036
5384 4668 0.00024036
971 4669 0.00059156
4670 4669 0.00059156
5226 4669 0.00059156
4669 4670 0.40623
5402 4670 0.40623
5405 4670 0.40623
1537 4709 0.00090926
4710 4709 0.00090926
5064 5063 0.00014437
5240 5063 0.00014437
4659 5064 0.0001428
5065 5064 0.0001428
3792 5065 0.00014276
5225 5224 0.59023
5403 5224 0.59023
2095 5225 0.00024207
4668 5225 0.00024207
5224 5225 0.00024207
1514 5226 0.0074365
2848 5226 0.0074365
1457 5230 1
1460 5230 1
5229 5230 1
1943 5380 0.0041513
1944 5380 0.0041513
5379 5380 0.0041513
5386 5380 0.0041513
1946 5382 0.0041513
5380 5382 0.0041513
5381 5382 0.0041513
5227 5384 0.0041513
5382 5384 0.0041513
5383 5384 0.0041513
5385 5386 0.0013793
5387 5386 0.0013793
5394 5386 0.0013793
5389 5390 0.00032607
5875 5390 0.00032607
5994 5390 0.00032607
1512 5392 0.0010897
5391 5392 0.0010897
5876 5392 0.0010897
5392 5394 0.0013793
5393 5394 0.0013793
5991 5394 0.0013793
5063 5395 0.00014363
5400 5401 0.99563
6746 5401 0.99563
5225 5402 0.064348
5403 5402 0.064348
5401 5403 0.65433
5404 5403 0.65433
4669 5404 0.005785
5402 5404 0.005785
5405 5404 0.005785
5401 5405 0.34708
5404 5405 0.34708
1941 5423 0.00022049
5418 5423 0.00022049
5422 5423 0.00022049
5423 5427 0.00022049
5424 5427 0.00022049
5426 5427 0.00022049
5427 5435 0.00022049
5430 5435 0.00022049
5434 5435 0.00022049
5389 5876 0.0010897
5875 5876 0.0010897
5994 5876 0.0010897
4227 5936 0.00059757
5937 5936 0.00059757
7073 5936 0.00059757
5390 5991 0.00032607
5877 5991 0.00032607
5992 5991 0.00032607
3793 5994 0.0014092
5993 5994 0.0014092
7115 5994 0.0014092
6532 6533 0.04995
6535 6533 0.04995
970 6535 0.04995
6534 6535 0.04995
1932 6746 0.99563
1934 6746 0.99563
6745 6746 0.99563
7198 6746 0.99563
6828 6827 0.99457
7200 6827 0.99457
4228 6894 0.030195
4229 6894 0.030195
6893 6894 0.030195
4223 6895 0.05842
6896 6895 0.05842
7081 6895 0.05842
6895 6896 0.0023393
7017 6896 0.0023393
7084 6896 0.0023393
7016 7017 0.46063
7019 7017 0.46063
7026 7017 0.46063
7016 7018 0.028325
7019 7018 0.028325
7026 7018 0.028325
4811 7019 0.0023441
7018 7019 0.0023441
7082 7019 0.0023441
7021 7020 0.20949
7023 7020 0.20949
7025 7020 0.20949
7036 7020 0.20949
7020 7021 0.17481
7032 7021 0.17481
7035 7021 0.17481
7021 7022 0.16179
7023 7022 0.16179
7025 7022 0.16179
7036 7022 0.16179
7022 7023 0.11498
7029 7023 0.11498
7031 7023 0.11498
7033 7023 0.11498
7021 7024 0.32238
7023 7024 0.32238
7025 7024 0.32238
7036 7024 0.32238
7024 7025 0.2449
7027 7025 0.2449
7077 7025 0.2449
7080 7025 0.2449
7024 7026 0.48659
7027 7026 0.48659
7077 7026 0.48659
7080 7026 0.48659
7022 7030 0.010646
7029 7030 0.010646
7031 7030 0.010646
7033 7030 0.010646
1230 7031 0.25446
7030 7031 0.25446
7078 7031 0.25446
7022 7032 0.31302
7029 7032 0.31302
7031 7032 0.31302
7033 7032 0.31302
7020 7033 0.02239
7032 7033 0.02239
7035 7033 0.02239
7020 7034 0.35755
7032 7034 0.35755
7035 7034 0.35755
7034 7035 0.032244
7037 7035 0.032244
7039 7035 0.032244
7034 7036 0.26709
7037 7036 0.26709
7039 7036 0.26709
7021 7037 0.10812
7023 7037 0.10812
7025 7037 0.10812
7036 7037 0.10812
7034 7038 0.24727
7037 7038 0.24727
7039 7038 0.24727
7038 7039 0.080939
7041 7039 0.080939
7043 7039 0.080939
7038 7040 0.24693
7041 7040 0.24693
7043 7040 0.24693
1227 7041 0.081375
7040 7041 0.081375
7075 7041 0.081375
7079 7041 0.081375
7038 7042 0.00079638
7041 7042 0.00079638
7043 7042 0.00079638
7042 7044 0.00079638
7045 7044 0.00079638
7044 7046 0.00079638
7047 7046 0.00079638
7046 7048 0.00079638
7049 7048 0.00079638
7048 7050 0.00079638
7051 7050 0.00079638
7050 7052 1.0008
7053 7052 1.0008
7052 7054 1.0008
7055 7054 1.0008
2342 7073 0.03417
7057 7073 0.03417
7074 7073 0.03417
1653 7075 0.88166
7054 7075 0.88166
7076 7075 0.88166
1227 7076 0.0066449
7040 7076 0.0066449
7075 7076 0.0066449
7079 7076 0.0066449
1230 7077 0.010646
7030 7077 0.010646
7078 7077 0.010646
7024 7078 0.25446
7027 7078 0.25446
7077 7078 0.25446
7080 7078 0.25446
7024 7079 0.05465
7027 7079 0.05465
7077 7079 0.05465
7080 7079 0.05465
1227 7080 0.70756
7040 7080 0.70756
7075 7080 0.70756
7079 7080 0.70756
4811 7081 0.028325
7018 7081 0.028325
7082 7081 0.028325
4223 7082 0.0023441
6896 7082 0.0023441
7081 7082 0.0023441
6895 7083 0.51694
7017 7083 0.51694
7084 7083 0.51694
3790 7084 0.00026151
3794 7084 0.00026151
7083 7084 0.00026151
3795 7115 0.000231
7117 7116 0.47927
1226 7117 0.47927
1536 7117 0.47927
4200 7117 0.47927
5936 7132 0.00059757
7133 7132 0.00059757
7134 7135 0.0040535
7137 7135 0.0040535
1228 7137 0.0040535
1925 7137 0.0040535
7136 7137 0.0040535
6827 7198 0.99457
7199 7198 0.99457
3789 7200 0.99457
7201 7200 0.99457
