592 593 0.017513
1143 593 0.017513
2110 593 0.017513
769 770 0.0018789
4157 770 0.0018789
772 771 0.0020521
1884 771 0.0020521
4156 771 0.0020521
770 772 0.0002983
771 772 0.0002983
1920 772 0.0002983
971 970 0.78765
4670 970 0.78765
5226 970 0.78765
973 972 0.78061
6533 972 0.78061
1469 1116 0.83393
4997 1116 0.83393
1119 1120 0.1646
6529 1120 0.1646
6530 1120 0.1646
1144 1143 0.017513
5074 1143 0.017513
5231 1143 0.017513
1146 1145 0.017427
2099 1145 0.017427
2100 1145 0.017427
1456 1455 0.037367
2097 1455 0.037367
2098 1455 0.037367
1455 1457 0.037367
1458 1457 0.037367
2092 1457 0.037367
1457 1459 0.037367
1460 1459 0.037367
5229 1459 0.037367
1459 1461 0.037364
1462 1461 0.037364
2371 1461 0.037364
1470 1469 0.99853
6536 1469 0.99853
1471 1470 0.0022594
5435 1470 0.0022594
1116 1471 0.0023098
2373 1471 0.0023098
1515 1514 0.36942
2096 1514 0.36942
4667 1514 0.36942
5384 1514 0.36942
1514 1515 0.001019
2848 1515 0.001019
1695 1697 0.00020472
1698 1697 0.00020472
2102 1697 0.00020472
5070 1697 0.00020472
1874 1875 0.15237
4088 1875 0.15237
4091 1875 0.15237
6001 1875 0.15237
1888 1896 0.0019291
1897 1896 0.0019291
1898 1896 0.0019291
1875 1897 0.016685
1896 1897 0.016685
3924 1897 0.016685
5233 1897 0.016685
1899 1898 0.0019291
1906 1898 0.0019291
2855 1898 0.0019291
1888 1899 0.016685
1897 1899 0.016685
1898 1899 0.016685
1901 1900 0.0048678
1902 1900 0.0048678
2846 1900 0.0048678
1900 1901 0.0075362
3629 1901 0.0075362
3632 1901 0.0075362
1899 1907 0.00018726
1906 1907 0.00018726
2855 1907 0.00018726
1904 1909 0.00018726
1907 1909 0.00018726
1908 1909 0.00018726
1909 1911 0.00018726
1910 1911 0.00018726
1916 1911 0.00018726
1911 1913 0.00018726
1912 1913 0.00018726
3922 1913 0.00018726
1913 1915 0.00018726
1914 1915 0.00018726
3920 1915 0.00018726
770 1921 0.0036124
771 1921 0.0036124
1920 1921 0.0036124
1918 1923 0.0036124
1921 1923 0.0036124
1922 1923 0.0036124
1923 1925 0.0035885
1924 1925 0.0035885
4230 1925 0.0035885
4231 1925 0.0035885
1926 1927 0.0035885
7135 1927 0.0035885
1927 1931 0.0035885
1930 1931 0.0035885
7206 1931 0.0035885
1931 1932 0.0036389
1933 1932 0.0036389
1940 1932 0.0036389
2094 2095 0.83162
2372 2095 0.83162
5222 2095 0.83162
1515 2097 0.05481
2096 2097 0.05481
4667 2097 0.05481
5384 2097 0.05481
1456 2099 0.017443
2097 2099 0.017443
2098 2099 0.017443
1145 2104 0.017287
2105 2104 0.017287
5071 2104 0.017287
2317 2316 0.0036732
3625 2316 0.0036732
3628 2316 0.0036732
1876 2318 0.0036732
2319 2318 0.0036732
7270 2318 0.0036732
1878 2320 0.0036732
2321 2320 0.0036732
7208 2320 0.0036732
1880 2322 0.0036732
2320 2322 0.0036732
2323 2322 0.0036732
1116 2372 0.83162
2373 2372 0.83162
2847 2846 0.0048678
2856 2846 0.0048678
3633 2846 0.0048678
1901 2847 0.0075362
1902 2847 0.0075362
2846 2847 0.0075362
970 2848 0.0070536
6534 2848 0.0070536
2847 2855 0.0019428
2856 2855 0.0019428
3633 2855 0.0019428
1899 2856 0.016512
1906 2856 0.016512
2855 2856 0.016512
1697 3186 0.00020472
2106 3186 0.00020472
3187 3186 0.00020472
3619 3621 0.023784
3622 3621 0.023784
4035 3621 0.023784
4078 3621 0.023784
3621 3622 0.00075054
3624 3622 0.00075054
5872 3622 0.00075054
3621 3623 0.39182
3624 3623 0.39182
5872 3623 0.39182
3623 3624 0.00039134
7129 3624 0.00039134
3626 3625 0.84759
4050 3625 0.84759
4051 3625 0.84759
7128 3625 0.84759
2317 3627 0.84392
3625 3627 0.84392
3628 3627 0.84392
3630 3629 0.0096782
6540 3629 0.0096782
6543 3629 0.0096782
1900 3630 0.024247
3629 3630 0.024247
3632 3630 0.024247
1900 3631 0.0035533
3629 3631 0.0035533
3632 3631 0.0035533
3631 3632 0.020791
3634 3632 0.020791
5235 3632 0.020791
3631 3633 0.0035533
3634 3633 0.0035533
5235 3633 0.0035533
2847 3634 0.020791
2856 3634 0.020791
3633 3634 0.020791
593 3779 0.017513
3780 3779 0.017513
6546 3779 0.017513
3790 3789 0.00014491
3794 3789 0.00014491
7083 3789 0.00014491
4022 4021 0.4085
4025 4021 0.4085
5873 4021 0.4085
5996 4021 0.4085
4021 4022 0.011987
4046 4022 0.011987
4047 4022 0.011987
4026 4025 0.00049267
4411 4025 0.00049267
5866 4025 0.00049267
4022 4026 0.012339
4025 4026 0.012339
5873 4026 0.012339
5996 4026 0.012339
4028 4027 0.00068849
4029 4027 0.00068849
5999 4027 0.00068849
4027 4028 0.00033575
4408 4028 0.00033575
4412 4028 0.00033575
4030 4029 0.00068849
4092 4029 0.00068849
4566 4029 0.00068849
5995 4029 0.00068849
4028 4030 0.00033575
4029 4030 0.00033575
5999 4030 0.00033575
4036 4035 0.023811
5865 4035 0.023811
5868 4035 0.023811
3619 4036 0.0007068
3622 4036 0.0007068
4035 4036 0.0007068
4078 4036 0.0007068
4021 4045 0.13023
4046 4045 0.13023
4047 4045 0.13023
4045 4046 0.018204
4090 4046 0.018204
4093 4046 0.018204
4048 4047 0.032473
4049 4047 0.032473
5869 4047 0.032473
5998 4047 0.032473
4021 4048 0.31696
4046 4048 0.31696
4047 4048 0.31696
3626 4049 0.016112
4050 4049 0.016112
4051 4049 0.016112
7128 4049 0.016112
4048 4050 0.47226
4049 4050 0.47226
5869 4050 0.47226
5998 4050 0.47226
4089 4088 0.062141
5997 4088 0.062141
1874 4089 0.0039535
4088 4089 0.0039535
4091 4089 0.0039535
6001 4089 0.0039535
1874 4090 0.019389
4088 4090 0.019389
4091 4090 0.019389
6001 4090 0.019389
4045 4091 0.11355
4090 4091 0.11355
4093 4091 0.11355
4045 4092 0.019232
4090 4092 0.019232
4093 4092 0.019232
4030 4093 0.0013693
4092 4093 0.0013693
4566 4093 0.0013693
5995 4093 0.0013693
4154 4156 0.0036858
5938 4156 0.0036858
772 4157 0.001932
1884 4157 0.001932
4156 4157 0.001932
4027 4411 0.00068913
4408 4411 0.00068913
4412 4411 0.00068913
4026 4412 0.0003364
4411 4412 0.0003364
5866 4412 0.0003364
2095 4667 0.4236
4668 4667 0.4236
5224 4667 0.4236
1515 4668 0.00038716
2096 4668 0.00038716
4667 4668 0.00038716
5384 4668 0.00038716
971 4669 0.0031306
4670 4669 0.0031306
5226 4669 0.0031306
4669 4670 0.41532
5402 4670 0.41532
5405 4670 0.41532
3779 4913 1
4914 4913 1
6545 4913 1
4913 4915 1
4916 4915 1
512 4990 0.00018726
4989 4990 0.00018726
5216 4990 0.00018726
1469 4998 0.1646
4997 4998 0.1646
4307 5000 0.15629
4999 5000 0.15629
5221 5000 0.15629
4998 5002 0.00831
5001 5002 0.00831
5220 5002 0.00831
1145 5070 0.00020472
2105 5070 0.00020472
5071 5070 0.00020472
2104 5073 0.017427
3186 5073 0.017427
5072 5073 0.017427
3929 5074 0.017443
5073 5074 0.017443
5075 5074 0.017443
5217 5216 0.00018726
5439 5216 0.00018726
4998 5221 0.15629
5001 5221 0.15629
5220 5221 0.15629
5225 5224 0.00047952
5403 5224 0.00047952
2095 5225 0.40889
4668 5225 0.40889
5224 5225 0.40889
1514 5226 0.37546
2848 5226 0.37546
2368 5233 0.0014465
3627 5233 0.0014465
5234 5233 0.0014465
6541 5233 0.0014465
1875 5234 0.13904
1896 5234 0.13904
3924 5234 0.13904
5233 5234 0.13904
5400 5401 0.0037823
6746 5401 0.0037823
5225 5402 0.41564
5403 5402 0.41564
5401 5403 0.0072321
5404 5403 0.0072321
4669 5404 0.0066504
5402 5404 0.0066504
5405 5404 0.0066504
5401 5405 0.0032005
5404 5405 0.0032005
4990 5436 0.00018726
4995 5436 0.00018726
5437 5436 0.00018726
5438 5439 0.00018726
5440 5439 0.00018726
5445 5439 0.00018726
1915 5443 0.00018726
3918 5443 0.00018726
5442 5443 0.00018726
3916 5445 0.00018726
5443 5445 0.00018726
5444 5445 0.00018726
4026 5865 0.012471
4411 5865 0.012471
5866 5865 0.012471
4036 5866 0.00027232
5865 5866 0.00027232
5868 5866 0.00027232
4036 5867 0.00688
5865 5867 0.00688
5868 5867 0.00688
5867 5868 0.017785
5870 5868 0.017785
5871 5868 0.017785
5874 5868 0.017785
5867 5869 0.24529
5870 5869 0.24529
5871 5869 0.24529
5874 5869 0.24529
4048 5870 0.015449
4049 5870 0.015449
5869 5870 0.015449
5998 5870 0.015449
3621 5871 0.0030559
3624 5871 0.0030559
5872 5871 0.0030559
5867 5872 0.37146
5870 5872 0.37146
5871 5872 0.37146
5874 5872 0.37146
5867 5873 0.0014305
5870 5873 0.0014305
5871 5873 0.0014305
5874 5873 0.0014305
4022 5874 0.61058
4025 5874 0.61058
5873 5874 0.61058
5996 5874 0.61058
1882 5938 0.0036732
2322 5938 0.0036732
5939 5938 0.0036732
4022 5995 0.0011187
4025 5995 0.0011187
5873 5995 0.0011187
5996 5995 0.0011187
4030 5996 1.0186
4092 5996 1.0186
4566 5996 1.0186
5995 5996 1.0186
4048 5997 0.062141
4049 5997 0.062141
5869 5997 0.062141
5998 5997 0.062141
4089 5998 0.0039535
5997 5998 0.0039535
5198 6485 0.0083092
6484 6485 0.0083092
6497 6485 0.0083092
6496 6497 0.0082507
6749 6497 0.0082507
5002 6501 0.0083106
5210 6501 0.0083106
6500 6501 0.0083106
6485 6526 0.0083096
6486 6526 0.0083096
6527 6526 0.0083096
5000 6529 0.1646
6526 6529 0.1646
6528 6529 0.1646
6532 6533 0.78061
6535 6533 0.78061
970 6535 0.78061
6534 6535 0.78061
4315 6536 0.99627
5436 6536 0.99627
6537 6536 0.99627
6538 6536 0.99627
5414 6538 0.99608
6539 6538 0.99608
6542 6538 0.99608
2368 6540 0.98151
3627 6540 0.98151
5234 6540 0.98151
6541 6540 0.98151
3630 6542 0.99608
6540 6542 0.99608
6543 6542 0.99608
6544 6545 0.98249
7191 6545 0.98249
1932 6746 0.0037823
1934 6746 0.0037823
6745 6746 0.0037823
7198 6746 0.0037823
5205 6749 0.0082507
6501 6749 0.0082507
6748 6749 0.0082507
6828 6827 0.00014491
7200 6827 0.00014491
3623 7128 0.39182
7129 7128 0.39182
3626 7129 0.00039134
4050 7129 0.00039134
4051 7129 0.00039134
7128 7129 0.00039134
7134 7135 0.0035885
7137 7135 0.0035885
1228 7137 0.0035885
1925 7137 0.0035885
7136 7137 0.0035885
7190 7191 0.98249
7193 7191 0.98249
972 7193 0.98249
1120 7193 0.98249
1461 7193 0.98249
7192 7193 0.98249
6827 7198 0.00014491
7199 7198 0.00014491
3789 7200 0.00014491
7201 7200 0.00014491
2318 7208 0.0036732
7209 7208 0.0036732
1886 7270 0.0036732
2316 7270 0.0036732
7271 7270 0.0036732
