592 593 0.0007328
1143 593 0.0007328
2110 593 0.0007328
971 970 1.0069
4670 970 1.0069
5226 970 1.0069
973 972 0.99786
6533 972 0.99786
1144 1143 0.0007328
5074 1143 0.0007328
5231 1143 0.0007328
1146 1145 0.00067792
2099 1145 0.00067792
2100 1145 0.00067792
1456 1455 0.0014535
2097 1455 0.0014535
2098 1455 0.0014535
1455 1457 0.0014535
1458 1457 0.0014535
2092 1457 0.0014535
1457 1459 0.0014535
1460 1459 0.0014535
5229 1459 0.0014535
1459 1461 0.0014533
1462 1461 0.0014533
2371 1461 0.0014533
1515 1514 0.0091793
2096 1514 0.0091793
4667 1514 0.0091793
5384 1514 0.0091793
1514 1515 0.0012989
2848 1515 0.0012989
1935 1934 0.00012211
1936 1934 0.00012211
1942 1934 0.00012211
1932 1935 0.00014842
1934 1935 0.00014842
6745 1935 0.00014842
7198 1935 0.00014842
1943 1942 0.00012211
1944 1942 0.00012211
5379 1942 0.00012211
5386 1942 0.00012211
1935 1943 0.00014842
1936 1943 0.00014842
1942 1943 0.00014842
1515 2097 0.0021319
2096 2097 0.0021319
4667 2097 0.0021319
5384 2097 0.0021319
1456 2099 0.00067852
2097 2099 0.00067852
2098 2099 0.00067852
1145 2104 0.00067244
2105 2104 0.00067244
5071 2104 0.00067244
970 2848 0.0089911
6534 2848 0.0089911
593 3779 0.0007328
3780 3779 0.0007328
6546 3779 0.0007328
3790 3789 0.99973
3794 3789 0.99973
7083 3789 0.99973
4199 3791 0.00010455
5395 3791 0.00010455
3791 3793 1.0001
3793 3794 0.99979
5993 3794 0.99979
7115 3794 0.99979
2095 4667 0.010277
4668 4667 0.010277
5224 4667 0.010277
1515 4668 0.00054594
2096 4668 0.00054594
4667 4668 0.00054594
5384 4668 0.00054594
971 4669 0.00014066
4670 4669 0.00014066
5226 4669 0.00014066
4669 4670 0.99012
5402 4670 0.99012
5405 4670 0.99012
3779 4913 1
4914 4913 1
6545 4913 1
4913 4915 1
4916 4915 1
2104 5073 0.00067791
3186 5073 0.00067791
5072 5073 0.00067791
3929 5074 0.00067852
5073 5074 0.00067852
5075 5074 0.00067852
5225 5224 0.010287
5403 5224 0.010287
2095 5225 0.00055816
4668 5225 0.00055816
5224 5225 0.00055816
1514 5226 0.016872
2848 5226 0.016872
1943 5380 0.0002814
1944 5380 0.0002814
5379 5380 0.0002814
5386 5380 0.0002814
1946 5382 0.0002814
5380 5382 0.0002814
5381 5382 0.0002814
5227 5384 0.0002814
5382 5384 0.0002814
5383 5384 0.0002814
5385 5386 0.00025508
5387 5386 0.00025508
5394 5386 0.00025508
1512 5392 0.00024757
5391 5392 0.00024757
5876 5392 0.00024757
5392 5394 0.00025508
5393 5394 0.00025508
5991 5394 0.00025508
5400 5401 0.99971
6746 5401 0.99971
5225 5402 0.14542
5403 5402 0.14542
5401 5403 0.15515
5404 5403 0.15515
4669 5404 0.0013721
5402 5404 0.0013721
5405 5404 0.0013721
5401 5405 0.84593
5404 5405 0.84593
5389 5876 0.00024757
5875 5876 0.00024757
5994 5876 0.00024757
3793 5994 0.00031254
5993 5994 0.00031254
7115 5994 0.00031254
6532 6533 0.99786
6535 6533 0.99786
970 6535 0.99786
6534 6535 0.99786
6544 6545 0.99927
7191 6545 0.99927
1932 6746 0.99971
1934 6746 0.99971
6745 6746 0.99971
7198 6746 0.99971
6828 6827 0.99973
7200 6827 0.99973
6895 6896 0.00048038
7017 6896 0.00048038
7084 6896 0.00048038
7016 7017 0.00046659
7019 7017 0.00046659
7026 7017 0.00046659
4811 7019 0.00046479
7018 7019 0.00046479
7082 7019 0.00046479
4223 7082 0.00046479
6896 7082 0.00046479
7081 7082 0.00046479
6895 7083 0.00052696
7017 7083 0.00052696
7084 7083 0.00052696
3790 7084 0.00054665
3794 7084 0.00054665
7083 7084 0.00054665
7190 7191 0.99927
7193 7191 0.99927
972 7193 0.99927
1120 7193 0.99927
1461 7193 0.99927
7192 7193 0.99927
6827 7198 0.99973
7199 7198 0.99973
3789 7200 0.99973
7201 7200 0.99973
