597 596 0.00014061
1141 596 0.00014061
5112 596 0.00014061
5128 596 0.00014061
596 597 0.33691
6222 597 0.33691
6224 597 0.33691
5103 1125 0.00012804
5143 1125 0.00012804
1132 1131 0.0010565
1374 1131 0.0010565
4377 1131 0.0010565
5082 1131 0.0010565
1131 1132 0.53663
5322 1132 0.53663
6718 1132 0.53663
1134 1133 0.028671
1136 1133 0.028671
1133 1134 0.00043698
5314 1134 0.00043698
5317 1134 0.00043698
1134 1135 0.00043698
1136 1135 0.00043698
1135 1136 0.028671
5078 1136 0.028671
5081 1136 0.028671
1137 1138 0.41652
1451 1138 0.41652
3084 1138 0.41652
5323 1138 0.41652
1138 1139 0.37858
1140 1139 0.37858
6800 1139 0.37858
1139 1140 0.00016941
5077 1140 0.00016941
5126 1140 0.00016941
6223 1140 0.00016941
1142 1141 0.0517
5079 1141 0.0517
6798 1141 0.0517
597 1142 0.00023089
1141 1142 0.00023089
5112 1142 0.00023089
5128 1142 0.00023089
1211 1212 0.014711
1214 1212 0.014711
4918 1212 0.014711
1220 1219 0.014721
5339 1219 0.014721
6758 1219 0.014721
2277 1225 0.00027624
5109 1225 0.00027624
1322 1321 0.38811
1323 1321 0.38811
5130 1321 0.38811
551 1323 0.38811
1324 1323 0.38811
1413 1323 0.38811
1332 1331 0.00012416
1405 1331 0.00012416
5061 1331 0.00012416
5124 1331 0.00012416
1132 1373 0.15001
1374 1373 0.15001
4377 1373 0.15001
5082 1373 0.15001
1373 1374 0.061855
5179 1374 0.061855
5181 1374 0.061855
1375 1376 0.4475
5083 1376 0.4475
5315 1376 0.4475
1406 1405 0.00012416
1812 1405 0.00012416
1864 1405 0.00012416
1331 1413 0.38811
1414 1413 0.38811
5110 1413 0.38811
5111 1413 0.38811
1448 1447 0.00012542
1862 1447 0.00012542
5107 1447 0.00012542
1447 1449 0.00012542
1450 1449 0.00012542
1866 1449 0.00012542
1212 1451 1
1452 1451 1
1454 1451 1
1453 1454 0.98535
6759 1454 0.98535
1855 1854 0.00010623
1859 1854 0.00010623
5610 1854 0.00010623
1857 1856 0.00016577
1858 1856 0.00016577
5612 1856 0.00016577
1856 1857 0.00011037
1861 1857 0.00011037
4575 1857 0.00011037
1857 1859 0.00010623
1858 1859 0.00010623
5612 1859 0.00010623
1856 1860 0.00038097
1861 1860 0.00038097
4575 1860 0.00038097
1860 1861 0.00063064
5149 1861 0.00063064
5164 1861 0.00063064
1863 1862 0.00011986
2218 1862 0.00011986
5156 1862 0.00011986
1805 2277 0.00010253
2278 2277 0.00010253
4682 2277 0.00010253
1137 3083 0.58355
1451 3083 0.58355
3084 3083 0.58355
5323 3083 0.58355
3747 3750 1
3749 3750 1
1854 4575 0.00024975
4576 4575 0.00024975
5153 4575 0.00024975
1856 4576 0.00055482
1861 4576 0.00055482
4575 4576 0.00055482
2 4680 0.00016494
1225 4680 0.00016494
4679 4680 0.00016494
4855 4853 0.00698
5587 4853 0.00698
4855 4854 0.0012206
5587 4854 0.0012206
4854 4855 0.0049466
5127 4855 0.0049466
4853 4858 0.0070177
4857 4858 0.0070177
4860 4858 0.0070177
1219 4918 0.014698
4917 4918 0.014698
5337 4918 0.014698
1139 5076 0.043413
5077 5076 0.043413
5126 5076 0.043413
6223 5076 0.043413
5076 5077 0.0017761
6799 5077 0.0017761
1142 5078 0.0057852
5079 5078 0.0057852
6798 5078 0.0057852
1135 5079 0.015617
5078 5079 0.015617
5081 5079 0.015617
5080 5081 0.038145
6801 5081 0.038145
1132 5083 0.4475
1374 5083 0.4475
4377 5083 0.4475
5082 5083 0.4475
5100 5098 0.00011123
5136 5098 0.00011123
1124 5100 0.00010524
5099 5100 0.00010524
5102 5100 0.00010524
1808 5102 0.00013696
4680 5102 0.00013696
5101 5102 0.00013696
5108 5107 0.0001529
5152 5107 0.0001529
5165 5107 0.0001529
5166 5107 0.0001529
1448 5108 0.00014598
1862 5108 0.00014598
5107 5108 0.00014598
1331 5109 0.00029146
1414 5109 0.00029146
5110 5109 0.00029146
5111 5109 0.00029146
2277 5110 0.00010171
5109 5110 0.00010171
597 5111 0.38824
1141 5111 0.38824
5112 5111 0.38824
5128 5111 0.38824
4854 5126 0.0012206
5127 5126 0.0012206
1139 5127 0.0049466
5077 5127 0.0049466
5126 5127 0.0049466
6223 5127 0.0049466
1125 5140 0.00015813
5141 5140 0.00015813
5140 5145 0.00015744
5144 5145 0.00015744
1860 5148 0.00018301
5149 5148 0.00018301
5164 5148 0.00018301
5145 5149 0.00017962
5148 5149 0.00017962
5175 5149 0.00017962
1854 5152 0.00062041
4576 5152 0.00062041
5153 5152 0.00062041
5108 5153 0.00022131
5152 5153 0.00022131
5165 5153 0.00022131
5166 5153 0.00022131
5108 5164 0.00080696
5152 5164 0.00080696
5165 5164 0.00080696
5166 5164 0.00080696
1860 5165 0.00055389
5149 5165 0.00055389
5164 5165 0.00055389
5154 5166 0.0011637
5167 5166 0.0011637
5168 5166 0.0011637
5108 5167 0.0013028
5152 5167 0.0013028
5165 5167 0.0013028
5166 5167 0.0013028
5160 5168 0.99986
5169 5168 0.99986
5170 5168 0.99986
5162 5170 0.99986
5171 5170 0.99986
5311 5170 0.99986
5145 5174 0.00017518
5148 5174 0.00017518
5175 5174 0.00017518
5132 5176 0.0039067
5177 5176 0.0039067
5600 5176 0.0039067
5176 5177 0.10106
5306 5177 0.10106
5307 5177 0.10106
1373 5178 0.074965
5179 5178 0.074965
5181 5178 0.074965
5178 5179 0.080983
5320 5179 0.080983
5321 5179 0.080983
1373 5180 0.12869
5179 5180 0.12869
5181 5180 0.12869
5180 5181 0.034511
5318 5181 0.034511
5319 5181 0.034511
5176 5305 0.91141
5306 5305 0.91141
5307 5305 0.91141
5305 5306 0.0087009
5312 5306 0.0087009
5601 5306 0.0087009
1321 5307 0.99986
5308 5307 0.99986
5309 5307 0.99986
1376 5309 0.61176
5310 5309 0.61176
5313 5309 0.61176
5305 5311 0.99986
5312 5311 0.99986
5601 5311 0.99986
1133 5313 0.17459
5314 5313 0.17459
5317 5313 0.17459
1376 5314 0.010248
5310 5314 0.010248
5313 5314 0.010248
5180 5317 0.147
5318 5317 0.147
5319 5317 0.147
1133 5318 0.010892
5314 5318 0.010892
5317 5318 0.010892
5178 5319 0.13046
5320 5319 0.13046
5321 5319 0.13046
5180 5320 0.088528
5318 5320 0.088528
5319 5320 0.088528
1131 5321 0.14358
5322 5321 0.14358
6718 5321 0.14358
5178 5322 0.095629
5320 5322 0.095629
5321 5322 0.095629
3752 5339 1
5340 5339 1
5341 5339 1
3750 5341 1
5342 5341 1
4858 5587 0.003254
6221 5587 0.003254
5305 5600 0.0039067
5312 5600 0.0039067
5601 5600 0.0039067
5132 5601 0.10106
5177 5601 0.10106
5600 5601 0.10106
5150 5612 0.00017518
5174 5612 0.00017518
5613 5612 0.00017518
596 6221 0.00319
6222 6221 0.00319
6224 6221 0.00319
4858 6222 0.006916
6221 6222 0.006916
596 6223 0.00010481
6222 6223 0.00010481
6224 6223 0.00010481
1139 6224 0.33315
5077 6224 0.33315
5126 6224 0.33315
6223 6224 0.33315
3083 6718 0.58355
6719 6718 0.58355
1220 6759 0.98535
5339 6759 0.98535
6758 6759 0.98535
5076 6798 0.043413
6799 6798 0.043413
1142 6799 0.0017761
5079 6799 0.0017761
6798 6799 0.0017761
1138 6801 0.038145
1140 6801 0.038145
6800 6801 0.038145
