548 547 0.017859
6226 547 0.017859
6227 547 0.017859
6230 547 0.017859
547 548 0.0017426
2073 548 0.0017426
7094 548 0.0017426
995 994 0.0012533
6359 994 0.0012533
6360 994 0.0012533
994 995 0.00014284
997 995 0.00014284
2076 995 0.00014284
2077 995 0.00014284
994 996 0.0012422
997 996 0.0012422
2076 996 0.0012422
2077 996 0.0012422
996 997 0.00017714
3119 997 0.00017714
4790 997 0.00017714
6237 997 0.00017714
1656 1655 0.00089312
5746 1655 0.00089312
5748 1655 0.00089312
1655 1656 0.00016425
5745 1656 0.00016425
5901 1656 0.00016425
5904 1656 0.00016425
2072 2071 0.0015732
2074 2071 0.0015732
2075 2071 0.0015732
3906 2071 0.0015732
2071 2072 0.0004213
6238 2072 0.0004213
6239 2072 0.0004213
2072 2073 0.0047511
2074 2073 0.0047511
2075 2073 0.0047511
3906 2073 0.0047511
547 2074 0.0028338
2073 2074 0.0028338
7094 2074 0.0028338
994 2075 0.00092242
997 2075 0.00092242
2076 2075 0.00092242
2077 2075 0.00092242
2072 2076 0.00162
2074 2076 0.00162
2075 2076 0.00162
3906 2076 0.00162
2078 2077 0.00017964
2358 2077 0.00017964
2361 2077 0.00017964
6371 2077 0.00017964
994 2078 0.00092261
997 2078 0.00092261
2076 2078 0.00092261
2077 2078 0.00092261
2344 2346 0.00013953
2347 2346 0.00013953
5906 2346 0.00013953
2349 2348 0.627
5903 2348 0.627
5986 2348 0.627
7105 2348 0.627
2348 2349 0.0012954
5239 2349 0.0012954
5739 2349 0.0012954
2351 2350 0.0048771
4656 2350 0.0048771
7014 2350 0.0048771
7087 2350 0.0048771
2356 2358 0.00042001
2359 2358 0.00042001
6362 2358 0.00042001
7160 2358 0.00042001
2078 2360 0.0011238
2358 2360 0.0011238
2361 2360 0.0011238
6371 2360 0.0011238
2360 2362 0.001644
2363 2362 0.001644
3120 2362 0.001644
2362 2364 0.0016896
2365 2364 0.0016896
6395 2364 0.0016896
2364 2366 0.0032579
2367 2366 0.0032579
6366 2366 0.0032579
6367 2366 0.0032579
2360 3119 0.00021206
2363 3119 0.00021206
3120 3119 0.00021206
996 3120 0.00074363
3119 3120 0.00074363
4790 3120 0.00074363
6237 3120 0.00074363
3317 3316 0.0065846
5238 3316 0.0065846
7089 3316 0.0065846
3316 3317 0.00033703
7005 3317 0.00033703
7008 3317 0.00033703
7088 3317 0.00033703
3319 3318 0.36113
5985 3318 0.36113
7093 3318 0.36113
7095 3318 0.36113
3318 3319 0.0067747
6983 3319 0.0067747
7092 3319 0.0067747
3321 3320 1.0053
3322 3320 1.0053
7097 3320 1.0053
3320 3321 0.0073663
6977 3321 0.0073663
7096 3321 0.0073663
3323 3322 0.00069771
3324 3322 0.00069771
7103 3322 0.00069771
3321 3323 0.001577
3322 3323 0.001577
7097 3323 0.001577
3325 3324 0.00012059
3326 3324 0.00012059
7099 3324 0.00012059
3323 3325 0.00094914
3324 3325 0.00094914
7103 3325 0.00094914
3331 3332 0.00016411
5827 3332 0.00016411
5829 3332 0.00016411
3332 3333 0.00016411
3334 3333 0.00016411
3333 3335 0.00023794
3336 3335 0.00023794
6225 3335 0.00023794
3335 3336 0.00094239
5823 3336 0.00094239
5831 3336 0.00094239
6967 3336 0.00094239
4199 3791 0.00078038
5395 3791 0.00078038
5396 3792 0.00078039
5397 3792 0.00078039
3791 3793 0.00026413
3907 3906 0.0043255
4019 3906 0.0043255
6228 3906 0.0043255
6358 3906 0.0043255
2072 3907 0.00055868
2074 3907 0.00055868
2075 3907 0.00055868
3906 3907 0.00055868
4204 4205 0.00079827
4206 4205 0.00079827
4207 4205 0.00079827
4211 4205 0.00079827
4205 4206 0.00051344
5741 4206 0.00051344
5742 4206 0.00051344
4201 4207 0.00049555
4208 4207 0.00049555
4209 4207 0.00049555
5909 4207 0.00049555
4204 4208 0.00021363
4206 4208 0.00021363
4207 4208 0.00021363
4211 4208 0.00021363
4212 4211 0.00038387
4214 4211 0.00038387
4204 4212 0.00038096
4206 4212 0.00038096
4207 4212 0.00038096
4211 4212 0.00038096
4212 4213 0.00038096
4214 4213 0.00038096
4213 4214 0.00038387
5743 4214 0.00038387
5744 4214 0.00038387
6737 4659 0.0096377
996 4789 0.00085001
3119 4789 0.00085001
4790 4789 0.00085001
6237 4789 0.00085001
5064 5063 0.00078037
5240 5063 0.00078037
4659 5064 0.010418
5065 5064 0.010418
3792 5065 0.0007802
2348 5238 0.0006518
5239 5238 0.0006518
5739 5238 0.0006518
3317 5239 0.34876
5238 5239 0.34876
7089 5239 0.34876
5241 5240 0.99036
5738 5240 0.99036
7218 5240 0.99036
5063 5395 0.0007768
3791 5396 0.00051626
3793 5397 0.00026414
5993 5397 0.00026414
7115 5397 0.00026414
2350 5669 0.0096047
5671 5669 0.0096047
5836 5669 0.0096047
5670 5671 0.0048351
6385 5671 0.0048351
7085 5671 0.0048351
2348 5738 0.97381
5239 5738 0.97381
5739 5738 0.97381
4205 5740 0.016914
5741 5740 0.016914
5742 5740 0.016914
5740 5741 0.00035599
7219 5741 0.00035599
4213 5742 0.016622
5743 5742 0.016622
5744 5742 0.016622
4205 5743 0.00034872
5741 5743 0.00034872
5742 5743 0.00034872
1655 5744 0.016719
5745 5744 0.016719
5901 5744 0.016719
5904 5744 0.016719
4213 5745 0.00044319
5743 5745 0.00044319
5744 5745 0.00044319
1658 5746 0.00089312
5747 5746 0.00089312
5907 5746 0.00089312
5984 5746 0.00089312
1656 5747 0.00016425
5746 5747 0.00016425
5748 5747 0.00016425
3335 5822 0.00052887
5823 5822 0.00052887
5831 5822 0.00052887
6967 5822 0.00052887
5822 5823 0.00095999
6963 5823 0.00095999
7102 5823 0.00095999
7104 5823 0.00095999
5824 5825 0.00068988
6964 5825 0.00068988
7100 5825 0.00068988
5825 5827 0.00016411
5826 5827 0.00016411
5830 5827 0.00016411
3335 5830 0.00013597
5823 5830 0.00013597
5831 5830 0.00013597
6967 5830 0.00013597
5825 5831 0.0006261
5826 5831 0.0006261
5830 5831 0.0006261
5897 5898 0.00012952
5900 5898 0.00012952
5983 5898 0.00012952
5897 5899 0.00017977
5900 5899 0.00017977
5983 5899 0.00017977
5899 5900 0.0010652
5902 5900 0.0010652
5910 5900 0.0010652
5899 5901 0.00037603
5902 5901 0.00037603
5910 5901 0.00037603
1655 5902 0.0015527
5745 5902 0.0015527
5901 5902 0.0015527
5904 5902 0.0015527
1655 5903 0.0013598
5745 5903 0.0013598
5901 5903 0.0013598
5904 5903 0.0013598
2349 5904 0.018084
5903 5904 0.018084
5986 5904 0.018084
7105 5904 0.018084
5905 5906 0.00013884
6955 5906 0.00013884
7110 5906 0.00013884
1658 5908 0.00017745
5747 5908 0.00017745
5907 5908 0.00017745
5984 5908 0.00017745
5899 5909 0.00049588
5902 5909 0.00049588
5910 5909 0.00049588
4201 5910 0.00020464
4208 5910 0.00020464
4209 5910 0.00020464
5909 5910 0.00020464
3117 5956 0.00010756
5957 5956 0.00010756
6368 5956 0.00010756
6369 5956 0.00010756
1658 5983 0.00013235
5747 5983 0.00013235
5907 5983 0.00013235
5984 5983 0.00013235
5897 5984 0.00094004
5900 5984 0.00094004
5983 5984 0.00094004
2349 5985 0.0012514
5903 5985 0.0012514
5986 5985 0.0012514
7105 5985 0.0012514
3319 5986 0.64351
5985 5986 0.64351
7093 5986 0.64351
7095 5986 0.64351
548 6225 0.00022415
6226 6225 0.00022415
6227 6225 0.00022415
6230 6225 0.00022415
3333 6226 0.0010712
3336 6226 0.0010712
6225 6226 0.0010712
3907 6227 0.00035965
4019 6227 0.00035965
6228 6227 0.00035965
6358 6227 0.00035965
548 6228 0.0056347
6226 6228 0.0056347
6227 6228 0.0056347
6230 6228 0.0056347
548 6229 0.0011349
6226 6229 0.0011349
6227 6229 0.0011349
6230 6229 0.0011349
6229 6230 0.02168
6979 6230 0.02168
7063 6230 0.02168
2071 6237 0.00067304
6238 6237 0.00067304
6239 6237 0.00067304
996 6238 0.00044607
3119 6238 0.00044607
4790 6238 0.00044607
6237 6238 0.00044607
4789 6239 0.00011754
6240 6239 0.00011754
6365 6239 0.00011754
2071 6240 0.0010425
6238 6240 0.0010425
6239 6240 0.0010425
995 6358 0.00011524
6359 6358 0.00011524
6360 6358 0.00011524
3907 6359 0.0015814
4019 6359 0.0015814
6228 6359 0.0015814
6358 6359 0.0015814
995 6361 0.00041674
6359 6361 0.00041674
6360 6361 0.00041674
6357 6362 0.00042729
6361 6362 0.00042729
4789 6366 0.0017297
6240 6366 0.0017297
6365 6366 0.0017297
2364 6368 0.00014019
2367 6368 0.00014019
6366 6368 0.00014019
6367 6368 0.00014019
5956 6385 0.00012305
6386 6385 0.00012305
6387 6385 0.00012305
6880 6737 0.0096377
433 6880 0.0096377
5669 6880 0.0096377
5905 6954 0.00012117
6955 6954 0.00012117
7110 6954 0.00012117
6954 6960 0.00012117
6957 6960 0.00012117
6959 6960 0.00012117
5824 6963 0.0005399
6964 6963 0.0005399
7100 6963 0.0005399
5822 6964 0.00037637
6963 6964 0.00037637
7102 6964 0.00037637
7104 6964 0.00037637
6965 6967 0.00012016
6968 6967 0.00012016
7101 6967 0.00012016
3335 6968 0.00033698
5823 6968 0.00033698
5831 6968 0.00033698
6967 6968 0.00033698
6969 6971 0.048995
6972 6971 0.048995
6975 6971 0.048995
7066 6971 0.048995
6971 6972 0.011757
6974 6972 0.011757
7064 6972 0.011757
6971 6973 0.058388
6974 6973 0.058388
7064 6973 0.058388
6973 6974 0.019
6976 6974 0.019
6978 6974 0.019
6973 6975 0.06855
6976 6975 0.06855
6978 6975 0.06855
6969 6976 0.0098317
6972 6976 0.0098317
6975 6976 0.0098317
7066 6976 0.0098317
6973 6977 0.05143
6976 6977 0.05143
6978 6977 0.05143
3320 6978 0.07076
6977 6978 0.07076
7096 6978 0.07076
6980 6979 0.025675
7065 6979 0.025675
7098 6979 0.025675
6229 6980 0.0029797
6979 6980 0.0029797
7063 6980 0.0029797
6982 6981 0.016883
6984 6981 0.016883
6986 6981 0.016883
6981 6982 0.001786
6990 6982 0.001786
6982 6983 0.005574
6984 6983 0.005574
6986 6983 0.005574
3318 6984 0.035773
6983 6984 0.035773
7092 6984 0.035773
6982 6985 0.02339
6984 6985 0.02339
6986 6985 0.02339
6985 6986 0.0082884
6988 6986 0.0082884
6989 6986 0.0082884
6985 6987 0.03505
6988 6987 0.03505
6989 6987 0.03505
6987 6988 0.0048507
6992 6988 0.0048507
6994 6988 0.0048507
6981 6989 0.016883
6990 6989 0.016883
6985 6990 0.001786
6988 6990 0.001786
6989 6990 0.001786
6987 6991 0.025994
6992 6991 0.025994
6994 6991 0.025994
6991 6992 0.0021498
6995 6992 0.0021498
7000 6992 0.0021498
6987 6993 0.019792
6992 6993 0.019792
6994 6993 0.019792
6993 6994 0.013438
6996 6994 0.013438
6998 6994 0.013438
7001 6994 0.013438
6993 6995 0.0059419
6996 6995 0.0059419
6998 6995 0.0059419
7001 6995 0.0059419
6991 6996 0.022773
6995 6996 0.022773
7000 6996 0.022773
6993 6997 0.037849
6996 6997 0.037849
6998 6997 0.037849
7001 6997 0.037849
6997 6998 0.0076498
7090 6998 0.0076498
7091 6998 0.0076498
6991 6999 0.0082895
6995 6999 0.0082895
7000 6999 0.0082895
6999 7000 0.0012765
7002 7000 0.0012765
7004 7000 0.0012765
6999 7001 0.0082895
7002 7001 0.0082895
7004 7001 0.0082895
6993 7002 0.0012765
6996 7002 0.0012765
6998 7002 0.0012765
7001 7002 0.0012765
2366 7005 0.00036306
7006 7005 0.00036306
7086 7005 0.00036306
3316 7006 0.0018335
7005 7006 0.0018335
7008 7006 0.0018335
7088 7006 0.0018335
6971 7063 0.015719
6974 7063 0.015719
7064 7063 0.015719
6229 7064 0.017869
6979 7064 0.017869
7063 7064 0.017869
6969 7065 0.026614
6972 7065 0.026614
6975 7065 0.026614
7066 7065 0.026614
6980 7066 0.0051331
7065 7066 0.0051331
7098 7066 0.0051331
2366 7085 0.0047248
7006 7085 0.0047248
7086 7085 0.0047248
3316 7087 0.004877
7005 7087 0.004877
7008 7087 0.004877
7088 7087 0.004877
6997 7089 0.35453
7090 7089 0.35453
7091 7089 0.35453
3317 7090 0.00017817
5238 7090 0.00017817
7089 7090 0.00017817
3318 7091 0.33339
6983 7091 0.33339
7092 7091 0.33339
6997 7092 0.0092341
7090 7092 0.0092341
7091 7092 0.0092341
547 7093 0.022172
2073 7093 0.022172
7094 7093 0.022172
3319 7094 0.004138
5985 7094 0.004138
7093 7094 0.004138
7095 7094 0.004138
3320 7095 0.98341
6977 7095 0.98341
7096 7095 0.98341
3319 7096 0.0048309
5985 7096 0.0048309
7093 7096 0.0048309
7095 7096 0.0048309
6980 7097 0.0056134
7065 7097 0.0056134
7098 7097 0.0056134
3321 7098 0.0068277
3322 7098 0.0068277
7097 7098 0.0068277
5824 7099 0.00012285
6964 7099 0.00012285
7100 7099 0.00012285
3325 7100 0.00091917
3326 7100 0.00091917
7099 7100 0.00091917
5822 7101 0.00012016
6963 7101 0.00012016
7102 7101 0.00012016
7104 7101 0.00012016
6965 7102 0.00033698
6968 7102 0.00033698
7101 7102 0.00033698
5822 7103 0.00083943
6963 7103 0.00083943
7102 7103 0.00083943
7104 7103 0.00083943
3323 7104 0.0008902
3324 7104 0.0008902
7103 7104 0.0008902
6961 7105 0.00025669
7106 7105 0.00025669
7107 7105 0.00025669
2346 7107 0.00025669
6960 7107 0.00025669
7108 7107 0.00025669
719 7110 0.00017745
5908 7110 0.00017745
7109 7110 0.00017745
5740 7218 0.016914
7219 7218 0.016914
5241 7219 0.00035599
5738 7219 0.00035599
7218 7219 0.00035599
