592 593 0.013529
1143 593 0.013529
2110 593 0.013529
971 970 0.96629
4670 970 0.96629
5226 970 0.96629
973 972 0.95766
6533 972 0.95766
1144 1143 0.013529
5074 1143 0.013529
5231 1143 0.013529
1146 1145 0.013463
2099 1145 0.013463
2100 1145 0.013463
1456 1455 0.028867
2097 1455 0.028867
2098 1455 0.028867
1455 1457 0.028867
1458 1457 0.028867
2092 1457 0.028867
1457 1459 0.028867
1460 1459 0.028867
5229 1459 0.028867
1459 1461 0.028865
1462 1461 0.028865
2371 1461 0.028865
1515 1514 0.76959
2096 1514 0.76959
4667 1514 0.76959
5384 1514 0.76959
1514 1515 0.0012479
2848 1515 0.0012479
1695 1697 0.00015815
1698 1697 0.00015815
2102 1697 0.00015815
5070 1697 0.00015815
1935 1934 0.0018421
1936 1934 0.0018421
1942 1934 0.0018421
1943 1942 0.0018421
1944 1942 0.0018421
5379 1942 0.0018421
5386 1942 0.0018421
1515 2097 0.042342
2096 2097 0.042342
4667 2097 0.042342
5384 2097 0.042342
1456 2099 0.013475
2097 2099 0.013475
2098 2099 0.013475
1145 2104 0.013354
2105 2104 0.013354
5071 2104 0.013354
970 2848 0.0086382
6534 2848 0.0086382
1697 3186 0.00015815
2106 3186 0.00015815
3187 3186 0.00015815
593 3779 0.013529
3780 3779 0.013529
6546 3779 0.013529
2095 4667 0.00058216
4668 4667 0.00058216
5224 4667 0.00058216
1515 4668 0.18805
2096 4668 0.18805
4667 4668 0.18805
5384 4668 0.18805
971 4669 0.0064772
4670 4669 0.0064772
5226 4669 0.0064772
4669 4670 0.19578
5402 4670 0.19578
5405 4670 0.19578
3779 4913 1
4914 4913 1
6545 4913 1
1145 5070 0.00015815
2105 5070 0.00015815
5071 5070 0.00015815
2104 5073 0.013463
3186 5073 0.013463
5072 5073 0.013463
3929 5074 0.013475
5073 5074 0.013475
5075 5074 0.013475
5225 5224 0.00055825
5403 5224 0.00055825
2095 5225 0.18802
4668 5225 0.18802
5224 5225 0.18802
1514 5226 0.77698
2848 5226 0.77698
5228 5227 1
1946 5379 0.0018422
5380 5379 0.0018422
5381 5379 0.0018422
5227 5381 0.0018422
5382 5381 0.0018422
5383 5381 0.0018422
5227 5384 0.99816
5382 5384 0.99816
5383 5384 0.99816
5400 5401 0.0018435
6746 5401 0.0018435
5225 5402 0.19588
5403 5402 0.19588
5401 5403 0.0084194
5404 5403 0.0084194
4669 5404 0.008136
5402 5404 0.008136
5405 5404 0.008136
5401 5405 0.0015599
5404 5405 0.0015599
6532 6533 0.95766
6535 6533 0.95766
970 6535 0.95766
6534 6535 0.95766
6544 6545 0.98647
7191 6545 0.98647
1932 6746 0.0018435
1934 6746 0.0018435
6745 6746 0.0018435
7198 6746 0.0018435
7190 7191 0.98647
7193 7191 0.98647
972 7193 0.98647
1120 7193 0.98647
1461 7193 0.98647
7192 7193 0.98647
