971 970 0.018554
4670 970 0.018554
5226 970 0.018554
973 972 0.013089
6533 972 0.013089
1469 1116 0.00224
4997 1116 0.00224
972 1119 0.01314
1120 1119 0.01314
1461 1119 0.01314
7192 1119 0.01314
1470 1469 0.9891
6536 1469 0.9891
1471 1470 0.9891
5435 1470 0.9891
1116 1471 0.74542
2373 1471 0.74542
1515 1514 0.00053044
2096 1514 0.00053044
4667 1514 0.00053044
5384 1514 0.00053044
1514 1515 0.0050155
2848 1515 0.0050155
1932 1933 0.24368
1934 1933 0.24368
6745 1933 0.24368
7198 1933 0.24368
1932 1935 0.00028953
1934 1935 0.00028953
6745 1935 0.00028953
7198 1935 0.00028953
1931 1941 0.24368
1933 1941 0.24368
1940 1941 0.24368
1935 1943 0.00028953
1936 1943 0.00028953
1942 1943 0.00028953
2095 2094 0.74318
4668 2094 0.74318
5224 2094 0.74318
2094 2373 0.74318
2372 2373 0.74318
5222 2373 0.74318
970 2848 0.005465
6534 2848 0.005465
3790 3789 1
3794 3789 1
7083 3789 1
2095 4667 0.00055596
4668 4667 0.00055596
5224 4667 0.00055596
1515 4668 0.0052788
2096 4668 0.0052788
4667 4668 0.0052788
5384 4668 0.0052788
971 4669 0.00067356
4670 4669 0.00067356
5226 4669 0.00067356
4669 4670 0.018247
5402 4670 0.018247
5405 4670 0.018247
1469 4998 0.98686
4997 4998 0.98686
5000 4999 0.00078372
6526 4999 0.00078372
6528 4999 0.00078372
4998 5002 0.98755
5001 5002 0.98755
5220 5002 0.98755
4351 5200 0.00026174
5201 5200 0.00026174
7202 5200 0.00026174
5205 5204 0.00026678
6501 5204 0.00026678
6748 5204 0.00026678
4343 5210 0.00026187
5200 5210 0.00026187
5211 5210 0.00026187
4307 5220 0.00078372
4999 5220 0.00078372
5221 5220 0.00078372
5225 5224 0.73849
5403 5224 0.73849
1514 5226 0.00097991
2848 5226 0.00097991
1943 5380 0.00028953
1944 5380 0.00028953
5379 5380 0.00028953
5386 5380 0.00028953
1946 5382 0.00028953
5380 5382 0.00028953
5381 5382 0.00028953
5227 5384 0.00028953
5382 5384 0.00028953
5383 5384 0.00028953
5400 5401 0.75604
6746 5401 0.75604
5225 5402 0.0085891
5403 5402 0.0085891
5401 5403 0.74705
5404 5403 0.74705
4669 5404 0.0066058
5402 5404 0.0066058
5405 5404 0.0066058
5401 5405 0.01559
5404 5405 0.01559
1941 5423 0.24368
5418 5423 0.24368
5422 5423 0.24368
5423 5427 0.24368
5424 5427 0.24368
5426 5427 0.24368
5427 5435 0.24368
5430 5435 0.24368
5434 5435 0.24368
6485 6484 0.012443
6486 6484 0.012443
6527 6484 0.012443
5198 6496 0.012418
6484 6496 0.012418
6497 6496 0.012418
5204 6498 0.00026173
6495 6498 0.00026173
6499 6498 0.00026173
5205 6500 0.012459
6501 6500 0.012459
6748 6500 0.012459
5002 6501 0.00026841
5210 6501 0.00026841
6500 6501 0.00026841
5000 6527 0.012448
6526 6527 0.012448
6528 6527 0.012448
1119 6528 0.01314
6529 6528 0.01314
6530 6528 0.01314
6532 6533 0.013089
6535 6533 0.013089
970 6535 0.013089
6534 6535 0.013089
1932 6746 0.75604
1934 6746 0.75604
6745 6746 0.75604
7198 6746 0.75604
6496 6748 0.012418
6749 6748 0.012418
6828 6827 1
7200 6827 1
6827 7198 1
7199 7198 1
3789 7200 1
7201 7200 1
6498 7202 0.00026173
7203 7202 0.00026173
