1122 1121 0.0014994
1449 1121 0.0014994
2217 1121 0.0014994
1121 1122 0.002809
5095 1122 0.002809
5134 1122 0.002809
1123 1124 0.006876
2461 1124 0.006876
3067 1124 0.006876
3069 1124 0.006876
5103 1125 0.84924
5143 1125 0.84924
1131 1132 0.00013415
5322 1132 0.00013415
6718 1132 0.00013415
1137 1138 0.00010409
1451 1138 0.00010409
3084 1138 0.00010409
5323 1138 0.00010409
1210 1209 0.00012503
1217 1209 0.00012503
4920 1209 0.00012503
1211 1212 0.00024577
1214 1212 0.00024577
4918 1212 0.00024577
1213 1214 0.00024784
6819 1214 0.00024784
1215 1216 0.00012436
1218 1216 0.00012436
2225 1216 0.00012436
1210 1218 0.00012602
1217 1218 0.00012602
4920 1218 0.00012602
1301 1300 0.14836
2463 1300 0.14836
5146 1300 0.14836
1300 1301 0.0044583
1371 1301 0.0044583
2464 1301 0.0044583
1322 1321 0.00086151
1323 1321 0.00086151
5130 1321 0.00086151
551 1323 0.00086151
1324 1323 0.00086151
1413 1323 0.00086151
1326 1325 0.00016283
1328 1325 0.00016283
1330 1325 0.00016283
1411 1325 0.00016283
1327 1328 0.00016139
1422 1328 0.00016139
2296 1328 0.00016139
1346 1345 0.00018411
1383 1345 0.00018411
6665 1345 0.00018411
1345 1346 0.00072416
5364 1346 0.00072416
5599 1346 0.00072416
1362 1361 0.8561
5355 1361 0.8561
5358 1361 0.8561
1361 1362 0.0010929
1377 1362 0.0010929
1380 1362 0.0010929
1364 1363 0.09893
1366 1363 0.09893
1391 1363 0.09893
1363 1364 0.00058466
1379 1364 0.00058466
1382 1364 0.00058466
1364 1365 0.00058466
1366 1365 0.00058466
1391 1365 0.00058466
1365 1366 0.09893
5357 1366 0.09893
5360 1366 0.09893
1368 1367 0.0060028
1387 1367 0.0060028
1389 1367 0.0060028
1367 1368 0.00111
3068 1368 0.00111
1372 1371 0.85979
1381 1371 0.85979
5173 1371 0.85979
1300 1372 0.010813
1371 1372 0.010813
2464 1372 0.010813
1375 1376 0.00011187
5083 1376 0.00011187
5315 1376 0.00011187
1361 1379 0.8561
1377 1379 0.8561
1380 1379 0.8561
1363 1380 0.0010929
1379 1380 0.0010929
1382 1380 0.0010929
1363 1381 0.95338
1379 1381 0.95338
1382 1381 0.95338
1384 1383 0.002507
5361 1383 0.002507
5598 1383 0.002507
1346 1384 0.00030517
1383 1384 0.00030517
6665 1384 0.00030517
1386 1385 0.043072
5359 1385 0.043072
5362 1385 0.043072
1388 1387 0.0060028
5370 1387 0.0060028
6669 1387 0.0060028
1368 1388 0.00111
1387 1388 0.00111
1389 1388 0.00111
1331 1413 0.00086151
1414 1413 0.00086151
5110 1413 0.00086151
5111 1413 0.00086151
1423 1424 0.99975
2615 1424 0.99975
2617 1424 0.99975
1416 1425 0.99975
1424 1425 0.99975
1426 1425 0.99975
1425 1427 0.99959
1428 1427 0.99959
2297 1427 0.99959
1303 1430 0.00016299
1325 1430 0.00016299
1429 1430 0.00016299
1448 1447 0.0036592
1862 1447 0.0036592
5107 1447 0.0036592
1447 1448 0.0059939
1450 1448 0.0059939
1866 1448 0.0059939
1447 1449 0.0036592
1450 1449 0.0036592
1866 1449 0.0036592
1122 1450 0.0059939
1449 1450 0.0059939
2217 1450 0.0059939
1212 1451 0.00024996
1452 1451 0.00024996
1454 1451 0.00024996
1808 1805 0.00075025
4680 1805 0.00075025
5101 1805 0.00075025
1855 1854 0.0031769
1859 1854 0.0031769
5610 1854 0.0031769
1857 1856 0.018779
1858 1856 0.018779
5612 1856 0.018779
1856 1857 0.0011036
1861 1857 0.0011036
4575 1857 0.0011036
1857 1859 0.0031769
1858 1859 0.0031769
5612 1859 0.0031769
1856 1860 0.018911
1861 1860 0.018911
4575 1860 0.018911
1860 1861 0.0068187
5149 1861 0.0068187
5164 1861 0.0068187
1863 1862 0.013299
2218 1862 0.013299
5156 1862 0.013299
1448 1863 0.00083487
1862 1863 0.00083487
5107 1863 0.00083487
1863 2217 0.0043137
2218 2217 0.0043137
5156 2217 0.0043137
1122 2218 0.0032886
1449 2218 0.0032886
2217 2218 0.0032886
1805 2277 0.00075923
2278 2277 0.00075923
4682 2277 0.00075923
1425 2296 0.00016291
1428 2296 0.00016291
2297 2296 0.00016291
2458 2459 0.0033917
5373 2459 0.0033917
6663 2459 0.0033917
6664 2459 0.0033917
2460 2461 0.041539
6667 2461 0.041539
6668 2461 0.041539
1301 2462 0.0044583
2463 2462 0.0044583
5146 2462 0.0044583
2462 2463 0.14836
3070 2463 0.14836
5172 2463 0.14836
2465 2464 0.00016468
5097 2464 0.00016468
1300 2465 0.99304
1371 2465 0.99304
2464 2465 0.99304
1423 2614 0.00025026
2615 2614 0.00025026
2617 2614 0.00025026
2616 2617 1
1367 3067 0.0060028
3068 3067 0.0060028
1123 3068 0.00111
2461 3068 0.00111
3067 3068 0.00111
3069 3068 0.00111
2462 3069 0.0029851
3070 3069 0.0029851
5172 3069 0.0029851
1123 3070 0.042516
2461 3070 0.042516
3067 3070 0.042516
3069 3070 0.042516
1137 3083 0.00014588
1451 3083 0.00014588
3084 3083 0.00014588
5323 3083 0.00014588
1854 4575 0.0016877
4576 4575 0.0016877
5153 4575 0.0016877
1856 4576 0.0072707
1861 4576 0.0072707
4575 4576 0.0072707
4919 4920 0.00024996
6821 4920 0.00024996
1209 4921 0.0001254
2224 4921 0.0001254
4922 4921 0.0001254
1132 5083 0.00011187
1374 5083 0.00011187
4377 5083 0.00011187
5082 5083 0.00011187
5096 5095 0.002809
5157 5095 0.002809
5159 5095 0.002809
1121 5096 0.0014994
5095 5096 0.0014994
5134 5096 0.0014994
5098 5097 0.0051541
5104 5097 0.0051541
5100 5098 0.0097846
5136 5098 0.0097846
1124 5100 0.0061315
5099 5100 0.0061315
5102 5100 0.0061315
1124 5101 0.00076383
5099 5101 0.00076383
5102 5101 0.00076383
5098 5103 0.0086926
5104 5103 0.0086926
5105 5104 0.0040621
5106 5105 0.00774
5137 5105 0.00774
1125 5106 0.0033707
5141 5106 0.0033707
5108 5107 0.0030349
5152 5107 0.0030349
5165 5107 0.0030349
5166 5107 0.0030349
1448 5108 0.017834
1862 5108 0.017834
5107 5108 0.017834
2277 5110 0.0007555
5109 5110 0.0007555
5105 5136 0.0036779
5140 5137 0.0043693
5144 5137 0.0043693
4712 5138 0.00025766
5139 5138 0.00025766
5158 5138 0.00025766
5138 5139 0.015057
5142 5139 0.015057
1125 5140 0.98856
5141 5140 0.98856
5138 5141 0.14269
5142 5141 0.14269
5103 5142 0.15749
5143 5142 0.15749
2465 5143 0.99803
5097 5143 0.99803
5140 5145 0.98421
5144 5145 0.98421
1860 5148 0.00031287
5149 5148 0.00031287
5164 5148 0.00031287
5145 5149 0.96372
5148 5149 0.96372
5175 5149 0.96372
1854 5152 0.0093003
4576 5152 0.0093003
5153 5152 0.0093003
5108 5153 0.00061634
5152 5153 0.00061634
5165 5153 0.00061634
5166 5153 0.00061634
5096 5156 0.013756
5157 5156 0.013756
5159 5156 0.013756
1863 5157 0.00026697
2218 5157 0.00026697
5156 5157 0.00026697
5096 5158 0.00025766
5157 5158 0.00025766
5159 5158 0.00025766
4712 5159 0.015057
5139 5159 0.015057
5158 5159 0.015057
5108 5164 0.00019109
5152 5164 0.00019109
5165 5164 0.00019109
5166 5164 0.00019109
1860 5165 0.97569
5149 5165 0.97569
5164 5165 0.97569
5108 5167 0.99899
5152 5167 0.99899
5165 5167 0.99899
5166 5167 0.99899
5154 5169 0.99899
5167 5169 0.99899
5168 5169 0.99899
5162 5170 0.0053613
5171 5170 0.0053613
5311 5170 0.0053613
5160 5171 0.0043468
5169 5171 0.0043468
5170 5171 0.0043468
1372 5172 0.11551
1381 5172 0.11551
5173 5172 0.11551
2462 5173 0.011136
3070 5173 0.011136
5172 5173 0.011136
5145 5174 0.021025
5148 5174 0.021025
5175 5174 0.021025
5150 5175 0.00024851
5174 5175 0.00024851
5613 5175 0.00024851
5132 5176 0.0011059
5177 5176 0.0011059
5600 5176 0.0011059
5176 5177 0.0036582
5306 5177 0.0036582
5307 5177 0.0036582
5176 5305 0.0020267
5306 5305 0.0020267
5307 5305 0.0020267
5305 5306 0.0035645
5312 5306 0.0035645
5601 5306 0.0035645
1321 5307 0.0010144
5308 5307 0.0010144
5309 5307 0.0010144
1376 5309 0.00015294
5310 5309 0.00015294
5313 5309 0.00015294
5305 5311 0.0053613
5312 5311 0.0053613
5601 5311 0.0053613
5162 5312 0.0043468
5171 5312 0.0043468
5311 5312 0.0043468
1427 5355 0.99975
1430 5355 0.99975
5356 5355 0.99975
1362 5357 0.14509
5355 5357 0.14509
5358 5357 0.14509
1365 5358 0.00034903
5357 5358 0.00034903
5360 5358 0.00034903
1365 5359 0.046447
5357 5359 0.046447
5360 5359 0.046447
1386 5361 0.0035257
5359 5361 0.0035257
5362 5361 0.0035257
1384 5362 0.00016139
5361 5362 0.00016139
5598 5362 0.00016139
1345 5363 0.00062787
5364 5363 0.00062787
5599 5363 0.00062787
1369 5370 0.043072
1385 5370 0.043072
5369 5370 0.043072
1384 5599 0.0012266
5361 5599 0.0012266
5598 5599 0.0012266
5305 5600 0.0011059
5312 5600 0.0011059
5601 5600 0.0011059
5132 5601 0.0036582
5177 5601 0.0036582
5600 5601 0.0036582
5150 5612 0.021025
5174 5612 0.021025
5613 5612 0.021025
1857 5613 0.00024851
1858 5613 0.00024851
5612 5613 0.00024851
5363 5812 0.00062096
5810 5812 0.00062096
5813 5812 0.00062096
2457 6663 0.00062967
5812 6663 0.00062967
6662 6663 0.00062967
1346 6664 0.0028279
1383 6664 0.0028279
6665 6664 0.0028279
1397 6667 0.0033917
2459 6667 0.0033917
6666 6667 0.0033917
1388 6668 0.038268
5370 6668 0.038268
6669 6668 0.038268
2460 6669 0.00012586
6667 6669 0.00012586
6668 6669 0.00012586
3083 6718 0.00014588
6719 6718 0.00014588
1216 6819 0.00024784
4921 6819 0.00024784
6818 6819 0.00024784
2614 6821 0.00024996
5329 6821 0.00024996
6820 6821 0.00024996
