134 133 0.00013841
3708 133 0.00013841
3709 133 0.00013841
133 134 0.00041579
3052 134 0.00041579
146 145 0.0015439
1546 145 0.0015439
1549 145 0.0015439
145 146 0.0020079
2374 146 0.0020079
2730 146 0.0020079
548 547 0.00017506
6226 547 0.00017506
6227 547 0.00017506
6230 547 0.00017506
547 548 0.00058861
2073 548 0.00058861
7094 548 0.00058861
5260 723 0.29805
723 724 0.27852
6920 724 0.27852
948 950 0.0026567
951 950 0.0026567
6355 950 0.0026567
950 951 0.00036079
6352 951 0.00036079
6353 951 0.00036079
6356 951 0.00036079
995 994 0.0016378
6359 994 0.0016378
6360 994 0.0016378
994 995 0.014307
997 995 0.014307
2076 995 0.014307
2077 995 0.014307
994 996 0.0013358
997 996 0.0013358
2076 996 0.0013358
2077 996 0.0013358
996 997 0.006434
3119 997 0.006434
4790 997 0.006434
6237 997 0.006434
1001 1000 0.00042632
1552 1000 0.00042632
1555 1000 0.00042632
432 1127 0.00068349
5692 1127 0.00068349
6874 1128 0.0092564
5085 1129 0.0015168
5267 1129 0.0015168
1528 1530 0.010894
1531 1530 0.010894
3303 1530 0.010894
1530 1531 0.01254
1533 1531 0.01254
2850 1531 0.01254
1530 1532 0.0013678
1533 1532 0.0013678
2850 1532 0.0013678
1532 1533 0.0033248
2851 1533 0.0033248
3339 1533 0.0033248
1544 1545 0.00046107
1547 1545 0.00046107
2807 1545 0.00046107
1544 1546 0.0031975
1547 1546 0.0031975
2807 1546 0.0031975
146 1547 0.00016171
1546 1547 0.00016171
1549 1547 0.00016171
146 1548 0.0036571
1546 1548 0.0036571
1549 1548 0.0036571
1000 1549 0.00015733
1548 1549 0.00015733
2805 1549 0.00015733
2874 1549 0.00015733
1545 1550 0.00046107
1551 1550 0.00046107
4529 1550 0.00046107
1550 1552 0.00046107
1553 1552 0.00046107
4785 1552 0.00046107
1659 1660 0.00042647
3213 1660 0.00042647
4560 1660 0.00042647
1976 1975 0.00065504
6155 1975 0.00065504
6617 1975 0.00065504
2072 2071 0.0004184
2074 2071 0.0004184
2075 2071 0.0004184
3906 2071 0.0004184
2071 2072 0.0023629
6238 2072 0.0023629
6239 2072 0.0023629
2072 2073 0.00072237
2074 2073 0.00072237
2075 2073 0.00072237
3906 2073 0.00072237
547 2074 0.00021445
2073 2074 0.00021445
7094 2074 0.00021445
994 2075 0.0027635
997 2075 0.0027635
2076 2075 0.0027635
2077 2075 0.0027635
2072 2076 0.0024117
2074 2076 0.0024117
2075 2076 0.0024117
3906 2076 0.0024117
2078 2077 0.014488
2358 2077 0.014488
2361 2077 0.014488
6371 2077 0.014488
994 2078 0.0065651
997 2078 0.0065651
2076 2078 0.0065651
2077 2078 0.0065651
724 2146 0.94073
2147 2146 0.94073
6794 2146 0.94073
2149 2148 0.66348
7287 2148 0.66348
2148 2149 0.0013251
6795 2149 0.0013251
2151 2150 0.96021
3649 2150 0.96021
3652 2150 0.96021
6823 2150 0.96021
2353 2352 0.1564
3337 2352 0.1564
2352 2354 0.14491
2355 2354 0.14491
5269 2354 0.14491
2354 2355 0.00020278
2357 2355 0.00020278
2354 2356 0.1298
2357 2356 0.1298
2356 2357 0.00040464
2359 2357 0.00040464
6362 2357 0.00040464
7160 2357 0.00040464
2356 2358 0.026652
2359 2358 0.026652
6362 2358 0.026652
7160 2358 0.026652
2078 2359 0.037122
2358 2359 0.037122
2361 2359 0.037122
6371 2359 0.037122
2078 2360 0.0065497
2358 2360 0.0065497
2361 2360 0.0065497
6371 2360 0.0065497
2360 2361 0.0078387
2363 2361 0.0078387
3120 2361 0.0078387
2360 2362 0.0012967
2363 2362 0.0012967
3120 2362 0.0012967
2362 2363 0.0073657
2365 2363 0.0073657
6395 2363 0.0073657
2362 2364 0.00056659
2365 2364 0.00056659
6395 2364 0.00056659
2364 2365 0.0046285
2367 2365 0.0046285
6366 2365 0.0046285
6367 2365 0.0046285
2366 2367 0.0017712
7006 2367 0.0017712
7086 2367 0.0017712
2375 2374 0.036135
2376 2374 0.036135
2806 2374 0.036135
145 2375 0.00048542
2374 2375 0.00048542
2730 2375 0.00048542
2377 2376 0.039145
2380 2376 0.039145
3644 2376 0.039145
2382 2383 0.00013662
3645 2383 0.00013662
3648 2383 0.00013662
82 2661 1
2662 2661 1
2663 2661 1
2673 2661 1
2664 2663 0.98002
2665 2663 0.98002
2671 2663 0.98002
82 2664 0.00067248
2662 2664 0.00067248
2663 2664 0.00067248
2673 2664 0.00067248
2666 2665 1
2667 2665 1
2675 2665 1
2672 2671 0.0014821
2674 2671 0.0014821
2664 2672 0.022137
2665 2672 0.022137
2671 2672 0.022137
2672 2673 0.022137
2674 2673 0.022137
82 2674 0.0014821
2662 2674 0.0014821
2663 2674 0.0014821
2673 2674 0.0014821
2676 2675 1
79 2679 0.0020299
2680 2679 0.0020299
2681 2679 0.0020299
2682 2681 0.0020151
2683 2681 0.0020151
2804 2681 0.0020151
2709 2721 0.039139
2722 2721 0.039139
2723 2721 0.039139
6588 2721 0.039139
2724 2723 0.039139
2725 2723 0.039139
2861 2723 0.039139
2679 2725 0.039139
2726 2725 0.039139
2727 2725 0.039139
2728 2727 0.037357
2729 2727 0.037357
2873 2727 0.037357
2679 2728 0.00019123
2726 2728 0.00019123
2727 2728 0.00019123
145 2729 0.035731
2374 2729 0.035731
2730 2729 0.035731
2728 2730 0.00054544
2729 2730 0.00054544
2873 2730 0.00054544
1000 2804 0.0019659
1548 2804 0.0019659
2805 2804 0.0019659
2874 2804 0.0019659
2375 2807 0.0035785
2376 2807 0.0035785
2806 2807 0.0035785
1530 2849 0.01198
1533 2849 0.01198
2850 2849 0.01198
600 2850 0.01167
2849 2850 0.01167
3344 2850 0.01167
3345 2850 0.01167
1676 2853 0.00019299
2854 2853 0.00019299
3661 2853 0.00019299
1000 2873 0.0027378
1548 2873 0.0027378
2805 2873 0.0027378
2874 2873 0.0027378
2728 2874 0.00075814
2729 2874 0.00075814
2873 2874 0.00075814
133 3051 0.00013841
3052 3051 0.00013841
3051 3052 0.00041579
3710 3052 0.00041579
3711 3052 0.00041579
3054 3053 0.00078339
3685 3053 0.00078339
3107 3109 0.007559
3110 3109 0.007559
3309 3109 0.007559
3310 3109 0.007559
3109 3110 0.00013094
3112 3110 0.00013094
3313 3110 0.00013094
3314 3110 0.00013094
3109 3111 0.011499
3112 3111 0.011499
3313 3111 0.011499
3314 3111 0.011499
3111 3113 0.0048174
3114 3113 0.0048174
6382 3113 0.0048174
6383 3113 0.0048174
3113 3115 0.00132
3116 3115 0.00132
6106 3115 0.00132
3118 3117 0.00018557
6390 3117 0.00018557
6391 3117 0.00018557
3117 3118 0.0019613
5957 3118 0.0019613
6368 3118 0.0019613
6369 3118 0.0019613
2360 3119 0.0060691
2363 3119 0.0060691
3120 3119 0.0060691
996 3120 0.001289
3119 3120 0.001289
4790 3120 0.001289
6237 3120 0.001289
3121 3122 0.010657
3328 3122 0.010657
3329 3122 0.010657
3124 3123 0.10351
3307 3123 0.10351
3308 3123 0.10351
3637 3123 0.10351
3123 3124 0.00053732
3126 3124 0.00053732
3312 3124 0.00053732
3123 3125 0.099367
3126 3125 0.099367
3312 3125 0.099367
3125 3126 0.00042033
3128 3126 0.00042033
5949 3126 0.00042033
3125 3127 0.08054
3128 3127 0.08054
5949 3127 0.08054
3127 3128 0.00045601
3130 3128 0.00045601
6380 3128 0.00045601
6381 3128 0.00045601
3127 3129 0.024621
3130 3129 0.024621
6380 3129 0.024621
6381 3129 0.024621
3129 3130 0.0010089
3132 3130 0.0010089
6105 3130 0.0010089
6108 3130 0.0010089
3129 3131 0.0056866
3132 3131 0.0056866
6105 3131 0.0056866
6108 3131 0.0056866
3131 3132 0.0010289
3134 3132 0.0010289
6402 3132 0.0010289
6403 3132 0.0010289
3131 3133 0.0013618
3134 3133 0.0013618
6402 3133 0.0013618
6403 3133 0.0013618
3133 3134 0.0014284
5955 3134 0.0014284
6394 3134 0.0014284
3136 3135 0.037156
3305 3135 0.037156
3306 3135 0.037156
3135 3136 0.0042632
5948 3136 0.0042632
5953 3136 0.0042632
3138 3137 0.00070394
5832 3137 0.00070394
6422 3137 0.00070394
3137 3138 0.61517
3302 3138 0.61517
3338 3138 0.61517
3140 3139 0.0022136
6372 3139 0.0022136
6373 3139 0.0022136
6407 3139 0.0022136
3139 3140 0.045244
3910 3140 0.045244
6112 3140 0.045244
3142 3141 0.22282
6414 3141 0.22282
6415 3141 0.22282
3141 3142 0.009491
3144 3142 0.009491
4787 3142 0.009491
3141 3143 0.047034
3144 3143 0.047034
4787 3143 0.047034
3143 3144 0.065824
3146 3144 0.065824
6374 3144 0.065824
6375 3144 0.065824
3143 3145 0.025934
3146 3145 0.025934
6374 3145 0.025934
6375 3145 0.025934
3145 3146 0.012842
3148 3146 0.012842
3911 3146 0.012842
6109 3146 0.012842
3145 3147 0.0058857
3148 3147 0.0058857
3911 3147 0.0058857
6109 3147 0.0058857
3147 3148 0.0046807
5951 3148 0.0046807
6398 3148 0.0046807
6399 3148 0.0046807
3212 3213 0.00047194
3651 3213 0.00047194
3654 3213 0.00047194
1528 3302 0.01254
1531 3302 0.01254
3303 3302 0.01254
3137 3303 0.010894
3302 3303 0.010894
3338 3303 0.010894
3136 3304 0.080493
3305 3304 0.080493
3306 3304 0.080493
3304 3305 0.010385
6420 3305 0.010385
6421 3305 0.010385
3124 3306 0.10595
3307 3306 0.10595
3308 3306 0.10595
3637 3306 0.10595
3136 3307 0.0029491
3305 3307 0.0029491
3306 3307 0.0029491
3107 3308 0.00013094
3110 3308 0.00013094
3309 3308 0.00013094
3310 3308 0.00013094
3124 3309 0.007559
3307 3309 0.007559
3308 3309 0.007559
3637 3309 0.007559
3109 3312 0.0018751
3112 3312 0.0018751
3313 3312 0.0018751
3314 3312 0.0018751
3123 3313 0.0058999
3126 3313 0.0058999
3312 3313 0.0058999
3321 3320 0.00012358
3322 3320 0.00012358
7097 3320 0.00012358
3320 3321 0.00013515
6977 3321 0.00013515
7096 3321 0.00013515
3323 3322 0.00027
3324 3322 0.00027
7103 3322 0.00027
3325 3324 0.00031842
3326 3324 0.00031842
7099 3324 0.00031842
3323 3325 0.00010783
3324 3325 0.00010783
7103 3325 0.00010783
2753 3326 0.00045342
3327 3326 0.00045342
5237 3326 0.00045342
2353 3328 0.013727
3337 3328 0.013727
3335 3336 0.00015656
5823 3336 0.00015656
5831 3336 0.00015656
6967 3336 0.00015656
3137 3337 0.17011
3302 3337 0.17011
3338 3337 0.17011
3343 3338 0.78293
3639 3338 0.78293
3962 3338 0.78293
3340 3339 0.0033248
3342 3339 0.0033248
3960 3339 0.0033248
1532 3340 0.0013678
2851 3340 0.0013678
3339 3340 0.0013678
3340 3341 0.0013678
3342 3341 0.0013678
3960 3341 0.0013678
3341 3342 0.0033248
3346 3342 0.0033248
4684 3342 0.0033248
600 3343 0.048831
2849 3343 0.048831
3344 3343 0.048831
3345 3343 0.048831
3343 3344 0.0091751
3639 3344 0.0091751
3962 3344 0.0091751
3341 3345 0.040199
3346 3345 0.040199
4684 3345 0.040199
600 3346 0.00085371
2849 3346 0.00085371
3344 3346 0.00085371
3345 3346 0.00085371
73 3347 0.04123
3348 3347 0.04123
3349 3347 0.04123
3350 3349 0.04123
3351 3349 0.04123
3363 3349 0.04123
3352 3351 0.040236
3366 3351 0.040236
3691 3351 0.040236
3364 3363 0.0010549
3365 3363 0.0010549
3367 3363 0.0010549
3352 3365 0.00042584
3366 3365 0.00042584
3691 3365 0.00042584
3364 3366 0.00066042
3365 3366 0.00066042
3367 3366 0.00066042
3368 3367 0.0012651
3369 3367 0.0012651
3665 3367 0.0012651
3370 3369 0.00058572
3692 3369 0.00058572
3693 3369 0.00058572
3368 3370 0.00035401
3369 3370 0.00035401
3665 3370 0.00035401
3638 3637 0.21351
3640 3637 0.21351
5268 3637 0.21351
3124 3638 0.00010977
3307 3638 0.00010977
3308 3638 0.00010977
3637 3638 0.00010977
3638 3639 0.00066993
3640 3639 0.00066993
5268 3639 0.00066993
3343 3640 0.20668
3639 3640 0.20668
3962 3640 0.20668
2711 3642 0.039139
2721 3642 0.039139
3641 3642 0.039139
2661 3644 0.039145
3643 3644 0.039145
3646 3644 0.039145
2661 3645 0.96086
3643 3645 0.96086
3646 3645 0.96086
2382 3647 0.96082
3645 3647 0.96082
3648 3647 0.96082
3647 3649 0.96076
3650 3649 0.96076
2151 3651 0.0016682
3649 3651 0.0016682
3652 3651 0.0016682
6823 3651 0.0016682
3212 3652 0.0010132
3651 3652 0.0010132
3654 3652 0.0010132
3212 3653 0.0012034
3651 3653 0.0012034
3654 3653 0.0012034
3653 3654 0.00097212
3656 3654 0.00097212
6210 3654 0.00097212
3653 3655 0.00044377
3656 3655 0.00044377
6210 3655 0.00044377
3655 3656 0.00081483
3658 3656 0.00081483
6205 3656 0.00081483
3655 3657 0.00023633
3658 3657 0.00023633
6205 3657 0.00023633
1662 3659 0.00021613
3657 3659 0.00021613
3660 3659 0.00021613
3659 3661 0.00020174
3662 3661 0.00020174
6218 3661 0.00020174
3666 3665 0.0010244
3667 3665 0.0010244
5843 3665 0.0010244
3668 3667 0.0010298
3669 3667 0.0010298
6478 3667 0.0010298
3670 3669 0.00025863
3679 3669 0.00025863
5851 3669 0.00025863
3668 3670 0.00025722
3669 3670 0.00025722
6478 3670 0.00025722
3671 3672 0.00022007
5854 3672 0.00022007
3674 3673 0.00012538
3696 3673 0.00012538
3697 3673 0.00012538
3672 3674 0.00031323
3673 3674 0.00031323
3675 3674 0.00031323
3676 3675 0.000121
3677 3675 0.000121
3690 3675 0.000121
3680 3679 0.00033085
3681 3679 0.00033085
3689 3679 0.00033085
6479 3679 0.00033085
3670 3680 0.00019883
3679 3680 0.00019883
5851 3680 0.00019883
3053 3681 0.0013078
3682 3681 0.0013078
3683 3681 0.0013078
3684 3683 0.00117
3686 3683 0.00117
3687 3683 0.00117
3053 3684 0.00065726
3682 3684 0.00065726
3683 3684 0.00065726
3684 3685 0.00078339
3686 3685 0.00078339
3687 3685 0.00078339
3688 3687 0.0018818
3714 3687 0.0018818
3715 3687 0.0018818
3684 3688 0.00066778
3686 3688 0.00066778
3687 3688 0.00066778
3680 3690 0.000121
3681 3690 0.000121
3689 3690 0.000121
6479 3690 0.000121
3370 3691 0.04
3692 3691 0.04
3693 3691 0.04
3694 3693 0.040212
3695 3693 0.040212
6563 3693 0.040212
3674 3695 0.040206
3696 3695 0.040206
3697 3695 0.040206
3642 3697 0.040028
3698 3697 0.040028
3716 3697 0.040028
1972 3705 0.0001071
3706 3705 0.0001071
3707 3705 0.0001071
3736 3705 0.0001071
134 3707 0.00018618
3708 3707 0.00018618
3709 3707 0.00018618
3051 3709 0.00030663
3710 3709 0.00030663
3711 3709 0.00030663
134 3710 0.00043855
3708 3710 0.00043855
3709 3710 0.00043855
2146 3711 0.0007025
3712 3711 0.0007025
4663 3711 0.0007025
7113 3711 0.0007025
3051 3712 0.00055705
3710 3712 0.00055705
3711 3712 0.00055705
3688 3713 0.0034445
3714 3713 0.0034445
3715 3713 0.0034445
3713 3714 0.0055342
6921 3714 0.0055342
7114 3714 0.0055342
3642 3715 0.0029281
3698 3715 0.0029281
3716 3715 0.0029281
3688 3716 0.0038038
3714 3716 0.0038038
3715 3716 0.0038038
3907 3906 0.0014226
4019 3906 0.0014226
6228 3906 0.0014226
6358 3906 0.0014226
2072 3907 0.003211
2074 3907 0.003211
2075 3907 0.003211
3906 3907 0.003211
3909 3908 0.00067969
6113 3908 0.00067969
6400 3908 0.00067969
6401 3908 0.00067969
3908 3909 0.00099592
6392 3909 0.00099592
6393 3909 0.00099592
3145 3910 0.035418
3148 3910 0.035418
3911 3910 0.035418
6109 3910 0.035418
3139 3911 0.0015237
3910 3911 0.0015237
6112 3911 0.0015237
4685 3962 0.94928
5086 3962 0.94928
1129 3964 0.00024419
3963 3964 0.00024419
4020 4019 0.0040774
6232 4019 0.0040774
6351 4019 0.0040774
3907 4020 0.00067095
4019 4020 0.00067095
6228 4020 0.00067095
6358 4020 0.00067095
2146 4662 0.95797
3712 4662 0.95797
4663 4662 0.95797
7113 4662 0.95797
3347 4684 0.041304
3354 4684 0.041304
4683 4684 0.041304
4788 4787 0.0089026
6408 4787 0.0089026
6409 4787 0.0089026
3141 4788 0.24103
3144 4788 0.24103
4787 4788 0.24103
996 4789 0.000292
3119 4789 0.000292
4790 4789 0.000292
6237 4789 0.000292
4789 4790 0.0017369
6240 4790 0.0017369
6365 4790 0.0017369
4685 5085 0.010221
5086 5085 0.010221
5087 5086 0.95946
5271 5086 0.95946
1129 5087 0.0012896
3963 5087 0.0012896
7272 5088 0.00071414
7274 5088 0.00071414
5091 5090 0.00091625
5838 5090 0.00091625
1128 5091 0.0099558
5092 5091 0.0099558
5093 5092 0.00069944
5088 5093 0.00071635
5094 5093 0.00071635
3121 5237 0.0030862
3328 5237 0.0030862
3329 5237 0.0030862
2149 5260 0.29805
7287 5260 0.29805
3638 5267 0.00055186
3640 5267 0.00055186
5268 5267 0.00055186
3138 5268 0.0079457
5832 5268 0.0079457
6422 5268 0.0079457
3122 5269 0.0087611
5270 5269 0.0087611
6233 5269 0.0087611
2753 5270 0.0027006
3327 5270 0.0027006
5237 5270 0.0027006
3964 5271 0.95821
6738 5271 0.95821
2350 5670 0.00089541
5671 5670 0.00089541
5836 5670 0.00089541
1975 5692 0.00067414
3091 5692 0.00067414
5682 5692 0.00067414
5693 5692 0.00067414
5822 5823 0.00014007
6963 5823 0.00014007
7102 5823 0.00014007
7104 5823 0.00014007
5824 5825 0.00013295
6964 5825 0.00013295
7100 5825 0.00013295
5825 5831 0.00011653
5826 5831 0.00011653
5830 5831 0.00011653
2352 5832 0.02044
2355 5832 0.02044
5269 5832 0.02044
6877 5835 0.00091361
5835 5836 0.00091076
5091 5837 0.0090418
5838 5837 0.0090418
5840 5839 0.00013122
5846 5839 0.00013122
6562 5839 0.00013122
5839 5840 0.00013622
5842 5840 0.00013622
5848 5840 0.00013622
5839 5841 0.00013122
5842 5841 0.00013122
5848 5841 0.00013122
5841 5842 0.00013622
5844 5842 0.00013622
5850 5842 0.00013622
5841 5843 0.00013122
5844 5843 0.00013122
5850 5843 0.00013122
3666 5844 0.00013622
3667 5844 0.00013622
5843 5844 0.00013622
3670 5852 0.00022007
3679 5852 0.00022007
5851 5852 0.00022007
5852 5854 0.00022007
5853 5854 0.00022007
3125 5948 0.022576
3128 5948 0.022576
5949 5948 0.022576
3135 5949 0.0037127
5948 5949 0.0037127
5953 5949 0.0037127
3147 5950 0.0016341
5951 5950 0.0016341
6398 5950 0.0016341
6399 5950 0.0016341
5950 5951 0.0017581
6389 5951 0.0017581
6405 5951 0.0017581
3135 5952 0.05378
5948 5952 0.05378
5953 5952 0.05378
5952 5953 0.0020243
6378 5953 0.0020243
6379 5953 0.0020243
3133 5954 0.00043177
5955 5954 0.00043177
6394 5954 0.00043177
5954 5955 0.0022708
6370 5955 0.0022708
6388 5955 0.0022708
7111 5955 0.0022708
3117 5956 0.00018041
5957 5956 0.00018041
6368 5956 0.00018041
6369 5956 0.00018041
5956 5957 0.0011021
6386 5957 0.0011021
6387 5957 0.0011021
3113 6105 0.0039046
3116 6105 0.0039046
6106 6105 0.0039046
3129 6106 0.00043871
3132 6106 0.00043871
6105 6106 0.00043871
6108 6106 0.00043871
3129 6107 0.022693
3132 6107 0.022693
6105 6107 0.022693
6108 6107 0.022693
6107 6108 0.00027241
6110 6108 0.00027241
6114 6108 0.00027241
6107 6109 0.022612
6110 6109 0.022612
6114 6109 0.022612
3145 6110 0.00060557
3148 6110 0.00060557
3911 6110 0.00060557
6109 6110 0.00060557
3139 6111 0.0019335
3910 6111 0.0019335
6112 6111 0.0019335
6111 6112 0.01107
6396 6112 0.01107
6397 6112 0.01107
6406 6112 0.01107
6107 6113 0.0021517
6110 6113 0.0021517
6114 6113 0.0021517
3909 6114 0.001738
6113 6114 0.001738
6400 6114 0.001738
6401 6114 0.001738
3214 6155 0.00023057
6156 6155 0.00023057
7264 6155 0.00023057
6158 6157 0.0002296
7266 6157 0.0002296
7268 6157 0.0002296
2444 6159 0.0002222
6160 6159 0.0002222
6161 6159 0.0002222
3204 6161 0.00022321
6162 6161 0.00022321
6163 6161 0.00022321
3950 6163 0.00020579
6164 6163 0.00020579
6165 6163 0.00020579
2136 6165 0.00019506
2853 6165 0.00019506
3220 6165 0.00019506
6166 6165 0.00019506
6206 6205 0.00084669
6209 6205 0.00084669
6211 6205 0.00084669
3655 6206 0.00024437
3658 6206 0.00024437
6205 6206 0.00024437
3653 6209 0.00084669
3656 6209 0.00084669
6210 6209 0.00084669
6206 6210 0.00024437
6209 6210 0.00024437
6211 6210 0.00024437
3333 6226 0.00018084
3336 6226 0.00018084
6225 6226 0.00018084
3907 6227 0.00023785
4019 6227 0.00023785
6228 6227 0.00023785
6358 6227 0.00023785
548 6228 0.0011585
6226 6228 0.0011585
6227 6228 0.0011585
6230 6228 0.0011585
548 6229 0.00015054
6226 6229 0.00015054
6227 6229 0.00015054
6230 6229 0.00015054
6229 6230 0.0004952
6979 6230 0.0004952
7063 6230 0.0004952
4020 6231 0.0018316
6232 6231 0.0018316
6351 6231 0.0018316
6231 6232 0.0041158
6234 6232 0.0041158
6354 6232 0.0041158
6231 6233 0.00085165
6234 6233 0.00085165
6354 6233 0.00085165
3122 6234 0.0054318
5270 6234 0.0054318
6233 6234 0.0054318
2071 6237 0.00074115
6238 6237 0.00074115
6239 6237 0.00074115
996 6238 0.0018679
3119 6238 0.0018679
4790 6238 0.0018679
6237 6238 0.0018679
4789 6239 0.00094636
6240 6239 0.00094636
6365 6239 0.00094636
2071 6240 0.00012863
6238 6240 0.00012863
6239 6240 0.00012863
950 6351 0.0029528
6352 6351 0.0029528
6353 6351 0.0029528
6356 6351 0.0029528
4020 6352 0.0018306
6232 6352 0.0018306
6351 6352 0.0018306
2354 6353 0.015307
2357 6353 0.015307
948 6354 0.00036079
951 6354 0.00036079
6355 6354 0.00036079
6231 6355 0.0026567
6234 6355 0.0026567
6354 6355 0.0026567
950 6357 0.0165
6352 6357 0.0165
6353 6357 0.0165
6356 6357 0.0165
995 6358 0.00055642
6359 6358 0.00055642
6360 6358 0.00055642
3907 6359 0.0066719
4019 6359 0.0066719
6228 6359 0.0066719
6358 6359 0.0066719
6357 6360 0.0010887
6361 6360 0.0010887
995 6361 0.019873
6359 6361 0.019873
6360 6361 0.019873
6357 6362 0.035266
6361 6362 0.035266
6364 6363 0.012076
6410 6363 0.012076
6411 6363 0.012076
6363 6364 0.18721
6943 6364 0.18721
7165 6364 0.18721
2364 6365 0.0023396
2367 6365 0.0023396
6366 6365 0.0023396
6367 6365 0.0023396
3117 6367 0.0046362
5957 6367 0.0046362
6368 6367 0.0046362
6369 6367 0.0046362
5954 6369 0.0055153
6370 6369 0.0055153
6388 6369 0.0055153
7111 6369 0.0055153
3140 6371 0.036114
6372 6371 0.036114
6373 6371 0.036114
6407 6371 0.036114
2078 6372 0.019009
2358 6372 0.019009
2361 6372 0.019009
6371 6372 0.019009
3143 6373 0.20652
3146 6373 0.20652
6374 6373 0.20652
6375 6373 0.20652
3140 6374 0.0054456
6372 6374 0.0054456
6373 6374 0.0054456
6407 6374 0.0054456
6376 6375 0.2334
6377 6375 0.2334
6417 6375 0.2334
3143 6376 0.00044426
3146 6376 0.00044426
6374 6376 0.00044426
6375 6376 0.00044426
5952 6377 0.11566
6378 6377 0.11566
6379 6377 0.11566
6376 6378 0.00069828
6377 6378 0.00069828
6417 6378 0.00069828
3127 6379 0.064844
3130 6379 0.064844
6380 6379 0.064844
6381 6379 0.064844
5952 6380 0.001638
6378 6380 0.001638
6379 6380 0.001638
3111 6381 0.0082337
3114 6381 0.0082337
6382 6381 0.0082337
6383 6381 0.0082337
3127 6382 0.0014993
3130 6382 0.0014993
6380 6382 0.0014993
6381 6382 0.0014993
5956 6385 0.00090421
6386 6385 0.00090421
6387 6385 0.00090421
5954 6387 0.0018022
6370 6387 0.0018022
6388 6387 0.0018022
7111 6387 0.0018022
3118 6389 0.0033259
6390 6389 0.0033259
6391 6389 0.0033259
3908 6391 0.0017613
6392 6391 0.0017613
6393 6391 0.0017613
3118 6392 0.00030511
6390 6392 0.00030511
6391 6392 0.00030511
3133 6393 0.0018729
5955 6393 0.0018729
6394 6393 0.0018729
3908 6394 0.00010051
6392 6394 0.00010051
6393 6394 0.00010051
6111 6395 0.0039465
6396 6395 0.0039465
6397 6395 0.0039465
6406 6395 0.0039465
2362 6396 0.0019394
2365 6396 0.0019394
6395 6396 0.0019394
3147 6397 0.0089076
5951 6397 0.0089076
6398 6397 0.0089076
6399 6397 0.0089076
6111 6398 0.0008718
6396 6398 0.0008718
6397 6398 0.0008718
6406 6398 0.0008718
3909 6399 0.0069656
6113 6399 0.0069656
6400 6399 0.0069656
6401 6399 0.0069656
3147 6400 0.00025893
5951 6400 0.00025893
6398 6400 0.00025893
6399 6400 0.00025893
3131 6401 0.0061229
3134 6401 0.0061229
6402 6401 0.0061229
6403 6401 0.0061229
3909 6402 0.00014607
6113 6402 0.00014607
6400 6402 0.00014607
6401 6402 0.00014607
3115 6403 0.00132
5959 6403 0.00132
6404 6403 0.00132
6111 6405 0.00017156
6396 6405 0.00017156
6397 6405 0.00017156
6406 6405 0.00017156
5950 6406 0.0032794
6389 6406 0.0032794
6405 6406 0.0032794
4788 6407 0.0076766
6408 6407 0.0076766
6409 6407 0.0076766
3140 6408 0.23468
6372 6408 0.23468
6373 6408 0.23468
6407 6408 0.23468
6364 6409 0.0071251
6410 6409 0.0071251
6411 6409 0.0071251
4788 6410 0.46625
6408 6410 0.46625
6409 6410 0.46625
5834 6411 0.37515
6412 6411 0.37515
6413 6411 0.37515
6364 6412 0.009407
6410 6412 0.009407
6411 6412 0.009407
3142 6413 0.37515
6414 6413 0.37515
6415 6413 0.37515
5834 6414 0.009407
6412 6414 0.009407
6413 6414 0.009407
6416 6415 0.58155
6418 6415 0.58155
6419 6415 0.58155
3142 6416 0.0024765
6414 6416 0.0024765
6415 6416 0.0024765
6416 6417 0.1255
6418 6417 0.1255
6419 6417 0.1255
6376 6418 0.0074989
6377 6418 0.0074989
6417 6418 0.0074989
3304 6419 0.69736
6420 6419 0.69736
6421 6419 0.69736
6416 6420 0.00029539
6418 6420 0.00029539
6419 6420 0.00029539
3138 6421 0.62845
5832 6421 0.62845
6422 6421 0.62845
3304 6422 0.001492
6420 6422 0.001492
6421 6422 0.001492
3680 6478 0.001041
3681 6478 0.001041
3689 6478 0.001041
6479 6478 0.001041
3694 6562 0.00013122
3695 6562 0.00013122
6563 6562 0.00013122
5840 6563 0.00013622
5846 6563 0.00013622
6562 6563 0.00013622
6150 6617 0.00042472
6616 6617 0.00042472
6619 6617 0.00042472
6152 6619 0.00042069
6618 6619 0.00042069
6621 6619 0.00042069
5718 6621 0.00043196
6620 6621 0.00043196
6623 6621 0.00043196
6622 6623 0.00043196
7229 6623 0.00043196
4662 6738 0.95797
6739 6738 0.95797
2148 6794 0.66348
6795 6794 0.66348
724 6795 0.0013251
2147 6795 0.0013251
6794 6795 0.0013251
2150 6796 0.96021
6797 6796 0.96021
5085 6873 0.0092564
5267 6873 0.0092564
6873 6874 0.0092564
5090 6877 0.00091361
3713 6920 0.037126
6921 6920 0.037126
7114 6920 0.037126
723 6921 0.056653
6920 6921 0.056653
6939 6938 0.022562
7067 6938 0.022562
7163 6938 0.022562
7164 6938 0.022562
6938 6939 0.025459
6941 6939 0.025459
6949 6939 0.025459
6938 6940 0.0094122
6941 6940 0.0094122
6949 6940 0.0094122
6940 6941 0.028957
6942 6941 0.028957
6945 6941 0.028957
6947 6941 0.028957
6363 6942 0.028957
6943 6942 0.028957
7165 6942 0.028957
6940 6943 0.0094122
6942 6943 0.0094122
6945 6943 0.0094122
6947 6943 0.0094122
6938 6948 0.025457
6941 6948 0.025457
6949 6948 0.025457
6948 6949 0.008809
6950 6949 0.008809
6953 6949 0.008809
6948 6952 0.025457
6950 6952 0.025457
6953 6952 0.025457
6952 6953 0.008809
7161 6953 0.008809
7162 6953 0.008809
5824 6963 0.00010293
6964 6963 0.00010293
7100 6963 0.00010293
6969 6971 0.00014072
6972 6971 0.00014072
6975 6971 0.00014072
7066 6971 0.00014072
6971 6972 0.00010051
6974 6972 0.00010051
7064 6972 0.00010051
6971 6973 0.00017942
6974 6973 0.00017942
7064 6973 0.00017942
6973 6974 0.00013494
6976 6974 0.00013494
6978 6974 0.00013494
6973 6975 0.00022226
6976 6975 0.00022226
6978 6975 0.00022226
6973 6977 0.0001047
6976 6977 0.0001047
6978 6977 0.0001047
3320 6978 0.00021467
6977 6978 0.00021467
7096 6978 0.00021467
6980 6979 0.0004047
7065 6979 0.0004047
7098 6979 0.0004047
6971 7063 0.00017735
6974 7063 0.00017735
7064 7063 0.00017735
6229 7064 0.00018162
6979 7064 0.00018162
7063 7064 0.00018162
6969 7065 0.00019706
6972 7065 0.00019706
6975 7065 0.00019706
7066 7065 0.00019706
5670 7086 0.0017459
6385 7086 0.0017459
7085 7086 0.0017459
547 7093 0.0002145
2073 7093 0.0002145
7094 7093 0.0002145
3319 7094 0.00012014
5985 7094 0.00012014
7093 7094 0.00012014
7095 7094 0.00012014
3320 7095 0.00010235
6977 7095 0.00010235
7096 7095 0.00010235
3319 7096 0.00022389
5985 7096 0.00022389
7093 7096 0.00022389
7095 7096 0.00022389
3321 7098 0.00027403
3322 7098 0.00027403
7097 7098 0.00027403
3325 7100 0.00019533
3326 7100 0.00019533
7099 7100 0.00019533
5822 7103 0.00011299
6963 7103 0.00011299
7102 7103 0.00011299
7104 7103 0.00011299
3323 7104 0.00010046
3324 7104 0.00010046
7103 7104 0.00010046
5837 7111 0.0090418
6927 7111 0.0090418
7069 7111 0.0090418
7112 7111 0.0090418
3713 7113 0.057414
6921 7113 0.057414
7114 7113 0.057414
2146 7114 0.039977
3712 7114 0.039977
4663 7114 0.039977
7113 7114 0.039977
7156 7157 0.00043196
7159 7157 0.00043196
1660 7159 0.00043196
6196 7159 0.00043196
7158 7159 0.00043196
6952 7160 0.0006007
7161 7160 0.0006007
7162 7160 0.0006007
2356 7161 0.17574
2359 7161 0.17574
6362 7161 0.17574
7160 7161 0.17574
6939 7162 0.0010801
7067 7162 0.0010801
7163 7162 0.0010801
7164 7162 0.0010801
6952 7163 0.19286
7161 7163 0.19286
7162 7163 0.19286
6363 7164 0.0040405
6943 7164 0.0040405
7165 7164 0.0040405
6939 7165 0.19872
7067 7165 0.19872
7163 7165 0.19872
7164 7165 0.19872
6796 7182 0.96021
7183 7182 0.96021
7182 7184 0.96021
7185 7184 0.96021
7228 7229 0.00043196
7231 7229 0.00043196
7157 7231 0.00043196
7230 7231 0.00043196
6157 7264 0.0002296
7265 7264 0.0002296
6159 7268 0.0002222
7269 7268 0.0002222
1127 7274 0.00070422
3095 7274 0.00070422
3098 7274 0.00070422
7184 7287 0.96021
7288 7287 0.96021
