86 85 0.002739
89 85 0.002739
6576 85 0.002739
85 86 0.0018711
3724 86 0.0018711
3725 86 0.0018711
88 87 0.0015171
90 87 0.0015171
773 87 0.0015171
6568 87 0.0015171
87 88 0.0043091
3728 88 0.0043091
3729 88 0.0043091
88 89 0.0049362
90 89 0.0049362
773 89 0.0049362
6568 89 0.0049362
86 90 0.00011719
89 90 0.00011719
6576 90 0.00011719
91 92 0.0079609
3732 92 0.0079609
3733 92 0.0079609
98 97 0.0099483
3704 97 0.0099483
3705 97 0.0099483
97 98 0.003256
412 98 0.003256
6566 98 0.003256
100 99 0.0013884
102 99 0.0013884
4555 99 0.0013884
99 100 0.00035275
366 100 0.00035275
3737 100 0.00035275
100 101 0.0005969
102 101 0.0005969
4555 101 0.0005969
101 102 0.00057148
367 102 0.00057148
3738 102 0.00057148
110 109 0.015187
5717 109 0.015187
6560 109 0.015187
109 110 0.0011507
782 110 0.0011507
784 110 0.0011507
112 111 0.00016331
424 111 0.00016331
425 111 0.00016331
6552 111 0.00016331
111 112 0.00011808
387 112 0.00011808
394 112 0.00011808
114 113 0.00013448
422 113 0.00013448
423 113 0.00013448
6550 113 0.00013448
113 114 0.00011236
384 114 0.00011236
385 114 0.00011236
116 115 0.00019214
420 115 0.00019214
421 115 0.00019214
1584 115 0.00019214
115 116 0.00011351
382 116 0.00011351
383 116 0.00011351
134 133 0.067248
3708 133 0.067248
3709 133 0.067248
133 134 0.038934
3052 134 0.038934
99 365 0.0020755
366 365 0.0020755
3737 365 0.0020755
365 366 0.00044211
3722 366 0.00044211
3723 366 0.00044211
368 367 0.00091743
371 367 0.00091743
376 367 0.00091743
101 368 0.00034512
367 368 0.00034512
3738 368 0.00034512
370 369 0.00050066
372 369 0.00050066
369 370 0.00023708
374 370 0.00023708
375 370 0.00023708
370 371 0.00023708
372 371 0.00023708
368 372 0.00050066
371 372 0.00050066
376 372 0.00050066
369 373 0.00074812
374 373 0.00074812
375 373 0.00074812
373 374 0.0013204
3730 374 0.0013204
3731 374 0.0013204
368 375 0.00031292
371 375 0.00031292
376 375 0.00031292
369 376 0.0011488
374 376 0.0011488
375 376 0.0011488
115 381 0.00014219
382 381 0.00014219
383 381 0.00014219
381 382 0.00012408
400 382 0.00012408
401 382 0.00012408
413 382 0.00012408
115 384 0.00015247
382 384 0.00015247
383 384 0.00015247
113 386 0.00015037
384 386 0.00015037
385 386 0.00015037
111 388 0.00017803
387 388 0.00017803
394 388 0.00017803
380 394 0.00015024
386 394 0.00015024
393 394 0.00015024
402 401 0.00025901
403 401 0.00025901
418 401 0.00025901
419 401 0.00025901
381 402 0.00015635
400 402 0.00015635
401 402 0.00015635
413 402 0.00015635
404 403 0.00093935
405 403 0.00093935
6570 403 0.00093935
6573 403 0.00093935
97 411 0.0099483
412 411 0.0099483
6566 411 0.0099483
411 412 0.003256
3734 412 0.003256
3735 412 0.003256
414 413 0.00012923
415 413 0.00012923
417 413 0.00012923
381 414 0.00024935
400 414 0.00024935
401 414 0.00024935
413 414 0.00024935
416 415 0.00013292
3096 415 0.00013292
7148 415 0.00013292
414 416 0.002314
415 416 0.002314
417 416 0.002314
402 417 0.0021273
403 417 0.0021273
418 417 0.0021273
419 417 0.0021273
116 419 0.0014748
420 419 0.0014748
421 419 0.0014748
1584 419 0.0014748
402 420 0.00017457
403 420 0.00017457
418 420 0.00017457
419 420 0.00017457
114 421 0.0007237
422 421 0.0007237
423 421 0.0007237
6550 421 0.0007237
116 422 0.00074737
420 422 0.00074737
421 422 0.00074737
1584 422 0.00074737
112 423 0.00056706
424 423 0.00056706
425 423 0.00056706
6552 423 0.00056706
114 424 0.0014725
422 424 0.0014725
423 424 0.0014725
6550 424 0.0014725
426 425 0.00037565
3720 425 0.00037565
3721 425 0.00037565
4661 425 0.00037565
112 426 0.0042655
424 426 0.0042655
425 426 0.0042655
6552 426 0.0042655
428 427 0.002797
429 427 0.002797
3089 427 0.002797
5680 427 0.002797
427 428 0.0053943
431 428 0.0053943
3097 428 0.0053943
2279 431 0.00036004
5674 431 0.00036004
7273 431 0.00036004
427 432 0.0011724
431 432 0.0011724
3097 432 0.0011724
5835 433 0.0016229
548 547 0.035543
6226 547 0.035543
6227 547 0.035543
6230 547 0.035543
547 548 0.055378
2073 548 0.055378
7094 548 0.055378
554 553 0.049096
1525 553 0.049096
2824 553 0.049096
553 554 0.00090744
3702 554 0.00090744
3703 554 0.00090744
5260 723 0.0056257
723 724 0.097575
6920 724 0.097575
774 773 0.00017903
775 773 0.00017903
88 774 0.0028939
90 774 0.0028939
773 774 0.0028939
6568 774 0.0028939
776 775 0.00017903
6574 775 0.00017903
774 776 0.0028939
775 776 0.0028939
109 781 0.015187
782 781 0.015187
784 781 0.015187
781 782 0.0011507
3700 782 0.0011507
3701 782 0.0011507
948 950 0.030002
951 950 0.030002
6355 950 0.030002
950 951 0.011699
6352 951 0.011699
6353 951 0.011699
6356 951 0.011699
995 994 0.018505
6359 994 0.018505
6360 994 0.018505
994 995 0.066419
997 995 0.066419
2076 995 0.066419
2077 995 0.066419
994 996 0.01197
997 996 0.01197
2076 996 0.01197
2077 996 0.01197
996 997 0.030799
3119 997 0.030799
4790 997 0.030799
6237 997 0.030799
432 1127 0.04064
5692 1127 0.04064
6874 1128 0.014197
5085 1129 0.0014227
5267 1129 0.0014227
1520 1521 0.028225
1523 1521 0.028225
2825 1521 0.028225
1522 1523 0.06688
2821 1523 0.06688
2827 1523 0.06688
554 1524 0.0051624
1525 1524 0.0051624
2824 1524 0.0051624
1524 1525 0.014693
1968 1525 0.014693
2820 1525 0.014693
1527 1526 0.097502
1967 1526 0.097502
2822 1526 0.097502
1528 1530 0.0079919
1531 1530 0.0079919
3303 1530 0.0079919
1530 1531 0.0068153
1533 1531 0.0068153
2850 1531 0.0068153
1530 1532 0.0010121
1533 1532 0.0010121
2850 1532 0.0010121
1532 1533 0.0021765
2851 1533 0.0021765
3339 1533 0.0021765
1566 1568 0.014152
1569 1568 0.014152
5716 1568 0.014152
1568 1570 0.064142
1571 1570 0.064142
3699 1570 0.064142
1570 1572 0.007844
1573 1572 0.007844
3092 1572 0.007844
408 1574 0.007844
1575 1574 0.007844
7224 1574 0.007844
1574 1576 0.011427
1577 1576 0.011427
6571 1576 0.011427
1578 1580 0.0031908
1581 1580 0.0031908
4558 1580 0.0031908
1580 1582 0.0014829
1583 1582 0.0014829
6572 1582 0.0014829
6575 1582 0.0014829
1582 1584 0.0014435
1585 1584 0.0014435
4524 1584 0.0014435
1524 1967 1.022
1968 1967 1.022
2820 1967 1.022
1527 1968 0.00092209
1967 1968 0.00092209
2822 1968 0.00092209
1972 1971 0.00098188
3706 1971 0.00098188
3707 1971 0.00098188
3736 1971 0.00098188
1969 1972 0.92463
1971 1972 0.92463
2823 1972 0.92463
1973 1974 0.00011684
3048 1974 0.00011684
2072 2071 0.0010084
2074 2071 0.0010084
2075 2071 0.0010084
3906 2071 0.0010084
2071 2072 0.051531
6238 2072 0.051531
6239 2072 0.051531
2072 2073 0.15133
2074 2073 0.15133
2075 2073 0.15133
3906 2073 0.15133
547 2074 0.0015129
2073 2074 0.0015129
7094 2074 0.0015129
994 2075 0.12709
997 2075 0.12709
2076 2075 0.12709
2077 2075 0.12709
2072 2076 0.005809
2074 2076 0.005809
2075 2076 0.005809
3906 2076 0.005809
2078 2077 0.15441
2358 2077 0.15441
2361 2077 0.15441
6371 2077 0.15441
994 2078 0.004042
997 2078 0.004042
2076 2078 0.004042
2077 2078 0.004042
724 2146 0.097131
2147 2146 0.097131
6794 2146 0.097131
2146 2147 0.0051809
3712 2147 0.0051809
4663 2147 0.0051809
7113 2147 0.0051809
2148 2149 0.0056257
6795 2149 0.0056257
2348 2349 0.0024299
5239 2349 0.0024299
5739 2349 0.0024299
2351 2350 0.0012491
4656 2350 0.0012491
7014 2350 0.0012491
7087 2350 0.0012491
2350 2351 0.0056008
5671 2351 0.0056008
5836 2351 0.0056008
2353 2352 0.33642
3337 2352 0.33642
2352 2353 0.00054523
2355 2353 0.00054523
5269 2353 0.00054523
2352 2354 0.35053
2355 2354 0.35053
5269 2354 0.35053
2354 2355 0.00013888
2357 2355 0.00013888
2354 2356 0.1043
2357 2356 0.1043
2356 2357 0.0039773
2359 2357 0.0039773
6362 2357 0.0039773
7160 2357 0.0039773
2356 2358 0.11719
2359 2358 0.11719
6362 2358 0.11719
7160 2358 0.11719
2078 2359 0.0032268
2358 2359 0.0032268
2361 2359 0.0032268
6371 2359 0.0032268
2078 2360 0.030107
2358 2360 0.030107
2361 2360 0.030107
6371 2360 0.030107
2360 2361 0.008551
2363 2361 0.008551
3120 2361 0.008551
2360 2362 0.003664
2363 2362 0.003664
3120 2362 0.003664
2362 2363 0.015687
2365 2363 0.015687
6395 2363 0.015687
2362 2364 0.0043206
2365 2364 0.0043206
6395 2364 0.0043206
2364 2365 0.012168
2367 2365 0.012168
6366 2365 0.012168
6367 2365 0.012168
2364 2366 0.0057572
2367 2366 0.0057572
6366 2366 0.0057572
6367 2366 0.0057572
2366 2367 0.0099535
7006 2367 0.0099535
7086 2367 0.0099535
1522 2820 0.031955
2821 2820 0.031955
2827 2820 0.031955
1524 2821 0.0013493
1968 2821 0.0013493
2820 2821 0.0013493
1969 2822 0.00098188
1971 2822 0.00098188
2823 2822 0.00098188
1527 2823 0.92463
1967 2823 0.92463
2822 2823 0.92463
1520 2824 0.039513
1523 2824 0.039513
2825 2824 0.039513
554 2825 0.00085514
1525 2825 0.00085514
2824 2825 0.00085514
1526 2827 0.097502
2826 2827 0.097502
1530 2849 0.0088752
1533 2849 0.0088752
2850 2849 0.0088752
600 2850 0.0065341
2849 2850 0.0065341
3344 2850 0.0065341
3345 2850 0.0065341
3047 3048 0.00011684
6556 3048 0.00011684
6559 3048 0.00011684
133 3051 0.067248
3052 3051 0.067248
3051 3052 0.038934
3710 3052 0.038934
3711 3052 0.038934
3054 3053 0.00095347
3685 3053 0.00095347
3053 3054 0.00010247
3682 3054 0.00010247
3683 3054 0.00010247
3085 3086 0.019319
3088 3086 0.019319
5398 3086 0.019319
3087 3088 0.019211
7151 3088 0.019211
428 3090 0.019508
429 3090 0.019508
3089 3090 0.019508
5680 3090 0.019508
1570 3091 0.056374
1573 3091 0.056374
3092 3091 0.056374
416 3095 0.013621
3096 3095 0.013621
7148 3095 0.013621
1127 3097 0.0055824
3095 3097 0.0055824
3098 3097 0.0055824
427 3098 0.0021727
431 3098 0.0021727
3097 3098 0.0021727
3105 3106 0.00025198
5399 3106 0.00025198
5963 3106 0.00025198
3107 3109 0.0012313
3110 3109 0.0012313
3309 3109 0.0012313
3310 3109 0.0012313
3109 3111 0.0018462
3112 3111 0.0018462
3313 3111 0.0018462
3314 3111 0.0018462
3111 3113 0.00078991
3114 3113 0.00078991
6382 3113 0.00078991
6383 3113 0.00078991
3113 3115 0.00032775
3116 3115 0.00032775
6106 3115 0.00032775
3118 3117 0.00076775
6390 3117 0.00076775
6391 3117 0.00076775
3117 3118 0.001701
5957 3118 0.001701
6368 3118 0.001701
6369 3118 0.001701
2360 3119 0.035439
2363 3119 0.035439
3120 3119 0.035439
996 3120 0.0018595
3119 3120 0.0018595
4790 3120 0.0018595
6237 3120 0.0018595
3122 3121 0.0012395
5270 3121 0.0012395
6233 3121 0.0012395
3121 3122 0.29032
3328 3122 0.29032
3329 3122 0.29032
3124 3123 0.016427
3307 3123 0.016427
3308 3123 0.016427
3637 3123 0.016427
3123 3124 0.0001219
3126 3124 0.0001219
3312 3124 0.0001219
3123 3125 0.015763
3126 3125 0.015763
3312 3125 0.015763
3125 3127 0.012929
3128 3127 0.012929
5949 3127 0.012929
3127 3129 0.004056
3130 3129 0.004056
6380 3129 0.004056
6381 3129 0.004056
3129 3130 0.00028688
3132 3130 0.00028688
6105 3130 0.00028688
6108 3130 0.00028688
3129 3131 0.0017268
3132 3131 0.0017268
6105 3131 0.0017268
6108 3131 0.0017268
3131 3132 0.00046517
3134 3132 0.00046517
6402 3132 0.00046517
6403 3132 0.00046517
3131 3133 0.0009949
3134 3133 0.0009949
6402 3133 0.0009949
6403 3133 0.0009949
3133 3134 0.0010257
5955 3134 0.0010257
6394 3134 0.0010257
3136 3135 0.0059203
3305 3135 0.0059203
3306 3135 0.0059203
3135 3136 0.00049324
5948 3136 0.00049324
5953 3136 0.00049324
3138 3137 0.0031177
5832 3137 0.0031177
6422 3137 0.0031177
3137 3138 0.034917
3302 3138 0.034917
3338 3138 0.034917
3140 3139 0.0014864
6372 3139 0.0014864
6373 3139 0.0014864
6407 3139 0.0014864
3139 3140 0.0052881
3910 3140 0.0052881
6112 3140 0.0052881
3142 3141 0.011071
6414 3141 0.011071
6415 3141 0.011071
3141 3142 0.0004839
3144 3142 0.0004839
4787 3142 0.0004839
3141 3143 0.0097449
3144 3143 0.0097449
4787 3143 0.0097449
3143 3144 0.0014427
3146 3144 0.0014427
6374 3144 0.0014427
6375 3144 0.0014427
3143 3145 0.0036633
3146 3145 0.0036633
6374 3145 0.0036633
6375 3145 0.0036633
3145 3146 0.0020661
3148 3146 0.0020661
3911 3146 0.0020661
6109 3146 0.0020661
3145 3147 0.0018111
3148 3147 0.0018111
3911 3147 0.0018111
6109 3147 0.0018111
3147 3148 0.0010757
5951 3148 0.0010757
6398 3148 0.0010757
6399 3148 0.0010757
1528 3302 0.0068153
1531 3302 0.0068153
3303 3302 0.0068153
3137 3303 0.0079919
3302 3303 0.0079919
3338 3303 0.0079919
3136 3304 0.0069042
3305 3304 0.0069042
3306 3304 0.0069042
3304 3305 0.0016767
6420 3305 0.0016767
6421 3305 0.0016767
3124 3306 0.011176
3307 3306 0.011176
3308 3306 0.011176
3637 3306 0.011176
3136 3307 0.0005217
3305 3307 0.0005217
3306 3307 0.0005217
3124 3309 0.0012313
3307 3309 0.0012313
3308 3309 0.0012313
3637 3309 0.0012313
3109 3312 0.00032176
3112 3312 0.00032176
3313 3312 0.00032176
3314 3312 0.00032176
3123 3313 0.00094911
3126 3313 0.00094911
3312 3313 0.00094911
3316 3317 0.035923
7005 3317 0.035923
7008 3317 0.035923
7088 3317 0.035923
3319 3318 0.0031471
5985 3318 0.0031471
7093 3318 0.0031471
7095 3318 0.0031471
3318 3319 0.038696
6983 3319 0.038696
7092 3319 0.038696
3321 3320 0.041133
3322 3320 0.041133
7097 3320 0.041133
3320 3321 0.089252
6977 3321 0.089252
7096 3321 0.089252
3323 3322 0.13057
3324 3322 0.13057
7103 3322 0.13057
3321 3323 0.015378
3322 3323 0.015378
7097 3323 0.015378
3325 3324 0.1479
3326 3324 0.1479
7099 3324 0.1479
3323 3325 0.020678
3324 3325 0.020678
7103 3325 0.020678
2753 3326 0.19356
3327 3326 0.19356
5237 3326 0.19356
3325 3327 0.0010666
3326 3327 0.0010666
7099 3327 0.0010666
2353 3328 0.52238
3337 3328 0.52238
3332 3331 0.00063093
3334 3331 0.00063093
3331 3332 0.012763
5827 3332 0.012763
5829 3332 0.012763
3332 3333 0.012763
3334 3333 0.012763
3333 3334 0.00063093
3336 3334 0.00063093
6225 3334 0.00063093
3333 3335 0.0068276
3336 3335 0.0068276
6225 3335 0.0068276
3335 3336 0.071998
5823 3336 0.071998
5831 3336 0.071998
6967 3336 0.071998
3137 3337 0.85826
3302 3337 0.85826
3338 3337 0.85826
3343 3338 0.89124
3639 3338 0.89124
3962 3338 0.89124
3340 3339 0.0021765
3342 3339 0.0021765
3960 3339 0.0021765
1532 3340 0.0010121
2851 3340 0.0010121
3339 3340 0.0010121
3340 3341 0.0010121
3342 3341 0.0010121
3960 3341 0.0010121
3341 3342 0.0021765
3346 3342 0.0021765
4684 3342 0.0021765
600 3343 0.039334
2849 3343 0.039334
3344 3343 0.039334
3345 3343 0.039334
3343 3344 0.0049995
3639 3344 0.0049995
3962 3344 0.0049995
3341 3345 0.032502
3346 3345 0.032502
4684 3345 0.032502
600 3346 0.0005086
2849 3346 0.0005086
3344 3346 0.0005086
3345 3346 0.0005086
73 3347 0.0053453
3348 3347 0.0053453
3349 3347 0.0053453
3350 3349 0.0053453
3351 3349 0.0053453
3363 3349 0.0053453
3352 3351 0.0049417
3366 3351 0.0049417
3691 3351 0.0049417
3353 3354 0.02789
3355 3354 0.02789
7220 3354 0.02789
3364 3363 0.00041762
3365 3363 0.00041762
3367 3363 0.00041762
3364 3366 0.00033476
3365 3366 0.00033476
3367 3366 0.00033476
3368 3367 0.00063557
3369 3367 0.00063557
3665 3367 0.00063557
3368 3370 0.00027908
3369 3370 0.00027908
3665 3370 0.00027908
3638 3637 0.028296
3640 3637 0.028296
5268 3637 0.028296
3124 3638 0.00012635
3307 3638 0.00012635
3308 3638 0.00012635
3637 3638 0.00012635
3638 3639 0.00075348
3640 3639 0.00075348
5268 3639 0.00075348
3343 3640 0.028014
3639 3640 0.028014
3962 3640 0.028014
3666 3665 0.00082408
3667 3665 0.00082408
5843 3665 0.00082408
3668 3667 0.00092923
3669 3667 0.00092923
6478 3667 0.00092923
3670 3669 0.00019296
3679 3669 0.00019296
5851 3669 0.00019296
3668 3670 0.00026702
3669 3670 0.00026702
6478 3670 0.00026702
3671 3672 0.00021407
5854 3672 0.00021407
3672 3674 0.00030585
3673 3674 0.00030585
3675 3674 0.00030585
3676 3675 0.00012006
3677 3675 0.00012006
3690 3675 0.00012006
3680 3679 0.00032273
3681 3679 0.00032273
3689 3679 0.00032273
6479 3679 0.00032273
3670 3680 0.00019656
3679 3680 0.00019656
5851 3680 0.00019656
3053 3681 0.001319
3682 3681 0.001319
3683 3681 0.001319
3684 3683 0.0011995
3686 3683 0.0011995
3687 3683 0.0011995
3053 3684 0.00083036
3682 3684 0.00083036
3683 3684 0.00083036
3684 3685 0.00095347
3686 3685 0.00095347
3687 3685 0.00095347
3054 3686 0.00010247
3685 3686 0.00010247
3688 3687 0.0020687
3714 3687 0.0020687
3715 3687 0.0020687
3684 3688 0.00084862
3686 3688 0.00084862
3687 3688 0.00084862
3680 3690 0.00012006
3681 3690 0.00012006
3689 3690 0.00012006
6479 3690 0.00012006
3370 3691 0.0046633
3692 3691 0.0046633
3693 3691 0.0046633
3694 3693 0.004449
3695 3693 0.004449
6563 3693 0.004449
3674 3695 0.0043428
3696 3695 0.0043428
3697 3695 0.0043428
3642 3697 0.0040645
3698 3697 0.0040645
3716 3697 0.0040645
781 3699 0.050726
3700 3699 0.050726
3701 3699 0.050726
1568 3700 0.00071567
1571 3700 0.00071567
3699 3700 0.00071567
553 3701 0.041809
3702 3701 0.041809
3703 3701 0.041809
781 3702 0.005835
3700 3702 0.005835
3701 3702 0.005835
98 3703 0.029552
3704 3703 0.029552
3705 3703 0.029552
553 3704 0.041766
3702 3704 0.041766
3703 3704 0.041766
1972 3705 0.037138
3706 3705 0.037138
3707 3705 0.037138
3736 3705 0.037138
98 3706 0.04266
3704 3706 0.04266
3705 3706 0.04266
134 3707 0.0021485
3708 3707 0.0021485
3709 3707 0.0021485
1972 3708 0.90428
3706 3708 0.90428
3707 3708 0.90428
3736 3708 0.90428
3051 3709 0.00042018
3710 3709 0.00042018
3711 3709 0.00042018
134 3710 0.87424
3708 3710 0.87424
3709 3710 0.87424
3051 3712 0.90221
3710 3712 0.90221
3711 3712 0.90221
3688 3713 0.00085525
3714 3713 0.00085525
3715 3713 0.00085525
3713 3714 0.0061231
6921 3714 0.0061231
7114 3714 0.0061231
3688 3716 0.0040646
3714 3716 0.0040646
3715 3716 0.0040646
388 3718 0.00016793
389 3718 0.00016793
3717 3718 0.00016793
6554 3718 0.00016793
398 3720 0.00021546
3718 3720 0.00021546
3719 3720 0.00021546
365 3721 0.023937
3722 3721 0.023937
3723 3721 0.023937
85 3723 0.022325
3724 3723 0.022325
3725 3723 0.022325
3726 3725 0.021728
3727 3725 0.021728
4556 3725 0.021728
85 3726 0.000358
3724 3726 0.000358
3725 3726 0.000358
87 3727 0.022799
3728 3727 0.022799
3729 3727 0.022799
3726 3728 0.00036753
3727 3728 0.00036753
4556 3728 0.00036753
373 3729 0.025618
3730 3729 0.025618
3731 3729 0.025618
87 3730 0.00039437
3728 3730 0.00039437
3729 3730 0.00039437
91 3731 0.026222
3732 3731 0.026222
3733 3731 0.026222
373 3732 0.00042598
3730 3732 0.00042598
3731 3732 0.00042598
411 3733 0.033832
3734 3733 0.033832
3735 3733 0.033832
91 3734 0.00010966
3732 3734 0.00010966
3733 3734 0.00010966
1972 3735 0.035451
3706 3735 0.035451
3707 3735 0.035451
3736 3735 0.035451
411 3736 0.008421
3734 3736 0.008421
3735 3736 0.008421
101 3737 0.00079733
367 3737 0.00079733
3738 3737 0.00079733
99 3738 0.00019961
366 3738 0.00019961
3737 3738 0.00019961
3907 3906 0.055791
4019 3906 0.055791
6228 3906 0.055791
6358 3906 0.055791
2072 3907 0.077782
2074 3907 0.077782
2075 3907 0.077782
3906 3907 0.077782
3909 3908 0.0003236
6113 3908 0.0003236
6400 3908 0.0003236
6401 3908 0.0003236
3908 3909 0.00056473
6392 3909 0.00056473
6393 3909 0.00056473
3145 3910 0.0040891
3148 3910 0.0040891
3911 3910 0.0040891
6109 3910 0.0040891
3139 3911 0.00042054
3910 3911 0.00042054
6112 3911 0.00042054
4685 3962 0.88416
5086 3962 0.88416
6876 3963 0.00073421
1129 3964 0.0003434
3963 3964 0.0003434
4020 4019 0.44053
6232 4019 0.44053
6351 4019 0.44053
3907 4020 0.0061648
4019 4020 0.0061648
6228 4020 0.0061648
6358 4020 0.0061648
1582 4523 0.00026889
1585 4523 0.00026889
4524 4523 0.00026889
4523 4524 0.00028654
4526 4524 0.00028654
6551 4524 0.00028654
4523 4525 0.00019325
4526 4525 0.00019325
6551 4525 0.00019325
4525 4526 0.0011148
6553 4526 0.0011148
6577 4526 0.0011148
3726 4555 0.0017826
3727 4555 0.0017826
4556 4555 0.0017826
100 4556 0.0007215
102 4556 0.0007215
4555 4556 0.0007215
92 4558 0.0031908
4557 4558 0.0031908
6569 4558 0.0031908
4657 4656 0.019581
5663 4656 0.019581
5665 4656 0.019581
6737 4659 0.002051
426 4660 0.02789
3720 4660 0.02789
3721 4660 0.02789
4661 4660 0.02789
2146 4662 0.89687
3712 4662 0.89687
4663 4662 0.89687
7113 4662 0.89687
3347 4684 0.033159
3354 4684 0.033159
4683 4684 0.033159
4788 4787 0.0018111
6408 4787 0.0018111
6409 4787 0.0018111
3141 4788 0.0040955
3144 4788 0.0040955
4787 4788 0.0040955
996 4789 0.0028361
3119 4789 0.0028361
4790 4789 0.0028361
6237 4789 0.0028361
4789 4790 0.016177
6240 4790 0.016177
6365 4790 0.016177
4659 5064 0.0020516
5065 5064 0.0020516
4685 5085 0.014863
5086 5085 0.014863
5087 5086 0.89898
5271 5086 0.89898
1129 5087 0.0018135
3963 5087 0.0018135
7272 5088 0.050397
7274 5088 0.050397
5091 5090 0.013765
5838 5090 0.013765
1128 5091 0.063876
5092 5091 0.063876
5093 5092 0.04968
5088 5093 0.050414
5094 5093 0.050414
3121 5237 0.2333
3328 5237 0.2333
3329 5237 0.2333
2348 5238 0.00082263
5239 5238 0.00082263
5739 5238 0.00082263
3317 5239 0.0011924
5238 5239 0.0011924
7089 5239 0.0011924
5064 5241 0.0020509
5240 5241 0.0020509
2149 5260 0.0056257
7287 5260 0.0056257
3638 5267 0.00075655
3640 5267 0.00075655
5268 5267 0.00075655
3138 5268 0.0016658
5832 5268 0.0016658
6422 5268 0.0016658
3122 5269 0.016299
5270 5269 0.016299
6233 5269 0.016299
2753 5270 0.040807
3327 5270 0.040807
5237 5270 0.040807
3964 5271 0.89721
6738 5271 0.89721
3105 5398 0.0002025
5399 5398 0.0002025
5963 5398 0.0002025
5666 5665 0.019581
5667 5665 0.019581
3086 5667 0.019585
5668 5667 0.019585
5964 5667 0.019585
2350 5669 0.00042812
5671 5669 0.00042812
5836 5669 0.00042812
2350 5670 0.0092276
5671 5670 0.0092276
5836 5670 0.0092276
5670 5671 0.0018866
6385 5671 0.0018866
7085 5671 0.0018866
3090 5674 0.001621
5675 5674 0.001621
5676 5674 0.001621
7150 5674 0.001621
2279 5675 0.0017022
5674 5675 0.0017022
7273 5675 0.0017022
3090 5677 0.00037571
5675 5677 0.00037571
5676 5677 0.00037571
7150 5677 0.00037571
3094 5680 0.016908
5681 5680 0.016908
5683 5680 0.016908
1975 5683 0.016908
3091 5683 0.016908
5682 5683 0.016908
5693 5683 0.016908
1975 5692 0.039514
3091 5692 0.039514
5682 5692 0.039514
5693 5692 0.039514
110 5716 0.014152
5717 5716 0.014152
6560 5716 0.014152
5241 5739 0.002019
5738 5739 0.002019
7218 5739 0.002019
3335 5822 0.019877
5823 5822 0.019877
5831 5822 0.019877
6967 5822 0.019877
5822 5823 0.061407
6963 5823 0.061407
7102 5823 0.061407
7104 5823 0.061407
5825 5824 0.001304
5826 5824 0.001304
5830 5824 0.001304
5824 5825 0.049286
6964 5825 0.049286
7100 5825 0.049286
3331 5826 0.00063093
5827 5826 0.00063093
5829 5826 0.00063093
5825 5827 0.012763
5826 5827 0.012763
5830 5827 0.012763
3335 5830 0.0062136
5823 5830 0.0062136
5831 5830 0.0062136
6967 5830 0.0062136
5825 5831 0.042064
5826 5831 0.042064
5830 5831 0.042064
2352 5832 0.001786
2355 5832 0.001786
5269 5832 0.001786
6877 5835 0.013744
5835 5836 0.012121
5091 5837 0.050137
5838 5837 0.050137
5839 5840 0.00012188
5842 5840 0.00012188
5848 5840 0.00012188
5841 5842 0.00012188
5844 5842 0.00012188
5850 5842 0.00012188
3666 5844 0.00012188
3667 5844 0.00012188
5843 5844 0.00012188
3670 5852 0.00021407
3679 5852 0.00021407
5851 5852 0.00021407
5852 5854 0.00021407
5853 5854 0.00021407
3125 5948 0.003441
3128 5948 0.003441
5949 5948 0.003441
3135 5949 0.00060215
5948 5949 0.00060215
5953 5949 0.00060215
3147 5950 0.00056803
5951 5950 0.00056803
6398 5950 0.00056803
6399 5950 0.00056803
5950 5951 0.00092551
6389 5951 0.00092551
6405 5951 0.00092551
3135 5952 0.0085697
5948 5952 0.0085697
5953 5952 0.0085697
5952 5953 0.00030373
6378 5953 0.00030373
6379 5953 0.00030373
3133 5954 0.0010584
5955 5954 0.0010584
6394 5954 0.0010584
5954 5955 0.0019726
6370 5955 0.0019726
6388 5955 0.0019726
7111 5955 0.0019726
3117 5956 0.0016676
5957 5956 0.0016676
6368 5956 0.0016676
6369 5956 0.0016676
5956 5957 0.0053705
6386 5957 0.0053705
6387 5957 0.0053705
5677 5963 0.00035993
5678 5963 0.00035993
5962 5963 0.00035993
3103 5964 0.00026745
3106 5964 0.00026745
5965 5964 0.00026745
2349 5985 0.0024817
5903 5985 0.0024817
5986 5985 0.0024817
7105 5985 0.0024817
3113 6105 0.00059301
3116 6105 0.00059301
6106 6105 0.00059301
3129 6106 0.00013036
3132 6106 0.00013036
6105 6106 0.00013036
6108 6106 0.00013036
3129 6107 0.0030842
3132 6107 0.0030842
6105 6107 0.0030842
6108 6107 0.0030842
6107 6108 0.00011409
6110 6108 0.00011409
6114 6108 0.00011409
6107 6109 0.0030019
6110 6109 0.0030019
6114 6109 0.0030019
3145 6110 0.00019518
3148 6110 0.00019518
3911 6110 0.00019518
6109 6110 0.00019518
3139 6111 0.0018155
3910 6111 0.0018155
6112 6111 0.0018155
6111 6112 0.0019487
6396 6112 0.0019487
6397 6112 0.0019487
6406 6112 0.0019487
6107 6113 0.00057116
6110 6113 0.00057116
6114 6113 0.00057116
3909 6114 0.00040776
6113 6114 0.00040776
6400 6114 0.00040776
6401 6114 0.00040776
548 6225 0.0059419
6226 6225 0.0059419
6227 6225 0.0059419
6230 6225 0.0059419
3333 6226 0.083244
3336 6226 0.083244
6225 6226 0.083244
3907 6227 0.62823
4019 6227 0.62823
6228 6227 0.62823
6358 6227 0.62823
548 6228 0.0085023
6226 6228 0.0085023
6227 6228 0.0085023
6230 6228 0.0085023
548 6229 0.72988
6226 6229 0.72988
6227 6229 0.72988
6230 6229 0.72988
6229 6230 0.013023
6979 6230 0.013023
7063 6230 0.013023
4020 6231 0.015293
6232 6231 0.015293
6351 6231 0.015293
6231 6232 0.31058
6234 6232 0.31058
6354 6232 0.31058
6231 6233 0.0022437
6234 6233 0.0022437
6354 6233 0.0022437
3122 6234 0.31584
5270 6234 0.31584
6233 6234 0.31584
2071 6237 0.003191
6238 6237 0.003191
6239 6237 0.003191
996 6238 0.031282
3119 6238 0.031282
4790 6238 0.031282
6237 6238 0.031282
4789 6239 0.022857
6240 6239 0.022857
6365 6239 0.022857
2071 6240 0.00042572
6238 6240 0.00042572
6239 6240 0.00042572
950 6351 0.15419
6352 6351 0.15419
6353 6351 0.15419
6356 6351 0.15419
4020 6352 0.015107
6232 6352 0.015107
6351 6352 0.015107
2354 6353 0.25007
2357 6353 0.25007
948 6354 0.011699
951 6354 0.011699
6355 6354 0.011699
6231 6355 0.030002
6234 6355 0.030002
6354 6355 0.030002
6357 6356 0.0010245
6361 6356 0.0010245
950 6357 0.13032
6352 6357 0.13032
6353 6357 0.13032
6356 6357 0.13032
995 6358 0.17705
6359 6358 0.17705
6360 6358 0.17705
3907 6359 0.013689
4019 6359 0.013689
6228 6359 0.013689
6358 6359 0.013689
6357 6360 0.12471
6361 6360 0.12471
995 6361 0.009264
6359 6361 0.009264
6360 6361 0.009264
6357 6362 0.013844
6361 6362 0.013844
6364 6363 0.0024885
6410 6363 0.0024885
6411 6363 0.0024885
6363 6364 0.0026883
6943 6364 0.0026883
7165 6364 0.0026883
2364 6365 0.036059
2367 6365 0.036059
6366 6365 0.036059
6367 6365 0.036059
4789 6366 0.0002866
6240 6366 0.0002866
6365 6366 0.0002866
3117 6367 0.039692
5957 6367 0.039692
6368 6367 0.039692
6369 6367 0.039692
2364 6368 0.00026919
2367 6368 0.00026919
6366 6368 0.00026919
6367 6368 0.00026919
5954 6369 0.037093
6370 6369 0.037093
6388 6369 0.037093
7111 6369 0.037093
3117 6370 0.00043956
5957 6370 0.00043956
6368 6370 0.00043956
6369 6370 0.00043956
3140 6371 0.058954
6372 6371 0.058954
6373 6371 0.058954
6407 6371 0.058954
2078 6372 0.00099282
2358 6372 0.00099282
2361 6372 0.00099282
6371 6372 0.00099282
3143 6373 0.046344
3146 6373 0.046344
6374 6373 0.046344
6375 6373 0.046344
3140 6374 0.00064136
6372 6374 0.00064136
6373 6374 0.00064136
6407 6374 0.00064136
6376 6375 0.039041
6377 6375 0.039041
6417 6375 0.039041
5952 6377 0.018527
6378 6377 0.018527
6379 6377 0.018527
6376 6378 0.0001172
6377 6378 0.0001172
6417 6378 0.0001172
3127 6379 0.010417
3130 6379 0.010417
6380 6379 0.010417
6381 6379 0.010417
5952 6380 0.0002727
6378 6380 0.0002727
6379 6380 0.0002727
3111 6381 0.0013303
3114 6381 0.0013303
6382 6381 0.0013303
6383 6381 0.0013303
3127 6382 0.00025654
3130 6382 0.00025654
6380 6382 0.00025654
6381 6382 0.00025654
5956 6385 0.0091322
6386 6385 0.0091322
6387 6385 0.0091322
5670 6386 0.00029119
6385 6386 0.00029119
7085 6386 0.00029119
5954 6387 0.012693
6370 6387 0.012693
6388 6387 0.012693
7111 6387 0.012693
5956 6388 0.00014864
6386 6388 0.00014864
6387 6388 0.00014864
3118 6389 0.0018257
6390 6389 0.0018257
6391 6389 0.0018257
5950 6390 0.00025018
6389 6390 0.00025018
6405 6390 0.00025018
3908 6391 0.0011583
6392 6391 0.0011583
6393 6391 0.0011583
3118 6392 0.00051598
6390 6392 0.00051598
6391 6392 0.00051598
3133 6393 0.0012619
5955 6393 0.0012619
6394 6393 0.0012619
3908 6394 0.00037849
6392 6394 0.00037849
6393 6394 0.00037849
6111 6395 0.0048798
6396 6395 0.0048798
6397 6395 0.0048798
6406 6395 0.0048798
2362 6396 0.00070432
2365 6396 0.00070432
6395 6396 0.00070432
3147 6397 0.0034537
5951 6397 0.0034537
6398 6397 0.0034537
6399 6397 0.0034537
6111 6398 0.00036307
6396 6398 0.00036307
6397 6398 0.00036307
6406 6398 0.00036307
3909 6399 0.0021509
6113 6399 0.0021509
6400 6399 0.0021509
6401 6399 0.0021509
3147 6400 0.00015322
5951 6400 0.00015322
6398 6400 0.00015322
6399 6400 0.00015322
3131 6401 0.001747
3134 6401 0.001747
6402 6401 0.001747
6403 6401 0.001747
3909 6402 0.00015378
6113 6402 0.00015378
6400 6402 0.00015378
6401 6402 0.00015378
3115 6403 0.00032775
5959 6403 0.00032775
6404 6403 0.00032775
6111 6405 0.00012445
6396 6405 0.00012445
6397 6405 0.00012445
6406 6405 0.00012445
5950 6406 0.0013425
6389 6406 0.0013425
6405 6406 0.0013425
4788 6407 0.010533
6408 6407 0.010533
6409 6407 0.010533
3140 6408 0.0020761
6372 6408 0.0020761
6373 6408 0.0020761
6407 6408 0.0020761
6364 6409 0.0074639
6410 6409 0.0074639
6411 6409 0.0074639
4788 6410 0.0012919
6408 6410 0.0012919
6409 6410 0.0012919
5834 6411 0.0065283
6412 6411 0.0065283
6413 6411 0.0065283
6364 6412 0.0005561
6410 6412 0.0005561
6411 6412 0.0005561
3142 6413 0.0065283
6414 6413 0.0065283
6415 6413 0.0065283
5834 6414 0.0005561
6412 6414 0.0005561
6413 6414 0.0005561
6416 6415 0.017001
6418 6415 0.017001
6419 6415 0.017001
3142 6416 0.00044209
6414 6416 0.00044209
6415 6416 0.00044209
6416 6417 0.020898
6418 6417 0.020898
6419 6417 0.020898
6376 6418 0.00031034
6377 6418 0.00031034
6417 6418 0.00031034
3304 6419 0.037262
6420 6419 0.037262
6421 6419 0.037262
6416 6420 0.00011498
6418 6420 0.00011498
6419 6420 0.00011498
3138 6421 0.034654
5832 6421 0.034654
6422 6421 0.034654
3304 6422 0.0027345
6420 6422 0.0027345
6421 6422 0.0027345
3680 6478 0.001016
3681 6478 0.001016
3689 6478 0.001016
6479 6478 0.001016
4523 6550 0.00094009
4526 6550 0.00094009
6551 6550 0.00094009
4525 6552 0.0031169
6553 6552 0.0031169
6577 6552 0.0031169
1974 6556 0.00011684
6557 6556 0.00011684
3047 6558 0.0001487
6556 6558 0.0001487
6559 6558 0.0001487
1521 6559 0.0001487
6558 6559 0.0001487
6561 6559 0.0001487
1521 6560 0.028201
6558 6560 0.028201
6561 6560 0.028201
5840 6563 0.00012188
5846 6563 0.00012188
6562 6563 0.00012188
92 6568 0.0049414
4557 6568 0.0049414
6569 6568 0.0049414
88 6569 0.00019955
90 6569 0.00019955
773 6569 0.00019955
6568 6569 0.00019955
1574 6570 0.00013807
1577 6570 0.00013807
6571 6570 0.00013807
404 6571 0.0037892
405 6571 0.0037892
6570 6571 0.0037892
6573 6571 0.0037892
1580 6573 0.0045465
1583 6573 0.0045465
6572 6573 0.0045465
6575 6573 0.0045465
1580 6574 0.00017903
1583 6574 0.00017903
6572 6574 0.00017903
6575 6574 0.00017903
776 6575 0.0028939
6574 6575 0.0028939
86 6577 0.0040447
89 6577 0.0040447
6576 6577 0.0040447
6880 6737 0.002051
4662 6738 0.89687
6739 6738 0.89687
724 6795 0.0056257
2147 6795 0.0056257
6794 6795 0.0056257
5085 6873 0.014197
5267 6873 0.014197
6873 6874 0.014197
5093 6875 0.00073421
6875 6876 0.00073421
5090 6877 0.013744
433 6880 0.002051
5669 6880 0.002051
3713 6920 0.093012
6921 6920 0.093012
7114 6920 0.093012
723 6921 0.0010619
6920 6921 0.0010619
6939 6938 0.00088998
7067 6938 0.00088998
7163 6938 0.00088998
7164 6938 0.00088998
6938 6939 0.00068861
6941 6939 0.00068861
6949 6939 0.00068861
6938 6940 0.00017653
6941 6940 0.00017653
6949 6940 0.00017653
6940 6941 0.00093171
6942 6941 0.00093171
6945 6941 0.00093171
6947 6941 0.00093171
6363 6942 0.00093171
6943 6942 0.00093171
7165 6942 0.00093171
6940 6943 0.00017653
6942 6943 0.00017653
6945 6943 0.00017653
6947 6943 0.00017653
6938 6948 0.0011621
6941 6948 0.0011621
6949 6948 0.0011621
6948 6949 0.00020552
6950 6949 0.00020552
6953 6949 0.00020552
6948 6952 0.0011621
6950 6952 0.0011621
6953 6952 0.0011621
6952 6953 0.00020552
7161 6953 0.00020552
7162 6953 0.00020552
5824 6963 0.033665
6964 6963 0.033665
7100 6963 0.033665
5822 6964 0.016374
6963 6964 0.016374
7102 6964 0.016374
7104 6964 0.016374
6965 6967 0.0070642
6968 6967 0.0070642
7101 6967 0.0070642
3335 6968 0.019274
5823 6968 0.019274
5831 6968 0.019274
6967 6968 0.019274
6969 6971 0.088758
6972 6971 0.088758
6975 6971 0.088758
7066 6971 0.088758
6971 6972 0.063416
6974 6972 0.063416
7064 6972 0.063416
6971 6973 0.097266
6974 6973 0.097266
7064 6973 0.097266
6973 6974 0.10101
6976 6974 0.10101
6978 6974 0.10101
6973 6975 0.1492
6976 6975 0.1492
6978 6975 0.1492
6969 6976 0.033123
6972 6976 0.033123
6975 6976 0.033123
7066 6976 0.033123
6973 6977 0.038434
6976 6977 0.038434
6978 6977 0.038434
3320 6978 0.15826
6977 6978 0.15826
7096 6978 0.15826
6980 6979 0.27666
7065 6979 0.27666
7098 6979 0.27666
6229 6980 0.022612
6979 6980 0.022612
7063 6980 0.022612
6982 6981 0.0049924
6984 6981 0.0049924
6986 6981 0.0049924
6981 6982 0.0013985
6990 6982 0.0013985
6982 6983 0.0048772
6984 6983 0.0048772
6986 6983 0.0048772
3318 6984 0.0082783
6983 6984 0.0082783
7092 6984 0.0082783
6982 6985 0.0051006
6984 6985 0.0051006
6986 6985 0.0051006
6985 6986 0.0052934
6988 6986 0.0052934
6989 6986 0.0052934
6985 6987 0.0076528
6988 6987 0.0076528
6989 6987 0.0076528
6987 6988 0.0042518
6992 6988 0.0042518
6994 6988 0.0042518
6981 6989 0.0049924
6990 6989 0.0049924
6985 6990 0.0013985
6988 6990 0.0013985
6989 6990 0.0013985
6987 6991 0.0079729
6992 6991 0.0079729
6994 6991 0.0079729
6991 6992 0.0015948
6995 6992 0.0015948
7000 6992 0.0015948
6987 6993 0.0043862
6992 6993 0.0043862
6994 6993 0.0043862
6993 6994 0.0073633
6996 6994 0.0073633
6998 6994 0.0073633
7001 6994 0.0073633
6993 6995 0.0038235
6996 6995 0.0038235
6998 6995 0.0038235
7001 6995 0.0038235
6991 6996 0.0070188
6995 6996 0.0070188
7000 6996 0.0070188
6993 6997 0.0096146
6996 6997 0.0096146
6998 6997 0.0096146
7001 6997 0.0096146
6997 6998 0.0062135
7090 6998 0.0062135
7091 6998 0.0062135
6991 6999 0.0038149
6995 6999 0.0038149
7000 6999 0.0038149
6999 7000 0.00063206
7002 7000 0.00063206
7004 7000 0.00063206
6999 7001 0.0038149
7002 7001 0.0038149
7004 7001 0.0038149
6993 7002 0.00063206
6996 7002 0.00063206
6998 7002 0.00063206
7001 7002 0.00063206
2366 7005 0.012917
7006 7005 0.012917
7086 7005 0.012917
3316 7006 0.00093145
7005 7006 0.00093145
7008 7006 0.00093145
7088 7006 0.00093145
6971 7063 0.13232
6974 7063 0.13232
7064 7063 0.13232
6229 7064 0.10323
6979 7064 0.10323
7063 7064 0.10323
6969 7065 0.1345
6972 7065 0.1345
6975 7065 0.1345
7066 7065 0.1345
6980 7066 0.043765
7065 7066 0.043765
7098 7066 0.043765
2366 7085 0.00079569
7006 7085 0.00079569
7086 7085 0.00079569
5670 7086 0.016978
6385 7086 0.016978
7085 7086 0.016978
2351 7088 0.023942
4656 7088 0.023942
7014 7088 0.023942
7087 7088 0.023942
6997 7089 0.00024437
7090 7089 0.00024437
7091 7089 0.00024437
3317 7090 0.035793
5238 7090 0.035793
7089 7090 0.035793
3318 7091 0.00085955
6983 7091 0.00085955
7092 7091 0.00085955
6997 7092 0.03981
7090 7092 0.03981
7091 7092 0.03981
547 7093 0.1344
2073 7093 0.1344
7094 7093 0.1344
3319 7094 0.004425
5985 7094 0.004425
7093 7094 0.004425
7095 7094 0.004425
3320 7095 0.0039378
6977 7095 0.0039378
7096 7095 0.0039378
3319 7096 0.17188
5985 7096 0.17188
7093 7096 0.17188
7095 7096 0.17188
6980 7097 0.012725
7065 7097 0.012725
7098 7097 0.012725
3321 7098 0.17604
3322 7098 0.17604
7097 7098 0.17604
5824 7099 0.002598
6964 7099 0.002598
7100 7099 0.002598
3325 7100 0.067872
3326 7100 0.067872
7099 7100 0.067872
5822 7101 0.0070642
6963 7101 0.0070642
7102 7101 0.0070642
7104 7101 0.0070642
6965 7102 0.019274
6968 7102 0.019274
7101 7102 0.019274
5822 7103 0.030254
6963 7103 0.030254
7102 7103 0.030254
7104 7103 0.030254
3323 7104 0.042283
3324 7104 0.042283
7103 7104 0.042283
5837 7111 0.050137
6927 7111 0.050137
7069 7111 0.050137
7112 7111 0.050137
3713 7113 0.0018227
6921 7113 0.0018227
7114 7113 0.0018227
2146 7114 0.09904
3712 7114 0.09904
4663 7114 0.09904
7113 7114 0.09904
1576 7148 0.011427
7149 7148 0.011427
3090 7151 0.019211
5675 7151 0.019211
5676 7151 0.019211
7150 7151 0.019211
6952 7160 0.0031237
7161 7160 0.0031237
7162 7160 0.0031237
2356 7161 0.0033235
2359 7161 0.0033235
6362 7161 0.0033235
7160 7161 0.0033235
6939 7162 0.0024436
7067 7162 0.0024436
7163 7162 0.0024436
7164 7162 0.0024436
6952 7163 0.0036
7161 7163 0.0036
7162 7163 0.0036
6363 7164 0.0022794
6943 7164 0.0022794
7165 7164 0.0022794
6939 7165 0.0032344
7067 7165 0.0032344
7163 7165 0.0032344
7164 7165 0.0032344
4660 7220 0.02789
7221 7220 0.02789
1572 7222 0.007844
7223 7222 0.007844
7222 7224 0.007844
7225 7224 0.007844
2279 7272 0.001415
5674 7272 0.001415
7273 7272 0.001415
7272 7273 0.001848
7274 7273 0.001848
1127 7274 0.05083
3095 7274 0.05083
3098 7274 0.05083
