277 278 0.0010121
280 278 0.0010121
1737 278 0.0010121
279 280 0.0010121
6705 280 0.0010121
281 282 0.00096206
1753 282 0.00096206
6278 282 0.00096206
558 557 0.0014676
5766 557 0.0014676
6474 557 0.0014676
557 558 0.00031885
6037 558 0.00031885
6465 558 0.00031885
570 569 0.00055648
6429 569 0.00055648
6432 569 0.00055648
5067 579 0.0055563
6033 579 0.0055563
838 837 0.99932
1978 837 0.99932
1984 837 0.99932
837 839 0.94269
840 839 0.94269
4797 839 0.94269
839 840 0.00029028
842 840 0.00029028
2065 840 0.00029028
839 841 0.94269
842 841 0.94269
2065 841 0.94269
841 842 0.00029028
844 842 0.00029028
989 842 0.00029028
841 843 0.99999
844 843 0.99999
989 843 0.99999
843 845 0.99999
846 845 0.99999
859 845 0.99999
848 847 0.99999
2999 847 0.99999
3023 847 0.99999
577 849 1
847 849 1
850 849 1
849 851 1
852 851 1
4795 851 1
5764 853 0.14558
6814 853 0.14558
841 988 0.00023504
844 988 0.00023504
989 988 0.00023504
988 989 0.057826
4798 989 0.057826
4800 989 0.057826
1226 1227 0.00016838
1536 1227 0.00016838
4200 1227 0.00016838
1226 1537 0.00031899
1536 1537 0.00031899
4200 1537 0.00031899
1653 1654 0.00015696
7054 1654 0.00015696
7076 1654 0.00015696
571 1779 0.0067632
1780 1779 0.0067632
1781 1779 0.0067632
1779 1780 0.0023759
3663 1780 0.0023759
5769 1780 0.0023759
1782 1781 0.0067632
1783 1781 0.0067632
1803 1781 0.0067632
571 1782 0.0023759
1780 1782 0.0023759
1781 1782 0.0023759
1784 1783 0.00036904
1785 1783 0.00036904
1801 1783 0.00036904
1782 1784 0.00040047
1783 1784 0.00040047
1803 1784 0.00040047
1786 1785 0.00011475
1787 1785 0.00011475
5989 1785 0.00011475
1784 1786 0.0003199
1785 1786 0.0003199
1801 1786 0.0003199
1793 1801 0.00026619
1802 1801 0.00026619
5990 1801 0.00026619
1804 1803 0.0064808
2284 1803 0.0064808
6475 1803 0.0064808
1782 1804 0.0020621
1783 1804 0.0020621
1803 1804 0.0020621
4601 1809 0.86749
5066 1809 0.86749
838 1977 0.00082345
1978 1977 0.00082345
1984 1977 0.00082345
1977 1982 0.00067271
1981 1982 0.00067271
1986 1982 0.00067271
1983 1984 1.0001
1987 1984 1.0001
2002 1984 1.0001
1977 1985 1.0002
1981 1985 1.0002
1986 1985 1.0002
1985 1987 1.0002
1988 1987 1.0002
1980 2063 0.00067271
1982 2063 0.00067271
2064 2063 0.00067271
2327 2326 0.00035503
4708 2326 0.00035503
5968 2326 0.00035503
2329 2328 0.0015053
5896 2328 0.0015053
7254 2328 0.0015053
7258 2328 0.0015053
2328 2329 0.00018947
7257 2329 0.00018947
2331 2330 0.0050754
4196 2330 0.0050754
5971 2330 0.0050754
7256 2330 0.0050754
2330 2331 0.0017444
2333 2331 0.0017444
5975 2331 0.0017444
2330 2332 0.00056073
2333 2332 0.00056073
5975 2332 0.00056073
2332 2333 0.0063215
2335 2333 0.0063215
4216 2333 0.0063215
2332 2334 0.00055886
2335 2334 0.00055886
4216 2334 0.00055886
2334 2335 0.0063361
2337 2335 0.0063361
5977 2335 0.0063361
7152 2335 0.0063361
2334 2336 0.00064211
2337 2336 0.00064211
5977 2336 0.00064211
7152 2336 0.00064211
2336 2337 0.0073152
2339 2337 0.0073152
4709 2337 0.0073152
2338 2339 0.0084818
2341 2339 0.0084818
4198 2339 0.0084818
1654 2341 0.00015706
2340 2341 0.00015706
2343 2341 0.00015706
2633 2632 0.098686
2635 2632 0.098686
2644 2632 0.098686
6716 2634 0.0026602
2634 2635 0.0024293
2636 2635 0.0024293
2633 2636 0.00098393
2635 2636 0.00098393
2644 2636 0.00098393
2640 2637 0.56557
4087 2637 0.56557
5732 2637 0.56557
2637 2638 0.99918
2641 2638 0.99918
2638 2639 0.096215
4085 2640 0.56554
4085 2641 0.4336
2639 2642 0.09743
2645 2642 0.09743
2642 2644 0.097241
2643 2644 0.097241
2634 2645 0.0012149
2636 2645 0.0012149
6717 2646 0.90296
3664 2749 0.00025252
6466 2749 0.00025252
3001 3021 0.99999
3022 3021 0.99999
5246 3021 0.99999
7188 3021 0.99999
3021 3023 0.99999
3024 3023 0.99999
4158 3023 0.99999
1779 3664 0.00025216
3663 3664 0.00025216
5769 3664 0.00025216
5770 4085 0.99915
5772 4085 0.99915
4163 4162 0.00072394
4164 4162 0.00072394
5889 4162 0.00072394
5892 4162 0.00072394
4162 4163 0.0094997
4171 4163 0.0094997
5793 4163 0.0094997
4165 4164 0.0014926
4166 4164 0.0014926
5929 4164 0.0014926
5972 4164 0.0014926
4163 4165 0.051675
4164 4165 0.051675
5889 4165 0.051675
5892 4165 0.051675
4167 4166 0.0062164
4168 4166 0.0062164
5923 4166 0.0062164
5926 4166 0.0062164
4165 4167 0.098262
4166 4167 0.098262
5929 4167 0.098262
5972 4167 0.098262
4169 4168 0.026457
4193 4168 0.026457
4194 4168 0.026457
4167 4169 0.01269
4168 4169 0.01269
5923 4169 0.01269
5926 4169 0.01269
4162 4170 0.0010448
4171 4170 0.0010448
5793 4170 0.0010448
4170 4171 0.00069588
4173 4171 0.00069588
5933 4171 0.00069588
4170 4172 0.00020224
4173 4172 0.00020224
5933 4172 0.00020224
4172 4173 0.00056964
5797 4173 0.00056964
568 4175 0.00047804
4174 4175 0.00047804
6435 4175 0.00047804
4177 4176 0.00041236
4178 4176 0.00041236
5970 4176 0.00041236
4175 4177 0.00096141
4176 4177 0.00096141
5784 4177 0.00096141
5785 4177 0.00096141
4179 4178 0.00037968
4180 4178 0.00037968
4177 4179 0.0011213
4178 4179 0.0011213
5970 4179 0.0011213
4181 4180 0.0081117
4182 4180 0.0081117
5885 4180 0.0081117
5888 4180 0.0081117
4179 4181 0.00087422
4180 4181 0.00087422
4183 4182 0.018153
4184 4182 0.018153
5928 4182 0.018153
4181 4183 0.066352
4182 4183 0.066352
5885 4183 0.066352
5888 4183 0.066352
4185 4184 0.19453
4186 4184 0.19453
5922 4184 0.19453
4183 4185 0.030566
4184 4185 0.030566
5928 4185 0.030566
4187 4186 0.87644
4188 4186 0.87644
4195 4186 0.87644
4185 4187 0.00028672
4186 4187 0.00028672
5922 4187 0.00028672
4189 4188 0.88498
4190 4188 0.88498
5918 4188 0.88498
4191 4190 0.89363
4666 4190 0.89363
6469 4190 0.89363
4169 4192 0.0032369
4193 4192 0.0032369
4194 4192 0.0032369
4192 4193 0.0081922
5919 4193 0.0081922
5980 4193 0.0081922
4187 4194 0.023764
4188 4194 0.023764
4195 4194 0.023764
4169 4195 0.014952
4193 4195 0.014952
4194 4195 0.014952
5771 4198 0.0087961
5881 4198 0.0087961
2338 4200 0.00045967
2341 4200 0.00045967
4198 4200 0.00045967
2063 4400 0.00067085
4399 4400 0.00067085
7277 4400 0.00067085
1755 4538 0.0010869
4537 4538 0.0010869
6038 4538 0.0010869
579 4601 1.0056
6810 4601 1.0056
2646 4664 0.90256
5774 4664 0.90256
5775 4664 0.90256
4664 4666 0.89357
4665 4666 0.89357
3189 4708 0.00010839
4707 4708 0.00010839
5981 4708 0.00010839
7130 4708 0.00010839
1537 4709 0.00031904
4710 4709 0.00031904
988 4797 0.00056558
4798 4797 0.00056558
4800 4797 0.00056558
837 4798 0.057485
840 4798 0.057485
4797 4798 0.057485
4400 4800 0.00067284
4402 4800 0.00067284
4799 4800 0.00067284
5067 5066 0.0075085
6033 5066 0.0075085
5068 5067 0.0077871
6463 5067 0.0077871
853 5068 0.012726
1809 5068 0.012726
4601 5764 0.14558
5066 5764 0.14558
853 5765 1.0003
1809 5765 1.0003
6822 5766 1.0004
580 5767 0.00032246
5765 5767 0.00032246
5768 5767 0.00032246
2190 5768 0.00037294
5767 5768 0.00037294
6464 5768 0.00037294
558 5769 0.99482
5766 5769 0.99482
6474 5769 0.99482
1779 5770 0.99897
3663 5770 0.99897
5769 5770 0.99897
4664 5771 0.0089926
4665 5771 0.0089926
6467 5772 0.00017811
2646 5773 0.00093247
5774 5773 0.00093247
5775 5773 0.00093247
5773 5774 0.001129
5880 5774 0.001129
5776 5775 0.0015616
6468 5775 0.0015616
2646 5776 0.002159
5774 5776 0.002159
5775 5776 0.002159
5780 5779 0.00025156
5781 5779 0.00025156
5786 5779 0.00025156
981 5780 0.00017545
5779 5780 0.00017545
6433 5780 0.00017545
6436 5780 0.00017545
2632 5781 0.000933
5782 5781 0.000933
5883 5781 0.000933
5886 5781 0.000933
5780 5782 0.00014545
5781 5782 0.00014545
5786 5782 0.00014545
4175 5783 0.00065031
4176 5783 0.00065031
5784 5783 0.00065031
5785 5783 0.00065031
5780 5785 0.00071802
5781 5785 0.00071802
5786 5785 0.00071802
5783 5787 0.00011323
5788 5787 0.00011323
5796 5787 0.00011323
5792 5791 0.00028098
5891 5791 0.00028098
5894 5791 0.00028098
5790 5792 0.00079899
5791 5792 0.00079899
5932 5792 0.00079899
5969 5792 0.00079899
5794 5793 0.0091246
5931 5793 0.0091246
5795 5794 0.004
5887 5794 0.004
5890 5794 0.004
5794 5795 0.0028545
5931 5795 0.0028545
5783 5797 0.0006501
5788 5797 0.0006501
5796 5797 0.0006501
5773 5879 0.00093247
5880 5879 0.00093247
5879 5880 0.001129
5882 5880 0.001129
5879 5881 0.00093247
5882 5881 0.00093247
5771 5882 0.001129
5881 5882 0.001129
569 5883 0.000624
4806 5883 0.000624
5884 5883 0.000624
2632 5885 0.0985
5782 5885 0.0985
5883 5885 0.0985
5886 5885 0.0985
4181 5887 0.04519
4182 5887 0.04519
5885 5887 0.04519
5888 5887 0.04519
5795 5888 0.0021454
5887 5888 0.0021454
5890 5888 0.0021454
5795 5889 0.043858
5887 5889 0.043858
5890 5889 0.043858
4163 5890 0.0019589
4164 5890 0.0019589
5889 5890 0.0019589
5892 5890 0.0019589
4163 5891 0.0014869
4164 5891 0.0014869
5889 5891 0.0014869
5892 5891 0.0014869
5792 5892 0.00099499
5891 5892 0.00099499
5894 5892 0.00099499
5792 5893 0.0012708
5891 5893 0.0012708
5894 5893 0.0012708
5893 5894 0.00026086
7255 5894 0.00026086
5787 5913 0.00011323
5914 5913 0.00011323
5915 5913 0.00011323
4189 5917 0.010475
4190 5917 0.010475
5918 5917 0.010475
5917 5918 0.0018118
5920 5918 0.0018118
5978 5918 0.0018118
5917 5919 0.010663
5920 5919 0.010663
5978 5919 0.010663
4192 5920 0.0010867
5919 5920 0.0010867
5980 5920 0.0010867
4185 5921 0.7295
4186 5921 0.7295
5922 5921 0.7295
5921 5922 0.017307
5924 5922 0.017307
5973 5922 0.017307
5921 5923 0.014267
5924 5923 0.014267
5973 5923 0.014267
4167 5924 0.13379
4168 5924 0.13379
5923 5924 0.13379
5926 5924 0.13379
4167 5925 0.0046842
4168 5925 0.0046842
5923 5925 0.0046842
5926 5925 0.0046842
5925 5926 0.018397
5976 5926 0.018397
5979 5926 0.018397
4183 5927 0.21613
4184 5927 0.21613
5928 5927 0.21613
5927 5928 0.003965
5930 5928 0.003965
5974 5928 0.003965
5927 5929 0.063484
5930 5929 0.063484
5974 5929 0.063484
4165 5930 0.019606
4166 5930 0.019606
5929 5930 0.019606
5972 5930 0.019606
4179 5931 0.0079791
4180 5931 0.0079791
4170 5932 0.00090111
4173 5932 0.00090111
5933 5932 0.00090111
5790 5933 0.00018479
5791 5933 0.00018479
5932 5933 0.00018479
5969 5933 0.00018479
5790 5968 0.00029267
5791 5968 0.00029267
5932 5968 0.00029267
5969 5968 0.00029267
4172 5970 0.00019261
5797 5970 0.00019261
4165 5971 0.0043805
4166 5971 0.0043805
5929 5971 0.0043805
5972 5971 0.0043805
2331 5972 0.0023653
4196 5972 0.0023653
5971 5972 0.0023653
7256 5972 0.0023653
5927 5973 0.18916
5930 5973 0.18916
5974 5973 0.18916
5921 5974 0.020874
5924 5974 0.020874
5973 5974 0.020874
5925 5975 0.00082156
5976 5975 0.00082156
5979 5975 0.00082156
2330 5976 0.0099133
2333 5976 0.0099133
5975 5976 0.0099133
5917 5977 0.0021184
5920 5977 0.0021184
5978 5977 0.0021184
2334 5978 0.0030315
2337 5978 0.0030315
5977 5978 0.0030315
7152 5978 0.0030315
4192 5979 0.0092538
5919 5979 0.0092538
5980 5979 0.0092538
5925 5980 0.0046324
5976 5980 0.0046324
5979 5980 0.0046324
1786 5990 0.00024652
1787 5990 0.00024652
5989 5990 0.00024652
4541 6033 0.0052777
6034 6033 0.0052777
5068 6034 0.0052777
6463 6034 0.0052777
557 6038 0.0011046
6037 6038 0.0011046
6465 6038 0.0011046
1751 6278 0.00099232
4538 6278 0.00099232
6275 6278 0.00099232
6277 6278 0.00099232
275 6427 0.0010121
278 6427 0.0010121
6428 6427 0.0010121
5736 6429 0.0010121
6427 6429 0.0010121
6430 6429 0.0010121
570 6431 0.00045626
6429 6431 0.00045626
6432 6431 0.00045626
4805 6433 0.0004318
6431 6433 0.0004318
6434 6433 0.0004318
981 6435 0.00050724
5779 6435 0.00050724
6433 6435 0.00050724
6436 6435 0.00050724
2190 6463 0.00033864
5767 6463 0.00033864
6464 6463 0.00033864
6747 6464 0.00038913
2749 6465 0.0002708
4599 6465 0.0002708
2642 6467 0.00018958
2643 6467 0.00018958
4191 6468 0.0020628
4666 6468 0.0020628
6469 6468 0.0020628
2336 6469 0.002123
2339 6469 0.002123
4709 6469 0.002123
1804 6474 0.0020621
2284 6474 0.0020621
6475 6474 0.0020621
558 6475 0.006481
5766 6475 0.006481
6474 6475 0.006481
282 6705 0.0010121
1741 6705 0.0010121
6704 6705 0.0010121
5776 6716 0.0026602
6468 6716 0.0026602
2638 6717 0.90296
557 6747 0.00038913
6037 6747 0.00038913
6465 6747 0.00038913
851 6810 1
6811 6810 1
580 6822 1.0004
5765 6822 1.0004
5768 6822 1.0004
1227 7076 0.00015665
7040 7076 0.00015665
7075 7076 0.00015665
7079 7076 0.00015665
845 7186 0.99999
7187 7186 0.99999
7186 7188 0.99999
7189 7188 0.99999
5893 7254 0.0012708
7255 7254 0.0012708
2329 7255 0.00026086
5896 7255 0.00026086
7254 7255 0.00026086
7258 7255 0.00026086
2328 7256 0.0015053
7257 7256 0.0015053
2331 7257 0.00018947
4196 7257 0.00018947
5971 7257 0.00018947
7256 7257 0.00018947
2326 7258 0.00035503
7259 7258 0.00035503
