548 547 0.026703
6226 547 0.026703
6227 547 0.026703
6230 547 0.026703
547 548 0.11445
2073 548 0.11445
7094 548 0.11445
948 950 0.00049546
951 950 0.00049546
6355 950 0.00049546
995 994 0.0051226
6359 994 0.0051226
6360 994 0.0051226
994 995 0.004465
997 995 0.004465
2076 995 0.004465
2077 995 0.004465
994 996 0.0041036
997 996 0.0041036
2076 996 0.0041036
2077 996 0.0041036
996 997 0.0016606
3119 997 0.0016606
4790 997 0.0016606
6237 997 0.0016606
2072 2071 0.0011936
2074 2071 0.0011936
2075 2071 0.0011936
3906 2071 0.0011936
2071 2072 0.0050574
6238 2072 0.0050574
6239 2072 0.0050574
2072 2073 0.017912
2074 2073 0.017912
2075 2073 0.017912
3906 2073 0.017912
547 2074 0.027794
2073 2074 0.027794
7094 2074 0.027794
994 2075 0.0058134
997 2075 0.0058134
2076 2075 0.0058134
2077 2075 0.0058134
2072 2076 0.0077975
2074 2076 0.0077975
2075 2076 0.0077975
3906 2076 0.0077975
2078 2077 0.001441
2358 2077 0.001441
2361 2077 0.001441
6371 2077 0.001441
994 2078 0.0016397
997 2078 0.0016397
2076 2078 0.0016397
2077 2078 0.0016397
2348 2349 0.0030192
5239 2349 0.0030192
5739 2349 0.0030192
2352 2354 0.00010851
2355 2354 0.00010851
5269 2354 0.00010851
2356 2357 0.00017159
2359 2357 0.00017159
6362 2357 0.00017159
7160 2357 0.00017159
2356 2358 0.0014376
2359 2358 0.0014376
6362 2358 0.0014376
7160 2358 0.0014376
2078 2359 0.00011882
2358 2359 0.00011882
2361 2359 0.00011882
6371 2359 0.00011882
2078 2360 0.0017359
2358 2360 0.0017359
2361 2360 0.0017359
6371 2360 0.0017359
2360 2361 0.00019939
2363 2361 0.00019939
3120 2361 0.00019939
2360 2362 0.00029595
2363 2362 0.00029595
3120 2362 0.00029595
2362 2364 0.00029581
2365 2364 0.00029581
6395 2364 0.00029581
2364 2366 0.00017827
2367 2366 0.00017827
6366 2366 0.00017827
6367 2366 0.00017827
2360 3119 0.0016147
2363 3119 0.0016147
3120 3119 0.0016147
996 3120 0.00029428
3119 3120 0.00029428
4790 3120 0.00029428
6237 3120 0.00029428
3316 3317 0.00018446
7005 3317 0.00018446
7008 3317 0.00018446
7088 3317 0.00018446
3319 3318 0.050455
5985 3318 0.050455
7093 3318 0.050455
7095 3318 0.050455
3318 3319 0.047617
6983 3319 0.047617
7092 3319 0.047617
3321 3320 0.0053811
3322 3320 0.0053811
7097 3320 0.0053811
3320 3321 0.3374
6977 3321 0.3374
7096 3321 0.3374
3323 3322 0.0047793
3324 3322 0.0047793
7103 3322 0.0047793
3321 3323 0.034694
3322 3323 0.034694
7097 3323 0.034694
3325 3324 0.00097737
3326 3324 0.00097737
7099 3324 0.00097737
3323 3325 0.015939
3324 3325 0.015939
7103 3325 0.015939
3325 3327 0.00073473
3326 3327 0.00073473
7099 3327 0.00073473
3332 3331 0.00031392
3334 3331 0.00031392
3331 3332 0.0043853
5827 3332 0.0043853
5829 3332 0.0043853
3332 3333 0.0043853
3334 3333 0.0043853
3333 3334 0.00031392
3336 3334 0.00031392
6225 3334 0.00031392
3333 3335 0.0033044
3336 3335 0.0033044
6225 3335 0.0033044
3335 3336 0.02844
5823 3336 0.02844
5831 3336 0.02844
6967 3336 0.02844
3907 3906 0.012993
4019 3906 0.012993
6228 3906 0.012993
6358 3906 0.012993
2072 3907 0.024755
2074 3907 0.024755
2075 3907 0.024755
3906 3907 0.024755
4020 4019 0.0010882
6232 4019 0.0010882
6351 4019 0.0010882
3907 4020 0.0017639
4019 4020 0.0017639
6228 4020 0.0017639
6358 4020 0.0017639
996 4789 0.00070466
3119 4789 0.00070466
4790 4789 0.00070466
6237 4789 0.00070466
4789 4790 0.00035397
6240 4790 0.00035397
6365 4790 0.00035397
3317 5239 0.0030311
5238 5239 0.0030311
7089 5239 0.0030311
3122 5269 0.00011247
5270 5269 0.00011247
6233 5269 0.00011247
2753 5270 0.00074018
3327 5270 0.00074018
5237 5270 0.00074018
3335 5822 0.0063914
5823 5822 0.0063914
5831 5822 0.0063914
6967 5822 0.0063914
5822 5823 0.026629
6963 5823 0.026629
7102 5823 0.026629
7104 5823 0.026629
5825 5824 0.00059458
5826 5824 0.00059458
5830 5824 0.00059458
5824 5825 0.013473
6964 5825 0.013473
7100 5825 0.013473
3331 5826 0.00031392
5827 5826 0.00031392
5829 5826 0.00031392
5825 5827 0.0043853
5826 5827 0.0043853
5830 5827 0.0043853
3335 5830 0.0027995
5823 5830 0.0027995
5831 5830 0.0027995
6967 5830 0.0027995
5825 5831 0.011606
5826 5831 0.011606
5830 5831 0.011606
2349 5985 1.003
5903 5985 1.003
5986 5985 1.003
7105 5985 1.003
548 6225 0.0030913
6226 6225 0.0030913
6227 6225 0.0030913
6230 6225 0.0030913
3333 6226 0.032298
3336 6226 0.032298
6225 6226 0.032298
3907 6227 0.027913
4019 6227 0.027913
6228 6227 0.027913
6358 6227 0.027913
548 6228 0.017493
6226 6228 0.017493
6227 6228 0.017493
6230 6228 0.017493
548 6229 0.15969
6226 6229 0.15969
6227 6229 0.15969
6230 6229 0.15969
6229 6230 0.032315
6979 6230 0.032315
7063 6230 0.032315
4020 6231 0.00051807
6232 6231 0.00051807
6351 6231 0.00051807
6231 6232 0.00069037
6234 6232 0.00069037
6354 6232 0.00069037
3122 6234 0.00066445
5270 6234 0.00066445
6233 6234 0.00066445
2071 6237 0.00097428
6238 6237 0.00097428
6239 6237 0.00097428
996 6238 0.004387
3119 6238 0.004387
4790 6238 0.004387
6237 6238 0.004387
4789 6239 0.00077714
6240 6239 0.00077714
6365 6239 0.00077714
2071 6240 0.00032609
6238 6240 0.00032609
6239 6240 0.00032609
950 6351 0.00046224
6352 6351 0.00046224
6353 6351 0.00046224
6356 6351 0.00046224
4020 6352 0.0013103
6232 6352 0.0013103
6351 6352 0.0013103
2354 6353 0.00024182
2357 6353 0.00024182
6231 6355 0.00049546
6234 6355 0.00049546
6354 6355 0.00049546
6357 6356 0.00018111
6361 6356 0.00018111
950 6357 0.001703
6352 6357 0.001703
6353 6357 0.001703
6356 6357 0.001703
995 6358 0.0055511
6359 6358 0.0055511
6360 6358 0.0055511
3907 6359 0.0062165
4019 6359 0.0062165
6228 6359 0.0062165
6358 6359 0.0062165
6357 6360 0.0016298
6361 6360 0.0016298
995 6361 0.0016376
6359 6361 0.0016376
6360 6361 0.0016376
6357 6362 0.0015297
6361 6362 0.0015297
2364 6365 0.00021718
2367 6365 0.00021718
6366 6365 0.00021718
6367 6365 0.00021718
4789 6366 0.00011682
6240 6366 0.00011682
6365 6366 0.00011682
3140 6371 0.00011994
6372 6371 0.00011994
6373 6371 0.00011994
6407 6371 0.00011994
2078 6372 0.00010083
2358 6372 0.00010083
2361 6372 0.00010083
6371 6372 0.00010083
5824 6963 0.00774
6964 6963 0.00774
7100 6963 0.00774
5822 6964 0.0063649
6963 6964 0.0063649
7102 6964 0.0063649
7104 6964 0.0063649
6965 6967 0.0030548
6968 6967 0.0030548
7101 6967 0.0030548
3335 6968 0.0069641
5823 6968 0.0069641
5831 6968 0.0069641
6967 6968 0.0069641
6969 6971 0.22915
6972 6971 0.22915
6975 6971 0.22915
7066 6971 0.22915
6971 6972 0.099291
6974 6972 0.099291
7064 6972 0.099291
6971 6973 0.17365
6974 6973 0.17365
7064 6973 0.17365
6973 6974 0.35718
6976 6974 0.35718
6978 6974 0.35718
6973 6975 0.43428
6976 6975 0.43428
6978 6975 0.43428
6969 6976 0.047287
6972 6976 0.047287
6975 6976 0.047287
7066 6976 0.047287
6973 6977 0.063346
6976 6977 0.063346
6978 6977 0.063346
3320 6978 0.63387
6977 6978 0.63387
7096 6978 0.63387
6980 6979 0.56867
7065 6979 0.56867
7098 6979 0.56867
6229 6980 0.0094392
6979 6980 0.0094392
7063 6980 0.0094392
6982 6981 0.022674
6984 6981 0.022674
6986 6981 0.022674
6981 6982 0.0044973
6990 6982 0.0044973
6982 6983 0.01595
6984 6983 0.01595
6986 6983 0.01595
3318 6984 0.042911
6983 6984 0.042911
7092 6984 0.042911
6982 6985 0.026198
6984 6985 0.026198
6986 6985 0.026198
6985 6986 0.017414
6988 6986 0.017414
6989 6986 0.017414
6985 6987 0.037562
6988 6987 0.037562
6989 6987 0.037562
6987 6988 0.010601
6992 6988 0.010601
6994 6988 0.010601
6981 6989 0.022674
6990 6989 0.022674
6985 6990 0.0044973
6988 6990 0.0044973
6989 6990 0.0044973
6987 6991 0.029548
6992 6991 0.029548
6994 6991 0.029548
6991 6992 0.0033969
6995 6992 0.0033969
7000 6992 0.0033969
6987 6993 0.020068
6992 6993 0.020068
6994 6993 0.020068
6993 6994 0.019258
6996 6994 0.019258
6998 6994 0.019258
7001 6994 0.019258
6993 6995 0.0080083
6996 6995 0.0080083
6998 6995 0.0080083
7001 6995 0.0080083
6991 6996 0.02542
6995 6996 0.02542
7000 6996 0.02542
6993 6997 0.03746
6996 6997 0.03746
6998 6997 0.03746
7001 6997 0.03746
6997 6998 0.010499
7090 6998 0.010499
7091 6998 0.010499
6991 6999 0.010281
6995 6999 0.010281
7000 6999 0.010281
6999 7000 0.0015414
7002 7000 0.0015414
7004 7000 0.0015414
6999 7001 0.010281
7002 7001 0.010281
7004 7001 0.010281
6993 7002 0.0015414
6996 7002 0.0015414
6998 7002 0.0015414
7001 7002 0.0015414
2366 7005 0.00016696
7006 7005 0.00016696
7086 7005 0.00016696
6971 7063 0.42631
6974 7063 0.42631
7064 7063 0.42631
6229 7064 0.11292
6979 7064 0.11292
7063 7064 0.11292
6969 7065 0.31755
6972 7065 0.31755
6975 7065 0.31755
7066 7065 0.31755
6980 7066 0.060414
7065 7066 0.060414
7098 7066 0.060414
6997 7089 0.0030423
7090 7089 0.0030423
7091 7089 0.0030423
3317 7090 0.00020478
5238 7090 0.00020478
7089 7090 0.00020478
3318 7091 0.013264
6983 7091 0.013264
7092 7091 0.013264
6997 7092 0.037387
7090 7092 0.037387
7091 7092 0.037387
547 7093 0.038011
2073 7093 0.038011
7094 7093 0.038011
3319 7094 0.13564
5985 7094 0.13564
7093 7094 0.13564
7095 7094 0.13564
3320 7095 0.0031474
6977 7095 0.0031474
7096 7095 0.0031474
3319 7096 0.90568
5985 7096 0.90568
7093 7096 0.90568
7095 7096 0.90568
6980 7097 0.010975
7065 7097 0.010975
7098 7097 0.010975
3321 7098 0.31307
3322 7098 0.31307
7097 7098 0.31307
5824 7099 0.0010547
6964 7099 0.0010547
7100 7099 0.0010547
3325 7100 0.015308
3326 7100 0.015308
7099 7100 0.015308
5822 7101 0.0030548
6963 7101 0.0030548
7102 7101 0.0030548
7104 7101 0.0030548
6965 7102 0.0069641
6968 7102 0.0069641
7101 7102 0.0069641
5822 7103 0.0082179
6963 7103 0.0082179
7102 7103 0.0082179
7104 7103 0.0082179
3323 7104 0.023171
3324 7104 0.023171
7103 7104 0.023171
6952 7163 0.00010547
7161 7163 0.00010547
7162 7163 0.00010547
