58 57 0.0041433
519 57 0.0041433
3418 57 0.0041433
57 58 0.005086
60 58 0.005086
4610 58 0.005086
59 60 0.95511
3420 60 0.95511
3421 60 0.95511
86 85 0.019428
89 85 0.019428
6576 85 0.019428
85 86 0.0039885
3724 86 0.0039885
3725 86 0.0039885
88 87 0.026797
90 87 0.026797
773 87 0.026797
6568 87 0.026797
87 88 0.0015831
3728 88 0.0015831
3729 88 0.0015831
88 89 0.022219
90 89 0.022219
773 89 0.022219
6568 89 0.022219
86 90 0.00072811
89 90 0.00072811
6576 90 0.00072811
92 91 0.0048374
4557 91 0.0048374
6569 91 0.0048374
91 92 0.0028507
3732 92 0.0028507
3733 92 0.0028507
98 97 0.00014759
3704 97 0.00014759
3705 97 0.00014759
97 98 0.00029064
412 98 0.00029064
6566 98 0.00029064
100 99 0.0017955
102 99 0.0017955
4555 99 0.0017955
99 100 0.00094378
366 100 0.00094378
3737 100 0.00094378
100 101 0.00076684
102 101 0.00076684
4555 101 0.00076684
101 102 0.00059523
367 102 0.00059523
3738 102 0.00059523
107 108 0.0008213
390 108 0.0008213
391 108 0.0008213
112 111 0.0027017
424 111 0.0027017
425 111 0.0027017
6552 111 0.0027017
111 112 0.011357
387 112 0.011357
394 112 0.011357
114 113 0.0038416
422 113 0.0038416
423 113 0.0038416
6550 113 0.0038416
113 114 0.012999
384 114 0.012999
385 114 0.012999
116 115 0.008374
420 115 0.008374
421 115 0.008374
1584 115 0.008374
115 116 0.0096947
382 116 0.0096947
383 116 0.0096947
134 133 0.00021694
3708 133 0.00021694
3709 133 0.00021694
133 134 0.00012209
3052 134 0.00012209
99 365 0.0023271
366 365 0.0023271
3737 365 0.0023271
365 366 0.0012845
3722 366 0.0012845
3723 366 0.0012845
368 367 0.00046997
371 367 0.00046997
376 367 0.00046997
101 368 0.00045075
367 368 0.00045075
3738 368 0.00045075
370 369 0.00030246
372 369 0.00030246
369 370 0.00011973
374 370 0.00011973
375 370 0.00011973
370 371 0.00011973
372 371 0.00011973
368 372 0.00030246
371 372 0.00030246
376 372 0.00030246
369 373 0.00062594
374 373 0.00062594
375 373 0.00062594
373 374 0.00064516
3730 374 0.00064516
3731 374 0.00064516
368 375 0.00036754
371 375 0.00036754
376 375 0.00036754
369 376 0.00056948
374 376 0.00056948
375 376 0.00056948
377 378 0.0019345
399 378 0.0019345
378 380 0.0019345
379 380 0.0019345
115 381 0.00048614
382 381 0.00048614
383 381 0.00048614
381 382 0.028731
400 382 0.028731
401 382 0.028731
413 382 0.028731
113 383 0.0003356
384 383 0.0003356
385 383 0.0003356
115 384 0.027259
382 384 0.027259
383 384 0.027259
380 385 0.00071987
386 385 0.00071987
393 385 0.00071987
113 386 0.018487
384 386 0.018487
385 386 0.018487
388 387 0.0001164
389 387 0.0001164
3717 387 0.0001164
6554 387 0.0001164
111 388 0.011137
387 388 0.011137
394 388 0.011137
388 390 0.0010884
389 390 0.0010884
3717 390 0.0010884
6554 390 0.0010884
107 392 0.00029838
390 392 0.00029838
391 392 0.00029838
111 393 0.00016064
387 393 0.00016064
394 393 0.00016064
380 394 0.019836
386 394 0.019836
393 394 0.019836
392 396 0.00029838
395 396 0.00029838
998 396 0.00029838
108 398 0.0010886
396 398 0.0010886
397 398 0.0010886
381 399 0.0019345
400 399 0.0019345
401 399 0.0019345
413 399 0.0019345
402 401 0.015587
403 401 0.015587
418 401 0.015587
419 401 0.015587
381 402 0.0080039
400 402 0.0080039
401 402 0.0080039
413 402 0.0080039
404 403 0.094844
405 403 0.094844
6570 403 0.094844
6573 403 0.094844
402 404 0.0025535
403 404 0.0025535
418 404 0.0025535
419 404 0.0025535
97 411 0.00014759
412 411 0.00014759
6566 411 0.00014759
411 412 0.00029064
3734 412 0.00029064
3735 412 0.00029064
414 413 0.024396
415 413 0.024396
417 413 0.024396
381 414 0.0018251
400 414 0.0018251
401 414 0.0018251
413 414 0.0018251
416 415 0.10659
3096 415 0.10659
7148 415 0.10659
414 416 0.012858
415 416 0.012858
417 416 0.012858
402 417 0.013359
403 417 0.013359
418 417 0.013359
419 417 0.013359
414 418 0.084517
415 418 0.084517
417 418 0.084517
116 419 0.0036592
420 419 0.0036592
421 419 0.0036592
1584 419 0.0036592
402 420 0.15952
403 420 0.15952
418 420 0.15952
419 420 0.15952
114 421 0.0013814
422 421 0.0013814
423 421 0.0013814
6550 421 0.0013814
116 422 0.20195
420 422 0.20195
421 422 0.20195
1584 422 0.20195
112 423 0.00095798
424 423 0.00095798
425 423 0.00095798
6552 423 0.00095798
114 424 0.22043
422 424 0.22043
423 424 0.22043
6550 424 0.22043
426 425 0.00040869
3720 425 0.00040869
3721 425 0.00040869
4661 425 0.00040869
112 426 0.24355
424 426 0.24355
425 426 0.24355
6552 426 0.24355
428 427 0.00013026
429 427 0.00013026
3089 427 0.00013026
5680 427 0.00013026
427 428 0.030561
431 428 0.030561
3097 428 0.030561
2279 431 0.0016261
5674 431 0.0016261
7273 431 0.0016261
427 432 0.011179
431 432 0.011179
3097 432 0.011179
5835 433 0.0029557
522 521 0.0021352
736 521 0.0021352
3419 521 0.0021352
3434 521 0.0021352
521 522 0.40597
3424 522 0.40597
3890 522 0.40597
548 547 0.0035932
6226 547 0.0035932
6227 547 0.0035932
6230 547 0.0035932
547 548 0.009688
2073 548 0.009688
7094 548 0.009688
517 594 0.00027959
595 594 0.00027959
3437 594 0.00027959
3440 594 0.00027959
723 724 0.00031839
6920 724 0.00031839
727 732 0.00065104
731 732 0.00065104
7126 732 0.00065104
734 733 0.00065082
2879 733 0.00065082
5252 733 0.00065082
522 735 0.00038145
736 735 0.00038145
3419 735 0.00038145
3434 735 0.00038145
735 736 0.59254
737 736 0.59254
740 736 0.59254
738 737 0.60113
2913 737 0.60113
5577 737 0.60113
735 738 0.00010785
737 738 0.00010785
740 738 0.00010785
735 739 0.0089285
737 739 0.0089285
740 739 0.0089285
762 763 0.00081517
764 763 0.00081517
3428 763 0.00081517
763 764 0.00024738
3426 764 0.00024738
774 773 0.044611
775 773 0.044611
88 774 0.00053522
90 774 0.00053522
773 774 0.00053522
6568 774 0.00053522
776 775 0.044611
6574 775 0.044611
774 776 0.00053522
775 776 0.00053522
796 795 0.00024087
2875 795 0.00024087
3441 795 0.00024087
795 796 0.00050269
3577 796 0.00050269
4598 796 0.00050269
4615 796 0.00050269
732 797 0.00065104
798 797 0.00065104
7216 797 0.00065104
948 950 0.0012403
951 950 0.0012403
6355 950 0.0012403
950 951 0.0032289
6352 951 0.0032289
6353 951 0.0032289
6356 951 0.0032289
995 994 0.0026679
6359 994 0.0026679
6360 994 0.0026679
994 995 0.016709
997 995 0.016709
2076 995 0.016709
2077 995 0.016709
994 996 0.0025658
997 996 0.0025658
2076 996 0.0025658
2077 996 0.0025658
996 997 0.025154
3119 997 0.025154
4790 997 0.025154
6237 997 0.025154
1466 1117 0.00010651
2325 1117 0.00010651
434 1126 0.00020416
5089 1126 0.00020416
432 1127 0.011084
5692 1127 0.011084
5085 1129 0.0010019
5267 1129 0.0010019
1232 1233 0.9969
7249 1233 0.9969
1235 1234 0.00040497
7248 1234 0.00040497
7250 1234 0.00040497
1234 1235 0.00010067
5816 1235 0.00010067
6117 1235 0.00010067
1117 1468 0.0028078
2345 1468 0.0028078
1528 1530 0.0070499
1531 1530 0.0070499
3303 1530 0.0070499
1530 1531 0.026065
1533 1531 0.026065
2850 1531 0.026065
1530 1532 0.0029773
1533 1532 0.0029773
2850 1532 0.0029773
1532 1533 0.015157
2851 1533 0.015157
3339 1533 0.015157
408 1574 1
1575 1574 1
7224 1574 1
1574 1576 0.79691
1577 1576 0.79691
6571 1576 0.79691
1578 1580 0.0023939
1581 1580 0.0023939
4558 1580 0.0023939
1580 1581 0.0070087
1583 1581 0.0070087
6572 1581 0.0070087
6575 1581 0.0070087
1580 1582 0.063665
1583 1582 0.063665
6572 1582 0.063665
6575 1582 0.063665
1582 1583 0.0015688
1585 1583 0.0015688
4524 1583 0.0015688
1582 1584 0.047383
1585 1584 0.047383
4524 1584 0.047383
116 1585 0.0040001
420 1585 0.0040001
421 1585 0.0040001
1584 1585 0.0040001
1655 1656 0.00015365
5745 1656 0.00015365
5901 1656 0.00015365
5904 1656 0.00015365
5576 1966 0.39894
5579 1966 0.39894
2072 2071 0.00012431
2074 2071 0.00012431
2075 2071 0.00012431
3906 2071 0.00012431
2071 2072 0.041992
6238 2072 0.041992
6239 2072 0.041992
2072 2073 0.026743
2074 2073 0.026743
2075 2073 0.026743
3906 2073 0.026743
547 2074 0.00079915
2073 2074 0.00079915
7094 2074 0.00079915
994 2075 0.020528
997 2075 0.020528
2076 2075 0.020528
2077 2075 0.020528
2072 2076 0.0039478
2074 2076 0.0039478
2075 2076 0.0039478
3906 2076 0.0039478
2078 2077 0.01382
2358 2077 0.01382
2361 2077 0.01382
6371 2077 0.01382
994 2078 0.0057874
997 2078 0.0057874
2076 2078 0.0057874
2077 2078 0.0057874
724 2146 0.00031694
2147 2146 0.00031694
6794 2146 0.00031694
2344 2345 0.0027015
2347 2345 0.0027015
5906 2345 0.0027015
2346 2347 0.0017256
6960 2347 0.0017256
7108 2347 0.0017256
2348 2349 0.0041686
5239 2349 0.0041686
5739 2349 0.0041686
2351 2350 0.0017856
4656 2350 0.0017856
7014 2350 0.0017856
7087 2350 0.0017856
2350 2351 0.0082101
5671 2351 0.0082101
5836 2351 0.0082101
2353 2352 0.0032142
3337 2352 0.0032142
2352 2353 0.024491
2355 2353 0.024491
5269 2353 0.024491
2352 2354 0.0029488
2355 2354 0.0029488
5269 2354 0.0029488
2354 2355 0.023718
2357 2355 0.023718
2354 2356 0.00027428
2357 2356 0.00027428
2356 2357 0.028358
2359 2357 0.028358
6362 2357 0.028358
7160 2357 0.028358
2356 2358 0.0023867
2359 2358 0.0023867
6362 2358 0.0023867
7160 2358 0.0023867
2078 2359 0.025402
2358 2359 0.025402
2361 2359 0.025402
6371 2359 0.025402
2078 2360 0.0032425
2358 2360 0.0032425
2361 2360 0.0032425
6371 2360 0.0032425
2360 2361 0.02927
2363 2361 0.02927
3120 2361 0.02927
2360 2362 0.0012745
2363 2362 0.0012745
3120 2362 0.0012745
2362 2363 0.036755
2365 2363 0.036755
6395 2363 0.036755
2362 2364 0.0015957
2365 2364 0.0015957
6395 2364 0.0015957
2364 2365 0.034582
2367 2365 0.034582
6366 2365 0.034582
6367 2365 0.034582
2364 2366 0.0067738
2367 2366 0.0067738
6366 2366 0.0067738
6367 2366 0.0067738
2366 2367 0.02127
7006 2367 0.02127
7086 2367 0.02127
2753 2752 0.99721
3327 2752 0.99721
5237 2752 0.99721
1530 2849 0.013677
1533 2849 0.013677
2850 2849 0.013677
600 2850 0.020511
2849 2850 0.020511
3344 2850 0.020511
3345 2850 0.020511
797 2875 0.00020113
2876 2875 0.00020113
4596 2875 0.00020113
796 2876 0.00024749
2875 2876 0.00024749
3441 2876 0.00024749
2911 2913 0.0087672
2914 2913 0.0087672
6130 2913 0.0087672
133 3051 0.00021694
3052 3051 0.00021694
3051 3052 0.00012209
3710 3052 0.00012209
3711 3052 0.00012209
3085 3086 0.022508
3088 3086 0.022508
5398 3086 0.022508
3087 3088 0.022361
7151 3088 0.022361
428 3090 0.030622
429 3090 0.030622
3089 3090 0.030622
5680 3090 0.030622
416 3095 0.70321
3096 3095 0.70321
7148 3095 0.70321
1127 3097 0.040698
3095 3097 0.040698
3098 3097 0.040698
427 3098 0.00071429
431 3098 0.00071429
3097 3098 0.00071429
3105 3106 0.00031034
5399 3106 0.00031034
5963 3106 0.00031034
3107 3109 0.00012094
3110 3109 0.00012094
3309 3109 0.00012094
3310 3109 0.00012094
3109 3110 0.00015876
3112 3110 0.00015876
3313 3110 0.00015876
3314 3110 0.00015876
3111 3112 0.00023296
3114 3112 0.00023296
6382 3112 0.00023296
6383 3112 0.00023296
3111 3113 0.00011221
3114 3113 0.00011221
6382 3113 0.00011221
6383 3113 0.00011221
3113 3114 0.00027318
3116 3114 0.00027318
6106 3114 0.00027318
3113 3115 0.00017898
3116 3115 0.00017898
6106 3115 0.00017898
3115 3116 0.00021363
5959 3116 0.00021363
6404 3116 0.00021363
3118 3117 0.00089831
6390 3117 0.00089831
6391 3117 0.00089831
3117 3118 0.0045752
5957 3118 0.0045752
6368 3118 0.0045752
6369 3118 0.0045752
2360 3119 0.01347
2363 3119 0.01347
3120 3119 0.01347
996 3120 0.004016
3119 3120 0.004016
4790 3120 0.004016
6237 3120 0.004016
3122 3121 0.033963
5270 3121 0.033963
6233 3121 0.033963
3121 3122 0.0010406
3328 3122 0.0010406
3329 3122 0.0010406
3124 3123 0.00034718
3307 3123 0.00034718
3308 3123 0.00034718
3637 3123 0.00034718
3123 3124 0.0018122
3126 3124 0.0018122
3312 3124 0.0018122
3123 3125 0.00033619
3126 3125 0.00033619
3312 3125 0.00033619
3125 3126 0.0016913
3128 3126 0.0016913
5949 3126 0.0016913
3125 3127 0.00017101
3128 3127 0.00017101
5949 3127 0.00017101
3127 3128 0.0018162
3130 3128 0.0018162
6380 3128 0.0018162
6381 3128 0.0018162
3129 3130 0.0026298
3132 3130 0.0026298
6105 3130 0.0026298
6108 3130 0.0026298
3129 3131 0.00014459
3132 3131 0.00014459
6105 3131 0.00014459
6108 3131 0.00014459
3131 3132 0.0033568
3134 3132 0.0033568
6402 3132 0.0033568
6403 3132 0.0033568
3131 3133 0.00028599
3134 3133 0.00028599
6402 3133 0.00028599
6403 3133 0.00028599
3133 3134 0.0051559
5955 3134 0.0051559
6394 3134 0.0051559
3135 3136 0.00049959
5948 3136 0.00049959
5953 3136 0.00049959
3138 3137 0.0065424
5832 3137 0.0065424
6422 3137 0.0065424
3137 3138 0.00081279
3302 3138 0.00081279
3338 3138 0.00081279
3140 3139 0.00052522
6372 3139 0.00052522
6373 3139 0.00052522
6407 3139 0.00052522
3139 3140 0.0039959
3910 3140 0.0039959
6112 3140 0.0039959
3142 3141 0.00014553
6414 3141 0.00014553
6415 3141 0.00014553
3141 3142 0.00043541
3144 3142 0.00043541
4787 3142 0.00043541
3141 3143 0.00048918
3144 3143 0.00048918
4787 3143 0.00048918
3143 3144 0.00057135
3146 3144 0.00057135
6374 3144 0.00057135
6375 3144 0.00057135
3143 3145 0.00052073
3146 3145 0.00052073
6374 3145 0.00052073
6375 3145 0.00052073
3145 3146 0.0022508
3148 3146 0.0022508
3911 3146 0.0022508
6109 3146 0.0022508
3145 3147 0.00053637
3148 3147 0.00053637
3911 3147 0.00053637
6109 3147 0.00053637
3147 3148 0.0021771
5951 3148 0.0021771
6398 3148 0.0021771
6399 3148 0.0021771
1528 3302 0.026065
1531 3302 0.026065
3303 3302 0.026065
3137 3303 0.0070499
3302 3303 0.0070499
3338 3303 0.0070499
3136 3304 0.0041344
3305 3304 0.0041344
3306 3304 0.0041344
3124 3306 0.0038167
3307 3306 0.0038167
3308 3306 0.0038167
3637 3306 0.0038167
3136 3307 0.00017698
3305 3307 0.00017698
3306 3307 0.00017698
3107 3308 0.00015876
3110 3308 0.00015876
3309 3308 0.00015876
3310 3308 0.00015876
3124 3309 0.00012094
3307 3309 0.00012094
3308 3309 0.00012094
3637 3309 0.00012094
3109 3312 0.00020874
3112 3312 0.00020874
3313 3312 0.00020874
3314 3312 0.00020874
3316 3317 0.045089
7005 3317 0.045089
7008 3317 0.045089
7088 3317 0.045089
3319 3318 0.00048369
5985 3318 0.00048369
7093 3318 0.00048369
7095 3318 0.00048369
3318 3319 0.044962
6983 3319 0.044962
7092 3319 0.044962
3321 3320 0.00034464
3322 3320 0.00034464
7097 3320 0.00034464
3320 3321 0.062003
6977 3321 0.062003
7096 3321 0.062003
3323 3322 0.00029673
3324 3322 0.00029673
7103 3322 0.00029673
3321 3323 0.077691
3322 3323 0.077691
7097 3323 0.077691
3325 3324 0.00064479
3326 3324 0.00064479
7099 3324 0.00064479
3323 3325 0.099314
3324 3325 0.099314
7103 3325 0.099314
2753 3326 0.0022553
3327 3326 0.0022553
5237 3326 0.0022553
3325 3327 0.092263
3326 3327 0.092263
7099 3327 0.092263
2353 3328 0.87861
3337 3328 0.87861
3332 3331 0.001527
3334 3331 0.001527
3331 3332 0.0014159
5827 3332 0.0014159
5829 3332 0.0014159
3332 3333 0.0014159
3334 3333 0.0014159
3333 3334 0.001527
3336 3334 0.001527
6225 3334 0.001527
3333 3335 0.013601
3336 3335 0.013601
6225 3335 0.013601
3335 3336 0.0010985
5823 3336 0.0010985
5831 3336 0.0010985
6967 3336 0.0010985
3137 3337 0.85733
3302 3337 0.85733
3338 3337 0.85733
3343 3338 0.83259
3639 3338 0.83259
3962 3338 0.83259
3340 3339 0.015157
3342 3339 0.015157
3960 3339 0.015157
1532 3340 0.0029773
2851 3340 0.0029773
3339 3340 0.0029773
3340 3341 0.0029773
3342 3341 0.0029773
3960 3341 0.0029773
3341 3342 0.015157
3346 3342 0.015157
4684 3342 0.015157
600 3343 0.27796
2849 3343 0.27796
3344 3343 0.27796
3345 3343 0.27796
3343 3344 0.0030766
3639 3344 0.0030766
3962 3344 0.0030766
3341 3345 0.28204
3346 3345 0.28204
4684 3345 0.28204
600 3346 0.00032072
2849 3346 0.00032072
3344 3346 0.00032072
3345 3346 0.00032072
73 3347 0.00081708
3348 3347 0.00081708
3349 3347 0.00081708
3347 3348 0.00080514
3354 3348 0.00080514
4683 3348 0.00080514
3350 3349 0.00081708
3351 3349 0.00081708
3363 3349 0.00081708
73 3350 0.00080514
3348 3350 0.00080514
3349 3350 0.00080514
3352 3351 0.00028393
3366 3351 0.00028393
3691 3351 0.00028393
3350 3352 0.00064
3351 3352 0.00064
3363 3352 0.00064
3353 3354 0.29389
3355 3354 0.29389
7220 3354 0.29389
3364 3363 0.00054595
3365 3363 0.00054595
3367 3363 0.00054595
3350 3364 0.00017795
3351 3364 0.00017795
3363 3364 0.00017795
3352 3365 0.00047129
3366 3365 0.00047129
3691 3365 0.00047129
3364 3366 0.00025082
3365 3366 0.00025082
3367 3366 0.00025082
3368 3367 0.00016963
3369 3367 0.00016963
3665 3367 0.00016963
3370 3369 0.00016207
3692 3369 0.00016207
3693 3369 0.00016207
594 3407 0.00019632
3408 3407 0.00019632
3413 3407 0.00019632
3407 3408 0.00055694
3573 3408 0.00055694
3576 3408 0.00055694
3410 3409 0.00028948
3411 3409 0.00028948
3439 3409 0.00028948
3569 3409 0.00028948
3409 3413 0.00013387
3414 3413 0.00013387
6452 3413 0.00013387
594 3414 0.0006844
3408 3414 0.0006844
3413 3414 0.0006844
58 3417 0.005086
519 3417 0.005086
3418 3417 0.005086
3416 3418 0.0041433
3417 3418 0.0041433
6453 3418 0.0041433
6456 3418 0.0041433
522 3420 0.95511
736 3420 0.95511
3419 3420 0.95511
3434 3420 0.95511
1966 3424 0.39894
3423 3424 0.39894
763 3425 0.00081517
3426 3425 0.00081517
3425 3426 0.00024738
3430 3426 0.00024738
3891 3426 0.00024738
762 3427 0.00024738
764 3427 0.00024738
3428 3427 0.00024738
3427 3428 0.00081517
3429 3428 0.00081517
6139 3428 0.00081517
6461 3428 0.00081517
3425 3429 0.0082521
3430 3429 0.0082521
3891 3429 0.0082521
3427 3430 0.012578
3429 3430 0.012578
6139 3430 0.012578
6461 3430 0.012578
522 3433 0.044705
736 3433 0.044705
3419 3433 0.044705
3434 3433 0.044705
561 3434 0.0038175
3433 3434 0.0038175
6459 3434 0.0038175
6462 3434 0.0038175
3436 3435 0.00092454
3442 3435 0.00092454
3443 3435 0.00092454
4595 3435 0.00092454
3435 3437 0.00048113
3438 3437 0.00048113
3571 3437 0.00048113
3574 3437 0.00048113
517 3439 0.00027111
595 3439 0.00027111
3437 3439 0.00027111
3440 3439 0.00027111
3436 3441 0.00024747
3442 3441 0.00024747
3443 3441 0.00024747
4595 3441 0.00024747
796 3442 0.00046294
2875 3442 0.00046294
3441 3442 0.00046294
3435 3573 0.00064516
3438 3573 0.00064516
3571 3573 0.00064516
3574 3573 0.00064516
3407 3574 0.00018798
3573 3574 0.00018798
3576 3574 0.00018798
3407 3575 0.00071483
3573 3575 0.00071483
3576 3575 0.00071483
3575 3576 0.00061826
3578 3576 0.00061826
4617 3576 0.00061826
795 3578 0.0080178
3577 3578 0.0080178
4598 3578 0.0080178
4615 3578 0.0080178
3638 3637 0.0039544
3640 3637 0.0039544
5268 3637 0.0039544
3124 3638 0.0018176
3307 3638 0.0018176
3308 3638 0.0018176
3637 3638 0.0018176
3638 3639 0.0025639
3640 3639 0.0025639
5268 3639 0.0025639
3343 3640 0.0040195
3639 3640 0.0040195
3962 3640 0.0040195
3352 3692 0.00017577
3366 3692 0.00017577
3691 3692 0.00017577
1972 3705 0.00016026
3706 3705 0.00016026
3707 3705 0.00016026
3736 3705 0.00016026
98 3706 0.00037168
3704 3706 0.00037168
3705 3706 0.00037168
1972 3708 0.0029188
3706 3708 0.0029188
3707 3708 0.0029188
3736 3708 0.0029188
134 3710 0.0028222
3708 3710 0.0028222
3709 3710 0.0028222
3051 3712 0.0029166
3710 3712 0.0029166
3711 3712 0.0029166
398 3717 0.00028283
3718 3717 0.00028283
3719 3717 0.00028283
388 3718 0.010267
389 3718 0.010267
3717 3718 0.010267
6554 3718 0.010267
426 3719 0.00028012
3720 3719 0.00028012
3721 3719 0.00028012
4661 3719 0.00028012
398 3720 0.0113
3718 3720 0.0113
3719 3720 0.0113
365 3721 0.042755
3722 3721 0.042755
3723 3721 0.042755
426 3722 0.0030355
3720 3722 0.0030355
3721 3722 0.0030355
4661 3722 0.0030355
85 3723 0.041219
3724 3723 0.041219
3725 3723 0.041219
365 3724 0.0025421
3722 3724 0.0025421
3723 3724 0.0025421
3726 3725 0.025128
3727 3725 0.025128
4556 3725 0.025128
85 3726 0.0018905
3724 3726 0.0018905
3725 3726 0.0018905
87 3727 0.025834
3728 3727 0.025834
3729 3727 0.025834
3726 3728 0.001573
3727 3728 0.001573
4556 3728 0.001573
373 3729 0.0035464
3730 3729 0.0035464
3731 3729 0.0035464
87 3730 0.0044988
3728 3730 0.0044988
3729 3730 0.0044988
91 3731 0.0031158
3732 3731 0.0031158
3733 3731 0.0031158
373 3732 0.0040491
3730 3732 0.0040491
3731 3732 0.0040491
91 3734 0.0029492
3732 3734 0.0029492
3733 3734 0.0029492
411 3736 0.0027827
3734 3736 0.0027827
3735 3736 0.0027827
101 3737 0.00065117
367 3737 0.00065117
3738 3737 0.00065117
99 3738 0.00046035
366 3738 0.00046035
3737 3738 0.00046035
3425 3890 0.013139
3430 3890 0.013139
3891 3890 0.013139
521 3891 0.0082452
3424 3891 0.0082452
3890 3891 0.0082452
3898 3899 0.0087649
5581 3899 0.0087649
5935 3899 0.0087649
1237 3903 0.00034622
3902 3903 0.00034622
6118 3903 0.00034622
3907 3906 0.0019727
4019 3906 0.0019727
6228 3906 0.0019727
6358 3906 0.0019727
2072 3907 0.034476
2074 3907 0.034476
2075 3907 0.034476
3906 3907 0.034476
3909 3908 0.00029638
6113 3908 0.00029638
6400 3908 0.00029638
6401 3908 0.00029638
3908 3909 0.0014276
6392 3909 0.0014276
6393 3909 0.0014276
3145 3910 0.0014247
3148 3910 0.0014247
3911 3910 0.0014247
6109 3910 0.0014247
3139 3911 0.00047993
3910 3911 0.00047993
6112 3911 0.00047993
4685 3962 0.55916
5086 3962 0.55916
6876 3963 0.55607
1129 3964 0.088692
3963 3964 0.088692
4020 4019 0.001098
6232 4019 0.001098
6351 4019 0.001098
3907 4020 0.023958
4019 4020 0.023958
6228 4020 0.023958
6358 4020 0.023958
1582 4523 0.021234
1585 4523 0.021234
4524 4523 0.021234
4523 4524 0.0025211
4526 4524 0.0025211
6551 4524 0.0025211
4523 4525 0.017335
4526 4525 0.017335
6551 4525 0.017335
4525 4526 0.0083656
6553 4526 0.0083656
6577 4526 0.0083656
3726 4555 0.0023274
3727 4555 0.0023274
4556 4555 0.0023274
100 4556 0.0013041
102 4556 0.0013041
4555 4556 0.0013041
1578 4557 0.0070087
1581 4557 0.0070087
4558 4557 0.0070087
92 4558 0.0023939
4557 4558 0.0023939
6569 4558 0.0023939
797 4595 0.00071092
2876 4595 0.00071092
4596 4595 0.00071092
4597 4598 0.0082633
5250 4598 0.0082633
5253 4598 0.0082633
4611 4610 0.048396
6455 4610 0.048396
6458 4610 0.048396
57 4611 0.0025599
60 4611 0.0025599
4610 4611 0.0025599
3575 4616 0.0082139
3578 4616 0.0082139
4617 4616 0.0082139
4616 4617 0.00012778
6451 4617 0.00012778
6454 4617 0.00012778
4657 4656 0.022812
5663 4656 0.022812
5665 4656 0.022812
6737 4659 0.0036463
426 4660 0.29389
3720 4660 0.29389
3721 4660 0.29389
4661 4660 0.29389
2146 4662 0.0029072
3712 4662 0.0029072
4663 4662 0.0029072
7113 4662 0.0029072
3347 4684 0.2939
3354 4684 0.2939
4683 4684 0.2939
4788 4787 0.00044903
6408 4787 0.00044903
6409 4787 0.00044903
3141 4788 0.00024131
3144 4788 0.00024131
4787 4788 0.00024131
996 4789 0.001346
3119 4789 0.001346
4790 4789 0.001346
6237 4789 0.001346
4789 4790 0.024917
6240 4790 0.024917
6365 4790 0.024917
4659 5064 0.0036474
5065 5064 0.0036474
4685 5085 0.00081874
5086 5085 0.00081874
5087 5086 0.55995
5271 5086 0.55995
1129 5087 0.46838
3963 5087 0.46838
7272 5088 0.6804
7274 5088 0.6804
5090 5089 0.00017973
5091 5090 0.024609
5838 5090 0.024609
1128 5091 0.12452
5092 5091 0.12452
5093 5092 0.12449
5088 5093 0.68057
5094 5093 0.68057
1126 5094 0.0001655
3121 5237 0.91153
3328 5237 0.91153
3329 5237 0.91153
2348 5238 0.0011307
5239 5238 0.0011307
5739 5238 0.0011307
3317 5239 0.0017368
5238 5239 0.0017368
7089 5239 0.0017368
5064 5241 0.003628
5240 5241 0.003628
739 5250 0.0089079
2885 5250 0.0089079
5251 5250 0.0089079
4597 5252 0.00065361
5250 5252 0.00065361
5253 5252 0.00065361
3638 5267 0.00021394
3640 5267 0.00021394
5268 5267 0.00021394
3138 5268 0.00089525
5832 5268 0.00089525
6422 5268 0.00089525
3122 5269 0.0020769
5270 5269 0.0020769
6233 5269 0.0020769
2753 5270 0.004335
3327 5270 0.004335
5237 5270 0.004335
3964 5271 0.091596
6738 5271 0.091596
3105 5398 0.00025952
5399 5398 0.00025952
5963 5398 0.00025952
3085 5399 0.0001101
3088 5399 0.0001101
5398 5399 0.0001101
738 5576 0.0011502
2913 5576 0.0011502
5577 5576 0.0011502
5576 5577 0.59341
5579 5577 0.59341
5578 5579 0.9912
5583 5579 0.9912
5584 5579 0.9912
3898 5580 0.0025409
5581 5580 0.0025409
5935 5580 0.0025409
1233 5581 0.0085516
5580 5581 0.0085516
5582 5581 0.0085516
1233 5583 0.99089
5580 5583 0.99089
5582 5583 0.99089
5265 5584 0.00031931
5585 5584 0.00031931
6124 5584 0.00031931
5666 5665 0.022812
5667 5665 0.022812
3086 5667 0.022836
5668 5667 0.022836
5964 5667 0.022836
2350 5669 0.00069068
5671 5669 0.00069068
5836 5669 0.00069068
2350 5670 0.016964
5671 5670 0.016964
5836 5670 0.016964
5670 5671 0.0026055
6385 5671 0.0026055
7085 5671 0.0026055
3090 5674 0.011184
5675 5674 0.011184
5676 5674 0.011184
7150 5674 0.011184
2279 5675 0.0034475
5674 5675 0.0034475
7273 5675 0.0034475
3090 5677 0.00047972
5675 5677 0.00047972
5676 5677 0.00047972
7150 5677 0.00047972
3094 5680 0.00017104
5681 5680 0.00017104
5683 5680 0.00017104
1975 5683 0.00017104
3091 5683 0.00017104
5682 5683 0.00017104
5693 5683 0.00017104
432 5693 0.00016855
5692 5693 0.00016855
5241 5739 0.0035616
5738 5739 0.0035616
7218 5739 0.0035616
1656 5747 0.00015365
5746 5747 0.00015365
5748 5747 0.00015365
5818 5819 0.00031761
6126 5819 0.00031761
6128 5819 0.00031761
3335 5822 0.023488
5823 5822 0.023488
5831 5822 0.023488
6967 5822 0.023488
5822 5823 0.0069504
6963 5823 0.0069504
7102 5823 0.0069504
7104 5823 0.0069504
5825 5824 0.0056699
5826 5824 0.0056699
5830 5824 0.0056699
5824 5825 0.016024
6964 5825 0.016024
7100 5825 0.016024
3331 5826 0.001527
5827 5826 0.001527
5829 5826 0.001527
5825 5827 0.0014159
5826 5827 0.0014159
5830 5827 0.0014159
3335 5830 0.0055113
5823 5830 0.0055113
5831 5830 0.0055113
6967 5830 0.0055113
5825 5831 0.015977
5826 5831 0.015977
5830 5831 0.015977
2352 5832 0.0015689
2355 5832 0.0015689
5269 5832 0.0015689
6877 5835 0.02443
5835 5836 0.021474
5091 5837 0.099954
5838 5837 0.099954
5899 5900 0.00034325
5902 5900 0.00034325
5910 5900 0.00034325
1655 5902 0.00034134
5745 5902 0.00034134
5901 5902 0.00034134
5904 5902 0.00034134
2349 5904 0.00048094
5903 5904 0.00048094
5986 5904 0.00048094
7105 5904 0.00048094
5905 5906 0.0010029
6955 5906 0.0010029
7110 5906 0.0010029
1658 5908 0.00041962
5747 5908 0.00041962
5907 5908 0.00041962
5984 5908 0.00041962
1468 5935 0.0027921
5934 5935 0.0027921
3125 5948 0.00035882
3128 5948 0.00035882
5949 5948 0.00035882
3147 5950 0.00051408
5951 5950 0.00051408
6398 5950 0.00051408
6399 5950 0.00051408
5950 5951 0.0023945
6389 5951 0.0023945
6405 5951 0.0023945
3135 5952 0.00012496
5948 5952 0.00012496
5953 5952 0.00012496
5952 5953 0.00026085
6378 5953 0.00026085
6379 5953 0.00026085
3133 5954 0.00080985
5955 5954 0.00080985
6394 5954 0.00080985
5954 5955 0.0075685
6370 5955 0.0075685
6388 5955 0.0075685
7111 5955 0.0075685
3117 5956 0.0029618
5957 5956 0.0029618
6368 5956 0.0029618
6369 5956 0.0029618
5956 5957 0.010457
6386 5957 0.010457
6387 5957 0.010457
5677 5963 0.00045964
5678 5963 0.00045964
5962 5963 0.00045964
3103 5964 0.00032999
3106 5964 0.00032999
5965 5964 0.00032999
5897 5984 0.00026503
5900 5984 0.00026503
5983 5984 0.00026503
2349 5985 0.0030562
5903 5985 0.0030562
5986 5985 0.0030562
7105 5985 0.0030562
3319 5986 0.0015986
5985 5986 0.0015986
7093 5986 0.0015986
7095 5986 0.0015986
3113 6105 0.00016876
3116 6105 0.00016876
6106 6105 0.00016876
3129 6106 0.00029507
3132 6106 0.00029507
6105 6106 0.00029507
6108 6106 0.00029507
3129 6107 0.00075944
3132 6107 0.00075944
6105 6107 0.00075944
6108 6107 0.00075944
6107 6108 0.00025325
6110 6108 0.00025325
6114 6108 0.00025325
6107 6109 0.0012394
6110 6109 0.0012394
6114 6109 0.0012394
3145 6110 0.0002053
3148 6110 0.0002053
3911 6110 0.0002053
6109 6110 0.0002053
3139 6111 0.00062746
3910 6111 0.00062746
6112 6111 0.00062746
6111 6112 0.0031534
6396 6112 0.0031534
6397 6112 0.0031534
6406 6112 0.0031534
6107 6113 0.00024529
6110 6113 0.00024529
6114 6113 0.00024529
3909 6114 0.0007732
6113 6114 0.0007732
6400 6114 0.0007732
6401 6114 0.0007732
1237 6117 0.00010067
3902 6117 0.00010067
6118 6117 0.00010067
1234 6118 0.00040497
5816 6118 0.00040497
6117 6118 0.00040497
5819 6124 0.00031915
5821 6124 0.00031915
6123 6124 0.00031915
1246 6128 0.00029243
3901 6128 0.00029243
3903 6128 0.00029243
6127 6128 0.00029243
2903 6130 0.0087672
6129 6130 0.0087672
6132 6130 0.0087672
2905 6132 0.0087672
6131 6132 0.0087672
6134 6132 0.0087672
2907 6134 0.0087254
6133 6134 0.0087254
6136 6134 0.0087254
2909 6136 0.0087649
3899 6136 0.0087649
6135 6136 0.0087649
548 6225 0.013758
6226 6225 0.013758
6227 6225 0.013758
6230 6225 0.013758
3333 6226 0.0011448
3336 6226 0.0011448
6225 6226 0.0011448
3907 6227 0.020843
4019 6227 0.020843
6228 6227 0.020843
6358 6227 0.020843
548 6228 0.0027152
6226 6228 0.0027152
6227 6228 0.0027152
6230 6228 0.0027152
548 6229 0.015914
6226 6229 0.015914
6227 6229 0.015914
6230 6229 0.015914
6229 6230 0.0043053
6979 6230 0.0043053
7063 6230 0.0043053
4020 6231 0.029171
6232 6231 0.029171
6351 6231 0.029171
6231 6232 0.00049517
6234 6232 0.00049517
6354 6232 0.00049517
6231 6233 0.03119
6234 6233 0.03119
6354 6233 0.03119
3122 6234 0.000526
5270 6234 0.000526
6233 6234 0.000526
2071 6237 0.0039175
6238 6237 0.0039175
6239 6237 0.0039175
996 6238 0.014354
3119 6238 0.014354
4790 6238 0.014354
6237 6238 0.014354
4789 6239 0.031545
6240 6239 0.031545
6365 6239 0.031545
2071 6240 0.00011363
6238 6240 0.00011363
6239 6240 0.00011363
950 6351 0.0071456
6352 6351 0.0071456
6353 6351 0.0071456
6356 6351 0.0071456
4020 6352 0.0013302
6232 6352 0.0013302
6351 6352 0.0013302
2354 6353 0.0073147
2357 6353 0.0073147
948 6354 0.0032289
951 6354 0.0032289
6355 6354 0.0032289
6231 6355 0.0012403
6234 6355 0.0012403
6354 6355 0.0012403
6357 6356 0.0021872
6361 6356 0.0021872
950 6357 0.001698
6352 6357 0.001698
6353 6357 0.001698
6356 6357 0.001698
995 6358 0.01274
6359 6358 0.01274
6360 6358 0.01274
3907 6359 0.0042556
4019 6359 0.0042556
6228 6359 0.0042556
6358 6359 0.0042556
6357 6360 0.001486
6361 6360 0.001486
995 6361 0.007042
6359 6361 0.007042
6360 6361 0.007042
6357 6362 0.0050668
6361 6362 0.0050668
6364 6363 0.00058793
6410 6363 0.00058793
6411 6363 0.00058793
6363 6364 0.00058639
6943 6364 0.00058639
7165 6364 0.00058639
2364 6365 0.055129
2367 6365 0.055129
6366 6365 0.055129
6367 6365 0.055129
4789 6366 0.0001265
6240 6366 0.0001265
6365 6366 0.0001265
3117 6367 0.073963
5957 6367 0.073963
6368 6367 0.073963
6369 6367 0.073963
2364 6368 0.00047025
2367 6368 0.00047025
6366 6368 0.00047025
6367 6368 0.00047025
5954 6369 0.070525
6370 6369 0.070525
6388 6369 0.070525
7111 6369 0.070525
3117 6370 0.00085026
5957 6370 0.00085026
6368 6370 0.00085026
6369 6370 0.00085026
3140 6371 0.0061801
6372 6371 0.0061801
6373 6371 0.0061801
6407 6371 0.0061801
2078 6372 0.0011594
2358 6372 0.0011594
2361 6372 0.0011594
6371 6372 0.0011594
3143 6373 0.0025749
3146 6373 0.0025749
6374 6373 0.0025749
6375 6373 0.0025749
3140 6374 0.00071473
6372 6374 0.00071473
6373 6374 0.00071473
6407 6374 0.00071473
6376 6375 0.00069329
6377 6375 0.00069329
6417 6375 0.00069329
3143 6376 0.00048104
3146 6376 0.00048104
6374 6376 0.00048104
6375 6376 0.00048104
5952 6377 0.00089881
6378 6377 0.00089881
6379 6377 0.00089881
3127 6379 0.00099157
3130 6379 0.00099157
6380 6379 0.00099157
6381 6379 0.00099157
3111 6381 0.00019048
3114 6381 0.00019048
6382 6381 0.00019048
6383 6381 0.00019048
3127 6382 0.00017728
3130 6382 0.00017728
6380 6382 0.00017728
6381 6382 0.00017728
5956 6385 0.01654
6386 6385 0.01654
6387 6385 0.01654
5670 6386 0.00055445
6385 6386 0.00055445
7085 6386 0.00055445
5954 6387 0.023768
6370 6387 0.023768
6388 6387 0.023768
7111 6387 0.023768
5956 6388 0.0002872
6386 6388 0.0002872
6387 6388 0.0002872
3118 6389 0.0046464
6390 6389 0.0046464
6391 6389 0.0046464
5950 6390 0.00021192
6389 6390 0.00021192
6405 6390 0.00021192
3908 6391 0.0019508
6392 6391 0.0019508
6393 6391 0.0019508
3118 6392 0.0011932
6390 6392 0.0011932
6391 6392 0.0011932
3133 6393 0.0026132
5955 6393 0.0026132
6394 6393 0.0026132
3908 6394 0.00072438
6392 6394 0.00072438
6393 6394 0.00072438
6111 6395 0.0041291
6396 6395 0.0041291
6397 6395 0.0041291
6406 6395 0.0041291
2362 6396 0.0016349
2365 6396 0.0016349
6395 6396 0.0016349
3147 6397 0.0031939
5951 6397 0.0031939
6398 6397 0.0031939
6399 6397 0.0031939
6111 6398 0.00072789
6396 6398 0.00072789
6397 6398 0.00072789
6406 6398 0.00072789
3909 6399 0.0024935
6113 6399 0.0024935
6400 6399 0.0024935
6401 6399 0.0024935
3147 6400 0.00026718
5951 6400 0.00026718
6398 6400 0.00026718
6399 6400 0.00026718
3131 6401 0.0019302
3134 6401 0.0019302
6402 6401 0.0019302
6403 6401 0.0019302
3909 6402 0.00030716
6113 6402 0.00030716
6400 6402 0.00030716
6401 6402 0.00030716
3115 6403 0.00017898
5959 6403 0.00017898
6404 6403 0.00017898
3131 6404 0.00021363
3134 6404 0.00021363
6402 6404 0.00021363
6403 6404 0.00021363
6111 6405 0.00018812
6396 6405 0.00018812
6397 6405 0.00018812
6406 6405 0.00018812
5950 6406 0.0027422
6389 6406 0.0027422
6405 6406 0.0027422
4788 6407 0.00069778
6408 6407 0.00069778
6409 6407 0.00069778
3140 6408 0.0010079
6372 6408 0.0010079
6373 6408 0.0010079
6407 6408 0.0010079
6364 6409 0.0005899
6410 6409 0.0005899
6411 6409 0.0005899
4788 6410 0.00069233
6408 6410 0.00069233
6409 6410 0.00069233
6364 6412 0.00020086
6410 6412 0.00020086
6411 6412 0.00020086
5834 6414 0.00020086
6412 6414 0.00020086
6413 6414 0.00020086
6416 6415 0.0001268
6418 6415 0.0001268
6419 6415 0.0001268
3142 6416 0.00051757
6414 6416 0.00051757
6415 6416 0.00051757
6416 6417 0.0001708
6418 6417 0.0001708
6419 6417 0.0001708
6376 6418 0.00077038
6377 6418 0.00077038
6417 6418 0.00077038
3304 6419 0.00021436
6420 6419 0.00021436
6421 6419 0.00021436
6416 6420 0.0012047
6418 6420 0.0012047
6419 6420 0.0012047
3138 6421 0.00022869
5832 6421 0.00022869
6422 6421 0.00022869
3304 6422 0.0052847
6420 6422 0.0052847
6421 6422 0.0052847
3409 6451 0.00085741
3414 6451 0.00085741
6452 6451 0.00085741
4616 6453 0.0090441
6451 6453 0.0090441
6454 6453 0.0090441
3416 6454 0.00014443
3417 6454 0.00014443
6453 6454 0.00014443
6456 6454 0.00014443
3416 6455 0.012389
3417 6455 0.012389
6453 6455 0.012389
6456 6455 0.012389
4611 6456 0.0025466
6455 6456 0.0025466
6458 6456 0.0025466
4611 6457 0.0022161
6455 6457 0.0022161
6458 6457 0.0022161
6071 6458 0.03821
6457 6458 0.03821
6460 6458 0.03821
6071 6459 0.0022161
6457 6459 0.0022161
6460 6459 0.0022161
561 6460 0.03821
3433 6460 0.03821
6459 6460 0.03821
6462 6460 0.03821
561 6461 0.012984
3433 6461 0.012984
6459 6461 0.012984
6462 6461 0.012984
3427 6462 0.0080897
3429 6462 0.0080897
6139 6462 0.0080897
6461 6462 0.0080897
4523 6550 0.014207
4526 6550 0.014207
6551 6550 0.014207
114 6551 0.0044643
422 6551 0.0044643
423 6551 0.0044643
6550 6551 0.0044643
4525 6552 0.022118
6553 6552 0.022118
6577 6552 0.022118
112 6553 0.0070971
424 6553 0.0070971
425 6553 0.0070971
6552 6553 0.0070971
92 6568 0.0059643
4557 6568 0.0059643
6569 6568 0.0059643
88 6569 0.0033362
90 6569 0.0033362
773 6569 0.0033362
6568 6569 0.0033362
1574 6570 0.20558
1577 6570 0.20558
6571 6570 0.20558
404 6571 0.0025055
405 6571 0.0025055
6570 6571 0.0025055
6573 6571 0.0025055
404 6572 0.11242
405 6572 0.11242
6570 6572 0.11242
6573 6572 0.11242
1580 6573 0.0016345
1583 6573 0.0016345
6572 6573 0.0016345
6575 6573 0.0016345
1580 6574 0.044611
1583 6574 0.044611
6572 6574 0.044611
6575 6574 0.044611
776 6575 0.00053523
6574 6575 0.00053523
4525 6576 0.0076348
6553 6576 0.0076348
6577 6576 0.0076348
86 6577 0.013686
89 6577 0.013686
6576 6577 0.013686
6880 6737 0.0036463
4662 6738 0.0029072
6739 6738 0.0029072
5093 6875 0.55607
6875 6876 0.55607
5090 6877 0.02443
433 6880 0.0036463
5669 6880 0.0036463
3713 6920 0.00030334
6921 6920 0.00030334
7114 6920 0.00030334
6939 6938 0.00058374
7067 6938 0.00058374
7163 6938 0.00058374
7164 6938 0.00058374
6938 6939 0.00033571
6941 6939 0.00033571
6949 6939 0.00033571
6940 6941 0.00048258
6942 6941 0.00048258
6945 6941 0.00048258
6947 6941 0.00048258
6363 6942 0.00048258
6943 6942 0.00048258
7165 6942 0.00048258
6938 6948 0.00076844
6941 6948 0.00076844
6949 6948 0.00076844
6948 6949 0.00010548
6950 6949 0.00010548
6953 6949 0.00010548
6948 6952 0.00076844
6950 6952 0.00076844
6953 6952 0.00076844
6952 6953 0.00010548
7161 6953 0.00010548
7162 6953 0.00010548
6954 6955 0.00060221
6957 6955 0.00060221
6959 6955 0.00060221
2346 6959 0.00060221
6960 6959 0.00060221
7108 6959 0.00060221
5824 6963 0.015173
6964 6963 0.015173
7100 6963 0.015173
5822 6964 0.016866
6963 6964 0.016866
7102 6964 0.016866
7104 6964 0.016866
6965 6967 0.0014748
6968 6967 0.0014748
7101 6967 0.0014748
3335 6968 0.0079049
5823 6968 0.0079049
5831 6968 0.0079049
6967 6968 0.0079049
6969 6971 0.010701
6972 6971 0.010701
6975 6971 0.010701
7066 6971 0.010701
6971 6972 0.0058969
6974 6972 0.0058969
7064 6972 0.0058969
6971 6973 0.015634
6974 6973 0.015634
7064 6973 0.015634
6973 6974 0.0055208
6976 6974 0.0055208
6978 6974 0.0055208
6973 6975 0.019271
6976 6975 0.019271
6978 6975 0.019271
6969 6976 0.0050313
6972 6976 0.0050313
6975 6976 0.0050313
7066 6976 0.0050313
6973 6977 0.013545
6976 6977 0.013545
6978 6977 0.013545
3320 6978 0.017671
6977 6978 0.017671
7096 6978 0.017671
6980 6979 0.0089817
7065 6979 0.0089817
7098 6979 0.0089817
6229 6980 0.015281
6979 6980 0.015281
7063 6980 0.015281
6982 6981 0.0046798
6984 6981 0.0046798
6986 6981 0.0046798
6981 6982 0.0014363
6990 6982 0.0014363
6982 6983 0.0049903
6984 6983 0.0049903
6986 6983 0.0049903
3318 6984 0.0073982
6983 6984 0.0073982
7092 6984 0.0073982
6982 6985 0.0045756
6984 6985 0.0045756
6986 6985 0.0045756
6985 6986 0.0054113
6988 6986 0.0054113
6989 6986 0.0054113
6985 6987 0.0069856
6988 6987 0.0069856
6989 6987 0.0069856
6987 6988 0.0045777
6992 6988 0.0045777
6994 6988 0.0045777
6981 6989 0.0046798
6990 6989 0.0046798
6985 6990 0.0014363
6988 6990 0.0014363
6989 6990 0.0014363
6987 6991 0.0079331
6992 6991 0.0079331
6994 6991 0.0079331
6991 6992 0.0017576
6995 6992 0.0017576
7000 6992 0.0017576
6987 6993 0.0041046
6992 6993 0.0041046
6994 6993 0.0041046
6993 6994 0.0078722
6996 6994 0.0078722
6998 6994 0.0078722
7001 6994 0.0078722
6993 6995 0.0042247
6996 6995 0.0042247
6998 6995 0.0042247
7001 6995 0.0042247
6991 6996 0.0070247
6995 6996 0.0070247
7000 6996 0.0070247
6993 6997 0.0094452
6996 6997 0.0094452
6998 6997 0.0094452
7001 6997 0.0094452
6997 6998 0.0070373
7090 6998 0.0070373
7091 6998 0.0070373
6991 6999 0.0040592
6995 6999 0.0040592
7000 6999 0.0040592
6999 7000 0.00068367
7002 7000 0.00068367
7004 7000 0.00068367
6999 7001 0.0040592
7002 7001 0.0040592
7004 7001 0.0040592
6993 7002 0.00068367
6996 7002 0.00068367
6998 7002 0.00068367
7001 7002 0.00068367
2366 7005 0.017335
7006 7005 0.017335
7086 7005 0.017335
3316 7006 0.0014869
7005 7006 0.0014869
7008 7006 0.0014869
7088 7006 0.0014869
6971 7063 0.0047907
6974 7063 0.0047907
7064 7063 0.0047907
6229 7064 0.0101
6979 7064 0.0101
7063 7064 0.0101
6969 7065 0.014383
6972 7065 0.014383
6975 7065 0.014383
7066 7065 0.014383
6980 7066 0.0049468
7065 7066 0.0049468
7098 7066 0.0049468
2366 7085 0.00097308
7006 7085 0.00097308
7086 7085 0.00097308
5670 7086 0.031318
6385 7086 0.031318
7085 7086 0.031318
2351 7088 0.029251
4656 7088 0.029251
7014 7088 0.029251
7087 7088 0.029251
6997 7089 0.00013147
7090 7089 0.00013147
7091 7089 0.00013147
3317 7090 0.044609
5238 7090 0.044609
7089 7090 0.044609
3318 7091 0.00017735
6983 7091 0.00017735
7092 7091 0.00017735
6997 7092 0.047063
7090 7092 0.047063
7091 7092 0.047063
547 7093 0.022534
2073 7093 0.022534
7094 7093 0.022534
3319 7094 0.0026848
5985 7094 0.0026848
7093 7094 0.0026848
7095 7094 0.0026848
3320 7095 0.00053078
6977 7095 0.00053078
7096 7095 0.00053078
3319 7096 0.066316
5985 7096 0.066316
7093 7096 0.066316
7095 7096 0.066316
6980 7097 0.023565
7065 7097 0.023565
7098 7097 0.023565
3321 7098 0.0078295
3322 7098 0.0078295
7097 7098 0.0078295
5824 7099 0.014827
6964 7099 0.014827
7100 7099 0.014827
3325 7100 0.023489
3326 7100 0.023489
7099 7100 0.023489
5822 7101 0.0014748
6963 7101 0.0014748
7102 7101 0.0014748
7104 7101 0.0014748
6965 7102 0.0079049
6968 7102 0.0079049
7101 7102 0.0079049
5822 7103 0.03191
6963 7103 0.03191
7102 7103 0.03191
7104 7103 0.03191
3323 7104 0.010635
3324 7104 0.010635
7103 7104 0.010635
2349 7106 0.0022823
5903 7106 0.0022823
5986 7106 0.0022823
7105 7106 0.0022823
6961 7108 0.0022823
7106 7108 0.0022823
7107 7108 0.0022823
719 7110 0.00041962
5908 7110 0.00041962
7109 7110 0.00041962
5837 7111 0.099954
6927 7111 0.099954
7069 7111 0.099954
7112 7111 0.099954
2146 7114 0.00032221
3712 7114 0.00032221
4663 7114 0.00032221
7113 7114 0.00032221
733 7126 0.00065082
7127 7126 0.00065082
1576 7148 0.79691
7149 7148 0.79691
3090 7151 0.022361
5675 7151 0.022361
5676 7151 0.022361
7150 7151 0.022361
6952 7160 0.0013974
7161 7160 0.0013974
7162 7160 0.0013974
2356 7161 0.0013958
2359 7161 0.0013958
6362 7161 0.0013958
7160 7161 0.0013958
6939 7162 0.00079489
7067 7162 0.00079489
7163 7162 0.00079489
7164 7162 0.00079489
6952 7163 0.0014563
7161 7163 0.0014563
7162 7163 0.0014563
6363 7164 0.00058638
6943 7164 0.00058638
7165 7164 0.00058638
6939 7165 0.00099978
7067 7165 0.00099978
7163 7165 0.00099978
7164 7165 0.00099978
4660 7220 0.29389
7221 7220 0.29389
1572 7222 1
7223 7222 1
7222 7224 1
7225 7224 1
1235 7249 0.9969
7248 7249 0.9969
7250 7249 0.9969
2752 7250 0.99721
7251 7250 0.99721
2279 7272 0.010514
5674 7272 0.010514
7273 7272 0.010514
7272 7273 0.0043651
7274 7273 0.0043651
1127 7274 0.67425
3095 7274 0.67425
3098 7274 0.67425
