86 85 0.22482
89 85 0.22482
6576 85 0.22482
85 86 0.007728
3724 86 0.007728
3725 86 0.007728
88 87 0.012013
90 87 0.012013
773 87 0.012013
6568 87 0.012013
87 88 0.013195
3728 88 0.013195
3729 88 0.013195
88 89 0.013008
90 89 0.013008
773 89 0.013008
6568 89 0.013008
86 90 0.024214
89 90 0.024214
6576 90 0.024214
92 91 0.0017622
4557 91 0.0017622
6569 91 0.0017622
91 92 0.0032935
3732 92 0.0032935
3733 92 0.0032935
97 98 0.00019882
412 98 0.00019882
6566 98 0.00019882
100 99 0.003777
102 99 0.003777
4555 99 0.003777
99 100 0.0040716
366 100 0.0040716
3737 100 0.0040716
100 101 0.0016073
102 101 0.0016073
4555 101 0.0016073
101 102 0.0017418
367 102 0.0017418
3738 102 0.0017418
106 105 0.00014039
3357 105 0.00014039
105 106 0.00013841
4553 106 0.00013841
108 107 0.00020414
396 107 0.00020414
397 107 0.00020414
107 108 0.0017699
390 108 0.0017699
391 108 0.0017699
112 111 0.014729
424 111 0.014729
425 111 0.014729
6552 111 0.014729
111 112 0.0098766
387 112 0.0098766
394 112 0.0098766
114 113 0.015705
422 113 0.015705
423 113 0.015705
6550 113 0.015705
113 114 0.0024574
384 114 0.0024574
385 114 0.0024574
116 115 0.0032636
420 115 0.0032636
421 115 0.0032636
1584 115 0.0032636
115 116 0.0012507
382 116 0.0012507
383 116 0.0012507
134 133 0.00014331
3708 133 0.00014331
3709 133 0.00014331
99 365 0.0045974
366 365 0.0045974
3737 365 0.0045974
365 366 0.0056536
3722 366 0.0056536
3723 366 0.0056536
368 367 0.0004494
371 367 0.0004494
376 367 0.0004494
101 368 0.0010765
367 368 0.0010765
3738 368 0.0010765
370 369 0.00044122
372 369 0.00044122
369 370 0.00011587
374 370 0.00011587
375 370 0.00011587
370 371 0.00011587
372 371 0.00011587
368 372 0.00044122
371 372 0.00044122
376 372 0.00044122
369 373 0.0012194
374 373 0.0012194
375 373 0.0012194
373 374 0.00059229
3730 374 0.00059229
3731 374 0.00059229
368 375 0.00084588
371 375 0.00084588
376 375 0.00084588
369 376 0.00054411
374 376 0.00054411
375 376 0.00054411
377 378 0.00022485
399 378 0.00022485
378 380 0.00022485
379 380 0.00022485
115 381 0.001192
382 381 0.001192
383 381 0.001192
381 382 0.0013716
400 382 0.0013716
401 382 0.0013716
413 382 0.0013716
113 383 0.0015536
384 383 0.0015536
385 383 0.0015536
115 384 0.0037462
382 384 0.0037462
383 384 0.0037462
380 385 0.0011165
386 385 0.0011165
393 385 0.0011165
113 386 0.016557
384 386 0.016557
385 386 0.016557
388 387 0.00044116
389 387 0.00044116
3717 387 0.00044116
6554 387 0.00044116
111 388 0.020864
387 388 0.020864
394 388 0.020864
107 389 0.0001593
390 389 0.0001593
391 389 0.0001593
388 390 0.0023424
389 390 0.0023424
3717 390 0.0023424
6554 390 0.0023424
107 392 0.00066559
390 392 0.00066559
391 392 0.00066559
111 393 0.0010831
387 393 0.0010831
394 393 0.0010831
380 394 0.016653
386 394 0.016653
393 394 0.016653
392 396 0.00066559
395 396 0.00066559
998 396 0.00066559
398 397 0.00018246
3718 397 0.00018246
3719 397 0.00018246
108 398 0.0023655
396 398 0.0023655
397 398 0.0023655
381 399 0.00022485
400 399 0.00022485
401 399 0.00022485
413 399 0.00022485
402 401 0.0016984
403 401 0.0016984
418 401 0.0016984
419 401 0.0016984
381 402 0.00079713
400 402 0.00079713
401 402 0.00079713
413 402 0.00079713
404 403 0.0024559
405 403 0.0024559
6570 403 0.0024559
6573 403 0.0024559
402 404 0.00030877
403 404 0.00030877
418 404 0.00030877
419 404 0.00030877
411 412 0.00019882
3734 412 0.00019882
3735 412 0.00019882
414 413 0.00055132
415 413 0.00055132
417 413 0.00055132
381 414 0.0011432
400 414 0.0011432
401 414 0.0011432
413 414 0.0011432
416 415 0.00016134
3096 415 0.00016134
7148 415 0.00016134
414 416 0.010044
415 416 0.010044
417 416 0.010044
402 417 0.0094646
403 417 0.0094646
418 417 0.0094646
419 417 0.0094646
414 418 0.00017421
415 418 0.00017421
417 418 0.00017421
116 419 0.0098649
420 419 0.0098649
421 419 0.0098649
1584 419 0.0098649
402 420 0.0018205
403 420 0.0018205
418 420 0.0018205
419 420 0.0018205
114 421 0.011762
422 421 0.011762
423 421 0.011762
6550 421 0.011762
116 422 0.0083424
420 422 0.0083424
421 422 0.0083424
1584 422 0.0083424
112 423 0.0070458
424 423 0.0070458
425 423 0.0070458
6552 423 0.0070458
114 424 0.32499
422 424 0.32499
423 424 0.32499
6550 424 0.32499
426 425 0.0015108
3720 425 0.0015108
3721 425 0.0015108
4661 425 0.0015108
112 426 0.75234
424 426 0.75234
425 426 0.75234
6552 426 0.75234
427 428 0.00056853
431 428 0.00056853
3097 428 0.00056853
427 432 0.00022905
431 432 0.00022905
3097 432 0.00022905
548 547 0.00024985
6226 547 0.00024985
6227 547 0.00024985
6230 547 0.00024985
547 548 0.0012144
2073 548 0.0012144
7094 548 0.0012144
723 724 0.00020952
6920 724 0.00020952
774 773 0.00057633
775 773 0.00057633
88 774 0.011113
90 774 0.011113
773 774 0.011113
6568 774 0.011113
776 775 0.00057633
6574 775 0.00057633
774 776 0.011113
775 776 0.011113
948 950 0.015314
951 950 0.015314
6355 950 0.015314
950 951 0.072733
6352 951 0.072733
6353 951 0.072733
6356 951 0.072733
995 994 0.0016575
6359 994 0.0016575
6360 994 0.0016575
994 995 0.0087507
997 995 0.0087507
2076 995 0.0087507
2077 995 0.0087507
994 996 0.0016961
997 996 0.0016961
2076 996 0.0016961
2077 996 0.0016961
996 997 0.0047129
3119 997 0.0047129
4790 997 0.0047129
6237 997 0.0047129
432 1127 0.00031775
5692 1127 0.00031775
6874 1128 0.00011308
5085 1129 0.00036965
5267 1129 0.00036965
1528 1530 0.0077173
1531 1530 0.0077173
3303 1530 0.0077173
1530 1531 0.078646
1533 1531 0.078646
2850 1531 0.078646
1530 1532 0.0084813
1533 1532 0.0084813
2850 1532 0.0084813
1532 1533 0.049692
2851 1533 0.049692
3339 1533 0.049692
1574 1576 0.0044232
1577 1576 0.0044232
6571 1576 0.0044232
1578 1580 0.0034761
1581 1580 0.0034761
4558 1580 0.0034761
1580 1582 0.0076488
1583 1582 0.0076488
6572 1582 0.0076488
6575 1582 0.0076488
1582 1583 0.00036323
1585 1583 0.00036323
4524 1583 0.00036323
1582 1584 0.007111
1585 1584 0.007111
4524 1584 0.007111
116 1585 0.00047347
420 1585 0.00047347
421 1585 0.00047347
1584 1585 0.00047347
2072 2071 0.00010718
2074 2071 0.00010718
2075 2071 0.00010718
3906 2071 0.00010718
2071 2072 0.0098105
6238 2072 0.0098105
6239 2072 0.0098105
2072 2073 0.0015906
2074 2073 0.0015906
2075 2073 0.0015906
3906 2073 0.0015906
547 2074 0.00031835
2073 2074 0.00031835
7094 2074 0.00031835
994 2075 0.011548
997 2075 0.011548
2076 2075 0.011548
2077 2075 0.011548
2072 2076 0.00096441
2074 2076 0.00096441
2075 2076 0.00096441
3906 2076 0.00096441
2078 2077 0.015578
2358 2077 0.015578
2361 2077 0.015578
6371 2077 0.015578
994 2078 0.00091813
997 2078 0.00091813
2076 2078 0.00091813
2077 2078 0.00091813
724 2146 0.00020856
2147 2146 0.00020856
6794 2146 0.00020856
2351 2350 0.0001244
4656 2350 0.0001244
7014 2350 0.0001244
7087 2350 0.0001244
2350 2351 0.00011145
5671 2351 0.00011145
5836 2351 0.00011145
2353 2352 0.25334
3337 2352 0.25334
2352 2353 0.00085293
2355 2353 0.00085293
5269 2353 0.00085293
2352 2354 0.26447
2355 2354 0.26447
5269 2354 0.26447
2354 2355 0.00027356
2357 2355 0.00027356
2354 2356 0.0087242
2357 2356 0.0087242
2356 2357 0.0065334
2359 2357 0.0065334
6362 2357 0.0065334
7160 2357 0.0065334
2356 2358 0.0099133
2359 2358 0.0099133
6362 2358 0.0099133
7160 2358 0.0099133
2078 2359 0.0046689
2358 2359 0.0046689
2361 2359 0.0046689
6371 2359 0.0046689
2078 2360 0.0034408
2358 2360 0.0034408
2361 2360 0.0034408
6371 2360 0.0034408
2360 2361 0.0028204
2363 2361 0.0028204
3120 2361 0.0028204
2360 2362 0.00037518
2363 2362 0.00037518
3120 2362 0.00037518
2362 2363 0.0042692
2365 2363 0.0042692
6395 2363 0.0042692
2362 2364 0.00046582
2365 2364 0.00046582
6395 2364 0.00046582
2364 2365 0.0034468
2367 2365 0.0034468
6366 2365 0.0034468
6367 2365 0.0034468
2366 2367 0.0024789
7006 2367 0.0024789
7086 2367 0.0024789
1530 2849 0.029602
1533 2849 0.029602
2850 2849 0.029602
600 2850 0.05932
2849 2850 0.05932
3344 2850 0.05932
3345 2850 0.05932
133 3051 0.00014331
3052 3051 0.00014331
3085 3086 0.00039917
3088 3086 0.00039917
5398 3086 0.00039917
3087 3088 0.00039658
7151 3088 0.00039658
428 3090 0.00057639
429 3090 0.00057639
3089 3090 0.00057639
5680 3090 0.00057639
1570 3091 0.00010488
1573 3091 0.00010488
3092 3091 0.00010488
416 3095 0.014298
3096 3095 0.014298
7148 3095 0.014298
1127 3097 0.0007756
3095 3097 0.0007756
3098 3097 0.0007756
3107 3109 0.0004301
3110 3109 0.0004301
3309 3109 0.0004301
3310 3109 0.0004301
3109 3111 0.00049607
3112 3111 0.00049607
3313 3111 0.00049607
3314 3111 0.00049607
3111 3113 0.0002013
3114 3113 0.0002013
6382 3113 0.0002013
6383 3113 0.0002013
3118 3117 0.00015404
6390 3117 0.00015404
6391 3117 0.00015404
3117 3118 0.00042678
5957 3118 0.00042678
6368 3118 0.00042678
6369 3118 0.00042678
2360 3119 0.0049429
2363 3119 0.0049429
3120 3119 0.0049429
996 3120 0.00042853
3119 3120 0.00042853
4790 3120 0.00042853
6237 3120 0.00042853
3122 3121 0.00046194
5270 3121 0.00046194
6233 3121 0.00046194
3121 3122 0.64025
3328 3122 0.64025
3329 3122 0.64025
3124 3123 0.004522
3307 3123 0.004522
3308 3123 0.004522
3637 3123 0.004522
3123 3124 0.00017859
3126 3124 0.00017859
3312 3124 0.00017859
3123 3125 0.0043272
3126 3125 0.0043272
3312 3125 0.0043272
3125 3127 0.0033386
3128 3127 0.0033386
5949 3127 0.0033386
3127 3129 0.00099603
3130 3129 0.00099603
6380 3129 0.00099603
6381 3129 0.00099603
3129 3131 0.00040419
3132 3131 0.00040419
6105 3131 0.00040419
6108 3131 0.00040419
3131 3132 0.0001281
3134 3132 0.0001281
6402 3132 0.0001281
6403 3132 0.0001281
3131 3133 0.00021022
3134 3133 0.00021022
6402 3133 0.00021022
6403 3133 0.00021022
3133 3134 0.00027433
5955 3134 0.00027433
6394 3134 0.00027433
3136 3135 0.0013684
3305 3135 0.0013684
3306 3135 0.0013684
3135 3136 0.00041154
5948 3136 0.00041154
5953 3136 0.00041154
3138 3137 0.0072796
5832 3137 0.0072796
6422 3137 0.0072796
3137 3138 0.0054127
3302 3138 0.0054127
3338 3138 0.0054127
3140 3139 0.00025897
6372 3139 0.00025897
6373 3139 0.00025897
6407 3139 0.00025897
3139 3140 0.0011467
3910 3140 0.0011467
6112 3140 0.0011467
3142 3141 0.0016271
6414 3141 0.0016271
6415 3141 0.0016271
3141 3142 0.00012462
3144 3142 0.00012462
4787 3142 0.00012462
3141 3143 0.0014215
3144 3143 0.0014215
4787 3143 0.0014215
3143 3144 0.00034585
3146 3144 0.00034585
6374 3144 0.00034585
6375 3144 0.00034585
3143 3145 0.00064793
3146 3145 0.00064793
6374 3145 0.00064793
6375 3145 0.00064793
3145 3146 0.00051486
3148 3146 0.00051486
3911 3146 0.00051486
6109 3146 0.00051486
3145 3147 0.00035383
3148 3147 0.00035383
3911 3147 0.00035383
6109 3147 0.00035383
3147 3148 0.00027018
5951 3148 0.00027018
6398 3148 0.00027018
6399 3148 0.00027018
1528 3302 0.078646
1531 3302 0.078646
3303 3302 0.078646
3137 3303 0.0077173
3302 3303 0.0077173
3338 3303 0.0077173
3136 3304 0.0078794
3305 3304 0.0078794
3306 3304 0.0078794
3304 3305 0.00025657
6420 3305 0.00025657
6421 3305 0.00025657
3124 3306 0.0087854
3307 3306 0.0087854
3308 3306 0.0087854
3637 3306 0.0087854
3136 3307 0.00020576
3305 3307 0.00020576
3306 3307 0.00020576
3124 3309 0.0004301
3307 3309 0.0004301
3308 3309 0.0004301
3637 3309 0.0004301
3109 3312 0.00018874
3112 3312 0.00018874
3313 3312 0.00018874
3314 3312 0.00018874
3123 3313 0.00027219
3126 3313 0.00027219
3312 3313 0.00027219
3316 3317 0.00043255
7005 3317 0.00043255
7008 3317 0.00043255
7088 3317 0.00043255
3318 3319 0.00044559
6983 3319 0.00044559
7092 3319 0.00044559
3321 3320 0.00016225
3322 3320 0.00016225
7097 3320 0.00016225
3320 3321 0.00069797
6977 3321 0.00069797
7096 3321 0.00069797
3323 3322 0.00038868
3324 3322 0.00038868
7103 3322 0.00038868
3321 3323 0.00082408
3322 3323 0.00082408
7097 3323 0.00082408
3325 3324 0.00069272
3326 3324 0.00069272
7099 3324 0.00069272
3323 3325 0.0024439
3324 3325 0.0024439
7103 3325 0.0024439
2753 3326 0.0019778
3327 3326 0.0019778
5237 3326 0.0019778
3325 3327 0.0023944
3326 3327 0.0023944
7099 3327 0.0023944
2353 3328 0.72497
3337 3328 0.72497
3333 3335 0.00029384
3336 3335 0.00029384
6225 3335 0.00029384
3335 3336 0.0002496
5823 3336 0.0002496
5831 3336 0.0002496
6967 3336 0.0002496
3137 3337 0.97746
3302 3337 0.97746
3338 3337 0.97746
3343 3338 0.90466
3639 3338 0.90466
3962 3338 0.90466
3340 3339 0.049692
3342 3339 0.049692
3960 3339 0.049692
1532 3340 0.0084813
2851 3340 0.0084813
3339 3340 0.0084813
3340 3341 0.0084813
3342 3341 0.0084813
3960 3341 0.0084813
3341 3342 0.049692
3346 3342 0.049692
4684 3342 0.049692
600 3343 0.91278
2849 3343 0.91278
3344 3343 0.91278
3345 3343 0.91278
3341 3345 0.94249
3346 3345 0.94249
4684 3345 0.94249
73 3347 0.0026877
3348 3347 0.0026877
3349 3347 0.0026877
3347 3348 0.0026926
3354 3348 0.0026926
4683 3348 0.0026926
3350 3349 0.0026877
3351 3349 0.0026877
3363 3349 0.0026877
73 3350 0.0026926
3348 3350 0.0026926
3349 3350 0.0026926
3352 3351 0.00090767
3366 3351 0.00090767
3691 3351 0.00090767
3350 3352 0.0021402
3351 3352 0.0021402
3363 3352 0.0021402
3353 3354 0.98367
3355 3354 0.98367
7220 3354 0.98367
3356 3355 0.00027751
4554 3355 0.00027751
5855 3355 0.00027751
3353 3356 0.00027751
3355 3356 0.00027751
7220 3356 0.00027751
3358 3357 0.00014039
3360 3357 0.00014039
106 3358 0.00013841
3357 3358 0.00013841
3358 3359 0.00013841
3360 3359 0.00013841
3359 3360 0.00014039
5856 3360 0.00014039
5858 3360 0.00014039
3364 3363 0.0018227
3365 3363 0.0018227
3367 3363 0.0018227
3350 3364 0.00059507
3351 3364 0.00059507
3363 3364 0.00059507
3352 3365 0.0015757
3366 3365 0.0015757
3691 3365 0.0015757
3364 3366 0.00083616
3365 3366 0.00083616
3367 3366 0.00083616
3368 3367 0.00056203
3369 3367 0.00056203
3665 3367 0.00056203
3370 3369 0.00054141
3692 3369 0.00054141
3693 3369 0.00054141
3638 3637 0.013595
3640 3637 0.013595
5268 3637 0.013595
3124 3638 0.00026558
3307 3638 0.00026558
3308 3638 0.00026558
3637 3638 0.00026558
3638 3639 0.001129
3640 3639 0.001129
5268 3639 0.001129
3343 3640 0.013788
3639 3640 0.013788
3962 3640 0.013788
3352 3692 0.00058771
3366 3692 0.00058771
3691 3692 0.00058771
1972 3705 0.00012705
3706 3705 0.00012705
3707 3705 0.00012705
3736 3705 0.00012705
98 3706 0.0002426
3704 3706 0.0002426
3705 3706 0.0002426
1972 3708 0.0019284
3706 3708 0.0019284
3707 3708 0.0019284
3736 3708 0.0019284
134 3710 0.0018645
3708 3710 0.0018645
3709 3710 0.0018645
3051 3712 0.0019266
3710 3712 0.0019266
3711 3712 0.0019266
398 3717 0.001034
3718 3717 0.001034
3719 3717 0.001034
388 3718 0.019274
389 3718 0.019274
3717 3718 0.019274
6554 3718 0.019274
426 3719 0.0010956
3720 3719 0.0010956
3721 3719 0.0010956
4661 3719 0.0010956
398 3720 0.021518
3718 3720 0.021518
3719 3720 0.021518
365 3721 0.22153
3722 3721 0.22153
3723 3721 0.22153
426 3722 0.0091087
3720 3722 0.0091087
3721 3722 0.0091087
4661 3722 0.0091087
85 3723 0.22109
3724 3723 0.22109
3725 3723 0.22109
365 3724 0.0076158
3722 3724 0.0076158
3723 3724 0.0076158
3726 3725 0.016045
3727 3725 0.016045
4556 3725 0.016045
85 3726 0.019661
3724 3726 0.019661
3725 3726 0.019661
87 3727 0.012104
3728 3727 0.012104
3729 3727 0.012104
3726 3728 0.01615
3727 3728 0.01615
4556 3728 0.01615
373 3729 0.0022304
3730 3729 0.0022304
3731 3729 0.0022304
87 3730 0.0050944
3728 3730 0.0050944
3729 3730 0.0050944
91 3731 0.0011407
3732 3731 0.0011407
3733 3731 0.0011407
373 3732 0.0046319
3730 3732 0.0046319
3731 3732 0.0046319
91 3734 0.0019795
3732 3734 0.0019795
3733 3734 0.0019795
411 3736 0.0018638
3734 3736 0.0018638
3735 3736 0.0018638
101 3737 0.0010583
367 3737 0.0010583
3738 3737 0.0010583
99 3738 0.0018199
366 3738 0.0018199
3737 3738 0.0018199
3907 3906 0.00069855
4019 3906 0.00069855
6228 3906 0.00069855
6358 3906 0.00069855
2072 3907 0.019713
2074 3907 0.019713
2075 3907 0.019713
3906 3907 0.019713
3908 3909 0.00014338
6392 3909 0.00014338
6393 3909 0.00014338
3145 3910 0.00085677
3148 3910 0.00085677
3911 3910 0.00085677
6109 3910 0.00085677
4685 3962 0.0045843
5086 3962 0.0045843
6876 3963 0.002295
1129 3964 0.00042424
3963 3964 0.00042424
4020 4019 0.0016389
6232 4019 0.0016389
6351 4019 0.0016389
3907 4020 0.032933
4019 4020 0.032933
6228 4020 0.032933
6358 4020 0.032933
1582 4523 1.0024
1585 4523 1.0024
4524 4523 1.0024
4523 4524 0.0017142
4526 4524 0.0017142
6551 4524 0.0017142
4523 4525 0.67691
4526 4525 0.67691
6551 4525 0.67691
4525 4526 0.010876
6553 4526 0.010876
6577 4526 0.010876
3356 4553 0.00013841
4554 4553 0.00013841
5855 4553 0.00013841
105 4554 0.00014039
4553 4554 0.00014039
3726 4555 0.0046561
3727 4555 0.0046561
4556 4555 0.0046561
100 4556 0.0050852
102 4556 0.0050852
4555 4556 0.0050852
92 4558 0.0034761
4557 4558 0.0034761
6569 4558 0.0034761
4657 4656 0.00040448
5663 4656 0.00040448
5665 4656 0.00040448
426 4660 0.98367
3720 4660 0.98367
3721 4660 0.98367
4661 4660 0.98367
2146 4662 0.0019314
3712 4662 0.0019314
4663 4662 0.0019314
7113 4662 0.0019314
3347 4684 0.98367
3354 4684 0.98367
4683 4684 0.98367
4788 4787 0.00032055
6408 4787 0.00032055
6409 4787 0.00032055
3141 4788 0.00074742
3144 4788 0.00074742
4787 4788 0.00074742
996 4789 0.00043079
3119 4789 0.00043079
4790 4789 0.00043079
6237 4789 0.00043079
4789 4790 0.0034005
6240 4790 0.0034005
6365 4790 0.0034005
5087 5086 0.0045958
5271 5086 0.0045958
1129 5087 0.0022404
3963 5087 0.0022404
7272 5088 0.013998
7274 5088 0.013998
5091 5090 0.0013311
5838 5090 0.0013311
1128 5091 0.01182
5092 5091 0.01182
5093 5092 0.011707
5088 5093 0.014002
5094 5093 0.014002
3121 5237 0.085177
3328 5237 0.085177
3329 5237 0.085177
3638 5267 0.00047101
3640 5267 0.00047101
5268 5267 0.00047101
3138 5268 0.0011412
5832 5268 0.0011412
6422 5268 0.0011412
3122 5269 0.012563
5270 5269 0.012563
6233 5269 0.012563
2753 5270 0.085594
3327 5270 0.085594
5237 5270 0.085594
3964 5271 0.0023557
6738 5271 0.0023557
5666 5665 0.00040448
5667 5665 0.00040448
3086 5667 0.00040498
5668 5667 0.00040498
5964 5667 0.00040498
2350 5670 0.0013391
5671 5670 0.0013391
5836 5670 0.0013391
3090 5674 0.00023129
5675 5674 0.00023129
5676 5674 0.00023129
7150 5674 0.00023129
3335 5822 0.0010118
5823 5822 0.0010118
5831 5822 0.0010118
6967 5822 0.0010118
5822 5823 0.00045749
6963 5823 0.00045749
7102 5823 0.00045749
7104 5823 0.00045749
5825 5824 0.00016379
5826 5824 0.00016379
5830 5824 0.00016379
5824 5825 0.0010641
6964 5825 0.0010641
7100 5825 0.0010641
3335 5830 0.00018278
5823 5830 0.00018278
5831 5830 0.00018278
6967 5830 0.00018278
5825 5831 0.00102
5826 5831 0.00102
5830 5831 0.00102
2352 5832 0.00085978
2355 5832 0.00085978
5269 5832 0.00085978
6877 5835 0.0013274
5835 5836 0.0012973
5091 5837 0.010491
5838 5837 0.010491
3359 5855 0.00013841
5856 5855 0.00013841
5858 5855 0.00013841
3356 5856 0.00014039
4554 5856 0.00014039
5855 5856 0.00014039
3125 5948 0.0011365
3128 5948 0.0011365
5949 5948 0.0011365
3135 5949 0.00016003
5948 5949 0.00016003
5953 5949 0.00016003
3147 5950 0.00011754
5951 5950 0.00011754
6398 5950 0.00011754
6399 5950 0.00011754
5950 5951 0.00023813
6389 5951 0.00023813
6405 5951 0.00023813
3135 5952 0.0020551
5948 5952 0.0020551
5953 5952 0.0020551
5952 5953 0.00012172
6378 5953 0.00012172
6379 5953 0.00012172
3133 5954 0.00021366
5955 5954 0.00021366
6394 5954 0.00021366
5954 5955 0.00050561
6370 5955 0.00050561
6388 5955 0.00050561
7111 5955 0.00050561
3117 5956 0.00022274
5957 5956 0.00022274
6368 5956 0.00022274
6369 5956 0.00022274
5956 5957 0.0011864
6386 5957 0.0011864
6387 5957 0.0011864
3113 6105 0.00015275
3116 6105 0.00015275
6106 6105 0.00015275
3129 6107 0.00077972
3132 6107 0.00077972
6105 6107 0.00077972
6108 6107 0.00077972
6107 6109 0.00076054
6110 6109 0.00076054
6114 6109 0.00076054
3139 6111 0.00033863
3910 6111 0.00033863
6112 6111 0.00033863
6111 6112 0.00045723
6396 6112 0.00045723
6397 6112 0.00045723
6406 6112 0.00045723
6107 6113 0.00013663
6110 6113 0.00013663
6114 6113 0.00013663
3909 6114 0.00010328
6113 6114 0.00010328
6400 6114 0.00010328
6401 6114 0.00010328
548 6225 0.00026412
6226 6225 0.00026412
6227 6225 0.00026412
6230 6225 0.00026412
3333 6226 0.00028293
3336 6226 0.00028293
6225 6226 0.00028293
3907 6227 0.00079167
4019 6227 0.00079167
6228 6227 0.00079167
6358 6227 0.00079167
548 6228 0.0021166
6226 6228 0.0021166
6227 6228 0.0021166
6230 6228 0.0021166
548 6229 0.00055861
6226 6229 0.00055861
6227 6229 0.00055861
6230 6229 0.00055861
6229 6230 0.00090012
6979 6230 0.00090012
7063 6230 0.00090012
4020 6231 0.2326
6232 6231 0.2326
6351 6231 0.2326
6231 6232 0.0028451
6234 6232 0.0028451
6354 6232 0.0028451
6231 6233 0.0015134
6234 6233 0.0015134
6354 6233 0.0015134
3122 6234 0.71434
5270 6234 0.71434
6233 6234 0.71434
2071 6237 0.00058359
6238 6237 0.00058359
6239 6237 0.00058359
996 6238 0.0050509
3119 6238 0.0050509
4790 6238 0.0050509
6237 6238 0.0050509
4789 6239 0.0052808
6240 6239 0.0052808
6365 6239 0.0052808
950 6351 0.20116
6352 6351 0.20116
6353 6351 0.20116
6356 6351 0.20116
4020 6352 0.0026992
6232 6352 0.0026992
6351 6352 0.0026992
2354 6353 0.262
2357 6353 0.262
948 6354 0.072733
951 6354 0.072733
6355 6354 0.072733
6231 6355 0.015314
6234 6355 0.015314
6354 6355 0.015314
6357 6356 0.0029938
6361 6356 0.0029938
950 6357 0.0091119
6352 6357 0.0091119
6353 6357 0.0091119
6356 6357 0.0091119
995 6358 0.013208
6359 6358 0.013208
6360 6358 0.013208
3907 6359 0.0022535
4019 6359 0.0022535
6228 6359 0.0022535
6358 6359 0.0022535
6357 6360 0.0083505
6361 6360 0.0083505
995 6361 0.0044891
6359 6361 0.0044891
6360 6361 0.0044891
6357 6362 0.0022567
6361 6362 0.0022567
6364 6363 0.001156
6410 6363 0.001156
6411 6363 0.001156
6363 6364 0.00035919
6943 6364 0.00035919
7165 6364 0.00035919
2364 6365 0.0082184
2367 6365 0.0082184
6366 6365 0.0082184
6367 6365 0.0082184
3117 6367 0.0088243
5957 6367 0.0088243
6368 6367 0.0088243
6369 6367 0.0088243
5954 6369 0.0081691
6370 6369 0.0081691
6388 6369 0.0081691
7111 6369 0.0081691
3140 6371 0.010217
6372 6371 0.010217
6373 6371 0.010217
6407 6371 0.010217
2078 6372 0.00018133
2358 6372 0.00018133
2361 6372 0.00018133
6371 6372 0.00018133
3143 6373 0.0083472
3146 6373 0.0083472
6374 6373 0.0083472
6375 6373 0.0083472
3140 6374 0.00012306
6372 6374 0.00012306
6373 6374 0.00012306
6407 6374 0.00012306
6376 6375 0.0072964
6377 6375 0.0072964
6417 6375 0.0072964
5952 6377 0.0046237
6378 6377 0.0046237
6379 6377 0.0046237
3127 6379 0.0027285
3130 6379 0.0027285
6380 6379 0.0027285
6381 6379 0.0027285
3111 6381 0.00036418
3114 6381 0.00036418
6382 6381 0.00036418
6383 6381 0.00036418
5956 6385 0.0012
6386 6385 0.0012
6387 6385 0.0012
5954 6387 0.0021334
6370 6387 0.0021334
6388 6387 0.0021334
7111 6387 0.0021334
3118 6389 0.00047477
6390 6389 0.00047477
6391 6389 0.00047477
3908 6391 0.00027221
6392 6391 0.00027221
6393 6391 0.00027221
3118 6392 0.00011561
6390 6392 0.00011561
6391 6392 0.00011561
3133 6393 0.00030654
5955 6393 0.00030654
6394 6393 0.00030654
6111 6395 0.0010767
6396 6395 0.0010767
6397 6395 0.0010767
6406 6395 0.0010767
2362 6396 0.00016367
2365 6396 0.00016367
6395 6396 0.00016367
3147 6397 0.00080455
5951 6397 0.00080455
6398 6397 0.00080455
6399 6397 0.00080455
3909 6399 0.00055148
6113 6399 0.00055148
6400 6399 0.00055148
6401 6399 0.00055148
3131 6401 0.0004473
3134 6401 0.0004473
6402 6401 0.0004473
6403 6401 0.0004473
5950 6406 0.00033432
6389 6406 0.00033432
6405 6406 0.00033432
4788 6407 0.0014765
6408 6407 0.0014765
6409 6407 0.0014765
3140 6408 0.00055282
6372 6408 0.00055282
6373 6408 0.00055282
6407 6408 0.00055282
6364 6409 0.0010129
6410 6409 0.0010129
6411 6409 0.0010129
4788 6410 0.00051608
6408 6410 0.00051608
6409 6410 0.00051608
5834 6411 0.0013937
6412 6411 0.0013937
6413 6411 0.0013937
6364 6412 0.00010012
6410 6412 0.00010012
6411 6412 0.00010012
3142 6413 0.0013937
6414 6413 0.0013937
6415 6413 0.0013937
5834 6414 0.00010012
6412 6414 0.00010012
6413 6414 0.00010012
6416 6415 0.0029005
6418 6415 0.0029005
6419 6415 0.0029005
3142 6416 0.00010439
6414 6416 0.00010439
6415 6416 0.00010439
6416 6417 0.0028951
6418 6417 0.0028951
6419 6417 0.0028951
6376 6418 0.00021671
6377 6418 0.00021671
6417 6418 0.00021671
3304 6419 0.0056532
6420 6419 0.0056532
6421 6419 0.0056532
6416 6420 0.00017871
6418 6420 0.00017871
6419 6420 0.00017871
3138 6421 0.004715
5832 6421 0.004715
6422 6421 0.004715
3304 6422 0.0068633
6420 6422 0.0068633
6421 6422 0.0068633
4523 6550 0.33535
4526 6550 0.33535
6551 6550 0.33535
114 6551 0.0007339
422 6551 0.0007339
423 6551 0.0007339
6550 6551 0.0007339
4525 6552 0.44806
6553 6552 0.44806
6577 6552 0.44806
112 6553 0.010328
424 6553 0.010328
425 6553 0.010328
6552 6553 0.010328
92 6568 0.0027509
4557 6568 0.0027509
6569 6568 0.0027509
88 6569 0.0046023
90 6569 0.0046023
773 6569 0.0046023
6568 6569 0.0046023
404 6571 0.0044901
405 6571 0.0044901
6570 6571 0.0044901
6573 6571 0.0044901
1580 6573 0.0066566
1583 6573 0.0066566
6572 6573 0.0066566
6575 6573 0.0066566
1580 6574 0.00057633
1583 6574 0.00057633
6572 6574 0.00057633
6575 6574 0.00057633
776 6575 0.011113
6574 6575 0.011113
4525 6576 0.24162
6553 6576 0.24162
6577 6576 0.24162
86 6577 0.013317
89 6577 0.013317
6576 6577 0.013317
4662 6738 0.0019314
6739 6738 0.0019314
5085 6873 0.00011308
5267 6873 0.00011308
6873 6874 0.00011308
5093 6875 0.002295
6875 6876 0.002295
5090 6877 0.0013274
3713 6920 0.00019975
6921 6920 0.00019975
7114 6920 0.00019975
6939 6938 0.00029711
7067 6938 0.00029711
7163 6938 0.00029711
7164 6938 0.00029711
6938 6939 0.00019723
6941 6939 0.00019723
6949 6939 0.00019723
6940 6941 0.00029321
6942 6941 0.00029321
6945 6941 0.00029321
6947 6941 0.00029321
6363 6942 0.00029321
6943 6942 0.00029321
7165 6942 0.00029321
6938 6948 0.00040829
6941 6948 0.00040829
6949 6948 0.00040829
6948 6952 0.00040829
6950 6952 0.00040829
6953 6952 0.00040829
5824 6963 0.0011502
6964 6963 0.0011502
7100 6963 0.0011502
5822 6964 0.00071585
6963 6964 0.00071585
7102 6964 0.00071585
7104 6964 0.00071585
3335 6968 0.00040637
5823 6968 0.00040637
5831 6968 0.00040637
6967 6968 0.00040637
6969 6971 0.00033587
6972 6971 0.00033587
6975 6971 0.00033587
7066 6971 0.00033587
6971 6972 0.00023033
6974 6972 0.00023033
7064 6972 0.00023033
6971 6973 0.00045197
6974 6973 0.00045197
7064 6973 0.00045197
6973 6974 0.00030085
6976 6974 0.00030085
6978 6974 0.00030085
6973 6975 0.00055726
6976 6975 0.00055726
6978 6975 0.00055726
6969 6976 0.00016495
6972 6976 0.00016495
6975 6976 0.00016495
7066 6976 0.00016495
6973 6977 0.00030733
6976 6977 0.00030733
6978 6977 0.00030733
3320 6978 0.00054852
6977 6978 0.00054852
7096 6978 0.00054852
6980 6979 0.00076205
7065 6979 0.00076205
7098 6979 0.00076205
6229 6980 0.00037495
6979 6980 0.00037495
7063 6980 0.00037495
6993 6997 0.00010327
6996 6997 0.00010327
6998 6997 0.00010327
7001 6997 0.00010327
2366 7005 0.00017282
7006 7005 0.00017282
7086 7005 0.00017282
3316 7006 0.00013229
7005 7006 0.00013229
7008 7006 0.00013229
7088 7006 0.00013229
6971 7063 0.00037049
6974 7063 0.00037049
7064 7063 0.00037049
6229 7064 0.00041607
6979 7064 0.00041607
7063 7064 0.00041607
6969 7065 0.00047624
6972 7065 0.00047624
6975 7065 0.00047624
7066 7065 0.00047624
6980 7066 0.00018946
7065 7066 0.00018946
7098 7066 0.00018946
5670 7086 0.0024591
6385 7086 0.0024591
7085 7086 0.0024591
2351 7088 0.00039261
4656 7088 0.00039261
7014 7088 0.00039261
7087 7088 0.00039261
3317 7090 0.00042604
5238 7090 0.00042604
7089 7090 0.00042604
6997 7092 0.00046222
7090 7092 0.00046222
7091 7092 0.00046222
547 7093 0.00061484
2073 7093 0.00061484
7094 7093 0.00061484
3319 7094 0.00030718
5985 7094 0.00030718
7093 7094 0.00030718
7095 7094 0.00030718
3320 7095 0.00010672
6977 7095 0.00010672
7096 7095 0.00010672
3319 7096 0.00088363
5985 7096 0.00088363
7093 7096 0.00088363
7095 7096 0.00088363
6980 7097 0.00042364
7065 7097 0.00042364
7098 7097 0.00042364
3321 7098 0.00052396
3322 7098 0.00052396
7097 7098 0.00052396
5824 7099 0.0005399
6964 7099 0.0005399
7100 7099 0.0005399
3325 7100 0.0018745
3326 7100 0.0018745
7099 7100 0.0018745
6965 7102 0.00040637
6968 7102 0.00040637
7101 7102 0.00040637
5822 7103 0.0017989
6963 7103 0.0017989
7102 7103 0.0017989
7104 7103 0.0017989
3323 7104 0.00048315
3324 7104 0.00048315
7103 7104 0.00048315
5837 7111 0.010491
6927 7111 0.010491
7069 7111 0.010491
7112 7111 0.010491
2146 7114 0.00021129
3712 7114 0.00021129
4663 7114 0.00021129
7113 7114 0.00021129
1576 7148 0.0044232
7149 7148 0.0044232
3090 7151 0.00039658
5675 7151 0.00039658
5676 7151 0.00039658
7150 7151 0.00039658
6952 7160 0.0014811
7161 7160 0.0014811
7162 7160 0.0014811
2356 7161 0.0006843
2359 7161 0.0006843
6362 7161 0.0006843
7160 7161 0.0006843
6939 7162 0.0011738
7067 7162 0.0011738
7163 7162 0.0011738
7164 7162 0.0011738
6952 7163 0.00073341
7161 7163 0.00073341
7162 7163 0.00073341
6363 7164 0.0010897
6943 7164 0.0010897
7165 7164 0.0010897
6939 7165 0.00054947
7067 7165 0.00054947
7163 7165 0.00054947
7164 7165 0.00054947
4660 7220 0.98367
7221 7220 0.98367
2279 7272 0.00021791
5674 7272 0.00021791
7273 7272 0.00021791
1127 7274 0.01386
3095 7274 0.01386
3098 7274 0.01386
