548 547 0.027345
6226 547 0.027345
6227 547 0.027345
6230 547 0.027345
547 548 0.088958
2073 548 0.088958
7094 548 0.088958
568 567 0.00010552
4174 567 0.00010552
6435 567 0.00010552
942 943 0.0072171
945 943 0.0072171
5898 943 0.0072171
7252 943 0.0072171
942 944 0.0021523
945 944 0.0021523
5898 944 0.0021523
7252 944 0.0021523
944 945 0.064139
947 945 0.064139
4210 945 0.064139
946 947 0.094482
6707 947 0.094482
948 950 0.00026718
951 950 0.00026718
6355 950 0.00026718
995 994 0.0037924
6359 994 0.0037924
6360 994 0.0037924
994 995 0.0023821
997 995 0.0023821
2076 995 0.0023821
2077 995 0.0023821
994 996 0.0026047
997 996 0.0026047
2076 996 0.0026047
2077 996 0.0026047
996 997 0.0012589
3119 997 0.0012589
4790 997 0.0012589
6237 997 0.0012589
1466 1117 0.0040696
2325 1117 0.0040696
1227 1226 0.73708
7040 1226 0.73708
7075 1226 0.73708
7079 1226 0.73708
1226 1227 0.0022689
1536 1227 0.0022689
4200 1227 0.0022689
1231 1230 1
1233 1232 0.002778
5580 1232 0.002778
5582 1232 0.002778
567 1466 0.00011543
1467 1466 0.00011543
1117 1468 0.0027867
2345 1468 0.0027867
1226 1537 0.17374
1536 1537 0.17374
4200 1537 0.17374
1653 1654 0.25173
7054 1654 0.25173
7076 1654 0.25173
1656 1655 0.010859
5746 1655 0.010859
5748 1655 0.010859
1657 1658 0.0072171
4219 1658 0.0072171
4817 1658 0.0072171
2072 2071 0.00074344
2074 2071 0.00074344
2075 2071 0.00074344
3906 2071 0.00074344
2071 2072 0.0036141
6238 2072 0.0036141
6239 2072 0.0036141
2072 2073 0.016702
2074 2073 0.016702
2075 2073 0.016702
3906 2073 0.016702
547 2074 0.014085
2073 2074 0.014085
7094 2074 0.014085
994 2075 0.0046427
997 2075 0.0046427
2076 2075 0.0046427
2077 2075 0.0046427
2072 2076 0.0044527
2074 2076 0.0044527
2075 2076 0.0044527
3906 2076 0.0044527
2078 2077 0.0011673
2358 2077 0.0011673
2361 2077 0.0011673
6371 2077 0.0011673
994 2078 0.0010418
997 2078 0.0010418
2076 2078 0.0010418
2077 2078 0.0010418
2324 2325 0.003959
7131 2325 0.003959
2327 2326 0.0017596
4708 2326 0.0017596
5968 2326 0.0017596
2326 2327 0.0039527
7259 2327 0.0039527
2329 2328 0.00012295
5896 2328 0.00012295
7254 2328 0.00012295
7258 2328 0.00012295
2328 2329 0.291
7257 2329 0.291
2331 2330 0.00020384
4196 2330 0.00020384
5971 2330 0.00020384
7256 2330 0.00020384
2330 2331 0.29397
2333 2331 0.29397
5975 2331 0.29397
2330 2332 0.00055206
2333 2332 0.00055206
5975 2332 0.00055206
2332 2333 0.29276
2335 2333 0.29276
4216 2333 0.29276
2332 2334 0.00017077
2335 2334 0.00017077
4216 2334 0.00017077
2334 2335 0.3454
2337 2335 0.3454
5977 2335 0.3454
7152 2335 0.3454
2336 2337 0.39727
2339 2337 0.39727
4709 2337 0.39727
2336 2338 0.001033
2339 2338 0.001033
4709 2338 0.001033
2338 2339 0.22685
2341 2339 0.22685
4198 2339 0.22685
1654 2341 0.25163
2340 2341 0.25163
2343 2341 0.25163
1654 2342 0.00021036
2340 2342 0.00021036
2343 2342 0.00021036
2342 2343 0.00010751
7057 2343 0.00010751
7074 2343 0.00010751
1117 2344 0.0013286
2345 2344 0.0013286
2344 2346 0.0013498
2347 2346 0.0013498
5906 2346 0.0013498
2349 2348 0.002858
5903 2348 0.002858
5986 2348 0.002858
7105 2348 0.002858
2348 2349 0.35633
5239 2349 0.35633
5739 2349 0.35633
2351 2350 0.00096613
4656 2350 0.00096613
7014 2350 0.00096613
7087 2350 0.00096613
2350 2351 0.00036651
5671 2351 0.00036651
5836 2351 0.00036651
2356 2357 0.00012737
2359 2357 0.00012737
6362 2357 0.00012737
7160 2357 0.00012737
2356 2358 0.0009781
2359 2358 0.0009781
6362 2358 0.0009781
7160 2358 0.0009781
2078 2360 0.0011071
2358 2360 0.0011071
2361 2360 0.0011071
6371 2360 0.0011071
2360 2361 0.0003216
2363 2361 0.0003216
3120 2361 0.0003216
2360 2362 0.00021877
2363 2362 0.00021877
3120 2362 0.00021877
2362 2363 0.00041864
2365 2363 0.00041864
6395 2363 0.00041864
2362 2364 0.00022035
2365 2364 0.00022035
6395 2364 0.00022035
2364 2365 0.00039775
2367 2365 0.00039775
6366 2365 0.00039775
6367 2365 0.00039775
2364 2366 0.00016941
2367 2366 0.00016941
6366 2366 0.00016941
6367 2366 0.00016941
2366 2367 0.00087687
7006 2367 0.00087687
7086 2367 0.00087687
2752 2753 0.0027781
7251 2753 0.0027781
2360 3119 0.0012025
2363 3119 0.0012025
3120 3119 0.0012025
996 3120 0.00021715
3119 3120 0.00021715
4790 3120 0.00021715
6237 3120 0.00021715
3122 3121 0.00026582
5270 3121 0.00026582
6233 3121 0.00026582
3317 3316 0.00054554
5238 3316 0.00054554
7089 3316 0.00054554
3316 3317 0.01476
7005 3317 0.01476
7008 3317 0.01476
7088 3317 0.01476
3319 3318 0.039158
5985 3318 0.039158
7093 3318 0.039158
7095 3318 0.039158
3318 3319 0.27686
6983 3319 0.27686
7092 3319 0.27686
3321 3320 0.0022143
3322 3320 0.0022143
7097 3320 0.0022143
3320 3321 0.84685
6977 3321 0.84685
7096 3321 0.84685
3323 3322 0.0017092
3324 3322 0.0017092
7103 3322 0.0017092
3321 3323 0.92594
3322 3323 0.92594
7097 3323 0.92594
3325 3324 0.0067171
3326 3324 0.0067171
7099 3324 0.0067171
3323 3325 0.44281
3324 3325 0.44281
7103 3325 0.44281
2753 3326 0.0030431
3327 3326 0.0030431
5237 3326 0.0030431
3325 3327 0.0005339
3326 3327 0.0005339
7099 3327 0.0005339
3332 3331 0.0063684
3334 3331 0.0063684
3331 3332 0.016203
5827 3332 0.016203
5829 3332 0.016203
3332 3333 0.016203
3334 3333 0.016203
3333 3334 0.0063684
3336 3334 0.0063684
6225 3334 0.0063684
3333 3335 0.094197
3336 3335 0.094197
6225 3335 0.094197
3335 3336 0.011098
5823 3336 0.011098
5831 3336 0.011098
6967 3336 0.011098
4199 3791 0.58704
5395 3791 0.58704
5396 3792 0.60065
5397 3792 0.60065
3791 3793 0.19869
3793 3794 0.016472
5993 3794 0.016472
7115 3794 0.016472
3790 3795 0.030087
3794 3795 0.030087
7083 3795 0.030087
3907 3906 0.011806
4019 3906 0.011806
6228 3906 0.011806
6358 3906 0.011806
2072 3907 0.01225
2074 3907 0.01225
2075 3907 0.01225
3906 3907 0.01225
4020 4019 0.00063855
6232 4019 0.00063855
6351 4019 0.00063855
3907 4020 0.0010589
4019 4020 0.0010589
6228 4020 0.0010589
6358 4020 0.0010589
4163 4162 0.0014585
4164 4162 0.0014585
5889 4162 0.0014585
5892 4162 0.0014585
4162 4163 0.00046225
4171 4163 0.00046225
5793 4163 0.00046225
4165 4164 0.012503
4166 4164 0.012503
5929 4164 0.012503
5972 4164 0.012503
4163 4165 0.00026168
4164 4165 0.00026168
5889 4165 0.00026168
5892 4165 0.00026168
4167 4166 0.0084475
4168 4166 0.0084475
5923 4166 0.0084475
5926 4166 0.0084475
4165 4167 0.00049537
4166 4167 0.00049537
5929 4167 0.00049537
5972 4167 0.00049537
4169 4168 0.0026945
4193 4168 0.0026945
4194 4168 0.0026945
4167 4169 0.00013303
4168 4169 0.00013303
5923 4169 0.00013303
5926 4169 0.00013303
4162 4170 0.0016131
4171 4170 0.0016131
5793 4170 0.0016131
4170 4172 0.00021581
4173 4172 0.00021581
5933 4172 0.00021581
4177 4176 0.00011856
4178 4176 0.00011856
5970 4176 0.00011856
4181 4180 0.00047172
4182 4180 0.00047172
5885 4180 0.00047172
5888 4180 0.00047172
4183 4182 0.0019606
4184 4182 0.0019606
5928 4182 0.0019606
4185 4184 0.0021582
4186 4184 0.0021582
5922 4184 0.0021582
4187 4186 0.0021323
4188 4186 0.0021323
4195 4186 0.0021323
4189 4188 0.0022284
4190 4188 0.0022284
5918 4188 0.0022284
4191 4190 0.0022519
4666 4190 0.0022519
6469 4190 0.0022519
4169 4192 0.0001099
4193 4192 0.0001099
4194 4192 0.0001099
4192 4193 0.0025674
5919 4193 0.0025674
5980 4193 0.0025674
4187 4194 0.00037581
4188 4194 0.00037581
4195 4194 0.00037581
4169 4195 0.00027187
4193 4195 0.00027187
4194 4195 0.00027187
7116 4199 0.58687
2338 4200 0.025798
2341 4200 0.025798
4198 4200 0.025798
4204 4205 0.0079291
4206 4205 0.0079291
4207 4205 0.0079291
4211 4205 0.0079291
4205 4206 0.0014729
5741 4206 0.0014729
5742 4206 0.0014729
4201 4207 0.010824
4208 4207 0.010824
4209 4207 0.010824
5909 4207 0.010824
4204 4208 0.0010826
4206 4208 0.0010826
4207 4208 0.0010826
4211 4208 0.0010826
944 4209 0.033236
947 4209 0.033236
4210 4209 0.033236
4201 4210 0.00076847
4208 4210 0.00076847
4209 4210 0.00076847
5909 4210 0.00076847
4212 4211 0.00028044
4214 4211 0.00028044
4204 4212 0.0035661
4206 4212 0.0035661
4207 4212 0.0035661
4211 4212 0.0035661
4212 4213 0.0035661
4214 4213 0.0035661
4213 4214 0.00028044
5743 4214 0.00028044
5744 4214 0.00028044
2332 4215 0.05344
2335 4215 0.05344
4216 4215 0.05344
4215 4216 0.00041965
6725 4216 0.00041965
4218 4217 0.00067591
6706 4217 0.00067591
6724 4217 0.00067591
4217 4218 0.04211
6727 4218 0.04211
4220 4219 0.0072171
4222 4219 0.0072171
943 4222 0.0072171
4221 4222 0.0072171
4815 4222 0.0072171
4224 4223 0.00020908
4225 4223 0.00020908
6894 4223 0.00020908
4223 4224 0.00010625
6896 4224 0.00010625
7081 4224 0.00010625
4228 4227 0.0001062
4229 4227 0.0001062
6893 4227 0.0001062
4227 4228 0.0002098
5937 4228 0.0002098
7073 4228 0.0002098
4657 4656 0.01509
5663 4656 0.01509
5665 4656 0.01509
6736 4658 0.015101
6737 4659 0.00017006
2327 4707 0.0037411
4708 4707 0.0037411
5968 4707 0.0037411
3189 4708 0.00037431
4707 4708 0.00037431
5981 4708 0.00037431
7130 4708 0.00037431
1537 4709 0.17375
4710 4709 0.17375
996 4789 0.00046487
3119 4789 0.00046487
4790 4789 0.00046487
6237 4789 0.00046487
4789 4790 0.00043309
6240 4790 0.00043309
6365 4790 0.00043309
5064 5063 0.00018462
5240 5063 0.00018462
4659 5064 0.58572
5065 5064 0.58572
3792 5065 0.58555
3121 5237 0.00030418
3328 5237 0.00030418
3329 5237 0.00030418
2348 5238 0.22655
5239 5238 0.22655
5739 5238 0.22655
3317 5239 0.0030613
5238 5239 0.0030613
7089 5239 0.0030613
5064 5241 0.58554
5240 5241 0.58554
2753 5270 0.00057307
3327 5270 0.00057307
5237 5270 0.00057307
5063 5395 0.00017334
3791 5396 0.38834
3793 5397 0.21231
5993 5397 0.21231
7115 5397 0.21231
3898 5580 0.0027752
5581 5580 0.0027752
5935 5580 0.0027752
4658 5663 0.015088
2350 5669 0.00016964
5671 5669 0.00016964
5836 5669 0.00016964
2350 5670 0.00081505
5671 5670 0.00081505
5836 5670 0.00081505
5670 5671 0.00038233
6385 5671 0.00038233
7085 5671 0.00038233
2348 5738 0.00014922
5239 5738 0.00014922
5739 5738 0.00014922
5241 5739 0.57711
5738 5739 0.57711
7218 5739 0.57711
4205 5740 0.00081337
5741 5740 0.00081337
5742 5740 0.00081337
5740 5741 0.0093925
7219 5741 0.0093925
4213 5742 0.0012551
5743 5742 0.0012551
5744 5742 0.0012551
4205 5743 0.01629
5741 5743 0.01629
5742 5743 0.01629
1655 5744 0.0013573
5745 5744 0.0013573
5901 5744 0.0013573
5904 5744 0.0013573
4213 5745 0.019678
5743 5745 0.019678
5744 5745 0.019678
1658 5746 0.010859
5747 5746 0.010859
5907 5746 0.010859
5984 5746 0.010859
5783 5787 0.00018323
5788 5787 0.00018323
5796 5787 0.00018323
5790 5789 0.00055091
5791 5789 0.00055091
5932 5789 0.00055091
5969 5789 0.00055091
5789 5790 0.00011397
5911 5790 0.00011397
5913 5790 0.00011397
5982 5790 0.00011397
5792 5791 0.0011592
5891 5791 0.0011592
5894 5791 0.0011592
5790 5792 0.00090482
5791 5792 0.00090482
5932 5792 0.00090482
5969 5792 0.00090482
5794 5793 0.00052991
5931 5793 0.00052991
5795 5794 0.00030356
5887 5794 0.00030356
5890 5794 0.00030356
5794 5795 0.00016117
5931 5795 0.00016117
4172 5796 0.00018317
5797 5796 0.00018317
3335 5822 0.28463
5823 5822 0.28463
5831 5822 0.28463
6967 5822 0.28463
5822 5823 0.12045
6963 5823 0.12045
7102 5823 0.12045
7104 5823 0.12045
5825 5824 0.012463
5826 5824 0.012463
5830 5824 0.012463
5824 5825 0.26172
6964 5825 0.26172
7100 5825 0.26172
3331 5826 0.0063684
5827 5826 0.0063684
5829 5826 0.0063684
5825 5827 0.016203
5826 5827 0.016203
5830 5827 0.016203
3335 5830 0.019282
5823 5830 0.019282
5831 5830 0.019282
6967 5830 0.019282
5825 5831 0.25871
5826 5831 0.25871
5830 5831 0.25871
4181 5887 0.0016263
4182 5887 0.0016263
5885 5887 0.0016263
5888 5887 0.0016263
5795 5888 0.0001418
5887 5888 0.0001418
5890 5888 0.0001418
5795 5889 0.0017027
5887 5889 0.0017027
5890 5889 0.0017027
4163 5890 0.00036062
4164 5890 0.00036062
5889 5890 0.00036062
5892 5890 0.00036062
4163 5891 0.013003
4164 5891 0.013003
5889 5891 0.013003
5892 5891 0.013003
5792 5892 0.00041539
5891 5892 0.00041539
5894 5892 0.00041539
5792 5893 0.01333
5891 5893 0.01333
5894 5893 0.01333
5893 5894 0.00099636
7255 5894 0.00099636
2329 5895 0.30104
5896 5895 0.30104
7254 5895 0.30104
7258 5895 0.30104
942 5897 0.35592
945 5897 0.35592
5898 5897 0.35592
7252 5897 0.35592
5897 5899 0.35204
5900 5899 0.35204
5983 5899 0.35204
5899 5900 0.00034481
5902 5900 0.00034481
5910 5900 0.00034481
5899 5901 0.37458
5902 5901 0.37458
5910 5901 0.37458
1655 5902 0.00016529
5745 5902 0.00016529
5901 5902 0.00016529
5904 5902 0.00016529
1655 5903 0.40362
5745 5903 0.40362
5901 5903 0.40362
5904 5903 0.40362
2344 5905 0.00025198
2347 5905 0.00025198
5906 5905 0.00025198
5905 5906 0.00031008
6955 5906 0.00031008
7110 5906 0.00031008
719 5907 0.0001314
5908 5907 0.0001314
7109 5907 0.0001314
1658 5908 0.00065229
5747 5908 0.00065229
5907 5908 0.00065229
5984 5908 0.00065229
5899 5909 0.0013954
5902 5909 0.0013954
5910 5909 0.0013954
4201 5910 0.024122
4208 5910 0.024122
4209 5910 0.024122
5909 5910 0.024122
5787 5913 0.00018323
5914 5913 0.00018323
5915 5913 0.00018323
4189 5917 0.00052242
4190 5917 0.00052242
5918 5917 0.00052242
5917 5918 0.00049919
5920 5918 0.00049919
5978 5918 0.00049919
5917 5919 0.010732
5920 5919 0.010732
5978 5919 0.010732
4192 5920 0.00011375
5919 5920 0.00011375
5980 5920 0.00011375
4185 5921 0.00078274
4186 5921 0.00078274
5922 5921 0.00078274
5921 5922 0.00079552
5924 5922 0.00079552
5973 5922 0.00079552
5921 5923 0.00066318
5924 5923 0.00066318
5973 5923 0.00066318
4167 5924 0.0018773
4168 5924 0.0018773
5923 5924 0.0018773
5926 5924 0.0018773
4167 5925 0.00086553
4168 5925 0.00086553
5923 5925 0.00086553
5926 5925 0.00086553
5925 5926 0.0074704
5976 5926 0.0074704
5979 5926 0.0074704
4183 5927 0.00094956
4184 5927 0.00094956
5928 5927 0.00094956
5927 5928 0.00075307
5930 5928 0.00075307
5974 5928 0.00075307
5927 5929 0.002096
5930 5929 0.002096
5974 5929 0.002096
4165 5930 0.00069812
4166 5930 0.00069812
5929 5930 0.00069812
5972 5930 0.00069812
4179 5931 0.00038753
4180 5931 0.00038753
4170 5932 0.001468
4173 5932 0.001468
5933 5932 0.001468
5790 5933 0.00011167
5791 5933 0.00011167
5932 5933 0.00011167
5969 5933 0.00011167
1468 5935 0.0027767
5934 5935 0.0027767
5790 5968 0.0016185
5791 5968 0.0016185
5932 5968 0.0016185
5969 5968 0.0016185
2327 5969 0.00044469
4708 5969 0.00044469
5968 5969 0.00044469
4165 5971 0.0034515
4166 5971 0.0034515
5929 5971 0.0034515
5972 5971 0.0034515
2331 5972 0.0063433
4196 5972 0.0063433
5971 5972 0.0063433
7256 5972 0.0063433
5927 5973 0.00025807
5930 5973 0.00025807
5974 5973 0.00025807
5921 5974 0.0014595
5924 5974 0.0014595
5973 5974 0.0014595
5925 5975 0.0077731
5976 5975 0.0077731
5979 5975 0.0077731
2330 5976 0.0062174
2333 5976 0.0062174
5975 5976 0.0062174
5917 5977 0.00049116
5920 5977 0.00049116
5978 5977 0.00049116
2334 5978 0.011086
2337 5978 0.011086
5977 5978 0.011086
7152 5978 0.011086
4192 5979 0.0088192
5919 5979 0.0088192
5980 5979 0.0088192
5925 5980 0.00065861
5976 5980 0.00065861
5979 5980 0.00065861
5789 5981 0.00065726
5911 5981 0.00065726
5913 5981 0.00065726
5982 5981 0.00065726
1658 5983 0.0028694
5747 5983 0.0028694
5907 5983 0.0028694
5984 5983 0.0028694
5897 5984 0.007009
5900 5984 0.007009
5983 5984 0.007009
2349 5985 0.75886
5903 5985 0.75886
5986 5985 0.75886
7105 5985 0.75886
548 6225 0.084717
6226 6225 0.084717
6227 6225 0.084717
6230 6225 0.084717
3333 6226 0.011452
3336 6226 0.011452
6225 6226 0.011452
3907 6227 0.013354
4019 6227 0.013354
6228 6227 0.013354
6358 6227 0.013354
548 6228 0.014985
6226 6228 0.014985
6227 6228 0.014985
6230 6228 0.014985
548 6229 0.041213
6226 6229 0.041213
6227 6229 0.041213
6230 6229 0.041213
6229 6230 0.054495
6979 6230 0.054495
7063 6230 0.054495
4020 6231 0.00042133
6232 6231 0.00042133
6351 6231 0.00042133
6231 6232 0.00042096
6234 6232 0.00042096
6354 6232 0.00042096
6231 6233 0.00018523
6234 6233 0.00018523
6354 6233 0.00018523
3122 6234 0.00040978
5270 6234 0.00040978
6233 6234 0.00040978
2071 6237 0.00062931
6238 6237 0.00062931
6239 6237 0.00062931
996 6238 0.0029286
3119 6238 0.0029286
4790 6238 0.0029286
6237 6238 0.0029286
4789 6239 0.00078471
6240 6239 0.00078471
6365 6239 0.00078471
2071 6240 0.00021333
6238 6240 0.00021333
6239 6240 0.00021333
950 6351 0.00026663
6352 6351 0.00026663
6353 6351 0.00026663
6356 6351 0.00026663
4020 6352 0.00068657
6232 6352 0.00068657
6351 6352 0.00068657
2354 6353 0.0001476
2357 6353 0.0001476
6231 6355 0.00026718
6234 6355 0.00026718
6354 6355 0.00026718
6357 6356 0.00010455
6361 6356 0.00010455
950 6357 0.00089701
6352 6357 0.00089701
6353 6357 0.00089701
6356 6357 0.00089701
995 6358 0.0028553
6359 6358 0.0028553
6360 6358 0.0028553
3907 6359 0.0045101
4019 6359 0.0045101
6228 6359 0.0045101
6358 6359 0.0045101
6357 6360 0.00084765
6361 6360 0.00084765
995 6361 0.0010922
6359 6361 0.0010922
6360 6361 0.0010922
6357 6362 0.001037
6361 6362 0.001037
2364 6365 0.00063799
2367 6365 0.00063799
6366 6365 0.00063799
6367 6365 0.00063799
3140 6371 0.00010181
6372 6371 0.00010181
6373 6371 0.00010181
6407 6371 0.00010181
2336 6469 0.0023047
2339 6469 0.0023047
4709 6469 0.0023047
4218 6707 0.094482
6706 6707 0.094482
6724 6707 0.094482
4215 6724 0.05344
6725 6724 0.05344
4218 6725 0.00041965
6706 6725 0.00041965
6724 6725 0.00041965
4217 6726 0.00067591
6727 6726 0.00067591
6726 6727 0.04211
7153 6727 0.04211
6879 6736 0.015101
6880 6737 0.00017006
3792 6879 0.015101
433 6880 0.00017006
5669 6880 0.00017006
4224 6893 0.00010625
4225 6893 0.00010625
6894 6893 0.00010625
4228 6894 0.00020908
4229 6894 0.00020908
6893 6894 0.00020908
4223 6895 0.00098978
6896 6895 0.00098978
7081 6895 0.00098978
6895 6896 0.0001554
7017 6896 0.0001554
7084 6896 0.0001554
5905 6954 0.00051856
6955 6954 0.00051856
7110 6954 0.00051856
6954 6960 0.00051856
6957 6960 0.00051856
6959 6960 0.00051856
5824 6963 0.30148
6964 6963 0.30148
7100 6963 0.30148
5822 6964 0.11214
6963 6964 0.11214
7102 6964 0.11214
7104 6964 0.11214
6965 6967 0.01668
6968 6967 0.01668
7101 6967 0.01668
3335 6968 0.17503
5823 6968 0.17503
5831 6968 0.17503
6967 6968 0.17503
6969 6971 0.13748
6972 6971 0.13748
6975 6971 0.13748
7066 6971 0.13748
6971 6972 0.064142
6974 6972 0.064142
7064 6972 0.064142
6971 6973 0.17872
6974 6973 0.17872
7064 6973 0.17872
6973 6974 0.07545
6976 6974 0.07545
6978 6974 0.07545
6973 6975 0.25267
6976 6975 0.25267
6978 6975 0.25267
6969 6976 0.056533
6972 6976 0.056533
6975 6976 0.056533
7066 6976 0.056533
6973 6977 0.15366
6976 6977 0.15366
6978 6977 0.15366
3320 6978 0.24653
6977 6978 0.24653
7096 6978 0.24653
6980 6979 0.11389
7065 6979 0.11389
7098 6979 0.11389
6229 6980 0.070677
6979 6980 0.070677
7063 6980 0.070677
6982 6981 0.041634
6984 6981 0.041634
6986 6981 0.041634
6981 6982 0.010999
6990 6982 0.010999
6982 6983 0.038456
6984 6983 0.038456
6986 6983 0.038456
3318 6984 0.070938
6983 6984 0.070938
7092 6984 0.070938
6982 6985 0.043621
6984 6985 0.043621
6986 6985 0.043621
6985 6986 0.041774
6988 6986 0.041774
6989 6986 0.041774
6985 6987 0.064824
6988 6987 0.064824
6989 6987 0.064824
6987 6988 0.032341
6992 6988 0.032341
6994 6988 0.032341
6981 6989 0.041634
6990 6989 0.041634
6985 6990 0.010999
6988 6990 0.010999
6989 6990 0.010999
6987 6991 0.064104
6992 6991 0.064104
6994 6991 0.064104
6991 6992 0.011923
6995 6992 0.011923
7000 6992 0.011923
6987 6993 0.036631
6992 6993 0.036631
6994 6993 0.036631
6993 6994 0.056329
6996 6994 0.056329
6998 6994 0.056329
7001 6994 0.056329
6993 6995 0.028536
6996 6995 0.028536
6998 6995 0.028536
7001 6995 0.028536
6991 6996 0.05622
6995 6996 0.05622
7000 6996 0.05622
6993 6997 0.077956
6996 6997 0.077956
6998 6997 0.077956
7001 6997 0.077956
6997 6998 0.045474
7090 6998 0.045474
7091 6998 0.045474
6991 6999 0.029292
6995 6999 0.029292
7000 6999 0.029292
6999 7000 0.0047952
7002 7000 0.0047952
7004 7000 0.0047952
6999 7001 0.029292
7002 7001 0.029292
7004 7001 0.029292
6993 7002 0.0047952
6996 7002 0.0047952
6998 7002 0.0047952
7001 7002 0.0047952
2366 7005 0.00059429
7006 7005 0.00059429
7086 7005 0.00059429
3316 7006 0.00087087
7005 7006 0.00087087
7008 7006 0.00087087
7088 7006 0.00087087
7016 7017 0.012787
7019 7017 0.012787
7026 7017 0.012787
7016 7018 0.00080218
7019 7018 0.00080218
7026 7018 0.00080218
7021 7020 0.14264
7023 7020 0.14264
7025 7020 0.14264
7036 7020 0.14264
7020 7021 0.11934
7032 7021 0.11934
7035 7021 0.11934
7021 7022 0.10827
7023 7022 0.10827
7025 7022 0.10827
7036 7022 0.10827
7022 7023 0.092918
7029 7023 0.092918
7031 7023 0.092918
7033 7023 0.092918
7021 7024 0.16956
7023 7024 0.16956
7025 7024 0.16956
7036 7024 0.16956
7024 7025 0.16403
7027 7025 0.16403
7077 7025 0.16403
7080 7025 0.16403
7024 7026 0.013523
7027 7026 0.013523
7077 7026 0.013523
7080 7026 0.013523
7022 7030 0.01034
7029 7030 0.01034
7031 7030 0.01034
7033 7030 0.01034
1230 7031 0.25439
7030 7031 0.25439
7078 7031 0.25439
7022 7032 0.27003
7029 7032 0.27003
7031 7032 0.27003
7033 7032 0.27003
7020 7033 0.01062
7032 7033 0.01062
7035 7033 0.01062
7020 7034 0.29319
7032 7034 0.29319
7035 7034 0.29319
7034 7035 0.010484
7037 7035 0.010484
7039 7035 0.010484
7034 7036 0.14027
7037 7036 0.14027
7039 7036 0.14027
7021 7037 0.096081
7023 7037 0.096081
7025 7037 0.096081
7036 7037 0.096081
7034 7038 0.25054
7037 7038 0.25054
7039 7038 0.25054
7038 7039 0.012013
7041 7039 0.012013
7043 7039 0.012013
7038 7040 0.24997
7041 7040 0.24997
7043 7040 0.24997
1227 7041 0.012171
7040 7041 0.012171
7075 7041 0.012171
7079 7041 0.012171
7038 7042 0.00076847
7041 7042 0.00076847
7043 7042 0.00076847
7042 7044 0.00076847
7045 7044 0.00076847
7044 7046 0.00076847
7047 7046 0.00076847
7046 7048 0.00076847
7049 7048 0.00076847
7048 7050 0.00076847
7051 7050 0.00076847
7050 7052 0.00076847
7053 7052 0.00076847
7052 7054 0.00076847
7055 7054 0.00076847
6971 7063 0.064134
6974 7063 0.064134
7064 7063 0.064134
6229 7064 0.094065
6979 7064 0.094065
7063 7064 0.094065
6969 7065 0.17931
6972 7065 0.17931
6975 7065 0.17931
7066 7065 0.17931
6980 7066 0.056511
7065 7066 0.056511
7098 7066 0.056511
2342 7073 0.00021036
7057 7073 0.00021036
7074 7073 0.00021036
4227 7074 0.00010751
5937 7074 0.00010751
7073 7074 0.00010751
1653 7075 0.00033549
7054 7075 0.00033549
7076 7075 0.00033549
1227 7076 0.25129
7040 7076 0.25129
7075 7076 0.25129
7079 7076 0.25129
1230 7077 0.84078
7030 7077 0.84078
7078 7077 0.84078
7024 7078 0.084828
7027 7078 0.084828
7077 7078 0.084828
7080 7078 0.084828
7024 7079 0.80165
7027 7079 0.80165
7077 7079 0.80165
7080 7079 0.80165
1227 7080 0.053682
7040 7080 0.053682
7075 7080 0.053682
7079 7080 0.053682
4811 7081 0.00080218
7018 7081 0.00080218
7082 7081 0.00080218
6895 7083 0.013639
7017 7083 0.013639
7084 7083 0.013639
2366 7085 0.0003867
7006 7085 0.0003867
7086 7085 0.0003867
5670 7086 0.00081758
6385 7086 0.00081758
7085 7086 0.00081758
3316 7087 0.00013408
7005 7087 0.00013408
7008 7087 0.00013408
7088 7087 0.00013408
2351 7088 0.014625
4656 7088 0.014625
7014 7088 0.014625
7087 7088 0.014625
6997 7089 0.0026884
7090 7089 0.0026884
7091 7089 0.0026884
3317 7090 0.24039
5238 7090 0.24039
7089 7090 0.24039
3318 7091 0.010485
6983 7091 0.010485
7092 7091 0.010485
6997 7092 0.28067
7090 7092 0.28067
7091 7092 0.28067
547 7093 0.038515
2073 7093 0.038515
7094 7093 0.038515
3319 7094 0.097512
5985 7094 0.097512
7093 7094 0.097512
7095 7094 0.097512
3320 7095 0.0029348
6977 7095 0.0029348
7096 7095 0.0029348
3319 7096 0.94044
5985 7096 0.94044
7093 7096 0.94044
7095 7096 0.94044
6980 7097 0.18311
7065 7097 0.18311
7098 7097 0.18311
3321 7098 0.10352
3322 7098 0.10352
7097 7098 0.10352
5824 7099 0.0056223
6964 7099 0.0056223
7100 7099 0.0056223
3325 7100 0.44422
3326 7100 0.44422
7099 7100 0.44422
5822 7101 0.01668
6963 7101 0.01668
7102 7101 0.01668
7104 7101 0.01668
6965 7102 0.17503
6968 7102 0.17503
7101 7102 0.17503
5822 7103 0.11682
6963 7103 0.11682
7102 7103 0.11682
7104 7103 0.11682
3323 7104 0.60495
3324 7104 0.60495
7103 7104 0.60495
6961 7105 0.0018198
7106 7105 0.0018198
7107 7105 0.0018198
2346 7107 0.0018198
6960 7107 0.0018198
7108 7107 0.0018198
5905 7109 0.0001314
6955 7109 0.0001314
7110 7109 0.0001314
719 7110 0.00065229
5908 7110 0.00065229
7109 7110 0.00065229
3795 7115 0.030087
7117 7116 0.58687
1226 7117 0.58687
1536 7117 0.58687
4200 7117 0.58687
3189 7131 0.003959
4707 7131 0.003959
5981 7131 0.003959
7130 7131 0.003959
6726 7152 0.00067591
7153 7152 0.00067591
2334 7153 0.04211
2337 7153 0.04211
5977 7153 0.04211
7152 7153 0.04211
5740 7218 0.00081337
7219 7218 0.00081337
5241 7219 0.0093925
5738 7219 0.0093925
7218 7219 0.0093925
1232 7248 0.002778
7249 7248 0.002778
1235 7251 0.0027781
7248 7251 0.0027781
7250 7251 0.0027781
5895 7252 0.30104
7253 7252 0.30104
5893 7254 0.01333
7255 7254 0.01333
2329 7255 0.00099636
5896 7255 0.00099636
7254 7255 0.00099636
7258 7255 0.00099636
2328 7256 0.00012295
7257 7256 0.00012295
2331 7257 0.291
4196 7257 0.291
5971 7257 0.291
7256 7257 0.291
2326 7258 0.0017596
7259 7258 0.0017596
2329 7259 0.0039527
5896 7259 0.0039527
7254 7259 0.0039527
7258 7259 0.0039527
