548 547 0.0082085
6226 547 0.0082085
6227 547 0.0082085
6230 547 0.0082085
547 548 0.0021189
2073 548 0.0021189
7094 548 0.0021189
943 942 0.00074728
4221 942 0.00074728
4815 942 0.00074728
942 943 0.0070971
945 943 0.0070971
5898 943 0.0070971
7252 943 0.0070971
944 945 0.016862
947 945 0.016862
4210 945 0.016862
946 947 0.0014579
6707 947 0.0014579
995 994 0.00059891
6359 994 0.00059891
6360 994 0.00059891
994 995 0.00013425
997 995 0.00013425
2076 995 0.00013425
2077 995 0.00013425
994 996 0.00032188
997 996 0.00032188
2076 996 0.00032188
2077 996 0.00032188
996 997 0.0001608
3119 997 0.0001608
4790 997 0.0001608
6237 997 0.0001608
1226 1227 0.0001153
1536 1227 0.0001153
4200 1227 0.0001153
1537 1536 0.00011269
4710 1536 0.00011269
1653 1654 0.00010746
7054 1654 0.00010746
7076 1654 0.00010746
1656 1655 0.006318
5746 1655 0.006318
5748 1655 0.006318
1655 1656 0.016704
5745 1656 0.016704
5901 1656 0.016704
5904 1656 0.016704
1658 1657 0.00074728
5747 1657 0.00074728
5907 1657 0.00074728
5984 1657 0.00074728
1657 1658 0.0070971
4219 1658 0.0070971
4817 1658 0.0070971
2071 2072 0.00048715
6238 2072 0.00048715
6239 2072 0.00048715
2072 2073 0.0034654
2074 2073 0.0034654
2075 2073 0.0034654
3906 2073 0.0034654
547 2074 0.00089455
2073 2074 0.00089455
7094 2074 0.00089455
994 2075 0.00078973
997 2075 0.00078973
2076 2075 0.00078973
2077 2075 0.00078973
2072 2076 0.00042953
2074 2076 0.00042953
2075 2076 0.00042953
3906 2076 0.00042953
2078 2077 0.00017816
2358 2077 0.00017816
2361 2077 0.00017816
6371 2077 0.00017816
994 2078 0.00012153
997 2078 0.00012153
2076 2078 0.00012153
2077 2078 0.00012153
2328 2329 0.0062648
7257 2329 0.0062648
2330 2331 0.0063197
2333 2331 0.0063197
5975 2331 0.0063197
2332 2333 0.0062884
2335 2333 0.0062884
4216 2333 0.0062884
2334 2335 0.0070868
2337 2335 0.0070868
5977 2335 0.0070868
7152 2335 0.0070868
2336 2337 0.0079401
2339 2337 0.0079401
4709 2337 0.0079401
2338 2339 0.00011387
2341 2339 0.00011387
4198 2339 0.00011387
1654 2341 0.00011503
2340 2341 0.00011503
2343 2341 0.00011503
2344 2346 0.00018912
2347 2346 0.00018912
5906 2346 0.00018912
2346 2347 0.0010244
6960 2347 0.0010244
7108 2347 0.0010244
2349 2348 0.00010623
5903 2348 0.00010623
5986 2348 0.00010623
7105 2348 0.00010623
2348 2349 0.77047
5239 2349 0.77047
5739 2349 0.77047
2351 2350 0.00045637
4656 2350 0.00045637
7014 2350 0.00045637
7087 2350 0.00045637
2356 2358 0.00013137
2359 2358 0.00013137
6362 2358 0.00013137
7160 2358 0.00013137
2078 2360 0.00013278
2358 2360 0.00013278
2361 2360 0.00013278
6371 2360 0.00013278
2366 2367 0.00019013
7006 2367 0.00019013
7086 2367 0.00019013
2360 3119 0.00015958
2363 3119 0.00015958
3120 3119 0.00015958
3317 3316 0.0001685
5238 3316 0.0001685
7089 3316 0.0001685
3316 3317 0.0038924
7005 3317 0.0038924
7008 3317 0.0038924
7088 3317 0.0038924
3319 3318 0.0062645
5985 3318 0.0062645
7093 3318 0.0062645
7095 3318 0.0062645
3318 3319 0.0533
6983 3319 0.0533
7092 3319 0.0533
3321 3320 0.0019777
3322 3320 0.0019777
7097 3320 0.0019777
3320 3321 0.013369
6977 3321 0.013369
7096 3321 0.013369
3323 3322 0.00061801
3324 3322 0.00061801
7103 3322 0.00061801
3321 3323 0.0016147
3322 3323 0.0016147
7097 3323 0.0016147
3325 3324 0.00010632
3326 3324 0.00010632
7099 3324 0.00010632
3323 3325 0.00092671
3324 3325 0.00092671
7103 3325 0.00092671
3331 3332 0.00016302
5827 3332 0.00016302
5829 3332 0.00016302
3332 3333 0.00016302
3334 3333 0.00016302
3333 3335 0.00018045
3336 3335 0.00018045
6225 3335 0.00018045
3335 3336 0.0010028
5823 3336 0.0010028
5831 3336 0.0010028
6967 3336 0.0010028
4199 3791 0.00029149
5395 3791 0.00029149
5396 3792 1.0003
5397 3792 1.0003
3791 3793 0.00010031
3790 3795 1
3794 3795 1
7083 3795 1
3907 3906 0.0023944
4019 3906 0.0023944
6228 3906 0.0023944
6358 3906 0.0023944
2072 3907 0.00058451
2074 3907 0.00058451
2075 3907 0.00058451
3906 3907 0.00058451
4165 4164 0.00028492
4166 4164 0.00028492
5929 4164 0.00028492
5972 4164 0.00028492
4167 4166 0.0001878
4168 4166 0.0001878
5923 4166 0.0001878
5926 4166 0.0001878
4205 4206 0.04571
5741 4206 0.04571
5742 4206 0.04571
4204 4208 0.044536
4206 4208 0.044536
4207 4208 0.044536
4211 4208 0.044536
944 4209 0.00011161
947 4209 0.00011161
4210 4209 0.00011161
4201 4210 0.015486
4208 4210 0.015486
4209 4210 0.015486
5909 4210 0.015486
4212 4211 0.0022582
4214 4211 0.0022582
4204 4212 0.0033941
4206 4212 0.0033941
4207 4212 0.0033941
4211 4212 0.0033941
4212 4213 0.0033941
4214 4213 0.0033941
4213 4214 0.0022582
5743 4214 0.0022582
5744 4214 0.0022582
2332 4215 0.00082815
2335 4215 0.00082815
4216 4215 0.00082815
4217 4218 0.0006521
6727 4218 0.0006521
4220 4219 0.0070971
4222 4219 0.0070971
1657 4220 0.00074728
4219 4220 0.00074728
4817 4220 0.00074728
4220 4221 0.00074728
4222 4221 0.00074728
943 4222 0.0070971
4221 4222 0.0070971
4815 4222 0.0070971
4657 4656 0.0041739
5663 4656 0.0041739
5665 4656 0.0041739
6736 4658 0.0041768
6737 4659 0.00028773
1537 4709 0.0079074
4710 4709 0.0079074
5063 4710 0.0080057
5064 5063 0.0082958
5240 5063 0.0082958
4659 5064 0.99639
5065 5064 0.99639
3792 5065 0.99611
2348 5238 0.047492
5239 5238 0.047492
5739 5238 0.047492
3317 5239 0.0041798
5238 5239 0.0041798
7089 5239 0.0041798
5064 5241 0.9881
5240 5241 0.9881
5390 5389 0.00035059
5877 5389 0.00035059
5992 5389 0.00035059
1512 5392 0.00035059
5391 5392 0.00035059
5876 5392 0.00035059
5063 5395 0.00029019
3791 5396 0.00019118
3793 5397 1.0001
5993 5397 1.0001
7115 5397 1.0001
4658 5663 0.0041731
2350 5669 0.00028704
5671 5669 0.00028704
5836 5669 0.00028704
2350 5670 0.00019764
5671 5670 0.00019764
5836 5670 0.00019764
5670 5671 0.00012222
6385 5671 0.00012222
7085 5671 0.00012222
2348 5738 0.00023721
5239 5738 0.00023721
5739 5738 0.00023721
5241 5739 0.81392
5738 5739 0.81392
7218 5739 0.81392
5740 5741 0.17443
7219 5741 0.17443
4213 5742 0.0024277
5743 5742 0.0024277
5744 5742 0.0024277
4205 5743 0.13121
5741 5743 0.13121
5742 5743 0.13121
1655 5744 0.002384
5745 5744 0.002384
5901 5744 0.002384
5904 5744 0.002384
4213 5745 0.13231
5743 5745 0.13231
5744 5745 0.13231
1658 5746 0.006318
5747 5746 0.006318
5907 5746 0.006318
5984 5746 0.006318
1656 5747 0.016704
5746 5747 0.016704
5748 5747 0.016704
3335 5822 0.00046447
5823 5822 0.00046447
5831 5822 0.00046447
6967 5822 0.00046447
5822 5823 0.0010113
6963 5823 0.0010113
7102 5823 0.0010113
7104 5823 0.0010113
5824 5825 0.00067924
6964 5825 0.00067924
7100 5825 0.00067924
5825 5827 0.00016302
5826 5827 0.00016302
5830 5827 0.00016302
3335 5830 0.00012579
5823 5830 0.00012579
5831 5830 0.00012579
6967 5830 0.00012579
5825 5831 0.00061003
5826 5831 0.00061003
5830 5831 0.00061003
5389 5876 0.00035059
5875 5876 0.00035059
5994 5876 0.00035059
4163 5891 0.00030881
4164 5891 0.00030881
5889 5891 0.00030881
5892 5891 0.00030881
5792 5893 0.00032625
5891 5893 0.00032625
5894 5893 0.00032625
2329 5895 0.0066319
5896 5895 0.0066319
7254 5895 0.0066319
7258 5895 0.0066319
942 5897 0.023365
945 5897 0.023365
5898 5897 0.023365
7252 5897 0.023365
5897 5898 0.0063378
5900 5898 0.0063378
5983 5898 0.0063378
5899 5900 0.96362
5902 5900 0.96362
5910 5900 0.96362
5899 5901 0.00019142
5902 5901 0.00019142
5910 5901 0.00019142
1655 5902 0.93459
5745 5902 0.93459
5901 5902 0.93459
5904 5902 0.93459
1655 5903 0.00070081
5745 5903 0.00070081
5901 5903 0.00070081
5904 5903 0.00070081
2349 5904 0.81557
5903 5904 0.81557
5986 5904 0.81557
7105 5904 0.81557
2344 5905 0.0010331
2347 5905 0.0010331
5906 5905 0.0010331
5905 5906 0.00018817
6955 5906 0.00018817
7110 5906 0.00018817
719 5907 0.0028354
5908 5907 0.0028354
7109 5907 0.0028354
1658 5908 0.00012516
5747 5908 0.00012516
5907 5908 0.00012516
5984 5908 0.00012516
5899 5909 0.0019157
5902 5909 0.0019157
5910 5909 0.0019157
4201 5910 0.031039
4208 5910 0.031039
4209 5910 0.031039
5909 5910 0.031039
5917 5919 0.00022894
5920 5919 0.00022894
5978 5919 0.00022894
5925 5926 0.00016186
5976 5926 0.00016186
5979 5926 0.00016186
2331 5972 0.00014602
4196 5972 0.00014602
5971 5972 0.00014602
7256 5972 0.00014602
5925 5975 0.00016859
5976 5975 0.00016859
5979 5975 0.00016859
2330 5976 0.00013496
2333 5976 0.00013496
5975 5976 0.00013496
2334 5978 0.00023485
2337 5978 0.00023485
5977 5978 0.00023485
7152 5978 0.00023485
4192 5979 0.00018863
5919 5979 0.00018863
5980 5979 0.00018863
1658 5983 0.025566
5747 5983 0.025566
5907 5983 0.025566
5984 5983 0.025566
5897 5984 0.0061198
5900 5984 0.0061198
5983 5984 0.0061198
2349 5985 0.023636
5903 5985 0.023636
5986 5985 0.023636
7105 5985 0.023636
3319 5986 0.070837
5985 5986 0.070837
7093 5986 0.070837
7095 5986 0.070837
5392 5992 0.00035059
5393 5992 0.00035059
5991 5992 0.00035059
5389 5993 0.0003954
5875 5993 0.0003954
5994 5993 0.0003954
3793 5994 0.00039538
5993 5994 0.00039538
7115 5994 0.00039538
548 6225 0.00016425
6226 6225 0.00016425
6227 6225 0.00016425
6230 6225 0.00016425
3333 6226 0.0011332
3336 6226 0.0011332
6225 6226 0.0011332
3907 6227 0.00044765
4019 6227 0.00044765
6228 6227 0.00044765
6358 6227 0.00044765
548 6228 0.0028255
6226 6228 0.0028255
6227 6228 0.0028255
6230 6228 0.0028255
548 6229 0.0012837
6226 6229 0.0012837
6227 6229 0.0012837
6230 6229 0.0012837
6229 6230 0.0087823
6979 6230 0.0087823
7063 6230 0.0087823
996 6238 0.00037655
3119 6238 0.00037655
4790 6238 0.00037655
6237 6238 0.00037655
4789 6239 0.00012519
6240 6239 0.00012519
6365 6239 0.00012519
995 6358 0.00013177
6359 6358 0.00013177
6360 6358 0.00013177
3907 6359 0.00068444
4019 6359 0.00068444
6228 6359 0.00068444
6358 6359 0.00068444
995 6361 0.00013456
6359 6361 0.00013456
6360 6361 0.00013456
6357 6362 0.00013472
6361 6362 0.00013472
2364 6365 0.00012402
2367 6365 0.00012402
6366 6365 0.00012402
6367 6365 0.00012402
4218 6707 0.0014579
6706 6707 0.0014579
6724 6707 0.0014579
4215 6724 0.00082815
6725 6724 0.00082815
6726 6727 0.0006521
7153 6727 0.0006521
6879 6736 0.0041768
6880 6737 0.00028773
3792 6879 0.0041768
433 6880 0.00028773
5669 6880 0.00028773
6954 6955 0.0019469
6957 6955 0.0019469
6959 6955 0.0019469
2346 6959 0.0019469
6960 6959 0.0019469
7108 6959 0.0019469
5824 6963 0.0005195
6964 6963 0.0005195
7100 6963 0.0005195
5822 6964 0.00035763
6963 6964 0.00035763
7102 6964 0.00035763
7104 6964 0.00035763
6965 6967 0.00012418
6968 6967 0.00012418
7101 6967 0.00012418
3335 6968 0.00033291
5823 6968 0.00033291
5831 6968 0.00033291
6967 6968 0.00033291
6969 6971 0.014669
6972 6971 0.014669
6975 6971 0.014669
7066 6971 0.014669
6971 6972 0.0042315
6974 6972 0.0042315
7064 6972 0.0042315
6971 6973 0.019798
6974 6973 0.019798
7064 6973 0.019798
6973 6974 0.0054415
6976 6974 0.0054415
6978 6974 0.0054415
6973 6975 0.018878
6976 6975 0.018878
6978 6975 0.018878
6969 6976 0.0074173
6972 6976 0.0074173
6975 6976 0.0074173
7066 6976 0.0074173
6973 6977 0.021153
6976 6977 0.021153
6978 6977 0.021153
3320 6978 0.018257
6977 6978 0.018257
7096 6978 0.018257
6980 6979 0.01262
7065 6979 0.01262
7098 6979 0.01262
6229 6980 0.0012012
6979 6980 0.0012012
7063 6980 0.0012012
6982 6981 0.007083
6984 6981 0.007083
6986 6981 0.007083
6981 6982 0.0019448
6990 6982 0.0019448
6982 6983 0.0067546
6984 6983 0.0067546
6986 6983 0.0067546
3318 6984 0.011784
6983 6984 0.011784
7092 6984 0.011784
6982 6985 0.0072955
6984 6985 0.0072955
6986 6985 0.0072955
6985 6986 0.0074048
6988 6986 0.0074048
6989 6986 0.0074048
6985 6987 0.010994
6988 6987 0.010994
6989 6987 0.010994
6987 6988 0.0059652
6992 6988 0.0059652
6994 6988 0.0059652
6981 6989 0.007083
6990 6989 0.007083
6985 6990 0.0019448
6988 6990 0.0019448
6989 6990 0.0019448
6987 6991 0.011484
6992 6991 0.011484
6994 6991 0.011484
6991 6992 0.0022732
6995 6992 0.0022732
7000 6992 0.0022732
6987 6993 0.006339
6992 6993 0.006339
6994 6993 0.006339
6993 6994 0.010521
6996 6994 0.010521
6998 6994 0.010521
7001 6994 0.010521
6993 6995 0.0054978
6996 6995 0.0054978
6998 6995 0.0054978
7001 6995 0.0054978
6991 6996 0.010127
6995 6996 0.010127
7000 6996 0.010127
6993 6997 0.013974
6996 6997 0.013974
6998 6997 0.013974
7001 6997 0.013974
6997 6998 0.0089446
7090 6998 0.0089446
7091 6998 0.0089446
6991 6999 0.0054948
6995 6999 0.0054948
7000 6999 0.0054948
6999 7000 0.00091321
7002 7000 0.00091321
7004 7000 0.00091321
6999 7001 0.0054948
7002 7001 0.0054948
7004 7001 0.0054948
6993 7002 0.00091321
6996 7002 0.00091321
6998 7002 0.00091321
7001 7002 0.00091321
2366 7005 0.00013964
7006 7005 0.00013964
7086 7005 0.00013964
3316 7006 0.00022795
7005 7006 0.00022795
7008 7006 0.00022795
7088 7006 0.00022795
6971 7063 0.004846
6974 7063 0.004846
7064 7063 0.004846
6229 7064 0.008766
6979 7064 0.008766
7063 7064 0.008766
6969 7065 0.0080498
6972 7065 0.0080498
6975 7065 0.0080498
7066 7065 0.0080498
6980 7066 0.0070259
7065 7066 0.0070259
7098 7066 0.0070259
1227 7076 0.00010728
7040 7076 0.00010728
7075 7076 0.00010728
7079 7076 0.00010728
6895 7083 1
7017 7083 1
7084 7083 1
2366 7085 0.00012287
7006 7085 0.00012287
7086 7085 0.00012287
5670 7086 0.00019822
6385 7086 0.00019822
7085 7086 0.00019822
2351 7088 0.0038743
4656 7088 0.0038743
7014 7088 0.0038743
7087 7088 0.0038743
6997 7089 0.0033233
7090 7089 0.0033233
7091 7089 0.0033233
3317 7090 0.050359
5238 7090 0.050359
7089 7090 0.050359
3318 7091 0.0033226
6983 7091 0.0033226
7092 7091 0.0033226
6997 7092 0.055387
7090 7092 0.055387
7091 7092 0.055387
547 7093 0.01152
2073 7093 0.01152
7094 7093 0.01152
3319 7094 0.0028591
5985 7094 0.0028591
7093 7094 0.0028591
7095 7094 0.0028591
3320 7095 0.020615
6977 7095 0.020615
7096 7095 0.020615
3319 7096 0.02911
5985 7096 0.02911
7093 7096 0.02911
7095 7096 0.02911
6980 7097 0.0018011
7065 7097 0.0018011
7098 7097 0.0018011
3321 7098 0.012196
3322 7098 0.012196
7097 7098 0.012196
5824 7099 0.0001081
6964 7099 0.0001081
7100 7099 0.0001081
3325 7100 0.00090075
3326 7100 0.00090075
7099 7100 0.00090075
5822 7101 0.00012418
6963 7101 0.00012418
7102 7101 0.00012418
7104 7101 0.00012418
6965 7102 0.00033291
6968 7102 0.00033291
7101 7102 0.00033291
5822 7103 0.00075856
6963 7103 0.00075856
7102 7103 0.00075856
7104 7103 0.00075856
3323 7104 0.00093483
3324 7104 0.00093483
7103 7104 0.00093483
6961 7105 0.00019411
7106 7105 0.00019411
7107 7105 0.00019411
2349 7106 0.0028946
5903 7106 0.0028946
5986 7106 0.0028946
7105 7106 0.0028946
2346 7107 0.00019411
6960 7107 0.00019411
7108 7107 0.00019411
6961 7108 0.0028946
7106 7108 0.0028946
7107 7108 0.0028946
5905 7109 0.0028354
6955 7109 0.0028354
7110 7109 0.0028354
719 7110 0.00012516
5908 7110 0.00012516
7109 7110 0.00012516
3795 7115 1
2334 7153 0.0006521
2337 7153 0.0006521
5977 7153 0.0006521
7152 7153 0.0006521
5241 7219 0.17443
5738 7219 0.17443
7218 7219 0.17443
5895 7252 0.0066319
7253 7252 0.0066319
5893 7254 0.00032625
7255 7254 0.00032625
2331 7257 0.0062648
4196 7257 0.0062648
5971 7257 0.0062648
7256 7257 0.0062648
