167 168 0.00010252
6703 168 0.00010252
521 522 0.0022714
3424 522 0.0022714
3890 522 0.0022714
524 523 0.00055577
1965 523 0.00055577
2884 523 0.00055577
523 524 0.00022849
564 524 0.00022849
6447 524 0.00022849
523 563 0.00076251
564 563 0.00076251
6447 563 0.00076251
563 564 0.0017368
2888 564 0.0017368
4801 564 0.0017368
566 565 0.0048327
2878 565 0.0048327
6439 565 0.0048327
567 568 0.91225
1467 568 0.91225
570 569 0.0063718
6429 569 0.0063718
6432 569 0.0063718
569 570 0.00023216
4806 570 0.00023216
5884 570 0.00023216
522 735 0.0023064
736 735 0.0023064
3419 735 0.0023064
3434 735 0.0023064
738 737 0.06324
2913 737 0.06324
5577 737 0.06324
735 738 0.00027456
737 738 0.00027456
740 738 0.00027456
735 739 0.065192
737 739 0.065192
740 739 0.065192
199 978 1
979 978 1
6891 978 1
565 981 0.065197
980 981 0.065197
983 981 0.065197
982 983 0.060374
985 983 0.060374
2889 983 0.060374
984 985 0.060374
987 985 0.060374
2891 985 0.060374
2893 985 0.060374
986 987 0.060374
2895 987 0.060374
4802 987 0.060374
1101 1100 0.00025601
1500 1100 0.00025601
3512 1100 0.00025601
1100 1101 0.00092908
3503 1101 0.00092908
3516 1101 0.00092908
6255 1101 0.00092908
1466 1117 0.0021778
2325 1117 0.0021778
1463 1118 1.0022
3513 1118 1.0022
1232 1233 0.0019268
7249 1233 0.0019268
1234 1235 0.0019252
5816 1235 0.0019252
6117 1235 0.0019252
1236 1237 0.00033105
1243 1237 0.00033105
6115 1237 0.00033105
1239 1241 0.00031957
1240 1241 0.00031957
1244 1241 0.00031957
6125 1241 0.00031957
1241 1243 0.00033105
1242 1243 0.00033105
3900 1243 0.00033105
1253 1252 0.00020356
1254 1252 0.00020356
1260 1252 0.00020356
1252 1253 0.00020356
1262 1253 0.00020356
6119 1253 0.00020356
1255 1254 0.00020055
1256 1254 0.00020055
1259 1254 0.00020055
1258 1259 0.00020055
1261 1259 0.00020055
3888 1259 0.00020055
1253 1261 0.00020055
1254 1261 0.00020055
1260 1261 0.00020055
1464 1463 1.0022
6702 1463 1.0022
978 1464 1.0022
1465 1464 1.0022
1118 1465 0.0022187
5262 1465 0.0022187
567 1466 0.024713
1467 1466 0.024713
1468 1467 0.93694
5934 1467 0.93694
1117 1468 0.0021589
2345 1468 0.0021589
1483 1482 0.0008545
2292 1482 0.0008545
3505 1482 0.0008545
1482 1483 0.00017688
3499 1483 0.00017688
3514 1483 0.00017688
3515 1483 0.00017688
1101 1501 0.00022399
1500 1501 0.00022399
3512 1501 0.00022399
5576 1966 0.0022217
5579 1966 0.0022217
1466 2324 0.022539
2325 2324 0.022539
2327 2326 0.0053739
4708 2326 0.0053739
5968 2326 0.0053739
2329 2328 0.0011378
5896 2328 0.0011378
7254 2328 0.0011378
7258 2328 0.0011378
2331 2330 0.00021704
4196 2330 0.00021704
5971 2330 0.00021704
7256 2330 0.00021704
2877 2878 0.0047514
2882 2878 0.0047514
6443 2878 0.0047514
6446 2878 0.0047514
734 2880 0.0038529
2879 2880 0.0038529
5252 2880 0.0038529
1110 2882 0.0038226
2880 2882 0.0038226
2881 2882 0.0038226
524 2883 0.00022849
1965 2883 0.00022849
2884 2883 0.00022849
2883 2884 0.00055577
6445 2884 0.00055577
6448 2884 0.00055577
739 2886 0.061347
2885 2886 0.061347
5251 2886 0.061347
2886 2888 0.061347
2887 2888 0.061347
2901 2888 0.061347
2911 2913 0.00045041
2914 2913 0.00045041
6130 2913 0.00045041
738 2914 0.0014589
2913 2914 0.0014589
5577 2914 0.0014589
1966 3424 0.0022217
3423 3424 0.0022217
3494 3493 0.00015629
3504 3493 0.00015629
3493 3494 0.0011382
3501 3494 0.0011382
3551 3494 0.0011382
4637 3494 0.0011382
3500 3499 0.00015629
3502 3499 0.00015629
1482 3500 0.0011382
3499 3500 0.0011382
3514 3500 0.0011382
3515 3500 0.0011382
3500 3501 0.0011382
3502 3501 0.0011382
3493 3502 0.00015629
3501 3502 0.00015629
3551 3502 0.00015629
4637 3502 0.00015629
3494 3503 0.0011382
3504 3503 0.0011382
1100 3504 0.00015629
3503 3504 0.00015629
3516 3504 0.00015629
6255 3504 0.00015629
3506 3505 0.00079761
3507 3505 0.00079761
3517 3505 0.00079761
1483 3506 0.00015323
2292 3506 0.00015323
3505 3506 0.00015323
1509 3507 0.00079761
3508 3507 0.00079761
3509 3507 0.00079761
3506 3508 0.00015323
3507 3508 0.00015323
3517 3508 0.00015323
3510 3509 0.00078453
3511 3509 0.00078453
4634 3509 0.00078453
1509 3510 0.00014881
3508 3510 0.00014881
3509 3510 0.00014881
1101 3511 0.00074745
1500 3511 0.00074745
3512 3511 0.00074745
3510 3512 0.00023297
3511 3512 0.00023297
4634 3512 0.00023297
1482 3513 0.0024229
3499 3513 0.0024229
3514 3513 0.0024229
3515 3513 0.0024229
1463 3514 0.0024187
3513 3514 0.0024187
1100 3515 0.0014352
3503 3515 0.0014352
3516 3515 0.0014352
6255 3515 0.0014352
1482 3516 0.0011267
3499 3516 0.0011267
3514 3516 0.0011267
3515 3516 0.0011267
2909 3898 0.0014906
3899 3898 0.0014906
6135 3898 0.0014906
3898 3899 0.00048214
5581 3899 0.00048214
5935 3899 0.00048214
1246 3902 0.0016
3901 3902 0.0016
3903 3902 0.0016
6127 3902 0.0016
4163 4162 0.00063045
4164 4162 0.00063045
5889 4162 0.00063045
5892 4162 0.00063045
4162 4163 0.010709
4171 4163 0.010709
5793 4163 0.010709
4165 4164 0.00068955
4166 4164 0.00068955
5929 4164 0.00068955
5972 4164 0.00068955
4163 4165 0.0019963
4164 4165 0.0019963
5889 4165 0.0019963
5892 4165 0.0019963
4167 4166 0.00014822
4168 4166 0.00014822
5923 4166 0.00014822
5926 4166 0.00014822
4165 4167 0.00062371
4166 4167 0.00062371
5929 4167 0.00062371
5972 4167 0.00062371
4162 4170 0.00093391
4171 4170 0.00093391
5793 4170 0.00093391
4170 4171 0.0069511
4173 4171 0.0069511
5933 4171 0.0069511
4170 4172 0.0017204
4173 4172 0.0017204
5933 4172 0.0017204
4172 4173 0.0045616
5797 4173 0.0045616
4175 4174 0.00077384
4176 4174 0.00077384
5784 4174 0.00077384
5785 4174 0.00077384
568 4175 0.092375
4174 4175 0.092375
6435 4175 0.092375
4177 4176 0.00070464
4178 4176 0.00070464
5970 4176 0.00070464
4175 4177 0.079176
4176 4177 0.079176
5784 4177 0.079176
5785 4177 0.079176
4179 4178 0.00013017
4180 4178 0.00013017
4177 4179 0.082987
4178 4179 0.082987
5970 4179 0.082987
4181 4180 0.0019496
4182 4180 0.0019496
5885 4180 0.0019496
5888 4180 0.0019496
4179 4181 0.073727
4180 4181 0.073727
4183 4182 0.0027619
4184 4182 0.0027619
5928 4182 0.0027619
4181 4183 0.00032959
4182 4183 0.00032959
5885 4183 0.00032959
5888 4183 0.00032959
4185 4184 0.00081615
4186 4184 0.00081615
5922 4184 0.00081615
1498 4634 0.00018954
1501 4634 0.00018954
4635 4634 0.00018954
3189 4708 0.011561
4707 4708 0.011561
5981 4708 0.011561
7130 4708 0.011561
563 4802 0.060374
2888 4802 0.060374
4801 4802 0.060374
569 4805 0.00031477
4806 4805 0.00031477
5884 4805 0.00031477
4805 4806 0.6966
6431 4806 0.6966
6434 4806 0.6966
739 5250 0.0039181
2885 5250 0.0039181
5251 5250 0.0039181
4597 5252 0.0039138
5250 5252 0.0039138
5253 5252 0.0039138
1118 5261 1
5262 5261 1
5261 5263 1
5264 5263 1
6120 5263 1
5263 5265 1
5266 5265 1
738 5576 0.00060138
2913 5576 0.00060138
5577 5576 0.00060138
5576 5577 0.064575
5579 5577 0.064575
5576 5578 0.00060001
5579 5578 0.00060001
5578 5579 0.066796
5583 5579 0.066796
5584 5579 0.066796
1233 5581 0.93377
5580 5581 0.93377
5582 5581 0.93377
5578 5582 0.9319
5583 5582 0.9319
5584 5582 0.9319
5265 5584 0.99808
5585 5584 0.99808
6124 5584 0.99808
5780 5779 0.0027129
5781 5779 0.0027129
5786 5779 0.0027129
981 5780 0.1861
5779 5780 0.1861
6433 5780 0.1861
6436 5780 0.1861
2632 5781 0.00030099
5782 5781 0.00030099
5883 5781 0.00030099
5886 5781 0.00030099
5780 5782 0.19616
5781 5782 0.19616
5786 5782 0.19616
4175 5783 0.0033385
4176 5783 0.0033385
5784 5783 0.0033385
5785 5783 0.0033385
5783 5784 0.0026812
5788 5784 0.0026812
5796 5784 0.0026812
5780 5785 0.0012877
5781 5785 0.0012877
5786 5785 0.0012877
4175 5786 0.01376
4176 5786 0.01376
5784 5786 0.01376
5785 5786 0.01376
5783 5787 0.00043872
5788 5787 0.00043872
5796 5787 0.00043872
5787 5788 0.0070079
5914 5788 0.0070079
5915 5788 0.0070079
5790 5789 0.00062757
5791 5789 0.00062757
5932 5789 0.00062757
5969 5789 0.00062757
5789 5790 0.0050487
5911 5790 0.0050487
5913 5790 0.0050487
5982 5790 0.0050487
5792 5791 0.00023112
5891 5791 0.00023112
5894 5791 0.00023112
5790 5792 0.0076591
5791 5792 0.0076591
5932 5792 0.0076591
5969 5792 0.0076591
5794 5793 0.0040611
5931 5793 0.0040611
5795 5794 0.0013783
5887 5794 0.0013783
5890 5794 0.0013783
5794 5795 0.0083964
5931 5795 0.0083964
4172 5796 0.00052152
5797 5796 0.00052152
5783 5797 0.0077481
5788 5797 0.0077481
5796 5797 0.0077481
5819 5818 0.0019305
5821 5818 0.0019305
6123 5818 0.0019305
2632 5884 0.29761
5782 5884 0.29761
5883 5884 0.29761
5886 5884 0.29761
2632 5885 0.00022945
5782 5885 0.00022945
5883 5885 0.00022945
5886 5885 0.00022945
4181 5886 0.10194
4182 5886 0.10194
5885 5886 0.10194
5888 5886 0.10194
4181 5887 0.00053117
4182 5887 0.00053117
5885 5887 0.00053117
5888 5887 0.00053117
5795 5888 0.028033
5887 5888 0.028033
5890 5888 0.028033
5795 5889 0.00046933
5887 5889 0.00046933
5890 5889 0.00046933
4163 5890 0.020953
4164 5890 0.020953
5889 5890 0.020953
5892 5890 0.020953
5792 5892 0.011789
5891 5892 0.011789
5894 5892 0.011789
5893 5894 0.0043686
7255 5894 0.0043686
5787 5913 0.00043872
5914 5913 0.00043872
5915 5913 0.00043872
5789 5914 0.0070079
5911 5914 0.0070079
5913 5914 0.0070079
5982 5914 0.0070079
5921 5922 0.00073072
5924 5922 0.00073072
5973 5922 0.00073072
4167 5924 0.00064971
4168 5924 0.00064971
5923 5924 0.00064971
5926 5924 0.00064971
5925 5926 0.00019837
5976 5926 0.00019837
5979 5926 0.00019837
4183 5927 0.0003367
4184 5927 0.0003367
5928 5927 0.0003367
5927 5928 0.0020142
5930 5928 0.0020142
5974 5928 0.0020142
5927 5929 0.0002361
5930 5929 0.0002361
5974 5929 0.0002361
4165 5930 0.0019836
4166 5930 0.0019836
5929 5930 0.0019836
5972 5930 0.0019836
4179 5931 0.011079
4180 5931 0.011079
4170 5932 0.0011654
4173 5932 0.0011654
5933 5932 0.0011654
5790 5933 0.0043413
5791 5933 0.0043413
5932 5933 0.0043413
5969 5933 0.0043413
3898 5934 0.93478
5581 5934 0.93478
5935 5934 0.93478
5790 5968 0.00028233
5791 5968 0.00028233
5932 5968 0.00028233
5969 5968 0.00028233
2327 5969 0.0064651
4708 5969 0.0064651
5968 5969 0.0064651
4172 5970 0.0043853
5797 5970 0.0043853
2331 5972 0.00094758
4196 5972 0.00094758
5971 5972 0.00094758
7256 5972 0.00094758
5927 5973 0.00032417
5930 5973 0.00032417
5974 5973 0.00032417
5921 5974 0.00025422
5924 5974 0.00025422
5973 5974 0.00025422
2330 5976 0.0002078
2333 5976 0.0002078
5975 5976 0.0002078
5789 5981 0.00039764
5911 5981 0.00039764
5913 5981 0.00039764
5982 5981 0.00039764
3189 5982 0.011388
4707 5982 0.011388
5981 5982 0.011388
7130 5982 0.011388
1237 6117 0.0019252
3902 6117 0.0019252
6118 6117 0.0019252
5261 6119 0.00020356
5264 6119 0.00020356
6120 6119 0.00020356
1252 6120 0.00020356
1262 6120 0.00020356
6119 6120 0.00020356
5265 6123 0.0019488
5585 6123 0.0019488
6124 6123 0.0019488
5818 6125 0.00031019
6126 6125 0.00031019
6128 6125 0.00031019
5818 6127 0.0016291
6126 6127 0.0016291
6128 6127 0.0016291
2911 6129 0.0014589
2914 6129 0.0014589
6130 6129 0.0014589
2903 6130 0.00045041
6129 6130 0.00045041
6132 6130 0.00045041
2903 6131 0.0014589
6129 6131 0.0014589
6132 6131 0.0014589
2905 6132 0.00045041
6131 6132 0.00045041
6134 6132 0.00045041
2905 6133 0.001494
6131 6133 0.001494
6134 6133 0.001494
2907 6134 0.00045135
6133 6134 0.00045135
6136 6134 0.00045135
2907 6135 0.0014906
6133 6135 0.0014906
6136 6135 0.0014906
2909 6136 0.00048214
3899 6136 0.00048214
6135 6136 0.00048214
570 6431 0.00023222
6429 6431 0.00023222
6432 6431 0.00023222
4805 6432 0.0063716
6431 6432 0.0063716
6434 6432 0.0063716
4805 6433 0.00031494
6431 6433 0.00031494
6434 6433 0.00031494
981 6434 0.70274
5779 6434 0.70274
6433 6434 0.70274
6436 6434 0.70274
981 6435 0.00086123
5779 6435 0.00086123
6433 6435 0.00086123
6436 6435 0.00086123
568 6436 0.82149
4174 6436 0.82149
6435 6436 0.82149
2877 6445 0.00024814
2882 6445 0.00024814
6443 6445 0.00024814
6446 6445 0.00024814
2883 6446 0.0012224
6445 6446 0.0012224
6448 6446 0.0012224
2883 6447 0.0003689
6445 6447 0.0003689
6448 6447 0.0003689
523 6448 0.0016705
564 6448 0.0016705
6447 6448 0.0016705
1464 6703 0.00010252
6702 6703 0.00010252
1264 6891 1
6892 6891 1
2324 7130 0.022539
7131 7130 0.022539
1235 7249 0.0019268
7248 7249 0.0019268
7250 7249 0.0019268
2329 7255 0.0043686
5896 7255 0.0043686
7254 7255 0.0043686
7258 7255 0.0043686
2328 7256 0.0011378
7257 7256 0.0011378
2326 7258 0.0053739
7259 7258 0.0053739
