296 295 0.024995
299 295 0.024995
1823 295 0.024995
295 296 0.0036833
297 296 0.0036833
298 297 0.0036833
1338 297 0.0036833
1403 297 0.0036833
5596 297 0.0036833
295 298 0.024995
297 298 0.024995
310 309 0.00027553
2653 309 0.00027553
2655 309 0.00027553
309 310 0.015456
2145 310 0.015456
5494 310 0.015456
592 593 0.00019011
1143 593 0.00019011
2110 593 0.00019011
961 960 0.8532
1954 960 0.8532
2132 960 0.8532
960 962 0.8532
963 962 0.8532
2112 962 0.8532
962 964 0.8532
965 964 0.8532
2114 964 0.8532
967 966 0.054301
2128 966 0.054301
2131 966 0.054301
966 967 0.013067
969 967 0.013067
2858 967 0.013067
966 968 0.035337
969 968 0.035337
2858 968 0.035337
968 969 0.024822
1949 969 0.024822
4808 969 0.024822
971 970 0.33005
4670 970 0.33005
5226 970 0.33005
973 972 0.32625
6533 972 0.32625
1469 1116 0.0011388
4997 1116 0.0011388
972 1119 0.51363
1120 1119 0.51363
1461 1119 0.51363
7192 1119 0.51363
1144 1143 0.00019011
5074 1143 0.00019011
5231 1143 0.00019011
1146 1145 0.0037985
2099 1145 0.0037985
2100 1145 0.0037985
964 1148 1
1147 1148 1
2116 1148 1
2125 1148 1
1150 1149 0.00019283
1151 1149 0.00019283
2108 1149 0.00019283
1148 1151 0.00019283
1152 1151 0.00019283
2101 1151 0.00019283
5462 1312 0.00073759
6768 1312 0.00073759
1337 1338 0.49555
1831 1338 0.49555
5653 1338 0.49555
1357 1358 0.000534
1408 1358 0.000534
2301 1358 0.000534
3158 1358 0.000534
1360 1359 0.00025352
1435 1359 0.00025352
1873 1359 0.00025352
1359 1360 0.0395
5594 1360 0.0395
5597 1360 0.0395
1351 1394 0.00050237
1393 1394 0.00050237
4572 1394 0.00050237
1401 1402 0.51739
1404 1402 0.51739
1436 1402 0.51739
1401 1403 0.00019447
1404 1403 0.00019447
1436 1403 0.00019447
298 1404 0.47174
1338 1404 0.47174
1403 1404 0.47174
5596 1404 0.47174
1401 1435 0.00011078
1404 1435 0.00011078
1436 1435 0.00011078
1360 1436 0.045959
1435 1436 0.045959
1873 1436 0.045959
1456 1455 0.18347
2097 1455 0.18347
2098 1455 0.18347
1455 1457 0.18347
1458 1457 0.18347
2092 1457 0.18347
1457 1459 0.18347
1460 1459 0.18347
5229 1459 0.18347
1459 1461 0.18723
1462 1461 0.18723
2371 1461 0.18723
1470 1469 0.48751
6536 1469 0.48751
1471 1470 0.48751
5435 1470 0.48751
1116 1471 0.4875
2373 1471 0.4875
1515 1514 0.19993
2096 1514 0.19993
4667 1514 0.19993
5384 1514 0.19993
1514 1515 0.0012576
2848 1515 0.0012576
1671 1673 0.00044175
1674 1673 0.00044175
3202 1673 0.00044175
1673 1674 0.00010099
3205 1674 0.00010099
6167 1674 0.00010099
1676 1675 0.00049171
2854 1675 0.00049171
3661 1675 0.00049171
1675 1676 0.00011432
3203 1676 0.00011432
6201 1676 0.00011432
1688 1687 0.00062718
4517 1687 0.00062718
6605 1687 0.00062718
1687 1688 0.00038855
3196 1688 0.00038855
3199 1688 0.00038855
1690 1689 0.00027198
4742 1689 0.00027198
4743 1689 0.00027198
1689 1690 0.00037014
3197 1690 0.00037014
4729 1690 0.00037014
1724 1723 0.0062166
3608 1723 0.0062166
4753 1723 0.0062166
1723 1724 0.00011341
4749 1724 0.00011341
5714 1724 0.00011341
1726 1725 0.00011463
3601 1725 0.00011463
3604 1725 0.00011463
1725 1726 0.0090947
1728 1726 0.0090947
5712 1726 0.0090947
5715 1726 0.0090947
1725 1727 0.00021241
1728 1727 0.00021241
5712 1727 0.00021241
5715 1727 0.00021241
1727 1728 0.015185
1730 1728 0.015185
4758 1728 0.015185
1727 1729 0.00041131
1730 1729 0.00041131
4758 1729 0.00041131
1729 1730 0.012076
4756 1730 0.012076
6076 1730 0.012076
296 1822 0.0036833
299 1822 0.0036833
1823 1822 0.0036833
1822 1823 0.024995
5650 1823 0.024995
5652 1823 0.024995
1827 1826 0.00017714
2656 1826 0.00017714
4672 1826 0.00017714
1830 1831 0.51686
3153 1831 0.51686
3156 1831 0.51686
5514 1831 0.51686
1872 1873 0.006688
5590 1873 0.006688
5593 1873 0.006688
968 1948 0.096249
1949 1948 0.096249
4808 1948 0.096249
1948 1949 0.0094333
1955 1949 0.0094333
1957 1949 0.0094333
1951 1950 0.00024813
2124 1950 0.00024813
3926 1950 0.00024813
1950 1951 0.14704
1953 1951 0.14704
1956 1951 0.14704
1950 1952 0.0014503
1953 1952 0.0014503
1956 1952 0.0014503
1952 1953 0.09936
2127 1953 0.09936
3190 1953 0.09936
1948 1954 0.066536
1955 1954 0.066536
1957 1954 0.066536
961 1955 0.028605
1954 1955 0.028605
2132 1955 0.028605
1948 1956 0.05131
1955 1956 0.05131
1957 1956 0.05131
1950 1957 0.0024258
1953 1957 0.0024258
1956 1957 0.0024258
2087 2086 0.11055
6494 2086 0.11055
2086 2087 0.00037935
2089 2087 0.00037935
2086 2088 0.11055
2089 2088 0.11055
2088 2089 0.00037935
4355 2089 0.00037935
5199 2089 0.00037935
6640 2089 0.00037935
2095 2094 0.4864
4668 2094 0.4864
5224 2094 0.4864
1456 2096 0.81312
2097 2096 0.81312
2098 2096 0.81312
1515 2097 0.00053983
2096 2097 0.00053983
4667 2097 0.00053983
5384 2097 0.00053983
1146 2098 0.99605
2099 2098 0.99605
2100 2098 0.99605
1148 2100 0.9998
1152 2100 0.9998
2101 2100 0.9998
1145 2104 0.0037644
2105 2104 0.0037644
5071 2104 0.0037644
964 2124 0.00024813
1147 2124 0.00024813
2116 2124 0.00024813
2125 2124 0.00024813
1951 2125 0.14704
2124 2125 0.14704
3926 2125 0.14704
1952 2126 0.0014503
2127 2126 0.0014503
3190 2126 0.0014503
2126 2127 0.09936
2129 2127 0.09936
2857 2127 0.09936
2126 2128 0.013672
2129 2128 0.013672
2857 2128 0.013672
967 2129 0.080861
2128 2129 0.080861
2131 2129 0.080861
2130 2131 0.10842
6711 2131 0.10842
591 2132 0.81532
2133 2132 0.81532
2437 2132 0.81532
4807 2132 0.81532
2135 2134 0.12905
2142 2134 0.12905
2400 2134 0.12905
2818 2134 0.12905
2134 2135 0.0018801
2137 2135 0.0018801
6215 2135 0.0018801
2134 2136 0.12207
2137 2136 0.12207
6215 2136 0.12207
2136 2137 0.0015302
2853 2137 0.0015302
3220 2137 0.0015302
6166 2137 0.0015302
2139 2138 0.00077863
2140 2138 0.00077863
3613 2138 0.00077863
2143 2142 0.48174
2404 2142 0.48174
7285 2142 0.48174
309 2144 0.46747
2145 2144 0.46747
5494 2144 0.46747
1312 2154 0.00087111
2155 2154 0.00087111
4673 2154 0.00087111
2090 2371 0.0037592
2370 2371 0.0037592
5232 2371 0.0037592
2094 2373 0.4864
2372 2373 0.4864
5222 2373 0.4864
2135 2401 0.36238
2142 2401 0.36238
2400 2401 0.36238
2818 2401 0.36238
2401 2407 0.36238
2402 2407 0.36238
2406 2407 0.36238
2409 2408 0.00015744
2410 2408 0.00015744
2412 2408 0.00015744
2407 2409 0.37434
2408 2409 0.37434
6214 2409 0.37434
2411 2410 0.51739
2420 2410 0.51739
2422 2410 0.51739
2409 2413 0.89157
2410 2413 0.89157
2412 2413 0.89157
2413 2417 0.89157
2414 2417 0.89157
2416 2417 0.89157
1402 2420 0.51739
2421 2420 0.51739
6760 2420 0.51739
2417 2425 0.89157
2418 2425 0.89157
2424 2425 0.89157
2427 2426 0.00071847
2428 2426 0.00071847
2430 2426 0.00071847
2425 2427 0.61013
2426 2427 0.61013
5940 2427 0.61013
2431 2430 0.00071847
2436 2430 0.00071847
5943 2430 0.00071847
2427 2431 0.61013
2428 2431 0.61013
2430 2431 0.61013
2431 2437 0.89157
2436 2437 0.89157
5943 2437 0.89157
2438 2439 0.10842
6713 2439 0.10842
2441 2440 0.00015806
3600 2440 0.00015806
6596 2440 0.00015806
6712 2440 0.00015806
2440 2441 0.095251
2443 2441 0.095251
5710 2441 0.095251
5713 2441 0.095251
2442 2443 0.085259
2445 2443 0.085259
5720 2443 0.085259
2444 2445 0.086729
6160 2445 0.086729
6161 2445 0.086729
2499 2498 0.00015796
3155 2498 0.00015796
4512 2498 0.00015796
2497 2499 0.00045615
2498 2499 0.00045615
5647 2499 0.00045615
2648 2647 0.48174
2649 2647 0.48174
7140 2647 0.48174
2650 2649 0.014547
2651 2649 0.014547
2654 2649 0.014547
2648 2650 0.00027568
2649 2650 0.00027568
7140 2650 0.00027568
2650 2653 0.00027568
2651 2653 0.00027568
2654 2653 0.00027568
310 2654 0.014547
2653 2654 0.014547
2655 2654 0.014547
310 2656 0.00091399
2653 2656 0.00091399
2655 2656 0.00091399
2746 2745 0.0011699
5708 2745 0.0011699
5711 2745 0.0011699
6604 2745 0.0011699
2745 2746 0.0031337
2748 2746 0.0031337
4735 2746 0.0031337
2745 2747 0.0010936
2748 2747 0.0010936
4735 2747 0.0010936
2747 2748 0.0027304
3217 2748 0.0027304
4733 2748 0.0027304
2817 2816 0.0075874
6594 2816 0.0075874
2138 2817 0.0006078
2816 2817 0.0006078
2819 2817 0.0006078
2138 2818 0.0083429
2816 2818 0.0083429
2819 2818 0.0083429
2135 2819 0.00058489
2142 2819 0.00058489
2400 2819 0.00058489
2818 2819 0.00058489
970 2848 0.0038366
6534 2848 0.0038366
1676 2853 0.0013627
2854 2853 0.0013627
3661 2853 0.0013627
2136 2854 0.0019659
2853 2854 0.0019659
3220 2854 0.0019659
6166 2854 0.0019659
966 2857 0.037702
969 2857 0.037702
2858 2857 0.037702
2126 2858 0.0069822
2129 2858 0.0069822
2857 2858 0.0069822
549 2863 0.00077863
2153 2863 0.00077863
2864 2863 0.00077863
6808 2863 0.00077863
2865 2866 0.012984
6077 2866 0.012984
6080 2866 0.012984
1826 3150 0.00013489
3149 3150 0.00013489
3152 3150 0.00013489
1826 3151 1.0001
3149 3151 1.0001
3152 3151 1.0001
3151 3153 0.51743
3154 3153 0.51743
5499 3153 0.51743
5500 3153 0.51743
1830 3155 0.00068701
3153 3155 0.00068701
3156 3155 0.00068701
5514 3155 0.00068701
2499 3156 0.00044828
3155 3156 0.00044828
4512 3156 0.00044828
1302 3158 0.00053693
3157 3158 0.00053693
7142 3158 0.00053693
1689 3196 0.00025183
3197 3196 0.00025183
4729 3196 0.00025183
1687 3197 0.00032225
3196 3197 0.00032225
3199 3197 0.00032225
1687 3198 0.00042204
3196 3198 0.00042204
3199 3198 0.00042204
3198 3199 0.00025382
4720 3199 0.00025382
4721 3199 0.00025382
1675 3202 0.00042014
3203 3202 0.00042014
6201 3202 0.00042014
1673 3204 0.00044175
3205 3204 0.00044175
6167 3204 0.00044175
3204 3205 0.00010099
6162 3205 0.00010099
6163 3205 0.00010099
2747 3216 0.0011297
3217 3216 0.0011297
4733 3216 0.0011297
3216 3217 0.0026918
5721 3217 0.0026918
5722 3217 0.0026918
3221 3220 0.0036665
6081 3220 0.0036665
6213 3220 0.0036665
6592 3220 0.0036665
2136 3221 0.029787
2853 3221 0.029787
3220 3221 0.029787
6166 3221 0.029787
3222 3223 0.0007409
4750 3223 0.0007409
4751 3223 0.0007409
3225 3224 0.00012638
4774 3224 0.00012638
4775 3224 0.00012638
3599 3600 0.010796
3602 3600 0.010796
4759 3600 0.010796
1726 3602 0.010736
3601 3602 0.010736
3604 3602 0.010736
3603 3604 0.0017696
3606 3604 0.0017696
3948 3604 0.0017696
3223 3606 0.0016328
3605 3606 0.0016328
4740 3606 0.0016328
3607 3608 0.0067107
3610 3608 0.0067107
4757 3608 0.0067107
2866 3610 0.010018
3609 3610 0.010018
4755 3610 0.010018
2828 3611 0.00077863
2863 3611 0.00077863
3612 3611 0.00077863
2830 3613 0.00077863
3611 3613 0.00077863
3614 3613 0.00077863
3655 3656 0.00011984
3658 3656 0.00011984
6205 3656 0.00011984
3655 3657 0.00021164
3658 3657 0.00021164
6205 3657 0.00021164
1662 3658 0.00011952
3657 3658 0.00011952
3660 3658 0.00011952
1662 3659 0.00027943
3657 3659 0.00027943
3660 3659 0.00027943
3659 3660 0.00015062
3662 3660 0.00015062
6218 3660 0.00015062
3659 3661 0.0012817
3662 3661 0.0012817
6218 3661 0.0012817
1676 3662 0.0015075
2854 3662 0.0015075
3661 3662 0.0015075
593 3779 0.00019011
3780 3779 0.00019011
6546 3779 0.00019011
2598 3799 0.00083878
2613 3799 0.00083878
3798 3799 0.00083878
5195 3799 0.00083878
1149 3929 0.00019283
3928 3929 0.00019283
4971 3929 0.00019283
3224 3948 0.00015695
3949 3948 0.00015695
6091 3948 0.00015695
3951 3950 0.0035352
6079 3950 0.0035352
6082 3950 0.0035352
3950 3951 0.010934
6164 3951 0.010934
6165 3951 0.010934
4357 4358 0.23256
4359 4358 0.23256
5055 4358 0.23256
5197 4358 0.23256
3799 4362 0.00083878
3801 4362 0.00083878
4361 4362 0.00083878
2499 4511 0.00053695
3155 4511 0.00053695
4512 4511 0.00053695
1349 4513 0.00053695
4511 4513 0.00053695
4514 4513 0.00053695
4518 4517 0.0011595
4741 4517 0.0011595
6597 4517 0.0011595
6602 4517 0.0011595
1688 4518 0.0036812
4517 4518 0.0036812
6605 4518 0.0036812
4519 4520 0.00017597
6603 4520 0.00017597
2314 4567 0.0002101
4568 4567 0.0002101
5942 4567 0.0002101
2432 4568 0.28237
4567 4568 0.28237
5941 4568 0.28237
1353 4572 0.00050237
4571 4572 0.00050237
4574 4572 0.00050237
1355 4574 0.00051053
1358 4574 0.00051053
4573 4574 0.00051053
2095 4667 0.00022662
4668 4667 0.00022662
5224 4667 0.00022662
1515 4668 0.61413
2096 4668 0.61413
4667 4668 0.61413
5384 4668 0.61413
971 4669 0.0045988
4670 4669 0.0045988
5226 4669 0.0045988
4669 4670 0.13214
5402 4670 0.13214
5405 4670 0.13214
1827 4671 0.00073759
2656 4671 0.00073759
4672 4671 0.00073759
3150 4673 0.00013489
4674 4673 0.00013489
7178 4673 0.00013489
4714 4713 0.00014147
4715 4713 0.00014147
4734 4713 0.00014147
4716 4715 0.00031118
4717 4715 0.00031118
4736 4715 0.00031118
4714 4716 0.00019393
4715 4716 0.00019393
4734 4716 0.00019393
4718 4717 0.00073374
4719 4717 0.00073374
5706 4717 0.00073374
5709 4717 0.00073374
4716 4718 0.0002895
4717 4718 0.0002895
4736 4718 0.0002895
3198 4719 0.00049793
4720 4719 0.00049793
4721 4719 0.00049793
4718 4720 0.00035944
4719 4720 0.00035944
5706 4720 0.00035944
5709 4720 0.00035944
4722 4721 0.00021844
4723 4721 0.00021844
4730 4721 0.00021844
4731 4721 0.00021844
3198 4722 0.00024817
4720 4722 0.00024817
4721 4722 0.00024817
4724 4723 0.00018964
4725 4723 0.00018964
4744 4723 0.00018964
4745 4723 0.00018964
4722 4724 0.00020931
4723 4724 0.00020931
4730 4724 0.00020931
4731 4724 0.00020931
4520 4725 0.00015546
4726 4725 0.00015546
4727 4725 0.00015546
4520 4728 0.00010749
4726 4728 0.00010749
4727 4728 0.00010749
4722 4729 0.00015614
4723 4729 0.00015614
4730 4729 0.00015614
4731 4729 0.00015614
1689 4730 0.0001284
3197 4730 0.0001284
4729 4730 0.0001284
4714 4733 0.00027387
4715 4733 0.00027387
4734 4733 0.00027387
2747 4734 0.00019917
3217 4734 0.00019917
4733 4734 0.00019917
4716 4735 0.00059557
4717 4735 0.00059557
4736 4735 0.00059557
2745 4736 0.00026859
2748 4736 0.00026859
4735 4736 0.00026859
4737 4738 0.00059825
4754 4738 0.00059825
4738 4740 0.0009806
4739 4740 0.0009806
4752 4740 0.0009806
4773 4740 0.0009806
1690 4741 0.00070774
4742 4741 0.00070774
4743 4741 0.00070774
4518 4742 0.00048685
4741 4742 0.00048685
6597 4742 0.00048685
6602 4742 0.00048685
4724 4743 0.0003715
4725 4743 0.0003715
4744 4743 0.0003715
4745 4743 0.0003715
1690 4744 0.00024877
4742 4744 0.00024877
4743 4744 0.00024877
4728 4745 0.00011817
4746 4745 0.00011817
6599 4745 0.00011817
1723 4750 0.001244
4749 4750 0.001244
5714 4750 0.001244
4738 4751 0.00011393
4739 4751 0.00011393
4752 4751 0.00011393
4773 4751 0.00011393
3222 4752 0.00061718
4750 4752 0.00061718
4751 4752 0.00061718
1724 4754 0.00059825
3608 4754 0.00059825
4753 4754 0.00059825
1729 4755 0.00073383
4756 4755 0.00073383
6076 4755 0.00073383
2866 4756 0.003698
3609 4756 0.003698
4755 4756 0.003698
1727 4757 0.00047794
1730 4757 0.00047794
4758 4757 0.00047794
3607 4758 0.0037859
3610 4758 0.0037859
4757 4758 0.0037859
4738 4774 0.00017041
4739 4774 0.00017041
4752 4774 0.00017041
4773 4774 0.00017041
968 4807 0.0096594
1949 4807 0.0096594
4808 4807 0.0096594
591 4808 0.08596
2133 4808 0.08596
2437 4808 0.08596
4807 4808 0.08596
1469 4998 0.48637
4997 4998 0.48637
5000 4999 0.00014443
6526 4999 0.00014443
6528 4999 0.00014443
4307 5000 0.0099247
4999 5000 0.0099247
5221 5000 0.0099247
4998 5002 0.47659
5001 5002 0.47659
5220 5002 0.47659
5035 5036 0.00083984
6549 5036 0.00083984
5036 5053 0.00083984
5051 5053 0.00083984
5054 5053 0.00083984
5058 5057 0.23339
6482 5057 0.23339
2104 5073 0.003766
3186 5073 0.003766
5072 5073 0.003766
3929 5074 0.0039493
5073 5074 0.0039493
5075 5074 0.0039493
5194 5195 0.00083878
6489 5195 0.00083878
6524 5195 0.00083878
5196 5197 0.23256
6487 5197 0.23256
6488 5197 0.23256
2088 5198 0.00013639
4355 5198 0.00013639
5199 5198 0.00013639
6640 5198 0.00013639
5198 5199 0.65658
6484 5199 0.65658
6497 5199 0.65658
4351 5200 0.00012171
5201 5200 0.00012171
7202 5200 0.00012171
4343 5201 0.00038826
5200 5201 0.00038826
5211 5201 0.00038826
5205 5204 0.11034
6501 5204 0.11034
6748 5204 0.11034
5204 5205 0.00043743
6495 5205 0.00043743
6499 5205 0.00043743
4343 5210 0.00012177
5200 5210 0.00012177
5211 5210 0.00012177
5002 5211 0.00038838
5210 5211 0.00038838
6500 5211 0.00038838
4307 5220 0.00014443
4999 5220 0.00014443
5221 5220 0.00014443
4998 5221 0.0099247
5001 5221 0.0099247
5220 5221 0.0099247
5225 5224 0.0050673
5403 5224 0.0050673
2095 5225 0.1326
4668 5225 0.1326
5224 5225 0.1326
1514 5226 0.20251
2848 5226 0.20251
1144 5232 0.0037592
5074 5232 0.0037592
5231 5232 0.0037592
5225 5402 0.13525
5403 5402 0.13525
5401 5403 0.0077147
5404 5403 0.0077147
4669 5404 0.0077163
5402 5404 0.0077163
5405 5404 0.0077163
35 5494 0.48265
5495 5494 0.48265
5496 5494 0.48265
1313 5496 0.48265
5497 5496 0.48265
5498 5496 0.48265
3151 5498 0.48265
3154 5498 0.48265
5499 5498 0.48265
5500 5498 0.48265
2484 5514 0.00025216
5515 5514 0.00025216
5516 5514 0.00025216
5648 5514 0.00025216
1830 5515 0.00055034
3153 5515 0.00055034
3156 5515 0.00055034
5514 5515 0.00055034
1394 5593 0.0066528
5592 5593 0.0066528
5595 5593 0.0066528
1394 5594 0.00029728
5592 5594 0.00029728
5595 5594 0.00029728
1359 5595 0.0063623
5594 5595 0.0063623
5597 5595 0.0063623
1359 5596 0.00023057
5594 5596 0.00023057
5597 5596 0.00023057
298 5597 0.045542
1338 5597 0.045542
1403 5597 0.045542
5596 5597 0.045542
2497 5646 0.00017219
2498 5646 0.00017219
5647 5646 0.00017219
2509 5647 0.00041051
5646 5647 0.00041051
5649 5647 0.00041051
2509 5648 0.00023611
5646 5648 0.00023611
5649 5648 0.00023611
2484 5649 0.00049443
5515 5649 0.00049443
5516 5649 0.00049443
5648 5649 0.00049443
1337 5652 0.024995
1831 5652 0.024995
5653 5652 0.024995
1822 5653 0.0036833
5650 5653 0.0036833
5652 5653 0.0036833
4718 5708 0.00066031
4719 5708 0.00066031
5706 5708 0.00066031
5709 5708 0.00066031
2746 5709 0.00093305
5708 5709 0.00093305
5711 5709 0.00093305
6604 5709 0.00093305
2746 5710 0.0035042
5708 5710 0.0035042
5711 5710 0.0035042
6604 5710 0.0035042
2440 5711 0.0045735
2443 5711 0.0045735
5710 5711 0.0045735
5713 5711 0.0045735
2440 5712 0.0027185
2443 5712 0.0027185
5710 5712 0.0027185
5713 5712 0.0027185
1725 5713 0.013656
1728 5713 0.013656
5712 5713 0.013656
5715 5713 0.013656
1725 5714 0.00067329
1728 5714 0.00067329
5712 5714 0.00067329
5715 5714 0.00067329
1723 5715 0.0056185
4749 5715 0.0056185
5714 5715 0.0056185
3216 5720 0.0012063
5721 5720 0.0012063
5722 5720 0.0012063
2442 5721 0.0027078
2445 5721 0.0027078
5720 5721 0.0027078
5723 5722 0.00014553
5724 5722 0.00014553
6606 5722 0.00014553
4713 5724 0.00014553
5725 5724 0.00014553
5726 5724 0.00014553
2432 5940 0.0002101
4567 5940 0.0002101
5941 5940 0.0002101
2425 5941 0.28237
2426 5941 0.28237
5940 5941 0.28237
2431 5942 0.0002101
2436 5942 0.0002101
5943 5942 0.0002101
2314 5943 0.28237
4568 5943 0.28237
5942 5943 0.28237
1729 6075 0.00053602
4756 6075 0.00053602
6076 6075 0.00053602
4747 6076 0.0092365
6075 6076 0.0092365
6078 6076 0.0092365
4747 6077 0.00053602
6075 6077 0.00053602
6078 6077 0.00053602
2865 6078 0.0092365
6077 6078 0.0092365
6080 6078 0.0092365
3951 6080 0.021696
6079 6080 0.021696
6082 6080 0.021696
3951 6081 0.0008466
6079 6081 0.0008466
6082 6081 0.0008466
3221 6082 0.015115
6081 6082 0.015115
6213 6082 0.015115
6592 6082 0.015115
3204 6161 0.086763
6162 6161 0.086763
6163 6161 0.086763
3950 6163 0.086438
6164 6163 0.086438
6165 6163 0.086438
2136 6165 0.094469
2853 6165 0.094469
3220 6165 0.094469
6166 6165 0.094469
3950 6166 0.00065086
6164 6166 0.00065086
6165 6166 0.00065086
6206 6205 0.00013326
6209 6205 0.00013326
6211 6205 0.00013326
3653 6209 0.00013326
3656 6209 0.00013326
6210 6209 0.00013326
2407 6213 0.0095162
2408 6213 0.0095162
6214 6213 0.0095162
3221 6214 0.021369
6081 6214 0.021369
6213 6214 0.021369
6592 6214 0.021369
6216 6215 0.0011904
6217 6215 0.0011904
6595 6215 0.0011904
2134 6216 0.0078153
2137 6216 0.0078153
6215 6216 0.0078153
3659 6217 0.0014387
3662 6217 0.0014387
6218 6217 0.0014387
6216 6218 0.001084
6217 6218 0.001084
6595 6218 0.001084
4358 6482 0.23339
5053 6482 0.23339
6483 6482 0.23339
6485 6484 0.30268
6486 6484 0.30268
6527 6484 0.30268
5198 6485 0.012662
6484 6485 0.012662
6497 6485 0.012662
6485 6487 0.2334
6486 6487 0.2334
6527 6487 0.2334
5196 6489 0.00084025
6487 6489 0.00084025
6488 6489 0.00084025
5204 6494 0.11055
6495 6494 0.11055
6499 6494 0.11055
2087 6495 0.00037935
6494 6495 0.00037935
5198 6496 0.0024596
6484 6496 0.0024596
6497 6496 0.0024596
6496 6497 0.36888
6749 6497 0.36888
5204 6498 0.00012171
6495 6498 0.00012171
6499 6498 0.00012171
6498 6499 0.00038832
7203 6499 0.00038832
5002 6501 0.47632
5210 6501 0.47632
6500 6501 0.47632
5000 6527 0.52341
6526 6527 0.52341
6528 6527 0.52341
1119 6528 0.51363
6529 6528 0.51363
6530 6528 0.51363
6532 6533 0.32625
6535 6533 0.32625
970 6535 0.32625
6534 6535 0.32625
3779 6544 0.00019011
4914 6544 0.00019011
6545 6544 0.00019011
4362 6549 0.00083984
5034 6549 0.00083984
6548 6549 0.00083984
6216 6594 0.0075874
6217 6594 0.0075874
6595 6594 0.0075874
2817 6595 0.0006078
6594 6595 0.0006078
4518 6596 0.0041984
4741 6596 0.0041984
6597 6596 0.0041984
6602 6596 0.0041984
2441 6597 0.0015971
3600 6597 0.0015971
6596 6597 0.0015971
6712 6597 0.0015971
4518 6603 0.00017597
4741 6603 0.00017597
6597 6603 0.00017597
6602 6603 0.00017597
1688 6604 0.0012411
4517 6604 0.0012411
6605 6604 0.0012411
2746 6605 0.0040015
5708 6605 0.0040015
5711 6605 0.0040015
6604 6605 0.0040015
2088 6641 0.76665
4355 6641 0.76665
5199 6641 0.76665
6640 6641 0.76665
6643 6642 0.12694
6654 6642 0.12694
6641 6643 0.050639
6642 6643 0.050639
6647 6643 0.050639
5057 6644 0.23339
6645 6644 0.23339
6641 6646 0.84297
6642 6646 0.84297
6647 6646 0.84297
6646 6648 0.84297
6649 6648 0.84297
6648 6650 0.016142
6651 6650 0.016142
6650 6651 0.17323
6653 6651 0.17323
6656 6651 0.17323
6644 6654 0.12694
6655 6654 0.12694
6657 6654 0.12694
6643 6655 0.050639
6654 6655 0.050639
6644 6656 0.17323
6655 6656 0.17323
6657 6656 0.17323
6650 6657 0.016142
6653 6657 0.016142
6656 6657 0.016142
2122 6711 0.10842
2439 6711 0.10842
6710 6711 0.10842
2441 6713 0.10842
3600 6713 0.10842
6596 6713 0.10842
6712 6713 0.10842
6496 6748 0.0024596
6749 6748 0.0024596
5205 6749 0.36888
6501 6749 0.36888
6748 6749 0.36888
6769 6768 0.00073759
7281 6768 0.00073759
2154 6808 0.00087111
6809 6808 0.00087111
4513 6863 0.00053695
6864 6863 0.00053695
2144 7138 0.46747
7139 7138 0.46747
7138 7140 0.46747
7141 7140 0.46747
6863 7142 0.00053695
7143 7142 0.00053695
6544 7190 0.00019011
7191 7190 0.00019011
7190 7192 0.00019011
7193 7192 0.00019011
6498 7202 0.00012171
7203 7202 0.00012171
4351 7203 0.00038832
5201 7203 0.00038832
7202 7203 0.00038832
4671 7281 0.00073759
7282 7281 0.00073759
2647 7285 0.48174
7286 7285 0.48174
