2087 2086 0.00079412
6494 2086 0.00079412
2086 2087 0.00055447
2089 2087 0.00055447
2086 2088 0.00079412
2089 2088 0.00079412
2088 2089 0.00055447
4355 2089 0.00055447
5199 2089 0.00055447
6640 2089 0.00055447
535 4324 0.00010696
4323 4324 0.00010696
4326 4324 0.00010696
535 4325 0.00011536
4323 4325 0.00011536
4326 4325 0.00011536
4325 4326 0.00011536
4328 4326 0.00011536
6512 4326 0.00011536
4325 4327 0.00011536
4328 4327 0.00011536
6512 4327 0.00011536
4327 4328 0.00011536
4330 4328 0.00011536
4327 4329 0.00011536
4330 4329 0.00011536
537 4330 0.00011536
4329 4330 0.00011536
5215 4330 0.00011536
3886 4337 1
4335 4337 1
4338 4337 1
4337 4339 1
4340 4339 1
6506 4339 1
4339 4341 1
4342 4341 1
5214 4341 1
4341 4343 1
4344 4343 1
5206 4343 1
2088 5198 0.00080993
4355 5198 0.00080993
5199 5198 0.00080993
6640 5198 0.00080993
5198 5199 0.00056286
6484 5199 0.00056286
6497 5199 0.00056286
4351 5200 0.00023826
5201 5200 0.00023826
7202 5200 0.00023826
4343 5201 0.048021
5200 5201 0.048021
5211 5201 0.048021
5205 5204 0.00064111
6501 5204 0.00064111
6748 5204 0.00064111
5204 5205 0.048156
6495 5205 0.048156
6499 5205 0.048156
4343 5210 0.95225
5200 5210 0.95225
5211 5210 0.95225
537 5214 0.00011536
4329 5214 0.00011536
5215 5214 0.00011536
4339 5215 0.00011536
4342 5215 0.00011536
5214 5215 0.00011536
5204 6494 0.00079412
6495 6494 0.00079412
6499 6494 0.00079412
2087 6495 0.00055447
6494 6495 0.00055447
5198 6496 0.00086781
6484 6496 0.00086781
6497 6496 0.00086781
6496 6497 0.00057078
6749 6497 0.00057078
5204 6498 0.0002376
6495 6498 0.0002376
6499 6498 0.0002376
6498 6499 0.047992
7203 6499 0.047992
5002 6501 0.95219
5210 6501 0.95219
6500 6501 0.95219
5205 6749 0.9997
6501 6749 0.9997
6748 6749 0.9997
6498 7202 0.0002376
7203 7202 0.0002376
4351 7203 0.047992
5201 7203 0.047992
7202 7203 0.047992
