134 133 0.00014334
3708 133 0.00014334
3709 133 0.00014334
133 134 0.00043034
3052 134 0.00043034
5260 723 0.31125
723 724 0.28941
6920 724 0.28941
995 994 0.00011739
6359 994 0.00011739
6360 994 0.00011739
994 995 0.00013507
997 995 0.00013507
2076 995 0.00013507
2077 995 0.00013507
996 997 0.00038447
3119 997 0.00038447
4790 997 0.00038447
6237 997 0.00038447
432 1127 0.00022637
5692 1127 0.00022637
6874 1128 0.0029097
5085 1129 0.0015594
5267 1129 0.0015594
1528 1530 0.019777
1531 1530 0.019777
3303 1530 0.019777
1530 1531 0.0021928
1533 1531 0.0021928
2850 1531 0.0021928
1530 1532 0.0018462
1533 1532 0.0018462
2850 1532 0.0018462
1532 1533 0.00096248
2851 1533 0.00096248
3339 1533 0.00096248
1659 1660 0.00014362
3213 1660 0.00014362
4560 1660 0.00014362
1976 1975 0.00021569
6155 1975 0.00021569
6617 1975 0.00021569
2071 2072 0.00012291
6238 2072 0.00012291
6239 2072 0.00012291
2072 2076 0.00018291
2074 2076 0.00018291
2075 2076 0.00018291
3906 2076 0.00018291
2078 2077 0.00020157
2358 2077 0.00020157
2361 2077 0.00020157
6371 2077 0.00020157
994 2078 0.00061551
997 2078 0.00061551
2076 2078 0.00061551
2077 2078 0.00061551
724 2146 0.978
2147 2146 0.978
6794 2146 0.978
2149 2148 0.68992
7287 2148 0.68992
2148 2149 0.0013804
6795 2149 0.0013804
2151 2150 0.99978
3649 2150 0.99978
3652 2150 0.99978
6823 2150 0.99978
2353 2352 0.0084337
3337 2352 0.0084337
2352 2354 0.0026016
2355 2354 0.0026016
5269 2354 0.0026016
2354 2356 0.0023242
2357 2356 0.0023242
2356 2358 0.0023581
2359 2358 0.0023581
6362 2358 0.0023581
7160 2358 0.0023581
2078 2359 0.00012254
2358 2359 0.00012254
2361 2359 0.00012254
6371 2359 0.00012254
2078 2360 0.00043483
2358 2360 0.00043483
2361 2360 0.00043483
6371 2360 0.00043483
2360 2361 0.00045542
2363 2361 0.00045542
3120 2361 0.00045542
2360 2362 0.00013685
2363 2362 0.00013685
3120 2362 0.00013685
2362 2363 0.00042804
2365 2363 0.00042804
6395 2363 0.00042804
2364 2365 0.00035619
2367 2365 0.00035619
6366 2365 0.00035619
6367 2365 0.00035619
2366 2367 0.00013871
7006 2367 0.00013871
7086 2367 0.00013871
1530 2849 0.020358
1533 2849 0.020358
2850 2849 0.020358
600 2850 0.0036573
2849 2850 0.0036573
3344 2850 0.0036573
3345 2850 0.0036573
133 3051 0.00014334
3052 3051 0.00014334
3051 3052 0.00043034
3710 3052 0.00043034
3711 3052 0.00043034
3054 3053 0.00088242
3685 3053 0.00088242
3107 3109 0.039307
3110 3109 0.039307
3309 3109 0.039307
3310 3109 0.039307
3109 3110 0.00039277
3112 3110 0.00039277
3313 3110 0.00039277
3314 3110 0.00039277
3109 3111 0.059458
3112 3111 0.059458
3313 3111 0.059458
3314 3111 0.059458
3111 3112 0.00021359
3114 3112 0.00021359
6382 3112 0.00021359
6383 3112 0.00021359
3111 3113 0.0057115
3114 3113 0.0057115
6382 3113 0.0057115
6383 3113 0.0057115
3113 3114 0.00066728
3116 3114 0.00066728
6106 3114 0.00066728
3113 3115 0.0010447
3116 3115 0.0010447
6106 3115 0.0010447
3115 3116 0.00019792
5959 3116 0.00019792
6404 3116 0.00019792
3117 3118 0.00045541
5957 3118 0.00045541
6368 3118 0.00045541
6369 3118 0.00045541
2360 3119 0.00035372
2363 3119 0.00035372
3120 3119 0.00035372
3121 3122 0.0006899
3328 3122 0.0006899
3329 3122 0.0006899
3124 3123 0.60606
3307 3123 0.60606
3308 3123 0.60606
3637 3123 0.60606
3123 3124 0.001546
3126 3124 0.001546
3312 3124 0.001546
3123 3125 0.58599
3126 3125 0.58599
3312 3125 0.58599
3125 3126 0.0018098
3128 3126 0.0018098
5949 3126 0.0018098
3125 3127 0.45364
3128 3127 0.45364
5949 3127 0.45364
3127 3128 0.0024866
3130 3128 0.0024866
6380 3128 0.0024866
6381 3128 0.0024866
3127 3129 0.0066957
3130 3129 0.0066957
6380 3129 0.0066957
6381 3129 0.0066957
3129 3130 0.006977
3132 3130 0.006977
6105 3130 0.006977
6108 3130 0.006977
3129 3131 0.0014337
3132 3131 0.0014337
6105 3131 0.0014337
6108 3131 0.0014337
3131 3132 0.0027314
3134 3132 0.0027314
6402 3132 0.0027314
6403 3132 0.0027314
3131 3133 0.00028764
3134 3133 0.00028764
6402 3133 0.00028764
6403 3133 0.00028764
3133 3134 0.0021049
5955 3134 0.0021049
6394 3134 0.0021049
3136 3135 0.28564
3305 3135 0.28564
3306 3135 0.28564
3135 3136 0.0082337
5948 3136 0.0082337
5953 3136 0.0082337
3138 3137 0.00021564
5832 3137 0.00021564
6422 3137 0.00021564
3137 3138 0.16419
3302 3138 0.16419
3338 3138 0.16419
3140 3139 0.00041658
6372 3139 0.00041658
6373 3139 0.00041658
6407 3139 0.00041658
3139 3140 0.0027014
3910 3140 0.0027014
6112 3140 0.0027014
3142 3141 0.0057941
6414 3141 0.0057941
6415 3141 0.0057941
3141 3142 0.0013469
3144 3142 0.0013469
4787 3142 0.0013469
3141 3143 0.0064108
3144 3143 0.0064108
4787 3143 0.0064108
3143 3144 0.0013823
3146 3144 0.0013823
6374 3144 0.0013823
6375 3144 0.0013823
3143 3145 0.0017994
3146 3145 0.0017994
6374 3145 0.0017994
6375 3145 0.0017994
3145 3146 0.0069818
3148 3146 0.0069818
3911 3146 0.0069818
6109 3146 0.0069818
3145 3147 0.00049546
3148 3147 0.00049546
3911 3147 0.00049546
6109 3147 0.00049546
3147 3148 0.0018139
5951 3148 0.0018139
6398 3148 0.0018139
6399 3148 0.0018139
3212 3213 0.00018172
3651 3213 0.00018172
3654 3213 0.00018172
1528 3302 0.0021929
1531 3302 0.0021929
3303 3302 0.0021929
3137 3303 0.019777
3302 3303 0.019777
3338 3303 0.019777
3136 3304 0.011787
3305 3304 0.011787
3306 3304 0.011787
3304 3305 0.078682
6420 3305 0.078682
6421 3305 0.078682
3124 3306 0.22748
3307 3306 0.22748
3308 3306 0.22748
3637 3306 0.22748
3136 3307 0.016965
3305 3307 0.016965
3306 3307 0.016965
3107 3308 0.00039277
3110 3308 0.00039277
3309 3308 0.00039277
3310 3308 0.00039277
3124 3309 0.039307
3307 3309 0.039307
3308 3309 0.039307
3637 3309 0.039307
3109 3312 0.0099156
3112 3312 0.0099156
3313 3312 0.0099156
3314 3312 0.0099156
3123 3313 0.030246
3126 3313 0.030246
3312 3313 0.030246
2353 3328 0.0009205
3337 3328 0.0009205
3137 3337 0.0093533
3302 3337 0.0093533
3338 3337 0.0093533
3343 3338 0.19092
3639 3338 0.19092
3962 3338 0.19092
3340 3339 0.00096248
3342 3339 0.00096248
3960 3339 0.00096248
1532 3340 0.0018462
2851 3340 0.0018462
3339 3340 0.0018462
3340 3341 0.0018462
3342 3341 0.0018462
3960 3341 0.0018462
3341 3342 0.00096248
3346 3342 0.00096248
4684 3342 0.00096248
600 3343 0.03023
2849 3343 0.03023
3344 3343 0.03023
3345 3343 0.03023
3343 3344 0.0041612
3639 3344 0.0041612
3962 3344 0.0041612
3341 3345 0.010082
3346 3345 0.010082
4684 3345 0.010082
600 3346 0.00071398
2849 3346 0.00071398
3344 3346 0.00071398
3345 3346 0.00071398
73 3347 0.0083625
3348 3347 0.0083625
3349 3347 0.0083625
3350 3349 0.0083625
3351 3349 0.0083625
3363 3349 0.0083625
3352 3351 0.0078015
3366 3351 0.0078015
3691 3351 0.0078015
3353 3354 0.00012512
3355 3354 0.00012512
7220 3354 0.00012512
3364 3363 0.00058132
3365 3363 0.00058132
3367 3363 0.00058132
3364 3366 0.00049366
3365 3366 0.00049366
3367 3366 0.00049366
3368 3367 0.00098301
3369 3367 0.00098301
3665 3367 0.00098301
3370 3369 0.00011472
3692 3369 0.00011472
3693 3369 0.00011472
3368 3370 0.00043852
3369 3370 0.00043852
3665 3370 0.00043852
3638 3637 0.85396
3640 3637 0.85396
5268 3637 0.85396
3638 3639 0.00016557
3640 3639 0.00016557
5268 3639 0.00016557
3343 3640 0.82398
3639 3640 0.82398
3962 3640 0.82398
2382 3647 1.0001
3645 3647 1.0001
3648 3647 1.0001
3647 3649 1
3650 3649 1
2151 3651 0.0012708
3649 3651 0.0012708
3652 3651 0.0012708
6823 3651 0.0012708
3212 3652 0.0010553
3651 3652 0.0010553
3654 3652 0.0010553
3212 3653 0.0010936
3651 3653 0.0010936
3654 3653 0.0010936
3653 3654 0.00101
3656 3654 0.00101
6210 3654 0.00101
3653 3655 0.0003278
3656 3655 0.0003278
6210 3655 0.0003278
3655 3656 0.00084387
3658 3656 0.00084387
6205 3656 0.00084387
3666 3665 0.0013049
3667 3665 0.0013049
5843 3665 0.0013049
3668 3667 0.0014718
3669 3667 0.0014718
6478 3667 0.0014718
3670 3669 0.00029678
3679 3669 0.00029678
5851 3669 0.00029678
3668 3670 0.00034313
3669 3670 0.00034313
6478 3670 0.00034313
3671 3672 0.00032719
5854 3672 0.00032719
3672 3674 0.00047311
3673 3674 0.00047311
3675 3674 0.00047311
3676 3675 0.00018538
3677 3675 0.00018538
3690 3675 0.00018538
3680 3679 0.00049516
3681 3679 0.00049516
3689 3679 0.00049516
6479 3679 0.00049516
3670 3680 0.00023443
3679 3680 0.00023443
5851 3680 0.00023443
3053 3681 0.0019994
3682 3681 0.0019994
3683 3681 0.0019994
3684 3683 0.0017531
3686 3683 0.0017531
3687 3683 0.0017531
3053 3684 0.00063162
3682 3684 0.00063162
3683 3684 0.00063162
3684 3685 0.00088242
3686 3685 0.00088242
3687 3685 0.00088242
3688 3687 0.0025548
3714 3687 0.0025548
3715 3687 0.0025548
3684 3688 0.00063079
3686 3688 0.00063079
3687 3688 0.00063079
3680 3690 0.00018538
3681 3690 0.00018538
3689 3690 0.00018538
6479 3690 0.00018538
3370 3691 0.007396
3692 3691 0.007396
3693 3691 0.007396
3694 3693 0.0070597
3695 3693 0.0070597
6563 3693 0.0070597
3674 3695 0.0068913
3696 3695 0.0068913
3697 3695 0.0068913
3642 3697 0.006448
3698 3697 0.006448
3716 3697 0.006448
134 3707 0.00018964
3708 3707 0.00018964
3709 3707 0.00018964
3051 3709 0.00031463
3710 3709 0.00031463
3711 3709 0.00031463
134 3710 0.00045417
3708 3710 0.00045417
3709 3710 0.00045417
2146 3711 0.00072436
3712 3711 0.00072436
4663 3711 0.00072436
7113 3711 0.00072436
3051 3712 0.0005769
3710 3712 0.0005769
3711 3712 0.0005769
3688 3713 0.00062747
3714 3713 0.00062747
3715 3713 0.00062747
3713 3714 0.0089838
6921 3714 0.0089838
7114 3714 0.0089838
3688 3716 0.0064449
3714 3716 0.0064449
3715 3716 0.0064449
365 3721 0.00010548
3722 3721 0.00010548
3723 3721 0.00010548
373 3729 0.00010384
3730 3729 0.00010384
3731 3729 0.00010384
91 3731 0.00010648
3732 3731 0.00010648
3733 3731 0.00010648
411 3733 0.00012629
3734 3733 0.00012629
3735 3733 0.00012629
1972 3735 0.00011699
3706 3735 0.00011699
3707 3735 0.00011699
3736 3735 0.00011699
3909 3908 0.00013307
6113 3908 0.00013307
6400 3908 0.00013307
6401 3908 0.00013307
3908 3909 0.00035407
6392 3909 0.00035407
6393 3909 0.00035407
3145 3910 0.0021244
3148 3910 0.0021244
3911 3910 0.0021244
6109 3910 0.0021244
3139 3911 0.00054717
3910 3911 0.00054717
6112 3911 0.00054717
4685 3962 0.98866
5086 3962 0.98866
1129 3964 0.00025106
3963 3964 0.00025106
4020 4019 0.00012772
6232 4019 0.00012772
6351 4019 0.00012772
426 4660 0.00012469
3720 4660 0.00012469
3721 4660 0.00012469
4661 4660 0.00012469
2146 4662 0.99128
3712 4662 0.99128
4663 4662 0.99128
7113 4662 0.99128
3347 4684 0.008487
3354 4684 0.008487
4683 4684 0.008487
4788 4787 0.0012121
6408 4787 0.0012121
6409 4787 0.0012121
3141 4788 0.00063067
3144 4788 0.00063067
4787 4788 0.00063067
4789 4790 0.00010654
6240 4790 0.00010654
6365 4790 0.00010654
4685 5085 0.0041963
5086 5085 0.0041963
5087 5086 0.9928
5271 5086 0.9928
1129 5087 0.0013258
3963 5087 0.0013258
7272 5088 0.00023772
7274 5088 0.00023772
1128 5091 0.0031306
5092 5091 0.0031306
5093 5092 0.00022091
5088 5093 0.00023845
5094 5093 0.00023845
3121 5237 0.00023183
3328 5237 0.00023183
3329 5237 0.00023183
2149 5260 0.31125
7287 5260 0.31125
3638 5267 0.00027277
3640 5267 0.00027277
5268 5267 0.00027277
3138 5268 0.030399
5832 5268 0.030399
6422 5268 0.030399
3122 5269 0.00087239
5270 5269 0.00087239
6233 5269 0.00087239
2753 5270 0.00022045
3327 5270 0.00022045
5237 5270 0.00022045
3964 5271 0.99153
6738 5271 0.99153
1975 5692 0.00022327
3091 5692 0.00022327
5682 5692 0.00022327
5693 5692 0.00022327
2352 5832 0.0067694
2355 5832 0.0067694
5269 5832 0.0067694
5091 5837 0.0030515
5838 5837 0.0030515
5839 5840 0.00019203
5842 5840 0.00019203
5848 5840 0.00019203
5841 5842 0.00019203
5844 5842 0.00019203
5850 5842 0.00019203
3666 5844 0.00019203
3667 5844 0.00019203
5843 5844 0.00019203
3670 5852 0.00032719
3679 5852 0.00032719
5851 5852 0.00032719
5852 5854 0.00032719
5853 5854 0.00032719
3125 5948 0.15382
3128 5948 0.15382
5949 5948 0.15382
3135 5949 0.02079
5948 5949 0.02079
5953 5949 0.02079
3147 5950 0.0001576
5951 5950 0.0001576
6398 5950 0.0001576
6399 5950 0.0001576
5950 5951 0.00053336
6389 5951 0.00053336
6405 5951 0.00053336
3135 5952 0.41961
5948 5952 0.41961
5953 5952 0.41961
5952 5953 0.009171
6378 5953 0.009171
6379 5953 0.009171
5954 5955 0.0022826
6370 5955 0.0022826
6388 5955 0.0022826
7111 5955 0.0022826
5956 5957 0.00018621
6386 5957 0.00018621
6387 5957 0.00018621
3113 6105 0.0050166
3116 6105 0.0050166
6106 6105 0.0050166
3129 6106 0.0008191
3132 6106 0.0008191
6105 6106 0.0008191
6108 6106 0.0008191
3129 6107 0.0056849
3132 6107 0.0056849
6105 6107 0.0056849
6108 6107 0.0056849
6107 6108 0.0004711
6110 6108 0.0004711
6114 6108 0.0004711
6107 6109 0.0057251
6110 6109 0.0057251
6114 6109 0.0057251
3145 6110 0.00028399
3148 6110 0.00028399
3911 6110 0.00028399
6109 6110 0.00028399
3139 6111 0.00016793
3910 6111 0.00016793
6112 6111 0.00016793
6111 6112 0.00087557
6396 6112 0.00087557
6397 6112 0.00087557
6406 6112 0.00087557
6107 6113 0.00047486
6110 6113 0.00047486
6114 6113 0.00047486
3909 6114 0.00070216
6113 6114 0.00070216
6400 6114 0.00070216
6401 6114 0.00070216
6206 6205 0.00085295
6209 6205 0.00085295
6211 6205 0.00085295
3655 6206 0.00025322
3658 6206 0.00025322
6205 6206 0.00025322
3653 6209 0.00085295
3656 6209 0.00085295
6210 6209 0.00085295
6206 6210 0.00025322
6209 6210 0.00025322
6211 6210 0.00025322
6231 6232 0.00010395
6234 6232 0.00010395
6354 6232 0.00010395
3122 6234 0.00012131
5270 6234 0.00012131
6233 6234 0.00012131
950 6351 0.00011341
6352 6351 0.00011341
6353 6351 0.00011341
6356 6351 0.00011341
2354 6353 0.00028106
2357 6353 0.00028106
950 6357 0.00020496
6352 6357 0.00020496
6353 6357 0.00020496
6356 6357 0.00020496
3907 6359 0.00011943
4019 6359 0.00011943
6228 6359 0.00011943
6358 6359 0.00011943
995 6361 0.0001814
6359 6361 0.0001814
6360 6361 0.0001814
6357 6362 0.00032111
6361 6362 0.00032111
6363 6364 0.00041206
6943 6364 0.00041206
7165 6364 0.00041206
2364 6365 0.00014063
2367 6365 0.00014063
6366 6365 0.00014063
6367 6365 0.00014063
3117 6367 0.00033161
5957 6367 0.00033161
6368 6367 0.00033161
6369 6367 0.00033161
5954 6369 0.0006275
6370 6369 0.0006275
6388 6369 0.0006275
7111 6369 0.0006275
3140 6371 0.00023275
6372 6371 0.00023275
6373 6371 0.00023275
6407 6371 0.00023275
2078 6372 0.0029028
2358 6372 0.0029028
2361 6372 0.0029028
6371 6372 0.0029028
3143 6373 0.00127
3146 6373 0.00127
6374 6373 0.00127
6375 6373 0.00127
3140 6374 0.0060924
6372 6374 0.0060924
6373 6374 0.0060924
6407 6374 0.0060924
6376 6375 0.0031554
6377 6375 0.0031554
6417 6375 0.0031554
3143 6376 0.018189
3146 6376 0.018189
6374 6376 0.018189
6375 6376 0.018189
5952 6377 0.0030869
6378 6377 0.0030869
6379 6377 0.0030869
6376 6378 0.087018
6377 6378 0.087018
6417 6378 0.087018
3127 6379 0.50658
3130 6379 0.50658
6380 6379 0.50658
6381 6379 0.50658
5952 6380 0.00095138
6378 6380 0.00095138
6379 6380 0.00095138
3111 6381 0.056113
3114 6381 0.056113
6382 6381 0.056113
6383 6381 0.056113
3127 6382 0.0019136
3130 6382 0.0019136
6380 6382 0.0019136
6381 6382 0.0019136
5954 6387 0.00023749
6370 6387 0.00023749
6388 6387 0.00023749
7111 6387 0.00023749
3118 6389 0.00065189
6390 6389 0.00065189
6391 6389 0.00065189
3908 6391 0.00032602
6392 6391 0.00032602
6393 6391 0.00032602
3118 6392 0.00013023
6390 6392 0.00013023
6391 6392 0.00013023
3133 6393 0.00047771
5955 6393 0.00047771
6394 6393 0.00047771
6111 6395 0.00022578
6396 6395 0.00022578
6397 6395 0.00022578
6406 6395 0.00022578
2362 6396 0.0002551
2365 6396 0.0002551
6395 6396 0.0002551
3147 6397 0.00066657
5951 6397 0.00066657
6398 6397 0.00066657
6399 6397 0.00066657
6111 6398 0.00024932
6396 6398 0.00024932
6397 6398 0.00024932
6406 6398 0.00024932
3909 6399 0.0014662
6113 6399 0.0014662
6400 6399 0.0014662
6401 6399 0.0014662
3147 6400 0.00010627
5951 6400 0.00010627
6398 6400 0.00010627
6399 6400 0.00010627
3131 6401 0.0015229
3134 6401 0.0015229
6402 6401 0.0015229
6403 6401 0.0015229
3909 6402 0.00015666
6113 6402 0.00015666
6400 6402 0.00015666
6401 6402 0.00015666
3115 6403 0.0010447
5959 6403 0.0010447
6404 6403 0.0010447
3131 6404 0.00019792
3134 6404 0.00019792
6402 6404 0.00019792
6403 6404 0.00019792
5950 6406 0.00030984
6389 6406 0.00030984
6405 6406 0.00030984
4788 6407 0.0010707
6408 6407 0.0010707
6409 6407 0.0010707
3140 6408 0.0012032
6372 6408 0.0012032
6373 6408 0.0012032
6407 6408 0.0012032
6364 6409 0.00099043
6410 6409 0.00099043
6411 6409 0.00099043
4788 6410 0.00054151
6408 6410 0.00054151
6409 6410 0.00054151
5834 6411 0.0007055
6412 6411 0.0007055
6413 6411 0.0007055
6364 6412 0.00059691
6410 6412 0.00059691
6411 6412 0.00059691
3142 6413 0.0007055
6414 6413 0.0007055
6415 6413 0.0007055
5834 6414 0.00059691
6412 6414 0.00059691
6413 6414 0.00059691
6416 6415 0.0062559
6418 6415 0.0062559
6419 6415 0.0062559
3142 6416 0.0017001
6414 6416 0.0017001
6415 6416 0.0017001
6416 6417 0.070608
6418 6417 0.070608
6419 6417 0.070608
6376 6418 0.001711
6377 6418 0.001711
6417 6418 0.001711
3304 6419 0.075439
6420 6419 0.075439
6421 6419 0.075439
6416 6420 0.0019854
6418 6420 0.0019854
6419 6420 0.0019854
3138 6421 0.14393
5832 6421 0.14393
6422 6421 0.14393
3304 6422 0.003585
6420 6422 0.003585
6421 6422 0.003585
3680 6478 0.0015297
3681 6478 0.0015297
3689 6478 0.0015297
6479 6478 0.0015297
5840 6563 0.00019203
5846 6563 0.00019203
6562 6563 0.00019203
6150 6617 0.00013985
6616 6617 0.00013985
6619 6617 0.00013985
6152 6619 0.00013853
6618 6619 0.00013853
6621 6619 0.00013853
5718 6621 0.00014224
6620 6621 0.00014224
6623 6621 0.00014224
6622 6623 0.00014224
7229 6623 0.00014224
4662 6738 0.99128
6739 6738 0.99128
2148 6794 0.68992
6795 6794 0.68992
724 6795 0.0013804
2147 6795 0.0013804
6794 6795 0.0013804
2150 6796 0.99978
6797 6796 0.99978
5085 6873 0.0029097
5267 6873 0.0029097
6873 6874 0.0029097
3713 6920 0.038396
6921 6920 0.038396
7114 6920 0.038396
723 6921 0.060231
6920 6921 0.060231
5670 7086 0.00013649
6385 7086 0.00013649
7085 7086 0.00013649
5837 7111 0.0030515
6927 7111 0.0030515
7069 7111 0.0030515
7112 7111 0.0030515
3713 7113 0.05684
6921 7113 0.05684
7114 7113 0.05684
2146 7114 0.043361
3712 7114 0.043361
4663 7114 0.043361
7113 7114 0.043361
7156 7157 0.00014224
7159 7157 0.00014224
1660 7159 0.00014224
6196 7159 0.00014224
7158 7159 0.00014224
2356 7161 0.00040173
2359 7161 0.00040173
6362 7161 0.00040173
7160 7161 0.00040173
6952 7163 0.00044001
7161 7163 0.00044001
7162 7163 0.00044001
6939 7165 0.00044452
7067 7165 0.00044452
7163 7165 0.00044452
7164 7165 0.00044452
6796 7182 0.99978
7183 7182 0.99978
7182 7184 0.99978
7185 7184 0.99978
4660 7220 0.00012469
7221 7220 0.00012469
7228 7229 0.00014224
7231 7229 0.00014224
7157 7231 0.00014224
7230 7231 0.00014224
1127 7274 0.00023394
3095 7274 0.00023394
3098 7274 0.00023394
7184 7287 0.99978
7288 7287 0.99978
