638 4142 1
4143 4142 1
6298 4142 1
4142 4144 1
4145 4144 1
4144 4146 1
4147 4146 1
4153 4146 1
4149 4148 1
4151 4148 1
6839 4148 1
4264 4263 1
4269 4263 1
4285 4263 1
668 4265 1.0001
4266 4265 1.0001
4271 4265 1.0001
4265 4269 1
4270 4269 1
6672 4269 1
4267 4271 0.00011195
4272 4271 0.00011195
5805 4271 0.00011195
5804 5805 0.00011196
6671 5805 0.00011196
6676 5805 0.00011196
6297 6298 1
6848 6298 1
4263 6300 1
6299 6300 1
6302 6300 1
6313 6300 1
4265 6673 0.00011216
4270 6673 0.00011216
6672 6673 0.00011216
715 6676 0.00011216
6673 6676 0.00011216
6677 6676 0.00011216
6723 6722 1
6841 6722 1
4146 6839 1
6840 6839 1
4148 6841 1
6842 6841 1
671 6848 1
6300 6848 1
6847 6848 1
