330 329 0.0014534
629 329 0.0014534
6320 329 0.0014534
6323 329 0.0014534
329 330 0.0014534
4474 330 0.0014534
4477 330 0.0014534
332 331 0.00038049
333 331 0.00038049
628 331 0.00038049
331 332 0.0011343
630 332 0.0011343
6319 332 0.0011343
338 337 0.0029443
340 337 0.0029443
337 338 0.0010016
2744 338 0.0010016
6317 338 0.0010016
338 339 0.0010016
340 339 0.0010016
339 340 0.0029443
633 340 0.0029443
2743 340 0.0029443
606 607 0.30266
5519 607 0.30266
623 622 0.69468
4470 622 0.69468
330 628 0.00038049
629 628 0.00038049
6320 628 0.00038049
6323 628 0.00038049
332 629 0.0011343
333 629 0.0011343
628 629 0.0011343
339 632 0.0038251
633 632 0.0038251
2743 632 0.0038251
632 633 0.0038251
4479 633 0.0038251
6315 633 0.0038251
695 694 0.005197
697 694 0.005197
2741 694 0.005197
694 695 0.00016766
2019 695 0.00016766
5296 695 0.00016766
5302 695 0.00016766
695 696 0.011383
697 696 0.011383
2741 696 0.011383
696 697 0.00023562
701 697 0.00023562
5299 697 0.00023562
699 698 0.0015069
2018 698 0.0015069
5301 698 0.0015069
696 700 0.016233
701 700 0.016233
5299 700 0.016233
703 702 0.99999
4303 702 0.99999
5289 702 0.99999
1198 1197 0.00018574
4494 1197 0.00018574
4495 1197 0.00018574
699 2017 0.0015469
2018 2017 0.0015469
5301 2017 0.0015469
2017 2018 0.00046554
5295 2018 0.00046554
5298 2018 0.00046554
2742 2741 0.016499
4237 2741 0.016499
4240 2741 0.016499
695 2742 0.00032229
697 2742 0.00032229
2741 2742 0.00032229
337 2743 0.0029443
2744 2743 0.0029443
6317 2743 0.0029443
339 2744 0.0010016
633 2744 0.0010016
2743 2744 0.0010016
702 4234 0.00021158
4233 4234 0.00021158
4236 4234 0.00021158
702 4235 0.99978
4233 4235 0.99978
4236 4235 0.99978
4235 4237 0.99978
4238 4237 0.99978
4483 4237 0.99978
2742 4239 0.98365
4237 4239 0.98365
4240 4239 0.98365
4239 4241 0.98365
4242 4241 0.98365
4481 4241 0.98365
321 4244 0.99979
4243 4244 0.99979
4466 4244 0.99979
4241 4251 0.00010387
4252 4251 0.00010387
6730 4251 0.00010387
4245 4252 0.016291
4251 4252 0.016291
4282 4252 0.016291
4245 4281 0.00010387
4251 4281 0.00010387
4282 4281 0.00010387
700 4282 0.016291
4280 4282 0.016291
4281 4282 0.016291
4304 4303 1
4465 4466 0.99979
6729 4466 0.99979
654 4468 0.99979
4244 4468 0.99979
4467 4468 0.99979
4469 4470 0.69468
5559 4470 0.69468
5560 4470 0.69468
622 4472 0.69468
4471 4472 0.69468
4473 4474 0.69468
6733 4474 0.69468
624 4476 0.69468
4472 4476 0.69468
4475 4476 0.69468
329 4478 0.69468
4474 4478 0.69468
4477 4478 0.69468
632 4480 0.69468
4479 4480 0.69468
6315 4480 0.69468
4287 4486 0.00020961
4485 4486 0.00020961
4502 4486 0.00020961
652 4488 0.00020961
4486 4488 0.00020961
4487 4488 0.00020961
317 4490 0.00020961
4488 4490 0.00020961
4489 4490 0.00020961
650 4492 0.00020961
4490 4492 0.00020961
4491 4492 0.00020961
4493 4494 0.00020961
7280 4494 0.00020961
692 4502 0.00021158
4501 4502 0.00021158
4504 4502 0.00021158
658 4504 0.00021158
4234 4504 0.00021158
4503 4504 0.00021158
4697 4698 0.99979
4700 4698 0.99979
4706 4698 0.99979
319 4700 0.99979
4468 4700 0.99979
4699 4700 0.99979
4696 4702 0.99979
4701 4702 0.99979
4704 4702 0.99979
4698 4704 0.99979
4703 4704 0.99979
4936 4704 0.99979
4924 4923 0.0025978
5520 4923 0.0025978
5555 4923 0.0025978
4923 4924 0.00014169
5551 4924 0.00014169
5553 4924 0.00014169
311 4931 0.00018574
1197 4931 0.00018574
4932 4931 0.00018574
694 5295 0.0027543
2019 5295 0.0027543
5296 5295 0.0027543
5302 5295 0.0027543
2017 5296 0.00022344
5295 5296 0.00022344
5298 5296 0.00022344
2017 5297 0.0038644
5295 5297 0.0038644
5298 5297 0.0038644
698 5298 0.00025222
5297 5298 0.00025222
5300 5298 0.00025222
698 5299 0.0052356
5297 5299 0.0052356
5300 5299 0.0052356
696 5300 0.00020624
701 5300 0.00020624
5299 5300 0.00020624
694 5301 0.0025424
2019 5301 0.0025424
5296 5301 0.0025424
5302 5301 0.0025424
5518 5519 0.30266
5521 5519 0.30266
5556 5519 0.30266
5518 5520 0.00065742
5521 5520 0.00065742
5556 5520 0.00065742
4924 5521 0.04468
5520 5521 0.04468
5555 5521 0.04468
4931 5529 0.00018984
5523 5529 0.00018984
5528 5529 0.00018984
5526 5530 0.00019566
5529 5530 0.00019566
5531 5530 0.00019566
5530 5534 0.00019413
5535 5534 0.00019413
5540 5534 0.00019413
5543 5545 0.0011291
5544 5545 0.0011291
5547 5545 0.0011291
5546 5547 0.0010731
5548 5547 0.0010731
5552 5547 0.0010731
5546 5549 0.0015397
5548 5549 0.0015397
5552 5549 0.0015397
5533 5551 0.00017226
5534 5551 0.00017226
5550 5551 0.00017226
4923 5552 0.0026095
5551 5552 0.0026095
5553 5552 0.0026095
4924 5554 0.00055517
5520 5554 0.00055517
5555 5554 0.00055517
5554 5555 0.047034
5557 5555 0.047034
5561 5555 0.047034
5554 5556 0.25867
5557 5556 0.25867
5561 5556 0.25867
4702 5559 0.99979
4933 5559 0.99979
5558 5559 0.99979
5554 5560 0.00011014
5557 5560 0.00011014
5561 5560 0.00011014
4469 5561 0.30523
5559 5561 0.30523
5560 5561 0.30523
341 6236 0.69468
4480 6236 0.69468
6235 6236 0.69468
335 6315 0.69468
4478 6315 0.69468
6316 6315 0.69468
330 6319 0.0011343
629 6319 0.0011343
6320 6319 0.0011343
6323 6319 0.0011343
331 6320 0.00038049
630 6320 0.00038049
6319 6320 0.00038049
607 6342 0.30532
6341 6342 0.30532
6344 6342 0.30532
5545 6344 0.0026667
5549 6344 0.0026667
6343 6344 0.0026667
6728 6729 0.99979
6731 6729 0.99979
4241 6731 0.99979
4252 6731 0.99979
6730 6731 0.99979
4476 6733 0.69468
6326 6733 0.69468
6732 6733 0.69468
4492 7280 0.00020961
6694 7280 0.00020961
7279 7280 0.00020961
