702 703 1
4233 703 1
4236 703 1
6871 712 0.0003098
713 714 0.00031007
2050 714 0.00031007
2052 714 0.00031007
6708 1130 0.00031007
6709 2052 0.00031007
680 2280 1
2281 2280 1
5278 2280 1
658 4233 1
4234 4233 1
4503 4233 1
787 4287 1
4288 4287 1
4289 4287 1
4290 4289 1
4291 4289 1
4295 4289 1
4287 4501 1
4485 4501 1
4502 4501 1
692 4503 1
4501 4503 1
4504 4503 1
4675 4676 0.99969
5281 4676 0.99969
6741 4678 0.0003098
678 5278 1
2282 5278 1
5279 5278 1
5286 5278 1
2280 5281 0.99974
5280 5281 0.99974
5282 5281 0.99974
4301 5286 1
5285 5286 1
5288 5286 1
789 5288 1
4299 5288 1
5287 5288 1
5290 5288 1
703 5290 1
4303 5290 1
5289 5290 1
2280 6685 0.00025733
5280 6685 0.00025733
5282 6685 0.00025733
4678 6708 0.00031007
7120 6708 0.00031007
1130 6709 0.00031007
712 6741 0.0003098
6303 6741 0.0003098
6682 6871 0.0003098
6685 6871 0.0003098
