6878 434 0.00024824
548 547 0.0016464
6226 547 0.0016464
6227 547 0.0016464
6230 547 0.0016464
547 548 0.009035
2073 548 0.009035
7094 548 0.009035
565 566 0.00042346
980 566 0.00042346
983 566 0.00042346
568 567 0.99442
4174 567 0.99442
6435 567 0.99442
6871 712 0.07228
735 738 0.0058511
737 738 0.0058511
740 738 0.0058511
739 740 0.0058445
2885 740 0.0058445
5251 740 0.0058445
786 785 0.00087308
2261 785 0.00087308
2264 785 0.00087308
3989 785 0.00087308
785 786 0.0010336
3973 786 0.0010336
3976 786 0.0010336
3977 786 0.0010336
942 943 0.00016691
945 943 0.00016691
5898 943 0.00016691
7252 943 0.00016691
948 950 0.0024011
951 950 0.0024011
6355 950 0.0024011
950 951 0.0018647
6352 951 0.0018647
6353 951 0.0018647
6356 951 0.0018647
981 980 0.0058448
5779 980 0.0058448
6433 980 0.0058448
6436 980 0.0058448
565 982 0.0054214
980 982 0.0054214
983 982 0.0054214
982 984 0.0054214
985 984 0.0054214
2889 984 0.0054214
984 986 0.0054214
987 986 0.0054214
2891 986 0.0054214
2893 986 0.0054214
995 994 0.0028895
6359 994 0.0028895
6360 994 0.0028895
994 995 0.0041473
997 995 0.0041473
2076 995 0.0041473
2077 995 0.0041473
994 996 0.0029242
997 996 0.0029242
2076 996 0.0029242
2077 996 0.0029242
996 997 0.0023789
3119 997 0.0023789
4790 997 0.0023789
6237 997 0.0023789
1466 1117 0.98934
2325 1117 0.98934
434 1126 0.00031959
5089 1126 0.00031959
5085 1129 1.0012
5267 1129 1.0012
1233 1232 0.93929
5580 1232 0.93929
5582 1232 0.93929
567 1466 0.99672
1467 1466 0.99672
1468 1467 0.002302
5934 1467 0.002302
1117 1468 0.93581
2345 1468 0.93581
1528 1530 0.0059408
1531 1530 0.0059408
3303 1530 0.0059408
1656 1655 0.0021393
5746 1655 0.0021393
5748 1655 0.0021393
1657 1658 0.00016691
4219 1658 0.00016691
4817 1658 0.00016691
2072 2071 0.0024226
2074 2071 0.0024226
2075 2071 0.0024226
3906 2071 0.0024226
2071 2072 0.0023967
6238 2072 0.0023967
6239 2072 0.0023967
2072 2073 0.0010753
2074 2073 0.0010753
2075 2073 0.0010753
3906 2073 0.0010753
547 2074 0.02678
2073 2074 0.02678
7094 2074 0.02678
994 2075 0.0014364
997 2075 0.0014364
2076 2075 0.0014364
2077 2075 0.0014364
2072 2076 0.01803
2074 2076 0.01803
2075 2076 0.01803
3906 2076 0.01803
2078 2077 0.0010228
2358 2077 0.0010228
2361 2077 0.0010228
6371 2077 0.0010228
994 2078 0.015813
997 2078 0.015813
2076 2078 0.015813
2077 2078 0.015813
786 2263 0.0010553
2261 2263 0.0010553
2264 2263 0.0010553
3989 2263 0.0010553
2263 2264 0.00089473
2266 2264 0.00089473
3959 2264 0.00089473
2263 2265 0.019031
2266 2265 0.019031
3959 2265 0.019031
2265 2267 0.018869
2268 2267 0.018869
3975 2267 0.018869
2280 2281 0.00033436
5280 2281 0.00033436
5282 2281 0.00033436
678 2283 0.00033435
2282 2283 0.00033435
5279 2283 0.00033435
5286 2283 0.00033435
1466 2324 0.0086125
2325 2324 0.0086125
2324 2325 0.0012371
7131 2325 0.0012371
2327 2326 0.0065142
4708 2326 0.0065142
5968 2326 0.0065142
2329 2328 0.00014603
5896 2328 0.00014603
7254 2328 0.00014603
7258 2328 0.00014603
1117 2344 0.055101
2345 2344 0.055101
2344 2345 0.0015668
2347 2345 0.0015668
5906 2345 0.0015668
2344 2346 0.046013
2347 2346 0.046013
5906 2346 0.046013
2346 2347 0.00019508
6960 2347 0.00019508
7108 2347 0.00019508
2349 2348 0.00099945
5903 2348 0.00099945
5986 2348 0.00099945
7105 2348 0.00099945
2348 2349 0.00019433
5239 2349 0.00019433
5739 2349 0.00019433
2353 2352 0.00065284
3337 2352 0.00065284
2352 2353 0.00077315
2355 2353 0.00077315
5269 2353 0.00077315
2352 2354 0.0051235
2355 2354 0.0051235
5269 2354 0.0051235
2354 2355 0.024615
2357 2355 0.024615
2354 2356 0.00093624
2357 2356 0.00093624
2356 2357 0.024976
2359 2357 0.024976
6362 2357 0.024976
7160 2357 0.024976
2356 2358 0.0018765
2359 2358 0.0018765
6362 2358 0.0018765
7160 2358 0.0018765
2078 2359 0.012608
2358 2359 0.012608
2361 2359 0.012608
6371 2359 0.012608
2078 2360 0.0018906
2358 2360 0.0018906
2361 2360 0.0018906
6371 2360 0.0018906
2360 2361 0.0025528
2363 2361 0.0025528
3120 2361 0.0025528
2360 2362 0.00051845
2363 2362 0.00051845
3120 2362 0.00051845
2362 2363 0.00060028
2365 2363 0.00060028
6395 2363 0.00060028
2362 2364 0.00026311
2365 2364 0.00026311
6395 2364 0.00026311
2364 2365 0.000291
2367 2365 0.000291
6366 2365 0.000291
6367 2365 0.000291
2366 2367 0.00015746
7006 2367 0.00015746
7086 2367 0.00015746
2752 2753 0.93933
7251 2753 0.93933
1530 2849 0.0058984
1533 2849 0.0058984
2850 2849 0.0058984
566 2877 0.00041627
2878 2877 0.00041627
6439 2877 0.00041627
1110 2879 0.00035172
2880 2879 0.00035172
2881 2879 0.00035172
2877 2881 0.00034922
2882 2881 0.00034922
6443 2881 0.00034922
6446 2881 0.00034922
2886 2885 0.0054907
2887 2885 0.0054907
2901 2885 0.0054907
563 2887 0.0054907
2888 2887 0.0054907
4801 2887 0.0054907
2911 2913 0.00053662
2914 2913 0.00053662
6130 2913 0.00053662
3107 3109 0.001302
3110 3109 0.001302
3309 3109 0.001302
3310 3109 0.001302
3109 3110 0.00025109
3112 3110 0.00025109
3313 3110 0.00025109
3314 3110 0.00025109
3109 3111 0.00026421
3112 3111 0.00026421
3313 3111 0.00026421
3314 3111 0.00026421
3111 3112 0.00020796
3114 3112 0.00020796
6382 3112 0.00020796
6383 3112 0.00020796
3111 3113 0.00010515
3114 3113 0.00010515
6382 3113 0.00010515
6383 3113 0.00010515
2360 3119 0.0016379
2363 3119 0.0016379
3120 3119 0.0016379
996 3120 0.0022183
3119 3120 0.0022183
4790 3120 0.0022183
6237 3120 0.0022183
3122 3121 0.0025191
5270 3121 0.0025191
6233 3121 0.0025191
3121 3122 0.00062887
3328 3122 0.00062887
3329 3122 0.00062887
3124 3123 0.001197
3307 3123 0.001197
3308 3123 0.001197
3637 3123 0.001197
3123 3124 0.0034887
3126 3124 0.0034887
3312 3124 0.0034887
3123 3125 0.00099676
3126 3125 0.00099676
3312 3125 0.00099676
3125 3126 0.0022938
3128 3126 0.0022938
5949 3126 0.0022938
3125 3127 0.00029505
3128 3127 0.00029505
5949 3127 0.00029505
3127 3128 0.0016316
3130 3128 0.0016316
6380 3128 0.0016316
6381 3128 0.0016316
3129 3130 0.00049794
3132 3130 0.00049794
6105 3130 0.00049794
6108 3130 0.00049794
3131 3132 0.00017111
3134 3132 0.00017111
6402 3132 0.00017111
6403 3132 0.00017111
3136 3135 0.00052275
3305 3135 0.00052275
3306 3135 0.00052275
3135 3136 0.001478
5948 3136 0.001478
5953 3136 0.001478
3138 3137 0.0063851
5832 3137 0.0063851
6422 3137 0.0063851
3137 3138 0.00079073
3302 3138 0.00079073
3338 3138 0.00079073
3140 3139 0.00063173
6372 3139 0.00063173
6373 3139 0.00063173
6407 3139 0.00063173
3139 3140 0.00044201
3910 3140 0.00044201
6112 3140 0.00044201
3142 3141 0.00015148
6414 3141 0.00015148
6415 3141 0.00015148
3141 3142 0.0010828
3144 3142 0.0010828
4787 3142 0.0010828
3141 3143 0.00032754
3144 3143 0.00032754
4787 3143 0.00032754
3143 3144 0.00080976
3146 3144 0.00080976
6374 3144 0.00080976
6375 3144 0.00080976
3143 3145 0.00053534
3146 3145 0.00053534
6374 3145 0.00053534
6375 3145 0.00053534
3145 3146 0.00030439
3148 3146 0.00030439
3911 3146 0.00030439
6109 3146 0.00030439
3145 3147 0.00018715
3148 3147 0.00018715
3911 3147 0.00018715
6109 3147 0.00018715
3147 3148 0.00015861
5951 3148 0.00015861
6398 3148 0.00015861
6399 3148 0.00015861
3137 3303 0.0059408
3302 3303 0.0059408
3338 3303 0.0059408
3136 3304 0.0041298
3305 3304 0.0041298
3306 3304 0.0041298
3304 3305 0.00897
6420 3305 0.00897
6421 3305 0.00897
3124 3306 0.0039452
3307 3306 0.0039452
3308 3306 0.0039452
3637 3306 0.0039452
3136 3307 0.0097407
3305 3307 0.0097407
3306 3307 0.0097407
3107 3308 0.00025109
3110 3308 0.00025109
3309 3308 0.00025109
3310 3308 0.00025109
3124 3309 0.001302
3307 3309 0.001302
3308 3309 0.001302
3637 3309 0.001302
3109 3312 0.0012745
3112 3312 0.0012745
3313 3312 0.0012745
3314 3312 0.0012745
3123 3313 0.00027984
3126 3313 0.00027984
3312 3313 0.00027984
3317 3316 0.00037749
5238 3316 0.00037749
7089 3316 0.00037749
3319 3318 0.0023345
5985 3318 0.0023345
7093 3318 0.0023345
7095 3318 0.0023345
3318 3319 0.0027104
6983 3319 0.0027104
7092 3319 0.0027104
3321 3320 0.00082505
3322 3320 0.00082505
7097 3320 0.00082505
3320 3321 0.021839
6977 3321 0.021839
7096 3321 0.021839
3323 3322 0.0019156
3324 3322 0.0019156
7103 3322 0.0019156
3321 3323 0.021575
3322 3323 0.021575
7097 3323 0.021575
3325 3324 0.004883
3326 3324 0.004883
7099 3324 0.004883
3323 3325 0.040202
3324 3325 0.040202
7103 3325 0.040202
2753 3326 0.018215
3327 3326 0.018215
5237 3326 0.018215
3325 3327 0.03799
3326 3327 0.03799
7099 3327 0.03799
2353 3328 0.00084785
3337 3328 0.00084785
3332 3331 0.00025372
3334 3331 0.00025372
3331 3332 0.00088707
5827 3332 0.00088707
5829 3332 0.00088707
3332 3333 0.00088707
3334 3333 0.00088707
3333 3334 0.00025372
3336 3334 0.00025372
6225 3334 0.00025372
3333 3335 0.0022629
3336 3335 0.0022629
6225 3335 0.0022629
3335 3336 0.0015135
5823 3336 0.0015135
5831 3336 0.0015135
6967 3336 0.0015135
3137 3337 0.00072755
3302 3337 0.00072755
3338 3337 0.00072755
3343 3338 0.0010528
3639 3338 0.0010528
3962 3338 0.0010528
600 3343 0.0059886
2849 3343 0.0059886
3344 3343 0.0059886
3345 3343 0.0059886
3638 3637 0.0057281
3640 3637 0.0057281
5268 3637 0.0057281
3124 3638 0.012764
3307 3638 0.012764
3308 3638 0.012764
3637 3638 0.012764
3638 3639 0.00086572
3640 3639 0.00086572
5268 3639 0.00086572
3343 3640 0.0058887
3639 3640 0.0058887
3962 3640 0.0058887
3898 3899 0.0005409
5581 3899 0.0005409
5935 3899 0.0005409
3907 3906 0.0022223
4019 3906 0.0022223
6228 3906 0.0022223
6358 3906 0.0022223
2072 3907 0.011308
2074 3907 0.011308
2075 3907 0.011308
3906 3907 0.011308
3145 3910 0.00029611
3148 3910 0.00029611
3911 3910 0.00029611
6109 3910 0.00029611
3139 3911 0.00036794
3910 3911 0.00036794
6112 3911 0.00036794
2267 3958 0.01888
4652 3958 0.01888
4686 3959 0.018868
4685 3962 0.00015734
5086 3962 0.00015734
6876 3963 0.00033155
1129 3964 0.15946
3963 3964 0.15946
785 3975 0.00087308
3973 3975 0.00087308
3976 3975 0.00087308
3977 3975 0.00087308
2265 3976 0.0010336
2268 3976 0.0010336
3975 3976 0.0010336
4020 4019 0.0013079
6232 4019 0.0013079
6351 4019 0.0013079
3907 4020 0.01372
4019 4020 0.01372
6228 4020 0.01372
6358 4020 0.01372
638 4142 1
4143 4142 1
6298 4142 1
4142 4144 1
4145 4144 1
4144 4146 1
4147 4146 1
4153 4146 1
4149 4148 1
4151 4148 1
6839 4148 1
4163 4162 0.00014051
4164 4162 0.00014051
5889 4162 0.00014051
5892 4162 0.00014051
4162 4163 0.00023232
4171 4163 0.00023232
5793 4163 0.00023232
4165 4164 0.00011815
4166 4164 0.00011815
5929 4164 0.00011815
5972 4164 0.00011815
4162 4170 0.00016935
4171 4170 0.00016935
5793 4170 0.00016935
4170 4171 0.00018422
4173 4171 0.00018422
5933 4171 0.00018422
4170 4172 0.0002263
4173 4172 0.0002263
5933 4172 0.0002263
4172 4173 0.00019237
5797 4173 0.00019237
4175 4174 1.0004
4176 4174 1.0004
5784 4174 1.0004
5785 4174 1.0004
4177 4176 0.00012674
4178 4176 0.00012674
5970 4176 0.00012674
4220 4219 0.00016691
4222 4219 0.00016691
943 4222 0.00016691
4221 4222 0.00016691
4815 4222 0.00016691
4264 4263 0.00082985
4269 4263 0.00082985
4285 4263 0.00082985
4263 4264 0.00049552
6299 4264 0.00049552
6302 4264 0.00049552
6313 4264 0.00049552
668 4265 0.00017136
4266 4265 0.00017136
4271 4265 0.00017136
4265 4266 0.00048345
4270 4266 0.00048345
6672 4266 0.00048345
4265 4269 0.00082985
4270 4269 0.00082985
6672 4269 0.00082985
4264 4270 0.00049552
4269 4270 0.00049552
4285 4270 0.00049552
4267 4271 0.00017136
4272 4271 0.00017136
5805 4271 0.00017136
668 4272 0.00048345
4266 4272 0.00048345
4271 4272 0.00048345
7170 4654 1
2351 4657 0.00021676
4656 4657 0.00021676
7014 4657 0.00021676
7087 4657 0.00021676
6741 4678 0.99972
6743 4686 0.99998
2327 4707 0.00025823
4708 4707 0.00025823
5968 4707 0.00025823
3189 4708 0.0077214
4707 4708 0.0077214
5981 4708 0.0077214
7130 4708 0.0077214
4788 4787 0.00055252
6408 4787 0.00055252
6409 4787 0.00055252
3141 4788 0.00010346
3144 4788 0.00010346
4787 4788 0.00010346
996 4789 0.00053
3119 4789 0.00053
4790 4789 0.00053
6237 4789 0.00053
4789 4790 0.00055611
6240 4790 0.00055611
6365 4790 0.00055611
986 4801 0.0054214
2895 4801 0.0054214
4802 4801 0.0054214
4685 5085 0.0014143
5086 5085 0.0014143
5087 5086 0.0015715
5271 5086 0.0015715
1129 5087 0.8421
3963 5087 0.8421
5088 5093 0.00033164
5094 5093 0.00033164
1126 5094 0.00026916
3121 5237 0.0027381
3328 5237 0.0027381
3329 5237 0.0027381
2348 5238 0.00093113
5239 5238 0.00093113
5739 5238 0.00093113
3317 5239 0.00018708
5238 5239 0.00018708
7089 5239 0.00018708
4597 5251 0.00035469
5250 5251 0.00035469
5253 5251 0.00035469
734 5253 0.00035409
2879 5253 0.00035409
5252 5253 0.00035409
3638 5267 0.99982
3640 5267 0.99982
5268 5267 0.99982
3138 5268 0.98777
5832 5268 0.98777
6422 5268 0.98777
3122 5269 0.97545
5270 5269 0.97545
6233 5269 0.97545
2753 5270 0.96185
3327 5270 0.96185
5237 5270 0.96185
3964 5271 0.15946
6738 5271 0.15946
704 5273 0.00032391
5272 5273 0.00032391
5275 5273 0.00032391
674 5275 0.00033435
5274 5275 0.00033435
5277 5275 0.00033435
676 5277 0.00033435
2283 5277 0.00033435
5276 5277 0.00033435
680 5279 0.00033436
2281 5279 0.00033436
5278 5279 0.00033436
6744 5280 0.072559
2280 5281 0.0050386
5280 5281 0.0050386
5282 5281 0.0050386
738 5576 0.0063603
2913 5576 0.0063603
5577 5576 0.0063603
5576 5578 0.0063587
5579 5578 0.0063587
3898 5580 0.933
5581 5580 0.933
5935 5580 0.933
5578 5582 0.0063562
5583 5582 0.0063562
5584 5582 0.0063562
5666 5662 0.00020658
5667 5662 0.00020658
4657 5666 0.00021858
5663 5666 0.00021858
5665 5666 0.00021858
4213 5745 0.00010597
5743 5745 0.00010597
5744 5745 0.00010597
1658 5746 0.0021393
5747 5746 0.0021393
5907 5746 0.0021393
5984 5746 0.0021393
981 5780 0.00015523
5779 5780 0.00015523
6433 5780 0.00015523
6436 5780 0.00015523
5783 5784 0.00025567
5788 5784 0.00025567
5796 5784 0.00025567
5783 5787 0.00017732
5788 5787 0.00017732
5796 5787 0.00017732
5787 5788 0.00047671
5914 5788 0.00047671
5915 5788 0.00047671
5790 5789 0.0010923
5791 5789 0.0010923
5932 5789 0.0010923
5969 5789 0.0010923
5789 5790 0.0007052
5911 5790 0.0007052
5913 5790 0.0007052
5982 5790 0.0007052
5792 5791 0.00023069
5891 5791 0.00023069
5894 5791 0.00023069
5790 5792 0.00077867
5791 5792 0.00077867
5932 5792 0.00077867
5969 5792 0.00077867
4172 5796 0.00018513
5797 5796 0.00018513
5783 5797 0.00026744
5788 5797 0.00026744
5796 5797 0.00026744
4267 5804 0.00048331
4272 5804 0.00048331
5805 5804 0.00048331
5804 5805 0.00017121
6671 5805 0.00017121
6676 5805 0.00017121
3335 5822 0.011651
5823 5822 0.011651
5831 5822 0.011651
6967 5822 0.011651
5822 5823 0.0048821
6963 5823 0.0048821
7102 5823 0.0048821
7104 5823 0.0048821
5825 5824 0.0018929
5826 5824 0.0018929
5830 5824 0.0018929
5824 5825 0.012576
6964 5825 0.012576
7100 5825 0.012576
3331 5826 0.00025372
5827 5826 0.00025372
5829 5826 0.00025372
5825 5827 0.00088707
5826 5827 0.00088707
5830 5827 0.00088707
3335 5830 0.002081
5823 5830 0.002081
5831 5830 0.002081
6967 5830 0.002081
5825 5831 0.012131
5826 5831 0.012131
5830 5831 0.012131
2352 5832 0.99483
2355 5832 0.99483
5269 5832 0.99483
5795 5889 0.0001022
5887 5889 0.0001022
5890 5889 0.0001022
4163 5891 0.00035255
4164 5891 0.00035255
5889 5891 0.00035255
5892 5891 0.00035255
5792 5892 0.00019418
5891 5892 0.00019418
5894 5892 0.00019418
5792 5893 0.00098335
5891 5893 0.00098335
5894 5893 0.00098335
5893 5894 0.000277
7255 5894 0.000277
2329 5895 0.0071005
5896 5895 0.0071005
7254 5895 0.0071005
7258 5895 0.0071005
942 5897 0.007058
945 5897 0.007058
5898 5897 0.007058
7252 5897 0.007058
5897 5899 0.01012
5900 5899 0.01012
5983 5899 0.01012
5899 5901 0.01016
5902 5901 0.01016
5910 5901 0.01016
1655 5903 0.012334
5745 5903 0.012334
5901 5903 0.012334
5904 5903 0.012334
2344 5905 0.010236
2347 5905 0.010236
5906 5905 0.010236
5905 5906 0.0025193
6955 5906 0.0025193
7110 5906 0.0025193
719 5907 0.0051401
5908 5907 0.0051401
7109 5907 0.0051401
5787 5913 0.00017732
5914 5913 0.00017732
5915 5913 0.00017732
5789 5914 0.00047671
5911 5914 0.00047671
5913 5914 0.00047671
5982 5914 0.00047671
4170 5932 0.00024333
4173 5932 0.00024333
5933 5932 0.00024333
5790 5933 0.00029213
5791 5933 0.00029213
5932 5933 0.00029213
5969 5933 0.00029213
1468 5935 0.9335
5934 5935 0.9335
3125 5948 0.00079749
3128 5948 0.00079749
5949 5948 0.00079749
3135 5949 0.00075796
5948 5949 0.00075796
5953 5949 0.00075796
3135 5952 0.00020645
5948 5952 0.00020645
5953 5952 0.00020645
5952 5953 0.0011222
6378 5953 0.0011222
6379 5953 0.0011222
5790 5968 0.00050898
5791 5968 0.00050898
5932 5968 0.00050898
5969 5968 0.00050898
2327 5969 0.0014929
4708 5969 0.0014929
5968 5969 0.0014929
4172 5970 0.00011623
5797 5970 0.00011623
2331 5972 0.00010122
4196 5972 0.00010122
5971 5972 0.00010122
7256 5972 0.00010122
5789 5981 0.001219
5911 5981 0.001219
5913 5981 0.001219
5982 5981 0.001219
3189 5982 0.0011313
4707 5982 0.0011313
5981 5982 0.0011313
7130 5982 0.0011313
1658 5983 0.0032583
5747 5983 0.0032583
5907 5983 0.0032583
5984 5983 0.0032583
5897 5984 0.00019712
5900 5984 0.00019712
5983 5984 0.00019712
2349 5985 0.059867
5903 5985 0.059867
5986 5985 0.059867
7105 5985 0.059867
6107 6108 0.00030237
6110 6108 0.00030237
6114 6108 0.00030237
3145 6110 0.00029722
3148 6110 0.00029722
3911 6110 0.00029722
6109 6110 0.00029722
3139 6111 0.00035415
3910 6111 0.00035415
6112 6111 0.00035415
6111 6112 0.00023626
6396 6112 0.00023626
6397 6112 0.00023626
6406 6112 0.00023626
2903 6130 0.00053662
6129 6130 0.00053662
6132 6130 0.00053662
2905 6132 0.00053662
6131 6132 0.00053662
6134 6132 0.00053662
2907 6134 0.00053457
6133 6134 0.00053457
6136 6134 0.00053457
2909 6136 0.0005409
3899 6136 0.0005409
6135 6136 0.0005409
548 6225 0.0017608
6226 6225 0.0017608
6227 6225 0.0017608
6230 6225 0.0017608
3333 6226 0.0016448
3336 6226 0.0016448
6225 6226 0.0016448
3907 6227 0.00069324
4019 6227 0.00069324
6228 6227 0.00069324
6358 6227 0.00069324
548 6228 0.015453
6226 6228 0.015453
6227 6228 0.015453
6230 6228 0.015453
548 6229 0.0017304
6226 6229 0.0017304
6227 6229 0.0017304
6230 6229 0.0017304
6229 6230 0.0092177
6979 6230 0.0092177
7063 6230 0.0092177
4020 6231 0.017863
6232 6231 0.017863
6351 6231 0.017863
6231 6232 0.0018283
6234 6232 0.0018283
6354 6232 0.0018283
6231 6233 0.019014
6234 6233 0.019014
6354 6233 0.019014
3122 6234 0.0035162
5270 6234 0.0035162
6233 6234 0.0035162
2071 6237 0.0021162
6238 6237 0.0021162
6239 6237 0.0021162
996 6238 0.0021073
3119 6238 0.0021073
4790 6238 0.0021073
6237 6238 0.0021073
4789 6239 0.00051517
6240 6239 0.00051517
6365 6239 0.00051517
2071 6240 0.00053206
6238 6240 0.00053206
6239 6240 0.00053206
6297 6298 1
6848 6298 1
4263 6300 1
6299 6300 1
6302 6300 1
6313 6300 1
6301 6302 0.99967
6850 6302 0.99967
4654 6303 0.92744
4686 6304 0.98112
950 6351 0.0051137
6352 6351 0.0051137
6353 6351 0.0051137
6356 6351 0.0051137
4020 6352 0.0014917
6232 6352 0.0014917
6351 6352 0.0014917
2354 6353 0.0045486
2357 6353 0.0045486
948 6354 0.0018647
951 6354 0.0018647
6355 6354 0.0018647
6231 6355 0.0024011
6234 6355 0.0024011
6354 6355 0.0024011
6357 6356 0.0007474
6361 6356 0.0007474
950 6357 0.0022103
6352 6357 0.0022103
6353 6357 0.0022103
6356 6357 0.0022103
995 6358 0.0011078
6359 6358 0.0011078
6360 6358 0.0011078
3907 6359 0.012541
4019 6359 0.012541
6228 6359 0.012541
6358 6359 0.012541
6357 6360 0.00066722
6361 6360 0.00066722
995 6361 0.013358
6359 6361 0.013358
6360 6361 0.013358
6357 6362 0.014153
6361 6362 0.014153
6364 6363 0.0002253
6410 6363 0.0002253
6411 6363 0.0002253
6363 6364 0.0010704
6943 6364 0.0010704
7165 6364 0.0010704
2364 6365 0.00025187
2367 6365 0.00025187
6366 6365 0.00025187
6367 6365 0.00025187
4789 6366 0.00024266
6240 6366 0.00024266
6365 6366 0.00024266
2364 6368 0.00010775
2367 6368 0.00010775
6366 6368 0.00010775
6367 6368 0.00010775
3140 6371 0.0006991
6372 6371 0.0006991
6373 6371 0.0006991
6407 6371 0.0006991
2078 6372 0.0054195
2358 6372 0.0054195
2361 6372 0.0054195
6371 6372 0.0054195
3143 6373 0.0002531
3146 6373 0.0002531
6374 6373 0.0002531
6375 6373 0.0002531
3140 6374 0.0042686
6372 6374 0.0042686
6373 6374 0.0042686
6407 6374 0.0042686
6376 6375 0.00021486
6377 6375 0.00021486
6417 6375 0.00021486
3143 6376 0.0035172
3146 6376 0.0035172
6374 6376 0.0035172
6375 6376 0.0035172
5952 6377 0.00023575
6378 6377 0.00023575
6379 6377 0.00023575
6376 6378 0.0020059
6377 6378 0.0020059
6417 6378 0.0020059
3127 6379 0.00030532
3130 6379 0.00030532
6380 6379 0.00030532
6381 6379 0.00030532
5952 6380 0.0011597
6378 6380 0.0011597
6379 6380 0.0011597
3111 6381 0.0002516
3114 6381 0.0002516
6382 6381 0.0002516
6383 6381 0.0002516
3127 6382 0.00022613
3130 6382 0.00022613
6380 6382 0.00022613
6381 6382 0.00022613
6111 6395 0.00036505
6396 6395 0.00036505
6397 6395 0.00036505
6406 6395 0.00036505
2362 6396 0.00031112
2365 6396 0.00031112
6395 6396 0.00031112
3147 6397 0.00013997
5951 6397 0.00013997
6398 6397 0.00013997
6399 6397 0.00013997
6111 6398 0.00022143
6396 6398 0.00022143
6397 6398 0.00022143
6406 6398 0.00022143
3147 6400 0.0001301
5951 6400 0.0001301
6398 6400 0.0001301
6399 6400 0.0001301
3909 6402 0.0001041
6113 6402 0.0001041
6400 6402 0.0001041
6401 6402 0.0001041
4788 6407 0.00052389
6408 6407 0.00052389
6409 6407 0.00052389
3140 6408 0.0010391
6372 6408 0.0010391
6373 6408 0.0010391
6407 6408 0.0010391
6364 6409 0.00063426
6410 6409 0.00063426
6411 6409 0.00063426
4788 6410 0.00070037
6408 6410 0.00070037
6409 6410 0.00070037
6364 6412 0.00097424
6410 6412 0.00097424
6411 6412 0.00097424
5834 6414 0.00097424
6412 6414 0.00097424
6413 6414 0.00097424
6416 6415 0.00014527
6418 6415 0.00014527
6419 6415 0.00014527
3142 6416 0.0019878
6414 6416 0.0019878
6415 6416 0.0019878
6416 6417 0.00039103
6418 6417 0.00039103
6419 6417 0.00039103
6376 6418 0.0019232
6377 6418 0.0019232
6417 6418 0.0019232
3304 6419 0.00047964
6420 6419 0.00047964
6421 6419 0.00047964
6416 6420 0.0038544
6418 6420 0.0038544
6419 6420 0.0038544
3138 6421 0.0089085
5832 6421 0.0089085
6422 6421 0.0089085
3304 6422 0.007443
6420 6422 0.007443
6421 6422 0.007443
568 6436 0.0060064
4174 6436 0.0060064
6435 6436 0.0060064
706 6671 0.00033455
5273 6671 0.00033455
6670 6671 0.00033455
715 6672 0.00066963
6673 6672 0.00066963
6677 6672 0.00066963
5804 6677 0.00066963
6671 6677 0.00066963
6676 6677 0.00066963
4675 6682 0.0050728
5281 6682 0.0050728
2280 6685 0.067207
5280 6685 0.067207
5282 6685 0.067207
6723 6722 1
6841 6722 1
6750 6734 1
712 6741 0.99972
6303 6741 0.99972
5087 6743 0.99998
5271 6743 0.99998
4654 6744 0.072559
6751 6750 1
3958 6751 1
6304 6751 1
6756 6757 0.99967
7121 6757 0.99967
4146 6839 1
6840 6839 1
4148 6841 1
6842 6841 1
671 6848 1
6300 6848 1
6847 6848 1
6849 6850 0.99967
7119 6850 0.99967
6682 6871 0.07228
6685 6871 0.07228
5093 6875 0.00033155
6875 6876 0.00033155
5662 6878 0.00024824
5664 6878 0.00024824
6939 6938 0.00083411
7067 6938 0.00083411
7163 6938 0.00083411
7164 6938 0.00083411
6938 6939 0.00047695
6941 6939 0.00047695
6949 6939 0.00047695
6938 6940 0.000106
6941 6940 0.000106
6949 6940 0.000106
6940 6941 0.00066669
6942 6941 0.00066669
6945 6941 0.00066669
6947 6941 0.00066669
6363 6942 0.00066669
6943 6942 0.00066669
7165 6942 0.00066669
6940 6943 0.000106
6942 6943 0.000106
6945 6943 0.000106
6947 6943 0.000106
6938 6948 0.0010781
6941 6948 0.0010781
6949 6948 0.0010781
6948 6949 0.00016025
6950 6949 0.00016025
6953 6949 0.00016025
6948 6952 0.0010781
6950 6952 0.0010781
6953 6952 0.0010781
6952 6953 0.00016025
7161 6953 0.00016025
7162 6953 0.00016025
5905 6954 0.0053463
6955 6954 0.0053463
7110 6954 0.0053463
6954 6955 0.002743
6957 6955 0.002743
6959 6955 0.002743
2346 6959 0.002743
6960 6959 0.002743
7108 6959 0.002743
6954 6960 0.0053463
6957 6960 0.0053463
6959 6960 0.0053463
5824 6963 0.013942
6964 6963 0.013942
7100 6963 0.013942
5822 6964 0.0090816
6963 6964 0.0090816
7102 6964 0.0090816
7104 6964 0.0090816
6965 6967 0.00093768
6968 6967 0.00093768
7101 6967 0.00093768
3335 6968 0.0049677
5823 6968 0.0049677
5831 6968 0.0049677
6967 6968 0.0049677
6969 6971 0.0054942
6972 6971 0.0054942
6975 6971 0.0054942
7066 6971 0.0054942
6971 6972 0.0025602
6974 6972 0.0025602
7064 6972 0.0025602
6971 6973 0.0063269
6974 6973 0.0063269
7064 6973 0.0063269
6973 6974 0.0047616
6976 6974 0.0047616
6978 6974 0.0047616
6973 6975 0.0098342
6976 6975 0.0098342
6978 6975 0.0098342
6969 6976 0.0021365
6972 6976 0.0021365
6975 6976 0.0021365
7066 6976 0.0021365
6973 6977 0.0049209
6976 6977 0.0049209
6978 6977 0.0049209
3320 6978 0.011053
6977 6978 0.011053
7096 6978 0.011053
6980 6979 0.008305
7065 6979 0.008305
7098 6979 0.008305
6229 6980 0.0021865
6979 6980 0.0021865
7063 6980 0.0021865
6982 6981 0.0010513
6984 6981 0.0010513
6986 6981 0.0010513
6981 6982 0.00021527
6990 6982 0.00021527
6982 6983 0.00076162
6984 6983 0.00076162
6986 6983 0.00076162
3318 6984 0.0019698
6983 6984 0.0019698
7092 6984 0.0019698
6982 6985 0.0012042
6984 6985 0.0012042
6986 6985 0.0012042
6985 6986 0.00083198
6988 6986 0.00083198
6989 6986 0.00083198
6985 6987 0.0017335
6988 6987 0.0017335
6989 6987 0.0017335
6987 6988 0.00052529
6992 6988 0.00052529
6994 6988 0.00052529
6981 6989 0.0010513
6990 6989 0.0010513
6985 6990 0.00021527
6988 6990 0.00021527
6989 6990 0.00021527
6987 6991 0.0013989
6992 6991 0.0013989
6994 6991 0.0013989
6991 6992 0.00017288
6995 6992 0.00017288
7000 6992 0.00017288
6987 6993 0.00093213
6992 6993 0.00093213
6994 6993 0.00093213
6993 6994 0.00094991
6996 6994 0.00094991
6998 6994 0.00094991
7001 6994 0.00094991
6993 6995 0.0004092
6996 6995 0.0004092
6998 6995 0.0004092
7001 6995 0.0004092
6991 6996 0.0012066
6995 6996 0.0012066
7000 6996 0.0012066
6993 6997 0.0017667
6996 6997 0.0017667
6998 6997 0.0017667
7001 6997 0.0017667
6997 6998 0.00055849
7090 6998 0.00055849
7091 6998 0.00055849
6991 6999 0.00050554
6995 6999 0.00050554
7000 6999 0.00050554
6999 7001 0.00050554
7002 7001 0.00050554
7004 7001 0.00050554
3316 7006 0.00013624
7005 7006 0.00013624
7008 7006 0.00013624
7088 7006 0.00013624
6971 7063 0.0051006
6974 7063 0.0051006
7064 7063 0.0051006
6229 7064 0.0037318
6979 7064 0.0037318
7063 7064 0.0037318
6969 7065 0.0070788
6972 7065 0.0070788
6975 7065 0.0070788
7066 7065 0.0070788
6980 7066 0.0023151
7065 7066 0.0023151
7098 7066 0.0023151
3316 7087 0.00024663
7005 7087 0.00024663
7008 7087 0.00024663
7088 7087 0.00024663
6997 7089 0.00028853
7090 7089 0.00028853
7091 7089 0.00028853
3317 7090 0.00066442
5238 7090 0.00066442
7089 7090 0.00066442
3318 7091 0.00071878
6983 7091 0.00071878
7092 7091 0.00071878
6997 7092 0.0023029
7090 7092 0.0023029
7091 7092 0.0023029
547 7093 0.0015175
2073 7093 0.0015175
7094 7093 0.0015175
3319 7094 0.034611
5985 7094 0.034611
7093 7094 0.034611
7095 7094 0.034611
3320 7095 0.00078534
6977 7095 0.00078534
7096 7095 0.00078534
3319 7096 0.027932
5985 7096 0.027932
7093 7096 0.027932
7095 7096 0.027932
6980 7097 0.0048325
7065 7097 0.0048325
7098 7097 0.0048325
3321 7098 0.0061873
3322 7098 0.0061873
7097 7098 0.0061873
5824 7099 0.0068888
6964 7099 0.0068888
7100 7099 0.0068888
3325 7100 0.022432
3326 7100 0.022432
7099 7100 0.022432
5822 7101 0.00093768
6963 7101 0.00093768
7102 7101 0.00093768
7104 7101 0.00093768
6965 7102 0.0049677
6968 7102 0.0049677
7101 7102 0.0049677
5822 7103 0.021897
6963 7103 0.021897
7102 7103 0.021897
7104 7103 0.021897
3323 7104 0.0062378
3324 7104 0.0062378
7103 7104 0.0062378
6961 7105 0.048422
7106 7105 0.048422
7107 7105 0.048422
2346 7107 0.048422
6960 7107 0.048422
7108 7107 0.048422
5905 7109 0.0051401
6955 7109 0.0051401
7110 7109 0.0051401
6757 7119 0.99967
7118 7119 0.99967
4678 7121 0.99967
7120 7121 0.99967
2324 7130 0.0086125
7131 7130 0.0086125
3189 7131 0.0012371
4707 7131 0.0012371
5981 7131 0.0012371
7130 7131 0.0012371
6952 7160 0.0013886
7161 7160 0.0013886
7162 7160 0.0013886
2356 7161 0.0022337
2359 7161 0.0022337
6362 7161 0.0022337
7160 7161 0.0022337
6939 7162 0.00056382
7067 7162 0.00056382
7163 7162 0.00056382
7164 7162 0.00056382
6952 7163 0.0023268
7161 7163 0.0023268
7162 7163 0.0023268
6363 7164 0.00026437
6943 7164 0.00026437
7165 7164 0.00026437
6939 7165 0.0016702
7067 7165 0.0016702
7163 7165 0.0016702
7164 7165 0.0016702
7171 7170 1
6734 7171 1
1232 7248 0.93929
7249 7248 0.93929
1235 7251 0.93933
7248 7251 0.93933
7250 7251 0.93933
5895 7252 0.0071005
7253 7252 0.0071005
5893 7254 0.00098335
7255 7254 0.00098335
2329 7255 0.000277
5896 7255 0.000277
7254 7255 0.000277
7258 7255 0.000277
2328 7256 0.00014603
7257 7256 0.00014603
2326 7258 0.0065142
7259 7258 0.0065142
