98 97 0.0074543
3704 97 0.0074543
3705 97 0.0074543
97 98 0.0021773
412 98 0.0021773
6566 98 0.0021773
110 109 0.0055609
5717 109 0.0055609
6560 109 0.0055609
134 133 0.074313
3708 133 0.074313
3709 133 0.074313
133 134 0.041325
3052 134 0.041325
146 145 0.00016849
1546 145 0.00016849
1549 145 0.00016849
145 146 0.00015696
2374 146 0.00015696
2730 146 0.00015696
97 411 0.0074543
412 411 0.0074543
6566 411 0.0074543
411 412 0.0021773
3734 412 0.0021773
3735 412 0.0021773
554 553 0.039062
1525 553 0.039062
2824 553 0.039062
553 554 0.00048336
3702 554 0.00048336
3703 554 0.00048336
5260 723 0.0040346
723 724 0.082612
6920 724 0.082612
109 781 0.0055609
782 781 0.0055609
784 781 0.0055609
1520 1521 0.0061097
1523 1521 0.0061097
2825 1521 0.0061097
1522 1523 0.037808
2821 1523 0.037808
2827 1523 0.037808
554 1524 0.0046191
1525 1524 0.0046191
2824 1524 0.0046191
1524 1525 0.011503
1968 1525 0.011503
2820 1525 0.011503
1527 1526 0.065997
1967 1526 0.065997
2822 1526 0.065997
1544 1546 0.00015384
1547 1546 0.00015384
2807 1546 0.00015384
146 1548 0.00015551
1546 1548 0.00015551
1549 1548 0.00015551
1000 1549 0.00010896
1548 1549 0.00010896
2805 1549 0.00010896
2874 1549 0.00010896
1566 1568 0.00057898
1569 1568 0.00057898
5716 1568 0.00057898
1660 1659 0.00022716
6196 1659 0.00022716
7158 1659 0.00022716
1524 1967 1.022
1968 1967 1.022
2820 1967 1.022
1527 1968 0.00071145
1967 1968 0.00071145
2822 1968 0.00071145
1972 1971 0.00075089
3706 1971 0.00075089
3707 1971 0.00075089
3736 1971 0.00075089
1969 1972 0.95611
1971 1972 0.95611
2823 1972 0.95611
724 2146 0.0033419
2147 2146 0.0033419
6794 2146 0.0033419
2146 2147 0.92326
3712 2147 0.92326
4663 2147 0.92326
7113 2147 0.92326
2148 2149 1.0025
6795 2149 1.0025
2150 2151 0.9985
6797 2151 0.9985
145 2375 0.0015631
2374 2375 0.0015631
2730 2375 0.0015631
2375 2377 0.0014865
2376 2377 0.0014865
2806 2377 0.0014865
2382 2383 0.049657
3645 2383 0.049657
3648 2383 0.049657
2383 2384 0.049673
2385 2384 0.049673
2386 2384 0.049673
2711 2722 0.0014864
2721 2722 0.0014864
3641 2722 0.0014864
2709 2724 0.0014864
2722 2724 0.0014864
2723 2724 0.0014864
6588 2724 0.0014864
2724 2726 0.0014864
2725 2726 0.0014864
2861 2726 0.0014864
2679 2728 0.0015091
2726 2728 0.0015091
2727 2728 0.0015091
2728 2730 0.0015519
2729 2730 0.0015519
2873 2730 0.0015519
2375 2807 0.00016624
2376 2807 0.00016624
2806 2807 0.00016624
1522 2820 0.028955
2821 2820 0.028955
2827 2820 0.028955
1524 2821 0.00078419
1968 2821 0.00078419
2820 2821 0.00078419
1969 2822 0.0007509
1971 2822 0.0007509
2823 2822 0.0007509
1527 2823 0.95611
1967 2823 0.95611
2822 2823 0.95611
1520 2824 0.03191
1523 2824 0.03191
2825 2824 0.03191
554 2825 0.00021561
1525 2825 0.00021561
2824 2825 0.00021561
1526 2827 0.065997
2826 2827 0.065997
1000 2873 0.00016442
1548 2873 0.00016442
2805 2873 0.00016442
2874 2873 0.00016442
2728 2874 0.00012214
2729 2874 0.00012214
2873 2874 0.00012214
133 3051 0.074313
3052 3051 0.074313
3051 3052 0.041325
3710 3052 0.041325
3711 3052 0.041325
3054 3053 0.00015499
3685 3053 0.00015499
3647 3161 0.95038
3650 3161 0.95038
3207 3206 0.00016919
4559 3206 0.00016919
4562 3206 0.00016919
1659 3212 0.00037427
3213 3212 0.00037427
4560 3212 0.00037427
3212 3213 0.00028192
3651 3213 0.00028192
3654 3213 0.00028192
3642 3641 0.0014864
3698 3641 0.0014864
3716 3641 0.0014864
2377 3643 0.0014865
2380 3643 0.0014865
3644 3643 0.0014865
2661 3645 0.0014957
3643 3645 0.0014957
3646 3645 0.0014957
2382 3647 0.0010623
3645 3647 0.0010623
3648 3647 0.0010623
3647 3648 0.049178
3650 3648 0.049178
2151 3650 0.9985
3649 3650 0.9985
3652 3650 0.9985
6823 3650 0.9985
2151 3651 0.0077287
3649 3651 0.0077287
3652 3651 0.0077287
6823 3651 0.0077287
3212 3652 0.0077493
3651 3652 0.0077493
3654 3652 0.0077493
3212 3653 0.0074704
3651 3653 0.0074704
3654 3653 0.0074704
3653 3654 0.0073987
3656 3654 0.0073987
6210 3654 0.0073987
3653 3655 0.0019459
3656 3655 0.0019459
6210 3655 0.0019459
3655 3656 0.006174
3658 3656 0.006174
6205 3656 0.006174
3655 3657 0.00011837
3658 3657 0.00011837
6205 3657 0.00011837
3053 3684 0.00016734
3682 3684 0.00016734
3683 3684 0.00016734
3684 3685 0.00015499
3686 3685 0.00015499
3687 3685 0.00015499
3688 3687 0.00018483
3714 3687 0.00018483
3715 3687 0.00018483
3684 3688 0.0001745
3686 3688 0.0001745
3687 3688 0.0001745
1568 3700 0.00057556
1571 3700 0.00057556
3699 3700 0.00057556
781 3702 0.0061216
3700 3702 0.0061216
3701 3702 0.0061216
98 3703 0.00037449
3704 3703 0.00037449
3705 3703 0.00037449
553 3704 0.044999
3702 3704 0.044999
3703 3704 0.044999
1972 3705 0.0069913
3706 3705 0.0069913
3707 3705 0.0069913
3736 3705 0.0069913
98 3706 0.046339
3704 3706 0.046339
3705 3706 0.046339
134 3707 0.00038032
3708 3707 0.00038032
3709 3707 0.00038032
1972 3708 1.0004
3706 3708 1.0004
3707 3708 1.0004
3736 3708 1.0004
3051 3709 0.00021756
3710 3709 0.00021756
3711 3709 0.00021756
134 3710 0.96721
3708 3710 0.96721
3709 3710 0.96721
3051 3712 1
3710 3712 1
3711 3712 1
3688 3713 0.00017433
3714 3713 0.00017433
3715 3713 0.00017433
3713 3714 0.0016605
6921 3714 0.0016605
7114 3714 0.0016605
3688 3716 0.0014791
3714 3716 0.0014791
3715 3716 0.0014791
1972 3735 0.0022582
3706 3735 0.0022582
3707 3735 0.0022582
3736 3735 0.0022582
411 3736 0.0075355
3734 3736 0.0075355
3735 3736 0.0075355
1659 4559 0.00025305
3213 4559 0.00025305
4560 4559 0.00025305
3207 4560 0.00015243
4559 4560 0.00015243
4562 4560 0.00015243
2149 5260 0.0040346
7287 5260 0.0040346
110 5716 0.00057898
5717 5716 0.00057898
6560 5716 0.00057898
3206 6194 0.00021325
6192 6194 0.00021325
6193 6194 0.00021325
1680 6196 0.00021677
6194 6196 0.00021677
6195 6196 0.00021677
6206 6205 0.0061515
6209 6205 0.0061515
6211 6205 0.0061515
3655 6206 0.0018518
3658 6206 0.0018518
6205 6206 0.0018518
3653 6209 0.0061515
3656 6209 0.0061515
6210 6209 0.0061515
6206 6210 0.0018518
6209 6210 0.0018518
6211 6210 0.0018518
1521 6560 0.0060877
6558 6560 0.0060877
6561 6560 0.0060877
724 6795 1.0025
2147 6795 1.0025
6794 6795 1.0025
6796 6797 0.9985
7183 6797 0.9985
2384 6903 0.049673
6904 6903 0.049673
6903 6905 0.070055
6906 6905 0.070055
6916 6905 0.070055
6905 6906 0.0039619
6908 6906 0.0039619
6910 6906 0.0039619
6905 6907 0.024597
6908 6907 0.024597
6910 6907 0.024597
6907 6908 0.06518
6914 6908 0.06518
6917 6908 0.06518
6905 6909 0.11389
6908 6909 0.11389
6910 6909 0.11389
6909 6910 0.0072116
6912 6910 0.0072116
7072 6910 0.0072116
6909 6913 1
6912 6913 1
7072 6913 1
6915 6914 0.097347
6919 6914 0.097347
7071 6914 0.097347
6907 6915 0.040291
6914 6915 0.040291
6917 6915 0.040291
6907 6916 0.055938
6914 6916 0.055938
6917 6916 0.055938
6903 6917 0.039464
6906 6917 0.039464
6916 6917 0.039464
3161 6919 0.95038
6918 6919 0.95038
3713 6920 0.078748
6921 6920 0.078748
7114 6920 0.078748
723 6921 0.00017074
6920 6921 0.00017074
6909 7071 0.010048
6912 7071 0.010048
7072 7071 0.010048
6915 7072 0.90337
6919 7072 0.90337
7071 7072 0.90337
3713 7113 0.00028595
6921 7113 0.00028595
7114 7113 0.00028595
2146 7114 0.080349
3712 7114 0.080349
4663 7114 0.080349
7113 7114 0.080349
7182 7183 0.9985
7185 7183 0.9985
7184 7185 0.9985
7288 7185 0.9985
2149 7288 0.9985
7287 7288 0.9985
