80 79 0.0013005
2703 79 0.0013005
2707 79 0.0013005
79 80 0.00051898
2680 80 0.00051898
2681 80 0.00051898
138 137 0.0055646
1558 137 0.0055646
1561 137 0.0055646
137 138 0.0010452
2684 138 0.0010452
2685 138 0.0010452
142 141 0.0013465
144 141 0.0013465
1562 141 0.0013465
1564 141 0.0013465
141 142 0.00041884
2686 142 0.00041884
2687 142 0.00041884
142 143 0.0007887
144 143 0.0007887
1562 143 0.0007887
1564 143 0.0007887
146 145 0.086739
1546 145 0.086739
1549 145 0.086739
145 146 0.11078
2374 146 0.11078
2730 146 0.11078
1001 1000 0.013111
1552 1000 0.013111
1555 1000 0.013111
1000 1001 0.015705
1548 1001 0.015705
2805 1001 0.015705
2874 1001 0.015705
1545 1544 0.0097902
1551 1544 0.0097902
4529 1544 0.0097902
1544 1545 0.013356
1547 1545 0.013356
2807 1545 0.013356
1544 1546 0.10641
1547 1546 0.10641
2807 1546 0.10641
146 1547 0.037883
1546 1547 0.037883
1549 1547 0.037883
146 1548 1.1092
1546 1548 1.1092
1549 1548 1.1092
1000 1549 0.016609
1548 1549 0.016609
2805 1549 0.016609
2874 1549 0.016609
1545 1550 0.013356
1551 1550 0.013356
4529 1550 0.013356
1550 1551 0.0097902
1553 1551 0.0097902
4785 1551 0.0097902
1550 1552 0.013356
1553 1552 0.013356
4785 1552 0.013356
1001 1553 0.0097902
1552 1553 0.0097902
1555 1553 0.0097902
1001 1554 0.0067274
1552 1554 0.0067274
1555 1554 0.0067274
1554 1555 0.00056747
1557 1555 0.00056747
2378 1555 0.00056747
1554 1556 0.0067274
1557 1556 0.0067274
2378 1556 0.0067274
135 1557 0.00056747
1556 1557 0.00056747
1559 1557 0.00056747
135 1558 0.0067274
1556 1558 0.0067274
1559 1558 0.0067274
138 1559 0.00056747
1558 1559 0.00056747
1561 1559 0.00056747
138 1560 0.00182
1558 1560 0.00182
1561 1560 0.00182
139 1561 0.00017946
1560 1561 0.00017946
1563 1561 0.00017946
139 1562 0.00182
1560 1562 0.00182
1563 1562 0.00182
142 1563 0.00017946
144 1563 0.00017946
1562 1563 0.00017946
1564 1563 0.00017946
2375 2374 0.00030548
2376 2374 0.00030548
2806 2374 0.00030548
145 2375 1.0724
2374 2375 1.0724
2730 2375 1.0724
2375 2377 0.99999
2376 2377 0.99999
2806 2377 0.99999
2382 2383 0.32658
3645 2383 0.32658
3648 2383 0.32658
2383 2384 0.32656
2385 2384 0.32656
2386 2384 0.32656
82 2661 0.0043575
2662 2661 0.0043575
2663 2661 0.0043575
2673 2661 0.0043575
2661 2662 0.0043575
3643 2662 0.0043575
3646 2662 0.0043575
2664 2663 0.0011487
2665 2663 0.0011487
2671 2663 0.0011487
82 2664 0.0033111
2662 2664 0.0033111
2663 2664 0.0033111
2673 2664 0.0033111
2672 2671 0.0011487
2674 2671 0.0011487
2664 2672 0.0033111
2665 2672 0.0033111
2671 2672 0.0033111
2672 2673 0.0033111
2674 2673 0.0033111
82 2674 0.0011487
2662 2674 0.0011487
2663 2674 0.0011487
2673 2674 0.0011487
79 2679 0.18514
2680 2679 0.18514
2681 2679 0.18514
2679 2680 0.0018892
2726 2680 0.0018892
2727 2680 0.0018892
2682 2681 0.18468
2683 2681 0.18468
2804 2681 0.18468
79 2682 0.0022101
2680 2682 0.0022101
2681 2682 0.0022101
137 2683 0.0071985
2684 2683 0.0071985
2685 2683 0.0071985
2682 2684 0.00182
2683 2684 0.00182
2804 2684 0.00182
141 2685 0.0019015
2686 2685 0.0019015
2687 2685 0.0019015
137 2686 0.0010424
2684 2686 0.0010424
2685 2686 0.0010424
2688 2687 0.0007098
2701 2687 0.0007098
6658 2687 0.0007098
6660 2687 0.0007098
141 2688 0.00077838
2686 2688 0.00077838
2687 2688 0.00077838
2702 2701 0.00015522
2704 2701 0.00015522
2705 2701 0.00015522
2688 2702 0.0009367
2701 2702 0.0009367
6658 2702 0.0009367
6660 2702 0.0009367
2702 2703 0.00066093
2704 2703 0.00066093
2705 2703 0.00066093
80 2704 0.00047653
2703 2704 0.00047653
2707 2704 0.00047653
2702 2706 0.0006643
2704 2706 0.0006643
2705 2706 0.0006643
2706 2707 0.0006643
2708 2707 0.0006643
2728 2727 0.0018982
2729 2727 0.0018982
2873 2727 0.0018982
2679 2728 0.18514
2726 2728 0.18514
2727 2728 0.18514
145 2729 0.00050152
2374 2729 0.00050152
2730 2729 0.00050152
2728 2730 1.0966
2729 2730 1.0966
2873 2730 1.0966
1000 2804 0.18345
1548 2804 0.18345
2805 2804 0.18345
2874 2804 0.18345
2682 2805 0.0063573
2683 2805 0.0063573
2804 2805 0.0063573
1544 2806 0.041909
1547 2806 0.041909
2807 2806 0.041909
2375 2807 0.11401
2376 2807 0.11401
2806 2807 0.11401
1000 2873 0.92819
1548 2873 0.92819
2805 2873 0.92819
2874 2873 0.92819
2728 2874 0.01531
2729 2874 0.01531
2873 2874 0.01531
3647 3161 0.6735
3650 3161 0.6735
2377 3643 0.99999
2380 3643 0.99999
3644 3643 0.99999
2661 3645 0.99999
3643 3645 0.99999
3646 3645 0.99999
2382 3647 0.6735
3645 3647 0.6735
3648 3647 0.6735
3647 3649 0.00062892
3650 3649 0.00062892
2151 3650 0.00066457
3649 3650 0.00066457
3652 3650 0.00066457
6823 3650 0.00066457
2151 3651 0.00061588
3649 3651 0.00061588
3652 3651 0.00061588
6823 3651 0.00061588
3212 3652 0.000616
3651 3652 0.000616
3654 3652 0.000616
3212 3653 0.00059525
3651 3653 0.00059525
3654 3653 0.00059525
3653 3654 0.00058887
3656 3654 0.00058887
6210 3654 0.00058887
3653 3655 0.00015505
3656 3655 0.00015505
6210 3655 0.00015505
3655 3656 0.00049131
3658 3656 0.00049131
6205 3656 0.00049131
6206 6205 0.00049009
6209 6205 0.00049009
6211 6205 0.00049009
3655 6206 0.00014746
3658 6206 0.00014746
6205 6206 0.00014746
3653 6209 0.00049009
3656 6209 0.00049009
6210 6209 0.00049009
6206 6210 0.00014746
6209 6210 0.00014746
6211 6210 0.00014746
143 6658 0.0007887
4551 6658 0.0007887
6659 6658 0.0007887
2384 6903 0.32656
6904 6903 0.32656
6903 6905 0.15556
6906 6905 0.15556
6916 6905 0.15556
6905 6906 0.0050802
6908 6906 0.0050802
6910 6906 0.0050802
6905 6907 0.047187
6908 6907 0.047187
6910 6907 0.047187
6907 6908 0.099866
6914 6908 0.099866
6917 6908 0.099866
6905 6909 0.20967
6908 6909 0.20967
6910 6909 0.20967
6909 6910 0.0065088
6912 6910 0.0065088
7072 6910 0.0065088
6909 6913 1
6912 6913 1
7072 6913 1
6915 6914 0.080365
6919 6914 0.080365
7071 6914 0.080365
6907 6915 0.2037
6914 6915 0.2037
6917 6915 0.2037
6907 6916 0.062512
6914 6916 0.062512
6917 6916 0.062512
6903 6917 0.23852
6906 6917 0.23852
6916 6917 0.23852
3161 6919 0.6735
6918 6919 0.6735
6909 7071 0.018499
6912 7071 0.018499
7072 7071 0.018499
6915 7072 0.81534
6919 7072 0.81534
7071 7072 0.81534
