428 427 0.00081062
429 427 0.00081062
3089 427 0.00081062
5680 427 0.00081062
427 428 0.0026665
431 428 0.0026665
3097 428 0.0026665
2279 431 0.017954
5674 431 0.017954
7273 431 0.017954
427 432 0.00705
431 432 0.00705
3097 432 0.00705
6878 434 0.90781
548 547 0.0015088
6226 547 0.0015088
6227 547 0.0015088
6230 547 0.0015088
547 548 0.010533
2073 548 0.010533
7094 548 0.010533
568 567 0.010826
4174 567 0.010826
6435 567 0.010826
6871 712 0.072276
735 738 0.0011024
737 738 0.0011024
740 738 0.0011024
739 740 0.001102
2885 740 0.001102
5251 740 0.001102
770 769 0.0021698
771 769 0.0021698
1920 769 0.0021698
769 770 0.002224
4157 770 0.002224
772 771 0.003474
1884 771 0.003474
4156 771 0.003474
770 772 0.0012072
771 772 0.0012072
1920 772 0.0012072
786 785 0.00087309
2261 785 0.00087309
2264 785 0.00087309
3989 785 0.00087309
785 786 0.0010336
3973 786 0.0010336
3976 786 0.0010336
3977 786 0.0010336
942 943 0.0011272
945 943 0.0011272
5898 943 0.0011272
7252 943 0.0011272
942 944 0.00044188
945 944 0.00044188
5898 944 0.00044188
7252 944 0.00044188
944 945 0.0043544
947 945 0.0043544
4210 945 0.0043544
946 947 0.006289
6707 947 0.006289
948 950 0.00067821
951 950 0.00067821
6355 950 0.00067821
950 951 0.00080439
6352 951 0.00080439
6353 951 0.00080439
6356 951 0.00080439
981 980 0.001102
5779 980 0.001102
6433 980 0.001102
6436 980 0.001102
565 982 0.0010222
980 982 0.0010222
983 982 0.0010222
982 984 0.0010222
985 984 0.0010222
2889 984 0.0010222
984 986 0.0010222
987 986 0.0010222
2891 986 0.0010222
2893 986 0.0010222
995 994 0.0029591
6359 994 0.0029591
6360 994 0.0029591
994 995 0.0044704
997 995 0.0044704
2076 995 0.0044704
2077 995 0.0044704
994 996 0.0032716
997 996 0.0032716
2076 996 0.0032716
2077 996 0.0032716
996 997 0.0026026
3119 997 0.0026026
4790 997 0.0026026
6237 997 0.0026026
1466 1117 0.017116
2325 1117 0.017116
434 1126 0.90816
5089 1126 0.90816
432 1127 0.0069927
5692 1127 0.0069927
5085 1129 0.091582
5267 1129 0.091582
1227 1226 0.031685
7040 1226 0.031685
7075 1226 0.031685
7079 1226 0.031685
1226 1227 0.02423
1536 1227 0.02423
4200 1227 0.02423
1233 1232 0.017306
5580 1232 0.017306
5582 1232 0.017306
567 1466 0.010866
1467 1466 0.010866
1117 1468 0.016245
2345 1468 0.016245
1528 1530 0.00055366
1531 1530 0.00055366
3303 1530 0.00055366
1226 1537 0.0010199
1536 1537 0.0010199
4200 1537 0.0010199
1654 1653 0.015567
2340 1653 0.015567
2343 1653 0.015567
1653 1654 0.0063677
7054 1654 0.0063677
7076 1654 0.0063677
1656 1655 0.0018512
5746 1655 0.0018512
5748 1655 0.0018512
1657 1658 0.0011272
4219 1658 0.0011272
4817 1658 0.0011272
1775 1776 0.00044827
1778 1776 0.00044827
4813 1776 0.00044827
1777 1778 0.00044827
3617 1778 0.00044827
3620 1778 0.00044827
571 1779 0.00044193
1780 1779 0.00044193
1781 1779 0.00044193
1782 1781 0.00044193
1783 1781 0.00044193
1803 1781 0.00044193
1784 1783 0.000447
1785 1783 0.000447
1801 1783 0.000447
1786 1785 0.00043092
1787 1785 0.00043092
5989 1785 0.00043092
1788 1787 0.00043533
1789 1787 0.00043533
1799 1787 0.00043533
1790 1789 0.00042986
1791 1789 0.00042986
1797 1789 0.00042986
1773 1791 0.00044807
1776 1791 0.00044807
1792 1791 0.00044807
770 1921 0.0023258
771 1921 0.0023258
1920 1921 0.0023258
1918 1923 0.0023258
1921 1923 0.0023258
1922 1923 0.0023258
2072 2071 0.0027424
2074 2071 0.0027424
2075 2071 0.0027424
3906 2071 0.0027424
2071 2072 0.0026653
6238 2072 0.0026653
6239 2072 0.0026653
2072 2073 0.0010037
2074 2073 0.0010037
2075 2073 0.0010037
3906 2073 0.0010037
547 2074 0.031516
2073 2074 0.031516
7094 2074 0.031516
994 2075 0.0013864
997 2075 0.0013864
2076 2075 0.0013864
2077 2075 0.0013864
2072 2076 0.020863
2074 2076 0.020863
2075 2076 0.020863
3906 2076 0.020863
2078 2077 0.00073801
2358 2077 0.00073801
2361 2077 0.00073801
6371 2077 0.00073801
994 2078 0.018034
997 2078 0.018034
2076 2078 0.018034
2077 2078 0.018034
786 2263 0.0010553
2261 2263 0.0010553
2264 2263 0.0010553
3989 2263 0.0010553
2263 2264 0.00089474
2266 2264 0.00089474
3959 2264 0.00089474
2263 2265 0.019032
2266 2265 0.019032
3959 2265 0.019032
2265 2267 0.018869
2268 2267 0.018869
3975 2267 0.018869
1126 2279 0.14331
2280 2281 0.00033436
5280 2281 0.00033436
5282 2281 0.00033436
678 2283 0.00033435
2282 2283 0.00033435
5279 2283 0.00033435
5286 2283 0.00033435
2317 2316 0.010047
3625 2316 0.010047
3628 2316 0.010047
1876 2318 0.010047
2319 2318 0.010047
7270 2318 0.010047
1878 2320 0.010047
2321 2320 0.010047
7208 2320 0.010047
1880 2322 0.010047
2320 2322 0.010047
2323 2322 0.010047
2324 2325 0.0063438
7131 2325 0.0063438
2327 2326 0.0025229
4708 2326 0.0025229
5968 2326 0.0025229
2326 2327 0.0029003
7259 2327 0.0029003
2329 2328 0.0003263
5896 2328 0.0003263
7254 2328 0.0003263
7258 2328 0.0003263
2328 2329 0.028727
7257 2329 0.028727
2331 2330 0.00068808
4196 2330 0.00068808
5971 2330 0.00068808
7256 2330 0.00068808
2330 2331 0.021477
2333 2331 0.021477
5975 2331 0.021477
2330 2332 0.0011347
2333 2332 0.0011347
5975 2332 0.0011347
2332 2333 0.016642
2335 2333 0.016642
4216 2333 0.016642
2332 2334 0.00081058
2335 2334 0.00081058
4216 2334 0.00081058
2334 2335 0.019445
2337 2335 0.019445
5977 2335 0.019445
7152 2335 0.019445
2334 2336 0.0083284
2337 2336 0.0083284
5977 2336 0.0083284
7152 2336 0.0083284
2336 2337 0.016984
2339 2337 0.016984
4709 2337 0.016984
2336 2338 0.008809
2339 2338 0.008809
4709 2338 0.008809
2338 2339 0.016604
2341 2339 0.016604
4198 2339 0.016604
2338 2340 0.017326
2341 2340 0.017326
4198 2340 0.017326
1654 2341 0.0094483
2340 2341 0.0094483
2343 2341 0.0094483
1654 2342 0.0029025
2340 2342 0.0029025
2343 2342 0.0029025
2342 2343 0.0042237
7057 2343 0.0042237
7074 2343 0.0042237
1117 2344 0.00095328
2345 2344 0.00095328
2344 2346 0.00083792
2347 2346 0.00083792
5906 2346 0.00083792
2349 2348 0.00049616
5903 2348 0.00049616
5986 2348 0.00049616
7105 2348 0.00049616
2348 2349 0.0026131
5239 2349 0.0026131
5739 2349 0.0026131
2351 2350 0.00031383
4656 2350 0.00031383
7014 2350 0.00031383
7087 2350 0.00031383
2352 2354 0.00030527
2355 2354 0.00030527
5269 2354 0.00030527
2354 2355 0.026078
2357 2355 0.026078
2356 2357 0.026461
2359 2357 0.026461
6362 2357 0.026461
7160 2357 0.026461
2356 2358 0.0012492
2359 2358 0.0012492
6362 2358 0.0012492
7160 2358 0.0012492
2078 2359 0.014398
2358 2359 0.014398
2361 2359 0.014398
6371 2359 0.014398
2078 2360 0.0019351
2358 2360 0.0019351
2361 2360 0.0019351
6371 2360 0.0019351
2360 2361 0.0031438
2363 2361 0.0031438
3120 2361 0.0031438
2360 2362 0.00055468
2363 2362 0.00055468
3120 2362 0.00055468
2362 2363 0.00095361
2365 2363 0.00095361
6395 2363 0.00095361
2362 2364 0.00028162
2365 2364 0.00028162
6395 2364 0.00028162
2364 2365 0.00067669
2367 2365 0.00067669
6366 2365 0.00067669
6367 2365 0.00067669
2366 2367 0.00063317
7006 2367 0.00063317
7086 2367 0.00063317
2633 2632 0.032637
2635 2632 0.032637
2644 2632 0.032637
6716 2634 0.00088046
2634 2635 0.00080377
2636 2635 0.00080377
2633 2636 0.00032667
2635 2636 0.00032667
2644 2636 0.00032667
2640 2637 0.98985
4087 2637 0.98985
5732 2637 0.98985
2637 2638 0.99013
2641 2638 0.99013
2638 2639 0.031944
4085 2640 0.0003593
4085 2641 0.00027548
2639 2642 0.032347
2645 2642 0.032347
2642 2644 0.03216
2643 2644 0.03216
2634 2645 0.00040335
2636 2645 0.00040335
6717 2646 0.95819
2752 2753 0.017307
7251 2753 0.017307
1530 2849 0.00054981
1533 2849 0.00054981
2850 2849 0.00054981
2886 2885 0.0010353
2887 2885 0.0010353
2901 2885 0.0010353
563 2887 0.0010353
2888 2887 0.0010353
4801 2887 0.0010353
3086 3085 0.0020883
5668 3085 0.0020883
5964 3085 0.0020883
3085 3087 0.0020519
3088 3087 0.0020519
5398 3087 0.0020519
3090 3089 0.00076717
5675 3089 0.00076717
5676 3089 0.00076717
7150 3089 0.00076717
428 3090 0.0026798
429 3090 0.0026798
3089 3090 0.0026798
5680 3090 0.0026798
427 3098 0.0091295
431 3098 0.0091295
3097 3098 0.0091295
3107 3109 0.00018255
3110 3109 0.00018255
3309 3109 0.00018255
3310 3109 0.00018255
3109 3110 0.00013177
3112 3110 0.00013177
3313 3110 0.00013177
3314 3110 0.00013177
3111 3112 0.00019253
3114 3112 0.00019253
6382 3112 0.00019253
6383 3112 0.00019253
2360 3119 0.0017017
2363 3119 0.0017017
3120 3119 0.0017017
996 3120 0.0025115
3119 3120 0.0025115
4790 3120 0.0025115
6237 3120 0.0025115
3122 3121 0.00021125
5270 3121 0.00021125
6233 3121 0.00021125
3124 3123 0.00012323
3307 3123 0.00012323
3308 3123 0.00012323
3637 3123 0.00012323
3123 3124 0.0020372
3126 3124 0.0020372
3312 3124 0.0020372
3123 3125 0.00010467
3126 3125 0.00010467
3312 3125 0.00010467
3125 3126 0.0018268
3128 3126 0.0018268
5949 3126 0.0018268
3127 3128 0.0014975
3130 3128 0.0014975
6380 3128 0.0014975
6381 3128 0.0014975
3129 3130 0.00057273
3132 3130 0.00057273
6105 3130 0.00057273
6108 3130 0.00057273
3131 3132 0.00025513
3134 3132 0.00025513
6402 3132 0.00025513
6403 3132 0.00025513
3133 3134 0.00014354
5955 3134 0.00014354
6394 3134 0.00014354
3135 3136 0.00072669
5948 3136 0.00072669
5953 3136 0.00072669
3138 3137 0.00059152
5832 3137 0.00059152
6422 3137 0.00059152
3140 3139 0.00068374
6372 3139 0.00068374
6373 3139 0.00068374
6407 3139 0.00068374
3139 3140 0.00048891
3910 3140 0.00048891
6112 3140 0.00048891
3141 3142 0.0010702
3144 3142 0.0010702
4787 3142 0.0010702
3141 3143 0.00028339
3144 3143 0.00028339
4787 3143 0.00028339
3143 3144 0.00078738
3146 3144 0.00078738
6374 3144 0.00078738
6375 3144 0.00078738
3143 3145 0.000563
3146 3145 0.000563
6374 3145 0.000563
6375 3145 0.000563
3145 3146 0.00034497
3148 3146 0.00034497
3911 3146 0.00034497
6109 3146 0.00034497
3145 3147 0.00019956
3148 3147 0.00019956
3911 3147 0.00019956
6109 3147 0.00019956
3147 3148 0.00019305
5951 3148 0.00019305
6398 3148 0.00019305
6399 3148 0.00019305
3137 3303 0.00055366
3302 3303 0.00055366
3338 3303 0.00055366
3136 3304 0.00050044
3305 3304 0.00050044
3306 3304 0.00050044
3304 3305 0.0012394
6420 3305 0.0012394
6421 3305 0.0012394
3124 3306 0.00036805
3307 3306 0.00036805
3308 3306 0.00036805
3637 3306 0.00036805
3136 3307 0.0017662
3305 3307 0.0017662
3306 3307 0.0017662
3107 3308 0.00013177
3110 3308 0.00013177
3309 3308 0.00013177
3310 3308 0.00013177
3124 3309 0.00018255
3307 3309 0.00018255
3308 3309 0.00018255
3637 3309 0.00018255
3109 3312 0.00026194
3112 3312 0.00026194
3313 3312 0.00026194
3314 3312 0.00026194
3317 3316 0.00069934
5238 3316 0.00069934
7089 3316 0.00069934
3319 3318 0.0027083
5985 3318 0.0027083
7093 3318 0.0027083
7095 3318 0.0027083
3318 3319 0.0038266
6983 3319 0.0038266
7092 3319 0.0038266
3321 3320 0.00016534
3322 3320 0.00016534
7097 3320 0.00016534
3320 3321 0.025188
6977 3321 0.025188
7096 3321 0.025188
3323 3322 0.00013527
3324 3322 0.00013527
7103 3322 0.00013527
3321 3323 0.024285
3322 3323 0.024285
7097 3323 0.024285
3325 3324 0.00013679
3326 3324 0.00013679
7099 3324 0.00013679
3323 3325 0.028622
3324 3325 0.028622
7103 3325 0.028622
2753 3326 0.00033922
3327 3326 0.00033922
5237 3326 0.00033922
3325 3327 0.025628
3326 3327 0.025628
7099 3327 0.025628
2353 3328 0.00010286
3337 3328 0.00010286
3332 3331 0.00022613
3334 3331 0.00022613
3331 3332 0.00038924
5827 3332 0.00038924
5829 3332 0.00038924
3332 3333 0.00038924
3334 3333 0.00038924
3333 3334 0.00022613
3336 3334 0.00022613
6225 3334 0.00022613
3333 3335 0.0019909
3336 3335 0.0019909
6225 3335 0.0019909
3335 3336 0.0006886
5823 3336 0.0006886
5831 3336 0.0006886
6967 3336 0.0006886
3343 3338 0.00011367
3639 3338 0.00011367
3962 3338 0.00011367
600 3343 0.00055856
2849 3343 0.00055856
3344 3343 0.00055856
3345 3343 0.00055856
3615 3616 0.98949
7263 3616 0.98949
1777 3618 0.98949
3617 3618 0.98949
3620 3618 0.98949
3619 3620 0.98994
3622 3620 0.98994
4035 3620 0.98994
4078 3620 0.98994
3619 3621 0.040762
3622 3621 0.040762
4035 3621 0.040762
4078 3621 0.040762
3621 3622 0.042701
3624 3622 0.042701
5872 3622 0.042701
3621 3623 0.01276
3624 3623 0.01276
5872 3623 0.01276
3623 3624 0.0027971
7129 3624 0.0027971
3626 3625 0.010055
4050 3625 0.010055
4051 3625 0.010055
7128 3625 0.010055
3638 3637 0.00050303
3640 3637 0.00050303
5268 3637 0.00050303
3124 3638 0.0037643
3307 3638 0.0037643
3308 3638 0.0037643
3637 3638 0.0037643
3343 3640 0.0006769
3639 3640 0.0006769
3962 3640 0.0006769
4199 3791 0.90363
5395 3791 0.90363
5396 3792 0.91411
5397 3792 0.91411
3791 3793 0.30584
3793 3794 0.025338
5993 3794 0.025338
7115 3794 0.025338
3790 3795 0.035819
3794 3795 0.035819
7083 3795 0.035819
3907 3906 0.0020087
4019 3906 0.0020087
6228 3906 0.0020087
6358 3906 0.0020087
2072 3907 0.012967
2074 3907 0.012967
2075 3907 0.012967
3906 3907 0.012967
3145 3910 0.0003124
3148 3910 0.0003124
3911 3910 0.0003124
6109 3910 0.0003124
3139 3911 0.00040613
3910 3911 0.00040613
6112 3911 0.00040613
2267 3958 0.018869
4652 3958 0.018869
4686 3959 0.018869
4685 3962 0.00015734
5086 3962 0.00015734
6876 3963 0.90999
1129 3964 0.15946
3963 3964 0.15946
785 3975 0.00087309
3973 3975 0.00087309
3976 3975 0.00087309
3977 3975 0.00087309
2265 3976 0.0010336
2268 3976 0.0010336
3975 3976 0.0010336
3907 4020 0.015004
4019 4020 0.015004
6228 4020 0.015004
6358 4020 0.015004
4022 4021 0.00078672
4025 4021 0.00078672
5873 4021 0.00078672
5996 4021 0.00078672
4021 4022 0.0038115
4046 4022 0.0038115
4047 4022 0.0038115
4022 4026 0.0062063
4025 4026 0.0062063
5873 4026 0.0062063
5996 4026 0.0062063
4028 4027 0.00051964
4029 4027 0.00051964
5999 4027 0.00051964
4030 4029 0.00051964
4092 4029 0.00051964
4566 4029 0.00051964
5995 4029 0.00051964
4036 4035 0.98805
5865 4035 0.98805
5868 4035 0.98805
4021 4045 0.00084342
4046 4045 0.00084342
4047 4045 0.00084342
4045 4046 0.00070469
4090 4046 0.00070469
4093 4046 0.00070469
4048 4047 0.0043627
4049 4047 0.0043627
5869 4047 0.0043627
5998 4047 0.0043627
4021 4048 0.0011993
4046 4048 0.0011993
4047 4048 0.0011993
3626 4049 0.005916
4050 4049 0.005916
4051 4049 0.005916
7128 4049 0.005916
4048 4050 0.0059988
4049 4050 0.0059988
5869 4050 0.0059988
5998 4050 0.0059988
2844 4084 0.98949
3616 4084 0.98949
4083 4084 0.98949
5770 4085 0.00063477
5772 4085 0.00063477
4084 4087 0.98949
4086 4087 0.98949
5987 4087 0.98949
4089 4088 0.00081025
5997 4088 0.00081025
1874 4090 0.00080854
4088 4090 0.00080854
4091 4090 0.00080854
6001 4090 0.00080854
4045 4092 0.0010045
4090 4092 0.0010045
4093 4092 0.0010045
4030 4093 0.00013309
4092 4093 0.00013309
4566 4093 0.00013309
5995 4093 0.00013309
638 4142 1
4143 4142 1
6298 4142 1
4142 4144 1
4145 4144 1
4144 4146 1
4147 4146 1
4153 4146 1
4149 4148 1
4151 4148 1
6839 4148 1
769 4155 0.0077621
4157 4155 0.0077621
4154 4156 0.010083
5938 4156 0.010083
772 4157 0.0078163
1884 4157 0.0078163
4156 4157 0.0078163
4163 4162 0.0031149
4164 4162 0.0031149
5889 4162 0.0031149
5892 4162 0.0031149
4162 4163 0.002465
4171 4163 0.002465
5793 4163 0.002465
4165 4164 0.011366
4166 4164 0.011366
5929 4164 0.011366
5972 4164 0.011366
4163 4165 0.0024964
4164 4165 0.0024964
5889 4165 0.0024964
5892 4165 0.0024964
4167 4166 0.0086759
4168 4166 0.0086759
5923 4166 0.0086759
5926 4166 0.0086759
4165 4167 0.0019637
4166 4167 0.0019637
5929 4167 0.0019637
5972 4167 0.0019637
4169 4168 0.0048571
4193 4168 0.0048571
4194 4168 0.0048571
4167 4169 0.00053158
4168 4169 0.00053158
5923 4169 0.00053158
5926 4169 0.00053158
4162 4170 0.0044889
4171 4170 0.0044889
5793 4170 0.0044889
4170 4171 0.00017354
4173 4171 0.00017354
5933 4171 0.00017354
4170 4172 0.00091203
4173 4172 0.00091203
5933 4172 0.00091203
4172 4173 0.00028907
5797 4173 0.00028907
4175 4174 0.0032872
4176 4174 0.0032872
5784 4174 0.0032872
5785 4174 0.0032872
4177 4176 0.0032041
4178 4176 0.0032041
5970 4176 0.0032041
4175 4177 0.00014551
4176 4177 0.00014551
5784 4177 0.00014551
5785 4177 0.00014551
4179 4178 0.0029559
4180 4178 0.0029559
4177 4179 0.000176
4178 4179 0.000176
5970 4179 0.000176
4181 4180 0.0063049
4182 4180 0.0063049
5885 4180 0.0063049
5888 4180 0.0063049
4183 4182 0.01194
4184 4182 0.01194
5928 4182 0.01194
4181 4183 0.0019602
4182 4183 0.0019602
5885 4183 0.0019602
5888 4183 0.0019602
4185 4184 0.01803
4186 4184 0.01803
5922 4184 0.01803
4183 4185 0.00045071
4184 4185 0.00045071
5928 4185 0.00045071
4187 4186 0.025159
4188 4186 0.025159
4195 4186 0.025159
4189 4188 0.029611
4190 4188 0.029611
5918 4188 0.029611
4191 4190 0.04492
4666 4190 0.04492
6469 4190 0.04492
4169 4192 0.0012612
4193 4192 0.0012612
4194 4192 0.0012612
4192 4193 0.0010864
5919 4193 0.0010864
5980 4193 0.0010864
4187 4194 0.0049374
4188 4194 0.0049374
4195 4194 0.0049374
4169 4195 0.00043721
4193 4195 0.00043721
4194 4195 0.00043721
5771 4198 0.91259
5881 4198 0.91259
7116 4199 0.90335
2338 4200 0.89691
2341 4200 0.89691
4198 4200 0.89691
4204 4205 0.00065772
4206 4205 0.00065772
4207 4205 0.00065772
4211 4205 0.00065772
4205 4206 0.00016987
5741 4206 0.00016987
5742 4206 0.00016987
4201 4207 0.00089069
4208 4207 0.00089069
4209 4207 0.00089069
5909 4207 0.00089069
4204 4208 0.00013496
4206 4208 0.00013496
4207 4208 0.00013496
4211 4208 0.00013496
944 4209 0.0025057
947 4209 0.0025057
4210 4209 0.0025057
4201 4210 0.00013549
4208 4210 0.00013549
4209 4210 0.00013549
5909 4210 0.00013549
4204 4212 0.00031296
4206 4212 0.00031296
4207 4212 0.00031296
4211 4212 0.00031296
4212 4213 0.00031296
4214 4213 0.00031296
2332 4215 0.0031659
2335 4215 0.0031659
4216 4215 0.0031659
4217 4218 0.0032074
6727 4218 0.0032074
4220 4219 0.0011272
4222 4219 0.0011272
943 4222 0.0011272
4221 4222 0.0011272
4815 4222 0.0011272
4224 4223 0.008664
4225 4223 0.008664
6894 4223 0.008664
4228 4227 0.00017441
4229 4227 0.00017441
6893 4227 0.00017441
4227 4228 0.006579
5937 4228 0.006579
7073 4228 0.006579
1923 4229 0.0022612
1924 4229 0.0022612
4230 4229 0.0022612
4231 4229 0.0022612
4264 4263 0.00082985
4269 4263 0.00082985
4285 4263 0.00082985
4263 4264 0.00049552
6299 4264 0.00049552
6302 4264 0.00049552
6313 4264 0.00049552
668 4265 0.00017136
4266 4265 0.00017136
4271 4265 0.00017136
4265 4266 0.00048345
4270 4266 0.00048345
6672 4266 0.00048345
4265 4269 0.00082985
4270 4269 0.00082985
6672 4269 0.00082985
4264 4270 0.00049552
4269 4270 0.00049552
4285 4270 0.00049552
4267 4271 0.00017136
4272 4271 0.00017136
5805 4271 0.00017136
668 4272 0.00048345
4266 4272 0.00048345
4271 4272 0.00048345
4027 4411 0.00051989
4408 4411 0.00051989
4412 4411 0.00051989
7170 4654 1
4657 4656 0.00048781
5663 4656 0.00048781
5665 4656 0.00048781
2351 4657 0.00040186
4656 4657 0.00040186
7014 4657 0.00040186
7087 4657 0.00040186
6736 4658 0.90998
2646 4664 0.86375
5774 4664 0.86375
5775 4664 0.86375
4664 4666 0.046904
4665 4666 0.046904
6741 4678 0.99972
6743 4686 1
2327 4707 0.0044265
4708 4707 0.0044265
5968 4707 0.0044265
3189 4708 0.00055417
4707 4708 0.00055417
5981 4708 0.00055417
7130 4708 0.00055417
1537 4709 0.0010201
4710 4709 0.0010201
4788 4787 0.00056732
6408 4787 0.00056732
6409 4787 0.00056732
996 4789 0.00059292
3119 4789 0.00059292
4790 4789 0.00059292
6237 4789 0.00059292
4789 4790 0.00066219
6240 4790 0.00066219
6365 4790 0.00066219
986 4801 0.0010222
2895 4801 0.0010222
4802 4801 0.0010222
569 4805 0.00073136
4806 4805 0.00073136
5884 4805 0.00073136
5064 5063 0.00028387
5240 5063 0.00028387
4659 5064 0.0041355
5065 5064 0.0041355
3792 5065 0.0041341
4685 5085 0.0014143
5086 5085 0.0014143
5087 5086 0.0015715
5271 5086 0.0015715
1129 5087 0.84211
3963 5087 0.84211
7272 5088 0.14539
7274 5088 0.14539
5090 5089 0.00035061
5091 5090 0.00035138
5838 5090 0.00035138
1128 5091 0.00025669
5092 5091 0.00025669
5093 5092 0.00025516
5088 5093 0.91024
5094 5093 0.91024
1126 5094 0.76485
3121 5237 0.00023781
3328 5237 0.00023781
3329 5237 0.00023781
2348 5238 0.0019604
5239 5238 0.0019604
5739 5238 0.0019604
3317 5239 0.000221
5238 5239 0.000221
7089 5239 0.000221
5064 5241 0.0038714
5240 5241 0.0038714
3638 5267 0.090169
3640 5267 0.090169
5268 5267 0.090169
3138 5268 0.086313
5832 5268 0.086313
6422 5268 0.086313
3122 5269 0.05806
5270 5269 0.05806
6233 5269 0.05806
2753 5270 0.042833
3327 5270 0.042833
5237 5270 0.042833
3964 5271 0.15946
6738 5271 0.15946
704 5273 0.00032391
5272 5273 0.00032391
5275 5273 0.00032391
674 5275 0.00033435
5274 5275 0.00033435
5277 5275 0.00033435
676 5277 0.00033435
2283 5277 0.00033435
5276 5277 0.00033435
680 5279 0.00033436
2281 5279 0.00033436
5278 5279 0.00033436
6744 5280 0.07256
2280 5281 0.0050386
5280 5281 0.0050386
5282 5281 0.0050386
5390 5389 0.00011048
5877 5389 0.00011048
5992 5389 0.00011048
1512 5392 0.00011048
5391 5392 0.00011048
5876 5392 0.00011048
5063 5395 0.00028253
3791 5396 0.59779
3793 5397 0.31632
5993 5397 0.31632
7115 5397 0.31632
738 5576 0.001107
2913 5576 0.001107
5577 5576 0.001107
5576 5578 0.0011067
5579 5578 0.0011067
3898 5580 0.016201
5581 5580 0.016201
5935 5580 0.016201
5578 5582 0.0011062
5583 5582 0.0011062
5584 5582 0.0011062
5666 5662 0.036553
5667 5662 0.036553
4658 5663 0.038727
4658 5664 0.87125
4657 5666 0.038641
5663 5666 0.038641
5665 5666 0.038641
5666 5668 0.0021329
5667 5668 0.0021329
2350 5670 0.0003134
5671 5670 0.0003134
5836 5670 0.0003134
3090 5674 0.0044762
5675 5674 0.0044762
5676 5674 0.0044762
7150 5674 0.0044762
2279 5675 0.00047532
5674 5675 0.00047532
7273 5675 0.00047532
5241 5739 0.0038944
5738 5739 0.0038944
7218 5739 0.0038944
4213 5742 0.00020445
5743 5742 0.00020445
5744 5742 0.00020445
4205 5743 0.00068751
5741 5743 0.00068751
5742 5743 0.00068751
1655 5744 0.00023479
5745 5744 0.00023479
5901 5744 0.00023479
5904 5744 0.00023479
4213 5745 0.00098574
5743 5745 0.00098574
5744 5745 0.00098574
1658 5746 0.0018512
5747 5746 0.0018512
5907 5746 0.0018512
5984 5746 0.0018512
1779 5770 0.00045828
3663 5770 0.00045828
5769 5770 0.00045828
4664 5771 0.81692
4665 5771 0.81692
6467 5772 0.00017649
2646 5773 0.096742
5774 5773 0.096742
5775 5773 0.096742
5773 5774 0.0010759
5880 5774 0.0010759
5776 5775 0.0019433
6468 5775 0.0019433
2646 5776 0.00071457
5774 5776 0.00071457
5775 5776 0.00071457
5780 5779 0.0080107
5781 5779 0.0080107
5786 5779 0.0080107
2632 5781 0.0086998
5782 5781 0.0086998
5883 5781 0.0086998
5886 5781 0.0086998
4175 5783 0.00068556
4176 5783 0.00068556
5784 5783 0.00068556
5785 5783 0.00068556
5783 5784 0.00012259
5788 5784 0.00012259
5796 5784 0.00012259
5780 5785 0.00075713
5781 5785 0.00075713
5786 5785 0.00075713
5783 5787 0.00095172
5788 5787 0.00095172
5796 5787 0.00095172
5790 5789 0.0016537
5791 5789 0.0016537
5932 5789 0.0016537
5969 5789 0.0016537
5789 5790 0.00018333
5911 5790 0.00018333
5913 5790 0.00018333
5982 5790 0.00018333
5792 5791 0.0026416
5891 5791 0.0026416
5894 5791 0.0026416
5790 5792 0.0013687
5791 5792 0.0013687
5932 5792 0.0013687
5969 5792 0.0013687
5794 5793 0.0036655
5931 5793 0.0036655
5795 5794 0.0016104
5887 5794 0.0016104
5890 5794 0.0016104
5794 5795 0.0013799
5931 5795 0.0013799
4172 5796 0.00074614
5797 5796 0.00074614
5783 5797 0.00040188
5788 5797 0.00040188
5796 5797 0.00040188
4267 5804 0.00048331
4272 5804 0.00048331
5805 5804 0.00048331
5804 5805 0.00017121
6671 5805 0.00017121
6676 5805 0.00017121
3335 5822 0.0050484
5823 5822 0.0050484
5831 5822 0.0050484
6967 5822 0.0050484
5822 5823 0.0023592
6963 5823 0.0023592
7102 5823 0.0023592
7104 5823 0.0023592
5825 5824 0.0011418
5826 5824 0.0011418
5830 5824 0.0011418
5824 5825 0.0044046
6964 5825 0.0044046
7100 5825 0.0044046
3331 5826 0.00022613
5827 5826 0.00022613
5829 5826 0.00022613
5825 5827 0.00038924
5826 5827 0.00038924
5830 5827 0.00038924
3335 5830 0.0012006
5823 5830 0.0012006
5831 5830 0.0012006
6967 5830 0.0012006
5825 5831 0.0043002
5826 5831 0.0043002
5830 5831 0.0043002
2352 5832 0.083798
2355 5832 0.083798
5269 5832 0.083798
5837 5838 0.00011853
6927 5838 0.00011853
7069 5838 0.00011853
7112 5838 0.00011853
4026 5865 1.0067
4411 5865 1.0067
5866 5865 1.0067
4036 5867 0.051621
5865 5867 0.051621
5868 5867 0.051621
5867 5868 0.032954
5870 5868 0.032954
5871 5868 0.032954
5874 5868 0.032954
5867 5869 0.009395
5870 5869 0.009395
5871 5869 0.009395
5874 5869 0.009395
4048 5870 0.0054128
4049 5870 0.0054128
5869 5870 0.0054128
5998 5870 0.0054128
3621 5871 0.031814
3624 5871 0.031814
5872 5871 0.031814
5867 5872 0.043715
5870 5872 0.043715
5871 5872 0.043715
5874 5872 0.043715
5867 5873 0.0065309
5870 5873 0.0065309
5871 5873 0.0065309
5874 5873 0.0065309
4022 5874 0.0037472
4025 5874 0.0037472
5873 5874 0.0037472
5996 5874 0.0037472
5389 5876 0.00011048
5875 5876 0.00011048
5994 5876 0.00011048
5773 5879 0.096742
5880 5879 0.096742
5879 5880 0.0010759
5882 5880 0.0010759
5879 5881 0.096742
5882 5881 0.096742
5771 5882 0.0010759
5881 5882 0.0010759
2632 5884 0.00073803
5782 5884 0.00073803
5883 5884 0.00073803
5886 5884 0.00073803
2632 5885 0.023401
5782 5885 0.023401
5883 5885 0.023401
5886 5885 0.023401
4181 5886 0.0001961
4182 5886 0.0001961
5885 5886 0.0001961
5888 5886 0.0001961
4181 5887 0.027532
4182 5887 0.027532
5885 5887 0.027532
5888 5887 0.027532
5795 5888 0.00056243
5887 5888 0.00056243
5890 5888 0.00056243
5795 5889 0.027381
5887 5889 0.027381
5890 5889 0.027381
4163 5890 0.00064143
4164 5890 0.00064143
5889 5890 0.00064143
5892 5890 0.00064143
4163 5891 0.035245
4164 5891 0.035245
5889 5891 0.035245
5892 5891 0.035245
5792 5892 0.00028605
5891 5892 0.00028605
5894 5892 0.00028605
5792 5893 0.033956
5891 5893 0.033956
5894 5893 0.033956
5893 5894 0.00027044
7255 5894 0.00027044
2329 5895 0.061716
5896 5895 0.061716
7254 5895 0.061716
7258 5895 0.061716
942 5897 0.064516
945 5897 0.064516
5898 5897 0.064516
7252 5897 0.064516
5897 5899 0.063744
5900 5899 0.063744
5983 5899 0.063744
5899 5901 0.065344
5902 5901 0.065344
5910 5901 0.065344
1655 5903 0.06792
5745 5903 0.06792
5901 5903 0.06792
5904 5903 0.06792
2344 5905 0.00017736
2347 5905 0.00017736
5906 5905 0.00017736
5905 5906 0.00013652
6955 5906 0.00013652
7110 5906 0.00013652
1658 5908 0.00015903
5747 5908 0.00015903
5907 5908 0.00015903
5984 5908 0.00015903
5899 5909 0.00025254
5902 5909 0.00025254
5910 5909 0.00025254
4201 5910 0.001867
4208 5910 0.001867
4209 5910 0.001867
5909 5910 0.001867
5787 5913 0.00095172
5914 5913 0.00095172
5915 5913 0.00095172
4189 5917 0.015387
4190 5917 0.015387
5918 5917 0.015387
5917 5919 0.0027949
5920 5919 0.0027949
5978 5919 0.0027949
4192 5920 0.00061252
5919 5920 0.00061252
5980 5920 0.00061252
4185 5921 0.0090987
4186 5921 0.0090987
5922 5921 0.0090987
5921 5922 0.0016178
5924 5922 0.0016178
5973 5922 0.0016178
5921 5923 0.0071504
5924 5923 0.0071504
5973 5923 0.0071504
4167 5924 0.0018397
4168 5924 0.0018397
5923 5924 0.0018397
5926 5924 0.0018397
4167 5925 0.004193
4168 5925 0.004193
5923 5925 0.004193
5926 5925 0.004193
5925 5926 0.0012691
5976 5926 0.0012691
5979 5926 0.0012691
4183 5927 0.00886
4184 5927 0.00886
5928 5927 0.00886
5927 5928 0.0012608
5930 5928 0.0012608
5974 5928 0.0012608
5927 5929 0.010699
5930 5929 0.010699
5974 5929 0.010699
4165 5930 0.00092978
4166 5930 0.00092978
5929 5930 0.00092978
5972 5930 0.00092978
4179 5931 0.003435
4180 5931 0.003435
4170 5932 0.0038203
4173 5932 0.0038203
5933 5932 0.0038203
5790 5933 0.00012798
5791 5933 0.00012798
5932 5933 0.00012798
5969 5933 0.00012798
1468 5935 0.016205
5934 5935 0.016205
5936 5937 0.007728
7133 5937 0.007728
1882 5938 0.010047
2322 5938 0.010047
5939 5938 0.010047
3125 5948 0.00012121
3128 5948 0.00012121
5949 5948 0.00012121
3135 5949 0.00039764
5948 5949 0.00039764
5953 5949 0.00039764
5952 5953 0.00096294
6378 5953 0.00096294
6379 5953 0.00096294
5954 5955 0.00012159
6370 5955 0.00012159
6388 5955 0.00012159
7111 5955 0.00012159
5790 5968 0.0037162
5791 5968 0.0037162
5932 5968 0.0037162
5969 5968 0.0037162
2327 5969 0.00022128
4708 5969 0.00022128
5968 5969 0.00022128
4172 5970 0.0002787
5797 5970 0.0002787
4165 5971 0.0083219
4166 5971 0.0083219
5929 5971 0.0083219
5972 5971 0.0083219
2331 5972 0.00070964
4196 5972 0.00070964
5971 5972 0.00070964
7256 5972 0.00070964
5927 5973 0.0015727
5930 5973 0.0015727
5974 5973 0.0015727
5921 5974 0.0037429
5924 5974 0.0037429
5973 5974 0.0037429
5925 5975 0.0060054
5976 5975 0.0060054
5979 5975 0.0060054
2330 5976 0.00072428
2333 5976 0.00072428
5975 5976 0.00072428
5917 5977 0.013751
5920 5977 0.013751
5978 5977 0.013751
2334 5978 0.00061607
2337 5978 0.00061607
5977 5978 0.00061607
7152 5978 0.00061607
4192 5979 0.003108
5919 5979 0.003108
5980 5979 0.003108
5925 5980 0.00075087
5976 5980 0.00075087
5979 5980 0.00075087
5789 5981 0.0024119
5911 5981 0.0024119
5913 5981 0.0024119
5982 5981 0.0024119
1658 5983 0.00048771
5747 5983 0.00048771
5907 5983 0.00048771
5984 5983 0.00048771
5897 5984 0.0012792
5900 5984 0.0012792
5983 5984 0.0012792
2349 5985 0.070978
5903 5985 0.070978
5986 5985 0.070978
7105 5985 0.070978
5392 5992 0.00011048
5393 5992 0.00011048
5991 5992 0.00011048
5389 5993 0.00012462
5875 5993 0.00012462
5994 5993 0.00012462
3793 5994 0.00012459
5993 5994 0.00012459
7115 5994 0.00012459
4022 5995 0.00051144
4025 5995 0.00051144
5873 5995 0.00051144
5996 5995 0.00051144
4030 5996 0.00086806
4092 5996 0.00086806
4566 5996 0.00086806
5995 5996 0.00086806
4048 5997 0.00081025
4049 5997 0.00081025
5869 5997 0.00081025
5998 5997 0.00081025
6107 6108 0.00033624
6110 6108 0.00033624
6114 6108 0.00033624
3145 6110 0.00032552
3148 6110 0.00032552
3911 6110 0.00032552
6109 6110 0.00032552
3139 6111 0.00038281
3910 6111 0.00038281
6112 6111 0.00038281
6111 6112 0.0002817
6396 6112 0.0002817
6397 6112 0.0002817
6406 6112 0.0002817
548 6225 0.0018842
6226 6225 0.0018842
6227 6225 0.0018842
6230 6225 0.0018842
3333 6226 0.00074502
3336 6226 0.00074502
6225 6226 0.00074502
3907 6227 0.00040886
4019 6227 0.00040886
6228 6227 0.00040886
6358 6227 0.00040886
548 6228 0.016702
6226 6228 0.016702
6227 6228 0.016702
6230 6228 0.016702
548 6229 0.0013777
6226 6229 0.0013777
6227 6229 0.0013777
6230 6229 0.0013777
6229 6230 0.009786
6979 6230 0.009786
7063 6230 0.009786
4020 6231 0.015321
6232 6231 0.015321
6351 6231 0.015321
6231 6233 0.015519
6234 6233 0.015519
6354 6233 0.015519
3122 6234 0.00015706
5270 6234 0.00015706
6233 6234 0.00015706
2071 6237 0.0024
6238 6237 0.0024
6239 6237 0.0024
996 6238 0.0023285
3119 6238 0.0023285
4790 6238 0.0023285
6237 6238 0.0023285
4789 6239 0.00059559
6240 6239 0.00059559
6365 6239 0.00059559
2071 6240 0.00060121
6238 6240 0.00060121
6239 6240 0.00060121
6297 6298 1
6848 6298 1
4263 6300 1
6299 6300 1
6302 6300 1
6313 6300 1
6301 6302 0.99967
6850 6302 0.99967
4654 6303 0.92744
4686 6304 0.98113
950 6351 0.0013026
6352 6351 0.0013026
6353 6351 0.0013026
6356 6351 0.0013026
4020 6352 0.00098994
6232 6352 0.00098994
6351 6352 0.00098994
2354 6353 0.0006323
2357 6353 0.0006323
948 6354 0.00080439
951 6354 0.00080439
6355 6354 0.00080439
6231 6355 0.00067821
6234 6355 0.00067821
6354 6355 0.00067821
6357 6356 0.00079098
6361 6356 0.00079098
950 6357 0.00098447
6352 6357 0.00098447
6353 6357 0.00098447
6356 6357 0.00098447
995 6358 0.00085379
6359 6358 0.00085379
6360 6358 0.00085379
3907 6359 0.013182
4019 6359 0.013182
6228 6359 0.013182
6358 6359 0.013182
6357 6360 0.00029718
6361 6360 0.00029718
995 6361 0.014137
6359 6361 0.014137
6360 6361 0.014137
6357 6362 0.014033
6361 6362 0.014033
6364 6363 0.00019724
6410 6363 0.00019724
6411 6363 0.00019724
6363 6364 0.00097432
6943 6364 0.00097432
7165 6364 0.00097432
2364 6365 0.00033669
2367 6365 0.00033669
6366 6365 0.00033669
6367 6365 0.00033669
4789 6366 0.00027304
6240 6366 0.00027304
6365 6366 0.00027304
2364 6368 0.00017016
2367 6368 0.00017016
6366 6368 0.00017016
6367 6368 0.00017016
3117 6370 0.00013519
5957 6370 0.00013519
6368 6370 0.00013519
6369 6370 0.00013519
3140 6371 0.00060222
6372 6371 0.00060222
6373 6371 0.00060222
6407 6371 0.00060222
2078 6372 0.0059581
2358 6372 0.0059581
2361 6372 0.0059581
6371 6372 0.0059581
3143 6373 0.00016847
3146 6373 0.00016847
6374 6373 0.00016847
6375 6373 0.00016847
3140 6374 0.004674
6372 6374 0.004674
6373 6374 0.004674
6407 6374 0.004674
3143 6376 0.0038275
3146 6376 0.0038275
6374 6376 0.0038275
6375 6376 0.0038275
6376 6378 0.0020037
6377 6378 0.0020037
6417 6378 0.0020037
5952 6380 0.0011071
6378 6380 0.0011071
6379 6380 0.0011071
3127 6382 0.00019387
3130 6382 0.00019387
6380 6382 0.00019387
6381 6382 0.00019387
5670 6386 0.00011627
6385 6386 0.00011627
7085 6386 0.00011627
6111 6395 0.00039557
6396 6395 0.00039557
6397 6395 0.00039557
6406 6395 0.00039557
2362 6396 0.0003917
2365 6396 0.0003917
6395 6396 0.0003917
3147 6397 0.00015096
5951 6397 0.00015096
6398 6397 0.00015096
6399 6397 0.00015096
6111 6398 0.00026815
6396 6398 0.00026815
6397 6398 0.00026815
6406 6398 0.00026815
3147 6400 0.00015411
5951 6400 0.00015411
6398 6400 0.00015411
6399 6400 0.00015411
3909 6402 0.00012456
6113 6402 0.00012456
6400 6402 0.00012456
6401 6402 0.00012456
4788 6407 0.00045922
6408 6407 0.00045922
6409 6407 0.00045922
3140 6408 0.0011147
6372 6408 0.0011147
6373 6408 0.0011147
6407 6408 0.0011147
6364 6409 0.00056205
6410 6409 0.00056205
6411 6409 0.00056205
4788 6410 0.00072164
6408 6410 0.00072164
6409 6410 0.00072164
6364 6412 0.00094886
6410 6412 0.00094886
6411 6412 0.00094886
5834 6414 0.00094886
6412 6414 0.00094886
6413 6414 0.00094886
3142 6416 0.0019516
6414 6416 0.0019516
6415 6416 0.0019516
6376 6418 0.0019045
6377 6418 0.0019045
6417 6418 0.0019045
6416 6420 0.0038004
6418 6420 0.0038004
6419 6420 0.0038004
3138 6421 0.00075085
5832 6421 0.00075085
6422 6421 0.00075085
3304 6422 0.0037716
6420 6422 0.0037716
6421 6422 0.0037716
4805 6433 0.00073839
6431 6433 0.00073839
6434 6433 0.00073839
981 6435 0.0076583
5779 6435 0.0076583
6433 6435 0.0076583
6436 6435 0.0076583
2642 6467 0.00018801
2643 6467 0.00018801
4191 6468 0.0021092
4666 6468 0.0021092
6469 6468 0.0021092
2336 6469 0.00015987
2339 6469 0.00015987
4709 6469 0.00015987
706 6671 0.00033454
5273 6671 0.00033454
6670 6671 0.00033454
715 6672 0.00066963
6673 6672 0.00066963
6677 6672 0.00066963
5804 6677 0.00066963
6671 6677 0.00066963
6676 6677 0.00066963
4675 6682 0.0050698
5281 6682 0.0050698
2280 6685 0.067206
5280 6685 0.067206
5282 6685 0.067206
4218 6707 0.006289
6706 6707 0.006289
6724 6707 0.006289
5776 6716 0.00088046
6468 6716 0.00088046
2638 6717 0.95819
6723 6722 1
6841 6722 1
4215 6724 0.0031659
6725 6724 0.0031659
6726 6727 0.0032074
7153 6727 0.0032074
6750 6734 1
6879 6736 0.90998
712 6741 0.99972
6303 6741 0.99972
5087 6743 1
5271 6743 1
4654 6744 0.07256
6751 6750 1
3958 6751 1
6304 6751 1
6756 6757 0.99967
7121 6757 0.99967
4146 6839 1
6840 6839 1
4148 6841 1
6842 6841 1
671 6848 1
6300 6848 1
6847 6848 1
6849 6850 0.99967
7119 6850 0.99967
6682 6871 0.072276
6685 6871 0.072276
5093 6875 0.90999
6875 6876 0.90999
5662 6878 0.90781
5664 6878 0.90781
3792 6879 0.90998
4228 6894 0.008664
4229 6894 0.008664
6893 6894 0.008664
4223 6895 0.0087434
6896 6895 0.0087434
7081 6895 0.0087434
6939 6938 0.00075901
7067 6938 0.00075901
7163 6938 0.00075901
7164 6938 0.00075901
6938 6939 0.00043381
6941 6939 0.00043381
6949 6939 0.00043381
6940 6941 0.00060627
6942 6941 0.00060627
6945 6941 0.00060627
6947 6941 0.00060627
6363 6942 0.00060627
6943 6942 0.00060627
7165 6942 0.00060627
6938 6948 0.00098085
6941 6948 0.00098085
6949 6948 0.00098085
6948 6949 0.00014587
6950 6949 0.00014587
6953 6949 0.00014587
6948 6952 0.00098085
6950 6952 0.00098085
6953 6952 0.00098085
6952 6953 0.00014587
7161 6953 0.00014587
7162 6953 0.00014587
5905 6954 0.00016149
6955 6954 0.00016149
7110 6954 0.00016149
6954 6960 0.00016149
6957 6960 0.00016149
6959 6960 0.00016149
5824 6963 0.004218
6964 6963 0.004218
7100 6963 0.004218
5822 6964 0.0042843
6963 6964 0.0042843
7102 6964 0.0042843
7104 6964 0.0042843
6965 6967 0.0004562
6968 6967 0.0004562
7101 6967 0.0004562
3335 6968 0.0021689
5823 6968 0.0021689
5831 6968 0.0021689
6967 6968 0.0021689
6969 6971 0.0059801
6972 6971 0.0059801
6975 6971 0.0059801
7066 6971 0.0059801
6971 6972 0.0026728
6974 6972 0.0026728
7064 6972 0.0026728
6971 6973 0.006669
6974 6973 0.006669
7064 6973 0.006669
6973 6974 0.0053479
6976 6974 0.0053479
6978 6974 0.0053479
6973 6975 0.010925
6976 6975 0.010925
6978 6975 0.010925
6969 6976 0.0020689
6972 6976 0.0020689
6975 6976 0.0020689
7066 6976 0.0020689
6973 6977 0.0050386
6976 6977 0.0050386
6978 6977 0.0050386
3320 6978 0.012574
6977 6978 0.012574
7096 6978 0.012574
6980 6979 0.0084608
7065 6979 0.0084608
7098 6979 0.0084608
6229 6980 0.0020387
6979 6980 0.0020387
7063 6980 0.0020387
6982 6981 0.0012884
6984 6981 0.0012884
6986 6981 0.0012884
6981 6982 0.00027115
6990 6982 0.00027115
6982 6983 0.00095788
6984 6983 0.00095788
6986 6983 0.00095788
3318 6984 0.002393
6983 6984 0.002393
7092 6984 0.002393
6982 6985 0.0014638
6984 6985 0.0014638
6986 6985 0.0014638
6985 6986 0.0010458
6988 6986 0.0010458
6989 6986 0.0010458
6985 6987 0.0021133
6988 6987 0.0021133
6989 6987 0.0021133
6987 6988 0.00067819
6992 6988 0.00067819
6994 6988 0.00067819
6981 6989 0.0012884
6990 6989 0.0012884
6985 6990 0.00027115
6988 6990 0.00027115
6989 6990 0.00027115
6987 6991 0.0017408
6992 6991 0.0017408
6994 6991 0.0017408
6991 6992 0.00022711
6995 6992 0.00022711
7000 6992 0.00022711
6987 6993 0.0011418
6992 6993 0.0011418
6994 6993 0.0011418
6993 6994 0.0012204
6996 6994 0.0012204
6998 6994 0.0012204
7001 6994 0.0012204
6993 6995 0.00053859
6996 6995 0.00053859
6998 6995 0.00053859
7001 6995 0.00053859
6991 6996 0.0015043
6995 6996 0.0015043
7000 6996 0.0015043
6993 6997 0.0021898
6996 6997 0.0021898
6998 6997 0.0021898
7001 6997 0.0021898
6997 6998 0.0007547
7090 6998 0.0007547
7091 6998 0.0007547
6991 6999 0.00064751
6995 6999 0.00064751
7000 6999 0.00064751
6999 7001 0.00064751
7002 7001 0.00064751
7004 7001 0.00064751
3316 7006 0.00042557
7005 7006 0.00042557
7008 7006 0.00042557
7088 7006 0.00042557
7016 7017 0.0016922
7019 7017 0.0016922
7026 7017 0.0016922
7016 7018 0.00010431
7019 7018 0.00010431
7026 7018 0.00010431
7021 7020 0.013356
7023 7020 0.013356
7025 7020 0.013356
7036 7020 0.013356
7020 7021 0.0086973
7032 7021 0.0086973
7035 7021 0.0086973
7021 7022 0.0098831
7023 7022 0.0098831
7025 7022 0.0098831
7036 7022 0.0098831
7022 7023 0.0051989
7029 7023 0.0051989
7031 7023 0.0051989
7033 7023 0.0051989
7021 7024 0.012992
7023 7024 0.012992
7025 7024 0.012992
7036 7024 0.012992
7024 7025 0.014786
7027 7025 0.014786
7077 7025 0.014786
7080 7025 0.014786
7024 7026 0.0017517
7027 7026 0.0017517
7077 7026 0.0017517
7080 7026 0.0017517
7022 7030 0.00098329
7029 7030 0.00098329
7031 7030 0.00098329
7033 7030 0.00098329
1230 7031 0.01268
7030 7031 0.01268
7078 7031 0.01268
7022 7032 0.017761
7029 7032 0.017761
7031 7032 0.017761
7033 7032 0.017761
7020 7033 0.0013803
7032 7033 0.0013803
7035 7033 0.0013803
7020 7034 0.023262
7032 7034 0.023262
7035 7034 0.023262
7034 7035 0.0022222
7037 7035 0.0022222
7039 7035 0.0022222
7034 7036 0.015603
7037 7036 0.015603
7039 7036 0.015603
7021 7037 0.0080532
7023 7037 0.0080532
7025 7037 0.0080532
7036 7037 0.0080532
7034 7038 0.02064
7037 7038 0.02064
7039 7038 0.02064
7038 7039 0.0071494
7041 7039 0.0071494
7043 7039 0.0071494
7038 7040 0.020636
7041 7040 0.020636
7043 7040 0.020636
1227 7041 0.0071828
7040 7041 0.0071828
7075 7041 0.0071828
7079 7041 0.0071828
6971 7063 0.0056808
6974 7063 0.0056808
7064 7063 0.0056808
6229 7064 0.0036946
6979 7064 0.0036946
7063 7064 0.0036946
6969 7065 0.0077296
6972 7065 0.0077296
6975 7065 0.0077296
7066 7065 0.0077296
6980 7066 0.0021807
7065 7066 0.0021807
7098 7066 0.0021807
2342 7073 0.0029025
7057 7073 0.0029025
7074 7073 0.0029025
4227 7074 0.0042237
5937 7074 0.0042237
7073 7074 0.0042237
1653 7075 0.015599
7054 7075 0.015599
7076 7075 0.015599
1227 7076 0.0063622
7040 7076 0.0063622
7075 7076 0.0063622
7079 7076 0.0063622
1230 7077 0.00098329
7030 7077 0.00098329
7078 7077 0.00098329
7024 7078 0.01268
7027 7078 0.01268
7077 7078 0.01268
7080 7078 0.01268
7024 7079 0.007686
7027 7079 0.007686
7077 7079 0.007686
7080 7079 0.007686
1227 7080 0.02292
7040 7080 0.02292
7075 7080 0.02292
7079 7080 0.02292
4811 7081 0.00010431
7018 7081 0.00010431
7082 7081 0.00010431
6895 7083 0.010424
7017 7083 0.010424
7084 7083 0.010424
5670 7086 0.00025705
6385 7086 0.00025705
7085 7086 0.00025705
3316 7087 0.00045591
7005 7087 0.00045591
7008 7087 0.00045591
7088 7087 0.00045591
2351 7088 0.00024698
4656 7088 0.00024698
7014 7088 0.00024698
7087 7088 0.00024698
6997 7089 0.00033701
7090 7089 0.00033701
7091 7089 0.00033701
3317 7090 0.0014553
5238 7090 0.0014553
7089 7090 0.0014553
3318 7091 0.00083466
6983 7091 0.00083466
7092 7091 0.00083466
6997 7092 0.0033881
7090 7092 0.0033881
7091 7092 0.0033881
547 7093 0.0013985
2073 7093 0.0013985
7094 7093 0.0013985
3319 7094 0.040934
5985 7094 0.040934
7093 7094 0.040934
7095 7094 0.040934
3320 7095 0.00057311
6977 7095 0.00057311
7096 7095 0.00057311
3319 7096 0.033131
5985 7096 0.033131
7093 7096 0.033131
7095 7096 0.033131
6980 7097 0.0049608
7065 7097 0.0049608
7098 7097 0.0049608
3321 7098 0.0058339
3322 7098 0.0058339
7097 7098 0.0058339
5824 7099 0.0034653
6964 7099 0.0034653
7100 7099 0.0034653
3325 7100 0.0066618
3326 7100 0.0066618
7099 7100 0.0066618
5822 7101 0.0004562
6963 7101 0.0004562
7102 7101 0.0004562
7104 7101 0.0004562
6965 7102 0.0021689
6968 7102 0.0021689
7101 7102 0.0021689
5822 7103 0.0078281
6963 7103 0.0078281
7102 7103 0.0078281
7104 7103 0.0078281
3323 7104 0.0034925
3324 7104 0.0034925
7103 7104 0.0034925
6961 7105 0.00094358
7106 7105 0.00094358
7107 7105 0.00094358
2346 7107 0.00094358
6960 7107 0.00094358
7108 7107 0.00094358
719 7110 0.00015903
5908 7110 0.00015903
7109 7110 0.00015903
5954 7112 0.00011853
6370 7112 0.00011853
6388 7112 0.00011853
7111 7112 0.00011853
3795 7115 0.035819
7117 7116 0.90335
1226 7117 0.90335
1536 7117 0.90335
4200 7117 0.90335
6757 7119 0.99967
7118 7119 0.99967
4678 7121 0.99967
7120 7121 0.99967
3623 7128 0.01276
7129 7128 0.01276
3626 7129 0.0027971
4050 7129 0.0027971
4051 7129 0.0027971
7128 7129 0.0027971
3189 7131 0.0063438
4707 7131 0.0063438
5981 7131 0.0063438
7130 7131 0.0063438
4155 7133 0.007728
7132 7133 0.007728
3087 7150 0.0020519
7151 7150 0.0020519
2334 7153 0.0032074
2337 7153 0.0032074
5977 7153 0.0032074
7152 7153 0.0032074
6952 7160 0.0012564
7161 7160 0.0012564
7162 7160 0.0012564
2356 7161 0.0020335
2359 7161 0.0020335
6362 7161 0.0020335
7160 7161 0.0020335
6939 7162 0.00050601
7067 7162 0.00050601
7163 7162 0.00050601
7164 7162 0.00050601
6952 7163 0.0021181
7161 7163 0.0021181
7162 7163 0.0021181
6363 7164 0.00023337
6943 7164 0.00023337
7165 7164 0.00023337
6939 7165 0.0015202
7067 7165 0.0015202
7163 7165 0.0015202
7164 7165 0.0015202
7171 7170 1
6734 7171 1
2318 7208 0.010047
7209 7208 0.010047
1232 7248 0.017306
7249 7248 0.017306
1235 7251 0.017307
7248 7251 0.017307
7250 7251 0.017307
5895 7252 0.061716
7253 7252 0.061716
5893 7254 0.033956
7255 7254 0.033956
2329 7255 0.00027044
5896 7255 0.00027044
7254 7255 0.00027044
7258 7255 0.00027044
2328 7256 0.0003263
7257 7256 0.0003263
2331 7257 0.028727
4196 7257 0.028727
5971 7257 0.028727
7256 7257 0.028727
2326 7258 0.0025229
7259 7258 0.0025229
2329 7259 0.0029003
5896 7259 0.0029003
7254 7259 0.0029003
7258 7259 0.0029003
954 7263 0.98949
3618 7263 0.98949
7260 7263 0.98949
7262 7263 0.98949
1886 7270 0.010047
2316 7270 0.010047
7271 7270 0.010047
2279 7272 0.12937
5674 7272 0.12937
7273 7272 0.12937
1127 7274 0.016038
3095 7274 0.016038
3098 7274 0.016038
