549 550 0.015172
2153 550 0.015172
2864 550 0.015172
6808 550 0.015172
2139 2138 0.0002453
2140 2138 0.0002453
3613 2138 0.0002453
549 2152 0.98459
2153 2152 0.98459
2864 2152 0.98459
6808 2152 0.98459
2383 2382 0.00019279
2385 2382 0.00019279
2386 2382 0.00019279
2382 2383 0.26358
3645 2383 0.26358
3648 2383 0.26358
2383 2384 0.2786
2385 2384 0.2786
2386 2384 0.2786
2387 2386 0.015172
2388 2386 0.015172
2390 2386 0.015172
550 2390 0.015172
2391 2390 0.015172
2392 2390 0.015172
2138 2817 0.00020135
2816 2817 0.00020135
2819 2817 0.00020135
549 2863 0.0002453
2153 2863 0.0002453
2864 2863 0.0002453
6808 2863 0.0002453
3647 3161 0.72144
3650 3161 0.72144
2828 3611 0.0002453
2863 3611 0.0002453
3612 3611 0.0002453
2830 3613 0.0002453
3611 3613 0.0002453
3614 3613 0.0002453
2382 3647 0.00019723
3645 3647 0.00019723
3648 3647 0.00019723
3647 3648 0.26358
3650 3648 0.26358
2151 3650 0.98483
3649 3650 0.98483
3652 3650 0.98483
6823 3650 0.98483
2151 3651 0.0010389
3649 3651 0.0010389
3652 3651 0.0010389
6823 3651 0.0010389
3212 3652 0.0012841
3651 3652 0.0012841
3654 3652 0.0012841
3212 3653 0.0010041
3651 3653 0.0010041
3654 3653 0.0010041
3653 3654 0.0012377
3656 3654 0.0012377
6210 3654 0.0012377
3653 3655 0.00026173
3656 3655 0.00026173
6210 3655 0.00026173
3655 3656 0.0010651
3658 3656 0.0010651
6205 3656 0.0010651
1662 3658 0.0002495
3657 3658 0.0002495
3660 3658 0.0002495
3659 3660 0.00024648
3662 3660 0.00024648
6218 3660 0.00024648
6206 6205 0.00085038
6209 6205 0.00085038
6211 6205 0.00085038
3655 6206 0.00028048
3658 6206 0.00028048
6205 6206 0.00028048
3653 6209 0.00085038
3656 6209 0.00085038
6210 6209 0.00085038
6206 6210 0.00028048
6209 6210 0.00028048
6211 6210 0.00028048
6216 6218 0.00021113
6217 6218 0.00021113
6595 6218 0.00021113
2817 6595 0.00020135
6594 6595 0.00020135
2154 6808 1
6809 6808 1
2152 6823 0.98459
6824 6823 0.98459
2384 6903 0.2786
6904 6903 0.2786
6903 6905 0.22949
6906 6905 0.22949
6916 6905 0.22949
6905 6906 0.024632
6908 6906 0.024632
6910 6906 0.024632
6905 6907 0.25257
6908 6907 0.25257
6910 6907 0.25257
6907 6908 0.056877
6914 6908 0.056877
6917 6908 0.056877
6905 6909 0.07635
6908 6909 0.07635
6910 6909 0.07635
6909 6910 0.067184
6912 6910 0.067184
7072 6910 0.067184
6915 6914 0.73371
6919 6914 0.73371
7071 6914 0.73371
6907 6915 0.0030963
6914 6915 0.0030963
6917 6915 0.0030963
6907 6916 0.18153
6914 6916 0.18153
6917 6916 0.18153
6903 6917 0.25523
6906 6917 0.25523
6916 6917 0.25523
3161 6919 0.72144
6918 6919 0.72144
6909 7071 0.07635
6912 7071 0.07635
7072 7071 0.07635
6915 7072 0.067184
6919 7072 0.067184
7071 7072 0.067184
