86 85 0.00012718
89 85 0.00012718
6576 85 0.00012718
88 87 0.00074355
90 87 0.00074355
773 87 0.00074355
6568 87 0.00074355
86 90 0.00012784
89 90 0.00012784
6576 90 0.00012784
92 91 0.0011993
4557 91 0.0011993
6569 91 0.0011993
98 97 0.00079165
3704 97 0.00079165
3705 97 0.00079165
97 98 0.00024646
412 98 0.00024646
6566 98 0.00024646
110 109 0.00088307
5717 109 0.00088307
6560 109 0.00088307
109 110 0.00058378
782 110 0.00058378
784 110 0.00058378
118 117 0.00041519
3219 117 0.00041519
5730 117 0.00041519
117 118 0.00012269
6612 118 0.00012269
6615 118 0.00012269
134 133 0.0029182
3708 133 0.0029182
3709 133 0.0029182
133 134 0.0025045
3052 134 0.0025045
381 382 0.00011268
400 382 0.00011268
401 382 0.00011268
413 382 0.00011268
402 404 0.00028539
403 404 0.00028539
418 404 0.00028539
419 404 0.00028539
97 411 0.00079165
412 411 0.00079165
6566 411 0.00079165
411 412 0.00024646
3734 412 0.00024646
3735 412 0.00024646
414 413 0.00016276
415 413 0.00016276
417 413 0.00016276
416 415 0.00086773
3096 415 0.00086773
7148 415 0.00086773
414 418 0.00071037
415 418 0.00071037
417 418 0.00071037
402 420 0.0004798
403 420 0.0004798
418 420 0.0004798
419 420 0.0004798
116 422 0.00024233
420 422 0.00024233
421 422 0.00024233
1584 422 0.00024233
114 424 0.00020112
422 424 0.00020112
423 424 0.00020112
6550 424 0.00020112
112 426 0.00012707
424 426 0.00012707
425 426 0.00012707
6552 426 0.00012707
428 427 0.001015
429 427 0.001015
3089 427 0.001015
5680 427 0.001015
427 428 0.024663
431 428 0.024663
3097 428 0.024663
2279 431 0.61345
5674 431 0.61345
7273 431 0.61345
427 432 0.57869
431 432 0.57869
3097 432 0.57869
554 553 0.00082441
1525 553 0.00082441
2824 553 0.00082441
553 554 0.00085269
3702 554 0.00085269
3703 554 0.00085269
5260 723 0.0018023
723 724 0.017086
6920 724 0.017086
774 773 0.00093733
775 773 0.00093733
776 775 0.00093733
6574 775 0.00093733
778 777 0.00039961
3045 777 0.00039961
6147 777 0.00039961
777 778 0.00039961
4784 778 0.00039961
6149 778 0.00039961
779 780 0.00037495
3046 780 0.00037495
109 781 0.00088307
782 781 0.00088307
784 781 0.00088307
781 782 0.00058378
3700 782 0.00058378
3701 782 0.00058378
958 959 0.00062091
1681 959 0.00062091
4810 959 0.00062091
6181 959 0.00062091
434 1126 0.0001743
5089 1126 0.0001743
432 1127 0.012965
5692 1127 0.012965
5085 1129 0.00065845
5267 1129 0.00065845
1521 1520 0.00042213
6558 1520 0.00042213
6561 1520 0.00042213
1520 1521 0.00021332
1523 1521 0.00021332
2825 1521 0.00021332
1520 1522 0.00014231
1523 1522 0.00014231
2825 1522 0.00014231
1522 1523 0.00015968
2821 1523 0.00015968
2827 1523 0.00015968
554 1524 0.00068633
1525 1524 0.00068633
2824 1524 0.00068633
1524 1525 0.00043186
1968 1525 0.00043186
2820 1525 0.00043186
1538 1540 0.00014057
1541 1540 0.00014057
1543 1540 0.00014057
5703 1540 0.00014057
1542 1543 0.00036715
2809 1543 0.00036715
1566 1568 0.00040875
1569 1568 0.00040875
5716 1568 0.00040875
1568 1569 0.00091685
1571 1569 0.00091685
3699 1569 0.00091685
1570 1571 0.032126
1573 1571 0.032126
3092 1571 0.032126
1572 1573 0.0038668
7223 1573 0.0038668
1574 1575 0.0038668
1577 1575 0.0038668
6571 1575 0.0038668
1576 1577 0.0051365
7149 1577 0.0051365
1580 1581 0.00087558
1583 1581 0.00087558
6572 1581 0.00087558
6575 1581 0.00087558
1582 1583 0.0002612
1585 1583 0.0002612
4524 1583 0.0002612
116 1585 0.00029406
420 1585 0.00029406
421 1585 0.00029406
1584 1585 0.00029406
1660 1659 0.36427
6196 1659 0.36427
7158 1659 0.36427
1662 1661 0.00083491
3657 1661 0.00083491
3660 1661 0.00083491
1661 1662 0.0049844
1664 1662 0.0049844
6204 1662 0.0049844
1661 1663 0.00094228
1664 1663 0.00094228
6204 1663 0.00094228
1663 1664 0.0022423
1666 1664 0.0022423
6183 1664 0.0022423
1665 1666 0.0021017
1668 1666 0.0021017
6198 1666 0.0021017
1667 1668 0.0020181
7227 1668 0.0020181
1669 1670 0.0029149
1672 1670 0.0029149
6169 1670 0.0029149
1671 1672 0.0029149
1674 1672 0.0029149
3202 1672 0.0029149
1673 1674 0.010893
3205 1674 0.010893
6167 1674 0.010893
1676 1675 0.0020075
2854 1675 0.0020075
3661 1675 0.0020075
1675 1676 0.0070569
3203 1676 0.0070569
6201 1676 0.0070569
1678 1677 0.00011734
6202 1677 0.00011734
6203 1677 0.00011734
1680 1679 0.00062951
6194 1679 0.00062951
6195 1679 0.00062951
1679 1680 0.0011084
1682 1680 0.0011084
1684 1680 0.0011084
1679 1681 0.00056922
1682 1681 0.00056922
1684 1681 0.00056922
958 1682 0.00051863
1681 1682 0.00051863
4810 1682 0.00051863
6181 1682 0.00051863
959 1684 0.00062091
1683 1684 0.00062091
6177 1684 0.00062091
6179 1684 0.00062091
1725 1727 0.00018576
1728 1727 0.00018576
5712 1727 0.00018576
5715 1727 0.00018576
1727 1729 0.00018382
1730 1729 0.00018382
4758 1729 0.00018382
1524 1967 0.00064746
1968 1967 0.00064746
2820 1967 0.00064746
1527 1968 0.00040536
1967 1968 0.00040536
2822 1968 0.00040536
1972 1971 0.00042472
3706 1971 0.00042472
3707 1971 0.00042472
3736 1971 0.00042472
1969 1972 0.00066181
1971 1972 0.00066181
2823 1972 0.00066181
1975 1976 0.55333
3091 1976 0.55333
5682 1976 0.55333
5693 1976 0.55333
2135 2134 0.00051276
2142 2134 0.00051276
2400 2134 0.00051276
2818 2134 0.00051276
2134 2135 0.0022642
2137 2135 0.0022642
6215 2135 0.0022642
2134 2136 0.001128
2137 2136 0.001128
6215 2136 0.001128
2136 2137 0.012199
2853 2137 0.012199
3220 2137 0.012199
6166 2137 0.012199
2138 2139 0.00027621
2816 2139 0.00027621
2819 2139 0.00027621
724 2146 0.0006912
2147 2146 0.0006912
6794 2146 0.0006912
2146 2147 0.43141
3712 2147 0.43141
4663 2147 0.43141
7113 2147 0.43141
2148 2149 0.4478
6795 2149 0.4478
2150 2151 0.44601
6797 2151 0.44601
549 2152 0.00027774
2153 2152 0.00027774
2864 2152 0.00027774
6808 2152 0.00027774
145 2375 0.00032668
2374 2375 0.00032668
2730 2375 0.00032668
2375 2377 0.00031067
2376 2377 0.00031067
2806 2377 0.00031067
2382 2383 0.049331
3645 2383 0.049331
3648 2383 0.049331
2383 2384 0.049343
2385 2384 0.049343
2386 2384 0.049343
2401 2400 0.00024077
2402 2400 0.00024077
2406 2400 0.00024077
2135 2401 0.0016523
2142 2401 0.0016523
2400 2401 0.0016523
2818 2401 0.0016523
2407 2406 0.00024077
2408 2406 0.00024077
6214 2406 0.00024077
2401 2407 0.0016523
2402 2407 0.0016523
2406 2407 0.0016523
2440 2442 0.00027573
2443 2442 0.00027573
5710 2442 0.00027573
5713 2442 0.00027573
2442 2443 0.00022047
2445 2443 0.00022047
5720 2443 0.00022047
2442 2444 0.00073524
2445 2444 0.00073524
5720 2444 0.00073524
2444 2445 0.0002393
6160 2445 0.0002393
6161 2445 0.0002393
2711 2722 0.00031058
2721 2722 0.00031058
3641 2722 0.00031058
2709 2724 0.00031058
2722 2724 0.00031058
2723 2724 0.00031058
6588 2724 0.00031058
2724 2726 0.00031058
2725 2726 0.00031058
2861 2726 0.00031058
2679 2728 0.00031532
2726 2728 0.00031532
2727 2728 0.00031532
2728 2730 0.0003243
2729 2730 0.0003243
2873 2730 0.0003243
2746 2745 0.0001109
5708 2745 0.0001109
5711 2745 0.0001109
6604 2745 0.0001109
2745 2747 0.00014
2748 2747 0.00014
4735 2747 0.00014
2808 2809 0.00036715
5685 2809 0.00036715
5686 2809 0.00036715
2817 2816 0.00041811
6594 2816 0.00041811
2138 2817 0.00048481
2816 2817 0.00048481
2819 2817 0.00048481
2138 2818 0.00037695
2816 2818 0.00037695
2819 2818 0.00037695
2135 2819 0.00071681
2142 2819 0.00071681
2400 2819 0.00071681
2818 2819 0.00071681
1522 2820 0.00011685
2821 2820 0.00011685
2827 2820 0.00011685
1524 2821 0.00012921
1968 2821 0.00012921
2820 2821 0.00012921
1969 2822 0.00042472
1971 2822 0.00042472
2823 2822 0.00042472
1527 2823 0.00066181
1967 2823 0.00066181
2822 2823 0.00066181
1520 2824 0.00045687
1523 2824 0.00045687
2825 2824 0.00045687
554 2825 0.00023068
1525 2825 0.00023068
2824 2825 0.00023068
2136 2854 0.16607
2853 2854 0.16607
3220 2854 0.16607
6166 2854 0.16607
2828 2864 0.00027621
2863 2864 0.00027621
3612 2864 0.00027621
2866 2865 0.00016704
3609 2865 0.00016704
4755 2865 0.00016704
2865 2866 0.00015669
6077 2866 0.00015669
6080 2866 0.00015669
778 3046 0.00037495
3045 3046 0.00037495
6147 3046 0.00037495
133 3051 0.0029182
3052 3051 0.0029182
3051 3052 0.0025045
3710 3052 0.0025045
3711 3052 0.0025045
428 3090 0.0074462
429 3090 0.0074462
3089 3090 0.0074462
5680 3090 0.0074462
1570 3091 0.00077471
1573 3091 0.00077471
3092 3091 0.00077471
1975 3092 0.029065
3091 3092 0.029065
5682 3092 0.029065
5693 3092 0.029065
3094 3093 0.00036715
5681 3093 0.00036715
5683 3093 0.00036715
1127 3096 0.0059972
3095 3096 0.0059972
3098 3096 0.0059972
1127 3097 0.0036523
3095 3097 0.0036523
3098 3097 0.0036523
427 3098 0.014756
431 3098 0.014756
3097 3098 0.014756
3647 3161 0.95071
3650 3161 0.95071
3200 3201 0.00062404
6172 3201 0.00062404
6173 3201 0.00062404
1671 3203 0.0079881
1674 3203 0.0079881
3202 3203 0.0079881
3204 3205 0.010893
6162 3205 0.010893
6163 3205 0.010893
3207 3206 0.005764
4559 3206 0.005764
4562 3206 0.005764
3206 3207 0.0089793
6192 3207 0.0089793
6193 3207 0.0089793
3209 3208 0.0023634
3211 3208 0.0023634
4561 3208 0.0023634
3208 3209 0.0024168
6188 3209 0.0024168
6189 3209 0.0024168
3209 3210 0.0013049
3211 3210 0.0013049
4561 3210 0.0013049
3210 3211 0.0026611
6184 3211 0.0026611
6185 3211 0.0026611
1659 3212 0.36905
3213 3212 0.36905
4560 3212 0.36905
3212 3213 0.00018923
3651 3213 0.00018923
3654 3213 0.00018923
3215 3214 0.00060733
5729 3214 0.00060733
6614 3214 0.00060733
3214 3215 0.00097377
6156 3215 0.00097377
7264 3215 0.00097377
2747 3216 0.00024211
3217 3216 0.00024211
4733 3216 0.00024211
3218 3219 0.00046427
5727 3219 0.00046427
5728 3219 0.00046427
3221 3220 0.010819
6081 3220 0.010819
6213 3220 0.010819
6592 3220 0.010819
2136 3221 0.0019664
2853 3221 0.0019664
3220 3221 0.0019664
6166 3221 0.0019664
3607 3609 0.0001141
3610 3609 0.0001141
4757 3609 0.0001141
2830 3612 0.00027621
3611 3612 0.00027621
3614 3612 0.00027621
2139 3614 0.00027621
2140 3614 0.00027621
3613 3614 0.00027621
3642 3641 0.00031058
3698 3641 0.00031058
3716 3641 0.00031058
2377 3643 0.00031067
2380 3643 0.00031067
3644 3643 0.00031067
2661 3645 0.00031988
3643 3645 0.00031988
3646 3645 0.00031988
2382 3647 0.00027014
3645 3647 0.00027014
3648 3647 0.00027014
3647 3648 0.049236
3650 3648 0.049236
2151 3650 0.99968
3649 3650 0.99968
3652 3650 0.99968
6823 3650 0.99968
2151 3651 0.0034524
3649 3651 0.0034524
3652 3651 0.0034524
6823 3651 0.0034524
3212 3652 0.55687
3651 3652 0.55687
3654 3652 0.55687
3212 3653 0.024413
3651 3653 0.024413
3654 3653 0.024413
3653 3654 0.20897
3656 3654 0.20897
6210 3654 0.20897
3653 3655 0.0064847
3656 3655 0.0064847
6210 3655 0.0064847
3655 3656 0.19897
3658 3656 0.19897
6205 3656 0.19897
3655 3657 0.00044609
3658 3657 0.00044609
6205 3657 0.00044609
1662 3658 0.185
3657 3658 0.185
3660 3658 0.185
1662 3659 0.0001343
3657 3659 0.0001343
3660 3659 0.0001343
3659 3660 0.18054
3662 3660 0.18054
6218 3660 0.18054
1676 3662 0.17112
2854 3662 0.17112
3661 3662 0.17112
1568 3700 0.031616
1571 3700 0.031616
3699 3700 0.031616
781 3702 0.031916
3700 3702 0.031916
3701 3702 0.031916
553 3704 0.031899
3702 3704 0.031899
3703 3704 0.031899
1972 3705 0.00022063
3706 3705 0.00022063
3707 3705 0.00022063
3736 3705 0.00022063
98 3706 0.031561
3704 3706 0.031561
3705 3706 0.031561
134 3707 0.00012245
3708 3707 0.00012245
3709 3707 0.00012245
1972 3708 0.034376
3706 3708 0.034376
3707 3708 0.034376
3736 3708 0.034376
3051 3709 0.00047266
3710 3709 0.00047266
3711 3709 0.00047266
134 3710 0.034313
3708 3710 0.034313
3709 3710 0.034313
2146 3711 0.0015047
3712 3711 0.0015047
4663 3711 0.0015047
7113 3711 0.0015047
3051 3712 0.035758
3710 3712 0.035758
3711 3712 0.035758
3713 3714 0.00032629
6921 3714 0.00032629
7114 3714 0.00032629
3688 3716 0.00029071
3714 3716 0.00029071
3715 3716 0.00029071
426 3722 0.00013023
3720 3722 0.00013023
3721 3722 0.00013023
4661 3722 0.00013023
365 3724 0.00011927
3722 3724 0.00011927
3723 3724 0.00011927
85 3726 0.00023081
3724 3726 0.00023081
3725 3726 0.00023081
3726 3728 0.00023775
3727 3728 0.00023775
4556 3728 0.00023775
87 3730 0.00095801
3728 3730 0.00095801
3729 3730 0.00095801
373 3732 0.0009687
3730 3732 0.0009687
3731 3732 0.0009687
91 3734 0.0021332
3732 3734 0.0021332
3733 3734 0.0021332
411 3736 0.0027158
3734 3736 0.0027158
3735 3736 0.0027158
3951 3950 0.0019768
6079 3950 0.0019768
6082 3950 0.0019768
3950 3951 0.0091837
6164 3951 0.0091837
6165 3951 0.0091837
6876 3963 0.41203
1129 3964 0.41213
3963 3964 0.41213
1540 4515 0.00014133
4516 4515 0.00014133
5699 4515 0.00014133
6610 4515 0.00014133
4523 4525 0.00012318
4526 4525 0.00012318
6551 4525 0.00012318
1578 4557 0.00087558
1581 4557 0.00087558
4558 4557 0.00087558
1659 4559 0.0085847
3213 4559 0.0085847
4560 4559 0.0085847
3207 4560 0.01321
4559 4560 0.01321
4562 4560 0.01321
3207 4561 0.0034295
4559 4561 0.0034295
4562 4561 0.0034295
3209 4562 0.0048391
3211 4562 0.0048391
4561 4562 0.0048391
4662 4663 0.41203
6739 4663 0.41203
4713 4714 0.00020042
5725 4714 0.00020042
5726 4714 0.00020042
4714 4733 0.00013093
4715 4733 0.00013093
4734 4733 0.00013093
2866 4756 0.00011962
3609 4756 0.00011962
4755 4756 0.00011962
777 4783 0.0042135
4784 4783 0.0042135
6149 4783 0.0042135
1685 4784 0.0031642
4783 4784 0.0031642
6151 4784 0.0031642
6154 4784 0.0031642
958 4809 0.00014017
1681 4809 0.00014017
4810 4809 0.00014017
6181 4809 0.00014017
4809 4810 0.00061908
6174 4810 0.00061908
6175 4810 0.00061908
4685 5085 0.00058279
5086 5085 0.00058279
5087 5086 0.00066197
5271 5086 0.00066197
1129 5087 0.00055664
3963 5087 0.00055664
7272 5088 0.41211
7274 5088 0.41211
5090 5089 0.00016537
5091 5090 0.00016562
5838 5090 0.00016562
1128 5091 0.0001763
5092 5091 0.0001763
5093 5092 0.00017626
5088 5093 0.41221
5094 5093 0.41221
2149 5260 0.0018023
7287 5260 0.0018023
3964 5271 0.00010541
6738 5271 0.00010541
3090 5674 1.0074
5675 5674 1.0074
5676 5674 1.0074
7150 5674 1.0074
3094 5680 0.0010447
5681 5680 0.0010447
5683 5680 0.0010447
428 5681 0.017296
429 5681 0.017296
3089 5681 0.017296
5680 5681 0.017296
3094 5682 0.017167
5681 5682 0.017167
5683 5682 0.017167
1975 5683 0.001279
3091 5683 0.001279
5682 5683 0.001279
5693 5683 0.001279
3093 5685 0.00036715
5684 5685 0.00036715
432 5693 0.56575
5692 5693 0.56575
1538 5702 0.00023719
1541 5702 0.00023719
1543 5702 0.00023719
5703 5702 0.00023719
1693 5704 0.00024405
5702 5704 0.00024405
5705 5704 0.00024405
5704 5706 0.00031131
5707 5706 0.00031131
5731 5706 0.00031131
6600 5706 0.00031131
4718 5708 0.00031991
4719 5708 0.00031991
5706 5708 0.00031991
5709 5708 0.00031991
2746 5710 0.00037405
5708 5710 0.00037405
5711 5710 0.00037405
6604 5710 0.00037405
2440 5712 0.00026363
2443 5712 0.00026363
5710 5712 0.00026363
5713 5712 0.00026363
110 5716 0.00040875
5717 5716 0.00040875
6560 5716 0.00040875
1566 5717 0.00091685
1569 5717 0.00091685
5716 5717 0.00091685
3216 5720 0.00047217
5721 5720 0.00047217
5722 5720 0.00047217
5723 5722 0.00025034
5724 5722 0.00025034
6606 5722 0.00025034
4713 5724 0.00025034
5725 5724 0.00025034
5726 5724 0.00025034
3218 5726 0.00043081
5727 5726 0.00043081
5728 5726 0.00043081
3215 5728 0.00086283
5729 5728 0.00086283
6614 5728 0.00086283
1729 6075 0.00024827
4756 6075 0.00024827
6076 6075 0.00024827
4747 6077 0.00024827
6075 6077 0.00024827
6078 6077 0.00024827
2865 6079 0.00040409
6077 6079 0.00040409
6080 6079 0.00040409
3951 6080 0.00017007
6079 6080 0.00017007
6082 6080 0.00017007
3951 6081 0.0092802
6079 6081 0.0092802
6082 6081 0.0092802
3221 6082 0.0018393
6081 6082 0.0018393
6213 6082 0.0018393
6592 6082 0.0018393
780 6147 0.00037495
6148 6147 0.00037495
6150 6149 0.004379
6616 6149 0.004379
6619 6149 0.004379
777 6150 0.0033297
4784 6150 0.0033297
6149 6150 0.0033297
6152 6151 0.0058757
6618 6151 0.0058757
6621 6151 0.0058757
1685 6152 0.012764
4783 6152 0.012764
6151 6152 0.012764
6154 6152 0.012764
1685 6153 0.0047836
4783 6153 0.0047836
6151 6153 0.0047836
6154 6153 0.0047836
6153 6154 0.010622
7267 6154 0.010622
3214 6155 0.00032393
6156 6155 0.00032393
7264 6155 0.00032393
1976 6156 0.19232
6155 6156 0.19232
6617 6156 0.19232
6158 6157 0.00019362
7266 6157 0.00019362
7268 6157 0.00019362
6157 6158 0.19182
7265 6158 0.19182
6159 6160 0.18579
7269 6160 0.18579
2444 6162 0.18629
6160 6162 0.18629
6161 6162 0.18629
3204 6164 0.17544
6162 6164 0.17544
6163 6164 0.17544
3950 6166 0.16821
6164 6166 0.16821
6165 6166 0.16821
1670 6172 0.000919
6171 6172 0.000919
7226 6172 0.000919
3200 6174 0.00039386
6172 6174 0.00039386
6173 6174 0.00039386
6176 6175 0.00058292
6190 6175 0.00058292
6191 6175 0.00058292
4809 6176 0.00044682
6174 6176 0.00044682
6175 6176 0.00044682
3210 6183 0.0007271
6184 6183 0.0007271
6185 6183 0.0007271
1663 6184 0.0015091
1666 6184 0.0015091
6183 6184 0.0015091
3201 6185 0.0021395
6186 6185 0.0021395
6187 6185 0.0021395
3210 6186 0.0015653
6184 6186 0.0015653
6185 6186 0.0015653
3208 6187 0.0018642
6188 6187 0.0018642
6189 6187 0.0018642
3201 6188 0.0018559
6186 6188 0.0018559
6187 6188 0.0018559
6176 6189 0.003318
6190 6189 0.003318
6191 6189 0.003318
3208 6190 0.0032563
6188 6190 0.0032563
6189 6190 0.0032563
3206 6191 0.0037352
6192 6191 0.0037352
6193 6191 0.0037352
6176 6192 0.0035374
6190 6192 0.0035374
6191 6192 0.0035374
1680 6193 0.011024
6194 6193 0.011024
6195 6193 0.011024
3206 6194 0.0076106
6192 6194 0.0076106
6193 6194 0.0076106
1660 6195 0.011379
6196 6195 0.011379
7158 6195 0.011379
1680 6196 0.0084446
6194 6196 0.0084446
6195 6196 0.0084446
1677 6198 0.00011734
6197 6198 0.00011734
6199 6198 0.00011734
1675 6202 0.0029748
3203 6202 0.0029748
6201 6202 0.0029748
1678 6204 0.0029094
6202 6204 0.0029094
6203 6204 0.0029094
6206 6205 0.03798
6209 6205 0.03798
6211 6205 0.03798
3655 6206 0.030049
3658 6206 0.030049
6205 6206 0.030049
3653 6209 0.03798
3656 6209 0.03798
6210 6209 0.03798
6206 6210 0.030049
6209 6210 0.030049
6211 6210 0.030049
2407 6213 0.0016523
2408 6213 0.0016523
6214 6213 0.0016523
3221 6214 0.00024077
6081 6214 0.00024077
6213 6214 0.00024077
6592 6214 0.00024077
6216 6215 0.00079302
6217 6215 0.00079302
6595 6215 0.00079302
2134 6216 0.010113
2137 6216 0.010113
6215 6216 0.010113
3659 6217 0.00095771
3662 6217 0.00095771
6218 6217 0.00095771
6216 6218 0.010344
6217 6218 0.010344
6595 6218 0.010344
1521 6560 0.00022642
6558 6560 0.00022642
6561 6560 0.00022642
110 6561 0.00043524
5717 6561 0.00043524
6560 6561 0.00043524
88 6569 0.00037198
90 6569 0.00037198
773 6569 0.00037198
6568 6569 0.00037198
1574 6570 0.0013486
1577 6570 0.0013486
6571 6570 0.0013486
404 6572 0.00157
405 6572 0.00157
6570 6572 0.00157
6573 6572 0.00157
1580 6574 0.00093733
1583 6574 0.00093733
6572 6574 0.00093733
6575 6574 0.00093733
4525 6576 0.00020703
6553 6576 0.00020703
6577 6576 0.00020703
6216 6594 0.00041811
6217 6594 0.00041811
6595 6594 0.00041811
2817 6595 0.00048481
6594 6595 0.00048481
4515 6612 0.00014133
5700 6612 0.00014133
6613 6612 0.00014133
117 6614 0.00055212
6612 6614 0.00055212
6615 6614 0.00055212
3215 6615 0.00012765
5729 6615 0.00012765
6614 6615 0.00012765
1976 6616 0.36135
6155 6616 0.36135
6617 6616 0.36135
6150 6618 0.36029
6616 6618 0.36029
6619 6618 0.36029
6152 6620 0.36717
6618 6620 0.36717
6621 6620 0.36717
5718 6622 0.36717
6620 6622 0.36717
6623 6622 0.36717
3964 6739 0.41203
6738 6739 0.41203
724 6795 0.4478
2147 6795 0.4478
6794 6795 0.4478
6796 6797 0.44601
7183 6797 0.44601
2152 6823 0.00027774
6824 6823 0.00027774
5093 6875 0.41203
6875 6876 0.41203
2384 6903 0.049343
6904 6903 0.049343
6903 6905 0.069953
6906 6905 0.069953
6916 6905 0.069953
6905 6906 0.0039605
6908 6906 0.0039605
6910 6906 0.0039605
6905 6907 0.02457
6908 6907 0.02457
6910 6907 0.02457
6907 6908 0.065138
6914 6908 0.065138
6917 6908 0.065138
6905 6909 0.11377
6908 6909 0.11377
6910 6909 0.11377
6909 6910 0.0072125
6912 6910 0.0072125
7072 6910 0.0072125
6909 6913 1
6912 6913 1
7072 6913 1
6915 6914 0.097367
6919 6914 0.097367
7071 6914 0.097367
6907 6915 0.040096
6914 6915 0.040096
6917 6915 0.040096
6907 6916 0.05593
6914 6916 0.05593
6917 6916 0.05593
6903 6917 0.039226
6906 6917 0.039226
6916 6917 0.039226
3161 6919 0.95071
6918 6919 0.95071
3713 6920 0.01536
6921 6920 0.01536
7114 6920 0.01536
6909 7071 0.010038
6912 7071 0.010038
7072 7071 0.010038
6915 7072 0.90348
6919 7072 0.90348
7071 7072 0.90348
3713 7113 0.00010374
6921 7113 0.00010374
7114 7113 0.00010374
2146 7114 0.015669
3712 7114 0.015669
4663 7114 0.015669
7113 7114 0.015669
416 7149 0.0051365
3096 7149 0.0051365
7148 7149 0.0051365
7157 7156 0.36717
7230 7156 0.36717
7156 7158 0.36717
7159 7158 0.36717
7182 7183 0.44601
7185 7183 0.44601
7184 7185 0.44601
7288 7185 0.44601
7222 7223 0.0038668
7225 7223 0.0038668
408 7225 0.0038668
1575 7225 0.0038668
7224 7225 0.0038668
1670 7227 0.0020181
6171 7227 0.0020181
7226 7227 0.0020181
6622 7228 0.36717
7229 7228 0.36717
7228 7230 0.36717
7231 7230 0.36717
6157 7264 0.00019362
7265 7264 0.00019362
3214 7265 0.19182
6156 7265 0.19182
7264 7265 0.19182
6153 7266 0.0047836
7267 7266 0.0047836
6158 7267 0.010622
7266 7267 0.010622
7268 7267 0.010622
6158 7269 0.18579
7266 7269 0.18579
7268 7269 0.18579
2279 7272 0.39463
5674 7272 0.39463
7273 7272 0.39463
7272 7273 0.00060785
7274 7273 0.00060785
1127 7274 0.018091
3095 7274 0.018091
3098 7274 0.018091
2149 7288 0.44601
7287 7288 0.44601
