2 1 0.00031404
1225 1 0.00031404
4679 1 0.00031404
1 2 0.00021826
2466 2 0.00021826
2630 2 0.00021826
134 133 0.00014249
3708 133 0.00014249
3709 133 0.00014249
133 134 0.00041649
3052 134 0.00041649
6871 712 0.072275
5260 723 0.30892
723 724 0.29045
6920 724 0.29045
786 785 0.00087309
2261 785 0.00087309
2264 785 0.00087309
3989 785 0.00087309
785 786 0.0010336
3973 786 0.0010336
3976 786 0.0010336
3977 786 0.0010336
1122 1121 0.0022649
1449 1121 0.0022649
2217 1121 0.0022649
1124 1123 0.0002736
5099 1123 0.0002736
5102 1123 0.0002736
1123 1124 0.062044
2461 1124 0.062044
3067 1124 0.062044
3069 1124 0.062044
5103 1125 0.006055
5143 1125 0.006055
5085 1129 0.0015731
5267 1129 0.0015731
2277 1225 0.085347
5109 1225 0.085347
1301 1300 0.00054245
2463 1300 0.00054245
5146 1300 0.00054245
1300 1301 0.056569
1371 1301 0.056569
2464 1301 0.056569
5462 1312 0.0019537
6768 1312 0.0019537
1321 1322 0.0010245
5308 1322 0.0010245
5309 1322 0.0010245
1322 1324 0.0010245
1323 1324 0.0010245
5130 1324 0.0010245
1368 1367 0.00010433
1387 1367 0.00010433
1389 1367 0.00010433
1367 1368 0.00039097
3068 1368 0.00039097
1372 1371 0.00023704
1381 1371 0.00023704
5173 1371 0.00023704
1300 1372 0.0061246
1371 1372 0.0061246
2464 1372 0.0061246
1388 1387 0.00010433
5370 1387 0.00010433
6669 1387 0.00010433
1368 1388 0.00039097
1387 1388 0.00039097
1389 1388 0.00039097
551 1414 0.0010245
1324 1414 0.0010245
1413 1414 0.0010245
1431 1432 0.00014002
1846 1432 0.00014002
2454 1432 0.00014002
1433 1434 0.00013606
1844 1434 0.00013606
2456 1434 0.00013606
1448 1447 0.0045607
1862 1447 0.0045607
5107 1447 0.0045607
1447 1448 0.00017141
1450 1448 0.00017141
1866 1448 0.00017141
1447 1449 0.0045607
1450 1449 0.0045607
1866 1449 0.0045607
1122 1450 0.00017141
1449 1450 0.00017141
2217 1450 0.00017141
1808 1805 0.48145
4680 1805 0.48145
5101 1805 0.48145
1808 1807 0.0031611
4680 1807 0.0031611
5101 1807 0.0031611
1807 1808 0.0040183
5115 1808 0.0040183
1826 1827 0.0019378
3149 1827 0.0019378
3152 1827 0.0019378
1855 1854 0.0047636
1859 1854 0.0047636
5610 1854 0.0047636
1854 1855 0.002847
4576 1855 0.002847
5153 1855 0.002847
1857 1856 0.01201
1858 1856 0.01201
5612 1856 0.01201
1856 1857 0.024605
1861 1857 0.024605
4575 1857 0.024605
1855 1858 0.002847
1859 1858 0.002847
5610 1858 0.002847
1857 1859 0.0047636
1858 1859 0.0047636
5612 1859 0.0047636
1856 1860 0.02941
1861 1860 0.02941
4575 1860 0.02941
1860 1861 0.031925
5149 1861 0.031925
5164 1861 0.031925
1863 1862 0.00084734
2218 1862 0.00084734
5156 1862 0.00084734
1448 1863 0.0057903
1862 1863 0.0057903
5107 1863 0.0057903
1865 1864 0.00010083
5608 1864 0.00010083
5615 1864 0.00010083
724 2146 0.98156
2147 2146 0.98156
6794 2146 0.98156
2149 2148 0.69243
7287 2148 0.69243
2148 2149 0.0013701
6795 2149 0.0013701
2151 2150 0.99998
3649 2150 0.99998
3652 2150 0.99998
6823 2150 0.99998
549 2152 0.99984
2153 2152 0.99984
2864 2152 0.99984
6808 2152 0.99984
1312 2154 1
2155 2154 1
4673 2154 1
1863 2217 0.00055098
2218 2217 0.00055098
5156 2217 0.00055098
1122 2218 0.0027076
1449 2218 0.0027076
2217 2218 0.0027076
786 2263 0.0010553
2261 2263 0.0010553
2264 2263 0.0010553
3989 2263 0.0010553
2263 2264 0.00089474
2266 2264 0.00089474
3959 2264 0.00089474
2263 2265 0.019032
2266 2265 0.019032
3959 2265 0.019032
2265 2267 0.018869
2268 2267 0.018869
3975 2267 0.018869
1805 2277 0.084972
2278 2277 0.084972
4682 2277 0.084972
2277 2278 0.00073141
5109 2278 0.00073141
2280 2281 0.00033436
5280 2281 0.00033436
5282 2281 0.00033436
678 2283 0.00033435
2282 2283 0.00033435
5279 2283 0.00033435
5286 2283 0.00033435
2449 2448 0.00012132
2450 2448 0.00012132
2510 2448 0.00012132
1316 2450 0.00012014
2451 2450 0.00012014
2452 2450 0.00012014
1318 2452 0.00012641
1432 2452 0.00012641
2453 2452 0.00012641
1434 2454 0.00014033
2455 2454 0.00014033
5808 2454 0.00014033
2457 2456 0.00013768
5812 2456 0.00013768
6662 2456 0.00013768
1397 2458 0.00014145
2459 2458 0.00014145
6666 2458 0.00014145
1123 2460 0.00024831
2461 2460 0.00024831
3067 2460 0.00024831
3069 2460 0.00024831
2460 2461 0.00042426
6667 2461 0.00042426
6668 2461 0.00042426
1301 2462 0.056569
2463 2462 0.056569
5146 2462 0.056569
2462 2463 0.00054245
3070 2463 0.00054245
5172 2463 0.00054245
2465 2464 0.062015
5097 2464 0.062015
1300 2465 0.0001007
1371 2465 0.0001007
2464 2465 0.0001007
2467 2466 0.00021838
5614 2466 0.00021838
5617 2466 0.00021838
1 2467 0.00030048
2466 2467 0.00030048
2630 2467 0.00030048
2629 2628 0.99977
4681 2628 0.99977
5113 2628 0.99977
133 3051 0.00014249
3052 3051 0.00014249
3051 3052 0.00041649
3710 3052 0.00041649
3711 3052 0.00041649
3054 3053 0.00054698
3685 3053 0.00054698
1367 3067 0.00010433
3068 3067 0.00010433
1123 3068 0.00039097
2461 3068 0.00039097
3067 3068 0.00039097
3069 3068 0.00039097
2462 3069 0.061931
3070 3069 0.061931
5172 3069 0.061931
3150 3149 0.0019321
4674 3149 0.0019321
7178 3149 0.0019321
1826 3150 0.00020708
3149 3150 0.00020708
3152 3150 0.00020708
3151 3152 0.00021498
3154 3152 0.00021498
5499 3152 0.00021498
5500 3152 0.00021498
1830 3154 0.0001437
3153 3154 0.0001437
3156 3154 0.0001437
5514 3154 0.0001437
3343 3640 0.00014575
3639 3640 0.00014575
3962 3640 0.00014575
2151 3651 0.00039432
3649 3651 0.00039432
3652 3651 0.00039432
6823 3651 0.00039432
3212 3652 0.00048064
3651 3652 0.00048064
3654 3652 0.00048064
3212 3653 0.00037744
3651 3653 0.00037744
3654 3653 0.00037744
3653 3654 0.00046331
3656 3654 0.00046331
6210 3654 0.00046331
3655 3656 0.00039884
3658 3656 0.00039884
6205 3656 0.00039884
3684 3683 0.00013007
3686 3683 0.00013007
3687 3683 0.00013007
3053 3684 0.00059507
3682 3684 0.00059507
3683 3684 0.00059507
3684 3685 0.00054698
3686 3685 0.00054698
3687 3685 0.00054698
3688 3687 0.00063114
3714 3687 0.00063114
3715 3687 0.00063114
3684 3688 0.00062092
3686 3688 0.00062092
3687 3688 0.00062092
3051 3709 0.00017943
3710 3709 0.00017943
3711 3709 0.00017943
134 3710 0.00045179
3708 3710 0.00045179
3709 3710 0.00045179
2146 3711 0.00057625
3712 3711 0.00057625
4663 3711 0.00057625
7113 3711 0.00057625
3051 3712 0.0005746
3710 3712 0.0005746
3711 3712 0.0005746
3688 3713 0.00064245
3714 3713 0.00064245
3715 3713 0.00064245
3713 3714 0.00063377
6921 3714 0.00063377
7114 3714 0.00063377
2267 3958 0.018869
4652 3958 0.018869
4686 3959 0.018869
4685 3962 0.00015734
5086 3962 0.00015734
1129 3964 0.00025221
3963 3964 0.00025221
785 3975 0.00087309
3973 3975 0.00087309
3976 3975 0.00087309
3977 3975 0.00087309
2265 3976 0.0010336
2268 3976 0.0010336
3975 3976 0.0010336
638 4142 1
4143 4142 1
6298 4142 1
4142 4144 1
4145 4144 1
4144 4146 1
4147 4146 1
4153 4146 1
4149 4148 1
4151 4148 1
6839 4148 1
4264 4263 0.00082985
4269 4263 0.00082985
4285 4263 0.00082985
4263 4264 0.00049552
6299 4264 0.00049552
6302 4264 0.00049552
6313 4264 0.00049552
668 4265 0.00017136
4266 4265 0.00017136
4271 4265 0.00017136
4265 4266 0.00048345
4270 4266 0.00048345
6672 4266 0.00048345
4265 4269 0.00082985
4270 4269 0.00082985
6672 4269 0.00082985
4264 4270 0.00049552
4269 4270 0.00049552
4285 4270 0.00049552
4267 4271 0.00017136
4272 4271 0.00017136
5805 4271 0.00017136
668 4272 0.00048345
4266 4272 0.00048345
4271 4272 0.00048345
1854 4575 0.022614
4576 4575 0.022614
5153 4575 0.022614
1856 4576 0.012534
1861 4576 0.012534
4575 4576 0.012534
7170 4654 1
2146 4662 0.99999
3712 4662 0.99999
4663 4662 0.99999
7113 4662 0.99999
1827 4671 0.00194
2656 4671 0.00194
4672 4671 0.00194
3150 4673 0.99805
4674 4673 0.99805
7178 4673 0.99805
6741 4678 0.99972
1808 4679 0.51881
4680 4679 0.51881
5101 4679 0.51881
2 4680 0.00057378
1225 4680 0.00057378
4679 4680 0.00057378
1805 4681 0.39808
2278 4681 0.39808
4682 4681 0.39808
2629 4682 0.00086938
4681 4682 0.00086938
5113 4682 0.00086938
6743 4686 1
1853 5059 0.00010569
5060 5059 0.00010569
5618 5059 0.00010569
5114 5069 0.0040965
5116 5069 0.0040965
4685 5085 0.0014144
5086 5085 0.0014144
5087 5086 0.0015715
5271 5086 0.0015715
1129 5087 0.0013319
3963 5087 0.0013319
1121 5096 0.0022649
5095 5096 0.0022649
5134 5096 0.0022649
5098 5097 0.065217
5104 5097 0.065217
5100 5098 0.024415
5136 5098 0.024415
5100 5099 0.93713
5136 5099 0.93713
1124 5101 0.99883
5099 5101 0.99883
5102 5101 0.99883
5098 5103 0.0044271
5104 5103 0.0044271
5105 5104 0.045229
5106 5105 1.0067
5137 5105 1.0067
1125 5106 0.009209
5141 5106 0.009209
5108 5107 0.0098578
5152 5107 0.0098578
5165 5107 0.0098578
5166 5107 0.0098578
1448 5108 0.00052549
1862 5108 0.00052549
5107 5108 0.00052549
1331 5109 0.0011168
1414 5109 0.0011168
5110 5109 0.0011168
5111 5109 0.0011168
2 5113 0.60349
1225 5113 0.60349
4679 5113 0.60349
2629 5114 0.0009293
4681 5114 0.0009293
5113 5114 0.0009293
5069 5115 0.0040712
1807 5116 0.003214
5115 5116 0.003214
5105 5136 0.96148
5140 5137 0.9975
5144 5137 0.9975
4712 5138 0.0093338
5139 5138 0.0093338
5158 5138 0.0093338
1125 5140 0.0078536
5141 5140 0.0078536
5138 5141 0.011008
5142 5141 0.011008
5103 5142 0.0016753
5143 5142 0.0016753
2465 5143 0.0033031
5097 5143 0.0033031
5145 5144 0.9897
5148 5144 0.9897
5175 5144 0.9897
1860 5148 0.97903
5149 5148 0.97903
5164 5148 0.97903
1854 5152 0.013049
4576 5152 0.013049
5153 5152 0.013049
5108 5153 0.021212
5152 5153 0.021212
5165 5153 0.021212
5166 5153 0.021212
5096 5156 0.00029625
5157 5156 0.00029625
5159 5156 0.00029625
1863 5157 0.0073958
2218 5157 0.0073958
5156 5157 0.0073958
5096 5158 0.0093338
5157 5158 0.0093338
5159 5158 0.0093338
5108 5164 0.98195
5152 5164 0.98195
5165 5164 0.98195
5166 5164 0.98195
1860 5165 0.00047376
5149 5165 0.00047376
5164 5165 0.00047376
5154 5166 1
5167 5166 1
5168 5166 1
5108 5167 0.0010252
5152 5167 0.0010252
5165 5167 0.0010252
5166 5167 0.0010252
5154 5169 0.0010252
5167 5169 0.0010252
5168 5169 0.0010252
5160 5171 0.0010252
5169 5171 0.0010252
5170 5171 0.0010252
1372 5172 0.0060987
1381 5172 0.0060987
5173 5172 0.0060987
2462 5173 0.00024416
3070 5173 0.00024416
5172 5173 0.00024416
5145 5174 0.012139
5148 5174 0.012139
5175 5174 0.012139
5150 5175 0.022818
5174 5175 0.022818
5613 5175 0.022818
5132 5176 0.00019466
5177 5176 0.00019466
5600 5176 0.00019466
2149 5260 0.30892
7287 5260 0.30892
3638 5267 0.0001588
3640 5267 0.0001588
5268 5267 0.0001588
3964 5271 1.0002
6738 5271 1.0002
704 5273 0.00032391
5272 5273 0.00032391
5275 5273 0.00032391
674 5275 0.00033435
5274 5275 0.00033435
5277 5275 0.00033435
676 5277 0.00033435
2283 5277 0.00033435
5276 5277 0.00033435
680 5279 0.00033436
2281 5279 0.00033436
5278 5279 0.00033436
6744 5280 0.07256
2280 5281 0.0050386
5280 5281 0.0050386
5282 5281 0.0050386
5305 5306 0.00090973
5312 5306 0.00090973
5601 5306 0.00090973
5176 5308 0.0010245
5306 5308 0.0010245
5307 5308 0.0010245
5162 5312 0.0010252
5171 5312 0.0010252
5311 5312 0.0010252
2484 5514 0.00013469
5515 5514 0.00013469
5516 5514 0.00013469
5648 5514 0.00013469
2448 5516 0.00012325
2478 5516 0.00012325
5517 5516 0.00012325
5305 5600 0.00019466
5312 5600 0.00019466
5601 5600 0.00019466
2736 5608 0.0001166
5059 5608 0.0001166
5606 5608 0.0001166
5609 5608 0.0001166
5150 5612 0.012139
5174 5612 0.012139
5613 5612 0.012139
1857 5613 0.022818
1858 5613 0.022818
5612 5613 0.022818
1865 5614 0.00014608
5608 5614 0.00014608
5615 5614 0.00014608
2467 5615 0.0001276
5614 5615 0.0001276
5617 5615 0.0001276
2467 5616 0.00017617
5614 5616 0.00017617
5617 5616 0.00017617
1814 5618 0.00017617
5616 5618 0.00017617
5619 5618 0.00017617
4267 5804 0.00048331
4272 5804 0.00048331
5805 5804 0.00048331
5804 5805 0.00017121
6671 5805 0.00017121
6676 5805 0.00017121
6206 6205 0.00031835
6209 6205 0.00031835
6211 6205 0.00031835
3655 6206 0.00010495
3658 6206 0.00010495
6205 6206 0.00010495
3653 6209 0.00031835
3656 6209 0.00031835
6210 6209 0.00031835
6206 6210 0.00010495
6209 6210 0.00010495
6211 6210 0.00010495
6297 6298 1
6848 6298 1
4263 6300 1
6299 6300 1
6302 6300 1
6313 6300 1
6301 6302 0.99967
6850 6302 0.99967
4654 6303 0.92744
4686 6304 0.98113
2458 6662 0.00013128
5373 6662 0.00013128
6663 6662 0.00013128
6664 6662 0.00013128
2460 6666 0.00014145
6667 6666 0.00014145
6668 6666 0.00014145
1388 6668 0.00041037
5370 6668 0.00041037
6669 6668 0.00041037
2460 6669 0.00011232
6667 6669 0.00011232
6668 6669 0.00011232
706 6671 0.00033454
5273 6671 0.00033454
6670 6671 0.00033454
715 6672 0.00066963
6673 6672 0.00066963
6677 6672 0.00066963
5804 6677 0.00066963
6671 6677 0.00066963
6676 6677 0.00066963
4675 6682 0.0050698
5281 6682 0.0050698
2280 6685 0.067206
5280 6685 0.067206
5282 6685 0.067206
6723 6722 1
6841 6722 1
6750 6734 1
4662 6738 0.99999
6739 6738 0.99999
712 6741 0.99972
6303 6741 0.99972
5087 6743 1
5271 6743 1
4654 6744 0.07256
6751 6750 1
3958 6751 1
6304 6751 1
6756 6757 0.99967
7121 6757 0.99967
6769 6768 0.00194
7281 6768 0.00194
2148 6794 0.69243
6795 6794 0.69243
724 6795 0.0013701
2147 6795 0.0013701
6794 6795 0.0013701
2150 6796 0.99998
6797 6796 0.99998
2154 6808 1
6809 6808 1
2152 6823 0.99984
6824 6823 0.99984
6826 6825 0.99977
7180 6825 0.99977
4146 6839 1
6840 6839 1
4148 6841 1
6842 6841 1
671 6848 1
6300 6848 1
6847 6848 1
6849 6850 0.99967
7119 6850 0.99967
6682 6871 0.072275
6685 6871 0.072275
3713 6920 0.038535
6921 6920 0.038535
7114 6920 0.038535
723 6921 0.057007
6920 6921 0.057007
3713 7113 0.057326
6921 7113 0.057326
7114 7113 0.057326
2146 7114 0.038844
3712 7114 0.038844
4663 7114 0.038844
7113 7114 0.038844
6757 7119 0.99967
7118 7119 0.99967
4678 7121 0.99967
7120 7121 0.99967
7171 7170 1
6734 7171 1
6825 7178 0.99977
7179 7178 0.99977
2628 7180 0.99977
7181 7180 0.99977
6796 7182 0.99998
7183 7182 0.99998
7182 7184 0.99998
7185 7184 0.99998
4671 7281 0.00194
7282 7281 0.00194
7184 7287 0.99998
7288 7287 0.99998
