381 402 0.00015784
400 402 0.00015784
401 402 0.00015784
413 402 0.00015784
414 413 0.00019553
415 413 0.00019553
417 413 0.00019553
416 415 0.00031003
3096 415 0.00031003
7148 415 0.00031003
414 416 0.00026584
415 416 0.00026584
417 416 0.00026584
402 417 0.00024229
403 417 0.00024229
418 417 0.00024229
419 417 0.00024229
414 418 0.00012103
415 418 0.00012103
417 418 0.00012103
428 427 0.30899
429 427 0.30899
3089 427 0.30899
5680 427 0.30899
427 428 0.0049623
431 428 0.0049623
3097 428 0.0049623
2279 431 0.0074483
5674 431 0.0074483
7273 431 0.0074483
427 432 0.076937
431 432 0.076937
3097 432 0.076937
6878 434 0.00024231
434 1126 0.00049652
5089 1126 0.00049652
432 1127 0.63791
5692 1127 0.63791
6874 1128 0.00023828
1538 1542 1
1541 1542 1
1543 1542 1
5703 1542 1
1570 1572 0.0033748
1573 1572 0.0033748
3092 1572 0.0033748
1572 1573 0.0001196
7223 1573 0.0001196
408 1574 0.0033748
1575 1574 0.0033748
7224 1574 0.0033748
1574 1575 0.0001196
1577 1575 0.0001196
6571 1575 0.0001196
1574 1576 0.0034312
1577 1576 0.0034312
6571 1576 0.0034312
1576 1577 0.00013144
7149 1577 0.00013144
2351 2350 0.00035753
4656 2350 0.00035753
7014 2350 0.00035753
7087 2350 0.00035753
2366 2367 0.00041815
7006 2367 0.00041815
7086 2367 0.00041815
1542 2808 1
2809 2808 1
3085 3086 0.00072476
3088 3086 0.00072476
5398 3086 0.00072476
3087 3088 0.00072992
7151 3088 0.00072992
428 3090 0.13181
429 3090 0.13181
3089 3090 0.13181
5680 3090 0.13181
1570 3091 0.00017528
1573 3091 0.00017528
3092 3091 0.00017528
1975 3092 0.0034347
3091 3092 0.0034347
5682 3092 0.0034347
5693 3092 0.0034347
3093 3094 1
5684 3094 1
416 3095 0.0036689
3096 3095 0.0036689
7148 3095 0.0036689
1127 3096 0.00041332
3095 3096 0.00041332
3098 3096 0.00041332
1127 3097 0.0075574
3095 3097 0.0075574
3098 3097 0.0075574
427 3098 0.24209
431 3098 0.24209
3097 3098 0.24209
3117 3118 0.00019707
5957 3118 0.00019707
6368 3118 0.00019707
6369 3118 0.00019707
6876 3963 0.00023324
4657 4656 0.00049129
5663 4656 0.00049129
5665 4656 0.00049129
4685 5085 0.00022756
5086 5085 0.00022756
5087 5086 0.00023726
5271 5086 0.00023726
1129 5087 0.00019643
3963 5087 0.00019643
7272 5088 0.99934
7274 5088 0.99934
5090 5089 0.00025421
5091 5090 0.00076984
5838 5090 0.00076984
1128 5091 0.99976
5092 5091 0.99976
5093 5092 0.99953
5088 5093 0.99976
5094 5093 0.99976
1126 5094 0.00041813
5666 5662 0.0002423
5667 5662 0.0002423
5666 5665 0.00049129
5667 5665 0.00049129
3086 5667 0.00073357
5668 5667 0.00073357
5964 5667 0.00073357
2350 5670 0.00086779
5671 5670 0.00086779
5836 5670 0.00086779
3090 5674 0.13109
5675 5674 0.13109
5676 5674 0.13109
7150 5674 0.13109
3094 5680 0.43578
5681 5680 0.43578
5683 5680 0.43578
3094 5682 0.56501
5681 5682 0.56501
5683 5682 0.56501
1975 5683 0.00077588
3091 5683 0.00077588
5682 5683 0.00077588
5693 5683 0.00077588
2808 5684 1
5685 5684 1
5686 5684 1
1975 5692 0.56173
3091 5692 0.56173
5682 5692 0.56173
5693 5692 0.56173
432 5693 0.0007648
5692 5693 0.0007648
6877 5835 0.00051562
5835 5836 0.00051554
5091 5837 0.999
5838 5837 0.999
3133 5954 0.0002369
5955 5954 0.0002369
6394 5954 0.0002369
3117 5956 0.00031327
5957 5956 0.00031327
6368 5956 0.00031327
6369 5956 0.00031327
5956 5957 0.0020289
6386 5957 0.0020289
6387 5957 0.0020289
2364 6368 0.00041801
2367 6368 0.00041801
6366 6368 0.00041801
6367 6368 0.00041801
5954 6369 0.00042474
6370 6369 0.00042474
6388 6369 0.00042474
7111 6369 0.00042474
3117 6370 0.0023656
5957 6370 0.0023656
6368 6370 0.0023656
6369 6370 0.0023656
5956 6385 0.0001287
6386 6385 0.0001287
6387 6385 0.0001287
5670 6386 0.00073485
6385 6386 0.00073485
7085 6386 0.00073485
5954 6387 0.002015
6370 6387 0.002015
6388 6387 0.002015
7111 6387 0.002015
5956 6388 0.00090551
6386 6388 0.00090551
6387 6388 0.00090551
3118 6392 0.00018899
6390 6392 0.00018899
6391 6392 0.00018899
3908 6394 0.00018401
6392 6394 0.00018401
6393 6394 0.00018401
404 6571 0.00010294
405 6571 0.00010294
6570 6571 0.00010294
6573 6571 0.00010294
5085 6873 0.00023828
5267 6873 0.00023828
6873 6874 0.00023828
5093 6875 0.00023324
6875 6876 0.00023324
5090 6877 0.00051562
5662 6878 0.00024231
5664 6878 0.00024231
6922 6924 1
6925 6924 1
6928 6924 1
5837 6928 1
6927 6928 1
7069 6928 1
7112 6928 1
3316 7006 0.00014296
7005 7006 0.00014296
7008 7006 0.00014296
7088 7006 0.00014296
5670 7086 0.00034223
6385 7086 0.00034223
7085 7086 0.00034223
2351 7088 0.00014322
4656 7088 0.00014322
7014 7088 0.00014322
7087 7088 0.00014322
5837 7111 0.0024114
6927 7111 0.0024114
7069 7111 0.0024114
7112 7111 0.0024114
5954 7112 0.0034171
6370 7112 0.0034171
6388 7112 0.0034171
7111 7112 0.0034171
1576 7148 0.0034312
7149 7148 0.0034312
416 7149 0.00013144
3096 7149 0.00013144
7148 7149 0.00013144
3090 7151 0.00072992
5675 7151 0.00072992
5676 7151 0.00072992
7150 7151 0.00072992
1572 7222 0.0033748
7223 7222 0.0033748
7222 7223 0.0001196
7225 7223 0.0001196
7222 7224 0.0033748
7225 7224 0.0033748
408 7225 0.0001196
1575 7225 0.0001196
7224 7225 0.0001196
2279 7272 0.12467
5674 7272 0.12467
7273 7272 0.12467
7272 7273 0.0010245
7274 7273 0.0010245
1127 7274 0.8757
3095 7274 0.8757
3098 7274 0.8757
