643 642 0.073687
4278 642 0.073687
4279 642 0.073687
642 643 0.052073
4256 643 0.052073
4257 643 0.052073
695 694 0.012024
697 694 0.012024
2741 694 0.012024
694 695 0.0010018
2019 695 0.0010018
5296 695 0.0010018
5302 695 0.0010018
695 696 0.0025646
697 696 0.0025646
2741 696 0.0025646
696 697 0.012231
701 697 0.012231
5299 697 0.012231
699 698 0.093434
2018 698 0.093434
5301 698 0.093434
698 699 0.0073695
5297 699 0.0073695
5300 699 0.0073695
696 700 1.0014
701 700 1.0014
5299 700 1.0014
702 703 0.00026361
4233 703 0.00026361
4236 703 0.00026361
709 708 0.00050796
711 708 0.00050796
2739 708 0.00050796
708 709 0.26289
4277 709 0.26289
4284 709 0.26289
709 710 0.26289
711 710 0.26289
2739 710 0.26289
710 711 0.00050796
3026 711 0.00050796
4273 711 0.00050796
699 2017 0.010658
2018 2017 0.010658
5301 2017 0.010658
2017 2018 0.092789
5295 2018 0.092789
5298 2018 0.092789
678 2283 0.00025761
2282 2283 0.00025761
5279 2283 0.00025761
5286 2283 0.00025761
2742 2741 0.0025401
4237 2741 0.0025401
4240 2741 0.0025401
695 2742 0.0011842
697 2742 0.0011842
2741 2742 0.0011842
710 3025 0.99974
3026 3025 0.99974
4273 3025 0.99974
3025 3027 0.99974
3028 3027 0.99974
6782 3027 0.99974
4235 4236 0.00026361
4238 4236 0.00026361
4483 4236 0.00026361
2742 4238 0.00026361
4237 4238 0.00026361
4240 4238 0.00026361
2742 4239 0.0010129
4237 4239 0.0010129
4240 4239 0.0010129
4239 4240 0.0026324
4242 4240 0.0026324
4481 4240 0.0026324
4239 4241 0.0010129
4242 4241 0.0010129
4481 4241 0.0010129
4241 4242 0.0026324
4252 4242 0.0026324
6730 4242 0.0026324
4241 4251 0.0010129
4252 4251 0.0010129
6730 4251 0.0010129
4245 4252 0.0026324
4251 4252 0.0026324
4282 4252 0.0026324
4254 4253 0.070848
4255 4253 0.070848
4259 4253 0.070848
4253 4254 0.061797
4276 4254 0.061797
4283 4254 0.061797
642 4255 0.073687
4256 4255 0.073687
4257 4255 0.073687
4254 4256 0.052073
4255 4256 0.052073
4259 4256 0.052073
4260 4259 0.017977
4262 4259 0.017977
4254 4260 0.03054
4255 4260 0.03054
4259 4260 0.03054
4260 4261 0.03054
4262 4261 0.03054
4261 4262 0.017977
4274 4262 0.017977
4275 4262 0.017977
668 4265 0.00010874
4266 4265 0.00010874
4271 4265 0.00010874
4265 4266 0.029542
4270 4266 0.029542
6672 4266 0.029542
3027 4267 0.99974
4268 4267 0.99974
6674 4267 0.99974
4267 4271 0.97106
4272 4271 0.97106
5805 4271 0.97106
668 4272 0.000491
4266 4272 0.000491
4271 4272 0.000491
4261 4273 0.74122
4274 4273 0.74122
4275 4273 0.74122
710 4274 0.00386
3026 4274 0.00386
4273 4274 0.00386
4253 4275 0.72901
4276 4275 0.72901
4283 4275 0.72901
4261 4276 0.0042121
4274 4276 0.0042121
4275 4276 0.0042121
643 4277 0.97818
4278 4277 0.97818
4279 4277 0.97818
700 4279 0.99976
4280 4279 0.99976
4281 4279 0.99976
4245 4281 0.0010129
4251 4281 0.0010129
4282 4281 0.0010129
700 4282 0.0026324
4280 4282 0.0026324
4281 4282 0.0026324
708 4283 0.72886
4277 4283 0.72886
4284 4283 0.72886
4253 4284 0.013116
4276 4284 0.013116
4283 4284 0.013116
704 5273 0.00025536
5272 5273 0.00025536
5275 5273 0.00025536
674 5275 0.00025761
5274 5275 0.00025761
5277 5275 0.00025761
676 5277 0.00025761
2283 5277 0.00025761
5276 5277 0.00025761
4301 5286 0.00026361
5285 5286 0.00026361
5288 5286 0.00026361
789 5288 0.00026361
4299 5288 0.00026361
5287 5288 0.00026361
5290 5288 0.00026361
703 5290 0.00026361
4303 5290 0.00026361
5289 5290 0.00026361
694 5295 1.0082
2019 5295 1.0082
5296 5295 1.0082
5302 5295 1.0082
2017 5296 0.001085
5295 5296 0.001085
5298 5296 0.001085
2017 5297 0.93045
5295 5297 0.93045
5298 5297 0.93045
698 5298 0.0054901
5297 5298 0.0054901
5300 5298 0.0054901
698 5299 1.0111
5297 5299 1.0111
5300 5299 1.0111
694 5301 0.0064685
2019 5301 0.0064685
5296 5301 0.0064685
5302 5301 0.0064685
699 5302 0.0025353
2018 5302 0.0025353
5301 5302 0.0025353
4267 5804 0.029492
4272 5804 0.029492
5805 5804 0.029492
5804 5805 0.00032248
6671 5805 0.00032248
6676 5805 0.00032248
706 6671 0.00027948
5273 6671 0.00027948
6670 6671 0.00027948
715 6672 0.029536
6673 6672 0.029536
6677 6672 0.029536
4265 6673 0.00010876
4270 6673 0.00010876
6672 6673 0.00010876
715 6676 0.00010876
6673 6676 0.00010876
6677 6676 0.00010876
5804 6677 0.029536
6671 6677 0.029536
6676 6677 0.029536
