87 88 0.00021499
3728 88 0.00021499
3729 88 0.00021499
91 92 0.00036818
3732 92 0.00036818
3733 92 0.00036818
98 97 0.00042415
3704 97 0.00042415
3705 97 0.00042415
97 98 0.00011734
412 98 0.00011734
6566 98 0.00011734
109 110 0.00015606
782 110 0.00015606
784 110 0.00015606
134 133 0.00014719
3708 133 0.00014719
3709 133 0.00014719
133 134 0.0010199
3052 134 0.0010199
146 145 0.00022573
1546 145 0.00022573
1549 145 0.00022573
145 146 0.00029113
2374 146 0.00029113
2730 146 0.00029113
97 411 0.00042415
412 411 0.00042415
6566 411 0.00042415
411 412 0.00011734
3734 412 0.00011734
3735 412 0.00011734
414 416 0.00026962
415 416 0.00026962
417 416 0.00026962
402 417 0.00024732
403 417 0.00024732
418 417 0.00024732
419 417 0.00024732
116 419 0.00016832
420 419 0.00016832
421 419 0.00016832
1584 419 0.00016832
428 427 0.0020306
429 427 0.0020306
3089 427 0.0020306
5680 427 0.0020306
427 428 0.0021139
431 428 0.0021139
3097 428 0.0021139
2279 431 0.00022172
5674 431 0.00022172
7273 431 0.00022172
427 432 0.00094406
431 432 0.00094406
3097 432 0.00094406
5835 433 0.85506
554 553 0.00013913
1525 553 0.00013913
2824 553 0.00013913
5260 723 0.28715
723 724 0.26939
6920 724 0.26939
88 774 0.00026983
90 774 0.00026983
773 774 0.00026983
6568 774 0.00026983
774 776 0.00026983
775 776 0.00026983
781 782 0.00015606
3700 782 0.00015606
3701 782 0.00015606
995 994 0.00040039
6359 994 0.00040039
6360 994 0.00040039
994 995 0.00028933
997 995 0.00028933
2076 995 0.00028933
2077 995 0.00028933
994 996 0.0010837
997 996 0.0010837
2076 996 0.0010837
2077 996 0.0010837
996 997 0.00044717
3119 997 0.00044717
4790 997 0.00044717
6237 997 0.00044717
434 1126 0.00027395
5089 1126 0.00027395
432 1127 0.067588
5692 1127 0.067588
6874 1128 0.91309
5085 1129 0.0014606
5267 1129 0.0014606
1524 1525 0.00013602
1968 1525 0.00013602
2820 1525 0.00013602
1528 1530 0.00094333
1531 1530 0.00094333
3303 1530 0.00094333
1530 1531 0.00013334
1533 1531 0.00013334
2850 1531 0.00013334
1530 1532 0.00011085
1533 1532 0.00011085
2850 1532 0.00011085
1532 1533 0.00012665
2851 1533 0.00012665
3339 1533 0.00012665
1544 1546 0.00046505
1547 1546 0.00046505
2807 1546 0.00046505
146 1548 0.00052962
1546 1548 0.00052962
1549 1548 0.00052962
1566 1568 0.00020639
1569 1568 0.00020639
5716 1568 0.00020639
1568 1570 0.0069463
1571 1570 0.0069463
3699 1570 0.0069463
1570 1572 0.0010583
1573 1572 0.0010583
3092 1572 0.0010583
408 1574 0.0010583
1575 1574 0.0010583
7224 1574 0.0010583
1574 1576 0.0014363
1577 1576 0.0014363
6571 1576 0.0014363
1578 1580 0.0002589
1581 1580 0.0002589
4558 1580 0.0002589
1659 1660 0.042962
3213 1660 0.042962
4560 1660 0.042962
1662 1661 0.00096826
3657 1661 0.00096826
3660 1661 0.00096826
1661 1662 0.00011485
1664 1662 0.00011485
6204 1662 0.00011485
1661 1663 0.00064149
1664 1663 0.00064149
6204 1663 0.00064149
1663 1665 0.00058366
1666 1665 0.00058366
6183 1665 0.00058366
1665 1667 0.00058399
1668 1667 0.00058399
6198 1667 0.00058399
1670 1669 0.00083333
6171 1669 0.00083333
7226 1669 0.00083333
1669 1671 0.00083333
1672 1671 0.00083333
6169 1671 0.00083333
1671 1673 0.001789
1674 1673 0.001789
3202 1673 0.001789
1676 1675 0.00092593
2854 1675 0.00092593
3661 1675 0.00092593
1675 1676 0.00023702
3203 1676 0.00023702
6201 1676 0.00023702
1283 1707 0.00012227
1708 1707 0.00012227
4653 1707 0.00012227
1527 1968 0.00014657
1967 1968 0.00014657
2822 1968 0.00014657
1972 1971 0.00016078
3706 1971 0.00016078
3707 1971 0.00016078
3736 1971 0.00016078
1976 1975 0.066679
6155 1975 0.066679
6617 1975 0.066679
2072 2071 0.00054837
2074 2071 0.00054837
2075 2071 0.00054837
3906 2071 0.00054837
2071 2072 0.00025886
6238 2072 0.00025886
6239 2072 0.00025886
994 2075 0.00034231
997 2075 0.00034231
2076 2075 0.00034231
2077 2075 0.00034231
2072 2076 0.00035879
2074 2076 0.00035879
2075 2076 0.00035879
3906 2076 0.00035879
2078 2077 0.0011564
2358 2077 0.0011564
2361 2077 0.0011564
6371 2077 0.0011564
994 2078 0.00064743
997 2078 0.00064743
2076 2078 0.00064743
2077 2078 0.00064743
2135 2134 0.00017978
2142 2134 0.00017978
2400 2134 0.00017978
2818 2134 0.00017978
2134 2136 0.00136
2137 2136 0.00136
6215 2136 0.00136
724 2146 0.90992
2147 2146 0.90992
6794 2146 0.90992
2149 2148 0.64175
7287 2148 0.64175
2148 2149 0.0012768
6795 2149 0.0012768
2151 2150 0.92763
3649 2150 0.92763
3652 2150 0.92763
6823 2150 0.92763
2263 2265 0.00012333
2266 2265 0.00012333
3959 2265 0.00012333
2265 2267 0.00012227
2268 2267 0.00012227
3975 2267 0.00012227
2351 2350 0.0060547
4656 2350 0.0060547
7014 2350 0.0060547
7087 2350 0.0060547
2350 2351 0.0017877
5671 2351 0.0017877
5836 2351 0.0017877
2353 2352 0.0062769
3337 2352 0.0062769
2352 2354 0.00628
2355 2354 0.00628
5269 2354 0.00628
2354 2356 0.0056567
2357 2356 0.0056567
2356 2358 0.0063243
2359 2358 0.0063243
6362 2358 0.0063243
7160 2358 0.0063243
2078 2360 0.0071303
2358 2360 0.0071303
2361 2360 0.0071303
6371 2360 0.0071303
2360 2362 0.0072701
2363 2362 0.0072701
3120 2362 0.0072701
2362 2363 0.00014644
2365 2363 0.00014644
6395 2363 0.00014644
2362 2364 0.0086741
2365 2364 0.0086741
6395 2364 0.0086741
2364 2365 0.00013042
2367 2365 0.00013042
6366 2365 0.00013042
6367 2365 0.00013042
2364 2366 0.018368
2367 2366 0.018368
6366 2366 0.018368
6367 2366 0.018368
2366 2367 0.00077961
7006 2367 0.00077961
7086 2367 0.00077961
2375 2374 0.0052141
2376 2374 0.0052141
2806 2374 0.0052141
2377 2376 0.0056518
2380 2376 0.0056518
3644 2376 0.0056518
2382 2383 0.00013749
3645 2383 0.00013749
3648 2383 0.00013749
2444 2445 0.00012512
6160 2445 0.00012512
6161 2445 0.00012512
82 2661 1
2662 2661 1
2663 2661 1
2673 2661 1
2664 2663 1.0015
2665 2663 1.0015
2671 2663 1.0015
2672 2671 1.0015
2674 2671 1.0015
82 2674 0.0015146
2662 2674 0.0015146
2663 2674 0.0015146
2673 2674 0.0015146
79 2679 0.00029335
2680 2679 0.00029335
2681 2679 0.00029335
2682 2681 0.00029122
2683 2681 0.00029122
2804 2681 0.00029122
2709 2721 0.0056457
2722 2721 0.0056457
2723 2721 0.0056457
6588 2721 0.0056457
2724 2723 0.0056457
2725 2723 0.0056457
2861 2723 0.0056457
2679 2725 0.0056457
2726 2725 0.0056457
2727 2725 0.0056457
2728 2727 0.0053887
2729 2727 0.0053887
2873 2727 0.0053887
145 2729 0.0051546
2374 2729 0.0051546
2730 2729 0.0051546
1000 2804 0.0002841
1548 2804 0.0002841
2805 2804 0.0002841
2874 2804 0.0002841
2375 2807 0.00052035
2376 2807 0.00052035
2806 2807 0.00052035
2817 2816 0.00016197
6594 2816 0.00016197
2138 2818 0.00019365
2816 2818 0.00019365
2819 2818 0.00019365
1969 2822 0.00016078
1971 2822 0.00016078
2823 2822 0.00016078
1530 2849 0.0010381
1533 2849 0.0010381
2850 2849 0.0010381
600 2850 0.00021235
2849 2850 0.00021235
3344 2850 0.00021235
3345 2850 0.00021235
1676 2853 0.019625
2854 2853 0.019625
3661 2853 0.019625
1000 2873 0.00039691
1548 2873 0.00039691
2805 2873 0.00039691
2874 2873 0.00039691
2728 2874 0.00010976
2729 2874 0.00010976
2873 2874 0.00010976
133 3051 0.00014719
3052 3051 0.00014719
3051 3052 0.0010199
3710 3052 0.0010199
3711 3052 0.0010199
3054 3053 0.00057245
3685 3053 0.00057245
3085 3086 0.005486
3088 3086 0.005486
5398 3086 0.005486
3087 3088 0.005451
7151 3088 0.005451
428 3090 0.0060778
429 3090 0.0060778
3089 3090 0.0060778
5680 3090 0.0060778
1570 3091 0.0060429
1573 3091 0.0060429
3092 3091 0.0060429
1975 3092 0.00014401
3091 3092 0.00014401
5682 3092 0.00014401
5693 3092 0.00014401
416 3095 0.001694
3096 3095 0.001694
7148 3095 0.001694
1127 3097 0.0024285
3095 3097 0.0024285
3098 3097 0.0024285
427 3098 0.0016228
431 3098 0.0016228
3097 3098 0.0016228
3107 3109 0.00037446
3110 3109 0.00037446
3309 3109 0.00037446
3310 3109 0.00037446
3109 3111 0.00048366
3112 3111 0.00048366
3313 3111 0.00048366
3314 3111 0.00048366
3111 3113 0.00041661
3114 3113 0.00041661
6382 3113 0.00041661
6383 3113 0.00041661
3113 3115 0.00026707
3116 3115 0.00026707
6106 3115 0.00026707
3118 3117 0.00088362
6390 3117 0.00088362
6391 3117 0.00088362
3117 3118 0.00044415
5957 3118 0.00044415
6368 3118 0.00044415
6369 3118 0.00044415
2360 3119 0.00089187
2363 3119 0.00089187
3120 3119 0.00089187
996 3120 0.00094478
3119 3120 0.00094478
4790 3120 0.00094478
6237 3120 0.00094478
3121 3122 0.00063052
3328 3122 0.00063052
3329 3122 0.00063052
3124 3123 0.0035948
3307 3123 0.0035948
3308 3123 0.0035948
3637 3123 0.0035948
3123 3124 0.00012042
3126 3124 0.00012042
3312 3124 0.00012042
3123 3125 0.0034022
3126 3125 0.0034022
3312 3125 0.0034022
3125 3127 0.0032717
3128 3127 0.0032717
5949 3127 0.0032717
3127 3129 0.0030227
3130 3129 0.0030227
6380 3129 0.0030227
6381 3129 0.0030227
3129 3131 0.0028007
3132 3131 0.0028007
6105 3131 0.0028007
6108 3131 0.0028007
3131 3133 0.0028278
3134 3133 0.0028278
6402 3133 0.0028278
6403 3133 0.0028278
3136 3135 0.00040893
3305 3135 0.00040893
3306 3135 0.00040893
3135 3136 0.00012671
5948 3136 0.00012671
5953 3136 0.00012671
3137 3138 0.0045688
3302 3138 0.0045688
3338 3138 0.0045688
3140 3139 0.00055805
6372 3139 0.00055805
6373 3139 0.00055805
6407 3139 0.00055805
3139 3140 0.00015884
3910 3140 0.00015884
6112 3140 0.00015884
3142 3141 0.0005775
6414 3141 0.0005775
6415 3141 0.0005775
3141 3143 0.00054139
3144 3143 0.00054139
4787 3143 0.00054139
3143 3145 0.00078242
3146 3145 0.00078242
6374 3145 0.00078242
6375 3145 0.00078242
3145 3147 0.00072704
3148 3147 0.00072704
3911 3147 0.00072704
6109 3147 0.00072704
3201 3200 0.00014927
6186 3200 0.00014927
6187 3200 0.00014927
1675 3202 0.00095846
3203 3202 0.00095846
6201 3202 0.00095846
1673 3204 0.001789
3205 3204 0.001789
6167 3204 0.001789
3207 3206 0.0010234
4559 3206 0.0010234
4562 3206 0.0010234
3209 3208 0.00030423
3211 3208 0.00030423
4561 3208 0.00030423
3209 3210 0.00018948
3211 3210 0.00018948
4561 3210 0.00018948
1659 3212 0.00010952
3213 3212 0.00010952
4560 3212 0.00010952
3212 3213 0.044317
3651 3213 0.044317
3654 3213 0.044317
3215 3214 0.00011217
5729 3214 0.00011217
6614 3214 0.00011217
2136 3221 0.0011306
2853 3221 0.0011306
3220 3221 0.0011306
6166 3221 0.0011306
1528 3302 0.00013334
1531 3302 0.00013334
3303 3302 0.00013334
3137 3303 0.00094333
3302 3303 0.00094333
3338 3303 0.00094333
3136 3304 0.00062219
3305 3304 0.00062219
3306 3304 0.00062219
3304 3305 0.00021552
6420 3305 0.00021552
6421 3305 0.00021552
3124 3306 0.00091179
3307 3306 0.00091179
3308 3306 0.00091179
3637 3306 0.00091179
3136 3307 0.00022291
3305 3307 0.00022291
3306 3307 0.00022291
3124 3309 0.00037446
3307 3309 0.00037446
3308 3309 0.00037446
3637 3309 0.00037446
3109 3312 0.00013638
3112 3312 0.00013638
3313 3312 0.00013638
3314 3312 0.00013638
3123 3313 0.00025515
3126 3313 0.00025515
3312 3313 0.00025515
3317 3316 0.00015113
5238 3316 0.00015113
7089 3316 0.00015113
2353 3328 0.00084963
3337 3328 0.00084963
3137 3337 0.0071257
3302 3337 0.0071257
3338 3337 0.0071257
3343 3338 0.01247
3639 3338 0.01247
3962 3338 0.01247
3340 3339 0.00012665
3342 3339 0.00012665
3960 3339 0.00012665
1532 3340 0.00011085
2851 3340 0.00011085
3339 3340 0.00011085
3340 3341 0.00011085
3342 3341 0.00011085
3960 3341 0.00011085
3341 3342 0.00012665
3346 3342 0.00012665
4684 3342 0.00012665
600 3343 0.0042342
2849 3343 0.0042342
3344 3343 0.0042342
3345 3343 0.0042342
3343 3344 0.00018503
3639 3344 0.00018503
3962 3344 0.00018503
3341 3345 0.0032573
3346 3345 0.0032573
4684 3345 0.0032573
73 3347 0.0032482
3348 3347 0.0032482
3349 3347 0.0032482
3350 3349 0.0032482
3351 3349 0.0032482
3363 3349 0.0032482
3352 3351 0.0031699
3366 3351 0.0031699
3691 3351 0.0031699
3368 3367 0.00010001
3369 3367 0.00010001
3665 3367 0.00010001
3638 3637 0.0047611
3640 3637 0.0047611
5268 3637 0.0047611
3124 3638 0.00023678
3307 3638 0.00023678
3308 3638 0.00023678
3637 3638 0.00023678
3343 3640 0.039596
3639 3640 0.039596
3962 3640 0.039596
2711 3642 0.0056457
2721 3642 0.0056457
3641 3642 0.0056457
2661 3644 0.0056518
3643 3644 0.0056518
3646 3644 0.0056518
2661 3645 0.99435
3643 3645 0.99435
3646 3645 0.99435
2382 3647 0.99431
3645 3647 0.99431
3648 3647 0.99431
3647 3649 0.99425
3650 3649 0.99425
2151 3651 0.067675
3649 3651 0.067675
3652 3651 0.067675
6823 3651 0.067675
3212 3652 0.00097884
3651 3652 0.00097884
3654 3652 0.00097884
3212 3653 0.023782
3651 3653 0.023782
3654 3653 0.023782
3653 3654 0.001293
3656 3654 0.001293
6210 3654 0.001293
3653 3655 0.019463
3656 3655 0.019463
6210 3655 0.019463
3655 3656 0.0014629
3658 3656 0.0014629
6205 3656 0.0014629
3655 3657 0.022498
3658 3657 0.022498
6205 3657 0.022498
1662 3659 0.02164
3657 3659 0.02164
3660 3659 0.02164
3659 3661 0.020309
3662 3661 0.020309
6218 3661 0.020309
3053 3681 0.00017808
3682 3681 0.00017808
3683 3681 0.00017808
3684 3683 0.00021315
3686 3683 0.00021315
3687 3683 0.00021315
3053 3684 0.00062026
3682 3684 0.00062026
3683 3684 0.00062026
3684 3685 0.00057245
3686 3685 0.00057245
3687 3685 0.00057245
3688 3687 0.0007361
3714 3687 0.0007361
3715 3687 0.0007361
3684 3688 0.00064618
3686 3688 0.00064618
3687 3688 0.00064618
3370 3691 0.0031515
3692 3691 0.0031515
3693 3691 0.0031515
3694 3693 0.0031689
3695 3693 0.0031689
6563 3693 0.0031689
3674 3695 0.0031696
3696 3695 0.0031696
3697 3695 0.0031696
3642 3697 0.0031709
3698 3697 0.0031709
3716 3697 0.0031709
781 3699 0.0067446
3700 3699 0.0067446
3701 3699 0.0067446
553 3701 0.0068534
3702 3701 0.0068534
3703 3701 0.0068534
98 3703 0.0067989
3704 3703 0.0067989
3705 3703 0.0067989
1972 3705 0.0071087
3706 3705 0.0071087
3707 3705 0.0071087
3736 3705 0.0071087
134 3707 0.0076016
3708 3707 0.0076016
3709 3707 0.0076016
3051 3709 0.0071356
3710 3709 0.0071356
3711 3709 0.0071356
134 3710 0.00044846
3708 3710 0.00044846
3709 3710 0.00044846
2146 3711 0.0080929
3712 3711 0.0080929
4663 3711 0.0080929
7113 3711 0.0080929
3051 3712 0.00053302
3710 3712 0.00053302
3711 3712 0.00053302
3688 3713 0.003379
3714 3713 0.003379
3715 3713 0.003379
3713 3714 0.00098131
6921 3714 0.00098131
7114 3714 0.00098131
3642 3715 0.0027889
3698 3715 0.0027889
3716 3715 0.0027889
3688 3716 0.00030134
3714 3716 0.00030134
3715 3716 0.00030134
373 3729 0.0002653
3730 3729 0.0002653
3731 3729 0.0002653
91 3731 0.00026628
3732 3731 0.00026628
3733 3731 0.00026628
411 3733 0.00061896
3734 3733 0.00061896
3735 3733 0.00061896
1972 3735 0.00066935
3706 3735 0.00066935
3707 3735 0.00066935
3736 3735 0.00066935
411 3736 0.00035958
3734 3736 0.00035958
3735 3736 0.00035958
3907 3906 0.00051695
4019 3906 0.00051695
6228 3906 0.00051695
6358 3906 0.00051695
2072 3907 0.00015975
2074 3907 0.00015975
2075 3907 0.00015975
3906 3907 0.00015975
3909 3908 0.00033298
6113 3908 0.00033298
6400 3908 0.00033298
6401 3908 0.00033298
3908 3909 0.0001491
6392 3909 0.0001491
6393 3909 0.0001491
3145 3910 0.0003185
3148 3910 0.0003185
3911 3910 0.0003185
6109 3910 0.0003185
3139 3911 0.00010028
3910 3911 0.00010028
6112 3911 0.00010028
3951 3950 0.0011216
6079 3950 0.0011216
6082 3950 0.0011216
4686 3959 0.00012227
4685 3962 0.048006
5086 3962 0.048006
1129 3964 0.00023515
3963 3964 0.00023515
4020 4019 0.00058087
6232 4019 0.00058087
6351 4019 0.00058087
92 4558 0.0002589
4557 4558 0.0002589
6569 4558 0.0002589
1659 4559 0.001468
3213 4559 0.001468
4560 4559 0.001468
3207 4560 0.00012998
4559 4560 0.00012998
4562 4560 0.00012998
3207 4561 0.00047263
4559 4561 0.00047263
4562 4561 0.00047263
2267 4653 0.00012227
4652 4653 0.00012227
4657 4656 0.0055624
5663 4656 0.0055624
5665 4656 0.0055624
2146 4662 0.92246
3712 4662 0.92246
4663 4662 0.92246
7113 4662 0.92246
3347 4684 0.0032406
3354 4684 0.0032406
4683 4684 0.0032406
6742 4685 0.00012227
6743 4686 0.00012227
1685 4784 0.00050788
4783 4784 0.00050788
6151 4784 0.00050788
6154 4784 0.00050788
3141 4788 0.00016971
3144 4788 0.00016971
4787 4788 0.00016971
996 4789 0.0010876
3119 4789 0.0010876
4790 4789 0.0010876
6237 4789 0.0010876
4789 4790 0.0004399
6240 4790 0.0004399
6365 4790 0.0004399
4685 5085 0.87593
5086 5085 0.87593
5087 5086 0.92381
5271 5086 0.92381
1129 5087 0.0012418
3963 5087 0.0012418
7272 5088 0.068799
7274 5088 0.068799
5090 5089 0.00027108
5091 5090 0.94928
5838 5090 0.94928
1128 5091 0.98208
5092 5091 0.98208
5093 5092 0.068995
5088 5093 0.069012
5094 5093 0.069012
1126 5094 0.00021265
3121 5237 0.00022027
3328 5237 0.00022027
3329 5237 0.00022027
2149 5260 0.28715
7287 5260 0.28715
3638 5267 0.038618
3640 5267 0.038618
5268 5267 0.038618
3138 5268 0.0035566
5832 5268 0.0035566
6422 5268 0.0035566
3122 5269 0.00031626
5270 5269 0.00031626
6233 5269 0.00031626
2753 5270 0.00012973
3327 5270 0.00012973
5237 5270 0.00012973
3964 5271 0.92269
6738 5271 0.92269
5666 5665 0.0055624
5667 5665 0.0055624
3086 5667 0.0055652
5668 5667 0.0055652
5964 5667 0.0055652
2350 5669 0.14499
5671 5669 0.14499
5836 5669 0.14499
2350 5670 0.00080452
5671 5670 0.00080452
5836 5670 0.00080452
5670 5671 0.04758
6385 5671 0.04758
7085 5671 0.04758
3090 5674 0.0012801
5675 5674 0.0012801
5676 5674 0.0012801
7150 5674 0.0012801
2279 5675 0.00077262
5674 5675 0.00077262
7273 5675 0.00077262
3090 5677 0.00011484
5675 5677 0.00011484
5676 5677 0.00011484
7150 5677 0.00011484
3094 5680 0.0059905
5681 5680 0.0059905
5683 5680 0.0059905
1975 5683 0.0059568
3091 5683 0.0059568
5682 5683 0.0059568
5693 5683 0.0059568
1975 5692 0.066663
3091 5692 0.066663
5682 5692 0.066663
5693 5692 0.066663
110 5716 0.00020639
5717 5716 0.00020639
6560 5716 0.00020639
2352 5832 0.00031557
2355 5832 0.00031557
5269 5832 0.00031557
6877 5835 0.94901
5835 5836 0.093943
5091 5837 0.035155
5838 5837 0.035155
5837 5838 0.0023512
6927 5838 0.0023512
7069 5838 0.0023512
7112 5838 0.0023512
3125 5948 0.00027695
3128 5948 0.00027695
5949 5948 0.00027695
3135 5949 0.00016275
5948 5949 0.00016275
5953 5949 0.00016275
3147 5950 0.00036611
5951 5950 0.00036611
6398 5950 0.00036611
6399 5950 0.00036611
5950 5951 0.00010014
6389 5951 0.00010014
6405 5951 0.00010014
3135 5952 0.00047692
5948 5952 0.00047692
5953 5952 0.00047692
3133 5954 0.0029978
5955 5954 0.0029978
6394 5954 0.0029978
5954 5955 0.00031954
6370 5955 0.00031954
6388 5955 0.00031954
7111 5955 0.00031954
3117 5956 0.0053719
5957 5956 0.0053719
6368 5956 0.0053719
6369 5956 0.0053719
5956 5957 0.0028378
6386 5957 0.0028378
6387 5957 0.0028378
5677 5963 0.00011002
5678 5963 0.00011002
5962 5963 0.00011002
3221 6082 0.0011414
6081 6082 0.0011414
6213 6082 0.0011414
6592 6082 0.0011414
3113 6105 0.000225
3116 6105 0.000225
6106 6105 0.000225
3129 6107 0.00048247
3132 6107 0.00048247
6105 6107 0.00048247
6108 6107 0.00048247
6107 6109 0.0002706
6110 6109 0.0002706
6114 6109 0.0002706
3145 6110 0.00010689
3148 6110 0.00010689
3911 6110 0.00010689
6109 6110 0.00010689
3139 6111 0.00070003
3910 6111 0.00070003
6112 6111 0.00070003
6107 6113 0.00030175
6110 6113 0.00030175
6114 6113 0.00030175
777 6150 0.00050787
4784 6150 0.00050787
6149 6150 0.00050787
6152 6151 0.0015652
6618 6151 0.0015652
6621 6151 0.0015652
1685 6152 0.00038958
4783 6152 0.00038958
6151 6152 0.00038958
6154 6152 0.00038958
1685 6153 0.0013101
4783 6153 0.0013101
6151 6153 0.0013101
6154 6153 0.0013101
6153 6154 0.00055744
7267 6154 0.00055744
3214 6155 0.023471
6156 6155 0.023471
7264 6155 0.023471
6158 6157 0.023374
7266 6157 0.023374
7268 6157 0.023374
2444 6159 0.02262
6160 6159 0.02262
6161 6159 0.02262
3204 6161 0.02273
6162 6161 0.02273
6163 6161 0.02273
3950 6163 0.020953
6164 6163 0.020953
6165 6163 0.020953
2136 6165 0.019861
2853 6165 0.019861
3220 6165 0.019861
6166 6165 0.019861
3200 6171 0.00025207
6172 6171 0.00025207
6173 6171 0.00025207
4809 6173 0.00010665
6174 6173 0.00010665
6175 6173 0.00010665
6176 6175 0.00010389
6190 6175 0.00010389
6191 6175 0.00010389
3210 6183 0.00014965
6184 6183 0.00014965
6185 6183 0.00014965
1663 6184 0.00016441
1666 6184 0.00016441
6183 6184 0.00016441
3210 6186 0.00021128
6184 6186 0.00021128
6185 6186 0.00021128
3208 6187 0.00017361
6188 6187 0.00017361
6189 6187 0.00017361
3201 6188 0.00015567
6186 6188 0.00015567
6187 6188 0.00015567
6176 6189 0.0001133
6190 6189 0.0001133
6191 6189 0.0001133
3208 6190 0.00036135
6188 6190 0.00036135
6189 6190 0.00036135
3206 6191 0.00018918
6192 6191 0.00018918
6193 6191 0.00018918
6176 6192 0.00033859
6190 6192 0.00033859
6191 6192 0.00033859
1680 6193 0.00013929
6194 6193 0.00013929
6195 6193 0.00013929
3206 6194 0.0012468
6192 6194 0.0012468
6193 6194 0.0012468
1660 6195 0.00015999
6196 6195 0.00015999
7158 6195 0.00015999
1680 6196 0.0012632
6194 6196 0.0012632
6195 6196 0.0012632
1678 6201 0.00033876
6202 6201 0.00033876
6203 6201 0.00033876
1661 6203 0.00034354
1664 6203 0.00034354
6204 6203 0.00034354
6206 6205 0.0049081
6209 6205 0.0049081
6211 6205 0.0049081
3655 6206 0.00041895
3658 6206 0.00041895
6205 6206 0.00041895
3653 6209 0.0049081
3656 6209 0.0049081
6210 6209 0.0049081
6206 6210 0.00041895
6209 6210 0.00041895
6211 6210 0.00041895
6216 6215 0.0011895
6217 6215 0.0011895
6595 6215 0.0011895
3659 6217 0.0013443
3662 6217 0.0013443
6218 6217 0.0013443
548 6228 0.0001022
6226 6228 0.0001022
6227 6228 0.0001022
6230 6228 0.0001022
6231 6232 0.00043797
6234 6232 0.00043797
6354 6232 0.00043797
3122 6234 0.00047388
5270 6234 0.00047388
6233 6234 0.00047388
2071 6237 0.00045304
6238 6237 0.00045304
6239 6237 0.00045304
996 6238 0.00038894
3119 6238 0.00038894
4790 6238 0.00038894
6237 6238 0.00038894
4789 6239 0.0003072
6240 6239 0.0003072
6365 6239 0.0003072
2071 6240 0.00053262
6238 6240 0.00053262
6239 6240 0.00053262
950 6351 0.00024396
6352 6351 0.00024396
6353 6351 0.00024396
6356 6351 0.00024396
2354 6353 0.00063168
2357 6353 0.00063168
950 6357 0.00051697
6352 6357 0.00051697
6353 6357 0.00051697
6356 6357 0.00051697
3907 6359 0.0003353
4019 6359 0.0003353
6228 6359 0.0003353
6358 6359 0.0003353
6357 6360 0.00023096
6361 6360 0.00023096
995 6361 0.00036995
6359 6361 0.00036995
6360 6361 0.00036995
6357 6362 0.00065447
6361 6362 0.00065447
6363 6364 0.00010722
6943 6364 0.00010722
7165 6364 0.00010722
2364 6365 0.00064289
2367 6365 0.00064289
6366 6365 0.00064289
6367 6365 0.00064289
4789 6366 0.001516
6240 6366 0.001516
6365 6366 0.001516
3117 6367 0.0091084
5957 6367 0.0091084
6368 6367 0.0091084
6369 6367 0.0091084
2364 6368 0.00093707
2367 6368 0.00093707
6366 6368 0.00093707
6367 6368 0.00093707
5954 6369 0.012314
6370 6369 0.012314
6388 6369 0.012314
7111 6369 0.012314
3117 6370 0.0020479
5957 6370 0.0020479
6368 6370 0.0020479
6369 6370 0.0020479
3140 6371 0.0015062
6372 6371 0.0015062
6373 6371 0.0015062
6407 6371 0.0015062
2078 6372 0.00021691
2358 6372 0.00021691
2361 6372 0.00021691
6371 6372 0.00021691
3143 6373 0.0014697
3146 6373 0.0014697
6374 6373 0.0014697
6375 6373 0.0014697
3140 6374 0.00010896
6372 6374 0.00010896
6373 6374 0.00010896
6407 6374 0.00010896
6376 6375 0.0016204
6377 6375 0.0016204
6417 6375 0.0016204
5952 6377 0.00077611
6378 6377 0.00077611
6379 6377 0.00077611
3127 6379 0.00049812
3130 6379 0.00049812
6380 6379 0.00049812
6381 6379 0.00049812
5952 6380 0.00019063
6378 6380 0.00019063
6379 6380 0.00019063
3111 6381 0.0001955
3114 6381 0.0001955
6382 6381 0.0001955
6383 6381 0.0001955
3127 6382 0.00012948
3130 6382 0.00012948
6380 6382 0.00012948
6381 6382 0.00012948
5956 6385 0.028052
6386 6385 0.028052
6387 6385 0.028052
5670 6386 0.00030181
6385 6386 0.00030181
7085 6386 0.00030181
5954 6387 0.025606
6370 6387 0.025606
6388 6387 0.025606
7111 6387 0.025606
5956 6388 0.00039024
6386 6388 0.00039024
6387 6388 0.00039024
3118 6389 0.00017968
6390 6389 0.00017968
6391 6389 0.00017968
5950 6390 0.0003665
6389 6390 0.0003665
6405 6390 0.0003665
3908 6391 0.00063506
6392 6391 0.00063506
6393 6391 0.00063506
3118 6392 0.00038242
6390 6392 0.00038242
6391 6392 0.00038242
3133 6393 0.00051302
5955 6393 0.00051302
6394 6393 0.00051302
3908 6394 0.00044425
6392 6394 0.00044425
6393 6394 0.00044425
6111 6395 0.0015253
6396 6395 0.0015253
6397 6395 0.0015253
6406 6395 0.0015253
2362 6396 0.00010536
2365 6396 0.00010536
6395 6396 0.00010536
3147 6397 0.00084207
5951 6397 0.00084207
6398 6397 0.00084207
6399 6397 0.00084207
6111 6398 0.00011867
6396 6398 0.00011867
6397 6398 0.00011867
6406 6398 0.00011867
3909 6399 0.00044452
6113 6399 0.00044452
6400 6399 0.00044452
6401 6399 0.00044452
3147 6400 0.00012543
5951 6400 0.00012543
6398 6400 0.00012543
6399 6400 0.00012543
3131 6401 0.00048203
3134 6401 0.00048203
6402 6401 0.00048203
6403 6401 0.00048203
3909 6402 0.00019859
6113 6402 0.00019859
6400 6402 0.00019859
6401 6402 0.00019859
3115 6403 0.00026707
5959 6403 0.00026707
6404 6403 0.00026707
5950 6406 0.00016817
6389 6406 0.00016817
6405 6406 0.00016817
4788 6407 0.00042854
6408 6407 0.00042854
6409 6407 0.00042854
3140 6408 0.00010078
6372 6408 0.00010078
6373 6408 0.00010078
6407 6408 0.00010078
6364 6409 0.00030814
6410 6409 0.00030814
6411 6409 0.00030814
5834 6411 0.00027162
6412 6411 0.00027162
6413 6411 0.00027162
3142 6413 0.00027162
6414 6413 0.00027162
6415 6413 0.00027162
6416 6415 0.00082066
6418 6415 0.00082066
6419 6415 0.00082066
6416 6417 0.00092447
6418 6417 0.00092447
6419 6417 0.00092447
3304 6419 0.001717
6420 6419 0.001717
6421 6419 0.001717
3138 6421 0.0017326
5832 6421 0.0017326
6422 6421 0.0017326
3304 6422 0.00043904
6420 6422 0.00043904
6421 6422 0.00043904
3680 6478 0.0001506
3681 6478 0.0001506
3689 6478 0.0001506
6479 6478 0.0001506
92 6568 0.00012306
4557 6568 0.00012306
6569 6568 0.00012306
404 6571 0.00039868
405 6571 0.00039868
6570 6571 0.00039868
6573 6571 0.00039868
1580 6573 0.00046036
1583 6573 0.00046036
6572 6573 0.00046036
6575 6573 0.00046036
776 6575 0.00026983
6574 6575 0.00026983
6216 6594 0.00016197
6217 6594 0.00016197
6595 6594 0.00016197
6150 6617 0.043235
6616 6617 0.043235
6619 6617 0.043235
6152 6619 0.042825
6618 6619 0.042825
6621 6619 0.042825
5718 6621 0.043973
6620 6621 0.043973
6623 6621 0.043973
6622 6623 0.043973
7229 6623 0.043973
4662 6738 0.92246
6739 6738 0.92246
1707 6742 0.00012227
4655 6742 0.00012227
5087 6743 0.00012227
5271 6743 0.00012227
2148 6794 0.64175
6795 6794 0.64175
724 6795 0.0012768
2147 6795 0.0012768
6794 6795 0.0012768
2150 6796 0.92763
6797 6796 0.92763
5085 6873 0.91309
5267 6873 0.91309
6873 6874 0.91309
5090 6877 0.94901
433 6880 1
5669 6880 1
3713 6920 0.035909
6921 6920 0.035909
7114 6920 0.035909
723 6921 0.053662
6920 6921 0.053662
2366 7005 0.00072209
7006 7005 0.00072209
7086 7005 0.00072209
3316 7006 0.0021598
7005 7006 0.0021598
7008 7006 0.0021598
7088 7006 0.0021598
2366 7085 0.020119
7006 7085 0.020119
7086 7085 0.020119
5670 7086 0.0010931
6385 7086 0.0010931
7085 7086 0.0010931
3316 7087 0.00082651
7005 7087 0.00082651
7008 7087 0.00082651
7088 7087 0.00082651
2351 7088 0.0021219
4656 7088 0.0021219
7014 7088 0.0021219
7087 7088 0.0021219
5837 7111 0.035155
6927 7111 0.035155
7069 7111 0.035155
7112 7111 0.035155
5954 7112 0.0023512
6370 7112 0.0023512
6388 7112 0.0023512
7111 7112 0.0023512
3713 7113 0.056379
6921 7113 0.056379
7114 7113 0.056379
2146 7114 0.036229
3712 7114 0.036229
4663 7114 0.036229
7113 7114 0.036229
1576 7148 0.0014363
7149 7148 0.0014363
3090 7151 0.005451
5675 7151 0.005451
5676 7151 0.005451
7150 7151 0.005451
7156 7157 0.043973
7159 7157 0.043973
1660 7159 0.043973
6196 7159 0.043973
7158 7159 0.043973
6952 7160 0.0001211
7161 7160 0.0001211
7162 7160 0.0001211
2356 7161 0.00013018
2359 7161 0.00013018
6362 7161 0.00013018
7160 7161 0.00013018
6952 7163 0.00014129
7161 7163 0.00014129
7162 7163 0.00014129
6939 7165 0.00012804
7067 7165 0.00012804
7163 7165 0.00012804
7164 7165 0.00012804
6796 7182 0.92763
7183 7182 0.92763
7182 7184 0.92763
7185 7184 0.92763
1572 7222 0.0010583
7223 7222 0.0010583
7222 7224 0.0010583
7225 7224 0.0010583
1667 7226 0.00058399
7227 7226 0.00058399
7228 7229 0.043973
7231 7229 0.043973
7157 7231 0.043973
7230 7231 0.043973
6157 7264 0.023374
7265 7264 0.023374
6153 7266 0.0013101
7267 7266 0.0013101
6158 7267 0.00055744
7266 7267 0.00055744
7268 7267 0.00055744
6159 7268 0.02262
7269 7268 0.02262
2279 7272 0.0012171
5674 7272 0.0012171
7273 7272 0.0012171
7272 7273 0.00087003
7274 7273 0.00087003
1127 7274 0.068452
3095 7274 0.068452
3098 7274 0.068452
7184 7287 0.92763
7288 7287 0.92763
