428 427 0.065115
429 427 0.065115
3089 427 0.065115
5680 427 0.065115
427 428 0.010416
431 428 0.010416
3097 428 0.010416
2279 431 0.0084739
5674 431 0.0084739
7273 431 0.0084739
427 432 0.019053
431 432 0.019053
3097 432 0.019053
5835 433 0.0034978
548 547 0.0013499
6226 547 0.0013499
6227 547 0.0013499
6230 547 0.0013499
547 548 0.00039981
2073 548 0.00039981
7094 548 0.00039981
995 994 0.0002376
6359 994 0.0002376
6360 994 0.0002376
994 995 0.00039794
997 995 0.00039794
2076 995 0.00039794
2077 995 0.00039794
994 996 0.00024857
997 996 0.00024857
2076 996 0.00024857
2077 996 0.00024857
996 997 0.0011689
3119 997 0.0011689
4790 997 0.0011689
6237 997 0.0011689
434 1126 0.00011436
5089 1126 0.00011436
432 1127 0.017404
5692 1127 0.017404
2071 2072 0.0019429
6238 2072 0.0019429
6239 2072 0.0019429
2072 2073 0.0029673
2074 2073 0.0029673
2075 2073 0.0029673
3906 2073 0.0029673
547 2074 0.0001533
2073 2074 0.0001533
7094 2074 0.0001533
994 2075 0.0014294
997 2075 0.0014294
2076 2075 0.0014294
2077 2075 0.0014294
2072 2076 0.00028514
2074 2076 0.00028514
2075 2076 0.00028514
3906 2076 0.00028514
2078 2077 0.00077979
2358 2077 0.00077979
2361 2077 0.00077979
6371 2077 0.00077979
994 2078 0.00039558
997 2078 0.00039558
2076 2078 0.00039558
2077 2078 0.00039558
2349 2348 0.00010898
5903 2348 0.00010898
5986 2348 0.00010898
7105 2348 0.00010898
2348 2349 0.007355
5239 2349 0.007355
5739 2349 0.007355
2351 2350 0.028773
4656 2350 0.028773
7014 2350 0.028773
7087 2350 0.028773
2350 2351 0.033368
5671 2351 0.033368
5836 2351 0.033368
2356 2358 0.00017657
2359 2358 0.00017657
6362 2358 0.00017657
7160 2358 0.00017657
2078 2360 0.00047199
2358 2360 0.00047199
2361 2360 0.00047199
6371 2360 0.00047199
2360 2361 0.0006161
2363 2361 0.0006161
3120 2361 0.0006161
2360 2362 0.0012226
2363 2362 0.0012226
3120 2362 0.0012226
2362 2363 0.001168
2365 2363 0.001168
6395 2363 0.001168
2362 2364 0.0015614
2365 2364 0.0015614
6395 2364 0.0015614
2364 2365 0.0012295
2367 2365 0.0012295
6366 2365 0.0012295
6367 2365 0.0012295
2364 2366 0.019684
2367 2366 0.019684
6366 2366 0.019684
6367 2366 0.019684
2366 2367 0.0026082
7006 2367 0.0026082
7086 2367 0.0026082
3085 3086 0.9127
3088 3086 0.9127
5398 3086 0.9127
3087 3088 0.90868
7151 3088 0.90868
428 3090 0.94698
429 3090 0.94698
3089 3090 0.94698
5680 3090 0.94698
1127 3097 0.003327
3095 3097 0.003327
3098 3097 0.003327
427 3098 0.047447
431 3098 0.047447
3097 3098 0.047447
3101 3103 0.00066578
3104 3103 0.00066578
5961 3103 0.00066578
3105 3106 0.011042
5399 3106 0.011042
5963 3106 0.011042
3118 3117 0.00035594
6390 3117 0.00035594
6391 3117 0.00035594
3117 3118 0.00054125
5957 3118 0.00054125
6368 3118 0.00054125
6369 3118 0.00054125
2360 3119 0.00076884
2363 3119 0.00076884
3120 3119 0.00076884
996 3120 0.00096754
3119 3120 0.00096754
4790 3120 0.00096754
6237 3120 0.00096754
3133 3134 0.00018372
5955 3134 0.00018372
6394 3134 0.00018372
3139 3140 0.00012417
3910 3140 0.00012417
6112 3140 0.00012417
3316 3317 0.98834
7005 3317 0.98834
7008 3317 0.98834
7088 3317 0.98834
3319 3318 0.017754
5985 3318 0.017754
7093 3318 0.017754
7095 3318 0.017754
3318 3319 0.0073541
6983 3319 0.0073541
7092 3319 0.0073541
3321 3320 0.00076197
3322 3320 0.00076197
7097 3320 0.00076197
3320 3321 0.003807
6977 3321 0.003807
7096 3321 0.003807
3323 3322 0.00023771
3324 3322 0.00023771
7103 3322 0.00023771
3321 3323 0.00038463
3322 3323 0.00038463
7097 3323 0.00038463
3323 3325 0.00025167
3324 3325 0.00025167
7103 3325 0.00025167
3335 3336 0.0001966
5823 3336 0.0001966
5831 3336 0.0001966
6967 3336 0.0001966
3907 3906 0.00041695
4019 3906 0.00041695
6228 3906 0.00041695
6358 3906 0.00041695
2072 3907 0.00062162
2074 3907 0.00062162
2075 3907 0.00062162
3906 3907 0.00062162
3908 3909 0.00012762
6392 3909 0.00012762
6393 3909 0.00012762
4657 4656 0.92425
5663 4656 0.92425
5665 4656 0.92425
6737 4659 0.0085972
996 4789 0.00033135
3119 4789 0.00033135
4790 4789 0.00033135
6237 4789 0.00033135
4789 4790 0.0016777
6240 4790 0.0016777
6365 4790 0.0016777
4659 5064 0.0085998
5065 5064 0.0085998
7272 5088 0.075737
7274 5088 0.075737
5091 5090 0.035474
5838 5090 0.035474
1128 5091 0.075736
5092 5091 0.075736
5093 5092 0.075718
5088 5093 0.075788
5094 5093 0.075788
2348 5238 0.0066633
5239 5238 0.0066633
5739 5238 0.0066633
3317 5239 0.0053897
5238 5239 0.0053897
7089 5239 0.0053897
5064 5241 0.0085971
5240 5241 0.0085971
3105 5398 0.0084575
5399 5398 0.0084575
5963 5398 0.0084575
3085 5399 0.0044381
3088 5399 0.0044381
5398 5399 0.0044381
5666 5665 0.92425
5667 5665 0.92425
3086 5667 0.92433
5668 5667 0.92433
5964 5667 0.92433
2350 5669 0.0050993
5671 5669 0.0050993
5836 5669 0.0050993
2350 5670 0.04028
5671 5670 0.04028
5836 5670 0.04028
5670 5671 0.018035
6385 5671 0.018035
7085 5671 0.018035
3090 5674 0.029175
5675 5674 0.029175
5676 5674 0.029175
7150 5674 0.029175
2279 5675 0.0065232
5674 5675 0.0065232
7273 5675 0.0065232
3090 5677 0.015691
5675 5677 0.015691
5676 5677 0.015691
7150 5677 0.015691
5677 5679 0.00066578
5678 5679 0.00066578
5962 5679 0.00066578
3094 5680 1.0017
5681 5680 1.0017
5683 5680 1.0017
1975 5683 0.0016773
3091 5683 0.0016773
5682 5683 0.0016773
5693 5683 0.0016773
432 5693 0.0016645
5692 5693 0.0016645
5241 5739 0.0085444
5738 5739 0.0085444
7218 5739 0.0085444
3335 5822 0.0001485
5823 5822 0.0001485
5831 5822 0.0001485
6967 5822 0.0001485
5822 5823 0.00021113
6963 5823 0.00021113
7102 5823 0.00021113
7104 5823 0.00021113
5824 5825 0.00017653
6964 5825 0.00017653
7100 5825 0.00017653
5825 5831 0.00016265
5826 5831 0.00016265
5830 5831 0.00016265
6877 5835 0.035437
5835 5836 0.031939
5091 5837 0.040339
5838 5837 0.040339
5950 5951 0.00015417
6389 5951 0.00015417
6405 5951 0.00015417
3133 5954 0.00036483
5955 5954 0.00036483
6394 5954 0.00036483
5954 5955 0.00054188
6370 5955 0.00054188
6388 5955 0.00054188
7111 5955 0.00054188
3117 5956 0.0039379
5957 5956 0.0039379
6368 5956 0.0039379
6369 5956 0.0039379
5956 5957 0.0032583
6386 5957 0.0032583
6387 5957 0.0032583
5672 5961 0.00061159
5679 5961 0.00061159
5960 5961 0.00061159
5677 5963 0.015032
5678 5963 0.015032
5962 5963 0.015032
3103 5964 0.011689
3106 5964 0.011689
5965 5964 0.011689
2349 5985 0.0074356
5903 5985 0.0074356
5986 5985 0.0074356
7105 5985 0.0074356
3319 5986 0.0001121
5985 5986 0.0001121
7093 5986 0.0001121
7095 5986 0.0001121
6111 6112 0.00011832
6396 6112 0.00011832
6397 6112 0.00011832
6406 6112 0.00011832
3333 6226 0.00022283
3336 6226 0.00022283
6225 6226 0.00022283
3907 6227 0.00065821
4019 6227 0.00065821
6228 6227 0.00065821
6358 6227 0.00065821
548 6228 0.00041538
6226 6228 0.00041538
6227 6228 0.00041538
6230 6228 0.00041538
548 6229 0.00074616
6226 6229 0.00074616
6227 6229 0.00074616
6230 6229 0.00074616
6229 6230 0.0012869
6979 6230 0.0012869
7063 6230 0.0012869
2071 6237 0.00052282
6238 6237 0.00052282
6239 6237 0.00052282
996 6238 0.0007501
3119 6238 0.0007501
4790 6238 0.0007501
6237 6238 0.0007501
4789 6239 0.0017357
6240 6239 0.0017357
6365 6239 0.0017357
995 6358 0.00031413
6359 6358 0.00031413
6360 6358 0.00031413
3907 6359 0.00027686
4019 6359 0.00027686
6228 6359 0.00027686
6358 6359 0.00027686
995 6361 0.00016646
6359 6361 0.00016646
6360 6361 0.00016646
6357 6362 0.00016663
6361 6362 0.00016663
2364 6365 0.0033292
2367 6365 0.0033292
6366 6365 0.0033292
6367 6365 0.0033292
4789 6366 0.00033572
6240 6366 0.00033572
6365 6366 0.00033572
3117 6367 0.020727
5957 6367 0.020727
6368 6367 0.020727
6369 6367 0.020727
2364 6368 0.00098955
2367 6368 0.00098955
6366 6368 0.00098955
6367 6368 0.00098955
5954 6369 0.021375
6370 6369 0.021375
6388 6369 0.021375
7111 6369 0.021375
3117 6370 0.00077253
5957 6370 0.00077253
6368 6370 0.00077253
6369 6370 0.00077253
3140 6371 0.00019555
6372 6371 0.00019555
6373 6371 0.00019555
6407 6371 0.00019555
5956 6385 0.02058
6386 6385 0.02058
6387 6385 0.02058
5670 6386 0.000418
6385 6386 0.000418
7085 6386 0.000418
5954 6387 0.019657
6370 6387 0.019657
6388 6387 0.019657
7111 6387 0.019657
5956 6388 0.00017468
6386 6388 0.00017468
6387 6388 0.00017468
3118 6389 0.00030866
6390 6389 0.00030866
6391 6389 0.00030866
3908 6391 0.00034528
6392 6391 0.00034528
6393 6391 0.00034528
3118 6392 0.00031996
6390 6392 0.00031996
6391 6392 0.00031996
3133 6393 0.00037711
5955 6393 0.00037711
6394 6393 0.00037711
3908 6394 0.00028626
6392 6394 0.00028626
6393 6394 0.00028626
6111 6395 0.00043738
6396 6395 0.00043738
6397 6395 0.00043738
6406 6395 0.00043738
2362 6396 0.00016002
2365 6396 0.00016002
6395 6396 0.00016002
3147 6397 0.00026866
5951 6397 0.00026866
6398 6397 0.00026866
6399 6397 0.00026866
3909 6399 0.00017405
6113 6399 0.00017405
6400 6399 0.00017405
6401 6399 0.00017405
3131 6401 0.00014147
3134 6401 0.00014147
6402 6401 0.00014147
6403 6401 0.00014147
5950 6406 0.00019507
6389 6406 0.00019507
6405 6406 0.00019507
6880 6737 0.0085972
5090 6877 0.035437
433 6880 0.0085972
5669 6880 0.0085972
5824 6963 0.00015199
6964 6963 0.00015199
7100 6963 0.00015199
6969 6971 0.0045809
6972 6971 0.0045809
6975 6971 0.0045809
7066 6971 0.0045809
6971 6972 0.0013004
6974 6972 0.0013004
7064 6972 0.0013004
6971 6973 0.0065977
6974 6973 0.0065977
7064 6973 0.0065977
6973 6974 0.0011551
6976 6974 0.0011551
6978 6974 0.0011551
6973 6975 0.0056001
6976 6975 0.0056001
6978 6975 0.0056001
6969 6976 0.002515
6972 6976 0.002515
6975 6976 0.002515
7066 6976 0.002515
6973 6977 0.0073003
6976 6977 0.0073003
6978 6977 0.0073003
3320 6978 0.0049429
6977 6978 0.0049429
7096 6978 0.0049429
6980 6979 0.0032273
7065 6979 0.0032273
7098 6979 0.0032273
6229 6980 0.00052457
6979 6980 0.00052457
7063 6980 0.00052457
6982 6981 0.3515
6984 6981 0.3515
6986 6981 0.3515
6981 6982 0.013866
6990 6982 0.013866
6982 6983 0.0029439
6984 6983 0.0029439
6986 6983 0.0029439
3318 6984 0.67648
6983 6984 0.67648
7092 6984 0.67648
6982 6985 0.46924
6984 6985 0.46924
6986 6985 0.46924
6985 6986 0.13334
6988 6986 0.13334
6989 6986 0.13334
6985 6987 0.19029
6988 6987 0.19029
6989 6987 0.19029
6987 6988 0.51675
6992 6988 0.51675
6994 6988 0.51675
6981 6989 0.3515
6990 6989 0.3515
6985 6990 0.013866
6988 6990 0.013866
6989 6990 0.013866
6987 6991 0.29387
6992 6991 0.29387
6994 6991 0.29387
6991 6992 0.14378
6995 6992 0.14378
7000 6992 0.14378
6987 6993 0.073793
6992 6993 0.073793
6994 6993 0.073793
6993 6994 0.55034
6996 6994 0.55034
6998 6994 0.55034
7001 6994 0.55034
6993 6995 0.26332
6996 6995 0.26332
6998 6995 0.26332
7001 6995 0.26332
6991 6996 0.2403
6995 6996 0.2403
7000 6996 0.2403
6993 6997 0.13096
6996 6997 0.13096
6998 6997 0.13096
7001 6997 0.13096
6997 6998 0.45743
7090 6998 0.45743
7091 6998 0.45743
6991 6999 0.20507
6995 6999 0.20507
7000 6999 0.20507
6999 7000 0.031961
7002 7000 0.031961
7004 7000 0.031961
6999 7001 0.20507
7002 7001 0.20507
7004 7001 0.20507
6993 7002 0.031961
6996 7002 0.031961
6998 7002 0.031961
7001 7002 0.031961
2366 7005 0.072204
7006 7005 0.072204
7086 7005 0.072204
3316 7006 0.012721
7005 7006 0.012721
7008 7006 0.012721
7088 7006 0.012721
6971 7063 0.00082474
6974 7063 0.00082474
7064 7063 0.00082474
6229 7064 0.0029868
6979 7064 0.0029868
7063 7064 0.0029868
6969 7065 0.0021477
6972 7065 0.0021477
6975 7065 0.0021477
7066 7065 0.0021477
6980 7066 0.0023431
7065 7066 0.0023431
7098 7066 0.0023431
2366 7085 0.013532
7006 7085 0.013532
7086 7085 0.013532
5670 7086 0.055939
6385 7086 0.055939
7085 7086 0.055939
2351 7088 0.92887
4656 7088 0.92887
7014 7088 0.92887
7087 7088 0.92887
6997 7089 0.00034141
7090 7089 0.00034141
7091 7089 0.00034141
3317 7090 0.98994
5238 7090 0.98994
7089 7090 0.98994
3318 7091 0.0050558
6983 7091 0.0050558
7092 7091 0.0050558
6997 7092 0.66819
7090 7092 0.66819
7091 7092 0.66819
547 7093 0.0041341
2073 7093 0.0041341
7094 7093 0.0041341
3319 7094 0.00037
5985 7094 0.00037
7093 7094 0.00037
7095 7094 0.00037
3320 7095 0.0073199
6977 7095 0.0073199
7096 7095 0.0073199
3319 7096 0.0080076
5985 7096 0.0080076
7093 7096 0.0080076
7095 7096 0.0080076
6980 7097 0.00065092
7065 7097 0.00065092
7098 7097 0.00065092
3321 7098 0.003549
3322 7098 0.003549
7097 7098 0.003549
3325 7100 0.00024956
3326 7100 0.00024956
7099 7100 0.00024956
5822 7103 0.00024949
6963 7103 0.00024949
7102 7103 0.00024949
7104 7103 0.00024949
3323 7104 0.00020302
3324 7104 0.00020302
7103 7104 0.00020302
5837 7111 0.040339
6927 7111 0.040339
7069 7111 0.040339
7112 7111 0.040339
3090 7151 0.90868
5675 7151 0.90868
5676 7151 0.90868
7150 7151 0.90868
2279 7272 0.021148
5674 7272 0.021148
7273 7272 0.021148
7272 7273 0.0069069
7274 7273 0.0069069
1127 7274 0.061496
3095 7274 0.061496
3098 7274 0.061496
