5835 433 0.00014124
548 547 0.71152
6226 547 0.71152
6227 547 0.71152
6230 547 0.71152
547 548 0.0071695
2073 548 0.0071695
7094 548 0.0071695
942 943 0.00014379
945 943 0.00014379
5898 943 0.00014379
7252 943 0.00014379
942 944 0.00070283
945 944 0.00070283
5898 944 0.00070283
7252 944 0.00070283
944 946 0.00099094
947 946 0.00099094
4210 946 0.00099094
948 950 0.00047194
951 950 0.00047194
6355 950 0.00047194
995 994 0.029317
6359 994 0.029317
6360 994 0.029317
994 995 0.0013212
997 995 0.0013212
2076 995 0.0013212
2077 995 0.0013212
994 996 0.010259
997 996 0.010259
2076 996 0.010259
2077 996 0.010259
996 997 0.0017096
3119 997 0.0017096
4790 997 0.0017096
6237 997 0.0017096
1227 1226 0.00021026
7040 1226 0.00021026
7075 1226 0.00021026
7079 1226 0.00021026
1226 1227 0.1418
1536 1227 0.1418
4200 1227 0.1418
1537 1536 0.13857
4710 1536 0.13857
1654 1653 0.0059284
2340 1653 0.0059284
2343 1653 0.0059284
1653 1654 0.0010361
7054 1654 0.0010361
7076 1654 0.0010361
1656 1655 0.0010905
5746 1655 0.0010905
5748 1655 0.0010905
1655 1656 0.00031045
5745 1656 0.00031045
5901 1656 0.00031045
5904 1656 0.00031045
1657 1658 0.00014379
4219 1658 0.00014379
4817 1658 0.00014379
2072 2071 0.008614
2074 2071 0.008614
2075 2071 0.008614
3906 2071 0.008614
2071 2072 0.0054432
6238 2072 0.0054432
6239 2072 0.0054432
2072 2073 0.15184
2074 2073 0.15184
2075 2073 0.15184
3906 2073 0.15184
547 2074 0.0049564
2073 2074 0.0049564
7094 2074 0.0049564
994 2075 0.024971
997 2075 0.024971
2076 2075 0.024971
2077 2075 0.024971
2072 2076 0.0064934
2074 2076 0.0064934
2075 2076 0.0064934
3906 2076 0.0064934
2078 2077 0.0039768
2358 2077 0.0039768
2361 2077 0.0039768
6371 2077 0.0039768
994 2078 0.0049453
997 2078 0.0049453
2076 2078 0.0049453
2077 2078 0.0049453
2327 2326 0.00014377
4708 2326 0.00014377
5968 2326 0.00014377
2329 2328 0.0032062
5896 2328 0.0032062
7254 2328 0.0032062
7258 2328 0.0032062
2331 2330 0.0032785
4196 2330 0.0032785
5971 2330 0.0032785
7256 2330 0.0032785
2330 2332 0.003292
2333 2332 0.003292
5975 2332 0.003292
2332 2334 0.0038317
2335 2334 0.0038317
4216 2334 0.0038317
2334 2336 0.0043784
2337 2336 0.0043784
5977 2336 0.0043784
7152 2336 0.0043784
2336 2338 0.011916
2339 2338 0.011916
4709 2338 0.011916
2338 2340 0.0060039
2341 2340 0.0060039
4198 2340 0.0060039
1654 2341 0.0010121
2340 2341 0.0010121
2343 2341 0.0010121
1654 2342 0.00026987
2340 2342 0.00026987
2343 2342 0.00026987
2342 2343 0.00017038
7057 2343 0.00017038
7074 2343 0.00017038
2344 2346 0.00016617
2347 2346 0.00016617
5906 2346 0.00016617
2349 2348 0.74812
5903 2348 0.74812
5986 2348 0.74812
7105 2348 0.74812
2348 2349 0.0007884
5239 2349 0.0007884
5739 2349 0.0007884
2351 2350 0.0014613
4656 2350 0.0014613
7014 2350 0.0014613
7087 2350 0.0014613
2350 2351 0.00054491
5671 2351 0.00054491
5836 2351 0.00054491
2352 2354 0.00015248
2355 2354 0.00015248
5269 2354 0.00015248
2356 2357 0.00012627
2359 2357 0.00012627
6362 2357 0.00012627
7160 2357 0.00012627
2356 2358 0.0069865
2359 2358 0.0069865
6362 2358 0.0069865
7160 2358 0.0069865
2078 2360 0.0079522
2358 2360 0.0079522
2361 2360 0.0079522
6371 2360 0.0079522
2360 2361 0.00021949
2363 2361 0.00021949
3120 2361 0.00021949
2360 2362 0.010121
2363 2362 0.010121
3120 2362 0.010121
2362 2364 0.01038
2365 2364 0.01038
6395 2364 0.01038
2364 2366 0.019166
2367 2366 0.019166
6366 2366 0.019166
6367 2366 0.019166
2360 3119 0.0021368
2363 3119 0.0021368
3120 3119 0.0021368
996 3120 0.0044393
3119 3120 0.0044393
4790 3120 0.0044393
6237 3120 0.0044393
3140 3139 0.00034465
6372 3139 0.00034465
6373 3139 0.00034465
6407 3139 0.00034465
3143 3145 0.00011549
3146 3145 0.00011549
6374 3145 0.00011549
6375 3145 0.00011549
3317 3316 0.0015662
5238 3316 0.0015662
7089 3316 0.0015662
3316 3317 0.0043614
7005 3317 0.0043614
7008 3317 0.0043614
7088 3317 0.0043614
3319 3318 0.21286
5985 3318 0.21286
7093 3318 0.21286
7095 3318 0.21286
3318 3319 0.0042081
6983 3319 0.0042081
7092 3319 0.0042081
3321 3320 0.088563
3322 3320 0.088563
7097 3320 0.088563
3320 3321 0.057063
6977 3321 0.057063
7096 3321 0.057063
3323 3322 0.011011
3324 3322 0.011011
7103 3322 0.011011
3321 3323 0.0203
3322 3323 0.0203
7097 3323 0.0203
3325 3324 0.0019868
3326 3324 0.0019868
7099 3324 0.0019868
3323 3325 0.012887
3324 3325 0.012887
7103 3325 0.012887
3325 3327 0.00043747
3326 3327 0.00043747
7099 3327 0.00043747
3332 3331 0.00052994
3334 3331 0.00052994
3331 3332 0.0026509
5827 3332 0.0026509
5829 3332 0.0026509
3332 3333 0.0026509
3334 3333 0.0026509
3333 3334 0.00052994
3336 3334 0.00052994
6225 3334 0.00052994
3333 3335 0.0059528
3336 3335 0.0059528
6225 3335 0.0059528
3335 3336 0.012742
5823 3336 0.012742
5831 3336 0.012742
6967 3336 0.012742
4199 3791 0.85371
5395 3791 0.85371
5396 3792 0.00028778
5397 3792 0.00028778
3791 3793 0.85352
3793 3794 0.85343
5993 3794 0.85343
7115 3794 0.85343
3907 3906 0.13585
4019 3906 0.13585
6228 3906 0.13585
6358 3906 0.13585
2072 3907 0.0042736
2074 3907 0.0042736
2075 3907 0.0042736
3906 3907 0.0042736
4020 4019 0.00076788
6232 4019 0.00076788
6351 4019 0.00076788
3907 4020 0.0018093
4019 4020 0.0018093
6228 4020 0.0018093
6358 4020 0.0018093
4163 4165 0.00018361
4164 4165 0.00018361
5889 4165 0.00018361
5892 4165 0.00018361
4165 4167 0.00013831
4166 4167 0.00013831
5929 4167 0.00013831
5972 4167 0.00013831
7116 4199 0.0039422
2338 4200 0.0069764
2341 4200 0.0069764
4198 4200 0.0069764
4204 4205 0.00094985
4206 4205 0.00094985
4207 4205 0.00094985
4211 4205 0.00094985
4205 4206 0.00068985
5741 4206 0.00068985
5742 4206 0.00068985
4201 4207 0.00059006
4208 4207 0.00059006
4209 4207 0.00059006
5909 4207 0.00059006
4204 4208 0.00036676
4206 4208 0.00036676
4207 4208 0.00036676
4211 4208 0.00036676
4201 4210 0.00040067
4208 4210 0.00040067
4209 4210 0.00040067
5909 4210 0.00040067
4212 4211 0.00048694
4214 4211 0.00048694
4204 4212 0.00045024
4206 4212 0.00045024
4207 4212 0.00045024
4211 4212 0.00045024
4212 4213 0.00045024
4214 4213 0.00045024
4213 4214 0.00048694
5743 4214 0.00048694
5744 4214 0.00048694
4215 4216 0.00055059
6725 4216 0.00055059
4218 4217 0.00044863
6706 4217 0.00044863
6724 4217 0.00044863
4220 4219 0.00014379
4222 4219 0.00014379
943 4222 0.00014379
4221 4222 0.00014379
4815 4222 0.00014379
4224 4223 0.00026969
4225 4223 0.00026969
6894 4223 0.00026969
4223 4224 0.00017018
6896 4224 0.00017018
7081 4224 0.00017018
4228 4227 0.00017002
4229 4227 0.00017002
6893 4227 0.00017002
4227 4228 0.00026986
5937 4228 0.00026986
7073 4228 0.00026986
6737 4659 0.017082
1537 4709 0.0076049
4710 4709 0.0076049
5063 4710 0.14616
996 4789 0.0055237
3119 4789 0.0055237
4790 4789 0.0055237
6237 4789 0.0055237
4789 4790 0.00062774
6240 4790 0.00062774
6365 4790 0.00062774
5064 5063 0.99592
5240 5063 0.99592
4659 5064 0.017369
5065 5064 0.017369
3792 5065 0.0002877
5091 5090 0.00015749
5838 5090 0.00015749
2348 5238 0.00039784
5239 5238 0.00039784
5739 5238 0.00039784
3317 5239 0.21185
5238 5239 0.21185
7089 5239 0.21185
5241 5240 0.97856
5738 5240 0.97856
7218 5240 0.97856
3122 5269 0.00016255
5270 5269 0.00016255
6233 5269 0.00016255
2753 5270 0.00044146
3327 5270 0.00044146
5237 5270 0.00044146
5063 5395 0.84976
3791 5396 0.00019037
2350 5669 0.01694
5671 5669 0.01694
5836 5669 0.01694
5670 5671 0.016015
6385 5671 0.016015
7085 5671 0.016015
2348 5738 0.95879
5239 5738 0.95879
5739 5738 0.95879
4205 5740 0.02013
5741 5740 0.02013
5742 5740 0.02013
5740 5741 0.00035753
7219 5741 0.00035753
4213 5742 0.019864
5743 5742 0.019864
5744 5742 0.019864
4205 5743 0.00035126
5741 5743 0.00035126
5742 5743 0.00035126
1655 5744 0.020012
5745 5744 0.020012
5901 5744 0.020012
5904 5744 0.020012
4213 5745 0.00046325
5743 5745 0.00046325
5744 5745 0.00046325
1658 5746 0.0010905
5747 5746 0.0010905
5907 5746 0.0010905
5984 5746 0.0010905
1656 5747 0.00031045
5746 5747 0.00031045
5748 5747 0.00031045
5792 5791 0.00011982
5891 5791 0.00011982
5894 5791 0.00011982
3335 5822 0.0094069
5823 5822 0.0094069
5831 5822 0.0094069
6967 5822 0.0094069
5822 5823 0.012761
6963 5823 0.012761
7102 5823 0.012761
7104 5823 0.012761
5825 5824 0.0010719
5826 5824 0.0010719
5830 5824 0.0010719
5824 5825 0.0098802
6964 5825 0.0098802
7100 5825 0.0098802
3331 5826 0.00052994
5827 5826 0.00052994
5829 5826 0.00052994
5825 5827 0.0026509
5826 5827 0.0026509
5830 5827 0.0026509
3335 5830 0.0024265
5823 5830 0.0024265
5831 5830 0.0024265
6967 5830 0.0024265
5825 5831 0.0091139
5826 5831 0.0091139
5830 5831 0.0091139
6877 5835 0.00015745
5837 5838 0.00015123
6927 5838 0.00015123
7069 5838 0.00015123
7112 5838 0.00015123
5792 5892 0.00021229
5891 5892 0.00021229
5894 5892 0.00021229
5893 5894 0.00031634
7255 5894 0.00031634
5895 5896 0.0033737
7253 5896 0.0033737
5897 5898 0.0041152
5900 5898 0.0041152
5983 5898 0.0041152
5897 5899 0.00021686
5900 5899 0.00021686
5983 5899 0.00021686
5899 5900 0.0051874
5902 5900 0.0051874
5910 5900 0.0051874
5899 5901 0.00044524
5902 5901 0.00044524
5910 5901 0.00044524
1655 5902 0.0060013
5745 5902 0.0060013
5901 5902 0.0060013
5904 5902 0.0060013
1655 5903 0.0015488
5745 5903 0.0015488
5901 5903 0.0015488
5904 5903 0.0015488
2349 5904 0.025874
5903 5904 0.025874
5986 5904 0.025874
7105 5904 0.025874
5905 5906 0.00016574
6955 5906 0.00016574
7110 5906 0.00016574
1658 5908 0.00021186
5747 5908 0.00021186
5907 5908 0.00021186
5984 5908 0.00021186
5899 5909 0.00083474
5902 5909 0.00083474
5910 5909 0.00083474
4201 5910 0.00024921
4208 5910 0.00024921
4209 5910 0.00024921
5909 5910 0.00024921
4192 5920 0.00012674
5919 5920 0.00012674
5980 5920 0.00012674
4167 5925 0.00011336
4168 5925 0.00011336
5923 5925 0.00011336
5926 5925 0.00011336
3117 5956 0.00051929
5957 5956 0.00051929
6368 5956 0.00051929
6369 5956 0.00051929
5790 5968 0.00011469
5791 5968 0.00011469
5932 5968 0.00011469
5969 5968 0.00011469
4165 5971 0.00013407
4166 5971 0.00013407
5929 5971 0.00013407
5972 5971 0.00013407
5925 5975 0.00013776
5976 5975 0.00013776
5979 5975 0.00013776
2330 5976 0.00013285
2333 5976 0.00013285
5975 5976 0.00013285
5917 5977 0.00014602
5920 5977 0.00014602
5978 5977 0.00014602
5925 5980 0.0001154
5976 5980 0.0001154
5979 5980 0.0001154
1658 5983 0.00025588
5747 5983 0.00025588
5907 5983 0.00025588
5984 5983 0.00025588
5897 5984 0.0011737
5900 5984 0.0011737
5983 5984 0.0011737
2349 5985 0.0007804
5903 5985 0.0007804
5986 5985 0.0007804
7105 5985 0.0007804
3319 5986 0.77225
5985 5986 0.77225
7093 5986 0.77225
7095 5986 0.77225
3139 6111 0.00032753
3910 6111 0.00032753
6112 6111 0.00032753
548 6225 0.005919
6226 6225 0.005919
6227 6225 0.005919
6230 6225 0.005919
3333 6226 0.014829
3336 6226 0.014829
6225 6226 0.014829
3907 6227 0.0038963
4019 6227 0.0038963
6228 6227 0.0038963
6358 6227 0.0038963
548 6228 0.17028
6226 6228 0.17028
6227 6228 0.17028
6230 6228 0.17028
548 6229 0.0091954
6226 6229 0.0091954
6227 6229 0.0091954
6230 6229 0.0091954
6229 6230 0.87102
6979 6230 0.87102
7063 6230 0.87102
4020 6231 0.00057449
6232 6231 0.00057449
6351 6231 0.00057449
6231 6232 0.00039464
6234 6232 0.00039464
6354 6232 0.00039464
6231 6233 0.000128
6234 6233 0.000128
6354 6233 0.000128
3122 6234 0.00035333
5270 6234 0.00035333
6233 6234 0.00035333
2071 6237 0.0039218
6238 6237 0.0039218
6239 6237 0.0039218
996 6238 0.0052725
3119 6238 0.0052725
4790 6238 0.0052725
6237 6238 0.0052725
4789 6239 0.0011064
6240 6239 0.0011064
6365 6239 0.0011064
2071 6240 0.005628
6238 6240 0.005628
6239 6240 0.005628
950 6351 0.00043062
6352 6351 0.00043062
6353 6351 0.00043062
6356 6351 0.00043062
4020 6352 0.0012922
6232 6352 0.0012922
6351 6352 0.0012922
2354 6353 0.00016985
2357 6353 0.00016985
6231 6355 0.00047194
6234 6355 0.00047194
6354 6355 0.00047194
6357 6356 0.0002079
6361 6356 0.0002079
950 6357 0.0016446
6352 6357 0.0016446
6353 6357 0.0016446
6356 6357 0.0016446
995 6358 0.0018047
6359 6358 0.0018047
6360 6358 0.0018047
3907 6359 0.035569
4019 6359 0.035569
6228 6359 0.035569
6358 6359 0.035569
6357 6360 0.0013552
6361 6360 0.0013552
995 6361 0.0071241
6359 6361 0.0071241
6360 6361 0.0071241
6357 6362 0.0072056
6361 6362 0.0072056
6363 6364 0.00026269
6943 6364 0.00026269
7165 6364 0.00026269
2364 6365 0.0003583
2367 6365 0.0003583
6366 6365 0.0003583
6367 6365 0.0003583
4789 6366 0.0097758
6240 6366 0.0097758
6365 6366 0.0097758
2364 6368 0.00066706
2367 6368 0.00066706
6366 6368 0.00066706
6367 6368 0.00066706
3117 6370 0.00020374
5957 6370 0.00020374
6368 6370 0.00020374
6369 6370 0.00020374
3140 6371 0.00027329
6372 6371 0.00027329
6373 6371 0.00027329
6407 6371 0.00027329
2078 6372 0.00042999
2358 6372 0.00042999
2361 6372 0.00042999
6371 6372 0.00042999
3140 6374 0.00010997
6372 6374 0.00010997
6373 6374 0.00010997
6407 6374 0.00010997
5956 6385 0.00059417
6386 6385 0.00059417
6387 6385 0.00059417
5954 6387 0.00010323
6370 6387 0.00010323
6388 6387 0.00010323
7111 6387 0.00010323
6111 6395 0.00038393
6396 6395 0.00038393
6397 6395 0.00038393
6406 6395 0.00038393
4788 6407 0.000246
6408 6407 0.000246
6409 6407 0.000246
6364 6409 0.00025598
6410 6409 0.00025598
6411 6409 0.00025598
946 6706 0.00099094
6707 6706 0.00099094
4218 6725 0.00055059
6706 6725 0.00055059
6724 6725 0.00055059
4217 6726 0.00044863
6727 6726 0.00044863
6880 6737 0.017082
5090 6877 0.00015745
433 6880 0.017082
5669 6880 0.017082
4224 6893 0.00017018
4225 6893 0.00017018
6894 6893 0.00017018
4228 6894 0.00026969
4229 6894 0.00026969
6893 6894 0.00026969
4223 6895 0.00024461
6896 6895 0.00024461
7081 6895 0.00024461
6895 6896 0.12484
7017 6896 0.12484
7084 6896 0.12484
5905 6954 0.00014443
6955 6954 0.00014443
7110 6954 0.00014443
6954 6955 0.00010087
6957 6955 0.00010087
6959 6955 0.00010087
2346 6959 0.00010087
6960 6959 0.00010087
7108 6959 0.00010087
6954 6960 0.00014443
6957 6960 0.00014443
6959 6960 0.00014443
5824 6963 0.0074719
6964 6963 0.0074719
7100 6963 0.0074719
5822 6964 0.0057583
6963 6964 0.0057583
7102 6964 0.0057583
7104 6964 0.0057583
6965 6967 0.0016349
6968 6967 0.0016349
7101 6967 0.0016349
3335 6968 0.0048873
5823 6968 0.0048873
5831 6968 0.0048873
6967 6968 0.0048873
6969 6971 0.082871
6972 6971 0.082871
6975 6971 0.082871
7066 6971 0.082871
6971 6972 0.019396
6974 6972 0.019396
7064 6972 0.019396
6971 6973 0.1072
6974 6973 0.1072
7064 6973 0.1072
6973 6974 0.022578
6976 6974 0.022578
6978 6974 0.022578
6973 6975 0.08147
6976 6975 0.08147
6978 6975 0.08147
6969 6976 0.094234
6972 6976 0.094234
6975 6976 0.094234
7066 6976 0.094234
6973 6977 0.16711
6976 6977 0.16711
6978 6977 0.16711
3320 6978 0.069718
6977 6978 0.069718
7096 6978 0.069718
6980 6979 0.053431
7065 6979 0.053431
7098 6979 0.053431
6229 6980 0.17046
6979 6980 0.17046
7063 6980 0.17046
6982 6981 0.010064
6984 6981 0.010064
6986 6981 0.010064
6981 6982 0.0010716
6990 6982 0.0010716
6982 6983 0.0033435
6984 6983 0.0033435
6986 6983 0.0033435
3318 6984 0.021284
6983 6984 0.021284
7092 6984 0.021284
6982 6985 0.013918
6984 6985 0.013918
6986 6985 0.013918
6985 6986 0.0049702
6988 6986 0.0049702
6989 6986 0.0049702
6985 6987 0.020868
6988 6987 0.020868
6989 6987 0.020868
6987 6988 0.002928
6992 6988 0.002928
6994 6988 0.002928
6981 6989 0.010064
6990 6989 0.010064
6985 6990 0.0010716
6988 6990 0.0010716
6989 6990 0.0010716
6987 6991 0.015547
6992 6991 0.015547
6994 6991 0.015547
6991 6992 0.0013035
6995 6992 0.0013035
7000 6992 0.0013035
6987 6993 0.011796
6992 6993 0.011796
6994 6993 0.011796
6993 6994 0.0080995
6996 6994 0.0080995
6998 6994 0.0080995
7001 6994 0.0080995
6993 6995 0.0036045
6996 6995 0.0036045
6998 6995 0.0036045
7001 6995 0.0036045
6991 6996 0.013627
6995 6996 0.013627
7000 6996 0.013627
6993 6997 0.022616
6996 6997 0.022616
6998 6997 0.022616
7001 6997 0.022616
6997 6998 0.0046762
7090 6998 0.0046762
7091 6998 0.0046762
6991 6999 0.0049924
6995 6999 0.0049924
7000 6999 0.0049924
6999 7000 0.00077081
7002 7000 0.00077081
7004 7000 0.00077081
6999 7001 0.0049924
7002 7001 0.0049924
7004 7001 0.0049924
6993 7002 0.00077081
6996 7002 0.00077081
6998 7002 0.00077081
7001 7002 0.00077081
2366 7005 0.0043409
7006 7005 0.0043409
7086 7005 0.0043409
3316 7006 0.00062938
7005 7006 0.00062938
7008 7006 0.00062938
7088 7006 0.00062938
6895 7016 0.73003
7017 7016 0.73003
7084 7016 0.73003
7016 7017 0.0012039
7019 7017 0.0012039
7026 7017 0.0012039
4811 7019 0.12478
7018 7019 0.12478
7082 7019 0.12478
7021 7020 0.035476
7023 7020 0.035476
7025 7020 0.035476
7036 7020 0.035476
7020 7021 0.040632
7032 7021 0.040632
7035 7021 0.040632
7021 7022 0.03316
7023 7022 0.03316
7025 7022 0.03316
7036 7022 0.03316
7022 7023 0.024937
7029 7023 0.024937
7031 7023 0.024937
7033 7023 0.024937
7021 7024 0.086892
7023 7024 0.086892
7025 7024 0.086892
7036 7024 0.086892
7024 7025 0.032737
7027 7025 0.032737
7077 7025 0.032737
7080 7025 0.032737
7024 7026 0.14706
7027 7026 0.14706
7077 7026 0.14706
7080 7026 0.14706
7016 7027 0.00058213
7019 7027 0.00058213
7026 7027 0.00058213
7022 7030 0.0015024
7029 7030 0.0015024
7031 7030 0.0015024
7033 7030 0.0015024
1230 7031 0.048489
7030 7031 0.048489
7078 7031 0.048489
7022 7032 0.060875
7029 7032 0.060875
7031 7032 0.060875
7033 7032 0.060875
7020 7033 0.0056652
7032 7033 0.0056652
7035 7033 0.0056652
7020 7034 0.060636
7032 7034 0.060636
7035 7034 0.060636
7034 7035 0.010582
7037 7035 0.010582
7039 7035 0.010582
7034 7036 0.06957
7037 7036 0.06957
7039 7036 0.06957
7021 7037 0.012348
7023 7037 0.012348
7025 7037 0.012348
7036 7037 0.012348
7034 7038 0.027695
7037 7038 0.027695
7039 7038 0.027695
7038 7039 0.034864
7041 7039 0.034864
7043 7039 0.034864
7038 7040 0.027652
7041 7040 0.027652
7043 7040 0.027652
1227 7041 0.034976
7040 7041 0.034976
7075 7041 0.034976
7079 7041 0.034976
7038 7042 0.00019665
7041 7042 0.00019665
7043 7042 0.00019665
7042 7044 0.00019665
7045 7044 0.00019665
7044 7046 0.00019665
7047 7046 0.00019665
7046 7048 0.00019665
7049 7048 0.00019665
7048 7050 0.00019665
7051 7050 0.00019665
7050 7052 0.00019665
7053 7052 0.00019665
7052 7054 0.00019665
7055 7054 0.00019665
6971 7063 1.0204
6974 7063 1.0204
7064 7063 1.0204
6229 7064 0.041502
6979 7064 0.041502
7063 7064 0.041502
6969 7065 0.034189
6972 7065 0.034189
6975 7065 0.034189
7066 7065 0.034189
6980 7066 0.11043
7065 7066 0.11043
7098 7066 0.11043
2342 7073 0.00026987
7057 7073 0.00026987
7074 7073 0.00026987
4227 7074 0.00017038
5937 7074 0.00017038
7073 7074 0.00017038
1653 7075 0.0061115
7054 7075 0.0061115
7076 7075 0.0061115
1227 7076 0.0010637
7040 7076 0.0010637
7075 7076 0.0010637
7079 7076 0.0010637
1230 7077 0.0015024
7030 7077 0.0015024
7078 7077 0.0015024
7024 7078 0.048489
7027 7078 0.048489
7077 7078 0.048489
7080 7078 0.048489
7024 7079 0.00068516
7027 7079 0.00068516
7077 7079 0.00068516
7080 7079 0.00068516
1227 7080 0.14
7040 7080 0.14
7075 7080 0.14
7079 7080 0.14
4223 7082 0.12478
6896 7082 0.12478
7081 7082 0.12478
3790 7084 0.85342
3794 7084 0.85342
7083 7084 0.85342
2366 7085 0.015497
7006 7085 0.015497
7086 7085 0.015497
3316 7087 0.0014613
7005 7087 0.0014613
7008 7087 0.0014613
7088 7087 0.0014613
2351 7088 0.00054492
4656 7088 0.00054492
7014 7088 0.00054492
7087 7088 0.00054492
6997 7089 0.20923
7090 7089 0.20923
7091 7089 0.20923
3317 7090 0.00057426
5238 7090 0.00057426
7089 7090 0.00057426
3318 7091 0.19654
6983 7091 0.19654
7092 7091 0.19654
6997 7092 0.0058255
7090 7092 0.0058255
7091 7092 0.0058255
547 7093 0.85197
2073 7093 0.85197
7094 7093 0.85197
3319 7094 0.00073585
5985 7094 0.00073585
7093 7094 0.00073585
7095 7094 0.00073585
3320 7095 0.23187
6977 7095 0.23187
7096 7095 0.23187
3319 7096 0.10299
5985 7096 0.10299
7093 7096 0.10299
7095 7096 0.10299
6980 7097 0.094819
7065 7097 0.094819
7098 7097 0.094819
3321 7098 0.05403
3322 7098 0.05403
7097 7098 0.05403
5824 7099 0.0020051
6964 7099 0.0020051
7100 7099 0.0020051
3325 7100 0.012527
3326 7100 0.012527
7099 7100 0.012527
5822 7101 0.0016349
6963 7101 0.0016349
7102 7101 0.0016349
7104 7101 0.0016349
6965 7102 0.0048873
6968 7102 0.0048873
7101 7102 0.0048873
5822 7103 0.013104
6963 7103 0.013104
7102 7103 0.013104
7104 7103 0.013104
3323 7104 0.011492
3324 7104 0.011492
7103 7104 0.011492
6961 7105 0.00030556
7106 7105 0.00030556
7107 7105 0.00030556
2349 7106 0.00011528
5903 7106 0.00011528
5986 7106 0.00011528
7105 7106 0.00011528
2346 7107 0.00030556
6960 7107 0.00030556
7108 7107 0.00030556
6961 7108 0.00011528
7106 7108 0.00011528
7107 7108 0.00011528
719 7110 0.00021186
5908 7110 0.00021186
7109 7110 0.00021186
5954 7112 0.00015123
6370 7112 0.00015123
6388 7112 0.00015123
7111 7112 0.00015123
7117 7116 0.0039422
1226 7117 0.0039422
1536 7117 0.0039422
4200 7117 0.0039422
6726 7152 0.00044863
7153 7152 0.00044863
2356 7161 0.0003341
2359 7161 0.0003341
6362 7161 0.0003341
7160 7161 0.0003341
6952 7163 0.00035302
7161 7163 0.00035302
7162 7163 0.00035302
6939 7165 0.00031216
7067 7165 0.00031216
7163 7165 0.00031216
7164 7165 0.00031216
5740 7218 0.02013
7219 7218 0.02013
5241 7219 0.00035753
5738 7219 0.00035753
7218 7219 0.00035753
942 7253 0.0033737
945 7253 0.0033737
5898 7253 0.0033737
7252 7253 0.0033737
2329 7255 0.00031634
5896 7255 0.00031634
7254 7255 0.00031634
7258 7255 0.00031634
2328 7256 0.0032062
7257 7256 0.0032062
2326 7258 0.00014377
7259 7258 0.00014377
