86 85 0.0028996
89 85 0.0028996
6576 85 0.0028996
85 86 0.0020187
3724 86 0.0020187
3725 86 0.0020187
88 87 0.001616
90 87 0.001616
773 87 0.001616
6568 87 0.001616
87 88 0.0049058
3728 88 0.0049058
3729 88 0.0049058
88 89 0.0052585
90 89 0.0052585
773 89 0.0052585
6568 89 0.0052585
86 90 0.000139
89 90 0.000139
6576 90 0.000139
91 92 0.0090109
3732 92 0.0090109
3733 92 0.0090109
98 97 0.0098028
3704 97 0.0098028
3705 97 0.0098028
97 98 0.0037271
412 98 0.0037271
6566 98 0.0037271
100 99 0.0014587
102 99 0.0014587
4555 99 0.0014587
99 100 0.00037331
366 100 0.00037331
3737 100 0.00037331
100 101 0.00063321
102 101 0.00063321
4555 101 0.00063321
101 102 0.00060337
367 102 0.00060337
3738 102 0.00060337
110 109 0.00026314
5717 109 0.00026314
6560 109 0.00026314
109 110 0.00088246
782 110 0.00088246
784 110 0.00088246
112 111 0.00017902
424 111 0.00017902
425 111 0.00017902
6552 111 0.00017902
111 112 0.00012927
387 112 0.00012927
394 112 0.00012927
114 113 0.00015252
422 113 0.00015252
423 113 0.00015252
6550 113 0.00015252
113 114 0.00012676
384 114 0.00012676
385 114 0.00012676
116 115 0.00022302
420 115 0.00022302
421 115 0.00022302
1584 115 0.00022302
115 116 0.00012806
382 116 0.00012806
383 116 0.00012806
134 133 0.069027
3708 133 0.069027
3709 133 0.069027
133 134 0.040213
3052 134 0.040213
99 365 0.0021797
366 365 0.0021797
3737 365 0.0021797
365 366 0.00046782
3722 366 0.00046782
3723 366 0.00046782
368 367 0.00096601
371 367 0.00096601
376 367 0.00096601
101 368 0.00036931
367 368 0.00036931
3738 368 0.00036931
370 369 0.00053528
372 369 0.00053528
369 370 0.00025048
374 370 0.00025048
375 370 0.00025048
370 371 0.00025048
372 371 0.00025048
368 372 0.00053528
371 372 0.00053528
376 372 0.00053528
369 373 0.00080092
374 373 0.00080092
375 373 0.00080092
373 374 0.0013976
3730 374 0.0013976
3731 374 0.0013976
368 375 0.00033495
371 375 0.00033495
376 375 0.00033495
369 376 0.0012164
374 376 0.0012164
375 376 0.0012164
115 381 0.00017366
382 381 0.00017366
383 381 0.00017366
381 382 0.00013387
400 382 0.00013387
401 382 0.00013387
413 382 0.00013387
113 383 0.00011224
384 383 0.00011224
385 383 0.00011224
115 384 0.00016742
382 384 0.00016742
383 384 0.00016742
113 386 0.00016223
384 386 0.00016223
385 386 0.00016223
111 388 0.00018804
387 388 0.00018804
394 388 0.00018804
380 394 0.00016146
386 394 0.00016146
393 394 0.00016146
402 401 0.00029898
403 401 0.00029898
418 401 0.00029898
419 401 0.00029898
381 402 0.0001656
400 402 0.0001656
401 402 0.0001656
413 402 0.0001656
404 403 0.0010673
405 403 0.0010673
6570 403 0.0010673
6573 403 0.0010673
97 411 0.0098028
412 411 0.0098028
6566 411 0.0098028
411 412 0.0037271
3734 412 0.0037271
3735 412 0.0037271
414 413 0.00012319
415 413 0.00012319
417 413 0.00012319
381 414 0.00029673
400 414 0.00029673
401 414 0.00029673
413 414 0.00029673
414 416 0.0027623
415 416 0.0027623
417 416 0.0027623
402 417 0.0025393
403 417 0.0025393
418 417 0.0025393
419 417 0.0025393
116 419 0.0018035
420 419 0.0018035
421 419 0.0018035
1584 419 0.0018035
402 420 0.00016784
403 420 0.00016784
418 420 0.00016784
419 420 0.00016784
114 421 0.00088723
422 421 0.00088723
423 421 0.00088723
6550 421 0.00088723
116 422 0.00076678
420 422 0.00076678
421 422 0.00076678
1584 422 0.00076678
112 423 0.00069041
424 423 0.00069041
425 423 0.00069041
6552 423 0.00069041
114 424 0.0015239
422 424 0.0015239
423 424 0.0015239
6550 424 0.0015239
426 425 0.00044945
3720 425 0.00044945
3721 425 0.00044945
4661 425 0.00044945
112 426 0.0044446
424 426 0.0044446
425 426 0.0044446
6552 426 0.0044446
428 427 0.0015359
429 427 0.0015359
3089 427 0.0015359
5680 427 0.0015359
427 428 0.0046954
431 428 0.0046954
3097 428 0.0046954
2279 431 0.00025813
5674 431 0.00025813
7273 431 0.00025813
427 432 0.00071506
431 432 0.00071506
3097 432 0.00071506
5835 433 0.0015713
548 547 0.055626
6226 547 0.055626
6227 547 0.055626
6230 547 0.055626
547 548 0.039332
2073 548 0.039332
7094 548 0.039332
554 553 0.00043225
1525 553 0.00043225
2824 553 0.00043225
553 554 0.00072141
3702 554 0.00072141
3703 554 0.00072141
5260 723 0.0057719
723 724 0.10011
6920 724 0.10011
774 773 0.0001888
775 773 0.0001888
88 774 0.0035245
90 774 0.0035245
773 774 0.0035245
6568 774 0.0035245
776 775 0.0001888
6574 775 0.0001888
774 776 0.0035245
775 776 0.0035245
109 781 0.00026314
782 781 0.00026314
784 781 0.00026314
781 782 0.00088246
3700 782 0.00088246
3701 782 0.00088246
948 950 0.023645
951 950 0.023645
6355 950 0.023645
950 951 0.0094323
6352 951 0.0094323
6353 951 0.0094323
6356 951 0.0094323
995 994 0.019521
6359 994 0.019521
6360 994 0.019521
994 995 0.048355
997 995 0.048355
2076 995 0.048355
2077 995 0.048355
994 996 0.011164
997 996 0.011164
2076 996 0.011164
2077 996 0.011164
996 997 0.023221
3119 997 0.023221
4790 997 0.023221
6237 997 0.023221
432 1127 0.022682
5692 1127 0.022682
6874 1128 0.016096
5085 1129 0.0014593
5267 1129 0.0014593
1520 1521 0.00047692
1523 1521 0.00047692
2825 1521 0.00047692
1522 1523 0.00013595
2821 1523 0.00013595
2827 1523 0.00013595
554 1524 0.00030495
1525 1524 0.00030495
2824 1524 0.00030495
1524 1525 0.00036001
1968 1525 0.00036001
2820 1525 0.00036001
1528 1530 0.0081804
1531 1530 0.0081804
3303 1530 0.0081804
1530 1531 0.0070216
1533 1531 0.0070216
2850 1531 0.0070216
1530 1532 0.0010409
1533 1532 0.0010409
2850 1532 0.0010409
1532 1533 0.0022589
2851 1533 0.0022589
3339 1533 0.0022589
1566 1568 0.0010902
1569 1568 0.0010902
5716 1568 0.0010902
1568 1570 0.038013
1571 1570 0.038013
3699 1570 0.038013
1570 1572 0.0044907
1573 1572 0.0044907
3092 1572 0.0044907
408 1574 0.0044907
1575 1574 0.0044907
7224 1574 0.0044907
1574 1576 0.0089961
1577 1576 0.0089961
6571 1576 0.0089961
1578 1580 0.0038147
1581 1580 0.0038147
4558 1580 0.0038147
1580 1582 0.0016796
1583 1582 0.0016796
6572 1582 0.0016796
6575 1582 0.0016796
1582 1583 0.00011696
1585 1583 0.00011696
4524 1583 0.00011696
1582 1584 0.0016561
1585 1584 0.0016561
4524 1584 0.0016561
1524 1967 0.00024096
1968 1967 0.00024096
2820 1967 0.00024096
1527 1968 0.00036749
1967 1968 0.00036749
2822 1968 0.00036749
1972 1971 0.00039439
3706 1971 0.00039439
3707 1971 0.00039439
3736 1971 0.00039439
1969 1972 1.0002
1971 1972 1.0002
2823 1972 1.0002
2072 2071 0.00096831
2074 2071 0.00096831
2075 2071 0.00096831
3906 2071 0.00096831
2071 2072 0.040706
6238 2072 0.040706
6239 2072 0.040706
2072 2073 0.1912
2074 2073 0.1912
2075 2073 0.1912
3906 2073 0.1912
547 2074 0.0010454
2073 2074 0.0010454
7094 2074 0.0010454
994 2075 0.13633
997 2075 0.13633
2076 2075 0.13633
2077 2075 0.13633
2072 2076 0.0044871
2074 2076 0.0044871
2075 2076 0.0044871
3906 2076 0.0044871
2078 2077 0.1519
2358 2077 0.1519
2361 2077 0.1519
6371 2077 0.1519
994 2078 0.0032786
997 2078 0.0032786
2076 2078 0.0032786
2077 2078 0.0032786
724 2146 0.099656
2147 2146 0.099656
6794 2146 0.099656
2146 2147 0.0053155
3712 2147 0.0053155
4663 2147 0.0053155
7113 2147 0.0053155
2148 2149 0.0057719
6795 2149 0.0057719
2348 2349 0.0023111
5239 2349 0.0023111
5739 2349 0.0023111
2351 2350 0.00080778
4656 2350 0.00080778
7014 2350 0.00080778
7087 2350 0.00080778
2350 2351 0.0055296
5671 2351 0.0055296
5836 2351 0.0055296
2353 2352 0.28789
3337 2352 0.28789
2352 2353 0.00061002
2355 2353 0.00061002
5269 2353 0.00061002
2352 2354 0.2997
2355 2354 0.2997
5269 2354 0.2997
2354 2355 0.00014455
2357 2355 0.00014455
2354 2356 0.10414
2357 2356 0.10414
2356 2357 0.0029845
2359 2357 0.0029845
6362 2357 0.0029845
7160 2357 0.0029845
2356 2358 0.11653
2359 2358 0.11653
6362 2358 0.11653
7160 2358 0.11653
2078 2359 0.0024784
2358 2359 0.0024784
2361 2359 0.0024784
6371 2359 0.0024784
2078 2360 0.028481
2358 2360 0.028481
2361 2360 0.028481
6371 2360 0.028481
2360 2361 0.0059662
2363 2361 0.0059662
3120 2361 0.0059662
2360 2362 0.0038447
2363 2362 0.0038447
3120 2362 0.0038447
2362 2363 0.010647
2365 2363 0.010647
6395 2363 0.010647
2362 2364 0.0045197
2365 2364 0.0045197
6395 2364 0.0045197
2364 2365 0.0074936
2367 2365 0.0074936
6366 2365 0.0074936
6367 2365 0.0074936
2364 2366 0.0064232
2367 2366 0.0064232
6366 2366 0.0064232
6367 2366 0.0064232
2366 2367 0.0060129
7006 2367 0.0060129
7086 2367 0.0060129
1524 2821 0.00010284
1968 2821 0.00010284
2820 2821 0.00010284
1969 2822 0.00039439
1971 2822 0.00039439
2823 2822 0.00039439
1527 2823 1.0002
1967 2823 1.0002
2822 2823 1.0002
554 2825 0.00043667
1525 2825 0.00043667
2824 2825 0.00043667
1530 2849 0.0090985
1533 2849 0.0090985
2850 2849 0.0090985
600 2850 0.0067216
2849 2850 0.0067216
3344 2850 0.0067216
3345 2850 0.0067216
133 3051 0.069027
3052 3051 0.069027
3051 3052 0.040213
3710 3052 0.040213
3711 3052 0.040213
3054 3053 0.00097773
3685 3053 0.00097773
3053 3054 0.00010512
3682 3054 0.00010512
3683 3054 0.00010512
3085 3086 0.015031
3088 3086 0.015031
5398 3086 0.015031
3087 3088 0.014945
7151 3088 0.014945
428 3090 0.014811
429 3090 0.014811
3089 3090 0.014811
5680 3090 0.014811
1570 3091 0.033616
1573 3091 0.033616
3092 3091 0.033616
416 3095 0.011666
3096 3095 0.011666
7148 3095 0.011666
1127 3097 0.0048031
3095 3097 0.0048031
3098 3097 0.0048031
427 3098 0.0011866
431 3098 0.0011866
3097 3098 0.0011866
3105 3106 0.00019671
5399 3106 0.00019671
5963 3106 0.00019671
3107 3109 0.0012339
3110 3109 0.0012339
3309 3109 0.0012339
3310 3109 0.0012339
3109 3111 0.0018469
3112 3111 0.0018469
3313 3111 0.0018469
3314 3111 0.0018469
3111 3113 0.00078684
3114 3113 0.00078684
6382 3113 0.00078684
6383 3113 0.00078684
3113 3115 0.00031349
3116 3115 0.00031349
6106 3115 0.00031349
3118 3117 0.00062525
6390 3117 0.00062525
6391 3117 0.00062525
3117 3118 0.0010975
5957 3118 0.0010975
6368 3118 0.0010975
6369 3118 0.0010975
2360 3119 0.030777
2363 3119 0.030777
3120 3119 0.030777
996 3120 0.0014605
3119 3120 0.0014605
4790 3120 0.0014605
6237 3120 0.0014605
3122 3121 0.0019268
5270 3121 0.0019268
6233 3121 0.0019268
3121 3122 0.23155
3328 3122 0.23155
3329 3122 0.23155
3124 3123 0.016445
3307 3123 0.016445
3308 3123 0.016445
3637 3123 0.016445
3123 3124 0.00012193
3126 3124 0.00012193
3312 3124 0.00012193
3123 3125 0.015778
3126 3125 0.015778
3312 3125 0.015778
3125 3127 0.012948
3128 3127 0.012948
5949 3127 0.012948
3127 3129 0.0040958
3130 3129 0.0040958
6380 3129 0.0040958
6381 3129 0.0040958
3129 3130 0.00022575
3132 3130 0.00022575
6105 3130 0.00022575
6108 3130 0.00022575
3129 3131 0.0017559
3132 3131 0.0017559
6105 3131 0.0017559
6108 3131 0.0017559
3131 3132 0.00031142
3134 3132 0.00031142
6402 3132 0.00031142
6403 3132 0.00031142
3131 3133 0.001002
3134 3133 0.001002
6402 3133 0.001002
6403 3133 0.001002
3133 3134 0.00064886
5955 3134 0.00064886
6394 3134 0.00064886
3136 3135 0.0059081
3305 3135 0.0059081
3306 3135 0.0059081
3135 3136 0.0004954
5948 3136 0.0004954
5953 3136 0.0004954
3138 3137 0.0032007
5832 3137 0.0032007
6422 3137 0.0032007
3137 3138 0.034759
3302 3138 0.034759
3338 3138 0.034759
3140 3139 0.0014143
6372 3139 0.0014143
6373 3139 0.0014143
6407 3139 0.0014143
3139 3140 0.0047518
3910 3140 0.0047518
6112 3140 0.0047518
3142 3141 0.011014
6414 3141 0.011014
6415 3141 0.011014
3141 3142 0.00047171
3144 3142 0.00047171
4787 3142 0.00047171
3141 3143 0.0096577
3144 3143 0.0096577
4787 3143 0.0096577
3143 3144 0.0014061
3146 3144 0.0014061
6374 3144 0.0014061
6375 3144 0.0014061
3143 3145 0.0035921
3146 3145 0.0035921
6374 3145 0.0035921
6375 3145 0.0035921
3145 3146 0.0018212
3148 3146 0.0018212
3911 3146 0.0018212
6109 3146 0.0018212
3145 3147 0.0017417
3148 3147 0.0017417
3911 3147 0.0017417
6109 3147 0.0017417
3147 3148 0.00082612
5951 3148 0.00082612
6398 3148 0.00082612
6399 3148 0.00082612
1528 3302 0.0070216
1531 3302 0.0070216
3303 3302 0.0070216
3137 3303 0.0081804
3302 3303 0.0081804
3338 3303 0.0081804
3136 3304 0.0069539
3305 3304 0.0069539
3306 3304 0.0069539
3304 3305 0.0016737
6420 3305 0.0016737
6421 3305 0.0016737
3124 3306 0.011216
3307 3306 0.011216
3308 3306 0.011216
3637 3306 0.011216
3136 3307 0.00052342
3305 3307 0.00052342
3306 3307 0.00052342
3124 3309 0.0012339
3307 3309 0.0012339
3308 3309 0.0012339
3637 3309 0.0012339
3109 3312 0.00032278
3112 3312 0.00032278
3313 3312 0.00032278
3314 3312 0.00032278
3123 3313 0.00094874
3126 3313 0.00094874
3312 3313 0.00094874
3316 3317 0.032809
7005 3317 0.032809
7008 3317 0.032809
7088 3317 0.032809
3319 3318 0.0047399
5985 3318 0.0047399
7093 3318 0.0047399
7095 3318 0.0047399
3318 3319 0.037222
6983 3319 0.037222
7092 3319 0.037222
3321 3320 0.051706
3322 3320 0.051706
7097 3320 0.051706
3320 3321 0.19779
6977 3321 0.19779
7096 3321 0.19779
3323 3322 0.28705
3324 3322 0.28705
7103 3322 0.28705
3321 3323 0.013612
3322 3323 0.013612
7097 3323 0.013612
3325 3324 0.28214
3326 3324 0.28214
7099 3324 0.28214
3323 3325 0.022533
3324 3325 0.022533
7103 3325 0.022533
2753 3326 0.33175
3327 3326 0.33175
5237 3326 0.33175
3325 3327 0.00084993
3326 3327 0.00084993
7099 3327 0.00084993
2353 3328 0.59365
3337 3328 0.59365
3332 3331 0.00071423
3334 3331 0.00071423
3331 3332 0.010451
5827 3332 0.010451
5829 3332 0.010451
3332 3333 0.010451
3334 3333 0.010451
3333 3334 0.00071423
3336 3334 0.00071423
6225 3334 0.00071423
3333 3335 0.0080087
3336 3335 0.0080087
6225 3335 0.0080087
3335 3336 0.055728
5823 3336 0.055728
5831 3336 0.055728
6967 3336 0.055728
3137 3337 0.88093
3302 3337 0.88093
3338 3337 0.88093
3343 3338 0.91365
3639 3338 0.91365
3962 3338 0.91365
3340 3339 0.0022589
3342 3339 0.0022589
3960 3339 0.0022589
1532 3340 0.0010409
2851 3340 0.0010409
3339 3340 0.0010409
3340 3341 0.0010409
3342 3341 0.0010409
3960 3341 0.0010409
3341 3342 0.0022589
3346 3342 0.0022589
4684 3342 0.0022589
600 3343 0.040842
2849 3343 0.040842
3344 3343 0.040842
3345 3343 0.040842
3343 3344 0.0051131
3639 3344 0.0051131
3962 3344 0.0051131
3341 3345 0.033872
3346 3345 0.033872
4684 3345 0.033872
600 3346 0.00052022
2849 3346 0.00052022
3344 3346 0.00052022
3345 3346 0.00052022
73 3347 0.0054717
3348 3347 0.0054717
3349 3347 0.0054717
3350 3349 0.0054717
3351 3349 0.0054717
3363 3349 0.0054717
3352 3351 0.0050576
3366 3351 0.0050576
3691 3351 0.0050576
3353 3354 0.02918
3355 3354 0.02918
7220 3354 0.02918
3364 3363 0.00042854
3365 3363 0.00042854
3367 3363 0.00042854
3352 3365 0.00010225
3366 3365 0.00010225
3691 3365 0.00010225
3364 3366 0.00034311
3365 3366 0.00034311
3367 3366 0.00034311
3368 3367 0.00065076
3369 3367 0.00065076
3665 3367 0.00065076
3368 3370 0.00028565
3369 3370 0.00028565
3665 3370 0.00028565
3638 3637 0.028357
3640 3637 0.028357
5268 3637 0.028357
3124 3638 0.00012896
3307 3638 0.00012896
3308 3638 0.00012896
3637 3638 0.00012896
3638 3639 0.00077154
3640 3639 0.00077154
5268 3639 0.00077154
3343 3640 0.028152
3639 3640 0.028152
3962 3640 0.028152
3666 3665 0.00084333
3667 3665 0.00084333
5843 3665 0.00084333
3668 3667 0.00095092
3669 3667 0.00095092
6478 3667 0.00095092
3670 3669 0.00019749
3679 3669 0.00019749
5851 3669 0.00019749
3668 3670 0.00027351
3669 3670 0.00027351
6478 3670 0.00027351
3671 3672 0.0002191
5854 3672 0.0002191
3672 3674 0.00031302
3673 3674 0.00031302
3675 3674 0.00031302
3676 3675 0.00012287
3677 3675 0.00012287
3690 3675 0.00012287
3680 3679 0.00033031
3681 3679 0.00033031
3689 3679 0.00033031
6479 3679 0.00033031
3670 3680 0.0002014
3679 3680 0.0002014
5851 3680 0.0002014
3053 3681 0.00135
3682 3681 0.00135
3683 3681 0.00135
3680 3682 0.00010143
3681 3682 0.00010143
3689 3682 0.00010143
6479 3682 0.00010143
3684 3683 0.0012279
3686 3683 0.0012279
3687 3683 0.0012279
3053 3684 0.00085193
3682 3684 0.00085193
3683 3684 0.00085193
3684 3685 0.00097773
3686 3685 0.00097773
3687 3685 0.00097773
3054 3686 0.00010512
3685 3686 0.00010512
3688 3687 0.0021193
3714 3687 0.0021193
3715 3687 0.0021193
3684 3688 0.0008707
3686 3688 0.0008707
3687 3688 0.0008707
3680 3690 0.00012287
3681 3690 0.00012287
3689 3690 0.00012287
6479 3690 0.00012287
3370 3691 0.0047721
3692 3691 0.0047721
3693 3691 0.0047721
3694 3693 0.0045528
3695 3693 0.0045528
6563 3693 0.0045528
3674 3695 0.0044442
3696 3695 0.0044442
3697 3695 0.0044442
3642 3697 0.0041594
3698 3697 0.0041594
3716 3697 0.0041594
781 3699 0.036985
3700 3699 0.036985
3701 3699 0.036985
553 3701 0.037671
3702 3701 0.037671
3703 3701 0.037671
781 3702 0.00011546
3700 3702 0.00011546
3701 3702 0.00011546
98 3703 0.038256
3704 3703 0.038256
3705 3703 0.038256
553 3704 0.00041089
3702 3704 0.00041089
3703 3704 0.00041089
1972 3705 0.046423
3706 3705 0.046423
3707 3705 0.046423
3736 3705 0.046423
98 3706 0.0025026
3704 3706 0.0025026
3705 3706 0.0025026
134 3707 0.0024974
3708 3707 0.0024974
3709 3707 0.0024974
1972 3708 0.92805
3706 3708 0.92805
3707 3708 0.92805
3736 3708 0.92805
3051 3709 0.00046744
3710 3709 0.00046744
3711 3709 0.00046744
134 3710 0.8972
3708 3710 0.8972
3709 3710 0.8972
3051 3712 0.92563
3710 3712 0.92563
3711 3712 0.92563
3688 3713 0.00087754
3714 3713 0.00087754
3715 3713 0.00087754
3713 3714 0.0062683
6921 3714 0.0062683
7114 3714 0.0062683
3688 3716 0.0041594
3714 3716 0.0041594
3715 3716 0.0041594
388 3718 0.00017734
389 3718 0.00017734
3717 3718 0.00017734
6554 3718 0.00017734
398 3720 0.00022773
3718 3720 0.00022773
3719 3720 0.00022773
365 3721 0.025124
3722 3721 0.025124
3723 3721 0.025124
85 3723 0.023436
3724 3723 0.023436
3725 3723 0.023436
3726 3725 0.022864
3727 3725 0.022864
4556 3725 0.022864
85 3726 0.00040254
3724 3726 0.00040254
3725 3726 0.00040254
87 3727 0.023993
3728 3727 0.023993
3729 3727 0.023993
3726 3728 0.00041695
3727 3728 0.00041695
4556 3728 0.00041695
373 3729 0.027307
3730 3729 0.027307
3731 3729 0.027307
87 3730 0.00044077
3728 3730 0.00044077
3729 3730 0.00044077
91 3731 0.027941
3732 3731 0.027941
3733 3731 0.027941
373 3732 0.00047825
3730 3732 0.00047825
3731 3732 0.00047825
411 3733 0.036557
3734 3733 0.036557
3735 3733 0.036557
91 3734 0.00012005
3732 3734 0.00012005
3733 3734 0.00012005
1972 3735 0.038683
3706 3735 0.038683
3707 3735 0.038683
3736 3735 0.038683
411 3736 0.0083221
3734 3736 0.0083221
3735 3736 0.0083221
101 3737 0.00083771
367 3737 0.00083771
3738 3737 0.00083771
99 3738 0.00021117
366 3738 0.00021117
3737 3738 0.00021117
3907 3906 0.072383
4019 3906 0.072383
6228 3906 0.072383
6358 3906 0.072383
2072 3907 0.053803
2074 3907 0.053803
2075 3907 0.053803
3906 3907 0.053803
3909 3908 0.00028622
6113 3908 0.00028622
6400 3908 0.00028622
6401 3908 0.00028622
3908 3909 0.00039103
6392 3909 0.00039103
6393 3909 0.00039103
3145 3910 0.0038935
3148 3910 0.0038935
3911 3910 0.0038935
6109 3910 0.0038935
3139 3911 0.00036122
3910 3911 0.00036122
6112 3911 0.00036122
4685 3962 0.9053
5086 3962 0.9053
6876 3963 0.00039645
1129 3964 0.00029545
3963 3964 0.00029545
4020 4019 0.3502
6232 4019 0.3502
6351 4019 0.3502
3907 4020 0.0046072
4019 4020 0.0046072
6228 4020 0.0046072
6358 4020 0.0046072
1582 4523 0.00028731
1585 4523 0.00028731
4524 4523 0.00028731
4523 4524 0.00033481
4526 4524 0.00033481
6551 4524 0.00033481
4523 4525 0.00020542
4526 4525 0.00020542
6551 4525 0.00020542
4525 4526 0.0012326
6553 4526 0.0012326
6577 4526 0.0012326
3726 4555 0.0018788
3727 4555 0.0018788
4556 4555 0.0018788
100 4556 0.00076357
102 4556 0.00076357
4555 4556 0.00076357
92 4558 0.0038147
4557 4558 0.0038147
6569 4558 0.0038147
4657 4656 0.015236
5663 4656 0.015236
5665 4656 0.015236
6737 4659 0.0019539
426 4660 0.029179
3720 4660 0.029179
3721 4660 0.029179
4661 4660 0.029179
2146 4662 0.92016
3712 4662 0.92016
4663 4662 0.92016
7113 4662 0.92016
3347 4684 0.034571
3354 4684 0.034571
4683 4684 0.034571
4788 4787 0.0017522
6408 4787 0.0017522
6409 4787 0.0017522
3141 4788 0.0040432
3144 4788 0.0040432
4787 4788 0.0040432
996 4789 0.0025455
3119 4789 0.0025455
4790 4789 0.0025455
6237 4789 0.0025455
4789 4790 0.010194
6240 4790 0.010194
6365 4790 0.010194
4659 5064 0.0019545
5065 5064 0.0019545
4685 5085 0.016713
5086 5085 0.016713
5087 5086 0.92197
5271 5086 0.92197
1129 5087 0.0015603
3963 5087 0.0015603
7272 5088 0.030039
7274 5088 0.030039
5091 5090 0.011857
5838 5090 0.011857
1128 5091 0.04575
5092 5091 0.04575
5093 5092 0.029654
5088 5093 0.030051
5094 5093 0.030051
3121 5237 0.36403
3328 5237 0.36403
3329 5237 0.36403
2348 5238 0.00082836
5239 5238 0.00082836
5739 5238 0.00082836
3317 5239 0.0011515
5238 5239 0.0011515
7089 5239 0.0011515
5064 5241 0.0019539
5240 5241 0.0019539
2149 5260 0.0057719
7287 5260 0.0057719
3638 5267 0.00084236
3640 5267 0.00084236
5268 5267 0.00084236
3138 5268 0.0016904
5832 5268 0.0016904
6422 5268 0.0016904
3122 5269 0.014075
5270 5269 0.014075
6233 5269 0.014075
2753 5270 0.033136
3327 5270 0.033136
5237 5270 0.033136
3964 5271 0.92045
6738 5271 0.92045
3105 5398 0.00015834
5399 5398 0.00015834
5963 5398 0.00015834
5666 5665 0.015236
5667 5665 0.015236
3086 5667 0.015238
5668 5667 0.015238
5964 5667 0.015238
2350 5669 0.00038261
5671 5669 0.00038261
5836 5669 0.00038261
2350 5670 0.00704
5671 5670 0.00704
5836 5670 0.00704
5670 5671 0.0018745
6385 5671 0.0018745
7085 5671 0.0018745
3090 5674 0.00095143
5675 5674 0.00095143
5676 5674 0.00095143
7150 5674 0.00095143
2279 5675 0.0013811
5674 5675 0.0013811
7273 5675 0.0013811
3090 5677 0.00029383
5675 5677 0.00029383
5676 5677 0.00029383
7150 5677 0.00029383
3094 5680 0.01165
5681 5680 0.01165
5683 5680 0.01165
1975 5683 0.01165
3091 5683 0.01165
5682 5683 0.01165
5693 5683 0.01165
1975 5692 0.022002
3091 5692 0.022002
5682 5692 0.022002
5693 5692 0.022002
110 5716 0.0010902
5717 5716 0.0010902
6560 5716 0.0010902
5241 5739 0.0019242
5738 5739 0.0019242
7218 5739 0.0019242
3335 5822 0.027183
5823 5822 0.027183
5831 5822 0.027183
6967 5822 0.027183
5822 5823 0.049789
6963 5823 0.049789
7102 5823 0.049789
7104 5823 0.049789
5825 5824 0.0019667
5826 5824 0.0019667
5830 5824 0.0019667
5824 5825 0.049354
6964 5825 0.049354
7100 5825 0.049354
3331 5826 0.00071423
5827 5826 0.00071423
5829 5826 0.00071423
5825 5827 0.010451
5826 5827 0.010451
5830 5827 0.010451
3335 5830 0.0058652
5823 5830 0.0058652
5831 5830 0.0058652
6967 5830 0.0058652
5825 5831 0.043516
5826 5831 0.043516
5830 5831 0.043516
2352 5832 0.0017956
2355 5832 0.0017956
5269 5832 0.0017956
6877 5835 0.011841
5835 5836 0.01027
5091 5837 0.033916
5838 5837 0.033916
5839 5840 0.00012473
5842 5840 0.00012473
5848 5840 0.00012473
5841 5842 0.00012473
5844 5842 0.00012473
5850 5842 0.00012473
3666 5844 0.00012473
3667 5844 0.00012473
5843 5844 0.00012473
3670 5852 0.0002191
3679 5852 0.0002191
5851 5852 0.0002191
5852 5854 0.0002191
5853 5854 0.0002191
3125 5948 0.0034347
3128 5948 0.0034347
5949 5948 0.0034347
3135 5949 0.00060176
5948 5949 0.00060176
5953 5949 0.00060176
3147 5950 0.00050022
5951 5950 0.00050022
6398 5950 0.00050022
6399 5950 0.00050022
5950 5951 0.00062767
6389 5951 0.00062767
6405 5951 0.00062767
3135 5952 0.0085484
5948 5952 0.0085484
5953 5952 0.0085484
5952 5953 0.00030271
6378 5953 0.00030271
6379 5953 0.00030271
3133 5954 0.00097128
5955 5954 0.00097128
6394 5954 0.00097128
5954 5955 0.0012582
6370 5955 0.0012582
6388 5955 0.0012582
7111 5955 0.0012582
3117 5956 0.0013662
5957 5956 0.0013662
6368 5956 0.0013662
6369 5956 0.0013662
5956 5957 0.0035448
6386 5957 0.0035448
6387 5957 0.0035448
5677 5963 0.00028149
5678 5963 0.00028149
5962 5963 0.00028149
3103 5964 0.00020881
3106 5964 0.00020881
5965 5964 0.00020881
2349 5985 0.0023669
5903 5985 0.0023669
5986 5985 0.0023669
7105 5985 0.0023669
3113 6105 0.00058366
3116 6105 0.00058366
6106 6105 0.00058366
3129 6106 0.00011282
3132 6106 0.00011282
6105 6106 0.00011282
6108 6106 0.00011282
3129 6107 0.0029915
3132 6107 0.0029915
6105 6107 0.0029915
6108 6107 0.0029915
6107 6109 0.002849
6110 6109 0.002849
6114 6109 0.002849
3145 6110 0.00017205
3148 6110 0.00017205
3911 6110 0.00017205
6109 6110 0.00017205
3139 6111 0.0017285
3910 6111 0.0017285
6112 6111 0.0017285
6111 6112 0.0015337
6396 6112 0.0015337
6397 6112 0.0015337
6406 6112 0.0015337
6107 6113 0.00054255
6110 6113 0.00054255
6114 6113 0.00054255
3909 6114 0.00032318
6113 6114 0.00032318
6400 6114 0.00032318
6401 6114 0.00032318
548 6225 0.0069257
6226 6225 0.0069257
6227 6225 0.0069257
6230 6225 0.0069257
3333 6226 0.064381
3336 6226 0.064381
6225 6226 0.064381
3907 6227 0.4541
4019 6227 0.4541
6228 6227 0.4541
6358 6227 0.4541
548 6228 0.0099159
6226 6228 0.0099159
6227 6228 0.0099159
6230 6228 0.0099159
548 6229 0.50376
6226 6229 0.50376
6227 6229 0.50376
6230 6229 0.50376
6229 6230 0.01841
6979 6230 0.01841
7063 6230 0.01841
4020 6231 0.012461
6232 6231 0.012461
6351 6231 0.012461
6231 6232 0.24693
6234 6232 0.24693
6354 6232 0.24693
6231 6233 0.0023794
6234 6233 0.0023794
6354 6233 0.0023794
3122 6234 0.25106
5270 6234 0.25106
6233 6234 0.25106
2071 6237 0.002321
6238 6237 0.002321
6239 6237 0.002321
996 6238 0.027229
3119 6238 0.027229
4790 6238 0.027229
6237 6238 0.027229
4789 6239 0.015251
6240 6239 0.015251
6365 6239 0.015251
2071 6240 0.00042105
6238 6240 0.00042105
6239 6240 0.00042105
950 6351 0.12281
6352 6351 0.12281
6353 6351 0.12281
6356 6351 0.12281
4020 6352 0.011679
6232 6352 0.011679
6351 6352 0.011679
2354 6353 0.19841
2357 6353 0.19841
948 6354 0.0094323
951 6354 0.0094323
6355 6354 0.0094323
6231 6355 0.023645
6234 6355 0.023645
6354 6355 0.023645
6357 6356 0.00076781
6361 6356 0.00076781
950 6357 0.10226
6352 6357 0.10226
6353 6357 0.10226
6356 6357 0.10226
995 6358 0.13099
6359 6358 0.13099
6360 6358 0.13099
3907 6359 0.013825
4019 6359 0.013825
6228 6359 0.013825
6358 6359 0.013825
6357 6360 0.096737
6361 6360 0.096737
995 6361 0.0084027
6359 6361 0.0084027
6360 6361 0.0084027
6357 6362 0.013157
6361 6362 0.013157
6364 6363 0.0023409
6410 6363 0.0023409
6411 6363 0.0023409
6363 6364 0.0026009
6943 6364 0.0026009
7165 6364 0.0026009
2364 6365 0.022854
2367 6365 0.022854
6366 6365 0.022854
6367 6365 0.022854
4789 6366 0.00037578
6240 6366 0.00037578
6365 6366 0.00037578
3117 6367 0.026078
5957 6367 0.026078
6368 6367 0.026078
6369 6367 0.026078
2364 6368 0.00021561
2367 6368 0.00021561
6366 6368 0.00021561
6367 6368 0.00021561
5954 6369 0.024487
6370 6369 0.024487
6388 6369 0.024487
7111 6369 0.024487
3117 6370 0.00033178
5957 6370 0.00033178
6368 6370 0.00033178
6369 6370 0.00033178
3140 6371 0.057952
6372 6371 0.057952
6373 6371 0.057952
6407 6371 0.057952
2078 6372 0.00086911
2358 6372 0.00086911
2361 6372 0.00086911
6371 6372 0.00086911
3143 6373 0.04589
3146 6373 0.04589
6374 6373 0.04589
6375 6373 0.04589
3140 6374 0.00057737
6372 6374 0.00057737
6373 6374 0.00057737
6407 6374 0.00057737
6376 6375 0.038872
6377 6375 0.038872
6417 6375 0.038872
5952 6377 0.018428
6378 6377 0.018428
6379 6377 0.018428
6376 6378 0.00011576
6377 6378 0.00011576
6417 6378 0.00011576
3127 6379 0.01034
3130 6379 0.01034
6380 6379 0.01034
6381 6379 0.01034
5952 6380 0.00027323
6378 6380 0.00027323
6379 6380 0.00027323
3111 6381 0.0013234
3114 6381 0.0013234
6382 6381 0.0013234
6383 6381 0.0013234
3127 6382 0.00025053
3130 6382 0.00025053
6380 6382 0.00025053
6381 6382 0.00025053
5956 6385 0.0074593
6386 6385 0.0074593
6387 6385 0.0074593
5670 6386 0.00018753
6385 6386 0.00018753
7085 6386 0.00018753
5954 6387 0.0095484
6370 6387 0.0095484
6388 6387 0.0095484
7111 6387 0.0095484
3118 6389 0.0012281
6390 6389 0.0012281
6391 6389 0.0012281
5950 6390 0.00022056
6389 6390 0.00022056
6405 6390 0.00022056
3908 6391 0.00088321
6392 6391 0.00088321
6393 6391 0.00088321
3118 6392 0.00034794
6390 6392 0.00034794
6391 6392 0.00034794
3133 6393 0.00090849
5955 6393 0.00090849
6394 6393 0.00090849
3908 6394 0.00026841
6392 6394 0.00026841
6393 6394 0.00026841
6111 6395 0.0043132
6396 6395 0.0043132
6397 6395 0.0043132
6406 6395 0.0043132
2362 6396 0.00048504
2365 6396 0.00048504
6395 6396 0.00048504
3147 6397 0.0030218
5951 6397 0.0030218
6398 6397 0.0030218
6399 6397 0.0030218
6111 6398 0.00026853
6396 6398 0.00026853
6397 6398 0.00026853
6406 6398 0.00026853
3909 6399 0.0018294
6113 6399 0.0018294
6400 6399 0.0018294
6401 6399 0.0018294
3147 6400 0.00011921
5951 6400 0.00011921
6398 6400 0.00011921
6399 6400 0.00011921
3131 6401 0.0015048
3134 6401 0.0015048
6402 6401 0.0015048
6403 6401 0.0015048
3909 6402 0.00011883
6113 6402 0.00011883
6400 6402 0.00011883
6401 6402 0.00011883
3115 6403 0.00031349
5959 6403 0.00031349
6404 6403 0.00031349
5950 6406 0.0009777
6389 6406 0.0009777
6405 6406 0.0009777
4788 6407 0.010411
6408 6407 0.010411
6409 6407 0.010411
3140 6408 0.0019779
6372 6408 0.0019779
6373 6408 0.0019779
6407 6408 0.0019779
6364 6409 0.0073638
6410 6409 0.0073638
6411 6409 0.0073638
4788 6410 0.0012221
6408 6410 0.0012221
6409 6410 0.0012221
5834 6411 0.0064238
6412 6411 0.0064238
6413 6411 0.0064238
6364 6412 0.00054208
6410 6412 0.00054208
6411 6412 0.00054208
3142 6413 0.0064238
6414 6413 0.0064238
6415 6413 0.0064238
5834 6414 0.00054208
6412 6414 0.00054208
6413 6414 0.00054208
6416 6415 0.016857
6418 6415 0.016857
6419 6415 0.016857
3142 6416 0.0004324
6414 6416 0.0004324
6415 6416 0.0004324
6416 6417 0.020828
6418 6417 0.020828
6419 6417 0.020828
6376 6418 0.00030812
6377 6418 0.00030812
6417 6418 0.00030812
3304 6419 0.03706
6420 6419 0.03706
6421 6419 0.03706
6416 6420 0.00011578
6418 6420 0.00011578
6419 6420 0.00011578
3138 6421 0.03447
5832 6421 0.03447
6422 6421 0.03447
3304 6422 0.0028057
6420 6422 0.0028057
6421 6422 0.0028057
3680 6478 0.00104
3681 6478 0.00104
3689 6478 0.00104
6479 6478 0.00104
4523 6550 0.0010197
4526 6550 0.0010197
6551 6550 0.0010197
4525 6552 0.0033066
6553 6552 0.0033066
6577 6552 0.0033066
1521 6560 0.00047928
6558 6560 0.00047928
6561 6560 0.00047928
5840 6563 0.00012473
5846 6563 0.00012473
6562 6563 0.00012473
92 6568 0.0053992
4557 6568 0.0053992
6569 6568 0.0053992
88 6569 0.00023382
90 6569 0.00023382
773 6569 0.00023382
6568 6569 0.00023382
404 6571 0.0046699
405 6571 0.0046699
6570 6571 0.0046699
6573 6571 0.0046699
1580 6573 0.0055988
1583 6573 0.0055988
6572 6573 0.0055988
6575 6573 0.0055988
1580 6574 0.0001888
1583 6574 0.0001888
6572 6574 0.0001888
6575 6574 0.0001888
776 6575 0.0035245
6574 6575 0.0035245
4525 6576 0.00010107
6553 6576 0.00010107
6577 6576 0.00010107
86 6577 0.0043397
89 6577 0.0043397
6576 6577 0.0043397
6880 6737 0.0019539
4662 6738 0.92016
6739 6738 0.92016
724 6795 0.0057719
2147 6795 0.0057719
6794 6795 0.0057719
5085 6873 0.016096
5267 6873 0.016096
6873 6874 0.016096
5093 6875 0.00039645
6875 6876 0.00039645
5090 6877 0.011841
433 6880 0.0019539
5669 6880 0.0019539
3713 6920 0.09543
6921 6920 0.09543
7114 6920 0.09543
723 6921 0.0010895
6920 6921 0.0010895
6939 6938 0.00083339
7067 6938 0.00083339
7163 6938 0.00083339
7164 6938 0.00083339
6938 6939 0.00065254
6941 6939 0.00065254
6949 6939 0.00065254
6938 6940 0.00016883
6941 6940 0.00016883
6949 6940 0.00016883
6940 6941 0.0008798
6942 6941 0.0008798
6945 6941 0.0008798
6947 6941 0.0008798
6363 6942 0.0008798
6943 6942 0.0008798
7165 6942 0.0008798
6940 6943 0.00016883
6942 6943 0.00016883
6945 6943 0.00016883
6947 6943 0.00016883
6938 6948 0.0010865
6941 6948 0.0010865
6949 6948 0.0010865
6948 6949 0.00019472
6950 6949 0.00019472
6953 6949 0.00019472
6948 6952 0.0010865
6950 6952 0.0010865
6953 6952 0.0010865
6952 6953 0.00019472
7161 6953 0.00019472
7162 6953 0.00019472
5824 6963 0.041757
6964 6963 0.041757
7100 6963 0.041757
5822 6964 0.017855
6963 6964 0.017855
7102 6964 0.017855
7104 6964 0.017855
6965 6967 0.0060116
6968 6967 0.0060116
7101 6967 0.0060116
3335 6968 0.018549
5823 6968 0.018549
5831 6968 0.018549
6967 6968 0.018549
6969 6971 0.10113
6972 6971 0.10113
6975 6971 0.10113
7066 6971 0.10113
6971 6972 0.15808
6974 6972 0.15808
7064 6972 0.15808
6971 6973 0.19786
6974 6973 0.19786
7064 6973 0.19786
6973 6974 0.050557
6976 6974 0.050557
6978 6974 0.050557
6973 6975 0.28572
6976 6975 0.28572
6978 6975 0.28572
6969 6976 0.043289
6972 6976 0.043289
6975 6976 0.043289
7066 6976 0.043289
6973 6977 0.08725
6976 6977 0.08725
6978 6977 0.08725
3320 6978 0.18238
6977 6978 0.18238
7096 6978 0.18238
6980 6979 0.12248
7065 6979 0.12248
7098 6979 0.12248
6229 6980 0.40356
6979 6980 0.40356
7063 6980 0.40356
6982 6981 0.0054132
6984 6981 0.0054132
6986 6981 0.0054132
6981 6982 0.0014479
6990 6982 0.0014479
6982 6983 0.0050595
6984 6983 0.0050595
6986 6983 0.0050595
3318 6984 0.0091726
6983 6984 0.0091726
7092 6984 0.0091726
6982 6985 0.0056425
6984 6985 0.0056425
6986 6985 0.0056425
6985 6986 0.0054948
6988 6986 0.0054948
6989 6986 0.0054948
6985 6987 0.0084012
6988 6987 0.0084012
6989 6987 0.0084012
6987 6988 0.0042881
6992 6988 0.0042881
6994 6988 0.0042881
6981 6989 0.0054132
6990 6989 0.0054132
6985 6990 0.0014479
6988 6990 0.0014479
6989 6990 0.0014479
6987 6991 0.0083979
6992 6991 0.0083979
6994 6991 0.0083979
6991 6992 0.0015869
6995 6992 0.0015869
7000 6992 0.0015869
6987 6993 0.004761
6992 6993 0.004761
6994 6993 0.004761
6993 6994 0.0074589
6996 6994 0.0074589
6998 6994 0.0074589
7001 6994 0.0074589
6993 6995 0.0037993
6996 6995 0.0037993
6998 6995 0.0037993
7001 6995 0.0037993
6991 6996 0.0073709
6995 6996 0.0073709
7000 6996 0.0073709
6993 6997 0.010194
6996 6997 0.010194
6998 6997 0.010194
7001 6997 0.010194
6997 6998 0.0060811
7090 6998 0.0060811
7091 6998 0.0060811
6991 6999 0.0038756
6995 6999 0.0038756
7000 6999 0.0038756
6999 7000 0.0006361
7002 7000 0.0006361
7004 7000 0.0006361
6999 7001 0.0038756
7002 7001 0.0038756
7004 7001 0.0038756
6993 7002 0.0006361
6996 7002 0.0006361
6998 7002 0.0006361
7001 7002 0.0006361
2366 7005 0.013432
7006 7005 0.013432
7086 7005 0.013432
3316 7006 0.00058466
7005 7006 0.00058466
7008 7006 0.00058466
7088 7006 0.00058466
6971 7063 0.031882
6974 7063 0.031882
7064 7063 0.031882
6229 7064 0.23614
6979 7064 0.23614
7063 7064 0.23614
6969 7065 0.35405
6972 7065 0.35405
6975 7065 0.35405
7066 7065 0.35405
6980 7066 0.054663
7065 7066 0.054663
7098 7066 0.054663
2366 7085 0.00078406
7006 7085 0.00078406
7086 7085 0.00078406
5670 7086 0.013221
6385 7086 0.013221
7085 7086 0.013221
2351 7088 0.019965
4656 7088 0.019965
7014 7088 0.019965
7087 7088 0.019965
6997 7089 0.00032186
7090 7089 0.00032186
7091 7089 0.00032186
3317 7090 0.032804
5238 7090 0.032804
7089 7090 0.032804
3318 7091 0.0012668
6983 7091 0.0012668
7092 7091 0.0012668
6997 7092 0.037862
7090 7092 0.037862
7091 7092 0.037862
547 7093 0.20907
2073 7093 0.20907
7094 7093 0.20907
3319 7094 0.0026203
5985 7094 0.0026203
7093 7094 0.0026203
7095 7094 0.0026203
3320 7095 0.0045123
6977 7095 0.0045123
7096 7095 0.0045123
3319 7096 0.24572
5985 7096 0.24572
7093 7096 0.24572
7095 7096 0.24572
6980 7097 0.013056
7065 7097 0.013056
7098 7097 0.013056
3321 7098 0.43258
3322 7098 0.43258
7097 7098 0.43258
5824 7099 0.004634
6964 7099 0.004634
7100 7099 0.004634
3325 7100 0.075923
3326 7100 0.075923
7099 7100 0.075923
5822 7101 0.0060116
6963 7101 0.0060116
7102 7101 0.0060116
7104 7101 0.0060116
6965 7102 0.018549
6968 7102 0.018549
7101 7102 0.018549
5822 7103 0.049339
6963 7103 0.049339
7102 7103 0.049339
7104 7103 0.049339
3323 7104 0.035505
3324 7104 0.035505
7103 7104 0.035505
5837 7111 0.033916
6927 7111 0.033916
7069 7111 0.033916
7112 7111 0.033916
3713 7113 0.0018702
6921 7113 0.0018702
7114 7113 0.0018702
2146 7114 0.1016
3712 7114 0.1016
4663 7114 0.1016
7113 7114 0.1016
1576 7148 0.0089961
7149 7148 0.0089961
3090 7151 0.014945
5675 7151 0.014945
5676 7151 0.014945
7150 7151 0.014945
6952 7160 0.0029093
7161 7160 0.0029093
7162 7160 0.0029093
2356 7161 0.0031693
2359 7161 0.0031693
6362 7161 0.0031693
7160 7161 0.0031693
6939 7162 0.0022851
7067 7162 0.0022851
7163 7162 0.0022851
7164 7162 0.0022851
6952 7163 0.003437
7161 7163 0.003437
7162 7163 0.003437
6363 7164 0.0021381
6943 7164 0.0021381
7165 7164 0.0021381
6939 7165 0.0031091
7067 7165 0.0031091
7163 7165 0.0031091
7164 7165 0.0031091
4660 7220 0.029179
7221 7220 0.029179
1572 7222 0.0044907
7223 7222 0.0044907
7222 7224 0.0044907
7225 7224 0.0044907
2279 7272 0.00080667
5674 7272 0.00080667
7273 7272 0.00080667
7272 7273 0.0014875
7274 7273 0.0014875
1127 7274 0.03072
3095 7274 0.03072
3098 7274 0.03072
