548 547 0.084581
6226 547 0.084581
6227 547 0.084581
6230 547 0.084581
547 548 0.0028672
2073 548 0.0028672
7094 548 0.0028672
948 950 0.00013233
951 950 0.00013233
6355 950 0.00013233
995 994 0.0021797
6359 994 0.0021797
6360 994 0.0021797
994 995 0.00025196
997 995 0.00025196
2076 995 0.00025196
2077 995 0.00025196
994 996 0.00053667
997 996 0.00053667
2076 996 0.00053667
2077 996 0.00053667
996 997 0.0001797
3119 997 0.0001797
4790 997 0.0001797
6237 997 0.0001797
2072 2071 0.00013209
2074 2071 0.00013209
2075 2071 0.00013209
3906 2071 0.00013209
2071 2072 0.00065023
6238 2072 0.00065023
6239 2072 0.00065023
2072 2073 0.01306
2074 2073 0.01306
2075 2073 0.01306
3906 2073 0.01306
547 2074 0.00092272
2073 2074 0.00092272
7094 2074 0.00092272
994 2075 0.0023443
997 2075 0.0023443
2076 2075 0.0023443
2077 2075 0.0023443
2072 2076 0.00049264
2074 2076 0.00049264
2075 2076 0.00049264
3906 2076 0.00049264
2078 2077 0.00044124
2358 2077 0.00044124
2361 2077 0.00044124
6371 2077 0.00044124
994 2078 0.00016032
997 2078 0.00016032
2076 2078 0.00016032
2077 2078 0.00016032
2349 2348 0.00012415
5903 2348 0.00012415
5986 2348 0.00012415
7105 2348 0.00012415
2348 2349 0.00067055
5239 2349 0.00067055
5739 2349 0.00067055
2352 2354 0.00017454
2355 2354 0.00017454
5269 2354 0.00017454
2356 2358 0.00048265
2359 2358 0.00048265
6362 2358 0.00048265
7160 2358 0.00048265
2078 2360 0.00023097
2358 2360 0.00023097
2361 2360 0.00023097
6371 2360 0.00023097
2360 3119 0.00020499
2363 3119 0.00020499
3120 3119 0.00020499
3319 3318 0.011936
5985 3318 0.011936
7093 3318 0.011936
7095 3318 0.011936
3318 3319 0.011435
6983 3319 0.011435
7092 3319 0.011435
3321 3320 0.39736
3322 3320 0.39736
7097 3320 0.39736
3320 3321 0.078871
6977 3321 0.078871
7096 3321 0.078871
3323 3322 0.87265
3324 3322 0.87265
7103 3322 0.87265
3321 3323 0.0060581
3322 3323 0.0060581
7097 3323 0.0060581
3325 3324 0.85919
3326 3324 0.85919
7099 3324 0.85919
3323 3325 0.04206
3324 3325 0.04206
7103 3325 0.04206
2753 3326 1.0001
3327 3326 1.0001
5237 3326 1.0001
3325 3327 0.0015229
3326 3327 0.0015229
7099 3327 0.0015229
3332 3331 0.0003527
3334 3331 0.0003527
3331 3332 0.020334
5827 3332 0.020334
5829 3332 0.020334
3332 3333 0.020334
3334 3333 0.020334
3333 3334 0.0003527
3336 3334 0.0003527
6225 3334 0.0003527
3333 3335 0.0040969
3336 3335 0.0040969
6225 3335 0.0040969
3335 3336 0.11605
5823 3336 0.11605
5831 3336 0.11605
6967 3336 0.11605
3907 3906 0.010815
4019 3906 0.010815
6228 3906 0.010815
6358 3906 0.010815
2072 3907 0.0010478
2074 3907 0.0010478
2075 3907 0.0010478
3906 3907 0.0010478
4020 4019 0.0013364
6232 4019 0.0013364
6351 4019 0.0013364
3907 4020 0.00023147
4019 4020 0.00023147
6228 4020 0.00023147
6358 4020 0.00023147
2348 5238 0.00011921
5239 5238 0.00011921
5739 5238 0.00011921
3317 5239 0.00067241
5238 5239 0.00067241
7089 5239 0.00067241
3122 5269 0.00018318
5270 5269 0.00018318
6233 5269 0.00018318
2753 5270 0.0015274
3327 5270 0.0015274
5237 5270 0.0015274
3335 5822 0.057454
5823 5822 0.057454
5831 5822 0.057454
6967 5822 0.057454
5822 5823 0.10478
6963 5823 0.10478
7102 5823 0.10478
7104 5823 0.10478
5825 5824 0.0032635
5826 5824 0.0032635
5830 5824 0.0032635
5824 5825 0.11572
6964 5825 0.11572
7100 5825 0.11572
3331 5826 0.0003527
5827 5826 0.0003527
5829 5826 0.0003527
5825 5827 0.020334
5826 5827 0.020334
5830 5827 0.020334
3335 5830 0.0095387
5823 5830 0.0095387
5831 5830 0.0095387
6967 5830 0.0095387
5825 5831 0.10201
5826 5831 0.10201
5830 5831 0.10201
2349 5985 0.0007079
5903 5985 0.0007079
5986 5985 0.0007079
7105 5985 0.0007079
3319 5986 0.00015436
5985 5986 0.00015436
7093 5986 0.00015436
7095 5986 0.00015436
548 6225 0.00054043
6226 6225 0.00054043
6227 6225 0.00054043
6230 6225 0.00054043
3333 6226 0.13248
3336 6226 0.13248
6225 6226 0.13248
3907 6227 0.0020542
4019 6227 0.0020542
6228 6227 0.0020542
6358 6227 0.0020542
548 6228 0.012775
6226 6228 0.012775
6227 6228 0.012775
6230 6228 0.012775
548 6229 0.081656
6226 6229 0.081656
6227 6229 0.081656
6230 6229 0.081656
6229 6230 0.042155
6979 6230 0.042155
7063 6230 0.042155
6231 6232 0.0012536
6234 6232 0.0012536
6354 6232 0.0012536
3122 6234 0.0013074
5270 6234 0.0013074
6233 6234 0.0013074
2071 6237 0.00010361
6238 6237 0.00010361
6239 6237 0.00010361
996 6238 0.00056818
3119 6238 0.00056818
4790 6238 0.00056818
6237 6238 0.00056818
950 6351 0.00013678
6352 6351 0.00013678
6353 6351 0.00013678
6356 6351 0.00013678
4020 6352 0.00020672
6232 6352 0.00020672
6351 6352 0.00020672
2354 6353 0.00011406
2357 6353 0.00011406
6231 6355 0.00013233
6234 6355 0.00013233
6354 6355 0.00013233
950 6357 0.00033036
6352 6357 0.00033036
6353 6357 0.00033036
6356 6357 0.00033036
995 6358 0.00046392
6359 6358 0.00046392
6360 6358 0.00046392
3907 6359 0.0025218
4019 6359 0.0025218
6228 6359 0.0025218
6358 6359 0.0025218
6357 6360 0.00030345
6361 6360 0.00030345
995 6361 0.00043361
6359 6361 0.00043361
6360 6361 0.00043361
6357 6362 0.00043272
6361 6362 0.00043272
5824 6963 0.10703
6964 6963 0.10703
7100 6963 0.10703
5822 6964 0.038078
6963 6964 0.038078
7102 6964 0.038078
7104 6964 0.038078
6965 6967 0.01267
6968 6967 0.01267
7101 6967 0.01267
3335 6968 0.04052
5823 6968 0.04052
5831 6968 0.04052
6967 6968 0.04052
6969 6971 0.26512
6972 6971 0.26512
6975 6971 0.26512
7066 6971 0.26512
6971 6972 0.093614
6974 6972 0.093614
7064 6972 0.093614
6971 6973 0.50435
6974 6973 0.50435
7064 6973 0.50435
6973 6974 0.031484
6976 6974 0.031484
6978 6974 0.031484
6973 6975 0.23585
6976 6975 0.23585
6978 6975 0.23585
6969 6976 0.35059
6972 6976 0.35059
6975 6976 0.35059
7066 6976 0.35059
6973 6977 0.064351
6976 6977 0.064351
6978 6977 0.064351
3320 6978 0.47674
6977 6978 0.47674
7096 6978 0.47674
6980 6979 0.29216
7065 6979 0.29216
7098 6979 0.29216
6229 6980 0.030304
6979 6980 0.030304
7063 6980 0.030304
6982 6981 0.0053965
6984 6981 0.0053965
6986 6981 0.0053965
6981 6982 0.001072
6990 6982 0.001072
6982 6983 0.0038018
6984 6983 0.0038018
6986 6983 0.0038018
3318 6984 0.010209
6983 6984 0.010209
7092 6984 0.010209
6982 6985 0.0062325
6984 6985 0.0062325
6986 6985 0.0062325
6985 6986 0.0041502
6988 6986 0.0041502
6989 6986 0.0041502
6985 6987 0.008937
6988 6987 0.008937
6989 6987 0.008937
6987 6988 0.0025302
6992 6988 0.0025302
6994 6988 0.0025302
6981 6989 0.0053965
6990 6989 0.0053965
6985 6990 0.001072
6988 6990 0.001072
6989 6990 0.001072
6987 6991 0.0070371
6992 6991 0.0070371
6994 6991 0.0070371
6991 6992 0.00081146
6995 6992 0.00081146
7000 6992 0.00081146
6987 6993 0.0047756
6992 6993 0.0047756
6994 6993 0.0047756
6993 6994 0.0045944
6996 6994 0.0045944
6998 6994 0.0045944
7001 6994 0.0045944
6993 6995 0.0019131
6996 6995 0.0019131
6998 6995 0.0019131
7001 6995 0.0019131
6991 6996 0.0060544
6995 6996 0.0060544
7000 6996 0.0060544
6993 6997 0.0089192
6996 6997 0.0089192
6998 6997 0.0089192
7001 6997 0.0089192
6997 6998 0.0025124
7090 6998 0.0025124
7091 6998 0.0025124
6991 6999 0.0024522
6995 6999 0.0024522
7000 6999 0.0024522
6999 7000 0.00036785
7002 7000 0.00036785
7004 7000 0.00036785
6999 7001 0.0024522
7002 7001 0.0024522
7004 7001 0.0024522
6993 7002 0.00036785
6996 7002 0.00036785
6998 7002 0.00036785
7001 7002 0.00036785
6971 7063 0.017621
6974 7063 0.017621
7064 7063 0.017621
6229 7064 0.31897
6979 7064 0.31897
7063 7064 0.31897
6969 7065 0.089089
6972 7065 0.089089
6975 7065 0.089089
7066 7065 0.089089
6980 7066 0.37534
7065 7066 0.37534
7098 7066 0.37534
6997 7089 0.00067345
7090 7089 0.00067345
7091 7089 0.00067345
3317 7090 0.00017225
5238 7090 0.00017225
7089 7090 0.00017225
3318 7091 0.0031046
6983 7091 0.0031046
7092 7091 0.0031046
6997 7092 0.0090102
7090 7092 0.0090102
7091 7092 0.0090102
547 7093 0.096192
2073 7093 0.096192
7094 7093 0.096192
3319 7094 0.0023407
5985 7094 0.0023407
7093 7094 0.0023407
7095 7094 0.0023407
3320 7095 0.013501
6977 7095 0.013501
7096 7095 0.013501
3319 7096 0.1074
5985 7096 0.1074
7093 7096 0.1074
7095 7096 0.1074
6980 7097 0.010106
7065 7097 0.010106
7098 7097 0.010106
3321 7098 0.55821
3322 7098 0.55821
7097 7098 0.55821
5824 7099 0.010083
6964 7099 0.010083
7100 7099 0.010083
3325 7100 0.19149
3326 7100 0.19149
7099 7100 0.19149
5822 7101 0.01267
6963 7101 0.01267
7102 7101 0.01267
7104 7101 0.01267
6965 7102 0.04052
6968 7102 0.04052
7101 7102 0.04052
5822 7103 0.12299
6963 7103 0.12299
7102 7103 0.12299
7104 7103 0.12299
3323 7104 0.073516
3324 7104 0.073516
7103 7104 0.073516
