548 547 0.0275
6226 547 0.0275
6227 547 0.0275
6230 547 0.0275
547 548 0.083681
2073 548 0.083681
7094 548 0.083681
942 943 0.0069036
945 943 0.0069036
5898 943 0.0069036
7252 943 0.0069036
942 944 0.0020589
945 944 0.0020589
5898 944 0.0020589
7252 944 0.0020589
944 945 0.061351
947 945 0.061351
4210 945 0.061351
946 947 0.090374
6707 947 0.090374
948 950 0.00025829
951 950 0.00025829
6355 950 0.00025829
995 994 0.003713
6359 994 0.003713
6360 994 0.003713
994 995 0.0023052
997 995 0.0023052
2076 995 0.0023052
2077 995 0.0023052
994 996 0.0025385
997 996 0.0025385
2076 996 0.0025385
2077 996 0.0025385
996 997 0.0012325
3119 997 0.0012325
4790 997 0.0012325
6237 997 0.0012325
1466 1117 0.003711
2325 1117 0.003711
1227 1226 0.71733
7040 1226 0.71733
7075 1226 0.71733
7079 1226 0.71733
1226 1227 0.0021463
1536 1227 0.0021463
4200 1227 0.0021463
1233 1232 0.0024733
5580 1232 0.0024733
5582 1232 0.0024733
567 1466 0.00010559
1467 1466 0.00010559
1117 1468 0.0024812
2345 1468 0.0024812
1226 1537 0.16877
1536 1537 0.16877
4200 1537 0.16877
1653 1654 0.23755
7054 1654 0.23755
7076 1654 0.23755
1656 1655 0.010392
5746 1655 0.010392
5748 1655 0.010392
1657 1658 0.0069036
4219 1658 0.0069036
4817 1658 0.0069036
2072 2071 0.000725
2074 2071 0.000725
2075 2071 0.000725
3906 2071 0.000725
2071 2072 0.0035339
6238 2072 0.0035339
6239 2072 0.0035339
2072 2073 0.016455
2074 2073 0.016455
2075 2073 0.016455
3906 2073 0.016455
547 2074 0.013613
2073 2074 0.013613
7094 2074 0.013613
994 2075 0.0045556
997 2075 0.0045556
2076 2075 0.0045556
2077 2075 0.0045556
2072 2076 0.0043233
2074 2076 0.0043233
2075 2076 0.0043233
3906 2076 0.0043233
2078 2077 0.0011454
2358 2077 0.0011454
2361 2077 0.0011454
6371 2077 0.0011454
994 2078 0.0010149
997 2078 0.0010149
2076 2078 0.0010149
2077 2078 0.0010149
2324 2325 0.0036101
7131 2325 0.0036101
2327 2326 0.0016833
4708 2326 0.0016833
5968 2326 0.0016833
2326 2327 0.0036209
7259 2327 0.0036209
2329 2328 0.00011753
5896 2328 0.00011753
7254 2328 0.00011753
7258 2328 0.00011753
2328 2329 0.27819
7257 2329 0.27819
2331 2330 0.00019498
4196 2330 0.00019498
5971 2330 0.00019498
7256 2330 0.00019498
2330 2331 0.28102
2333 2331 0.28102
5975 2331 0.28102
2330 2332 0.00052815
2333 2332 0.00052815
5975 2332 0.00052815
2332 2333 0.27986
2335 2333 0.27986
4216 2333 0.27986
2332 2334 0.00016332
2335 2334 0.00016332
4216 2334 0.00016332
2334 2335 0.33021
2337 2335 0.33021
5977 2335 0.33021
7152 2335 0.33021
2336 2337 0.37982
2339 2337 0.37982
4709 2337 0.37982
2336 2338 0.0010049
2339 2338 0.0010049
4709 2338 0.0010049
2338 2339 0.21424
2341 2339 0.21424
4198 2339 0.21424
1654 2341 0.23769
2340 2341 0.23769
2343 2341 0.23769
1654 2342 0.00019905
2340 2342 0.00019905
2343 2342 0.00019905
2342 2343 0.00034673
7057 2343 0.00034673
7074 2343 0.00034673
1117 2344 0.0012707
2345 2344 0.0012707
2344 2346 0.0012915
2347 2346 0.0012915
5906 2346 0.0012915
2349 2348 0.0027505
5903 2348 0.0027505
5986 2348 0.0027505
7105 2348 0.0027505
2348 2349 0.36608
5239 2349 0.36608
5739 2349 0.36608
2351 2350 0.00098597
4656 2350 0.00098597
7014 2350 0.00098597
7087 2350 0.00098597
2350 2351 0.00037721
5671 2351 0.00037721
5836 2351 0.00037721
2356 2357 0.00012257
2359 2357 0.00012257
6362 2357 0.00012257
7160 2357 0.00012257
2356 2358 0.00095517
2359 2358 0.00095517
6362 2358 0.00095517
7160 2358 0.00095517
2078 2360 0.0010795
2358 2360 0.0010795
2361 2360 0.0010795
6371 2360 0.0010795
2360 2361 0.00031917
2363 2361 0.00031917
3120 2361 0.00031917
2360 2362 0.00021544
2363 2362 0.00021544
3120 2362 0.00021544
2362 2363 0.00041903
2365 2363 0.00041903
6395 2363 0.00041903
2362 2364 0.00021709
2365 2364 0.00021709
6395 2364 0.00021709
2364 2365 0.00039907
2367 2365 0.00039907
6366 2365 0.00039907
6367 2365 0.00039907
2364 2366 0.00016963
2367 2366 0.00016963
6366 2366 0.00016963
6367 2366 0.00016963
2366 2367 0.00088115
7006 2367 0.00088115
7086 2367 0.00088115
2752 2753 0.0024734
7251 2753 0.0024734
2360 3119 0.001177
2363 3119 0.001177
3120 3119 0.001177
996 3120 0.00021303
3119 3120 0.00021303
4790 3120 0.00021303
6237 3120 0.00021303
3122 3121 0.00024657
5270 3121 0.00024657
6233 3121 0.00024657
3317 3316 0.00055412
5238 3316 0.00055412
7089 3316 0.00055412
3316 3317 0.015219
7005 3317 0.015219
7008 3317 0.015219
7088 3317 0.015219
3319 3318 0.038948
5985 3318 0.038948
7093 3318 0.038948
7095 3318 0.038948
3318 3319 0.28405
6983 3319 0.28405
7092 3319 0.28405
3321 3320 0.0022096
3322 3320 0.0022096
7097 3320 0.0022096
3320 3321 0.85351
6977 3321 0.85351
7096 3321 0.85351
3323 3322 0.0017053
3324 3322 0.0017053
7103 3322 0.0017053
3321 3323 0.93407
3322 3323 0.93407
7097 3323 0.93407
3325 3324 0.0073774
3326 3324 0.0073774
7099 3324 0.0073774
3323 3325 0.36329
3324 3325 0.36329
7103 3325 0.36329
2753 3326 0.0027194
3327 3326 0.0027194
5237 3326 0.0027194
3325 3327 0.00051365
3326 3327 0.00051365
7099 3327 0.00051365
3332 3331 0.0077
3334 3331 0.0077
3331 3332 0.014583
5827 3332 0.014583
5829 3332 0.014583
3332 3333 0.014583
3334 3333 0.014583
3333 3334 0.0077
3336 3334 0.0077
6225 3334 0.0077
3333 3335 0.083693
3336 3335 0.083693
6225 3335 0.083693
3335 3336 0.011377
5823 3336 0.011377
5831 3336 0.011377
6967 3336 0.011377
4199 3791 0.57102
5395 3791 0.57102
5396 3792 0.6182
5397 3792 0.6182
3791 3793 0.19327
3793 3794 0.016022
5993 3794 0.016022
7115 3794 0.016022
3790 3795 0.063206
3794 3795 0.063206
7083 3795 0.063206
3907 3906 0.011624
4019 3906 0.011624
6228 3906 0.011624
6358 3906 0.011624
2072 3907 0.011823
2074 3907 0.011823
2075 3907 0.011823
3906 3907 0.011823
4020 4019 0.00061823
6232 4019 0.00061823
6351 4019 0.00061823
3907 4020 0.0010184
4019 4020 0.0010184
6228 4020 0.0010184
6358 4020 0.0010184
4163 4162 0.0013875
4164 4162 0.0013875
5889 4162 0.0013875
5892 4162 0.0013875
4162 4163 0.00044214
4171 4163 0.00044214
5793 4163 0.00044214
4165 4164 0.01195
4166 4164 0.01195
5929 4164 0.01195
5972 4164 0.01195
4163 4165 0.00025036
4164 4165 0.00025036
5889 4165 0.00025036
5892 4165 0.00025036
4167 4166 0.0080754
4168 4166 0.0080754
5923 4166 0.0080754
5926 4166 0.0080754
4165 4167 0.0004738
4166 4167 0.0004738
5929 4167 0.0004738
5972 4167 0.0004738
4169 4168 0.0025768
4193 4168 0.0025768
4194 4168 0.0025768
4167 4169 0.00012726
4168 4169 0.00012726
5923 4169 0.00012726
5926 4169 0.00012726
4162 4170 0.0015347
4171 4170 0.0015347
5793 4170 0.0015347
4170 4172 0.00020287
4173 4172 0.00020287
5933 4172 0.00020287
4177 4176 0.00010985
4178 4176 0.00010985
5970 4176 0.00010985
4181 4180 0.00044835
4182 4180 0.00044835
5885 4180 0.00044835
5888 4180 0.00044835
4183 4182 0.0018751
4184 4182 0.0018751
5928 4182 0.0018751
4185 4184 0.0020675
4186 4184 0.0020675
5922 4184 0.0020675
4187 4186 0.0020463
4188 4186 0.0020463
4195 4186 0.0020463
4189 4188 0.00214
4190 4188 0.00214
5918 4188 0.00214
4191 4190 0.0021662
4666 4190 0.0021662
6469 4190 0.0021662
4169 4192 0.00010545
4193 4192 0.00010545
4194 4192 0.00010545
4192 4193 0.0024538
5919 4193 0.0024538
5980 4193 0.0024538
4187 4194 0.00036102
4188 4194 0.00036102
4195 4194 0.00036102
4169 4195 0.00025983
4193 4195 0.00025983
4194 4195 0.00025983
7116 4199 0.57084
2338 4200 0.024431
2341 4200 0.024431
4198 4200 0.024431
4204 4205 0.0075857
4206 4205 0.0075857
4207 4205 0.0075857
4211 4205 0.0075857
4205 4206 0.0014417
5741 4206 0.0014417
5742 4206 0.0014417
4201 4207 0.010355
4208 4207 0.010355
4209 4207 0.010355
5909 4207 0.010355
4204 4208 0.0010558
4206 4208 0.0010558
4207 4208 0.0010558
4211 4208 0.0010558
944 4209 0.031793
947 4209 0.031793
4210 4209 0.031793
4201 4210 0.00073639
4208 4210 0.00073639
4209 4210 0.00073639
5909 4210 0.00073639
4212 4211 0.00026952
4214 4211 0.00026952
4204 4212 0.0034248
4206 4212 0.0034248
4207 4212 0.0034248
4211 4212 0.0034248
4212 4213 0.0034248
4214 4213 0.0034248
4213 4214 0.00026952
5743 4214 0.00026952
5744 4214 0.00026952
2332 4215 0.051116
2335 4215 0.051116
4216 4215 0.051116
4215 4216 0.00040117
6725 4216 0.00040117
4218 4217 0.00064618
6706 4217 0.00064618
6724 4217 0.00064618
4217 4218 0.04028
6727 4218 0.04028
4220 4219 0.0069036
4222 4219 0.0069036
943 4222 0.0069036
4221 4222 0.0069036
4815 4222 0.0069036
4224 4223 0.00019787
4225 4223 0.00019787
6894 4223 0.00019787
4223 4224 0.00034555
6896 4224 0.00034555
7081 4224 0.00034555
4228 4227 0.00034535
4229 4227 0.00034535
6893 4227 0.00034535
4227 4228 0.00019854
5937 4228 0.00019854
7073 4228 0.00019854
4657 4656 0.01555
5663 4656 0.01555
5665 4656 0.01555
6736 4658 0.015561
6737 4659 0.00017495
2327 4707 0.0034141
4708 4707 0.0034141
5968 4707 0.0034141
3189 4708 0.00035768
4707 4708 0.00035768
5981 4708 0.00035768
7130 4708 0.00035768
1537 4709 0.16879
4710 4709 0.16879
996 4789 0.00045409
3119 4789 0.00045409
4790 4789 0.00045409
6237 4789 0.00045409
4789 4790 0.00042825
6240 4790 0.00042825
6365 4790 0.00042825
5064 5063 0.00018994
5240 5063 0.00018994
4659 5064 0.60281
5065 5064 0.60281
3792 5065 0.60264
3121 5237 0.00028225
3328 5237 0.00028225
3329 5237 0.00028225
2348 5238 0.23349
5239 5238 0.23349
5739 5238 0.23349
3317 5239 0.0030607
5238 5239 0.0030607
7089 5239 0.0030607
5064 5241 0.60262
5240 5241 0.60262
2753 5270 0.00054987
3327 5270 0.00054987
5237 5270 0.00054987
5063 5395 0.00017836
3791 5396 0.37774
3793 5397 0.24045
5993 5397 0.24045
7115 5397 0.24045
3898 5580 0.0024707
5581 5580 0.0024707
5935 5580 0.0024707
4658 5663 0.015547
2350 5669 0.00017453
5671 5669 0.00017453
5836 5669 0.00017453
2350 5670 0.0008305
5671 5670 0.0008305
5836 5670 0.0008305
5670 5671 0.00039346
6385 5671 0.00039346
7085 5671 0.00039346
2348 5738 0.00014363
5239 5738 0.00014363
5739 5738 0.00014363
5241 5739 0.5939
5738 5739 0.5939
7218 5739 0.5939
4205 5740 0.00077955
5741 5740 0.00077955
5742 5740 0.00077955
5740 5741 0.0096431
7219 5741 0.0096431
4213 5742 0.001203
5743 5742 0.001203
5744 5742 0.001203
4205 5743 0.016211
5741 5743 0.016211
5742 5743 0.016211
1655 5744 0.0013004
5745 5744 0.0013004
5901 5744 0.0013004
5904 5744 0.0013004
4213 5745 0.019463
5743 5745 0.019463
5744 5745 0.019463
1658 5746 0.010392
5747 5746 0.010392
5907 5746 0.010392
5984 5746 0.010392
5783 5787 0.00017274
5788 5787 0.00017274
5796 5787 0.00017274
5790 5789 0.00051603
5791 5789 0.00051603
5932 5789 0.00051603
5969 5789 0.00051603
5789 5790 0.00010875
5911 5790 0.00010875
5913 5790 0.00010875
5982 5790 0.00010875
5792 5791 0.0010987
5891 5791 0.0010987
5894 5791 0.0010987
5790 5792 0.00086515
5791 5792 0.00086515
5932 5792 0.00086515
5969 5792 0.00086515
5794 5793 0.00050623
5931 5793 0.00050623
5795 5794 0.00028987
5887 5794 0.00028987
5890 5794 0.00028987
5794 5795 0.00015416
5931 5795 0.00015416
4172 5796 0.00017236
5797 5796 0.00017236
3335 5822 0.14728
5823 5822 0.14728
5831 5822 0.14728
6967 5822 0.14728
5822 5823 0.43661
6963 5823 0.43661
7102 5823 0.43661
7104 5823 0.43661
5825 5824 0.0074215
5826 5824 0.0074215
5830 5824 0.0074215
5824 5825 0.36226
6964 5825 0.36226
7100 5825 0.36226
3331 5826 0.0077
5827 5826 0.0077
5829 5826 0.0077
5825 5827 0.014583
5826 5827 0.014583
5830 5827 0.014583
3335 5830 0.01401
5823 5830 0.01401
5831 5830 0.01401
6967 5830 0.01401
5825 5831 0.36196
5826 5831 0.36196
5830 5831 0.36196
4181 5887 0.0015577
4182 5887 0.0015577
5885 5887 0.0015577
5888 5887 0.0015577
5795 5888 0.0001346
5887 5888 0.0001346
5890 5888 0.0001346
5795 5889 0.0016309
5887 5889 0.0016309
5890 5889 0.0016309
4163 5890 0.00034356
4164 5890 0.00034356
5889 5890 0.00034356
5892 5890 0.00034356
4163 5891 0.012438
4164 5891 0.012438
5889 5891 0.012438
5892 5891 0.012438
5792 5892 0.00039553
5891 5892 0.00039553
5894 5892 0.00039553
5792 5893 0.012754
5891 5893 0.012754
5894 5893 0.012754
5893 5894 0.00094554
7255 5894 0.00094554
2329 5895 0.28796
5896 5895 0.28796
7254 5895 0.28796
7258 5895 0.28796
942 5897 0.34046
945 5897 0.34046
5898 5897 0.34046
7252 5897 0.34046
5897 5899 0.33675
5900 5899 0.33675
5983 5899 0.33675
5899 5900 0.00033441
5902 5900 0.00033441
5910 5900 0.00033441
5899 5901 0.35833
5902 5901 0.35833
5910 5901 0.35833
1655 5902 0.0001629
5745 5902 0.0001629
5901 5902 0.0001629
5904 5902 0.0001629
1655 5903 0.38676
5745 5903 0.38676
5901 5903 0.38676
5904 5903 0.38676
2349 5904 0.00010003
5903 5904 0.00010003
5986 5904 0.00010003
7105 5904 0.00010003
2344 5905 0.00024111
2347 5905 0.00024111
5906 5905 0.00024111
5905 5906 0.00029455
6955 5906 0.00029455
7110 5906 0.00029455
719 5907 0.00012584
5908 5907 0.00012584
7109 5907 0.00012584
1658 5908 0.00062204
5747 5908 0.00062204
5907 5908 0.00062204
5984 5908 0.00062204
5899 5909 0.0013351
5902 5909 0.0013351
5910 5909 0.0013351
4201 5910 0.023092
4208 5910 0.023092
4209 5910 0.023092
5909 5910 0.023092
5787 5913 0.00017274
5914 5913 0.00017274
5915 5913 0.00017274
4189 5917 0.00050286
4190 5917 0.00050286
5918 5917 0.00050286
5917 5918 0.00047687
5920 5918 0.00047687
5978 5918 0.00047687
5917 5919 0.010259
5920 5919 0.010259
5978 5919 0.010259
4192 5920 0.00010887
5919 5920 0.00010887
5980 5920 0.00010887
4185 5921 0.00075147
4186 5921 0.00075147
5922 5921 0.00075147
5921 5922 0.0007601
5924 5922 0.0007601
5973 5922 0.0007601
5921 5923 0.00063645
5924 5923 0.00063645
5973 5923 0.00063645
4167 5924 0.001794
4168 5924 0.001794
5923 5924 0.001794
5926 5924 0.001794
4167 5925 0.00082884
4168 5925 0.00082884
5923 5925 0.00082884
5926 5925 0.00082884
5925 5926 0.0071385
5976 5926 0.0071385
5979 5926 0.0071385
4183 5927 0.00091028
4184 5927 0.00091028
5928 5927 0.00091028
5927 5928 0.00071902
5930 5928 0.00071902
5974 5928 0.00071902
5927 5929 0.0020067
5930 5929 0.0020067
5974 5929 0.0020067
4165 5930 0.00066654
4166 5930 0.00066654
5929 5930 0.00066654
5972 5930 0.00066654
4179 5931 0.00037053
4180 5931 0.00037053
4170 5932 0.0013986
4173 5932 0.0013986
5933 5932 0.0013986
5790 5933 0.00010595
5791 5933 0.00010595
5932 5933 0.00010595
5969 5933 0.00010595
1468 5935 0.0024721
5934 5935 0.0024721
5790 5968 0.0015398
5791 5968 0.0015398
5932 5968 0.0015398
5969 5968 0.0015398
2327 5969 0.00042092
4708 5969 0.00042092
5968 5969 0.00042092
4165 5971 0.0033022
4166 5971 0.0033022
5929 5971 0.0033022
5972 5971 0.0033022
2331 5972 0.0060605
4196 5972 0.0060605
5971 5972 0.0060605
7256 5972 0.0060605
5927 5973 0.00024698
5930 5973 0.00024698
5974 5973 0.00024698
5921 5974 0.0013959
5924 5974 0.0013959
5973 5974 0.0013959
5925 5975 0.0074329
5976 5975 0.0074329
5979 5975 0.0074329
2330 5976 0.0059411
2333 5976 0.0059411
5975 5976 0.0059411
5917 5977 0.00047226
5920 5977 0.00047226
5978 5977 0.00047226
2334 5978 0.010596
2337 5978 0.010596
5977 5978 0.010596
7152 5978 0.010596
4192 5979 0.0084312
5919 5979 0.0084312
5980 5979 0.0084312
5925 5980 0.00062964
5976 5980 0.00062964
5979 5980 0.00062964
5789 5981 0.00061554
5911 5981 0.00061554
5913 5981 0.00061554
5982 5981 0.00061554
1658 5983 0.0027455
5747 5983 0.0027455
5907 5983 0.0027455
5984 5983 0.0027455
5897 5984 0.0067069
5900 5984 0.0067069
5983 5984 0.0067069
2349 5985 0.75176
5903 5985 0.75176
5986 5985 0.75176
7105 5985 0.75176
548 6225 0.076958
6226 6225 0.076958
6227 6225 0.076958
6230 6225 0.076958
3333 6226 0.011526
3336 6226 0.011526
6225 6226 0.011526
3907 6227 0.012873
4019 6227 0.012873
6228 6227 0.012873
6358 6227 0.012873
548 6228 0.014727
6226 6228 0.014727
6227 6228 0.014727
6230 6228 0.014727
548 6229 0.041388
6226 6229 0.041388
6227 6229 0.041388
6230 6229 0.041388
6229 6230 0.052494
6979 6230 0.052494
7063 6230 0.052494
4020 6231 0.00040141
6232 6231 0.00040141
6351 6231 0.00040141
6231 6232 0.00040742
6234 6232 0.00040742
6354 6232 0.00040742
6231 6233 0.00017285
6234 6233 0.00017285
6354 6233 0.00017285
3122 6234 0.00039656
5270 6234 0.00039656
6233 6234 0.00039656
2071 6237 0.0006139
6238 6237 0.0006139
6239 6237 0.0006139
996 6238 0.002858
3119 6238 0.002858
4790 6238 0.002858
6237 6238 0.002858
4789 6239 0.00077359
6240 6239 0.00077359
6365 6239 0.00077359
2071 6240 0.00020883
6238 6240 0.00020883
6239 6240 0.00020883
950 6351 0.00025776
6352 6351 0.00025776
6353 6351 0.00025776
6356 6351 0.00025776
4020 6352 0.00066394
6232 6352 0.00066394
6351 6352 0.00066394
2354 6353 0.00014293
2357 6353 0.00014293
6231 6355 0.00025829
6234 6355 0.00025829
6354 6355 0.00025829
6357 6356 0.0001009
6361 6356 0.0001009
950 6357 0.00086771
6352 6357 0.00086771
6353 6357 0.00086771
6356 6357 0.00086771
995 6358 0.0027593
6359 6358 0.0027593
6360 6358 0.0027593
3907 6359 0.0044121
4019 6359 0.0044121
6228 6359 0.0044121
6358 6359 0.0044121
6357 6360 0.00081958
6361 6360 0.00081958
995 6361 0.0010645
6359 6361 0.0010645
6360 6361 0.0010645
6357 6362 0.0010118
6361 6362 0.0010118
2364 6365 0.00063686
2367 6365 0.00063686
6366 6365 0.00063686
6367 6365 0.00063686
2336 6469 0.002217
2339 6469 0.002217
4709 6469 0.002217
4218 6707 0.090374
6706 6707 0.090374
6724 6707 0.090374
4215 6724 0.051116
6725 6724 0.051116
4218 6725 0.00040117
6706 6725 0.00040117
6724 6725 0.00040117
4217 6726 0.00064618
6727 6726 0.00064618
6726 6727 0.04028
7153 6727 0.04028
6879 6736 0.015561
6880 6737 0.00017495
3792 6879 0.015561
433 6880 0.00017495
5669 6880 0.00017495
4224 6893 0.00034555
4225 6893 0.00034555
6894 6893 0.00034555
4228 6894 0.00019787
4229 6894 0.00019787
6893 6894 0.00019787
4223 6895 0.0029307
6896 6895 0.0029307
7081 6895 0.0029307
6895 6896 0.00049665
7017 6896 0.00049665
7084 6896 0.00049665
5905 6954 0.00049626
6955 6954 0.00049626
7110 6954 0.00049626
6954 6960 0.00049626
6957 6960 0.00049626
6959 6960 0.00049626
5824 6963 0.15735
6964 6963 0.15735
7100 6963 0.15735
5822 6964 0.15407
6963 6964 0.15407
7102 6964 0.15407
7104 6964 0.15407
6965 6967 0.0097213
6968 6967 0.0097213
7101 6967 0.0097213
3335 6968 0.71932
5823 6968 0.71932
5831 6968 0.71932
6967 6968 0.71932
6969 6971 0.13802
6972 6971 0.13802
6975 6971 0.13802
7066 6971 0.13802
6971 6972 0.064418
6974 6972 0.064418
7064 6972 0.064418
6971 6973 0.17974
6974 6973 0.17974
7064 6973 0.17974
6973 6974 0.075122
6976 6974 0.075122
6978 6974 0.075122
6973 6975 0.25367
6976 6975 0.25367
6978 6975 0.25367
6969 6976 0.056874
6972 6976 0.056874
6975 6976 0.056874
7066 6976 0.056874
6973 6977 0.15477
6976 6977 0.15477
6978 6977 0.15477
3320 6978 0.24694
6977 6978 0.24694
7096 6978 0.24694
6980 6979 0.11329
7065 6979 0.11329
7098 6979 0.11329
6229 6980 0.071166
6979 6980 0.071166
7063 6980 0.071166
6982 6981 0.042281
6984 6981 0.042281
6986 6981 0.042281
6981 6982 0.011212
6990 6982 0.011212
6982 6983 0.039193
6984 6983 0.039193
6986 6983 0.039193
3318 6984 0.071922
6983 6984 0.071922
7092 6984 0.071922
6982 6985 0.044231
6984 6985 0.044231
6986 6985 0.044231
6985 6986 0.042572
6988 6986 0.042572
6989 6986 0.042572
6985 6987 0.065768
6988 6987 0.065768
6989 6987 0.065768
6987 6988 0.03304
6992 6988 0.03304
6994 6988 0.03304
6981 6989 0.042281
6990 6989 0.042281
6985 6990 0.011212
6988 6990 0.011212
6989 6990 0.011212
6987 6991 0.06525
6992 6991 0.06525
6994 6991 0.06525
6991 6992 0.012195
6995 6992 0.012195
7000 6992 0.012195
6987 6993 0.037197
6992 6993 0.037197
6994 6993 0.037197
6993 6994 0.057523
6996 6994 0.057523
6998 6994 0.057523
7001 6994 0.057523
6993 6995 0.02919
6996 6995 0.02919
6998 6995 0.02919
7001 6995 0.02919
6991 6996 0.057239
6995 6996 0.057239
7000 6996 0.057239
6993 6997 0.079307
6996 6997 0.079307
6998 6997 0.079307
7001 6997 0.079307
6997 6998 0.046578
7090 6998 0.046578
7091 6998 0.046578
6991 6999 0.029906
6995 6999 0.029906
7000 6999 0.029906
6999 7000 0.0048996
7002 7000 0.0048996
7004 7000 0.0048996
6999 7001 0.029906
7002 7001 0.029906
7004 7001 0.029906
6993 7002 0.0048996
6996 7002 0.0048996
6998 7002 0.0048996
7001 7002 0.0048996
2366 7005 0.00060817
7006 7005 0.00060817
7086 7005 0.00060817
3316 7006 0.00088429
7005 7006 0.00088429
7008 7006 0.00088429
7088 7006 0.00088429
7016 7017 0.044756
7019 7017 0.044756
7026 7017 0.044756
7016 7018 0.0028063
7019 7018 0.0028063
7026 7018 0.0028063
4811 7019 0.00022454
7018 7019 0.00022454
7082 7019 0.00022454
7021 7020 0.11837
7023 7020 0.11837
7025 7020 0.11837
7036 7020 0.11837
7020 7021 0.20412
7032 7021 0.20412
7035 7021 0.20412
7021 7022 0.13422
7023 7022 0.13422
7025 7022 0.13422
7036 7022 0.13422
7022 7023 0.18353
7029 7023 0.18353
7031 7023 0.18353
7033 7023 0.18353
7021 7024 1.2839
7023 7024 1.2839
7025 7024 1.2839
7036 7024 1.2839
7024 7025 0.040923
7027 7025 0.040923
7077 7025 0.040923
7080 7025 0.040923
7024 7026 0.047355
7027 7026 0.047355
7077 7026 0.047355
7080 7026 0.047355
7022 7030 0.011579
7029 7030 0.011579
7031 7030 0.011579
7033 7030 0.011579
1230 7031 0.52863
7030 7031 0.52863
7078 7031 0.52863
7022 7032 0.47651
7029 7032 0.47651
7031 7032 0.47651
7033 7032 0.47651
7020 7033 0.0087731
7032 7033 0.0087731
7035 7033 0.0087731
7020 7034 0.39058
7032 7034 0.39058
7035 7034 0.39058
7034 7035 0.0085865
7037 7035 0.0085865
7039 7035 0.0085865
7034 7036 0.18306
7037 7036 0.18306
7039 7036 0.18306
7021 7037 0.075144
7023 7037 0.075144
7025 7037 0.075144
7036 7037 0.075144
7034 7038 0.28517
7037 7038 0.28517
7039 7038 0.28517
7038 7039 0.011095
7041 7039 0.011095
7043 7039 0.011095
7038 7040 0.28452
7041 7040 0.28452
7043 7040 0.28452
1227 7041 0.01124
7040 7041 0.01124
7075 7041 0.01124
7079 7041 0.01124
7038 7042 0.00083542
7041 7042 0.00083542
7043 7042 0.00083542
7042 7044 0.00083541
7045 7044 0.00083541
7044 7046 0.00083541
7047 7046 0.00083541
7046 7048 0.00083541
7049 7048 0.00083541
7048 7050 0.00083541
7051 7050 0.00083541
7050 7052 0.00083541
7053 7052 0.00083541
7052 7054 0.00083541
7055 7054 0.00083541
6971 7063 0.063514
6974 7063 0.063514
7064 7063 0.063514
6229 7064 0.094534
6979 7064 0.094534
7063 7064 0.094534
6969 7065 0.18001
6972 7065 0.18001
6975 7065 0.18001
7066 7065 0.18001
6980 7066 0.056818
7065 7066 0.056818
7098 7066 0.056818
2342 7073 0.00019905
7057 7073 0.00019905
7074 7073 0.00019905
4227 7074 0.00034673
5937 7074 0.00034673
7073 7074 0.00034673
1653 7075 0.0003685
7054 7075 0.0003685
7076 7075 0.0003685
1227 7076 0.23706
7040 7076 0.23706
7075 7076 0.23706
7079 7076 0.23706
1230 7077 0.011579
7030 7077 0.011579
7078 7077 0.011579
7024 7078 0.52863
7027 7078 0.52863
7077 7078 0.52863
7080 7078 0.52863
7024 7079 0.7396
7027 7079 0.7396
7077 7079 0.7396
7080 7079 0.7396
1227 7080 0.061008
7040 7080 0.061008
7075 7080 0.061008
7079 7080 0.061008
4811 7081 0.0028063
7018 7081 0.0028063
7082 7081 0.0028063
4223 7082 0.00022454
6896 7082 0.00022454
7081 7082 0.00022454
6895 7083 0.047207
7017 7083 0.047207
7084 7083 0.047207
2366 7085 0.00039779
7006 7085 0.00039779
7086 7085 0.00039779
5670 7086 0.00083319
6385 7086 0.00083319
7085 7086 0.00083319
3316 7087 0.00013665
7005 7087 0.00013665
7008 7087 0.00013665
7088 7087 0.00013665
2351 7088 0.015078
4656 7088 0.015078
7014 7088 0.015078
7087 7088 0.015078
6997 7089 0.0026772
7090 7089 0.0026772
7091 7089 0.0026772
3317 7090 0.24777
5238 7090 0.24777
7089 7090 0.24777
3318 7091 0.010431
6983 7091 0.010431
7092 7091 0.010431
6997 7092 0.28826
7090 7092 0.28826
7091 7092 0.28826
547 7093 0.038729
2073 7093 0.038729
7094 7093 0.038729
3319 7094 0.092068
5985 7094 0.092068
7093 7094 0.092068
7095 7094 0.092068
3320 7095 0.0028721
6977 7095 0.0028721
7096 7095 0.0028721
3319 7096 0.94634
5985 7096 0.94634
7093 7096 0.94634
7095 7096 0.94634
6980 7097 0.18461
7065 7097 0.18461
7098 7097 0.18461
3321 7098 0.10354
3322 7098 0.10354
7097 7098 0.10354
5824 7099 0.0062061
6964 7099 0.0062061
7100 7099 0.0062061
3325 7100 0.36432
3326 7100 0.36432
7099 7100 0.36432
5822 7101 0.41266
6963 7101 0.41266
7102 7101 0.41266
7104 7101 0.41266
6965 7102 0.12225
6968 7102 0.12225
7101 7102 0.12225
5822 7103 0.096039
6963 7103 0.096039
7102 7103 0.096039
7104 7103 0.096039
3323 7104 0.67249
3324 7104 0.67249
7103 7104 0.67249
6961 7105 0.0017417
7106 7105 0.0017417
7107 7105 0.0017417
2346 7107 0.0017417
6960 7107 0.0017417
7108 7107 0.0017417
5905 7109 0.00012584
6955 7109 0.00012584
7110 7109 0.00012584
719 7110 0.00062204
5908 7110 0.00062204
7109 7110 0.00062204
3795 7115 0.063206
7117 7116 0.57084
1226 7117 0.57084
1536 7117 0.57084
4200 7117 0.57084
3189 7131 0.0036101
4707 7131 0.0036101
5981 7131 0.0036101
7130 7131 0.0036101
6726 7152 0.00064618
7153 7152 0.00064618
2334 7153 0.04028
2337 7153 0.04028
5977 7153 0.04028
7152 7153 0.04028
5740 7218 0.00077955
7219 7218 0.00077955
5241 7219 0.0096431
5738 7219 0.0096431
7218 7219 0.0096431
1232 7248 0.0024733
7249 7248 0.0024733
1235 7251 0.0024734
7248 7251 0.0024734
7250 7251 0.0024734
5895 7252 0.28796
7253 7252 0.28796
5893 7254 0.012754
7255 7254 0.012754
2329 7255 0.00094554
5896 7255 0.00094554
7254 7255 0.00094554
7258 7255 0.00094554
2328 7256 0.00011753
7257 7256 0.00011753
2331 7257 0.27819
4196 7257 0.27819
5971 7257 0.27819
7256 7257 0.27819
2326 7258 0.0016833
7259 7258 0.0016833
2329 7259 0.0036209
5896 7259 0.0036209
7254 7259 0.0036209
7258 7259 0.0036209
