548 547 0.11197
6226 547 0.11197
6227 547 0.11197
6230 547 0.11197
547 548 0.002353
2073 548 0.002353
7094 548 0.002353
942 943 0.00012417
945 943 0.00012417
5898 943 0.00012417
7252 943 0.00012417
942 944 0.00060688
945 944 0.00060688
5898 944 0.00060688
7252 944 0.00060688
944 946 0.00085632
947 946 0.00085632
4210 946 0.00085632
995 994 0.0047272
6359 994 0.0047272
6360 994 0.0047272
994 995 0.00027728
997 995 0.00027728
2076 995 0.00027728
2077 995 0.00027728
994 996 0.0019523
997 996 0.0019523
2076 996 0.0019523
2077 996 0.0019523
996 997 0.00033753
3119 997 0.00033753
4790 997 0.00033753
6237 997 0.00033753
1227 1226 0.00020918
7040 1226 0.00020918
7075 1226 0.00020918
7079 1226 0.00020918
1226 1227 0.1416
1536 1227 0.1416
4200 1227 0.1416
1537 1536 0.13865
4710 1536 0.13865
1654 1653 0.0056434
2340 1653 0.0056434
2343 1653 0.0056434
1653 1654 0.0010346
7054 1654 0.0010346
7076 1654 0.0010346
1656 1655 0.00094165
5746 1655 0.00094165
5748 1655 0.00094165
1655 1656 0.00026806
5745 1656 0.00026806
5901 1656 0.00026806
5904 1656 0.00026806
1657 1658 0.00012417
4219 1658 0.00012417
4817 1658 0.00012417
2072 2071 0.0017579
2074 2071 0.0017579
2075 2071 0.0017579
3906 2071 0.0017579
2071 2072 0.0010417
6238 2072 0.0010417
6239 2072 0.0010417
2072 2073 0.024223
2074 2073 0.024223
2075 2073 0.024223
3906 2073 0.024223
547 2074 0.0020156
2073 2074 0.0020156
7094 2074 0.0020156
994 2075 0.0040848
997 2075 0.0040848
2076 2075 0.0040848
2077 2075 0.0040848
2072 2076 0.0016157
2074 2076 0.0016157
2075 2076 0.0016157
3906 2076 0.0016157
2078 2077 0.00067608
2358 2077 0.00067608
2361 2077 0.00067608
6371 2077 0.00067608
994 2078 0.0010421
997 2078 0.0010421
2076 2078 0.0010421
2077 2078 0.0010421
2327 2326 0.00012399
4708 2326 0.00012399
5968 2326 0.00012399
2329 2328 0.0027684
5896 2328 0.0027684
7254 2328 0.0027684
7258 2328 0.0027684
2331 2330 0.002831
4196 2330 0.002831
5971 2330 0.002831
7256 2330 0.002831
2330 2332 0.0028443
2333 2332 0.0028443
5975 2332 0.0028443
2332 2334 0.0033107
2335 2334 0.0033107
4216 2334 0.0033107
2334 2336 0.0037854
2337 2336 0.0037854
5977 2336 0.0037854
7152 2336 0.0037854
2336 2338 0.011328
2339 2338 0.011328
4709 2338 0.011328
2338 2340 0.0057076
2341 2340 0.0057076
4198 2340 0.0057076
1654 2341 0.0010106
2340 2341 0.0010106
2343 2341 0.0010106
1654 2342 0.0002586
2340 2342 0.0002586
2343 2342 0.0002586
2342 2343 0.00017046
7057 2343 0.00017046
7074 2343 0.00017046
2344 2346 0.00014376
2347 2346 0.00014376
5906 2346 0.00014376
2349 2348 0.64443
5903 2348 0.64443
5986 2348 0.64443
7105 2348 0.64443
2348 2349 0.0012289
5239 2349 0.0012289
5739 2349 0.0012289
2351 2350 0.0017564
4656 2350 0.0017564
7014 2350 0.0017564
7087 2350 0.0017564
2350 2351 0.00012589
5671 2351 0.00012589
5836 2351 0.00012589
2356 2358 0.001175
2359 2358 0.001175
6362 2358 0.001175
7160 2358 0.001175
2078 2360 0.001533
2358 2360 0.001533
2361 2360 0.001533
6371 2360 0.001533
2360 2362 0.0019685
2363 2362 0.0019685
3120 2362 0.0019685
2362 2364 0.0020202
2365 2364 0.0020202
6395 2364 0.0020202
2364 2366 0.0037664
2367 2366 0.0037664
6366 2366 0.0037664
6367 2366 0.0037664
2360 3119 0.00041249
2363 3119 0.00041249
3120 3119 0.00041249
996 3120 0.00087393
3119 3120 0.00087393
4790 3120 0.00087393
6237 3120 0.00087393
3317 3316 0.0023246
5238 3316 0.0023246
7089 3316 0.0023246
3316 3317 0.0008734
7005 3317 0.0008734
7008 3317 0.0008734
7088 3317 0.0008734
3319 3318 0.33849
5985 3318 0.33849
7093 3318 0.33849
7095 3318 0.33849
3318 3319 0.006389
6983 3319 0.006389
7092 3319 0.006389
3321 3320 0.028237
3322 3320 0.028237
7097 3320 0.028237
3320 3321 0.10937
6977 3321 0.10937
7096 3321 0.10937
3323 3322 0.0057522
3324 3322 0.0057522
7103 3322 0.0057522
3321 3323 0.014522
3322 3323 0.014522
7097 3323 0.014522
3325 3324 0.00096119
3326 3324 0.00096119
7099 3324 0.00096119
3323 3325 0.0084894
3324 3325 0.0084894
7103 3325 0.0084894
3325 3327 0.00027651
3326 3327 0.00027651
7099 3327 0.00027651
3332 3331 0.00010546
3334 3331 0.00010546
3331 3332 0.0013142
5827 3332 0.0013142
5829 3332 0.0013142
3332 3333 0.0013142
3334 3333 0.0013142
3333 3334 0.00010546
3336 3334 0.00010546
6225 3334 0.00010546
3333 3335 0.0011435
3336 3335 0.0011435
6225 3335 0.0011435
3335 3336 0.0084448
5823 3336 0.0084448
5831 3336 0.0084448
6967 3336 0.0084448
4199 3791 0.8542
5395 3791 0.8542
5396 3792 0.00028794
5397 3792 0.00028794
3791 3793 0.85401
3793 3794 0.85392
5993 3794 0.85392
7115 3794 0.85392
3907 3906 0.021447
4019 3906 0.021447
6228 3906 0.021447
6358 3906 0.021447
2072 3907 0.00099257
2074 3907 0.00099257
2075 3907 0.00099257
3906 3907 0.00099257
4020 4019 0.00028562
6232 4019 0.00028562
6351 4019 0.00028562
3907 4020 0.00030221
4019 4020 0.00030221
6228 4020 0.00030221
6358 4020 0.00030221
4163 4165 0.00015853
4164 4165 0.00015853
5889 4165 0.00015853
5892 4165 0.00015853
4165 4167 0.00011947
4166 4167 0.00011947
5929 4167 0.00011947
5972 4167 0.00011947
7116 4199 0.0039247
2338 4200 0.0066801
2341 4200 0.0066801
4198 4200 0.0066801
4204 4205 0.00082051
4206 4205 0.00082051
4207 4205 0.00082051
4211 4205 0.00082051
4205 4206 0.00060171
5741 4206 0.00060171
5742 4206 0.00060171
4201 4207 0.0005095
4208 4207 0.0005095
4209 4207 0.0005095
5909 4207 0.0005095
4204 4208 0.00031913
4206 4208 0.00031913
4207 4208 0.00031913
4211 4208 0.00031913
4201 4210 0.00034678
4208 4210 0.00034678
4209 4210 0.00034678
5909 4210 0.00034678
4212 4211 0.00042089
4214 4211 0.00042089
4204 4212 0.00039245
4206 4212 0.00039245
4207 4212 0.00039245
4211 4212 0.00039245
4212 4213 0.00039245
4214 4213 0.00039245
4213 4214 0.00042089
5743 4214 0.00042089
5744 4214 0.00042089
4215 4216 0.00047583
6725 4216 0.00047583
4218 4217 0.00038802
6706 4217 0.00038802
6724 4217 0.00038802
4220 4219 0.00012417
4222 4219 0.00012417
943 4222 0.00012417
4221 4222 0.00012417
4815 4222 0.00012417
4224 4223 0.00025843
4225 4223 0.00025843
6894 4223 0.00025843
4223 4224 0.00017028
6896 4224 0.00017028
7081 4224 0.00017028
4228 4227 0.00017011
4229 4227 0.00017011
6893 4227 0.00017011
4227 4228 0.00025859
5937 4228 0.00025859
7073 4228 0.00025859
6737 4659 0.0053566
1537 4709 0.0076091
4710 4709 0.0076091
5063 4710 0.14625
996 4789 0.0010693
3119 4789 0.0010693
4790 4789 0.0010693
6237 4789 0.0010693
4789 4790 0.00012637
6240 4790 0.00012637
6365 4790 0.00012637
5064 5063 0.99652
5240 5063 0.99652
4659 5064 0.0056445
5065 5064 0.0056445
3792 5065 0.00028786
2348 5238 0.00034191
5239 5238 0.00034191
5739 5238 0.00034191
3317 5239 0.33099
5238 5239 0.33099
7089 5239 0.33099
5241 5240 0.99088
5738 5240 0.99088
7218 5240 0.99088
2753 5270 0.00027734
3327 5270 0.00027734
5237 5270 0.00027734
5063 5395 0.85027
3791 5396 0.00019048
2350 5669 0.0053266
5671 5669 0.0053266
5836 5669 0.0053266
5670 5671 0.0037002
6385 5671 0.0037002
7085 5671 0.0037002
2348 5738 0.97386
5239 5738 0.97386
5739 5738 0.97386
4205 5740 0.017383
5741 5740 0.017383
5742 5740 0.017383
5740 5741 0.00036255
7219 5741 0.00036255
4213 5742 0.017153
5743 5742 0.017153
5744 5742 0.017153
4205 5743 0.00035115
5741 5743 0.00035115
5742 5743 0.00035115
1655 5744 0.017279
5745 5744 0.017279
5901 5744 0.017279
5904 5744 0.017279
4213 5745 0.00044834
5743 5745 0.00044834
5744 5745 0.00044834
1658 5746 0.00094165
5747 5746 0.00094165
5907 5746 0.00094165
5984 5746 0.00094165
1656 5747 0.00026806
5746 5747 0.00026806
5748 5747 0.00026806
5792 5791 0.00010346
5891 5791 0.00010346
5894 5791 0.00010346
3335 5822 0.0039485
5823 5822 0.0039485
5831 5822 0.0039485
6967 5822 0.0039485
5822 5823 0.008691
6963 5823 0.008691
7102 5823 0.008691
7104 5823 0.008691
5825 5824 0.00040462
5826 5824 0.00040462
5830 5824 0.00040462
5824 5825 0.006007
6964 5825 0.006007
7100 5825 0.006007
3331 5826 0.00010546
5827 5826 0.00010546
5829 5826 0.00010546
5825 5827 0.0013142
5826 5827 0.0013142
5830 5827 0.0013142
3335 5830 0.0010066
5823 5830 0.0010066
5831 5830 0.0010066
6967 5830 0.0010066
5825 5831 0.0054002
5826 5831 0.0054002
5830 5831 0.0054002
5792 5892 0.00018331
5891 5892 0.00018331
5894 5892 0.00018331
5893 5894 0.00027315
7255 5894 0.00027315
5895 5896 0.0029132
7253 5896 0.0029132
5897 5898 0.0035534
5900 5898 0.0035534
5983 5898 0.0035534
5897 5899 0.00018738
5900 5899 0.00018738
5983 5899 0.00018738
5899 5900 0.0044792
5902 5900 0.0044792
5910 5900 0.0044792
5899 5901 0.00038614
5902 5901 0.00038614
5910 5901 0.00038614
1655 5902 0.0051819
5745 5902 0.0051819
5901 5902 0.0051819
5904 5902 0.0051819
1655 5903 0.0013868
5745 5903 0.0013868
5901 5903 0.0013868
5904 5903 0.0013868
2349 5904 0.022339
5903 5904 0.022339
5986 5904 0.022339
7105 5904 0.022339
5905 5906 0.0001434
6955 5906 0.0001434
7110 5906 0.0001434
1658 5908 0.00018294
5747 5908 0.00018294
5907 5908 0.00018294
5984 5908 0.00018294
5899 5909 0.00072076
5902 5909 0.00072076
5910 5909 0.00072076
4201 5910 0.00021682
4208 5910 0.00021682
4209 5910 0.00021682
5909 5910 0.00021682
4192 5920 0.00010976
5919 5920 0.00010976
5980 5920 0.00010976
3117 5956 0.00010559
5957 5956 0.00010559
6368 5956 0.00010559
6369 5956 0.00010559
4165 5971 0.00011594
4166 5971 0.00011594
5929 5971 0.00011594
5972 5971 0.00011594
5925 5975 0.00012059
5976 5975 0.00012059
5979 5975 0.00012059
2330 5976 0.00011506
2333 5976 0.00011506
5975 5976 0.00011506
5917 5977 0.00012818
5920 5977 0.00012818
5978 5977 0.00012818
1658 5983 0.00022099
5747 5983 0.00022099
5907 5983 0.00022099
5984 5983 0.00022099
5897 5984 0.0010134
5900 5984 0.0010134
5983 5984 0.0010134
2349 5985 0.0011703
5903 5985 0.0011703
5986 5985 0.0011703
7105 5985 0.0011703
3319 5986 0.66516
5985 5986 0.66516
7093 5986 0.66516
7095 5986 0.66516
548 6225 0.00096304
6226 6225 0.00096304
6227 6225 0.00096304
6230 6225 0.00096304
3333 6226 0.0094731
3336 6226 0.0094731
6225 6226 0.0094731
3907 6227 0.0009028
4019 6227 0.0009028
6228 6227 0.0009028
6358 6227 0.0009028
548 6228 0.026756
6226 6228 0.026756
6227 6228 0.026756
6230 6228 0.026756
548 6229 0.0041587
6226 6229 0.0041587
6227 6229 0.0041587
6230 6229 0.0041587
6229 6230 0.13112
6979 6230 0.13112
7063 6230 0.13112
6231 6232 0.00021963
6234 6232 0.00021963
6354 6232 0.00021963
3122 6234 0.0002208
5270 6234 0.0002208
6233 6234 0.0002208
2071 6237 0.00079638
6238 6237 0.00079638
6239 6237 0.00079638
996 6238 0.0010068
3119 6238 0.0010068
4790 6238 0.0010068
6237 6238 0.0010068
4789 6239 0.0002149
6240 6239 0.0002149
6365 6239 0.0002149
2071 6240 0.0011416
6238 6240 0.0011416
6239 6240 0.0011416
4020 6352 0.00022126
6232 6352 0.00022126
6351 6352 0.00022126
950 6357 0.0002911
6352 6357 0.0002911
6353 6357 0.0002911
6356 6357 0.0002911
995 6358 0.00034622
6359 6358 0.00034622
6360 6358 0.00034622
3907 6359 0.0057284
4019 6359 0.0057284
6228 6359 0.0057284
6358 6359 0.0057284
6357 6360 0.00023988
6361 6360 0.00023988
995 6361 0.0011721
6359 6361 0.0011721
6360 6361 0.0011721
6357 6362 0.0011891
6361 6362 0.0011891
4789 6366 0.0019404
6240 6366 0.0019404
6365 6366 0.0019404
2364 6368 0.0001359
2367 6368 0.0001359
6366 6368 0.0001359
6367 6368 0.0001359
5956 6385 0.00012089
6386 6385 0.00012089
6387 6385 0.00012089
946 6706 0.00085632
6707 6706 0.00085632
4218 6725 0.00047583
6706 6725 0.00047583
6724 6725 0.00047583
4217 6726 0.00038802
6727 6726 0.00038802
6880 6737 0.0053566
433 6880 0.0053566
5669 6880 0.0053566
4224 6893 0.00017028
4225 6893 0.00017028
6894 6893 0.00017028
4228 6894 0.00025843
4229 6894 0.00025843
6893 6894 0.00025843
4223 6895 0.00023814
6896 6895 0.00023814
7081 6895 0.00023814
6895 6896 0.12491
7017 6896 0.12491
7084 6896 0.12491
5905 6954 0.00012475
6955 6954 0.00012475
7110 6954 0.00012475
6954 6960 0.00012475
6957 6960 0.00012475
6959 6960 0.00012475
5824 6963 0.0048089
6964 6963 0.0048089
7100 6963 0.0048089
5822 6964 0.0031431
6963 6964 0.0031431
7102 6964 0.0031431
7104 6964 0.0031431
6965 6967 0.0010751
6968 6967 0.0010751
7101 6967 0.0010751
3335 6968 0.0029099
5823 6968 0.0029099
5831 6968 0.0029099
6967 6968 0.0029099
6969 6971 1.2638
6972 6971 1.2638
6975 6971 1.2638
7066 6971 1.2638
6971 6972 0.029582
6974 6972 0.029582
7064 6972 0.029582
6971 6973 1.2448
6974 6973 1.2448
7064 6973 1.2448
6973 6974 0.0064069
6976 6974 0.0064069
6978 6974 0.0064069
6973 6975 0.35637
6976 6975 0.35637
6978 6975 0.35637
6969 6976 0.063424
6972 6976 0.063424
6975 6976 0.063424
7066 6976 0.063424
6973 6977 0.95849
6976 6977 0.95849
6978 6977 0.95849
3320 6978 0.013081
6977 6978 0.013081
7096 6978 0.013081
6980 6979 0.14897
7065 6979 0.14897
7098 6979 0.14897
6229 6980 0.017857
6979 6980 0.017857
7063 6980 0.017857
6982 6981 0.015844
6984 6981 0.015844
6986 6981 0.015844
6981 6982 0.0016775
6990 6982 0.0016775
6982 6983 0.0052356
6984 6983 0.0052356
6986 6983 0.0052356
3318 6984 0.033565
6983 6984 0.033565
7092 6984 0.033565
6982 6985 0.021947
6984 6985 0.021947
6986 6985 0.021947
6985 6986 0.0077837
6988 6986 0.0077837
6989 6986 0.0077837
6985 6987 0.032888
6988 6987 0.032888
6989 6987 0.032888
6987 6988 0.004558
6992 6988 0.004558
6994 6988 0.004558
6981 6989 0.015844
6990 6989 0.015844
6985 6990 0.0016775
6988 6990 0.0016775
6989 6990 0.0016775
6987 6991 0.024401
6992 6991 0.024401
6994 6991 0.024401
6991 6992 0.0020206
6995 6992 0.0020206
7000 6992 0.0020206
6987 6993 0.018572
6992 6993 0.018572
6994 6993 0.018572
6993 6994 0.012623
6996 6994 0.012623
6998 6994 0.012623
7001 6994 0.012623
6993 6995 0.0055847
6996 6995 0.0055847
6998 6995 0.0055847
7001 6995 0.0055847
6991 6996 0.021378
6995 6996 0.021378
7000 6996 0.021378
6993 6997 0.035524
6996 6997 0.035524
6998 6997 0.035524
7001 6997 0.035524
6997 6998 0.0071947
7090 6998 0.0071947
7091 6998 0.0071947
6991 6999 0.0077861
6995 6999 0.0077861
7000 6999 0.0077861
6999 7000 0.0011992
7002 7000 0.0011992
7004 7000 0.0011992
6999 7001 0.0077861
7002 7001 0.0077861
7004 7001 0.0077861
6993 7002 0.0011992
6996 7002 0.0011992
6998 7002 0.0011992
7001 7002 0.0011992
2366 7005 0.00085796
7006 7005 0.00085796
7086 7005 0.00085796
3316 7006 0.00067872
7005 7006 0.00067872
7008 7006 0.00067872
7088 7006 0.00067872
6895 7016 0.73044
7017 7016 0.73044
7084 7016 0.73044
7016 7017 0.0012021
7019 7017 0.0012021
7026 7017 0.0012021
4811 7019 0.12485
7018 7019 0.12485
7082 7019 0.12485
7021 7020 0.035364
7023 7020 0.035364
7025 7020 0.035364
7036 7020 0.035364
7020 7021 0.040511
7032 7021 0.040511
7035 7021 0.040511
7021 7022 0.033061
7023 7022 0.033061
7025 7022 0.033061
7036 7022 0.033061
7022 7023 0.024859
7029 7023 0.024859
7031 7023 0.024859
7033 7023 0.024859
7021 7024 0.086637
7023 7024 0.086637
7025 7024 0.086637
7036 7024 0.086637
7024 7025 0.032623
7027 7025 0.032623
7077 7025 0.032623
7080 7025 0.032623
7024 7026 0.14658
7027 7026 0.14658
7077 7026 0.14658
7080 7026 0.14658
7016 7027 0.00058246
7019 7027 0.00058246
7026 7027 0.00058246
7022 7030 0.001498
7029 7030 0.001498
7031 7030 0.001498
7033 7030 0.001498
1230 7031 0.048333
7030 7031 0.048333
7078 7031 0.048333
7022 7032 0.060686
7029 7032 0.060686
7031 7032 0.060686
7033 7032 0.060686
7020 7033 0.0056495
7032 7033 0.0056495
7035 7033 0.0056495
7020 7034 0.060446
7032 7034 0.060446
7035 7034 0.060446
7034 7035 0.010555
7037 7035 0.010555
7039 7035 0.010555
7034 7036 0.069376
7037 7036 0.069376
7039 7036 0.069376
7021 7037 0.012306
7023 7037 0.012306
7025 7037 0.012306
7036 7037 0.012306
7034 7038 0.027606
7037 7038 0.027606
7039 7038 0.027606
7038 7039 0.034786
7041 7039 0.034786
7043 7039 0.034786
7038 7040 0.027563
7041 7040 0.027563
7043 7040 0.027563
1227 7041 0.034898
7040 7041 0.034898
7075 7041 0.034898
7079 7041 0.034898
7038 7042 0.00019616
7041 7042 0.00019616
7043 7042 0.00019616
7042 7044 0.00019616
7045 7044 0.00019616
7044 7046 0.00019616
7047 7046 0.00019616
7046 7048 0.00019616
7049 7048 0.00019616
7048 7050 0.00019616
7051 7050 0.00019616
7050 7052 0.00019616
7053 7052 0.00019616
7052 7054 0.00019616
7055 7054 0.00019616
6971 7063 0.098878
6974 7063 0.098878
7064 7063 0.098878
6229 7064 0.10304
6979 7064 0.10304
7063 7064 0.10304
6969 7065 0.12217
6972 7065 0.12217
6975 7065 0.12217
7066 7065 0.12217
6980 7066 0.06342
7065 7066 0.06342
7098 7066 0.06342
2342 7073 0.0002586
7057 7073 0.0002586
7074 7073 0.0002586
4227 7074 0.00017046
5937 7074 0.00017046
7073 7074 0.00017046
1653 7075 0.0058266
7054 7075 0.0058266
7076 7075 0.0058266
1227 7076 0.0010621
7040 7076 0.0010621
7075 7076 0.0010621
7079 7076 0.0010621
1230 7077 0.001498
7030 7077 0.001498
7078 7077 0.001498
7024 7078 0.048333
7027 7078 0.048333
7077 7078 0.048333
7080 7078 0.048333
7024 7079 0.00068325
7027 7079 0.00068325
7077 7079 0.00068325
7080 7079 0.00068325
1227 7080 0.13951
7040 7080 0.13951
7075 7080 0.13951
7079 7080 0.13951
4223 7082 0.12485
6896 7082 0.12485
7081 7082 0.12485
3790 7084 0.85391
3794 7084 0.85391
7083 7084 0.85391
2366 7085 0.0035956
7006 7085 0.0035956
7086 7085 0.0035956
3316 7087 0.0017564
7005 7087 0.0017564
7008 7087 0.0017564
7088 7087 0.0017564
2351 7088 0.0001259
4656 7088 0.0001259
7014 7088 0.0001259
7087 7088 0.0001259
6997 7089 0.33233
7090 7089 0.33233
7091 7089 0.33233
3317 7090 0.0002298
5238 7090 0.0002298
7089 7090 0.0002298
3318 7091 0.31249
6983 7091 0.31249
7092 7091 0.31249
6997 7092 0.0087143
7090 7092 0.0087143
7091 7092 0.0087143
547 7093 0.13438
2073 7093 0.13438
7094 7093 0.13438
3319 7094 0.0025615
5985 7094 0.0025615
7093 7094 0.0025615
7095 7094 0.0025615
3320 7095 0.88234
6977 7095 0.88234
7096 7095 0.88234
3319 7096 0.018068
5985 7096 0.018068
7093 7096 0.018068
7095 7096 0.018068
6980 7097 0.028103
7065 7097 0.028103
7098 7097 0.028103
3321 7098 0.10047
3322 7098 0.10047
7097 7098 0.10047
5824 7099 0.00098061
6964 7099 0.00098061
7100 7099 0.00098061
3325 7100 0.0082488
3326 7100 0.0082488
7099 7100 0.0082488
5822 7101 0.0010751
6963 7101 0.0010751
7102 7101 0.0010751
7104 7101 0.0010751
6965 7102 0.0029099
6968 7102 0.0029099
7101 7102 0.0029099
5822 7103 0.0069475
6963 7103 0.0069475
7102 7103 0.0069475
7104 7103 0.0069475
3323 7104 0.0081894
3324 7104 0.0081894
7103 7104 0.0081894
6961 7105 0.00026415
7106 7105 0.00026415
7107 7105 0.00026415
2346 7107 0.00026415
6960 7107 0.00026415
7108 7107 0.00026415
719 7110 0.00018294
5908 7110 0.00018294
7109 7110 0.00018294
7117 7116 0.0039247
1226 7117 0.0039247
1536 7117 0.0039247
4200 7117 0.0039247
6726 7152 0.00038802
7153 7152 0.00038802
5740 7218 0.017383
7219 7218 0.017383
5241 7219 0.00036255
5738 7219 0.00036255
7218 7219 0.00036255
942 7253 0.0029132
945 7253 0.0029132
5898 7253 0.0029132
7252 7253 0.0029132
2329 7255 0.00027315
5896 7255 0.00027315
7254 7255 0.00027315
7258 7255 0.00027315
2328 7256 0.0027684
7257 7256 0.0027684
2326 7258 0.00012399
7259 7258 0.00012399
