87 88 0.00011016
3728 88 0.00011016
3729 88 0.00011016
91 92 0.00018966
3732 92 0.00018966
3733 92 0.00018966
98 97 0.0002744
3704 97 0.0002744
3705 97 0.0002744
134 133 0.00014668
3708 133 0.00014668
3709 133 0.00014668
133 134 0.00079707
3052 134 0.00079707
97 411 0.0002744
412 411 0.0002744
6566 411 0.0002744
414 416 0.00012815
415 416 0.00012815
417 416 0.00012815
402 417 0.00011752
403 417 0.00011752
418 417 0.00011752
419 417 0.00011752
428 427 0.00071975
429 427 0.00071975
3089 427 0.00071975
5680 427 0.00071975
427 428 0.0055354
431 428 0.0055354
3097 428 0.0055354
2279 431 0.00030606
5674 431 0.00030606
7273 431 0.00030606
427 432 0.00040247
431 432 0.00040247
3097 432 0.00040247
5835 433 0.013054
548 547 0.070929
6226 547 0.070929
6227 547 0.070929
6230 547 0.070929
547 548 0.012628
2073 548 0.012628
7094 548 0.012628
5260 723 0.29964
723 724 0.28021
6920 724 0.28021
88 774 0.00013456
90 774 0.00013456
773 774 0.00013456
6568 774 0.00013456
774 776 0.00013456
775 776 0.00013456
948 950 0.010704
951 950 0.010704
6355 950 0.010704
950 951 0.0043978
6352 951 0.0043978
6353 951 0.0043978
6356 951 0.0043978
995 994 0.020104
6359 994 0.020104
6360 994 0.020104
994 995 0.02
997 995 0.02
2076 995 0.02
2077 995 0.02
994 996 0.016502
997 996 0.016502
2076 996 0.016502
2077 996 0.016502
996 997 0.0155
3119 997 0.0155
4790 997 0.0155
6237 997 0.0155
434 1126 0.00014385
5089 1126 0.00014385
432 1127 0.026849
5692 1127 0.026849
6874 1128 0.27126
5085 1129 0.001508
5267 1129 0.001508
1528 1530 0.006521
1531 1530 0.006521
3303 1530 0.006521
1530 1531 0.0034984
1533 1531 0.0034984
2850 1531 0.0034984
1530 1532 0.00063373
1533 1532 0.00063373
2850 1532 0.00063373
1532 1533 0.00055445
2851 1533 0.00055445
3339 1533 0.00055445
1566 1568 0.00013013
1569 1568 0.00013013
5716 1568 0.00013013
1568 1570 0.0043773
1571 1570 0.0043773
3699 1570 0.0043773
1570 1572 0.00052488
1573 1572 0.00052488
3092 1572 0.00052488
408 1574 0.00052488
1575 1574 0.00052488
7224 1574 0.00052488
1574 1576 0.00071171
1577 1576 0.00071171
6571 1576 0.00071171
1578 1580 0.00012973
1581 1580 0.00012973
4558 1580 0.00012973
1659 1660 0.02167
3213 1660 0.02167
4560 1660 0.02167
1662 1661 0.00049564
3657 1661 0.00049564
3660 1661 0.00049564
1661 1663 0.00033019
1664 1663 0.00033019
6204 1663 0.00033019
1663 1665 0.00029512
1666 1665 0.00029512
6183 1665 0.00029512
1665 1667 0.00029528
1668 1667 0.00029528
6198 1667 0.00029528
1670 1669 0.0004213
6171 1669 0.0004213
7226 1669 0.0004213
1669 1671 0.0004213
1672 1671 0.0004213
6169 1671 0.0004213
1671 1673 0.00090444
1674 1673 0.00090444
3202 1673 0.00090444
1676 1675 0.0004692
2854 1675 0.0004692
3661 1675 0.0004692
1675 1676 0.00012007
3203 1676 0.00012007
6201 1676 0.00012007
1972 1971 0.00010414
3706 1971 0.00010414
3707 1971 0.00010414
3736 1971 0.00010414
1976 1975 0.033621
6155 1975 0.033621
6617 1975 0.033621
2072 2071 0.0050291
2074 2071 0.0050291
2075 2071 0.0050291
3906 2071 0.0050291
2071 2072 0.025053
6238 2072 0.025053
6239 2072 0.025053
2072 2073 0.2039
2074 2073 0.2039
2075 2073 0.2039
3906 2073 0.2039
547 2074 0.00077949
2073 2074 0.00077949
7094 2074 0.00077949
994 2075 0.1233
997 2075 0.1233
2076 2075 0.1233
2077 2075 0.1233
2072 2076 0.0051834
2074 2076 0.0051834
2075 2076 0.0051834
3906 2076 0.0051834
2078 2077 0.12609
2358 2077 0.12609
2361 2077 0.12609
6371 2077 0.12609
994 2078 0.0070834
997 2078 0.0070834
2076 2078 0.0070834
2077 2078 0.0070834
2134 2136 0.00068784
2137 2136 0.00068784
6215 2136 0.00068784
724 2146 0.94692
2147 2146 0.94692
6794 2146 0.94692
2149 2148 0.66799
7287 2148 0.66799
2148 2149 0.001329
6795 2149 0.001329
2151 2150 0.96631
3649 2150 0.96631
3652 2150 0.96631
6823 2150 0.96631
2349 2348 0.0028302
5903 2348 0.0028302
5986 2348 0.0028302
7105 2348 0.0028302
2348 2349 0.0065947
5239 2349 0.0065947
5739 2349 0.0065947
2351 2350 0.00063865
4656 2350 0.00063865
7014 2350 0.00063865
7087 2350 0.00063865
2350 2351 0.092153
5671 2351 0.092153
5836 2351 0.092153
2353 2352 0.20759
3337 2352 0.20759
2352 2353 0.00041161
2355 2353 0.00041161
5269 2353 0.00041161
2352 2354 0.2156
2355 2354 0.2156
5269 2354 0.2156
2354 2356 0.12678
2357 2356 0.12678
2356 2357 0.0012721
2359 2357 0.0012721
6362 2357 0.0012721
7160 2357 0.0012721
2356 2358 0.1414
2359 2358 0.1414
6362 2358 0.1414
7160 2358 0.1414
2078 2359 0.0014087
2358 2359 0.0014087
2361 2359 0.0014087
6371 2359 0.0014087
2078 2360 0.07741
2358 2360 0.07741
2361 2360 0.07741
6371 2360 0.07741
2360 2361 0.0030192
2363 2361 0.0030192
3120 2361 0.0030192
2360 2362 0.061462
2363 2362 0.061462
3120 2362 0.061462
2362 2363 0.0054638
2365 2363 0.0054638
6395 2363 0.0054638
2362 2364 0.073252
2365 2364 0.073252
6395 2364 0.073252
2364 2365 0.0030749
2367 2365 0.0030749
6366 2365 0.0030749
6367 2365 0.0030749
2364 2366 0.15573
2367 2366 0.15573
6366 2366 0.15573
6367 2366 0.15573
2366 2367 0.0040792
7006 2367 0.0040792
7086 2367 0.0040792
1969 2822 0.00010414
1971 2822 0.00010414
2823 2822 0.00010414
1530 2849 0.0067098
1533 2849 0.0067098
2850 2849 0.0067098
600 2850 0.0037665
2849 2850 0.0037665
3344 2850 0.0037665
3345 2850 0.0037665
1676 2853 0.0099292
2854 2853 0.0099292
3661 2853 0.0099292
133 3051 0.00014668
3052 3051 0.00014668
3051 3052 0.00079707
3710 3052 0.00079707
3711 3052 0.00079707
3054 3053 0.00064945
3685 3053 0.00064945
3085 3086 0.01765
3088 3086 0.01765
5398 3086 0.01765
3087 3088 0.017537
7151 3088 0.017537
428 3090 0.015923
429 3090 0.015923
3089 3090 0.015923
5680 3090 0.015923
1570 3091 0.0039319
1573 3091 0.0039319
3092 3091 0.0039319
416 3095 0.0008339
3096 3095 0.0008339
7148 3095 0.0008339
1127 3097 0.0054517
3095 3097 0.0054517
3098 3097 0.0054517
427 3098 0.00053962
431 3098 0.00053962
3097 3098 0.00053962
3105 3106 0.00024094
5399 3106 0.00024094
5963 3106 0.00024094
3107 3109 0.0021818
3110 3109 0.0021818
3309 3109 0.0021818
3310 3109 0.0021818
3109 3111 0.0033992
3112 3111 0.0033992
3313 3111 0.0033992
3314 3111 0.0033992
3111 3113 0.0022766
3114 3113 0.0022766
6382 3113 0.0022766
6383 3113 0.0022766
3113 3115 0.0012639
3116 3115 0.0012639
6106 3115 0.0012639
3118 3117 0.0043709
6390 3117 0.0043709
6391 3117 0.0043709
3117 3118 0.0020816
5957 3118 0.0020816
6368 3118 0.0020816
6369 3118 0.0020816
2360 3119 0.026796
2363 3119 0.026796
3120 3119 0.026796
996 3120 0.008404
3119 3120 0.008404
4790 3120 0.008404
6237 3120 0.008404
3122 3121 0.0016005
5270 3121 0.0016005
6233 3121 0.0016005
3121 3122 0.10621
3328 3122 0.10621
3329 3122 0.10621
3124 3123 0.027382
3307 3123 0.027382
3308 3123 0.027382
3637 3123 0.027382
3123 3124 0.00015158
3126 3124 0.00015158
3312 3124 0.00015158
3123 3125 0.026121
3126 3125 0.026121
3312 3125 0.026121
3125 3126 0.00012216
3128 3126 0.00012216
5949 3126 0.00012216
3125 3127 0.023332
3128 3127 0.023332
5949 3127 0.023332
3127 3128 0.0001081
3130 3128 0.0001081
6380 3128 0.0001081
6381 3128 0.0001081
3127 3129 0.014493
3130 3129 0.014493
6380 3129 0.014493
6381 3129 0.014493
3129 3130 0.00021696
3132 3130 0.00021696
6105 3130 0.00021696
6108 3130 0.00021696
3129 3131 0.010859
3132 3131 0.010859
6105 3131 0.010859
6108 3131 0.010859
3131 3132 0.00028516
3134 3132 0.00028516
6402 3132 0.00028516
6403 3132 0.00028516
3131 3133 0.0093472
3134 3133 0.0093472
6402 3133 0.0093472
6403 3133 0.0093472
3133 3134 0.00067764
5955 3134 0.00067764
6394 3134 0.00067764
3136 3135 0.0068176
3305 3135 0.0068176
3306 3135 0.0068176
3135 3136 0.00063363
5948 3136 0.00063363
5953 3136 0.00063363
3138 3137 0.0021652
5832 3137 0.0021652
6422 3137 0.0021652
3137 3138 0.039951
3302 3138 0.039951
3338 3138 0.039951
3140 3139 0.0052551
6372 3139 0.0052551
6373 3139 0.0052551
6407 3139 0.0052551
3139 3140 0.0043832
3910 3140 0.0043832
6112 3140 0.0043832
3142 3141 0.01276
6414 3141 0.01276
6415 3141 0.01276
3141 3142 0.00049609
3144 3142 0.00049609
4787 3142 0.00049609
3141 3143 0.011353
3144 3143 0.011353
4787 3143 0.011353
3143 3144 0.0014835
3146 3144 0.0014835
6374 3144 0.0014835
6375 3144 0.0014835
3143 3145 0.0079568
3146 3145 0.0079568
6374 3145 0.0079568
6375 3145 0.0079568
3145 3146 0.0016005
3148 3146 0.0016005
3911 3146 0.0016005
6109 3146 0.0016005
3145 3147 0.006074
3148 3147 0.006074
3911 3147 0.006074
6109 3147 0.006074
3147 3148 0.00077194
5951 3148 0.00077194
6398 3148 0.00077194
6399 3148 0.00077194
1675 3202 0.00048456
3203 3202 0.00048456
6201 3202 0.00048456
1673 3204 0.00090444
3205 3204 0.00090444
6167 3204 0.00090444
3207 3206 0.0005278
4559 3206 0.0005278
4562 3206 0.0005278
3209 3208 0.00015773
3211 3208 0.00015773
4561 3208 0.00015773
3212 3213 0.022371
3651 3213 0.022371
3654 3213 0.022371
2136 3221 0.00057709
2853 3221 0.00057709
3220 3221 0.00057709
6166 3221 0.00057709
1528 3302 0.0034984
1531 3302 0.0034984
3303 3302 0.0034984
3137 3303 0.006521
3302 3303 0.006521
3338 3303 0.006521
3136 3304 0.0065605
3305 3304 0.0065605
3306 3304 0.0065605
3304 3305 0.0021266
6420 3305 0.0021266
6421 3305 0.0021266
3124 3306 0.011484
3307 3306 0.011484
3308 3306 0.011484
3637 3306 0.011484
3136 3307 0.00086572
3305 3307 0.00086572
3306 3307 0.00086572
3124 3309 0.0021818
3307 3309 0.0021818
3308 3309 0.0021818
3637 3309 0.0021818
3109 3312 0.00050039
3112 3312 0.00050039
3313 3312 0.00050039
3314 3312 0.00050039
3123 3313 0.0017323
3126 3313 0.0017323
3312 3313 0.0017323
3316 3317 0.37352
7005 3317 0.37352
7008 3317 0.37352
7088 3317 0.37352
3319 3318 0.61867
5985 3318 0.61867
7093 3318 0.61867
7095 3318 0.61867
3318 3319 0.0035402
6983 3319 0.0035402
7092 3319 0.0035402
3321 3320 0.24935
3322 3320 0.24935
7097 3320 0.24935
3320 3321 0.039403
6977 3321 0.039403
7096 3321 0.039403
3323 3322 0.27324
3324 3322 0.27324
7103 3322 0.27324
3321 3323 0.0070307
3322 3323 0.0070307
7097 3323 0.0070307
3325 3324 0.25588
3326 3324 0.25588
7099 3324 0.25588
3323 3325 0.014586
3324 3325 0.014586
7103 3325 0.014586
2753 3326 0.28798
3327 3326 0.28798
5237 3326 0.28798
3325 3327 0.00040434
3326 3327 0.00040434
7099 3327 0.00040434
2353 3328 0.40828
3337 3328 0.40828
3332 3331 0.00047625
3334 3331 0.00047625
3331 3332 0.0047196
5827 3332 0.0047196
5829 3332 0.0047196
3332 3333 0.0047196
3334 3333 0.0047196
3333 3334 0.00047625
3336 3334 0.00047625
6225 3334 0.00047625
3333 3335 0.0054945
3336 3335 0.0054945
6225 3335 0.0054945
3335 3336 0.022624
5823 3336 0.022624
5831 3336 0.022624
6967 3336 0.022624
3137 3337 0.61546
3302 3337 0.61546
3338 3337 0.61546
3343 3338 0.65627
3639 3338 0.65627
3962 3338 0.65627
3340 3339 0.00055445
3342 3339 0.00055445
3960 3339 0.00055445
1532 3340 0.00063373
2851 3340 0.00063373
3339 3340 0.00063373
3340 3341 0.00063373
3342 3341 0.00063373
3960 3341 0.00063373
3341 3342 0.00055445
3346 3342 0.00055445
4684 3342 0.00055445
600 3343 0.0099585
2849 3343 0.0099585
3344 3343 0.0099585
3345 3343 0.0099585
3343 3344 0.0039666
3639 3344 0.0039666
3962 3344 0.0039666
3341 3345 0.0034599
3346 3345 0.0034599
4684 3345 0.0034599
600 3346 0.00041137
2849 3346 0.00041137
3344 3346 0.00041137
3345 3346 0.00041137
73 3347 0.0029282
3348 3347 0.0029282
3349 3347 0.0029282
3350 3349 0.0029282
3351 3349 0.0029282
3363 3349 0.0029282
3352 3351 0.0027317
3366 3351 0.0027317
3691 3351 0.0027317
3364 3363 0.00020362
3365 3363 0.00020362
3367 3363 0.00020362
3364 3366 0.00017299
3365 3366 0.00017299
3367 3366 0.00017299
3368 3367 0.0003444
3369 3367 0.0003444
3665 3367 0.0003444
3368 3370 0.00015392
3369 3370 0.00015392
3665 3370 0.00015392
3638 3637 0.040157
3640 3637 0.040157
5268 3637 0.040157
3124 3638 0.00015222
3307 3638 0.00015222
3308 3638 0.00015222
3637 3638 0.00015222
3638 3639 0.00054589
3640 3639 0.00054589
5268 3639 0.00054589
3343 3640 0.048594
3639 3640 0.048594
3962 3640 0.048594
3647 3649 1
3650 3649 1
2151 3651 0.034693
3649 3651 0.034693
3652 3651 0.034693
6823 3651 0.034693
3212 3652 0.0010197
3651 3652 0.0010197
3654 3652 0.0010197
3212 3653 0.012538
3651 3653 0.012538
3654 3653 0.012538
3653 3654 0.001155
3656 3654 0.001155
6210 3654 0.001155
3653 3655 0.0099781
3656 3655 0.0099781
6210 3655 0.0099781
3655 3656 0.001158
3658 3656 0.001158
6205 3656 0.001158
3655 3657 0.01139
3658 3657 0.01139
6205 3657 0.01139
1662 3659 0.01095
3657 3659 0.01095
3660 3659 0.01095
3659 3661 0.010276
3662 3661 0.010276
6218 3661 0.010276
3666 3665 0.00045747
3667 3665 0.00045747
5843 3665 0.00045747
3668 3667 0.00051652
3669 3667 0.00051652
6478 3667 0.00051652
3670 3669 0.00010888
3679 3669 0.00010888
5851 3669 0.00010888
3668 3670 0.00016357
3669 3670 0.00016357
6478 3670 0.00016357
3671 3672 0.00012125
5854 3672 0.00012125
3672 3674 0.00017218
3673 3674 0.00017218
3675 3674 0.00017218
3680 3679 0.00018246
3681 3679 0.00018246
3689 3679 0.00018246
6479 3679 0.00018246
3670 3680 0.00012385
3679 3680 0.00012385
5851 3680 0.00012385
3053 3681 0.00075039
3682 3681 0.00075039
3683 3681 0.00075039
3684 3683 0.0006948
3686 3683 0.0006948
3687 3683 0.0006948
3053 3684 0.00059153
3682 3684 0.00059153
3683 3684 0.00059153
3684 3685 0.00064945
3686 3685 0.00064945
3687 3685 0.00064945
3688 3687 0.0012874
3714 3687 0.0012874
3715 3687 0.0012874
3684 3688 0.00060733
3686 3688 0.00060733
3687 3688 0.00060733
3370 3691 0.0025897
3692 3691 0.0025897
3693 3691 0.0025897
3694 3693 0.0024719
3695 3693 0.0024719
6563 3693 0.0024719
3674 3695 0.002413
3696 3695 0.002413
3697 3695 0.002413
3642 3697 0.0022588
3698 3697 0.0022588
3716 3697 0.0022588
781 3699 0.0042502
3700 3699 0.0042502
3701 3699 0.0042502
553 3701 0.0043188
3702 3701 0.0043188
3703 3701 0.0043188
98 3703 0.004285
3704 3703 0.004285
3705 3703 0.004285
1972 3705 0.0044873
3706 3705 0.0044873
3707 3705 0.0044873
3736 3705 0.0044873
134 3707 0.0047646
3708 3707 0.0047646
3709 3707 0.0047646
3051 3709 0.0045257
3710 3709 0.0045257
3711 3709 0.0045257
134 3710 0.00045371
3708 3710 0.00045371
3709 3710 0.00045371
2146 3711 0.0052761
3712 3711 0.0052761
4663 3711 0.0052761
7113 3711 0.0052761
3051 3712 0.00055371
3710 3712 0.00055371
3711 3712 0.00055371
3688 3713 0.00061341
3714 3713 0.00061341
3715 3713 0.00061341
3713 3714 0.0035403
6921 3714 0.0035403
7114 3714 0.0035403
3688 3716 0.0022586
3714 3716 0.0022586
3715 3716 0.0022586
373 3729 0.00016559
3730 3729 0.00016559
3731 3729 0.00016559
91 3731 0.00016697
3732 3731 0.00016697
3733 3731 0.00016697
411 3733 0.00034863
3734 3733 0.00034863
3735 3733 0.00034863
1972 3735 0.00038623
3706 3735 0.00038623
3707 3735 0.00038623
3736 3735 0.00038623
411 3736 0.00023821
3734 3736 0.00023821
3735 3736 0.00023821
3907 3906 0.083697
4019 3906 0.083697
6228 3906 0.083697
6358 3906 0.083697
2072 3907 0.018711
2074 3907 0.018711
2075 3907 0.018711
3906 3907 0.018711
3909 3908 0.0015964
6113 3908 0.0015964
6400 3908 0.0015964
6401 3908 0.0015964
3908 3909 0.00079288
6392 3909 0.00079288
6393 3909 0.00079288
3145 3910 0.0052144
3148 3910 0.0052144
3911 3910 0.0052144
6109 3910 0.0052144
3139 3911 0.00085669
3910 3911 0.00085669
6112 3911 0.00085669
3951 3950 0.00056706
6079 3950 0.00056706
6082 3950 0.00056706
4685 3962 0.69832
5086 3962 0.69832
1129 3964 0.0002428
3963 3964 0.0002428
4020 4019 0.15637
6232 4019 0.15637
6351 4019 0.15637
3907 4020 0.0020017
4019 4020 0.0020017
6228 4020 0.0020017
6358 4020 0.0020017
92 4558 0.00012973
4557 4558 0.00012973
6569 4558 0.00012973
1659 4559 0.00075795
3213 4559 0.00075795
4560 4559 0.00075795
3207 4561 0.00024468
4559 4561 0.00024468
4562 4561 0.00024468
4657 4656 0.017903
5663 4656 0.017903
5665 4656 0.017903
6737 4659 0.015261
2146 4662 0.95866
3712 4662 0.95866
4663 4662 0.95866
7113 4662 0.95866
3347 4684 0.002971
3354 4684 0.002971
4683 4684 0.002971
1685 4784 0.00025614
4783 4784 0.00025614
6151 4784 0.00025614
6154 4784 0.00025614
4788 4787 0.0019884
6408 4787 0.0019884
6409 4787 0.0019884
3141 4788 0.0043835
3144 4788 0.0043835
4787 4788 0.0043835
996 4789 0.01026
3119 4789 0.01026
4790 4789 0.01026
6237 4789 0.01026
4789 4790 0.0069884
6240 4790 0.0069884
6365 4790 0.0069884
4659 5064 0.015266
5065 5064 0.015266
4685 5085 0.26186
5086 5085 0.26186
5087 5086 0.96011
5271 5086 0.96011
1129 5087 0.0012822
3963 5087 0.0012822
7272 5088 0.020548
7274 5088 0.020548
5090 5089 0.00014234
5091 5090 0.13702
5838 5090 0.13702
1128 5091 0.29185
5092 5091 0.29185
5093 5092 0.020594
5088 5093 0.020611
5094 5093 0.020611
3121 5237 0.30367
3328 5237 0.30367
3329 5237 0.30367
2348 5238 0.014938
5239 5238 0.014938
5739 5238 0.014938
3317 5239 0.003548
5238 5239 0.003548
7089 5239 0.003548
5064 5241 0.015261
5240 5241 0.015261
2149 5260 0.29964
7287 5260 0.29964
3638 5267 0.01091
3640 5267 0.01091
5268 5267 0.01091
3138 5268 0.0028661
5832 5268 0.0028661
6422 5268 0.0028661
3122 5269 0.010163
5270 5269 0.010163
6233 5269 0.010163
2753 5270 0.016087
3327 5270 0.016087
5237 5270 0.016087
3964 5271 0.9589
6738 5271 0.9589
3105 5398 0.00019848
5399 5398 0.00019848
5963 5398 0.00019848
5666 5665 0.017903
5667 5665 0.017903
3086 5667 0.017905
5668 5667 0.017905
5964 5667 0.017905
2350 5669 0.0022073
5671 5669 0.0022073
5836 5669 0.0022073
2350 5670 0.061787
5671 5670 0.061787
5836 5670 0.061787
5670 5671 0.031689
6385 5671 0.031689
7085 5671 0.031689
3090 5674 0.00048796
5675 5674 0.00048796
5676 5674 0.00048796
7150 5674 0.00048796
2279 5675 0.0024716
5674 5675 0.0024716
7273 5675 0.0024716
3090 5677 0.00036852
5675 5677 0.00036852
5676 5677 0.00036852
7150 5677 0.00036852
3094 5680 0.011106
5681 5680 0.011106
5683 5680 0.011106
1975 5683 0.011043
3091 5683 0.011043
5682 5683 0.011043
5693 5683 0.011043
1975 5692 0.026481
3091 5692 0.026481
5682 5692 0.026481
5693 5692 0.026481
110 5716 0.00013013
5717 5716 0.00013013
6560 5716 0.00013013
5241 5739 0.015194
5738 5739 0.015194
7218 5739 0.015194
5740 5741 0.00012176
7219 5741 0.00012176
4205 5743 0.00011903
5741 5743 0.00011903
5742 5743 0.00011903
4213 5745 0.00013109
5743 5745 0.00013109
5744 5745 0.00013109
3335 5822 0.020857
5823 5822 0.020857
5831 5822 0.020857
6967 5822 0.020857
5822 5823 0.02211
6963 5823 0.02211
7102 5823 0.02211
7104 5823 0.02211
5825 5824 0.0015914
5826 5824 0.0015914
5830 5824 0.0015914
5824 5825 0.029372
6964 5825 0.029372
7100 5825 0.029372
3331 5826 0.00047625
5827 5826 0.00047625
5829 5826 0.00047625
5825 5827 0.0047196
5826 5827 0.0047196
5830 5827 0.0047196
3335 5830 0.0032632
5823 5830 0.0032632
5831 5830 0.0032632
6967 5830 0.0032632
5825 5831 0.0268
5826 5831 0.0268
5830 5831 0.0268
2352 5832 0.0018447
2355 5832 0.0018447
5269 5832 0.0018447
6877 5835 0.13687
5835 5836 0.12382
5091 5837 0.15517
5838 5837 0.15517
5837 5838 0.00033252
6927 5838 0.00033252
7069 5838 0.00033252
7112 5838 0.00033252
3670 5852 0.00012125
3679 5852 0.00012125
5851 5852 0.00012125
5852 5854 0.00012125
5853 5854 0.00012125
1655 5903 0.00023355
5745 5903 0.00023355
5901 5903 0.00023355
5904 5903 0.00023355
2349 5904 0.00013388
5903 5904 0.00013388
5986 5904 0.00013388
7105 5904 0.00013388
3125 5948 0.0038557
3128 5948 0.0038557
5949 5948 0.0038557
3135 5949 0.0010811
5948 5949 0.0010811
5953 5949 0.0010811
3147 5950 0.0021563
5951 5950 0.0021563
6398 5950 0.0021563
6399 5950 0.0021563
5950 5951 0.00085618
6389 5951 0.00085618
6405 5951 0.00085618
3135 5952 0.0094637
5948 5952 0.0094637
5953 5952 0.0094637
5952 5953 0.00050504
6378 5953 0.00050504
6379 5953 0.00050504
3133 5954 0.0093161
5955 5954 0.0093161
6394 5954 0.0093161
5954 5955 0.0020266
6370 5955 0.0020266
6388 5955 0.0020266
7111 5955 0.0020266
3117 5956 0.015457
5957 5956 0.015457
6368 5956 0.015457
6369 5956 0.015457
5956 5957 0.01232
6386 5957 0.01232
6387 5957 0.01232
5677 5963 0.00035303
5678 5963 0.00035303
5962 5963 0.00035303
3103 5964 0.00025612
3106 5964 0.00025612
5965 5964 0.00025612
2349 5985 0.0068278
5903 5985 0.0068278
5986 5985 0.0068278
7105 5985 0.0068278
3319 5986 0.0029561
5985 5986 0.0029561
7093 5986 0.0029561
7095 5986 0.0029561
3221 6082 0.00058262
6081 6082 0.00058262
6213 6082 0.00058262
6592 6082 0.00058262
3113 6105 0.0013762
3116 6105 0.0013762
6106 6105 0.0013762
3129 6106 0.00036413
3132 6106 0.00036413
6105 6106 0.00036413
6108 6106 0.00036413
3129 6107 0.0051171
3132 6107 0.0051171
6105 6107 0.0051171
6108 6107 0.0051171
6107 6108 0.00040332
6110 6108 0.00040332
6114 6108 0.00040332
6107 6109 0.0039146
6110 6109 0.0039146
6114 6109 0.0039146
3145 6110 0.00061107
3148 6110 0.00061107
3911 6110 0.00061107
6109 6110 0.00061107
3139 6111 0.006636
3910 6111 0.006636
6112 6111 0.006636
6111 6112 0.0014063
6396 6112 0.0014063
6397 6112 0.0014063
6406 6112 0.0014063
6107 6113 0.0019423
6110 6113 0.0019423
6114 6113 0.0019423
3909 6114 0.00053196
6113 6114 0.00053196
6400 6114 0.00053196
6401 6114 0.00053196
777 6150 0.00025614
4784 6150 0.00025614
6149 6150 0.00025614
6152 6151 0.00078968
6618 6151 0.00078968
6621 6151 0.00078968
1685 6152 0.00019647
4783 6152 0.00019647
6151 6152 0.00019647
6154 6152 0.00019647
1685 6153 0.00066107
4783 6153 0.00066107
6151 6153 0.00066107
6154 6153 0.00066107
6153 6154 0.00028113
7267 6154 0.00028113
3214 6155 0.011834
6156 6155 0.011834
7264 6155 0.011834
6158 6157 0.011792
7266 6157 0.011792
7268 6157 0.011792
2444 6159 0.011411
6160 6159 0.011411
6161 6159 0.011411
3204 6161 0.011489
6162 6161 0.011489
6163 6161 0.011489
3950 6163 0.010592
6164 6163 0.010592
6165 6163 0.010592
2136 6165 0.010043
2853 6165 0.010043
3220 6165 0.010043
6166 6165 0.010043
3200 6171 0.00012744
6172 6171 0.00012744
6173 6171 0.00012744
3210 6186 0.00011018
6184 6186 0.00011018
6185 6186 0.00011018
3208 6190 0.0001882
6188 6190 0.0001882
6189 6190 0.0001882
6176 6192 0.00017669
6190 6192 0.00017669
6191 6192 0.00017669
3206 6194 0.00064341
6192 6194 0.00064341
6193 6194 0.00064341
1680 6196 0.0006519
6194 6196 0.0006519
6195 6196 0.0006519
1678 6201 0.00017149
6202 6201 0.00017149
6203 6201 0.00017149
1661 6203 0.00017399
1664 6203 0.00017399
6204 6203 0.00017399
6206 6205 0.0028999
6209 6205 0.0028999
6211 6205 0.0028999
3655 6206 0.00033738
3658 6206 0.00033738
6205 6206 0.00033738
3653 6209 0.0028999
3656 6209 0.0028999
6210 6209 0.0028999
6206 6210 0.00033738
6209 6210 0.00033738
6211 6210 0.00033738
6216 6215 0.0006021
6217 6215 0.0006021
6595 6215 0.0006021
3659 6217 0.00068062
3662 6217 0.00068062
6218 6217 0.00068062
548 6225 0.0047219
6226 6225 0.0047219
6227 6225 0.0047219
6230 6225 0.0047219
3333 6226 0.026095
3336 6226 0.026095
6225 6226 0.026095
3907 6227 0.1311
4019 6227 0.1311
6228 6227 0.1311
6358 6227 0.1311
548 6228 0.010543
6226 6228 0.010543
6227 6228 0.010543
6230 6228 0.010543
548 6229 0.10538
6226 6229 0.10538
6227 6229 0.10538
6230 6229 0.10538
6229 6230 0.021755
6979 6230 0.021755
7063 6230 0.021755
4020 6231 0.0061713
6232 6231 0.0061713
6351 6231 0.0061713
6231 6232 0.1104
6234 6232 0.1104
6354 6232 0.1104
6231 6233 0.001819
6234 6233 0.001819
6354 6233 0.001819
3122 6234 0.11235
5270 6234 0.11235
6233 6234 0.11235
2071 6237 0.0047388
6238 6237 0.0047388
6239 6237 0.0047388
996 6238 0.020861
3119 6238 0.020861
4790 6238 0.020861
6237 6238 0.020861
4789 6239 0.0083989
6240 6239 0.0083989
6365 6239 0.0083989
2071 6240 0.0044976
6238 6240 0.0044976
6239 6240 0.0044976
950 6351 0.055363
6352 6351 0.055363
6353 6351 0.055363
6356 6351 0.055363
4020 6352 0.0052199
6232 6352 0.0052199
6351 6352 0.0052199
2354 6353 0.089988
2357 6353 0.089988
948 6354 0.0043978
951 6354 0.0043978
6355 6354 0.0043978
6231 6355 0.010704
6234 6355 0.010704
6354 6355 0.010704
6357 6356 0.00032281
6361 6356 0.00032281
950 6357 0.046474
6352 6357 0.046474
6353 6357 0.046474
6356 6357 0.046474
995 6358 0.045149
6359 6358 0.045149
6360 6358 0.045149
3907 6359 0.013979
4019 6359 0.013979
6228 6359 0.013979
6358 6359 0.013979
6357 6360 0.039961
6361 6360 0.039961
995 6361 0.0086859
6359 6361 0.0086859
6360 6361 0.0086859
6357 6362 0.014876
6361 6362 0.014876
6364 6363 0.0023934
6410 6363 0.0023934
6411 6363 0.0023934
6363 6364 0.0027882
6943 6364 0.0027882
7165 6364 0.0027882
2364 6365 0.01287
2367 6365 0.01287
6366 6365 0.01287
6367 6365 0.01287
4789 6366 0.012241
6240 6366 0.012241
6365 6366 0.012241
3117 6367 0.084389
5957 6367 0.084389
6368 6367 0.084389
6369 6367 0.084389
2364 6368 0.0022871
2367 6368 0.0022871
6366 6368 0.0022871
6367 6368 0.0022871
5954 6369 0.085725
6370 6369 0.085725
6388 6369 0.085725
7111 6369 0.085725
3117 6370 0.0027753
5957 6370 0.0027753
6368 6370 0.0027753
6369 6370 0.0027753
3140 6371 0.055594
6372 6371 0.055594
6373 6371 0.055594
6407 6371 0.055594
2078 6372 0.0021876
2358 6372 0.0021876
2361 6372 0.0021876
6371 6372 0.0021876
3143 6373 0.046246
3146 6373 0.046246
6374 6373 0.046246
6375 6373 0.046246
3140 6374 0.0011164
6372 6374 0.0011164
6373 6374 0.0011164
6407 6374 0.0011164
6376 6375 0.041706
6377 6375 0.041706
6417 6375 0.041706
5952 6377 0.019406
6378 6377 0.019406
6379 6377 0.019406
6376 6378 0.00036471
6377 6378 0.00036471
6417 6378 0.00036471
3127 6379 0.011013
3130 6379 0.011013
6380 6379 0.011013
6381 6379 0.011013
5952 6380 0.00093086
6378 6380 0.00093086
6379 6380 0.00093086
3111 6381 0.0018347
3114 6381 0.0018347
6382 6381 0.0018347
6383 6381 0.0018347
3127 6382 0.00070101
3130 6382 0.00070101
6380 6382 0.00070101
6381 6382 0.00070101
5956 6385 0.082919
6386 6385 0.082919
6387 6385 0.082919
5670 6386 0.00060286
6385 6386 0.00060286
7085 6386 0.00060286
5954 6387 0.079537
6370 6387 0.079537
6388 6387 0.079537
7111 6387 0.079537
5956 6388 0.00035733
6386 6388 0.00035733
6387 6388 0.00035733
3118 6389 0.0016609
6390 6389 0.0016609
6391 6389 0.0016609
5950 6390 0.0017666
6389 6390 0.0017666
6405 6390 0.0017666
3908 6391 0.0035096
6392 6391 0.0035096
6393 6391 0.0035096
3118 6392 0.0013261
6390 6392 0.0013261
6391 6392 0.0013261
3133 6393 0.0028229
5955 6393 0.0028229
6394 6393 0.0028229
3908 6394 0.0014429
6392 6394 0.0014429
6393 6394 0.0014429
6111 6395 0.014899
6396 6395 0.014899
6397 6395 0.014899
6406 6395 0.014899
2362 6396 0.00072018
2365 6396 0.00072018
6395 6396 0.00072018
3147 6397 0.0084415
5951 6397 0.0084415
6398 6397 0.0084415
6399 6397 0.0084415
6111 6398 0.00068641
6396 6398 0.00068641
6397 6398 0.00068641
6406 6398 0.00068641
3909 6399 0.0042908
6113 6399 0.0042908
6400 6399 0.0042908
6401 6399 0.0042908
3147 6400 0.00053764
5951 6400 0.00053764
6398 6400 0.00053764
6399 6400 0.00053764
3131 6401 0.0038277
3134 6401 0.0038277
6402 6401 0.0038277
6403 6401 0.0038277
3909 6402 0.00068146
6113 6402 0.00068146
6400 6402 0.00068146
6401 6402 0.00068146
3115 6403 0.0012639
5959 6403 0.0012639
6404 6403 0.0012639
6111 6405 0.00046413
6396 6405 0.00046413
6397 6405 0.00046413
6406 6405 0.00046413
5950 6406 0.0016585
6389 6406 0.0016585
6405 6406 0.0016585
4788 6407 0.011312
6408 6407 0.011312
6409 6407 0.011312
3140 6408 0.0021635
6372 6408 0.0021635
6373 6408 0.0021635
6407 6408 0.0021635
6364 6409 0.0080313
6410 6409 0.0080313
6411 6409 0.0080313
4788 6410 0.001278
6408 6410 0.001278
6409 6410 0.001278
5834 6411 0.0069629
6412 6411 0.0069629
6413 6411 0.0069629
6364 6412 0.00060439
6410 6412 0.00060439
6411 6412 0.00060439
3142 6413 0.0069629
6414 6413 0.0069629
6415 6413 0.0069629
5834 6414 0.00060439
6412 6414 0.00060439
6413 6414 0.00060439
6416 6415 0.019079
6418 6415 0.019079
6419 6415 0.019079
3142 6416 0.00045626
6414 6416 0.00045626
6415 6416 0.00045626
6416 6417 0.022895
6418 6417 0.022895
6419 6417 0.022895
6376 6418 0.00031879
6377 6418 0.00031879
6417 6418 0.00031879
3304 6419 0.041304
6420 6419 0.041304
6421 6419 0.041304
6416 6420 0.00010556
6418 6420 0.00010556
6419 6420 0.00010556
3138 6421 0.038837
5832 6421 0.038837
6422 6421 0.038837
3304 6422 0.0020726
6420 6422 0.0020726
6421 6422 0.0020726
3680 6478 0.00057995
3681 6478 0.00057995
3689 6478 0.00057995
6479 6478 0.00057995
404 6571 0.00019821
405 6571 0.00019821
6570 6571 0.00019821
6573 6571 0.00019821
1580 6573 0.00022902
1583 6573 0.00022902
6572 6573 0.00022902
6575 6573 0.00022902
776 6575 0.00013456
6574 6575 0.00013456
6150 6617 0.021805
6616 6617 0.021805
6619 6617 0.021805
6152 6619 0.021598
6618 6619 0.021598
6621 6619 0.021598
5718 6621 0.022178
6620 6621 0.022178
6623 6621 0.022178
6622 6623 0.022178
7229 6623 0.022178
6880 6737 0.015261
4662 6738 0.95866
6739 6738 0.95866
2148 6794 0.66799
6795 6794 0.66799
724 6795 0.001329
2147 6795 0.001329
6794 6795 0.001329
2150 6796 0.96631
6797 6796 0.96631
5085 6873 0.27126
5267 6873 0.27126
6873 6874 0.27126
5090 6877 0.13687
433 6880 0.015261
5669 6880 0.015261
3713 6920 0.037175
6921 6920 0.037175
7114 6920 0.037175
723 6921 0.056612
6920 6921 0.056612
6939 6938 0.00085669
7067 6938 0.00085669
7163 6938 0.00085669
7164 6938 0.00085669
6938 6939 0.00068023
6941 6939 0.00068023
6949 6939 0.00068023
6938 6940 0.00017836
6941 6940 0.00017836
6949 6940 0.00017836
6940 6941 0.00091247
6942 6941 0.00091247
6945 6941 0.00091247
6947 6941 0.00091247
6363 6942 0.00091247
6943 6942 0.00091247
7165 6942 0.00091247
6940 6943 0.00017836
6942 6943 0.00017836
6945 6943 0.00017836
6947 6943 0.00017836
6938 6948 0.001114
6941 6948 0.001114
6949 6948 0.001114
6948 6949 0.00020342
6950 6949 0.00020342
6953 6949 0.00020342
6948 6952 0.001114
6950 6952 0.001114
6953 6952 0.001114
6952 6953 0.00020342
7161 6953 0.00020342
7162 6953 0.00020342
5824 6963 0.030075
6964 6963 0.030075
7100 6963 0.030075
5822 6964 0.011566
6963 6964 0.011566
7102 6964 0.011566
7104 6964 0.011566
6965 6967 0.0028953
6968 6967 0.0028953
7101 6967 0.0028953
3335 6968 0.010556
5823 6968 0.010556
5831 6968 0.010556
6967 6968 0.010556
6969 6971 0.073441
6972 6971 0.073441
6975 6971 0.073441
7066 6971 0.073441
6971 6972 0.035045
6974 6972 0.035045
7064 6972 0.035045
6971 6973 0.15577
6974 6973 0.15577
7064 6973 0.15577
6973 6974 0.013039
6976 6974 0.013039
6978 6974 0.013039
6973 6975 0.078484
6976 6975 0.078484
6978 6975 0.078484
6969 6976 0.075638
6972 6976 0.075638
6975 6976 0.075638
7066 6976 0.075638
6973 6977 0.18804
6976 6977 0.18804
6978 6977 0.18804
3320 6978 0.048156
6977 6978 0.048156
7096 6978 0.048156
6980 6979 0.06689
7065 6979 0.06689
7098 6979 0.06689
6229 6980 0.046183
6979 6980 0.046183
7063 6980 0.046183
6982 6981 0.32796
6984 6981 0.32796
6986 6981 0.32796
6981 6982 0.010025
6990 6982 0.010025
6982 6983 0.0033103
6984 6983 0.0033103
6986 6983 0.0033103
3318 6984 0.71932
6983 6984 0.71932
7092 6984 0.71932
6982 6985 0.49401
6984 6985 0.49401
6986 6985 0.49401
6985 6986 0.095933
6988 6986 0.095933
6989 6986 0.095933
6985 6987 0.77408
6988 6987 0.77408
6989 6987 0.77408
6987 6988 0.058063
6992 6988 0.058063
6994 6988 0.058063
6981 6989 0.32796
6990 6989 0.32796
6985 6990 0.010025
6988 6990 0.010025
6989 6990 0.010025
6987 6991 0.36987
6992 6991 0.36987
6994 6991 0.36987
6991 6992 0.14095
6995 6992 0.14095
7000 6992 0.14095
6987 6993 0.085114
6992 6993 0.085114
6994 6993 0.085114
6993 6994 0.59802
6996 6994 0.59802
6998 6994 0.59802
7001 6994 0.59802
6993 6995 0.24845
6996 6995 0.24845
6998 6995 0.24845
7001 6995 0.24845
6991 6996 0.29129
6995 6996 0.29129
7000 6996 0.29129
6993 6997 0.1067
6996 6997 0.1067
6998 6997 0.1067
7001 6997 0.1067
6997 6998 0.39068
7090 6998 0.39068
7091 6998 0.39068
6991 6999 0.21755
6995 6999 0.21755
7000 6999 0.21755
6999 7000 0.031475
7002 7000 0.031475
7004 7000 0.031475
6999 7001 0.21755
7002 7001 0.21755
7004 7001 0.21755
6993 7002 0.031475
6996 7002 0.031475
6998 7002 0.031475
7001 7002 0.031475
2366 7005 0.26558
7006 7005 0.26558
7086 7005 0.26558
3316 7006 0.0015196
7005 7006 0.0015196
7008 7006 0.0015196
7088 7006 0.0015196
6971 7063 0.010364
6974 7063 0.010364
7064 7063 0.010364
6229 7064 0.1147
6979 7064 0.1147
7063 7064 0.1147
6969 7065 0.03779
6972 7065 0.03779
6975 7065 0.03779
7066 7065 0.03779
6980 7066 0.073341
7065 7066 0.073341
7098 7066 0.073341
2366 7085 0.013346
7006 7085 0.013346
7086 7085 0.013346
5670 7086 0.12576
6385 7086 0.12576
7085 7086 0.12576
2351 7088 0.1095
4656 7088 0.1095
7014 7088 0.1095
7087 7088 0.1095
6997 7089 0.001982
7090 7089 0.001982
7091 7089 0.001982
3317 7090 0.38685
5238 7090 0.38685
7089 7090 0.38685
3318 7091 0.16121
6983 7091 0.16121
7092 7091 0.16121
6997 7092 0.2621
7090 7092 0.2621
7091 7092 0.2621
547 7093 0.26228
2073 7093 0.26228
7094 7093 0.26228
3319 7094 0.00085258
5985 7094 0.00085258
7093 7094 0.00085258
7095 7094 0.00085258
3320 7095 0.40498
6977 7095 0.40498
7096 7095 0.40498
3319 7096 0.055147
5985 7096 0.055147
7093 7096 0.055147
7095 7096 0.055147
6980 7097 0.030758
7065 7097 0.030758
7098 7097 0.030758
3321 7098 0.087015
3322 7098 0.087015
7097 7098 0.087015
5824 7099 0.0040649
6964 7099 0.0040649
7100 7099 0.0040649
3325 7100 0.050354
3326 7100 0.050354
7099 7100 0.050354
5822 7101 0.0028953
6963 7101 0.0028953
7102 7101 0.0028953
7104 7101 0.0028953
6965 7102 0.010556
6968 7102 0.010556
7101 7102 0.010556
5822 7103 0.041679
6963 7103 0.041679
7102 7103 0.041679
7104 7103 0.041679
3323 7104 0.016763
3324 7104 0.016763
7103 7104 0.016763
5837 7111 0.15517
6927 7111 0.15517
7069 7111 0.15517
7112 7111 0.15517
5954 7112 0.00033252
6370 7112 0.00033252
6388 7112 0.00033252
7111 7112 0.00033252
3713 7113 0.055617
6921 7113 0.055617
7114 7113 0.055617
2146 7114 0.039107
3712 7114 0.039107
4663 7114 0.039107
7113 7114 0.039107
1576 7148 0.00071171
7149 7148 0.00071171
3090 7151 0.017537
5675 7151 0.017537
5676 7151 0.017537
7150 7151 0.017537
7156 7157 0.022178
7159 7157 0.022178
1660 7159 0.022178
6196 7159 0.022178
7158 7159 0.022178
6952 7160 0.0029454
7161 7160 0.0029454
7162 7160 0.0029454
2356 7161 0.0033402
2359 7161 0.0033402
6362 7161 0.0033402
7160 7161 0.0033402
6939 7162 0.0023211
7067 7162 0.0023211
7163 7162 0.0023211
7164 7162 0.0023211
6952 7163 0.0036265
7161 7163 0.0036265
7162 7163 0.0036265
6363 7164 0.0021783
6943 7164 0.0021783
7165 7164 0.0021783
6939 7165 0.0033073
7067 7165 0.0033073
7163 7165 0.0033073
7164 7165 0.0033073
6796 7182 0.96631
7183 7182 0.96631
7182 7184 0.96631
7185 7184 0.96631
5241 7219 0.00012176
5738 7219 0.00012176
7218 7219 0.00012176
1572 7222 0.00052488
7223 7222 0.00052488
7222 7224 0.00052488
7225 7224 0.00052488
1667 7226 0.00029528
7227 7226 0.00029528
7228 7229 0.022178
7231 7229 0.022178
7157 7231 0.022178
7230 7231 0.022178
6157 7264 0.011792
7265 7264 0.011792
6153 7266 0.00066107
7267 7266 0.00066107
6158 7267 0.00028113
7266 7267 0.00028113
7268 7267 0.00028113
6159 7268 0.011411
7269 7268 0.011411
2279 7272 0.00036331
5674 7272 0.00036331
7273 7272 0.00036331
7272 7273 0.0025724
7274 7273 0.0025724
1127 7274 0.022757
3095 7274 0.022757
3098 7274 0.022757
7184 7287 0.96631
7288 7287 0.96631
