5835 433 0.024804
548 547 0.041348
6226 547 0.041348
6227 547 0.041348
6230 547 0.041348
547 548 0.0076895
2073 548 0.0076895
7094 548 0.0076895
681 680 1
6871 712 0.015976
714 713 0.36862
4676 713 0.36862
948 950 0.0063147
951 950 0.0063147
6355 950 0.0063147
950 951 0.0025587
6352 951 0.0025587
6353 951 0.0025587
6356 951 0.0025587
995 994 0.012689
6359 994 0.012689
6360 994 0.012689
994 995 0.012851
997 995 0.012851
2076 995 0.012851
2077 995 0.012851
994 996 0.012187
997 996 0.012187
2076 996 0.012187
2077 996 0.012187
996 997 0.012592
3119 997 0.012592
4790 997 0.012592
6237 997 0.012592
434 1126 0.00028663
5089 1126 0.00028663
6874 1128 0.58471
5085 1129 0.0025405
5267 1129 0.0025405
6708 1130 0.015976
1273 1277 0.00014838
1276 1277 0.00014838
3172 1277 0.00014838
1277 1279 0.00015323
1278 1279 0.00015323
2869 1279 0.00015323
1281 1280 0.00017251
1284 1280 0.00017251
3178 1280 0.00017251
1279 1281 0.00057202
1280 1281 0.00057202
3174 1281 0.00057202
1283 1282 0.00065503
1708 1282 0.00065503
4653 1282 0.00065503
1282 1283 0.00065503
1285 1283 0.00065503
3954 1283 0.00065503
1282 1284 0.00064809
1285 1284 0.00064809
3954 1284 0.00064809
1281 1285 0.00062531
1284 1285 0.00062531
3178 1285 0.00062531
1528 1530 0.0040227
1531 1530 0.0040227
3303 1530 0.0040227
1530 1531 0.0019806
1533 1531 0.0019806
2850 1531 0.0019806
1530 1532 0.00037602
1533 1532 0.00037602
2850 1532 0.00037602
1532 1533 0.00025038
2851 1533 0.00025038
3339 1533 0.00025038
1283 1707 0.2283
1708 1707 0.2283
4653 1707 0.2283
4677 1708 0.2283
1709 1711 0.00048717
1712 1711 0.00048717
3179 1711 0.00048717
1711 1713 0.00014146
1714 1713 0.00014146
3175 1713 0.00014146
6872 2051 0.98502
6709 2052 0.00099843
2072 2071 0.0040703
2074 2071 0.0040703
2075 2071 0.0040703
3906 2071 0.0040703
2071 2072 0.019141
6238 2072 0.019141
6239 2072 0.019141
2072 2073 0.12205
2074 2073 0.12205
2075 2073 0.12205
3906 2073 0.12205
547 2074 0.00059272
2073 2074 0.00059272
7094 2074 0.00059272
994 2075 0.073818
997 2075 0.073818
2076 2075 0.073818
2077 2075 0.073818
2072 2076 0.00434
2074 2076 0.00434
2075 2076 0.00434
3906 2076 0.00434
2078 2077 0.075798
2358 2077 0.075798
2361 2077 0.075798
6371 2077 0.075798
994 2078 0.0065627
997 2078 0.0065627
2076 2078 0.0065627
2077 2078 0.0065627
1126 2279 0.00016132
680 2280 1
2281 2280 1
5278 2280 1
2349 2348 0.0024171
5903 2348 0.0024171
5986 2348 0.0024171
7105 2348 0.0024171
2348 2349 0.0072483
5239 2349 0.0072483
5739 2349 0.0072483
2351 2350 0.00014072
4656 2350 0.00014072
7014 2350 0.00014072
7087 2350 0.00014072
2350 2351 0.17739
5671 2351 0.17739
5836 2351 0.17739
2353 2352 0.13086
3337 2352 0.13086
2352 2353 0.00023962
2355 2353 0.00023962
5269 2353 0.00023962
2352 2354 0.13588
2355 2354 0.13588
5269 2354 0.13588
2354 2356 0.083987
2357 2356 0.083987
2356 2357 0.00079872
2359 2357 0.00079872
6362 2357 0.00079872
7160 2357 0.00079872
2356 2358 0.094085
2359 2358 0.094085
6362 2358 0.094085
7160 2358 0.094085
2078 2359 0.00096696
2358 2359 0.00096696
2361 2359 0.00096696
6371 2359 0.00096696
2078 2360 0.060287
2358 2360 0.060287
2361 2360 0.060287
6371 2360 0.060287
2360 2361 0.0031306
2363 2361 0.0031306
3120 2361 0.0031306
2360 2362 0.054517
2363 2362 0.054517
3120 2362 0.054517
2362 2363 0.0059134
2365 2363 0.0059134
6395 2363 0.0059134
2362 2364 0.065569
2365 2364 0.065569
6395 2364 0.065569
2364 2365 0.0046511
2367 2365 0.0046511
6366 2365 0.0046511
6367 2365 0.0046511
2364 2366 0.21721
2367 2366 0.21721
6366 2366 0.21721
6367 2366 0.21721
2366 2367 0.0070895
7006 2367 0.0070895
7086 2367 0.0070895
1530 2849 0.0040985
1533 2849 0.0040985
2850 2849 0.0040985
600 2850 0.002182
2849 2850 0.002182
3344 2850 0.002182
3345 2850 0.002182
3085 3086 0.00013487
3088 3086 0.00013487
5398 3086 0.00013487
3087 3088 0.0001325
7151 3088 0.0001325
3107 3109 0.0015629
3110 3109 0.0015629
3309 3109 0.0015629
3310 3109 0.0015629
3109 3111 0.0024498
3112 3111 0.0024498
3313 3111 0.0024498
3314 3111 0.0024498
3111 3113 0.0017445
3114 3113 0.0017445
6382 3113 0.0017445
6383 3113 0.0017445
3113 3115 0.0010486
3116 3115 0.0010486
6106 3115 0.0010486
3118 3117 0.0050182
6390 3117 0.0050182
6391 3117 0.0050182
3117 3118 0.0039047
5957 3118 0.0039047
6368 3118 0.0039047
6369 3118 0.0039047
2360 3119 0.018808
2363 3119 0.018808
3120 3119 0.018808
996 3120 0.010255
3119 3120 0.010255
4790 3120 0.010255
6237 3120 0.010255
3122 3121 0.00091681
5270 3121 0.00091681
6233 3121 0.00091681
3121 3122 0.061791
3328 3122 0.061791
3329 3122 0.061791
3124 3123 0.019405
3307 3123 0.019405
3308 3123 0.019405
3637 3123 0.019405
3123 3124 0.00010568
3126 3124 0.00010568
3312 3124 0.00010568
3123 3125 0.018494
3126 3125 0.018494
3312 3125 0.018494
3125 3127 0.016738
3128 3127 0.016738
5949 3127 0.016738
3127 3129 0.011159
3130 3129 0.011159
6380 3129 0.011159
6381 3129 0.011159
3129 3130 0.00020364
3132 3130 0.00020364
6105 3130 0.00020364
6108 3130 0.00020364
3129 3131 0.0087097
3132 3131 0.0087097
6105 3131 0.0087097
6108 3131 0.0087097
3131 3132 0.00041424
3134 3132 0.00041424
6402 3132 0.00041424
6403 3132 0.00041424
3131 3133 0.0079329
3134 3133 0.0079329
6402 3133 0.0079329
6403 3133 0.0079329
3133 3134 0.0012524
5955 3134 0.0012524
6394 3134 0.0012524
3136 3135 0.0044792
3305 3135 0.0044792
3306 3135 0.0044792
3135 3136 0.00043214
5948 3136 0.00043214
5953 3136 0.00043214
3138 3137 0.00128
5832 3137 0.00128
6422 3137 0.00128
3137 3138 0.026154
3302 3138 0.026154
3338 3138 0.026154
3140 3139 0.0042888
6372 3139 0.0042888
6373 3139 0.0042888
6407 3139 0.0042888
3139 3140 0.0031363
3910 3140 0.0031363
6112 3140 0.0031363
3142 3141 0.0083773
6414 3141 0.0083773
6415 3141 0.0083773
3141 3142 0.00032657
3144 3142 0.00032657
4787 3142 0.00032657
3141 3143 0.0075275
3144 3143 0.0075275
4787 3143 0.0075275
3143 3144 0.00097594
3146 3144 0.00097594
6374 3144 0.00097594
6375 3144 0.00097594
3143 3145 0.0059929
3146 3145 0.0059929
6374 3145 0.0059929
6375 3145 0.0059929
3145 3146 0.001172
3148 3146 0.001172
3911 3146 0.001172
6109 3146 0.001172
3145 3147 0.0048935
3148 3147 0.0048935
3911 3147 0.0048935
6109 3147 0.0048935
3147 3148 0.00075546
5951 3148 0.00075546
6398 3148 0.00075546
6399 3148 0.00075546
1713 3172 0.00011476
3173 3172 0.00011476
3177 3172 0.00011476
1711 3174 0.0004225
1714 3174 0.0004225
3175 3174 0.0004225
1279 3175 0.00012248
1280 3175 0.00012248
3174 3175 0.00012248
1281 3179 0.00048717
1284 3179 0.00048717
3178 3179 0.00048717
1528 3302 0.0019806
1531 3302 0.0019806
3303 3302 0.0019806
3137 3303 0.0040227
3302 3303 0.0040227
3338 3303 0.0040227
3136 3304 0.0041667
3305 3304 0.0041667
3306 3304 0.0041667
3304 3305 0.0014268
6420 3305 0.0014268
6421 3305 0.0014268
3124 3306 0.0074019
3307 3306 0.0074019
3308 3306 0.0074019
3637 3306 0.0074019
3136 3307 0.000615
3305 3307 0.000615
3306 3307 0.000615
3124 3309 0.0015629
3307 3309 0.0015629
3308 3309 0.0015629
3637 3309 0.0015629
3109 3312 0.00035257
3112 3312 0.00035257
3313 3312 0.00035257
3314 3312 0.00035257
3123 3313 0.0012487
3126 3313 0.0012487
3312 3313 0.0012487
3316 3317 0.61645
7005 3317 0.61645
7008 3317 0.61645
7088 3317 0.61645
3319 3318 0.36338
5985 3318 0.36338
7093 3318 0.36338
7095 3318 0.36338
3318 3319 0.0034576
6983 3319 0.0034576
7092 3319 0.0034576
3321 3320 0.14254
3322 3320 0.14254
7097 3320 0.14254
3320 3321 0.023791
6977 3321 0.023791
7096 3321 0.023791
3323 3322 0.15584
3324 3322 0.15584
7103 3322 0.15584
3321 3323 0.0041728
3322 3323 0.0041728
7097 3323 0.0041728
3325 3324 0.14586
3326 3324 0.14586
7099 3324 0.14586
3323 3325 0.0084385
3324 3325 0.0084385
7103 3325 0.0084385
2753 3326 0.16417
3327 3326 0.16417
5237 3326 0.16417
3325 3327 0.00023975
3326 3327 0.00023975
7099 3327 0.00023975
2353 3328 0.23423
3337 3328 0.23423
3332 3331 0.00027731
3334 3331 0.00027731
3331 3332 0.0027174
5827 3332 0.0027174
5829 3332 0.0027174
3332 3333 0.0027174
3334 3333 0.0027174
3333 3334 0.00027731
3336 3334 0.00027731
6225 3334 0.00027731
3333 3335 0.0031982
3336 3335 0.0031982
6225 3335 0.0031982
3335 3336 0.013022
5823 3336 0.013022
5831 3336 0.013022
6967 3336 0.013022
3137 3337 0.36484
3302 3337 0.36484
3338 3337 0.36484
3343 3338 0.39176
3639 3338 0.39176
3962 3338 0.39176
3340 3339 0.00025038
3342 3339 0.00025038
3960 3339 0.00025038
1532 3340 0.00037602
2851 3340 0.00037602
3339 3340 0.00037602
3340 3341 0.00037602
3342 3341 0.00037602
3960 3341 0.00037602
3341 3342 0.00025038
3346 3342 0.00025038
4684 3342 0.00025038
600 3343 0.0044493
2849 3343 0.0044493
3344 3343 0.0044493
3345 3343 0.0044493
3343 3344 0.0024078
3639 3344 0.0024078
3962 3344 0.0024078
3341 3345 0.00037659
3346 3345 0.00037659
4684 3345 0.00037659
600 3346 0.00025151
2849 3346 0.00025151
3344 3346 0.00025151
3345 3346 0.00025151
3638 3637 0.027737
3640 3637 0.027737
5268 3637 0.027737
3124 3638 0.00010562
3307 3638 0.00010562
3308 3638 0.00010562
3637 3638 0.00010562
3638 3639 0.00032582
3640 3639 0.00032582
5268 3639 0.00032582
3343 3640 0.034695
3639 3640 0.034695
3962 3640 0.034695
3907 3906 0.049147
4019 3906 0.049147
6228 3906 0.049147
6358 3906 0.049147
2072 3907 0.012237
2074 3907 0.012237
2075 3907 0.012237
3906 3907 0.012237
3909 3908 0.0015239
6113 3908 0.0015239
6400 3908 0.0015239
6401 3908 0.0015239
3908 3909 0.0011501
6392 3909 0.0011501
6393 3909 0.0011501
3145 3910 0.0037605
3148 3910 0.0037605
3911 3910 0.0037605
6109 3910 0.0037605
3139 3911 0.00077544
3910 3911 0.00077544
6112 3911 0.00077544
4685 3962 0.42409
5086 3962 0.42409
1129 3964 0.0004045
3963 3964 0.0004045
4020 4019 0.09036
6232 4019 0.09036
6351 4019 0.09036
3907 4020 0.0012632
4019 4020 0.0012632
6228 4020 0.0012632
6358 4020 0.0012632
6844 4655 0.7717
4657 4656 0.0001386
5663 4656 0.0001386
5665 4656 0.0001386
6737 4659 0.028642
4675 4676 0.98402
5281 4676 0.98402
6740 4677 1
6741 4678 0.015976
6742 4685 1
4788 4787 0.0013494
6408 4787 0.0013494
6409 4787 0.0013494
3141 4788 0.0028485
3144 4788 0.0028485
4787 4788 0.0028485
996 4789 0.0090984
3119 4789 0.0090984
4790 4789 0.0090984
6237 4789 0.0090984
4789 4790 0.009902
6240 4790 0.009902
6365 4790 0.009902
4659 5064 0.02865
5065 5064 0.02865
1130 5084 0.014978
4685 5085 0.57845
5086 5085 0.57845
5087 5086 0.0025404
5271 5086 0.0025404
1129 5087 0.0021361
3963 5087 0.0021361
5090 5089 0.0002866
5091 5090 0.2753
5838 5090 0.2753
1128 5091 0.58486
5092 5091 0.58486
5093 5092 0.000149
5088 5093 0.0001491
5094 5093 0.0001491
1126 5094 0.00012532
3121 5237 0.17335
3328 5237 0.17335
3329 5237 0.17335
2348 5238 0.026698
5239 5238 0.026698
5739 5238 0.026698
3317 5239 0.0030199
5238 5239 0.0030199
7089 5239 0.0030199
5064 5241 0.028641
5240 5241 0.028641
3638 5267 0.0087955
3640 5267 0.0087955
5268 5267 0.0087955
3138 5268 0.0020576
5832 5268 0.0020576
6422 5268 0.0020576
3122 5269 0.0063939
5270 5269 0.0063939
6233 5269 0.0063939
2753 5270 0.0094248
3327 5270 0.0094248
5237 5270 0.0094248
3964 5271 0.0004045
6738 5271 0.0004045
2280 5281 0.98673
5280 5281 0.98673
5282 5281 0.98673
5666 5665 0.00013814
5667 5665 0.00013814
3086 5667 0.00013815
5668 5667 0.00013815
5964 5667 0.00013815
2350 5669 0.0038374
5671 5669 0.0038374
5836 5669 0.0038374
2350 5670 0.12372
5671 5670 0.12372
5836 5670 0.12372
5670 5671 0.054597
6385 5671 0.054597
7085 5671 0.054597
2279 5675 0.00011964
5674 5675 0.00011964
7273 5675 0.00011964
5241 5739 0.028537
5738 5739 0.028537
7218 5739 0.028537
5740 5741 0.00014454
7219 5741 0.00014454
4205 5743 0.00013953
5741 5743 0.00013953
5742 5743 0.00013953
4213 5745 0.00014811
5743 5745 0.00014811
5744 5745 0.00014811
3335 5822 0.011992
5823 5822 0.011992
5831 5822 0.011992
6967 5822 0.011992
5822 5823 0.012726
6963 5823 0.012726
7102 5823 0.012726
7104 5823 0.012726
5825 5824 0.00091908
5826 5824 0.00091908
5830 5824 0.00091908
5824 5825 0.016849
6964 5825 0.016849
7100 5825 0.016849
3331 5826 0.00027731
5827 5826 0.00027731
5829 5826 0.00027731
5825 5827 0.0027174
5826 5827 0.0027174
5830 5827 0.0027174
3335 5830 0.0018848
5823 5830 0.0018848
5831 5830 0.0018848
6967 5830 0.0018848
5825 5831 0.015375
5826 5831 0.015375
5830 5831 0.015375
2352 5832 0.001192
2355 5832 0.001192
5269 5832 0.001192
6877 5835 0.27502
5835 5836 0.25021
5091 5837 0.31008
5838 5837 0.31008
5837 5838 0.00052907
6927 5838 0.00052907
7069 5838 0.00052907
7112 5838 0.00052907
1655 5903 0.00021255
5745 5903 0.00021255
5901 5903 0.00021255
5904 5903 0.00021255
3125 5948 0.0025241
3128 5948 0.0025241
5949 5948 0.0025241
3135 5949 0.00077744
5948 5949 0.00077744
5953 5949 0.00077744
3147 5950 0.0020027
5951 5950 0.0020027
6398 5950 0.0020027
6399 5950 0.0020027
5950 5951 0.0012469
6389 5951 0.0012469
6405 5951 0.0012469
3135 5952 0.006155
5948 5952 0.006155
5953 5952 0.006155
5952 5953 0.00036126
6378 5953 0.00036126
6379 5953 0.00036126
3133 5954 0.0091164
5955 5954 0.0091164
6394 5954 0.0091164
5954 5955 0.0038918
6370 5955 0.0038918
6388 5955 0.0038918
7111 5955 0.0038918
3117 5956 0.028678
5957 5956 0.028678
6368 5956 0.028678
6369 5956 0.028678
5956 5957 0.023709
6386 5957 0.023709
6387 5957 0.023709
2349 5985 0.007453
5903 5985 0.007453
5986 5985 0.007453
7105 5985 0.007453
3319 5986 0.0024894
5985 5986 0.0024894
7093 5986 0.0024894
7095 5986 0.0024894
3113 6105 0.0010453
3116 6105 0.0010453
6106 6105 0.0010453
3129 6106 0.00034094
3132 6106 0.00034094
6105 6106 0.00034094
6108 6106 0.00034094
3129 6107 0.0037773
3132 6107 0.0037773
6105 6107 0.0037773
6108 6107 0.0037773
6107 6108 0.0004132
6110 6108 0.0004132
6114 6108 0.0004132
6107 6109 0.0028588
6110 6109 0.0028588
6114 6109 0.0028588
3145 6110 0.00055658
3148 6110 0.00055658
3911 6110 0.00055658
6109 6110 0.00055658
3139 6111 0.005425
3910 6111 0.005425
6112 6111 0.005425
6111 6112 0.0012874
6396 6112 0.0012874
6397 6112 0.0012874
6406 6112 0.0012874
6107 6113 0.0016008
6110 6113 0.0016008
6114 6113 0.0016008
3909 6114 0.0005389
6113 6114 0.0005389
6400 6114 0.0005389
6401 6114 0.0005389
548 6225 0.0027577
6226 6225 0.0027577
6227 6225 0.0027577
6230 6225 0.0027577
3333 6226 0.015021
3336 6226 0.015021
6225 6226 0.015021
3907 6227 0.076054
4019 6227 0.076054
6228 6227 0.076054
6358 6227 0.076054
548 6228 0.0064795
6226 6228 0.0064795
6227 6228 0.0064795
6230 6228 0.0064795
548 6229 0.061154
6226 6229 0.061154
6227 6229 0.061154
6230 6229 0.061154
6229 6230 0.012974
6979 6230 0.012974
7063 6230 0.012974
4020 6231 0.0036751
6232 6231 0.0036751
6351 6231 0.0036751
6231 6232 0.063825
6234 6232 0.063825
6354 6232 0.063825
6231 6233 0.0011018
6234 6233 0.0011018
6354 6233 0.0011018
3122 6234 0.065007
5270 6234 0.065007
6233 6234 0.065007
2071 6237 0.0053548
6238 6237 0.0053548
6239 6237 0.0053548
996 6238 0.014307
3119 6238 0.014307
4790 6238 0.014307
6237 6238 0.014307
4789 6239 0.0099791
6240 6239 0.0099791
6365 6239 0.0099791
2071 6240 0.0038599
6238 6240 0.0038599
6239 6240 0.0038599
950 6351 0.032096
6352 6351 0.032096
6353 6351 0.032096
6356 6351 0.032096
4020 6352 0.0031485
6232 6352 0.0031485
6351 6352 0.0031485
2354 6353 0.052631
2357 6353 0.052631
948 6354 0.0025587
951 6354 0.0025587
6355 6354 0.0025587
6231 6355 0.0063147
6234 6355 0.0063147
6354 6355 0.0063147
6357 6356 0.00019948
6361 6356 0.00019948
950 6357 0.027639
6352 6357 0.027639
6353 6357 0.027639
6356 6357 0.027639
995 6358 0.026526
6359 6358 0.026526
6360 6358 0.026526
3907 6359 0.0091384
4019 6359 0.0091384
6228 6359 0.0091384
6358 6359 0.0091384
6357 6360 0.023321
6361 6360 0.023321
995 6361 0.006096
6359 6361 0.006096
6360 6361 0.006096
6357 6362 0.010215
6361 6362 0.010215
6364 6363 0.0015728
6410 6363 0.0015728
6411 6363 0.0015728
6363 6364 0.0018575
6943 6364 0.0018575
7165 6364 0.0018575
2364 6365 0.018038
2367 6365 0.018038
6366 6365 0.018038
6367 6365 0.018038
4789 6366 0.011115
6240 6366 0.011115
6365 6366 0.011115
3117 6367 0.15992
5957 6367 0.15992
6368 6367 0.15992
6369 6367 0.15992
2364 6368 0.0037968
2367 6368 0.0037968
6366 6368 0.0037968
6367 6368 0.0037968
5954 6369 0.16522
6370 6369 0.16522
6388 6369 0.16522
7111 6369 0.16522
3117 6370 0.005235
5957 6370 0.005235
6368 6370 0.005235
6369 6370 0.005235
3140 6371 0.035189
6372 6371 0.035189
6373 6371 0.035189
6407 6371 0.035189
2078 6372 0.0019167
2358 6372 0.0019167
2361 6372 0.0019167
6371 6372 0.0019167
3143 6373 0.029452
3146 6373 0.029452
6374 6373 0.029452
6375 6373 0.029452
3140 6374 0.00091942
6372 6374 0.00091942
6373 6374 0.00091942
6407 6374 0.00091942
6376 6375 0.026874
6377 6375 0.026874
6417 6375 0.026874
5952 6377 0.012498
6378 6377 0.012498
6379 6377 0.012498
6376 6378 0.00028483
6377 6378 0.00028483
6417 6378 0.00028483
3127 6379 0.0071396
3130 6379 0.0071396
6380 6379 0.0071396
6381 6379 0.0071396
5952 6380 0.00072067
6378 6380 0.00072067
6379 6380 0.00072067
3111 6381 0.0012654
3114 6381 0.0012654
6382 6381 0.0012654
6383 6381 0.0012654
3127 6382 0.00054812
3130 6382 0.00054812
6380 6382 0.00054812
6381 6382 0.00054812
5956 6385 0.16092
6386 6385 0.16092
6387 6385 0.16092
5670 6386 0.0011543
6385 6386 0.0011543
7085 6386 0.0011543
5954 6387 0.15547
6370 6387 0.15547
6388 6387 0.15547
7111 6387 0.15547
5956 6388 0.00066947
6386 6388 0.00066947
6387 6388 0.00066947
3118 6389 0.0024794
6390 6389 0.0024794
6391 6389 0.0024794
5950 6390 0.001763
6389 6390 0.001763
6405 6390 0.001763
3908 6391 0.0042905
6392 6391 0.0042905
6393 6391 0.0042905
3118 6392 0.0024607
6390 6392 0.0024607
6391 6392 0.0024607
3133 6393 0.0038787
5955 6393 0.0038787
6394 6393 0.0038787
3908 6394 0.0024227
6392 6394 0.0024227
6393 6394 0.0024227
6111 6395 0.013309
6396 6395 0.013309
6397 6395 0.013309
6406 6395 0.013309
2362 6396 0.00099445
2365 6396 0.00099445
6395 6396 0.00099445
3147 6397 0.0075447
5951 6397 0.0075447
6398 6397 0.0075447
6399 6397 0.0075447
6111 6398 0.00083985
6396 6398 0.00083985
6397 6398 0.00083985
6406 6398 0.00083985
3909 6399 0.0039582
6113 6399 0.0039582
6400 6399 0.0039582
6401 6399 0.0039582
3147 6400 0.00063568
5951 6400 0.00063568
6398 6400 0.00063568
6399 6400 0.00063568
3131 6401 0.0035003
3134 6401 0.0035003
6402 6401 0.0035003
6403 6401 0.0035003
3909 6402 0.00086572
6113 6402 0.00086572
6400 6402 0.00086572
6401 6402 0.00086572
3115 6403 0.0010486
5959 6403 0.0010486
6404 6403 0.0010486
6111 6405 0.00053543
6396 6405 0.00053543
6397 6405 0.00053543
6406 6405 0.00053543
5950 6406 0.0020076
6389 6406 0.0020076
6405 6406 0.0020076
4788 6407 0.0073657
6408 6407 0.0073657
6409 6407 0.0073657
3140 6408 0.0014727
6372 6408 0.0014727
6373 6408 0.0014727
6407 6408 0.0014727
6364 6409 0.0052455
6410 6409 0.0052455
6411 6409 0.0052455
4788 6410 0.00085163
6408 6410 0.00085163
6409 6410 0.00085163
5834 6411 0.0045129
6412 6411 0.0045129
6413 6411 0.0045129
6364 6412 0.00040379
6410 6412 0.00040379
6411 6412 0.00040379
3142 6413 0.0045129
6414 6413 0.0045129
6415 6413 0.0045129
5834 6414 0.00040379
6412 6414 0.00040379
6413 6414 0.00040379
6416 6415 0.01246
6418 6415 0.01246
6419 6415 0.01246
3142 6416 0.00030025
6414 6416 0.00030025
6415 6416 0.00030025
6416 6417 0.014797
6418 6417 0.014797
6419 6417 0.014797
6376 6418 0.00020771
6377 6418 0.00020771
6417 6418 0.00020771
3304 6419 0.026817
6420 6419 0.026817
6421 6419 0.026817
3138 6421 0.025273
5832 6421 0.025273
6422 6421 0.025273
3304 6422 0.0012639
6420 6422 0.0012639
6421 6422 0.0012639
4675 6682 0.0027057
5281 6682 0.0027057
714 6683 0.61547
4676 6683 0.61547
713 6684 0.36955
2050 6684 0.36955
2052 6684 0.36955
2280 6685 0.01327
5280 6685 0.01327
5282 6685 0.01327
4678 6708 0.015976
7120 6708 0.015976
1130 6709 0.00099843
4677 6735 0.7717
6880 6737 0.028642
7172 6740 1
712 6741 0.015976
6303 6741 0.015976
1707 6742 1
4655 6742 1
6735 6844 0.7717
6843 6844 0.7717
6682 6871 0.015976
6685 6871 0.015976
6683 6872 0.98502
6684 6872 0.98502
5085 6873 0.58471
5267 6873 0.58471
6873 6874 0.58471
5090 6877 0.27502
433 6880 0.028642
5669 6880 0.028642
6939 6938 0.00057307
7067 6938 0.00057307
7163 6938 0.00057307
7164 6938 0.00057307
6938 6939 0.00045293
6941 6939 0.00045293
6949 6939 0.00045293
6938 6940 0.00011894
6941 6940 0.00011894
6949 6940 0.00011894
6940 6941 0.00060739
6942 6941 0.00060739
6945 6941 0.00060739
6947 6941 0.00060739
6363 6942 0.00060739
6943 6942 0.00060739
7165 6942 0.00060739
6940 6943 0.00011894
6942 6943 0.00011894
6945 6943 0.00011894
6947 6943 0.00011894
6938 6948 0.00074462
6941 6948 0.00074462
6949 6948 0.00074462
6948 6949 0.00013603
6950 6949 0.00013603
6953 6949 0.00013603
6948 6952 0.00074462
6950 6952 0.00074462
6953 6952 0.00074462
6952 6953 0.00013603
7161 6953 0.00013603
7162 6953 0.00013603
5824 6963 0.017224
6964 6963 0.017224
7100 6963 0.017224
5822 6964 0.0066528
6963 6964 0.0066528
7102 6964 0.0066528
7104 6964 0.0066528
6965 6967 0.0016663
6968 6967 0.0016663
7101 6967 0.0016663
3335 6968 0.0060669
5823 6968 0.0060669
5831 6968 0.0060669
6967 6968 0.0060669
6969 6971 0.043539
6972 6971 0.043539
6975 6971 0.043539
7066 6971 0.043539
6971 6972 0.020568
6974 6972 0.020568
7064 6972 0.020568
6971 6973 0.091542
6974 6973 0.091542
7064 6973 0.091542
6973 6974 0.0078514
6976 6974 0.0078514
6978 6974 0.0078514
6973 6975 0.046765
6976 6975 0.046765
6978 6975 0.046765
6969 6976 0.044171
6972 6976 0.044171
6975 6976 0.044171
7066 6976 0.044171
6973 6977 0.11021
6976 6977 0.11021
6978 6977 0.11021
3320 6978 0.029117
6977 6978 0.029117
7096 6978 0.029117
6980 6979 0.039385
7065 6979 0.039385
7098 6979 0.039385
6229 6980 0.026844
6979 6980 0.026844
7063 6980 0.026844
6982 6981 0.16711
6984 6981 0.16711
6986 6981 0.16711
6981 6982 0.0062415
6990 6982 0.0062415
6982 6983 0.0047674
6984 6983 0.0047674
6986 6983 0.0047674
3318 6984 0.35477
6983 6984 0.35477
7092 6984 0.35477
6982 6985 0.24369
6984 6985 0.24369
6986 6985 0.24369
6985 6986 0.054562
6988 6986 0.054562
6989 6986 0.054562
6985 6987 0.38526
6988 6987 0.38526
6989 6987 0.38526
6987 6988 0.035265
6992 6988 0.035265
6994 6988 0.035265
6981 6989 0.16711
6990 6989 0.16711
6985 6990 0.0062415
6988 6990 0.0062415
6989 6990 0.0062415
6987 6991 0.41197
6992 6991 0.41197
6994 6991 0.41197
6991 6992 0.026703
6995 6992 0.026703
7000 6992 0.026703
6987 6993 0.18749
6992 6993 0.18749
6994 6993 0.18749
6993 6994 0.22276
6996 6994 0.22276
6998 6994 0.22276
7001 6994 0.22276
6993 6995 0.40931
6996 6995 0.40931
6998 6995 0.40931
7001 6995 0.40931
6991 6996 0.15621
6995 6996 0.15621
7000 6996 0.15621
6993 6997 0.056369
6996 6997 0.056369
6998 6997 0.056369
7001 6997 0.056369
6997 6998 0.70637
7090 6998 0.70637
7091 6998 0.70637
6991 6999 0.65056
6995 6999 0.65056
7000 6999 0.65056
6999 7000 0.012193
7002 7000 0.012193
7004 7000 0.012193
6999 7001 0.14197
7002 7001 0.14197
7004 7001 0.14197
6993 7002 0.5036
6996 7002 0.5036
6998 7002 0.5036
7001 7002 0.5036
2366 7005 0.44145
7006 7005 0.44145
7086 7005 0.44145
3316 7006 0.0024346
7005 7006 0.0024346
7008 7006 0.0024346
7088 7006 0.0024346
6971 7063 0.0062324
6974 7063 0.0062324
7064 7063 0.0062324
6229 7064 0.066953
6979 7064 0.066953
7063 7064 0.066953
6969 7065 0.022396
6972 7065 0.022396
6975 7065 0.022396
7066 7065 0.022396
6980 7066 0.042773
7065 7066 0.042773
7098 7066 0.042773
2366 7085 0.018903
7006 7085 0.018903
7086 7085 0.018903
5670 7086 0.2478
6385 7086 0.2478
7085 7086 0.2478
3316 7087 0.00013651
7005 7087 0.00013651
7008 7087 0.00013651
7088 7087 0.00013651
2351 7088 0.17752
4656 7088 0.17752
7014 7088 0.17752
7087 7088 0.17752
6997 7089 0.0012235
7090 7089 0.0012235
7091 7089 0.0012235
3317 7090 0.6413
5238 7090 0.6413
7089 7090 0.6413
3318 7091 0.18638
6983 7091 0.18638
7092 7091 0.18638
6997 7092 0.17646
7090 7092 0.17646
7091 7092 0.17646
547 7093 0.15575
2073 7093 0.15575
7094 7093 0.15575
3319 7094 0.00062908
5985 7094 0.00062908
7093 7094 0.00062908
7095 7094 0.00062908
3320 7095 0.23394
6977 7095 0.23394
7096 7095 0.23394
3319 7096 0.034094
5985 7096 0.034094
7093 7096 0.034094
7095 7096 0.034094
6980 7097 0.017947
7065 7097 0.017947
7098 7097 0.017947
3321 7098 0.050865
3322 7098 0.050865
7097 7098 0.050865
5824 7099 0.0023394
6964 7099 0.0023394
7100 7099 0.0023394
3325 7100 0.02884
3326 7100 0.02884
7099 7100 0.02884
5822 7101 0.0016663
6963 7101 0.0016663
7102 7101 0.0016663
7104 7101 0.0016663
6965 7102 0.0060669
6968 7102 0.0060669
7101 7102 0.0060669
5822 7103 0.023898
6963 7103 0.023898
7102 7103 0.023898
7104 7103 0.023898
3323 7104 0.0096605
3324 7104 0.0096605
7103 7104 0.0096605
5837 7111 0.31008
6927 7111 0.31008
7069 7111 0.31008
7112 7111 0.31008
5954 7112 0.00052907
6370 7112 0.00052907
6388 7112 0.00052907
7111 7112 0.00052907
3090 7151 0.0001325
5675 7151 0.0001325
5676 7151 0.0001325
7150 7151 0.0001325
6952 7160 0.0019491
7161 7160 0.0019491
7162 7160 0.0019491
2356 7161 0.0022338
2359 7161 0.0022338
6362 7161 0.0022338
7160 7161 0.0022338
6939 7162 0.0015301
7067 7162 0.0015301
7163 7162 0.0015301
7164 7162 0.0015301
6952 7163 0.0024234
7161 7163 0.0024234
7162 7163 0.0024234
6363 7164 0.0014328
6943 7164 0.0014328
7165 7164 0.0014328
6939 7165 0.002206
7067 7165 0.002206
7163 7165 0.002206
7164 7165 0.002206
7173 7172 1
2051 7173 1
5084 7173 1
5241 7219 0.00014454
5738 7219 0.00014454
7218 7219 0.00014454
