134 133 0.00014317
3708 133 0.00014317
3709 133 0.00014317
133 134 0.00043378
3052 134 0.00043378
548 547 0.00056173
6226 547 0.00056173
6227 547 0.00056173
6230 547 0.00056173
547 548 0.0023826
2073 548 0.0023826
7094 548 0.0023826
5260 723 0.31019
723 724 0.28994
6920 724 0.28994
948 950 0.011596
951 950 0.011596
6355 950 0.011596
950 951 0.0012849
6352 951 0.0012849
6353 951 0.0012849
6356 951 0.0012849
995 994 0.0043205
6359 994 0.0043205
6360 994 0.0043205
994 995 0.06375
997 995 0.06375
2076 995 0.06375
2077 995 0.06375
994 996 0.0040639
997 996 0.0040639
2076 996 0.0040639
2077 996 0.0040639
996 997 0.019086
3119 997 0.019086
4790 997 0.019086
6237 997 0.019086
6874 1128 0.017109
5085 1129 0.0015658
5267 1129 0.0015658
1528 1530 0.009622
1531 1530 0.009622
3303 1530 0.009622
1530 1531 0.0062498
1533 1531 0.0062498
2850 1531 0.0062498
1530 1532 0.00094488
1533 1532 0.00094488
2850 1532 0.00094488
1532 1533 0.00091103
2851 1533 0.00091103
3339 1533 0.00091103
1568 1570 0.00012165
1571 1570 0.00012165
3699 1570 0.00012165
2072 2071 0.0012129
2074 2071 0.0012129
2075 2071 0.0012129
3906 2071 0.0012129
2071 2072 0.0075536
6238 2072 0.0075536
6239 2072 0.0075536
2072 2073 0.0029018
2074 2073 0.0029018
2075 2073 0.0029018
3906 2073 0.0029018
547 2074 0.00061129
2073 2074 0.00061129
7094 2074 0.00061129
994 2075 0.011381
997 2075 0.011381
2076 2075 0.011381
2077 2075 0.011381
2072 2076 0.0060376
2074 2076 0.0060376
2075 2076 0.0060376
3906 2076 0.0060376
2078 2077 0.06271
2358 2077 0.06271
2361 2077 0.06271
6371 2077 0.06271
994 2078 0.012959
997 2078 0.012959
2076 2078 0.012959
2077 2078 0.012959
724 2146 0.9798
2147 2146 0.9798
6794 2146 0.9798
2149 2148 0.69119
7287 2148 0.69119
2148 2149 0.0013757
6795 2149 0.0013757
2353 2352 0.5943
3337 2352 0.5943
2352 2354 0.6143
2355 2354 0.6143
5269 2354 0.6143
2354 2356 0.54939
2357 2356 0.54939
2356 2357 0.00094741
2359 2357 0.00094741
6362 2357 0.00094741
7160 2357 0.00094741
2356 2358 0.056955
2359 2358 0.056955
6362 2358 0.056955
7160 2358 0.056955
2078 2359 0.17069
2358 2359 0.17069
2361 2359 0.17069
6371 2359 0.17069
2078 2360 0.017963
2358 2360 0.017963
2361 2360 0.017963
6371 2360 0.017963
2360 2361 0.02328
2363 2361 0.02328
3120 2361 0.02328
2360 2362 0.0017732
2363 2362 0.0017732
3120 2362 0.0017732
2362 2363 0.021822
2365 2363 0.021822
6395 2363 0.021822
2362 2364 0.0016699
2365 2364 0.0016699
6395 2364 0.0016699
2364 2365 0.0108
2367 2365 0.0108
6366 2365 0.0108
6367 2365 0.0108
2366 2367 0.0042184
7006 2367 0.0042184
7086 2367 0.0042184
1530 2849 0.0098995
1533 2849 0.0098995
2850 2849 0.0098995
600 2850 0.0065611
2849 2850 0.0065611
3344 2850 0.0065611
3345 2850 0.0065611
133 3051 0.00014317
3052 3051 0.00014317
3051 3052 0.00043378
3710 3052 0.00043378
3711 3052 0.00043378
3054 3053 0.00072304
3685 3053 0.00072304
1570 3091 0.00010505
1573 3091 0.00010505
3092 3091 0.00010505
3107 3109 0.0041802
3110 3109 0.0041802
3309 3109 0.0041802
3310 3109 0.0041802
3109 3111 0.0063698
3112 3111 0.0063698
3313 3111 0.0063698
3314 3111 0.0063698
3111 3113 0.0026022
3114 3113 0.0026022
6382 3113 0.0026022
6383 3113 0.0026022
3113 3115 0.00087959
3116 3115 0.00087959
6106 3115 0.00087959
3118 3117 0.00046568
6390 3117 0.00046568
6391 3117 0.00046568
3117 3118 0.0012845
5957 3118 0.0012845
6368 3118 0.0012845
6369 3118 0.0012845
2360 3119 0.018328
2363 3119 0.018328
3120 3119 0.018328
996 3120 0.0035968
3119 3120 0.0035968
4790 3120 0.0035968
6237 3120 0.0035968
3121 3122 0.038755
3328 3122 0.038755
3329 3122 0.038755
3124 3123 0.057249
3307 3123 0.057249
3308 3123 0.057249
3637 3123 0.057249
3123 3124 0.00028751
3126 3124 0.00028751
3312 3124 0.00028751
3123 3125 0.054962
3126 3125 0.054962
3312 3125 0.054962
3125 3126 0.00023013
3128 3126 0.00023013
5949 3126 0.00023013
3125 3127 0.04474
3128 3127 0.04474
5949 3127 0.04474
3127 3128 0.00024925
3130 3128 0.00024925
6380 3128 0.00024925
6381 3128 0.00024925
3127 3129 0.01319
3130 3129 0.01319
6380 3129 0.01319
6381 3129 0.01319
3129 3130 0.00056406
3132 3130 0.00056406
6105 3130 0.00056406
6108 3130 0.00056406
3129 3131 0.0043089
3132 3131 0.0043089
6105 3131 0.0043089
6108 3131 0.0043089
3131 3132 0.00052838
3134 3132 0.00052838
6402 3132 0.00052838
6403 3132 0.00052838
3131 3133 0.0014404
3134 3133 0.0014404
6402 3133 0.0014404
6403 3133 0.0014404
3133 3134 0.00085171
5955 3134 0.00085171
6394 3134 0.00085171
3136 3135 0.021101
3305 3135 0.021101
3306 3135 0.021101
3135 3136 0.0019133
5948 3136 0.0019133
5953 3136 0.0019133
3138 3137 0.0022907
5832 3137 0.0022907
6422 3137 0.0022907
3137 3138 0.23986
3302 3138 0.23986
3338 3138 0.23986
3140 3139 0.0043223
6372 3139 0.0043223
6373 3139 0.0043223
6407 3139 0.0043223
3139 3140 0.017168
3910 3140 0.017168
6112 3140 0.017168
3142 3141 0.058815
6414 3141 0.058815
6415 3141 0.058815
3141 3142 0.0039833
3144 3142 0.0039833
4787 3142 0.0039833
3141 3143 0.032841
3144 3143 0.032841
4787 3143 0.032841
3143 3144 0.013335
3146 3144 0.013335
6374 3144 0.013335
6375 3144 0.013335
3143 3145 0.013173
3146 3145 0.013173
6374 3145 0.013173
6375 3145 0.013173
3145 3146 0.0059745
3148 3146 0.0059745
3911 3146 0.0059745
6109 3146 0.0059745
3145 3147 0.0054605
3148 3147 0.0054605
3911 3147 0.0054605
6109 3147 0.0054605
3147 3148 0.0021385
5951 3148 0.0021385
6398 3148 0.0021385
6399 3148 0.0021385
1528 3302 0.0062498
1531 3302 0.0062498
3303 3302 0.0062498
3137 3303 0.009622
3302 3303 0.009622
3338 3303 0.009622
3136 3304 0.031699
3305 3304 0.031699
3306 3304 0.031699
3304 3305 0.0060476
6420 3305 0.0060476
6421 3305 0.0060476
3124 3306 0.046528
3307 3306 0.046528
3308 3306 0.046528
3637 3306 0.046528
3136 3307 0.0016892
3305 3307 0.0016892
3306 3307 0.0016892
3124 3309 0.0041802
3307 3309 0.0041802
3308 3309 0.0041802
3637 3309 0.0041802
3109 3312 0.0010308
3112 3312 0.0010308
3313 3312 0.0010308
3314 3312 0.0010308
3123 3313 0.0032602
3126 3313 0.0032602
3312 3313 0.0032602
3318 3319 0.00011758
6983 3319 0.00011758
7092 3319 0.00011758
3321 3320 0.00043898
3322 3320 0.00043898
7097 3320 0.00043898
3320 3321 0.00052447
6977 3321 0.00052447
7096 3321 0.00052447
3323 3322 0.0010198
3324 3322 0.0010198
7103 3322 0.0010198
3321 3323 0.00017362
3322 3323 0.00017362
7097 3323 0.00017362
3325 3324 0.0012077
3326 3324 0.0012077
7099 3324 0.0012077
3323 3325 0.00038823
3324 3325 0.00038823
7103 3325 0.00038823
2753 3326 0.0017145
3327 3326 0.0017145
5237 3326 0.0017145
3325 3327 0.00023369
3326 3327 0.00023369
7099 3327 0.00023369
2353 3328 0.049484
3337 3328 0.049484
3331 3332 0.00011249
5827 3332 0.00011249
5829 3332 0.00011249
3332 3333 0.00011249
3334 3333 0.00011249
3335 3336 0.00060848
5823 3336 0.00060848
5831 3336 0.00060848
6967 3336 0.00060848
3137 3337 0.64373
3302 3337 0.64373
3338 3337 0.64373
3343 3338 0.88467
3639 3338 0.88467
3962 3338 0.88467
3340 3339 0.00091103
3342 3339 0.00091103
3960 3339 0.00091103
1532 3340 0.00094488
2851 3340 0.00094488
3339 3340 0.00094488
3340 3341 0.00094488
3342 3341 0.00094488
3960 3341 0.00094488
3341 3342 0.00091103
3346 3342 0.00091103
4684 3342 0.00091103
600 3343 0.014691
2849 3343 0.014691
3344 3343 0.014691
3345 3343 0.014691
3343 3344 0.0068685
3639 3344 0.0068685
3962 3344 0.0068685
3341 3345 0.0051584
3346 3345 0.0051584
4684 3345 0.0051584
600 3346 0.00067472
2849 3346 0.00067472
3344 3346 0.00067472
3345 3346 0.00067472
73 3347 0.0043862
3348 3347 0.0043862
3349 3347 0.0043862
3350 3349 0.0043862
3351 3349 0.0043862
3363 3349 0.0043862
3352 3351 0.0040919
3366 3351 0.0040919
3691 3351 0.0040919
3364 3363 0.00030501
3365 3363 0.00030501
3367 3363 0.00030501
3364 3366 0.00025907
3365 3366 0.00025907
3367 3366 0.00025907
3368 3367 0.00051584
3369 3367 0.00051584
3665 3367 0.00051584
3368 3370 0.00023033
3369 3370 0.00023033
3665 3370 0.00023033
3638 3637 0.10604
3640 3637 0.10604
5268 3637 0.10604
3124 3638 0.00012054
3307 3638 0.00012054
3308 3638 0.00012054
3637 3638 0.00012054
3638 3639 0.00073925
3640 3639 0.00073925
5268 3639 0.00073925
3343 3640 0.10304
3639 3640 0.10304
3962 3640 0.10304
3666 3665 0.000685
3667 3665 0.000685
5843 3665 0.000685
3668 3667 0.00077304
3669 3667 0.00077304
6478 3667 0.00077304
3670 3669 0.00015949
3679 3669 0.00015949
5851 3669 0.00015949
3668 3670 0.00021319
3669 3670 0.00021319
6478 3670 0.00021319
3671 3672 0.00017676
5854 3672 0.00017676
3672 3674 0.00025318
3673 3674 0.00025318
3675 3674 0.00025318
3680 3679 0.00026671
3681 3679 0.00026671
3689 3679 0.00026671
6479 3679 0.00026671
3670 3680 0.00015489
3679 3680 0.00015489
5851 3680 0.00015489
3053 3681 0.0010873
3682 3681 0.0010873
3683 3681 0.0010873
3684 3683 0.00098154
3686 3683 0.00098154
3687 3683 0.00098154
3053 3684 0.00061431
3682 3684 0.00061431
3683 3684 0.00061431
3684 3685 0.00072304
3686 3685 0.00072304
3687 3685 0.00072304
3688 3687 0.0016404
3714 3687 0.0016404
3715 3687 0.0016404
3684 3688 0.00062617
3686 3688 0.00062617
3687 3688 0.00062617
3370 3691 0.0038791
3692 3691 0.0038791
3693 3691 0.0038791
3694 3693 0.0037027
3695 3693 0.0037027
6563 3693 0.0037027
3674 3695 0.0036144
3696 3695 0.0036144
3697 3695 0.0036144
3642 3697 0.0033826
3698 3697 0.0033826
3716 3697 0.0033826
781 3699 0.00011818
3700 3699 0.00011818
3701 3699 0.00011818
553 3701 0.00012028
3702 3701 0.00012028
3703 3701 0.00012028
98 3703 0.00012081
3704 3703 0.00012081
3705 3703 0.00012081
1972 3705 0.00016407
3706 3705 0.00016407
3707 3705 0.00016407
3736 3705 0.00016407
134 3707 0.00023979
3708 3707 0.00023979
3709 3707 0.00023979
3051 3709 0.0003606
3710 3709 0.0003606
3711 3709 0.0003606
134 3710 0.00045338
3708 3710 0.00045338
3709 3710 0.00045338
2146 3711 0.00077351
3712 3711 0.00077351
4663 3711 0.00077351
7113 3711 0.00077351
3051 3712 0.00057568
3710 3712 0.00057568
3711 3712 0.00057568
3688 3713 0.0006299
3714 3713 0.0006299
3715 3713 0.0006299
3713 3714 0.0050145
6921 3714 0.0050145
7114 3714 0.0050145
3688 3716 0.0033826
3714 3716 0.0033826
3715 3716 0.0033826
3907 3906 0.0041077
4019 3906 0.0041077
6228 3906 0.0041077
6358 3906 0.0041077
2072 3907 0.013501
2074 3907 0.013501
2075 3907 0.013501
3906 3907 0.013501
3909 3908 0.00052462
6113 3908 0.00052462
6400 3908 0.00052462
6401 3908 0.00052462
3908 3909 0.00063625
6392 3909 0.00063625
6393 3909 0.00063625
3145 3910 0.014693
3148 3910 0.014693
3911 3910 0.014693
6109 3910 0.014693
3139 3911 0.0010305
3910 3911 0.0010305
6112 3911 0.0010305
4685 3962 0.97915
5086 3962 0.97915
1129 3964 0.00024958
3963 3964 0.00024958
4020 4019 0.015673
6232 4019 0.015673
6351 4019 0.015673
3907 4020 0.0028624
4019 4020 0.0028624
6228 4020 0.0028624
6358 4020 0.0028624
2146 4662 0.99542
3712 4662 0.99542
4663 4662 0.99542
7113 4662 0.99542
3347 4684 0.0044514
3354 4684 0.0044514
4683 4684 0.0044514
4788 4787 0.005959
6408 4787 0.005959
6409 4787 0.005959
3141 4788 0.041284
3144 4788 0.041284
4787 4788 0.041284
996 4789 0.00086104
3119 4789 0.00086104
4790 4789 0.00086104
6237 4789 0.00086104
4789 4790 0.0049999
6240 4790 0.0049999
6365 4790 0.0049999
4685 5085 0.017839
5086 5085 0.017839
5087 5086 0.99693
5271 5086 0.99693
1129 5087 0.001318
3963 5087 0.001318
7272 5088 0.00012825
7274 5088 0.00012825
5091 5090 0.0021638
5838 5090 0.0021638
1128 5091 0.017239
5092 5091 0.017239
5093 5092 0.00013023
5088 5093 0.000132
5094 5093 0.000132
3121 5237 0.010785
3328 5237 0.010785
3329 5237 0.010785
2149 5260 0.31019
7287 5260 0.31019
3638 5267 0.00083655
3640 5267 0.00083655
5268 5267 0.00083655
3138 5268 0.0044535
5832 5268 0.0044535
6422 5268 0.0044535
3122 5269 0.028404
5270 5269 0.028404
6233 5269 0.028404
2753 5270 0.0093044
3327 5270 0.0093044
5237 5270 0.0093044
3964 5271 0.99567
6738 5271 0.99567
2350 5670 0.0020965
5671 5670 0.0020965
5836 5670 0.0020965
3335 5822 0.00025374
5823 5822 0.00025374
5831 5822 0.00025374
6967 5822 0.00025374
5822 5823 0.00054078
6963 5823 0.00054078
7102 5823 0.00054078
7104 5823 0.00054078
5824 5825 0.00050294
6964 5825 0.00050294
7100 5825 0.00050294
5825 5827 0.00011249
5826 5827 0.00011249
5830 5827 0.00011249
5825 5831 0.00043943
5826 5831 0.00043943
5830 5831 0.00043943
2352 5832 0.0084446
2355 5832 0.0084446
5269 5832 0.0084446
6877 5835 0.0021592
5835 5836 0.0021504
5091 5837 0.015081
5838 5837 0.015081
5839 5840 0.00010121
5842 5840 0.00010121
5848 5840 0.00010121
5841 5842 0.00010121
5844 5842 0.00010121
5850 5842 0.00010121
3666 5844 0.00010121
3667 5844 0.00010121
5843 5844 0.00010121
3670 5852 0.00017676
3679 5852 0.00017676
5851 5852 0.00017676
5852 5854 0.00017676
5853 5854 0.00017676
3125 5948 0.012312
3128 5948 0.012312
5949 5948 0.012312
3135 5949 0.0020713
5948 5949 0.0020713
5953 5949 0.0020713
3147 5950 0.0011551
5951 5950 0.0011551
6398 5950 0.0011551
6399 5950 0.0011551
5950 5951 0.0010788
6389 5951 0.0010788
6405 5951 0.0010788
3135 5952 0.030491
5948 5952 0.030491
5953 5952 0.030491
5952 5953 0.0010633
6378 5953 0.0010633
6379 5953 0.0010633
3133 5954 0.00087057
5955 5954 0.00087057
6394 5954 0.00087057
5954 5955 0.0014443
6370 5955 0.0014443
6388 5955 0.0014443
7111 5955 0.0014443
3117 5956 0.00042335
5957 5956 0.00042335
6368 5956 0.00042335
6369 5956 0.00042335
5956 5957 0.001753
6386 5957 0.001753
6387 5957 0.001753
3113 6105 0.0019863
3116 6105 0.0019863
6106 6105 0.0019863
3129 6106 0.00028371
3132 6106 0.00028371
6105 6106 0.00028371
6108 6106 0.00028371
3129 6107 0.010741
3132 6107 0.010741
6105 6107 0.010741
6108 6107 0.010741
6107 6108 0.00019341
6110 6108 0.00019341
6114 6108 0.00019341
6107 6109 0.010236
6110 6109 0.010236
6114 6109 0.010236
3145 6110 0.00045007
3148 6110 0.00045007
3911 6110 0.00045007
6109 6110 0.00045007
3139 6111 0.0052098
3910 6111 0.0052098
6112 6111 0.0052098
6111 6112 0.0043925
6396 6112 0.0043925
6397 6112 0.0043925
6406 6112 0.0043925
6107 6113 0.0015925
6110 6113 0.0015925
6114 6113 0.0015925
3909 6114 0.00083083
6113 6114 0.00083083
6400 6114 0.00083083
6401 6114 0.00083083
3333 6226 0.00070292
3336 6226 0.00070292
6225 6226 0.00070292
3907 6227 0.00084472
4019 6227 0.00084472
6228 6227 0.00084472
6358 6227 0.00084472
548 6228 0.0047023
6226 6228 0.0047023
6227 6228 0.0047023
6230 6228 0.0047023
548 6229 0.00057223
6226 6229 0.00057223
6227 6229 0.00057223
6230 6229 0.00057223
6229 6230 0.0019743
6979 6230 0.0019743
7063 6230 0.0019743
4020 6231 0.0072769
6232 6231 0.0072769
6351 6231 0.0072769
6231 6232 0.016565
6234 6232 0.016565
6354 6232 0.016565
6231 6233 0.0027618
6234 6233 0.0027618
6354 6233 0.0027618
3122 6234 0.022361
5270 6234 0.022361
6233 6234 0.022361
2071 6237 0.0021313
6238 6237 0.0021313
6239 6237 0.0021313
996 6238 0.0059795
3119 6238 0.0059795
4790 6238 0.0059795
6237 6238 0.0059795
4789 6239 0.0028574
6240 6239 0.0028574
6365 6239 0.0028574
2071 6240 0.00036484
6238 6240 0.00036484
6239 6240 0.00036484
950 6351 0.011566
6352 6351 0.011566
6353 6351 0.011566
6356 6351 0.011566
4020 6352 0.0080432
6232 6352 0.0080432
6351 6352 0.0080432
2354 6353 0.065767
2357 6353 0.065767
948 6354 0.0012849
951 6354 0.0012849
6355 6354 0.0012849
6231 6355 0.011596
6234 6355 0.011596
6354 6355 0.011596
950 6357 0.072627
6352 6357 0.072627
6353 6357 0.072627
6356 6357 0.072627
995 6358 0.0021024
6359 6358 0.0021024
6360 6358 0.0021024
3907 6359 0.028164
4019 6359 0.028164
6228 6359 0.028164
6358 6359 0.028164
6357 6360 0.0033188
6361 6360 0.0033188
995 6361 0.08881
6359 6361 0.08881
6360 6361 0.08881
6357 6362 0.15805
6361 6362 0.15805
6364 6363 0.18735
6410 6363 0.18735
6411 6363 0.18735
6363 6364 0.0075675
6943 6364 0.0075675
7165 6364 0.0075675
2364 6365 0.0068121
2367 6365 0.0068121
6366 6365 0.0068121
6367 6365 0.0068121
4789 6366 0.00018073
6240 6366 0.00018073
6365 6366 0.00018073
3117 6367 0.011684
5957 6367 0.011684
6368 6367 0.011684
6369 6367 0.011684
5954 6369 0.011218
6370 6369 0.011218
6388 6369 0.011218
7111 6369 0.011218
3117 6370 0.00013388
5957 6370 0.00013388
6368 6370 0.00013388
6369 6370 0.00013388
3140 6371 0.16276
6372 6371 0.16276
6373 6371 0.16276
6407 6371 0.16276
2078 6372 0.0045926
2358 6372 0.0045926
2361 6372 0.0045926
6371 6372 0.0045926
3143 6373 0.15192
3146 6373 0.15192
6374 6373 0.15192
6375 6373 0.15192
3140 6374 0.0021713
6372 6374 0.0021713
6373 6374 0.0021713
6407 6374 0.0021713
6376 6375 0.13762
6377 6375 0.13762
6417 6375 0.13762
3143 6376 0.00018241
3146 6376 0.00018241
6374 6376 0.00018241
6375 6376 0.00018241
5952 6377 0.065474
6378 6377 0.065474
6379 6377 0.065474
6376 6378 0.00038308
6377 6378 0.00038308
6417 6378 0.00038308
3127 6379 0.036552
3130 6379 0.036552
6380 6379 0.036552
6381 6379 0.036552
5952 6380 0.00088938
6378 6380 0.00088938
6379 6380 0.00088938
3111 6381 0.0046084
3114 6381 0.0046084
6382 6381 0.0046084
6383 6381 0.0046084
3127 6382 0.00081037
3130 6382 0.00081037
6380 6382 0.00081037
6381 6382 0.00081037
5956 6385 0.0021706
6386 6385 0.0021706
6387 6385 0.0021706
5954 6387 0.0034634
6370 6387 0.0034634
6388 6387 0.0034634
7111 6387 0.0034634
3118 6389 0.0020691
6390 6389 0.0020691
6391 6389 0.0020691
5950 6390 0.00019947
6389 6390 0.00019947
6405 6390 0.00019947
3908 6391 0.0013129
6392 6391 0.0013129
6393 6391 0.0013129
3118 6392 0.00026213
6390 6392 0.00026213
6391 6392 0.00026213
3133 6393 0.0013127
5955 6393 0.0013127
6394 6393 0.0013127
3908 6394 0.00015021
6392 6394 0.00015021
6393 6394 0.00015021
6111 6395 0.01179
6396 6395 0.01179
6397 6395 0.01179
6406 6395 0.01179
2362 6396 0.000872
2365 6396 0.000872
6395 6396 0.000872
3147 6397 0.0086561
5951 6397 0.0086561
6398 6397 0.0086561
6399 6397 0.0086561
6111 6398 0.00050096
6396 6398 0.00050096
6397 6398 0.00050096
6406 6398 0.00050096
3909 6399 0.0050897
6113 6399 0.0050897
6400 6399 0.0050897
6401 6399 0.0050897
3147 6400 0.0001802
5951 6400 0.0001802
6398 6400 0.0001802
6399 6400 0.0001802
3131 6401 0.0041631
3134 6401 0.0041631
6402 6401 0.0041631
6403 6401 0.0041631
3909 6402 0.000127
6113 6402 0.000127
6400 6402 0.000127
6401 6402 0.000127
3115 6403 0.00087959
5959 6403 0.00087959
6404 6403 0.00087959
6111 6405 0.00013761
6396 6405 0.00013761
6397 6405 0.00013761
6406 6405 0.00013761
5950 6406 0.0020835
6389 6406 0.0020835
6405 6406 0.0020835
4788 6407 0.029961
6408 6407 0.029961
6409 6407 0.029961
3140 6408 0.034382
6372 6408 0.034382
6373 6408 0.034382
6407 6408 0.034382
6364 6409 0.021427
6410 6409 0.021427
6411 6409 0.021427
4788 6410 0.061174
6408 6410 0.061174
6409 6410 0.061174
5834 6411 0.14268
6412 6411 0.14268
6413 6411 0.14268
6364 6412 0.0026462
6410 6412 0.0026462
6411 6412 0.0026462
3142 6413 0.14268
6414 6413 0.14268
6415 6413 0.14268
5834 6414 0.0026462
6412 6414 0.0026462
6413 6414 0.0026462
6416 6415 0.19633
6418 6415 0.19633
6419 6415 0.19633
3142 6416 0.001467
6414 6416 0.001467
6415 6416 0.001467
6416 6417 0.074902
6418 6417 0.074902
6419 6417 0.074902
6376 6418 0.0025558
6377 6418 0.0025558
6417 6418 0.0025558
3304 6419 0.26742
6420 6419 0.26742
6421 6419 0.26742
6416 6420 0.00020707
6418 6420 0.00020707
6419 6420 0.00020707
3138 6421 0.24391
5832 6421 0.24391
6422 6421 0.24391
3304 6422 0.0023522
6420 6422 0.0023522
6421 6422 0.0023522
3680 6478 0.00083637
3681 6478 0.00083637
3689 6478 0.00083637
6479 6478 0.00083637
5840 6563 0.00010121
5846 6563 0.00010121
6562 6563 0.00010121
4662 6738 0.99542
6739 6738 0.99542
2148 6794 0.69119
6795 6794 0.69119
724 6795 0.0013757
2147 6795 0.0013757
6794 6795 0.0013757
5085 6873 0.017109
5267 6873 0.017109
6873 6874 0.017109
5090 6877 0.0021592
3713 6920 0.038466
6921 6920 0.038466
7114 6920 0.038466
723 6921 0.058716
6920 6921 0.058716
6939 6938 0.63723
7067 6938 0.63723
7163 6938 0.63723
7164 6938 0.63723
6938 6939 0.032341
6941 6939 0.032341
6949 6939 0.032341
6938 6940 0.0021438
6941 6940 0.0021438
6949 6940 0.0021438
6940 6941 0.32668
6942 6941 0.32668
6945 6941 0.32668
6947 6941 0.32668
6363 6942 0.32668
6943 6942 0.32668
7165 6942 0.32668
6940 6943 0.0021438
6942 6943 0.0021438
6945 6943 0.0021438
6947 6943 0.0021438
6938 6948 0.10031
6941 6948 0.10031
6949 6948 0.10031
6948 6949 0.17087
6950 6949 0.17087
6953 6949 0.17087
6948 6952 0.10031
6950 6952 0.10031
6953 6952 0.10031
6952 6953 0.17087
7161 6953 0.17087
7162 6953 0.17087
5824 6963 0.00038355
6964 6963 0.00038355
7100 6963 0.00038355
5822 6964 0.00019977
6963 6964 0.00019977
7102 6964 0.00019977
7104 6964 0.00019977
3335 6968 0.00019459
5823 6968 0.00019459
5831 6968 0.00019459
6967 6968 0.00019459
6969 6971 0.00054449
6972 6971 0.00054449
6975 6971 0.00054449
7066 6971 0.00054449
6971 6972 0.00039297
6974 6972 0.00039297
7064 6972 0.00039297
6971 6973 0.00067974
6974 6973 0.00067974
7064 6973 0.00067974
6973 6974 0.00053532
6976 6974 0.00053532
6978 6974 0.00053532
6973 6975 0.00086802
6976 6975 0.00086802
6978 6975 0.00086802
6969 6976 0.0002532
6972 6976 0.0002532
6975 6976 0.0002532
7066 6976 0.0002532
6973 6977 0.00037392
6976 6977 0.00037392
6978 6977 0.00037392
3320 6978 0.00084432
6977 6978 0.00084432
7096 6978 0.00084432
6980 6979 0.0016021
7065 6979 0.0016021
7098 6979 0.0016021
6229 6980 0.00020716
6979 6980 0.00020716
7063 6980 0.00020716
6971 7063 0.00070555
6974 7063 0.00070555
7064 7063 0.00070555
6229 7064 0.00069845
6979 7064 0.00069845
7063 7064 0.00069845
6969 7065 0.00077706
6972 7065 0.00077706
6975 7065 0.00077706
7066 7065 0.00077706
6980 7066 0.00031376
7065 7066 0.00031376
7098 7066 0.00031376
5670 7086 0.0041752
6385 7086 0.0041752
7085 7086 0.0041752
6997 7092 0.00011275
7090 7092 0.00011275
7091 7092 0.00011275
547 7093 0.00083783
2073 7093 0.00083783
7094 7093 0.00083783
3319 7094 0.00036818
5985 7094 0.00036818
7093 7094 0.00036818
7095 7094 0.00036818
3320 7095 0.00031918
6977 7095 0.00031918
7096 7095 0.00031918
3319 7096 0.00087507
5985 7096 0.00087507
7093 7096 0.00087507
7095 7096 0.00087507
6980 7097 0.0001437
7065 7097 0.0001437
7098 7097 0.0001437
3321 7098 0.0010754
3322 7098 0.0010754
7097 7098 0.0010754
3325 7100 0.00073325
3326 7100 0.00073325
7099 7100 0.00073325
6965 7102 0.00019459
6968 7102 0.00019459
7101 7102 0.00019459
5822 7103 0.00041226
6963 7103 0.00041226
7102 7103 0.00041226
7104 7103 0.00041226
3323 7104 0.00038557
3324 7104 0.00038557
7103 7104 0.00038557
5837 7111 0.015081
6927 7111 0.015081
7069 7111 0.015081
7112 7111 0.015081
3713 7113 0.057084
6921 7113 0.057084
7114 7113 0.057084
2146 7114 0.041218
3712 7114 0.041218
4663 7114 0.041218
7113 7114 0.041218
6952 7160 0.0012973
7161 7160 0.0012973
7162 7160 0.0012973
2356 7161 0.82152
2359 7161 0.82152
6362 7161 0.82152
7160 7161 0.82152
6939 7162 0.012778
7067 7162 0.012778
7163 7162 0.012778
7164 7162 0.012778
6952 7163 0.76243
7161 7163 0.76243
7162 7163 0.76243
6363 7164 0.097974
6943 7164 0.097974
7165 7164 0.097974
6939 7165 0.24273
7067 7165 0.24273
7163 7165 0.24273
7164 7165 0.24273
7182 7184 1
7185 7184 1
1127 7274 0.00012465
3095 7274 0.00012465
3098 7274 0.00012465
7184 7287 1
7288 7287 1
