719 720 1
5908 720 1
7109 720 1
943 942 0.00015826
4221 942 0.00015826
4815 942 0.00015826
942 943 0.014324
945 943 0.014324
5898 943 0.014324
7252 943 0.014324
944 945 0.00079809
947 945 0.00079809
4210 945 0.00079809
1466 1117 0.00069071
2325 1117 0.00069071
1656 1655 0.0033331
5746 1655 0.0033331
5748 1655 0.0033331
1655 1656 0.29194
5745 1656 0.29194
5901 1656 0.29194
5904 1656 0.29194
1658 1657 0.00015826
5747 1657 0.00015826
5907 1657 0.00015826
5984 1657 0.00015826
1657 1658 0.014324
4219 1658 0.014324
4817 1658 0.014324
2324 2325 0.00063799
7131 2325 0.00063799
2326 2327 0.0005737
7259 2327 0.0005737
1117 2344 0.00068912
2345 2344 0.00068912
2344 2346 0.0062205
2347 2346 0.0062205
5906 2346 0.0062205
2346 2347 0.071013
6960 2347 0.071013
7108 2347 0.071013
2349 2348 0.00039208
5903 2348 0.00039208
5986 2348 0.00039208
7105 2348 0.00039208
4205 4206 0.0010911
5741 4206 0.0010911
5742 4206 0.0010911
4204 4208 0.0013213
4206 4208 0.0013213
4207 4208 0.0013213
4211 4208 0.0013213
4201 4210 0.00079848
4208 4210 0.00079848
4209 4210 0.00079848
5909 4210 0.00079848
4212 4211 0.00036825
4214 4211 0.00036825
4204 4212 0.00013291
4206 4212 0.00013291
4207 4212 0.00013291
4211 4212 0.00013291
4212 4213 0.00013291
4214 4213 0.00013291
4213 4214 0.00036825
5743 4214 0.00036825
5744 4214 0.00036825
4220 4219 0.014324
4222 4219 0.014324
1657 4220 0.00015826
4219 4220 0.00015826
4817 4220 0.00015826
4220 4221 0.00015826
4222 4221 0.00015826
943 4222 0.014324
4221 4222 0.014324
4815 4222 0.014324
2327 4707 0.00058955
4708 4707 0.00058955
5968 4707 0.00058955
2348 5738 0.00030114
5239 5738 0.00030114
5739 5738 0.00030114
5740 5741 0.00030024
7219 5741 0.00030024
4213 5742 0.0010498
5743 5742 0.0010498
5744 5742 0.0010498
4205 5743 0.00028432
5741 5743 0.00028432
5742 5743 0.00028432
1655 5744 0.0013985
5745 5744 0.0013985
5901 5744 0.0013985
5904 5744 0.0013985
4213 5745 0.00039769
5743 5745 0.00039769
5744 5745 0.00039769
1658 5746 0.0033331
5747 5746 0.0033331
5907 5746 0.0033331
5984 5746 0.0033331
1656 5747 0.29194
5746 5747 0.29194
5748 5747 0.29194
5895 5896 0.00065772
7253 5896 0.00065772
942 5897 0.00068023
945 5897 0.00068023
5898 5897 0.00068023
7252 5897 0.00068023
5897 5898 0.014712
5900 5898 0.014712
5983 5898 0.014712
5899 5900 0.51605
5902 5900 0.51605
5910 5900 0.51605
5899 5901 0.00015343
5902 5901 0.00015343
5910 5901 0.00015343
1655 5902 0.51561
5745 5902 0.51561
5901 5902 0.51561
5904 5902 0.51561
2349 5904 0.80513
5903 5904 0.80513
5986 5904 0.80513
7105 5904 0.80513
2344 5905 0.071643
2347 5905 0.071643
5906 5905 0.071643
5905 5906 0.006206
6955 5906 0.006206
7110 5906 0.006206
1658 5908 0.80476
5747 5908 0.80476
5907 5908 0.80476
5984 5908 0.80476
5899 5909 0.00058411
5902 5909 0.00058411
5910 5909 0.00058411
4201 5910 0.0011
4208 5910 0.0011
4209 5910 0.0011
5909 5910 0.0011
1658 5983 0.00041384
5747 5983 0.00041384
5907 5983 0.00041384
5984 5983 0.00041384
5897 5984 0.50236
5900 5984 0.50236
5983 5984 0.50236
3319 5986 1.0001
5985 5986 1.0001
7093 5986 1.0001
7095 5986 1.0001
5905 6954 0.0011902
6955 6954 0.0011902
7110 6954 0.0011902
6954 6955 0.13104
6957 6955 0.13104
6959 6955 0.13104
2346 6959 0.13104
6960 6959 0.13104
7108 6959 0.13104
6954 6960 0.0011902
6957 6960 0.0011902
6959 6960 0.0011902
6961 7105 0.00011809
7106 7105 0.00011809
7107 7105 0.00011809
2349 7106 0.19476
5903 7106 0.19476
5986 7106 0.19476
7105 7106 0.19476
2346 7107 0.00011809
6960 7107 0.00011809
7108 7107 0.00011809
6961 7108 0.19476
7106 7108 0.19476
7107 7108 0.19476
5905 7109 0.19933
6955 7109 0.19933
7110 7109 0.19933
719 7110 0.0040499
5908 7110 0.0040499
7109 7110 0.0040499
3189 7131 0.00063799
4707 7131 0.00063799
5981 7131 0.00063799
7130 7131 0.00063799
5241 7219 0.00030024
5738 7219 0.00030024
7218 7219 0.00030024
942 7253 0.00065772
945 7253 0.00065772
5898 7253 0.00065772
7252 7253 0.00065772
2329 7259 0.0005737
5896 7259 0.0005737
7254 7259 0.0005737
7258 7259 0.0005737
