428 427 0.0001636
429 427 0.0001636
3089 427 0.0001636
5680 427 0.0001636
427 428 0.00055311
431 428 0.00055311
3097 428 0.00055311
2279 431 0.0036415
5674 431 0.0036415
7273 431 0.0036415
427 432 0.0014243
431 432 0.0014243
3097 432 0.0014243
6878 434 0.18353
548 547 0.0025269
6226 547 0.0025269
6227 547 0.0025269
6230 547 0.0025269
547 548 0.010693
2073 548 0.010693
7094 548 0.010693
942 943 0.0024716
945 943 0.0024716
5898 943 0.0024716
7252 943 0.0024716
942 944 0.00079683
945 944 0.00079683
5898 944 0.00079683
7252 944 0.00079683
944 945 0.021927
947 945 0.021927
4210 945 0.021927
946 947 0.033224
6707 947 0.033224
948 950 0.00012767
951 950 0.00012767
6355 950 0.00012767
995 994 0.010619
6359 994 0.010619
6360 994 0.010619
994 995 0.0016419
997 995 0.0016419
2076 995 0.0016419
2077 995 0.0016419
994 996 0.038614
997 996 0.038614
2076 996 0.038614
2077 996 0.038614
996 997 0.0031033
3119 997 0.0031033
4790 997 0.0031033
6237 997 0.0031033
1466 1117 0.00055983
2325 1117 0.00055983
434 1126 0.1836
5089 1126 0.1836
432 1127 0.0014131
5692 1127 0.0014131
6874 1128 0.00029317
1227 1226 0.029327
7040 1226 0.029327
7075 1226 0.029327
7079 1226 0.029327
1226 1227 0.025324
1536 1227 0.025324
4200 1227 0.025324
1226 1537 0.0043943
1536 1537 0.0043943
4200 1537 0.0043943
1654 1653 0.013816
2340 1653 0.013816
2343 1653 0.013816
1653 1654 0.0081892
7054 1654 0.0081892
7076 1654 0.0081892
1656 1655 0.0037044
5746 1655 0.0037044
5748 1655 0.0037044
1657 1658 0.0024716
4219 1658 0.0024716
4817 1658 0.0024716
2072 2071 0.068858
2074 2071 0.068858
2075 2071 0.068858
3906 2071 0.068858
2071 2072 0.003537
6238 2072 0.003537
6239 2072 0.003537
2072 2073 0.00081905
2074 2073 0.00081905
2075 2073 0.00081905
3906 2073 0.00081905
547 2074 0.11344
2073 2074 0.11344
7094 2074 0.11344
994 2075 0.001553
997 2075 0.001553
2076 2075 0.001553
2077 2075 0.001553
2072 2076 0.055327
2074 2076 0.055327
2075 2076 0.055327
3906 2076 0.055327
2078 2077 0.0010696
2358 2077 0.0010696
2361 2077 0.0010696
6371 2077 0.0010696
994 2078 0.02831
997 2078 0.02831
2076 2078 0.02831
2077 2078 0.02831
1126 2279 0.029062
2324 2325 0.00054563
7131 2325 0.00054563
2327 2326 0.00058973
4708 2326 0.00058973
5968 2326 0.00058973
2326 2327 0.00062183
7259 2327 0.00062183
2328 2329 0.098769
7257 2329 0.098769
2330 2331 0.099815
2333 2331 0.099815
5975 2331 0.099815
2330 2332 0.00021793
2333 2332 0.00021793
5975 2332 0.00021793
2332 2333 0.099439
2335 2333 0.099439
4216 2333 0.099439
2334 2335 0.11796
2337 2335 0.11796
5977 2335 0.11796
7152 2335 0.11796
2336 2337 0.13615
2339 2337 0.13615
4709 2337 0.13615
2336 2338 0.00055758
2339 2338 0.00055758
4709 2338 0.00055758
2338 2339 0.13278
2341 2339 0.13278
4198 2339 0.13278
2338 2340 0.016493
2341 2340 0.016493
4198 2340 0.016493
1654 2341 0.008139
2340 2341 0.008139
2343 2341 0.008139
1654 2342 0.002733
2340 2342 0.002733
2343 2342 0.002733
1117 2344 0.00050995
2345 2344 0.00050995
2344 2346 0.00052155
2347 2346 0.00052155
5906 2346 0.00052155
2349 2348 0.012971
5903 2348 0.012971
5986 2348 0.012971
7105 2348 0.012971
2348 2349 0.018385
5239 2349 0.018385
5739 2349 0.018385
2351 2350 0.41517
4656 2350 0.41517
7014 2350 0.41517
7087 2350 0.41517
2350 2351 0.0038536
5671 2351 0.0038536
5836 2351 0.0038536
2352 2354 0.00015145
2355 2354 0.00015145
5269 2354 0.00015145
2354 2355 0.00010466
2357 2355 0.00010466
2354 2356 0.00013347
2357 2356 0.00013347
2356 2357 0.00014135
2359 2357 0.00014135
6362 2357 0.00014135
7160 2357 0.00014135
2356 2358 0.0053734
2359 2358 0.0053734
6362 2358 0.0053734
7160 2358 0.0053734
2078 2359 0.000239
2358 2359 0.000239
2361 2359 0.000239
6371 2359 0.000239
2078 2360 0.026221
2358 2360 0.026221
2361 2360 0.026221
6371 2360 0.026221
2360 2361 0.00090216
2363 2361 0.00090216
3120 2361 0.00090216
2360 2362 0.039755
2363 2362 0.039755
3120 2362 0.039755
2362 2363 0.00077593
2365 2363 0.00077593
6395 2363 0.00077593
2362 2364 0.037069
2365 2364 0.037069
6395 2364 0.037069
2364 2365 0.0045473
2367 2365 0.0045473
6366 2365 0.0045473
6367 2365 0.0045473
2364 2366 0.014043
2367 2366 0.014043
6366 2366 0.014043
6367 2366 0.014043
2366 2367 0.25158
7006 2367 0.25158
7086 2367 0.25158
3086 3085 0.00044213
5668 3085 0.00044213
5964 3085 0.00044213
3085 3086 0.00011628
3088 3086 0.00011628
5398 3086 0.00011628
3085 3087 0.00041462
3088 3087 0.00041462
5398 3087 0.00041462
3087 3088 0.00011101
7151 3088 0.00011101
3090 3089 0.00015479
5675 3089 0.00015479
5676 3089 0.00015479
7150 3089 0.00015479
428 3090 0.00055594
429 3090 0.00055594
3089 3090 0.00055594
5680 3090 0.00055594
427 3098 0.0018445
431 3098 0.0018445
3097 3098 0.0018445
3113 3115 0.00014965
3116 3115 0.00014965
6106 3115 0.00014965
3118 3117 0.0060254
6390 3117 0.0060254
6391 3117 0.0060254
3117 3118 0.0058552
5957 3118 0.0058552
6368 3118 0.0058552
6369 3118 0.0058552
2360 3119 0.0049687
2363 3119 0.0049687
3120 3119 0.0049687
996 3120 0.01863
3119 3120 0.01863
4790 3120 0.01863
6237 3120 0.01863
3127 3129 0.00068725
3130 3129 0.00068725
6380 3129 0.00068725
6381 3129 0.00068725
3129 3131 0.0019671
3132 3131 0.0019671
6105 3131 0.0019671
6108 3131 0.0019671
3131 3133 0.0060862
3134 3133 0.0060862
6402 3133 0.0060862
6403 3133 0.0060862
3140 3139 0.0040562
6372 3139 0.0040562
6373 3139 0.0040562
6407 3139 0.0040562
3139 3140 0.00028186
3910 3140 0.00028186
6112 3140 0.00028186
3141 3143 0.00033345
3144 3143 0.00033345
4787 3143 0.00033345
3143 3145 0.0030702
3146 3145 0.0030702
6374 3145 0.0030702
6375 3145 0.0030702
3145 3147 0.0029853
3148 3147 0.0029853
3911 3147 0.0029853
6109 3147 0.0029853
3147 3148 0.00037582
5951 3148 0.00037582
6398 3148 0.00037582
6399 3148 0.00037582
3317 3316 0.19856
5238 3316 0.19856
7089 3316 0.19856
3316 3317 0.00037781
7005 3317 0.00037781
7008 3317 0.00037781
7088 3317 0.00037781
3319 3318 0.015541
5985 3318 0.015541
7093 3318 0.015541
7095 3318 0.015541
3318 3319 0.0086066
6983 3319 0.0086066
7092 3319 0.0086066
3321 3320 0.00027105
3322 3320 0.00027105
7097 3320 0.00027105
3320 3321 0.0061103
6977 3321 0.0061103
7096 3321 0.0061103
3323 3322 0.00013242
3324 3322 0.00013242
7103 3322 0.00013242
3321 3323 0.0010452
3322 3323 0.0010452
7097 3323 0.0010452
3323 3325 0.00066327
3324 3325 0.00066327
7103 3325 0.00066327
3325 3327 0.00027658
3326 3327 0.00027658
7099 3327 0.00027658
3331 3332 0.00010304
5827 3332 0.00010304
5829 3332 0.00010304
3332 3333 0.00010304
3334 3333 0.00010304
3335 3336 0.00065106
5823 3336 0.00065106
5831 3336 0.00065106
6967 3336 0.00065106
4199 3791 0.85933
5395 3791 0.85933
5396 3792 0.86368
5397 3792 0.86368
3791 3793 0.29085
3793 3794 0.024097
5993 3794 0.024097
7115 3794 0.024097
3790 3795 0.028447
3794 3795 0.028447
7083 3795 0.028447
3907 3906 0.011673
4019 3906 0.011673
6228 3906 0.011673
6358 3906 0.011673
2072 3907 0.0051935
2074 3907 0.0051935
2075 3907 0.0051935
3906 3907 0.0051935
3909 3908 0.0023564
6113 3908 0.0023564
6400 3908 0.0023564
6401 3908 0.0023564
3908 3909 0.00069513
6392 3909 0.00069513
6393 3909 0.00069513
3145 3910 0.0002968
3148 3910 0.0002968
3911 3910 0.0002968
6109 3910 0.0002968
3139 3911 0.0019435
3910 3911 0.0019435
6112 3911 0.0019435
4020 4019 0.00014195
6232 4019 0.00014195
6351 4019 0.00014195
3907 4020 0.00060738
4019 4020 0.00060738
6228 4020 0.00060738
6358 4020 0.00060738
4163 4162 0.00045285
4164 4162 0.00045285
5889 4162 0.00045285
5892 4162 0.00045285
4162 4163 0.0001472
4171 4163 0.0001472
5793 4163 0.0001472
4165 4164 0.0041421
4166 4164 0.0041421
5929 4164 0.0041421
5972 4164 0.0041421
4167 4166 0.002793
4168 4166 0.002793
5923 4166 0.002793
5926 4166 0.002793
4165 4167 0.00015823
4166 4167 0.00015823
5929 4167 0.00015823
5972 4167 0.00015823
4169 4168 0.00087622
4193 4168 0.00087622
4194 4168 0.00087622
4162 4170 0.00049857
4171 4170 0.00049857
5793 4170 0.00049857
4181 4180 0.00013007
4182 4180 0.00013007
5885 4180 0.00013007
5888 4180 0.00013007
4183 4182 0.00057076
4184 4182 0.00057076
5928 4182 0.00057076
4185 4184 0.00058912
4186 4184 0.00058912
5922 4184 0.00058912
4187 4186 0.00052222
4188 4186 0.00052222
4195 4186 0.00052222
4189 4188 0.00052045
4190 4188 0.00052045
5918 4188 0.00052045
4191 4190 0.00047193
4666 4190 0.00047193
6469 4190 0.00047193
4192 4193 0.00086361
5919 4193 0.00086361
5980 4193 0.00086361
5771 4198 1
5881 4198 1
7116 4199 0.85908
2338 4200 0.85947
2341 4200 0.85947
4198 4200 0.85947
4204 4205 0.0037283
4206 4205 0.0037283
4207 4205 0.0037283
4211 4205 0.0037283
4205 4206 0.00037666
5741 4206 0.00037666
5742 4206 0.00037666
4201 4207 0.0047498
4208 4207 0.0047498
4209 4207 0.0047498
5909 4207 0.0047498
4204 4208 0.0002885
4206 4208 0.0002885
4207 4208 0.0002885
4211 4208 0.0002885
944 4209 0.012342
947 4209 0.012342
4210 4209 0.012342
4201 4210 0.00025707
4208 4210 0.00025707
4209 4210 0.00025707
5909 4210 0.00025707
4204 4212 0.0012072
4206 4212 0.0012072
4207 4212 0.0012072
4211 4212 0.0012072
4212 4213 0.0012072
4214 4213 0.0012072
2332 4215 0.018795
2335 4215 0.018795
4216 4215 0.018795
4215 4216 0.00014323
6725 4216 0.00014323
4218 4217 0.00023626
6706 4217 0.00023626
6724 4217 0.00023626
4217 4218 0.0148
6727 4218 0.0148
4220 4219 0.0024716
4222 4219 0.0024716
943 4222 0.0024716
4221 4222 0.0024716
4815 4222 0.0024716
4224 4223 0.0027305
4225 4223 0.0027305
6894 4223 0.0027305
4227 4228 0.0027324
5937 4228 0.0027324
7073 4228 0.0027324
4657 4656 0.48417
5663 4656 0.48417
5665 4656 0.48417
6736 4658 0.66796
2327 4707 0.00052857
4708 4707 0.00052857
5968 4707 0.00052857
3189 4708 0.00012417
4707 4708 0.00012417
5981 4708 0.00012417
7130 4708 0.00012417
1537 4709 0.004395
4710 4709 0.004395
4788 4787 0.00028914
6408 4787 0.00028914
6409 4787 0.00028914
996 4789 0.039799
3119 4789 0.039799
4790 4789 0.039799
6237 4789 0.039799
4789 4790 0.0025088
6240 4790 0.0025088
6365 4790 0.0025088
5064 5063 0.0002553
5240 5063 0.0002553
4659 5064 0.19578
5065 5064 0.19578
3792 5065 0.19572
7272 5088 0.029375
7274 5088 0.029375
5091 5090 0.00097839
5838 5090 0.00097839
1128 5091 0.18416
5092 5091 0.18416
5093 5092 0.18387
5088 5093 0.18391
5094 5093 0.18391
1126 5094 0.15453
2348 5238 0.19171
5239 5238 0.19171
5739 5238 0.19171
3317 5239 0.00046605
5238 5239 0.00046605
7089 5239 0.00046605
5064 5241 0.19553
5240 5241 0.19553
3638 5267 0.00025208
3640 5267 0.00025208
5268 5267 0.00025208
3138 5268 0.00026259
5832 5268 0.00026259
6422 5268 0.00026259
3122 5269 0.00032448
5270 5269 0.00032448
6233 5269 0.00032448
2753 5270 0.00031545
3327 5270 0.00031545
5237 5270 0.00031545
5390 5389 0.0001031
5877 5389 0.0001031
5992 5389 0.0001031
1512 5392 0.0001031
5391 5392 0.0001031
5876 5392 0.0001031
5063 5395 0.00025357
3791 5396 0.56849
3793 5397 0.2952
5993 5397 0.2952
7115 5397 0.2952
5666 5662 0.007369
5667 5662 0.007369
4658 5663 0.4918
4658 5664 0.17616
5666 5665 0.000132
5667 5665 0.000132
4657 5666 0.0078139
5663 5666 0.0078139
5665 5666 0.0078139
3086 5667 0.00014098
5668 5667 0.00014098
5964 5667 0.00014098
5666 5668 0.00045387
5667 5668 0.00045387
2350 5670 0.41602
5671 5670 0.41602
5836 5670 0.41602
5670 5671 0.0038506
6385 5671 0.0038506
7085 5671 0.0038506
3090 5674 0.00090355
5675 5674 0.00090355
5676 5674 0.00090355
7150 5674 0.00090355
2279 5675 0.0001895
5674 5675 0.0001895
7273 5675 0.0001895
5241 5739 0.19671
5738 5739 0.19671
7218 5739 0.19671
4205 5740 0.001689
5741 5740 0.001689
5742 5740 0.001689
5740 5741 0.00055824
7219 5741 0.00055824
4213 5742 0.00081093
5743 5742 0.00081093
5744 5742 0.00081093
4205 5743 0.0030319
5741 5743 0.0030319
5742 5743 0.0030319
1655 5744 0.00080628
5745 5744 0.00080628
5901 5744 0.00080628
5904 5744 0.00080628
4213 5745 0.0041368
5743 5745 0.0041368
5744 5745 0.0041368
1658 5746 0.0037044
5747 5746 0.0037044
5907 5746 0.0037044
5984 5746 0.0037044
5790 5789 0.0001366
5791 5789 0.0001366
5932 5789 0.0001366
5969 5789 0.0001366
5792 5791 0.00034447
5891 5791 0.00034447
5894 5791 0.00034447
5790 5792 0.00030079
5791 5792 0.00030079
5932 5792 0.00030079
5969 5792 0.00030079
5794 5793 0.00016407
5931 5793 0.00016407
3335 5822 0.00020257
5823 5822 0.00020257
5831 5822 0.00020257
6967 5822 0.00020257
5822 5823 0.00062935
6963 5823 0.00062935
7102 5823 0.00062935
7104 5823 0.00062935
5824 5825 0.00035639
6964 5825 0.00035639
7100 5825 0.00035639
5825 5827 0.00010304
5826 5827 0.00010304
5830 5827 0.00010304
5825 5831 0.00031278
5826 5831 0.00031278
5830 5831 0.00031278
2352 5832 0.00027703
2355 5832 0.00027703
5269 5832 0.00027703
6877 5835 0.00091608
5835 5836 0.00091593
5091 5837 0.18342
5838 5837 0.18342
5837 5838 0.0002441
6927 5838 0.0002441
7069 5838 0.0002441
7112 5838 0.0002441
5389 5876 0.0001031
5875 5876 0.0001031
5994 5876 0.0001031
5879 5881 1
5882 5881 1
4181 5887 0.00048094
4182 5887 0.00048094
5885 5887 0.00048094
5888 5887 0.00048094
5795 5889 0.0005052
5887 5889 0.0005052
5890 5889 0.0005052
4163 5890 0.00011436
4164 5890 0.00011436
5889 5890 0.00011436
5892 5890 0.00011436
4163 5891 0.0042784
4164 5891 0.0042784
5889 5891 0.0042784
5892 5891 0.0042784
5792 5892 0.00013303
5891 5892 0.00013303
5894 5892 0.00013303
5792 5893 0.004408
5891 5893 0.004408
5894 5893 0.004408
5893 5894 0.00030632
7255 5894 0.00030632
2329 5895 0.1028
5896 5895 0.1028
7254 5895 0.1028
7258 5895 0.1028
942 5897 0.1215
945 5897 0.1215
5898 5897 0.1215
7252 5897 0.1215
5897 5899 0.12015
5900 5899 0.12015
5983 5899 0.12015
5899 5901 0.12771
5902 5901 0.12771
5910 5901 0.12771
1655 5903 0.1347
5745 5903 0.1347
5901 5903 0.1347
5904 5903 0.1347
5905 5906 0.00010314
6955 5906 0.00010314
7110 5906 0.00010314
1658 5908 0.00023923
5747 5908 0.00023923
5907 5908 0.00023923
5984 5908 0.00023923
5899 5909 0.00054168
5902 5909 0.00054168
5910 5909 0.00054168
4201 5910 0.0081651
4208 5910 0.0081651
4209 5910 0.0081651
5909 5910 0.0081651
4189 5917 0.00011987
4190 5917 0.00011987
5918 5917 0.00011987
5917 5918 0.00017141
5920 5918 0.00017141
5978 5918 0.00017141
5917 5919 0.003652
5920 5919 0.003652
5978 5919 0.003652
4185 5921 0.00019513
4186 5921 0.00019513
5922 5921 0.00019513
5921 5922 0.00025786
5924 5922 0.00025786
5973 5922 0.00025786
5921 5923 0.00017111
5924 5923 0.00017111
5973 5923 0.00017111
4167 5924 0.00062354
4168 5924 0.00062354
5923 5924 0.00062354
5926 5924 0.00062354
4167 5925 0.00026727
4168 5925 0.00026727
5923 5925 0.00026727
5926 5925 0.00026727
5925 5926 0.0025204
5976 5926 0.0025204
5979 5926 0.0025204
4183 5927 0.00026276
4184 5927 0.00026276
5928 5927 0.00026276
5927 5928 0.00024507
5930 5928 0.00024507
5974 5928 0.00024507
5927 5929 0.0006372
5930 5929 0.0006372
5974 5929 0.0006372
4165 5930 0.00022981
4166 5930 0.00022981
5929 5930 0.00022981
5972 5930 0.00022981
4179 5931 0.00011608
4180 5931 0.00011608
4170 5932 0.00046209
4173 5932 0.00046209
5933 5932 0.00046209
3147 5950 0.0041275
5951 5950 0.0041275
6398 5950 0.0041275
6399 5950 0.0041275
5950 5951 0.00069823
6389 5951 0.00069823
6405 5951 0.00069823
3133 5954 0.014157
5955 5954 0.014157
6394 5954 0.014157
5954 5955 0.00035034
6370 5955 0.00035034
6388 5955 0.00035034
7111 5955 0.00035034
3117 5956 0.04333
5957 5956 0.04333
6368 5956 0.04333
6369 5956 0.04333
5956 5957 0.087354
6386 5957 0.087354
6387 5957 0.087354
5790 5968 0.00050388
5791 5968 0.00050388
5932 5968 0.00050388
5969 5968 0.00050388
2327 5969 0.00013158
4708 5969 0.00013158
5968 5969 0.00013158
4165 5971 0.00112
4166 5971 0.00112
5929 5971 0.00112
5972 5971 0.00112
2331 5972 0.002138
4196 5972 0.002138
5971 5972 0.002138
7256 5972 0.002138
5921 5974 0.00046726
5924 5974 0.00046726
5973 5974 0.00046726
5925 5975 0.0026287
5976 5975 0.0026287
5979 5975 0.0026287
2330 5976 0.0021046
2333 5976 0.0021046
5975 5976 0.0021046
5917 5977 0.00012983
5920 5977 0.00012983
5978 5977 0.00012983
2334 5978 0.003792
2337 5978 0.003792
5977 5978 0.003792
7152 5978 0.003792
4192 5979 0.0030002
5919 5979 0.0030002
5980 5979 0.0030002
5925 5980 0.00022299
5976 5980 0.00022299
5979 5980 0.00022299
5789 5981 0.00016194
5911 5981 0.00016194
5913 5981 0.00016194
5982 5981 0.00016194
1658 5983 0.00097649
5747 5983 0.00097649
5907 5983 0.00097649
5984 5983 0.00097649
5897 5984 0.0023985
5900 5984 0.0023985
5983 5984 0.0023985
2349 5985 0.14088
5903 5985 0.14088
5986 5985 0.14088
7105 5985 0.14088
5392 5992 0.0001031
5393 5992 0.0001031
5991 5992 0.0001031
5389 5993 0.00011627
5875 5993 0.00011627
5994 5993 0.00011627
3793 5994 0.00011627
5993 5994 0.00011627
7115 5994 0.00011627
3129 6106 0.00011198
3132 6106 0.00011198
6105 6106 0.00011198
6108 6106 0.00011198
6107 6108 0.0013537
6110 6108 0.0013537
6114 6108 0.0013537
3145 6110 0.0020615
3148 6110 0.0020615
3911 6110 0.0020615
6109 6110 0.0020615
3139 6111 0.0027571
3910 6111 0.0027571
6112 6111 0.0027571
6111 6112 0.00062941
6396 6112 0.00062941
6397 6112 0.00062941
6406 6112 0.00062941
6107 6113 0.0010205
6110 6113 0.0010205
6114 6113 0.0010205
3909 6114 0.00028836
6113 6114 0.00028836
6400 6114 0.00028836
6401 6114 0.00028836
3333 6226 0.00073839
3336 6226 0.00073839
6225 6226 0.00073839
3907 6227 0.00014811
4019 6227 0.00014811
6228 6227 0.00014811
6358 6227 0.00014811
548 6228 0.021139
6226 6228 0.021139
6227 6228 0.021139
6230 6228 0.021139
548 6229 0.00037441
6226 6229 0.00037441
6227 6229 0.00037441
6230 6229 0.00037441
6229 6230 0.012549
6979 6230 0.012549
7063 6230 0.012549
4020 6231 0.00022421
6232 6231 0.00022421
6351 6231 0.00022421
6231 6233 0.00011255
6234 6233 0.00011255
6354 6233 0.00011255
3122 6234 0.00010217
5270 6234 0.00010217
6233 6234 0.00010217
2071 6237 0.022362
6238 6237 0.022362
6239 6237 0.022362
996 6238 0.0069218
3119 6238 0.0069218
4790 6238 0.0069218
6237 6238 0.0069218
4789 6239 0.0027818
6240 6239 0.0027818
6365 6239 0.0027818
2071 6240 0.052663
6238 6240 0.052663
6239 6240 0.052663
4020 6352 0.00040978
6232 6352 0.00040978
6351 6352 0.00040978
6231 6355 0.00012767
6234 6355 0.00012767
6354 6355 0.00012767
950 6357 0.00053826
6352 6357 0.00053826
6353 6357 0.00053826
6356 6357 0.00053826
995 6358 0.00024782
6359 6358 0.00024782
6360 6358 0.00024782
3907 6359 0.014294
4019 6359 0.014294
6228 6359 0.014294
6358 6359 0.014294
6357 6360 0.00027058
6361 6360 0.00027058
995 6361 0.0053398
6359 6361 0.0053398
6360 6361 0.0053398
6357 6362 0.005579
6361 6362 0.005579
6363 6364 0.00045151
6943 6364 0.00045151
7165 6364 0.00045151
2364 6365 0.001899
2367 6365 0.001899
6366 6365 0.001899
6367 6365 0.001899
4789 6366 0.08907
6240 6366 0.08907
6365 6366 0.08907
3117 6367 0.00032021
5957 6367 0.00032021
6368 6367 0.00032021
6369 6367 0.00032021
2364 6368 0.35755
2367 6368 0.35755
6366 6368 0.35755
6367 6368 0.35755
5954 6369 0.0017459
6370 6369 0.0017459
6388 6369 0.0017459
7111 6369 0.0017459
3117 6370 0.40317
5957 6370 0.40317
6368 6370 0.40317
6369 6370 0.40317
3140 6371 0.00023914
6372 6371 0.00023914
6373 6371 0.00023914
6407 6371 0.00023914
2078 6372 0.0072956
2358 6372 0.0072956
2361 6372 0.0072956
6371 6372 0.0072956
3140 6374 0.0034702
6372 6374 0.0034702
6373 6374 0.0034702
6407 6374 0.0034702
3143 6376 0.00071168
3146 6376 0.00071168
6374 6376 0.00071168
6375 6376 0.00071168
6376 6378 0.0007138
6377 6378 0.0007138
6417 6378 0.0007138
5952 6380 0.00068114
6378 6380 0.00068114
6379 6380 0.00068114
5956 6385 0.0039745
6386 6385 0.0039745
6387 6385 0.0039745
5670 6386 0.44959
6385 6386 0.44959
7085 6386 0.44959
5954 6387 0.015
6370 6387 0.015
6388 6387 0.015
7111 6387 0.015
5956 6388 0.41659
6386 6388 0.41659
6387 6388 0.41659
3118 6389 0.00047144
6390 6389 0.00047144
6391 6389 0.00047144
5950 6390 0.006797
6389 6390 0.006797
6405 6390 0.006797
3908 6391 0.0011317
6392 6391 0.0011317
6393 6391 0.0011317
3118 6392 0.0072871
6390 6392 0.0072871
6391 6392 0.0072871
3133 6393 0.00048149
5955 6393 0.00048149
6394 6393 0.00048149
3908 6394 0.0082981
6392 6394 0.0082981
6393 6394 0.0082981
6111 6395 0.0014791
6396 6395 0.0014791
6397 6395 0.0014791
6406 6395 0.0014791
2362 6396 0.0079363
2365 6396 0.0079363
6395 6396 0.0079363
3147 6397 0.00055
5951 6397 0.00055
6398 6397 0.00055
6399 6397 0.00055
6111 6398 0.0062386
6396 6398 0.0062386
6397 6398 0.0062386
6406 6398 0.0062386
3909 6399 0.00014723
6113 6399 0.00014723
6400 6399 0.00014723
6401 6399 0.00014723
3147 6400 0.005016
5951 6400 0.005016
6398 6400 0.005016
6399 6400 0.005016
3131 6401 0.00014454
3134 6401 0.00014454
6402 6401 0.00014454
6403 6401 0.00014454
3909 6402 0.0040842
6113 6402 0.0040842
6400 6402 0.0040842
6401 6402 0.0040842
3115 6403 0.00014965
5959 6403 0.00014965
6404 6403 0.00014965
6111 6405 0.0034439
6396 6405 0.0034439
6397 6405 0.0034439
6406 6405 0.0034439
5950 6406 0.00054759
6389 6406 0.00054759
6405 6406 0.00054759
4788 6407 0.00038038
6408 6407 0.00038038
6409 6407 0.00038038
3140 6408 0.00027631
6372 6408 0.00027631
6373 6408 0.00027631
6407 6408 0.00027631
6364 6409 0.00042591
6410 6409 0.00042591
6411 6409 0.00042591
2336 6469 0.00051527
2339 6469 0.00051527
4709 6469 0.00051527
4218 6707 0.033224
6706 6707 0.033224
6724 6707 0.033224
4215 6724 0.018795
6725 6724 0.018795
4218 6725 0.00014323
6706 6725 0.00014323
6724 6725 0.00014323
4217 6726 0.00023626
6727 6726 0.00023626
6726 6727 0.0148
7153 6727 0.0148
6879 6736 0.66796
5085 6873 0.00029317
5267 6873 0.00029317
6873 6874 0.00029317
5090 6877 0.00091608
5662 6878 0.18353
5664 6878 0.18353
3792 6879 0.66796
4228 6894 0.0027305
4229 6894 0.0027305
6893 6894 0.0027305
4223 6895 0.0028191
6896 6895 0.0028191
7081 6895 0.0028191
6938 6948 0.00010949
6941 6948 0.00010949
6949 6948 0.00010949
6948 6952 0.00010949
6950 6952 0.00010949
6953 6952 0.00010949
5905 6954 0.0002002
6955 6954 0.0002002
7110 6954 0.0002002
6954 6960 0.0002002
6957 6960 0.0002002
6959 6960 0.0002002
5824 6963 0.00022624
6964 6963 0.00022624
7100 6963 0.00022624
5822 6964 0.00019128
6963 6964 0.00019128
7102 6964 0.00019128
7104 6964 0.00019128
3335 6968 0.00018228
5823 6968 0.00018228
5831 6968 0.00018228
6967 6968 0.00018228
6969 6971 0.0044827
6972 6971 0.0044827
6975 6971 0.0044827
7066 6971 0.0044827
6971 6972 0.0017413
6974 6972 0.0017413
7064 6972 0.0017413
6971 6973 0.004273
6974 6973 0.004273
7064 6973 0.004273
6973 6974 0.0052507
6976 6974 0.0052507
6978 6974 0.0052507
6973 6975 0.0076344
6976 6975 0.0076344
6978 6975 0.0076344
6969 6976 0.0013636
6972 6976 0.0013636
6975 6976 0.0013636
7066 6976 0.0013636
6973 6977 0.0029457
6976 6977 0.0029457
6978 6977 0.0029457
3320 6978 0.010194
6977 6978 0.010194
7096 6978 0.010194
6980 6979 0.0087364
7065 6979 0.0087364
7098 6979 0.0087364
6229 6980 0.00028051
6979 6980 0.00028051
7063 6980 0.00028051
6982 6981 0.0026504
6984 6981 0.0026504
6986 6981 0.0026504
6981 6982 0.00052283
6990 6982 0.00052283
6982 6983 0.0017967
6984 6983 0.0017967
6986 6983 0.0017967
3318 6984 0.0049476
6983 6984 0.0049476
7092 6984 0.0049476
6982 6985 0.0031029
6984 6985 0.0031029
6986 6985 0.0031029
6985 6986 0.0020796
6988 6986 0.0020796
6989 6986 0.0020796
6985 6987 0.0045962
6988 6987 0.0045962
6989 6987 0.0045962
6987 6988 0.0014453
6992 6988 0.0014453
6994 6988 0.0014453
6981 6989 0.0026504
6990 6989 0.0026504
6985 6990 0.00052283
6988 6990 0.00052283
6989 6990 0.00052283
6987 6991 0.003974
6992 6991 0.003974
6994 6991 0.003974
6991 6992 0.00054803
6995 6992 0.00054803
7000 6992 0.00054803
6987 6993 0.0025749
6992 6993 0.0025749
6994 6993 0.0025749
6993 6994 0.0028499
6996 6994 0.0028499
6998 6994 0.0028499
7001 6994 0.0028499
6993 6995 0.0013669
6996 6995 0.0013669
6998 6995 0.0013669
7001 6995 0.0013669
6991 6996 0.0034763
6995 6996 0.0034763
7000 6996 0.0034763
6993 6997 0.005183
6996 6997 0.005183
6998 6997 0.005183
7001 6997 0.005183
6997 6998 0.0020321
7090 6998 0.0020321
7091 6998 0.0020321
6991 6999 0.0015667
6995 6999 0.0015667
7000 6999 0.0015667
6999 7000 0.00025002
7002 7000 0.00025002
7004 7000 0.00025002
6999 7001 0.0015667
7002 7001 0.0015667
7004 7001 0.0015667
6993 7002 0.00025002
6996 7002 0.00025002
6998 7002 0.00025002
7001 7002 0.00025002
2366 7005 0.00023285
7006 7005 0.00023285
7086 7005 0.00023285
3316 7006 0.27121
7005 7006 0.27121
7008 7006 0.27121
7088 7006 0.27121
7016 7017 0.0015595
7019 7017 0.0015595
7026 7017 0.0015595
7021 7020 0.012647
7023 7020 0.012647
7025 7020 0.012647
7036 7020 0.012647
7020 7021 0.0082632
7032 7021 0.0082632
7035 7021 0.0082632
7021 7022 0.0093827
7023 7022 0.0093827
7025 7022 0.0093827
7036 7022 0.0093827
7022 7023 0.0049321
7029 7023 0.0049321
7031 7023 0.0049321
7033 7023 0.0049321
7021 7024 0.012371
7023 7024 0.012371
7025 7024 0.012371
7036 7024 0.012371
7024 7025 0.013954
7027 7025 0.013954
7077 7025 0.013954
7080 7025 0.013954
7024 7026 0.001629
7027 7026 0.001629
7077 7026 0.001629
7080 7026 0.001629
7022 7030 0.00093876
7029 7030 0.00093876
7031 7030 0.00093876
7033 7030 0.00093876
1230 7031 0.012009
7030 7031 0.012009
7078 7031 0.012009
7022 7032 0.016837
7029 7032 0.016837
7031 7032 0.016837
7033 7032 0.016837
7020 7033 0.0013159
7032 7033 0.0013159
7035 7033 0.0013159
7020 7034 0.022028
7032 7034 0.022028
7035 7034 0.022028
7034 7035 0.0021237
7037 7035 0.0021237
7039 7035 0.0021237
7034 7036 0.014854
7037 7036 0.014854
7039 7036 0.014854
7021 7037 0.0076021
7023 7037 0.0076021
7025 7037 0.0076021
7036 7037 0.0076021
7034 7038 0.019505
7037 7038 0.019505
7039 7038 0.019505
7038 7039 0.0068522
7041 7039 0.0068522
7043 7039 0.0068522
7038 7040 0.019499
7041 7040 0.019499
7043 7040 0.019499
1227 7041 0.0068879
7040 7041 0.0068879
7075 7041 0.0068879
7079 7041 0.0068879
6971 7063 0.0060963
6974 7063 0.0060963
7064 7063 0.0060963
6229 7064 0.0023772
6979 7064 0.0023772
7063 7064 0.0023772
6969 7065 0.0050272
6972 7065 0.0050272
6975 7065 0.0050272
7066 7065 0.0050272
6980 7066 0.0014978
7065 7066 0.0014978
7098 7066 0.0014978
5837 7070 1
6927 7070 1
7069 7070 1
7112 7070 1
2342 7073 0.002733
7057 7073 0.002733
7074 7073 0.002733
1653 7075 0.013848
7054 7075 0.013848
7076 7075 0.013848
1227 7076 0.0081798
7040 7076 0.0081798
7075 7076 0.0081798
7079 7076 0.0081798
1230 7077 0.00093876
7030 7077 0.00093876
7078 7077 0.00093876
7024 7078 0.012009
7027 7078 0.012009
7077 7078 0.012009
7080 7078 0.012009
7024 7079 0.0073466
7027 7079 0.0073466
7077 7079 0.0073466
7080 7079 0.0073466
1227 7080 0.021623
7040 7080 0.021623
7075 7080 0.021623
7079 7080 0.021623
6895 7083 0.0043692
7017 7083 0.0043692
7084 7083 0.0043692
2366 7085 0.14043
7006 7085 0.14043
7086 7085 0.14043
5670 7086 0.10699
6385 7086 0.10699
7085 7086 0.10699
3316 7087 0.063358
7005 7087 0.063358
7008 7087 0.063358
7088 7087 0.063358
2351 7088 0.13616
4656 7088 0.13616
7014 7088 0.13616
7087 7088 0.13616
6997 7089 0.01314
7090 7089 0.01314
7091 7089 0.01314
3317 7090 0.0062054
5238 7090 0.0062054
7089 7090 0.0062054
3318 7091 0.012501
6983 7091 0.012501
7092 7091 0.012501
6997 7092 0.0087172
7090 7092 0.0087172
7091 7092 0.0087172
547 7093 0.00074379
2073 7093 0.00074379
7094 7093 0.00074379
3319 7094 0.12153
5985 7094 0.12153
7093 7094 0.12153
7095 7094 0.12153
3320 7095 0.0020405
6977 7095 0.0020405
7096 7095 0.0020405
3319 7096 0.015128
5985 7096 0.015128
7093 7096 0.015128
7095 7096 0.015128
6980 7097 0.00040803
7065 7097 0.00040803
7098 7097 0.00040803
3321 7098 0.0053344
3322 7098 0.0053344
7097 7098 0.0053344
3325 7100 0.0004266
3326 7100 0.0004266
7099 7100 0.0004266
6965 7102 0.00018228
6968 7102 0.00018228
7101 7102 0.00018228
5822 7103 0.00028014
6963 7103 0.00028014
7102 7103 0.00028014
7104 7103 0.00028014
3323 7104 0.00056398
3324 7104 0.00056398
7103 7104 0.00056398
6961 7105 0.00070595
7106 7105 0.00070595
7107 7105 0.00070595
2346 7107 0.00070595
6960 7107 0.00070595
7108 7107 0.00070595
719 7110 0.00023923
5908 7110 0.00023923
7109 7110 0.00023923
5837 7111 0.0032197
6927 7111 0.0032197
7069 7111 0.0032197
7112 7111 0.0032197
5954 7112 0.82004
6370 7112 0.82004
6388 7112 0.82004
7111 7112 0.82004
3795 7115 0.028447
7117 7116 0.85908
1226 7117 0.85908
1536 7117 0.85908
4200 7117 0.85908
3189 7131 0.00054563
4707 7131 0.00054563
5981 7131 0.00054563
7130 7131 0.00054563
3087 7150 0.00041462
7151 7150 0.00041462
3090 7151 0.00011101
5675 7151 0.00011101
5676 7151 0.00011101
7150 7151 0.00011101
6726 7152 0.00023626
7153 7152 0.00023626
2334 7153 0.0148
2337 7153 0.0148
5977 7153 0.0148
7152 7153 0.0148
2356 7161 0.0005201
2359 7161 0.0005201
6362 7161 0.0005201
7160 7161 0.0005201
6952 7163 0.00055227
7161 7163 0.00055227
7162 7163 0.00055227
6939 7165 0.00051247
7067 7165 0.00051247
7163 7165 0.00051247
7164 7165 0.00051247
5740 7218 0.001689
7219 7218 0.001689
5241 7219 0.00055824
5738 7219 0.00055824
7218 7219 0.00055824
5895 7252 0.1028
7253 7252 0.1028
5893 7254 0.004408
7255 7254 0.004408
2329 7255 0.00030632
5896 7255 0.00030632
7254 7255 0.00030632
7258 7255 0.00030632
2331 7257 0.098769
4196 7257 0.098769
5971 7257 0.098769
7256 7257 0.098769
2326 7258 0.00058973
7259 7258 0.00058973
2329 7259 0.00062183
5896 7259 0.00062183
7254 7259 0.00062183
7258 7259 0.00062183
2279 7272 0.026139
5674 7272 0.026139
7273 7272 0.026139
1127 7274 0.0032404
3095 7274 0.0032404
3098 7274 0.0032404
