548 547 0.0048564
6226 547 0.0048564
6227 547 0.0048564
6230 547 0.0048564
547 548 0.0025168
2073 548 0.0025168
7094 548 0.0025168
942 943 0.00010288
945 943 0.00010288
5898 943 0.00010288
7252 943 0.00010288
995 994 0.00049855
6359 994 0.00049855
6360 994 0.00049855
994 995 0.00013093
997 995 0.00013093
2076 995 0.00013093
2077 995 0.00013093
994 996 0.00049018
997 996 0.00049018
2076 996 0.00049018
2077 996 0.00049018
996 997 0.00011226
3119 997 0.00011226
4790 997 0.00011226
6237 997 0.00011226
1656 1655 0.00089109
5746 1655 0.00089109
5748 1655 0.00089109
1655 1656 0.00015472
5745 1656 0.00015472
5901 1656 0.00015472
5904 1656 0.00015472
1657 1658 0.00010288
4219 1658 0.00010288
4817 1658 0.00010288
2072 2071 0.0004587
2074 2071 0.0004587
2075 2071 0.0004587
3906 2071 0.0004587
2071 2072 0.00033887
6238 2072 0.00033887
6239 2072 0.00033887
2072 2073 0.0022914
2074 2073 0.0022914
2075 2073 0.0022914
3906 2073 0.0022914
547 2074 0.0015762
2073 2074 0.0015762
7094 2074 0.0015762
994 2075 0.00052611
997 2075 0.00052611
2076 2075 0.00052611
2077 2075 0.00052611
2072 2076 0.00074958
2074 2076 0.00074958
2075 2076 0.00074958
3906 2076 0.00074958
2078 2077 0.00010515
2358 2077 0.00010515
2361 2077 0.00010515
6371 2077 0.00010515
994 2078 0.00031831
997 2078 0.00031831
2076 2078 0.00031831
2077 2078 0.00031831
2344 2346 0.00017624
2347 2346 0.00017624
5906 2346 0.00017624
2349 2348 0.086318
5903 2348 0.086318
5986 2348 0.086318
7105 2348 0.086318
2348 2349 0.0028324
5239 2349 0.0028324
5739 2349 0.0028324
2350 2351 0.00014505
5671 2351 0.00014505
5836 2351 0.00014505
2356 2358 0.00014053
2359 2358 0.00014053
6362 2358 0.00014053
7160 2358 0.00014053
2078 2360 0.00035133
2358 2360 0.00035133
2361 2360 0.00035133
6371 2360 0.00035133
2360 2362 0.00042347
2363 2362 0.00042347
3120 2362 0.00042347
2362 2364 0.00043607
2365 2364 0.00043607
6395 2364 0.00043607
2364 2366 0.00084645
2367 2366 0.00084645
6366 2366 0.00084645
6367 2366 0.00084645
2360 3119 0.00012229
2363 3119 0.00012229
3120 3119 0.00012229
996 3120 0.00020286
3119 3120 0.00020286
4790 3120 0.00020286
6237 3120 0.00020286
3317 3316 0.00011863
5238 3316 0.00011863
7089 3316 0.00011863
3316 3317 0.00096282
7005 3317 0.00096282
7008 3317 0.00096282
7088 3317 0.00096282
3319 3318 0.91867
5985 3318 0.91867
7093 3318 0.91867
7095 3318 0.91867
3318 3319 0.002338
6983 3319 0.002338
7092 3319 0.002338
3321 3320 0.002833
3322 3320 0.002833
7097 3320 0.002833
3320 3321 0.01565
6977 3321 0.01565
7096 3321 0.01565
3323 3322 0.00086291
3324 3322 0.00086291
7103 3322 0.00086291
3321 3323 0.0015512
3322 3323 0.0015512
7097 3323 0.0015512
3325 3324 0.00014625
3326 3324 0.00014625
7099 3324 0.00014625
3323 3325 0.0010107
3324 3325 0.0010107
7103 3325 0.0010107
3331 3332 0.00014248
5827 3332 0.00014248
5829 3332 0.00014248
3332 3333 0.00014248
3334 3333 0.00014248
3333 3335 0.00023899
3336 3335 0.00023899
6225 3335 0.00023899
3335 3336 0.00078574
5823 3336 0.00078574
5831 3336 0.00078574
6967 3336 0.00078574
3907 3906 0.0016883
4019 3906 0.0016883
6228 3906 0.0016883
6358 3906 0.0016883
2072 3907 0.00062981
2074 3907 0.00062981
2075 3907 0.00062981
3906 3907 0.00062981
4205 4206 0.0003502
5741 4206 0.0003502
5742 4206 0.0003502
4204 4208 0.00027294
4206 4208 0.00027294
4207 4208 0.00027294
4211 4208 0.00027294
4204 4212 0.00015651
4206 4212 0.00015651
4207 4212 0.00015651
4211 4212 0.00015651
4212 4213 0.00015651
4214 4213 0.00015651
4220 4219 0.00010288
4222 4219 0.00010288
943 4222 0.00010288
4221 4222 0.00010288
4815 4222 0.00010288
996 4789 0.00024015
3119 4789 0.00024015
4790 4789 0.00024015
6237 4789 0.00024015
2348 5238 0.085619
5239 5238 0.085619
5739 5238 0.085619
3317 5239 0.0027994
5238 5239 0.0027994
7089 5239 0.0027994
5670 5671 0.00014842
6385 5671 0.00014842
7085 5671 0.00014842
2348 5738 0.00086047
5239 5738 0.00086047
5739 5738 0.00086047
5241 5739 0.00019465
5738 5739 0.00019465
7218 5739 0.00019465
4205 5740 0.00018074
5741 5740 0.00018074
5742 5740 0.00018074
5740 5741 0.00085484
7219 5741 0.00085484
4213 5742 0.00048214
5743 5742 0.00048214
5744 5742 0.00048214
4205 5743 0.00085455
5741 5743 0.00085455
5742 5743 0.00085455
1655 5744 0.00056174
5745 5744 0.00056174
5901 5744 0.00056174
5904 5744 0.00056174
4213 5745 0.0010012
5743 5745 0.0010012
5744 5745 0.0010012
1658 5746 0.00089109
5747 5746 0.00089109
5907 5746 0.00089109
5984 5746 0.00089109
1656 5747 0.00015472
5746 5747 0.00015472
5748 5747 0.00015472
3335 5822 0.00058942
5823 5822 0.00058942
5831 5822 0.00058942
6967 5822 0.00058942
5822 5823 0.00084479
6963 5823 0.00084479
7102 5823 0.00084479
7104 5823 0.00084479
5824 5825 0.0007018
6964 5825 0.0007018
7100 5825 0.0007018
5825 5827 0.00014248
5826 5827 0.00014248
5830 5827 0.00014248
3335 5830 0.0001304
5823 5830 0.0001304
5831 5830 0.0001304
6967 5830 0.0001304
5825 5831 0.00064656
5826 5831 0.00064656
5830 5831 0.00064656
5897 5898 0.00010904
5900 5898 0.00010904
5983 5898 0.00010904
5897 5899 0.00023526
5900 5899 0.00023526
5983 5899 0.00023526
5899 5900 0.00098581
5902 5900 0.00098581
5910 5900 0.00098581
5899 5901 0.00049413
5902 5901 0.00049413
5910 5901 0.00049413
1655 5902 0.0010529
5745 5902 0.0010529
5901 5902 0.0010529
5904 5902 0.0010529
1655 5903 0.0023666
5745 5903 0.0023666
5901 5903 0.0023666
5904 5903 0.0023666
2349 5904 0.0017495
5903 5904 0.0017495
5986 5904 0.0017495
7105 5904 0.0017495
5905 5906 0.00017611
6955 5906 0.00017611
7110 5906 0.00017611
1658 5908 0.00010175
5747 5908 0.00010175
5907 5908 0.00010175
5984 5908 0.00010175
4201 5910 0.0002619
4208 5910 0.0002619
4209 5910 0.0002619
5909 5910 0.0002619
1658 5983 0.00017661
5747 5983 0.00017661
5907 5983 0.00017661
5984 5983 0.00017661
5897 5984 0.00088092
5900 5984 0.00088092
5983 5984 0.00088092
2349 5985 0.91732
5903 5985 0.91732
5986 5985 0.91732
7105 5985 0.91732
3319 5986 0.00013408
5985 5986 0.00013408
7093 5986 0.00013408
7095 5986 0.00013408
548 6225 0.00022218
6226 6225 0.00022218
6227 6225 0.00022218
6230 6225 0.00022218
3333 6226 0.00089009
3336 6226 0.00089009
6225 6226 0.00089009
3907 6227 0.00051574
4019 6227 0.00051574
6228 6227 0.00051574
6358 6227 0.00051574
548 6228 0.0020622
6226 6228 0.0020622
6227 6228 0.0020622
6230 6228 0.0020622
548 6229 0.0020527
6226 6229 0.0020527
6227 6229 0.0020527
6230 6229 0.0020527
6229 6230 0.0052708
6979 6230 0.0052708
7063 6230 0.0052708
2071 6237 0.00021662
6238 6237 0.00021662
6239 6237 0.00021662
996 6238 0.00031252
3119 6238 0.00031252
4790 6238 0.00031252
6237 6238 0.00031252
2071 6240 0.0002814
6238 6240 0.0002814
6239 6240 0.0002814
995 6358 0.00012726
6359 6358 0.00012726
6360 6358 0.00012726
3907 6359 0.00059285
4019 6359 0.00059285
6228 6359 0.00059285
6358 6359 0.00059285
995 6361 0.00014258
6359 6361 0.00014258
6360 6361 0.00014258
6357 6362 0.00014388
6361 6362 0.00014388
4789 6366 0.00043923
6240 6366 0.00043923
6365 6366 0.00043923
6954 6955 0.00016723
6957 6955 0.00016723
6959 6955 0.00016723
2346 6959 0.00016723
6960 6959 0.00016723
7108 6959 0.00016723
6962 6961 1
5824 6963 0.00060291
6964 6963 0.00060291
7100 6963 0.00060291
5822 6964 0.00039609
6963 6964 0.00039609
7102 6964 0.00039609
7104 6964 0.00039609
6965 6967 0.00011036
6968 6967 0.00011036
7101 6967 0.00011036
3335 6968 0.00033513
5823 6968 0.00033513
5831 6968 0.00033513
6967 6968 0.00033513
6969 6971 0.018717
6972 6971 0.018717
6975 6971 0.018717
7066 6971 0.018717
6971 6972 0.0051823
6974 6972 0.0051823
7064 6972 0.0051823
6971 6973 0.026513
6974 6973 0.026513
7064 6973 0.026513
6973 6974 0.0047585
6976 6974 0.0047585
6978 6974 0.0047585
6973 6975 0.02293
6976 6975 0.02293
6978 6975 0.02293
6969 6976 0.010086
6972 6976 0.010086
6975 6976 0.010086
7066 6976 0.010086
6973 6977 0.029316
6976 6977 0.029316
6978 6977 0.029316
3320 6978 0.020406
6977 6978 0.020406
7096 6978 0.020406
6980 6979 0.013176
7065 6979 0.013176
7098 6979 0.013176
6229 6980 0.0017378
6979 6980 0.0017378
7063 6980 0.0017378
6982 6981 0.4109
6984 6981 0.4109
6986 6981 0.4109
6981 6982 0.010801
6990 6982 0.010801
6982 6983 0.002336
6984 6983 0.002336
6986 6983 0.002336
3318 6984 0.93995
6983 6984 0.93995
7092 6984 0.93995
6982 6985 0.644
6984 6985 0.644
6986 6985 0.644
6985 6986 0.1065
6988 6986 0.1065
6989 6986 0.1065
6985 6987 0.24587
6988 6987 0.24587
6989 6987 0.24587
6987 6988 0.30826
6992 6988 0.30826
6994 6988 0.30826
6981 6989 0.4109
6990 6989 0.4109
6985 6990 0.010801
6988 6990 0.010801
6989 6990 0.010801
6987 6991 0.26862
6992 6991 0.26862
6994 6991 0.26862
6991 6992 0.073544
6995 6992 0.073544
7000 6992 0.073544
6987 6993 0.087075
6992 6993 0.087075
6994 6993 0.087075
6993 6994 0.34454
6996 6994 0.34454
6998 6994 0.34454
7001 6994 0.34454
6993 6995 0.13256
6996 6995 0.13256
6998 6995 0.13256
7001 6995 0.13256
6991 6996 0.21389
6995 6996 0.21389
7000 6996 0.21389
6993 6997 0.12693
6996 6997 0.12693
6998 6997 0.12693
7001 6997 0.12693
6997 6998 0.18932
7090 6998 0.18932
7091 6998 0.18932
6991 6999 0.13239
6995 6999 0.13239
7000 6999 0.13239
6999 7000 0.018648
7002 7000 0.018648
7004 7000 0.018648
6999 7001 0.13239
7002 7001 0.13239
7004 7001 0.13239
6993 7002 0.018648
6996 7002 0.018648
6998 7002 0.018648
7001 7002 0.018648
2366 7005 0.00081974
7006 7005 0.00081974
7086 7005 0.00081974
6971 7063 0.0033901
6974 7063 0.0033901
7064 7063 0.0033901
6229 7064 0.01161
6979 7064 0.01161
7063 7064 0.01161
6969 7065 0.0087289
6972 7065 0.0087289
6975 7065 0.0087289
7066 7065 0.0087289
6980 7066 0.0094193
7065 7066 0.0094193
7098 7066 0.0094193
2366 7085 0.00014618
7006 7085 0.00014618
7086 7085 0.00014618
2351 7088 0.0001453
4656 7088 0.0001453
7014 7088 0.0001453
7087 7088 0.0001453
6997 7089 0.002823
7090 7089 0.002823
7091 7089 0.002823
3317 7090 0.086487
5238 7090 0.086487
7089 7090 0.086487
3318 7091 0.15237
6983 7091 0.15237
7092 7091 0.15237
6997 7092 0.17364
7090 7092 0.17364
7091 7092 0.17364
547 7093 0.0069854
2073 7093 0.0069854
7094 7093 0.0069854
3319 7094 0.0039306
5985 7094 0.0039306
7093 7094 0.0039306
7095 7094 0.0039306
3320 7095 0.029181
6977 7095 0.029181
7096 7095 0.029181
3319 7096 0.033088
5985 7096 0.033088
7093 7096 0.033088
7095 7096 0.033088
6980 7097 0.0024396
7065 7097 0.0024396
7098 7097 0.0024396
3321 7098 0.014568
3322 7098 0.014568
7097 7098 0.014568
5824 7099 0.00014571
6964 7099 0.00014571
7100 7099 0.00014571
3325 7100 0.00098985
3326 7100 0.00098985
7099 7100 0.00098985
5822 7101 0.00011036
6963 7101 0.00011036
7102 7101 0.00011036
7104 7101 0.00011036
6965 7102 0.00033513
6968 7102 0.00033513
7101 7102 0.00033513
5822 7103 0.00099045
6963 7103 0.00099045
7102 7103 0.00099045
7104 7103 0.00099045
3323 7104 0.00081422
3324 7104 0.00081422
7103 7104 0.00081422
6961 7105 1.0001
7106 7105 1.0001
7107 7105 1.0001
2346 7107 0.00025256
6960 7107 0.00025256
7108 7107 0.00025256
6961 7108 0.00019641
7106 7108 0.00019641
7107 7108 0.00019641
719 7110 0.00010175
5908 7110 0.00010175
7109 7110 0.00010175
5740 7218 0.00018074
7219 7218 0.00018074
5241 7219 0.00085484
5738 7219 0.00085484
7218 7219 0.00085484
