548 547 0.029174
6226 547 0.029174
6227 547 0.029174
6230 547 0.029174
547 548 0.023783
2073 548 0.023783
7094 548 0.023783
942 943 0.0004249
945 943 0.0004249
5898 943 0.0004249
7252 943 0.0004249
942 944 0.00012403
945 944 0.00012403
5898 944 0.00012403
7252 944 0.00012403
944 945 0.0037099
947 945 0.0037099
4210 945 0.0037099
946 947 0.0054242
6707 947 0.0054242
948 950 0.00013078
951 950 0.00013078
6355 950 0.00013078
995 994 0.0026286
6359 994 0.0026286
6360 994 0.0026286
994 995 0.0011843
997 995 0.0011843
2076 995 0.0011843
2077 995 0.0011843
994 996 0.0016109
997 996 0.0016109
2076 996 0.0016109
2077 996 0.0016109
996 997 0.00085393
3119 997 0.00085393
4790 997 0.00085393
6237 997 0.00085393
1227 1226 0.0012175
7040 1226 0.0012175
7075 1226 0.0012175
7079 1226 0.0012175
1226 1227 0.000216
1536 1227 0.000216
4200 1227 0.000216
1226 1537 0.00050055
1536 1537 0.00050055
4200 1537 0.00050055
1654 1653 0.0010461
2340 1653 0.0010461
2343 1653 0.0010461
1653 1654 0.00032853
7054 1654 0.00032853
7076 1654 0.00032853
1656 1655 0.00071433
5746 1655 0.00071433
5748 1655 0.00071433
1657 1658 0.0004249
4219 1658 0.0004249
4817 1658 0.0004249
2072 2071 0.00046305
2074 2071 0.00046305
2075 2071 0.00046305
3906 2071 0.00046305
2071 2072 0.0024108
6238 2072 0.0024108
6239 2072 0.0024108
2072 2073 0.013336
2074 2073 0.013336
2075 2073 0.013336
3906 2073 0.013336
547 2074 0.0068925
2073 2074 0.0068925
7094 2074 0.0068925
994 2075 0.0033867
997 2075 0.0033867
2076 2075 0.0033867
2077 2075 0.0033867
2072 2076 0.0024932
2074 2076 0.0024932
2075 2076 0.0024932
3906 2076 0.0024932
2078 2077 0.00084358
2358 2077 0.00084358
2361 2077 0.00084358
6371 2077 0.00084358
994 2078 0.00063747
997 2078 0.00063747
2076 2078 0.00063747
2077 2078 0.00063747
2328 2329 0.016563
7257 2329 0.016563
2330 2331 0.016739
2333 2331 0.016739
5975 2331 0.016739
2332 2333 0.016674
2335 2333 0.016674
4216 2333 0.016674
2334 2335 0.019697
2337 2335 0.019697
5977 2335 0.019697
7152 2335 0.019697
2336 2337 0.022678
2339 2337 0.022678
4709 2337 0.022678
2338 2339 0.022242
2341 2339 0.022242
4198 2339 0.022242
1654 2341 0.024727
2340 2341 0.024727
2343 2341 0.024727
2342 2343 0.025444
7057 2343 0.025444
7074 2343 0.025444
2349 2348 0.00032654
5903 2348 0.00032654
5986 2348 0.00032654
7105 2348 0.00032654
2348 2349 0.56641
5239 2349 0.56641
5739 2349 0.56641
2351 2350 0.0013772
4656 2350 0.0013772
7014 2350 0.0013772
7087 2350 0.0013772
2350 2351 0.00059449
5671 2351 0.00059449
5836 2351 0.00059449
2356 2358 0.00063547
2359 2358 0.00063547
6362 2358 0.00063547
7160 2358 0.00063547
2078 2360 0.00069113
2358 2360 0.00069113
2361 2360 0.00069113
6371 2360 0.00069113
2360 2361 0.00028613
2363 2361 0.00028613
3120 2361 0.00028613
2360 2362 0.00016646
2363 2362 0.00016646
3120 2362 0.00016646
2362 2363 0.00042295
2365 2363 0.00042295
6395 2363 0.00042295
2362 2364 0.00016903
2365 2364 0.00016903
6395 2364 0.00016903
2364 2365 0.00041628
2367 2365 0.00041628
6366 2365 0.00041628
6367 2365 0.00041628
2364 2366 0.00016814
2367 2366 0.00016814
6366 2366 0.00016814
6367 2366 0.00016814
2366 2367 0.00093932
7006 2367 0.00093932
7086 2367 0.00093932
2360 3119 0.00081643
2363 3119 0.00081643
3120 3119 0.00081643
996 3120 0.00015493
3119 3120 0.00015493
4790 3120 0.00015493
6237 3120 0.00015493
3317 3316 0.0007208
5238 3316 0.0007208
7089 3316 0.0007208
3316 3317 0.024587
7005 3317 0.024587
7008 3317 0.024587
7088 3317 0.024587
3319 3318 0.032986
5985 3318 0.032986
7093 3318 0.032986
7095 3318 0.032986
3318 3319 0.42864
6983 3319 0.42864
7092 3319 0.42864
3321 3320 0.0066446
3322 3320 0.0066446
7097 3320 0.0066446
3320 3321 0.22338
6977 3321 0.22338
7096 3321 0.22338
3323 3322 0.0039292
3324 3322 0.0039292
7103 3322 0.0039292
3321 3323 0.012582
3322 3323 0.012582
7097 3323 0.012582
3325 3324 0.00069718
3326 3324 0.00069718
7099 3324 0.00069718
3323 3325 0.0067901
3324 3325 0.0067901
7103 3325 0.0067901
3325 3327 0.00023379
3326 3327 0.00023379
7099 3327 0.00023379
3332 3331 0.00011975
3334 3331 0.00011975
3331 3332 0.0013464
5827 3332 0.0013464
5829 3332 0.0013464
3332 3333 0.0013464
3334 3333 0.0013464
3333 3334 0.00011975
3336 3334 0.00011975
6225 3334 0.00011975
3333 3335 0.0012991
3336 3335 0.0012991
6225 3335 0.0012991
3335 3336 0.0085167
5823 3336 0.0085167
5831 3336 0.0085167
6967 3336 0.0085167
4199 3791 0.0032726
5395 3791 0.0032726
5396 3792 0.97754
5397 3792 0.97754
3791 3793 0.0011077
3790 3795 0.97437
3794 3795 0.97437
7083 3795 0.97437
3907 3906 0.0092815
4019 3906 0.0092815
6228 3906 0.0092815
6358 3906 0.0092815
2072 3907 0.005679
2074 3907 0.005679
2075 3907 0.005679
3906 3907 0.005679
4020 4019 0.0003239
6232 4019 0.0003239
6351 4019 0.0003239
3907 4020 0.00046022
4019 4020 0.00046022
6228 4020 0.00046022
6358 4020 0.00046022
4165 4164 0.0006941
4166 4164 0.0006941
5929 4164 0.0006941
5972 4164 0.0006941
4167 4166 0.00046767
4168 4166 0.00046767
5923 4166 0.00046767
5926 4166 0.00046767
4169 4168 0.00014635
4193 4168 0.00014635
4194 4168 0.00014635
4192 4193 0.0001443
5919 4193 0.0001443
5980 4193 0.0001443
7116 4199 0.0029914
2338 4200 0.0024891
2341 4200 0.0024891
4198 4200 0.0024891
4204 4205 0.00046392
4206 4205 0.00046392
4207 4205 0.00046392
4211 4205 0.00046392
4205 4206 0.00079461
5741 4206 0.00079461
5742 4206 0.00079461
4201 4207 0.00062554
4208 4207 0.00062554
4209 4207 0.00062554
5909 4207 0.00062554
4204 4208 0.00049812
4206 4208 0.00049812
4207 4208 0.00049812
4211 4208 0.00049812
944 4209 0.0019092
947 4209 0.0019092
4210 4209 0.0019092
4204 4212 0.00050138
4206 4212 0.00050138
4207 4212 0.00050138
4211 4212 0.00050138
4212 4213 0.00050138
4214 4213 0.00050138
2332 4215 0.0030684
2335 4215 0.0030684
4216 4215 0.0030684
4217 4218 0.0024167
6727 4218 0.0024167
4220 4219 0.0004249
4222 4219 0.0004249
943 4222 0.0004249
4221 4222 0.0004249
4815 4222 0.0004249
4223 4224 0.025446
6896 4224 0.025446
7081 4224 0.025446
4228 4227 0.025429
4229 4227 0.025429
6893 4227 0.025429
4657 4656 0.024904
5663 4656 0.024904
5665 4656 0.024904
6736 4658 0.024917
6737 4659 0.00027523
1537 4709 0.00051701
4710 4709 0.00051701
996 4789 0.00030192
3119 4789 0.00030192
4790 4789 0.00030192
6237 4789 0.00030192
4789 4790 0.00035721
6240 4790 0.00035721
6365 4790 0.00035721
5064 5063 0.00029906
5240 5063 0.00029906
4659 5064 0.9529
5065 5064 0.9529
3792 5065 0.95263
2348 5238 0.37483
5239 5238 0.37483
5739 5238 0.37483
3317 5239 0.003043
5238 5239 0.003043
7089 5239 0.003043
5064 5241 0.9526
5240 5241 0.9526
2753 5270 0.00023632
3327 5270 0.00023632
5237 5270 0.00023632
5390 5389 0.00034066
5877 5389 0.00034066
5992 5389 0.00034066
1512 5392 0.00034066
5391 5392 0.00034066
5876 5392 0.00034066
5063 5395 0.0002812
3791 5396 0.0021649
3793 5397 0.97538
5993 5397 0.97538
7115 5397 0.97538
4658 5663 0.0249
2350 5669 0.00027456
5671 5669 0.00027456
5836 5669 0.00027456
2350 5670 0.0011317
5671 5670 0.0011317
5836 5670 0.0011317
5670 5671 0.00061952
6385 5671 0.00061952
7085 5671 0.00061952
5241 5739 0.93789
5738 5739 0.93789
7218 5739 0.93789
5740 5741 0.014793
7219 5741 0.014793
4213 5742 0.00011814
5743 5742 0.00011814
5744 5742 0.00011814
4205 5743 0.014524
5741 5743 0.014524
5742 5743 0.014524
1655 5744 0.00011871
5745 5744 0.00011871
5901 5744 0.00011871
5904 5744 0.00011871
4213 5745 0.014983
5743 5745 0.014983
5744 5745 0.014983
1658 5746 0.00071433
5747 5746 0.00071433
5907 5746 0.00071433
5984 5746 0.00071433
3335 5822 0.0032129
5823 5822 0.0032129
5831 5822 0.0032129
6967 5822 0.0032129
5822 5823 0.0083836
6963 5823 0.0083836
7102 5823 0.0083836
7104 5823 0.0083836
5825 5824 0.00032718
5826 5824 0.00032718
5830 5824 0.00032718
5824 5825 0.0051581
6964 5825 0.0051581
7100 5825 0.0051581
3331 5826 0.00011975
5827 5826 0.00011975
5829 5826 0.00011975
5825 5827 0.0013464
5826 5827 0.0013464
5830 5827 0.0013464
3335 5830 0.00097457
5823 5830 0.00097457
5831 5830 0.00097457
6967 5830 0.00097457
5825 5831 0.0045788
5826 5831 0.0045788
5830 5831 0.0045788
5389 5876 0.00034066
5875 5876 0.00034066
5994 5876 0.00034066
4163 5891 0.00071712
4164 5891 0.00071712
5889 5891 0.00071712
5892 5891 0.00071712
5792 5893 0.00073907
5891 5893 0.00073907
5894 5893 0.00073907
2329 5895 0.017247
5896 5895 0.017247
7254 5895 0.017247
7258 5895 0.017247
942 5897 0.020427
945 5897 0.020427
5898 5897 0.020427
7252 5897 0.020427
5897 5899 0.020223
5900 5899 0.020223
5983 5899 0.020223
5899 5900 0.00012063
5902 5900 0.00012063
5910 5900 0.00012063
5899 5901 0.021925
5902 5901 0.021925
5910 5901 0.021925
1655 5902 0.00011376
5745 5902 0.00011376
5901 5902 0.00011376
5904 5902 0.00011376
1655 5903 0.037517
5745 5903 0.037517
5901 5903 0.037517
5904 5903 0.037517
2349 5904 0.0001463
5903 5904 0.0001463
5986 5904 0.0001463
7105 5904 0.0001463
4201 5910 0.0017961
4208 5910 0.0017961
4209 5910 0.0017961
5909 5910 0.0017961
5917 5919 0.00060739
5920 5919 0.00060739
5978 5919 0.00060739
4167 5924 0.0001043
4168 5924 0.0001043
5923 5924 0.0001043
5926 5924 0.0001043
5925 5926 0.00042202
5976 5926 0.00042202
5979 5926 0.00042202
5927 5929 0.00010645
5930 5929 0.00010645
5974 5929 0.00010645
4165 5971 0.00018717
4166 5971 0.00018717
5929 5971 0.00018717
5972 5971 0.00018717
2331 5972 0.00035827
4196 5972 0.00035827
5971 5972 0.00035827
7256 5972 0.00035827
5925 5975 0.00043581
5976 5975 0.00043581
5979 5975 0.00043581
2330 5976 0.00035179
2333 5976 0.00035179
5975 5976 0.00035179
2334 5978 0.00063034
2337 5978 0.00063034
5977 5978 0.00063034
7152 5978 0.00063034
4192 5979 0.00049844
5919 5979 0.00049844
5980 5979 0.00049844
1658 5983 0.00018167
5747 5983 0.00018167
5907 5983 0.00018167
5984 5983 0.00018167
5897 5984 0.00049083
5900 5984 0.00049083
5983 5984 0.00049083
2349 5985 0.60363
5903 5985 0.60363
5986 5985 0.60363
7105 5985 0.60363
5392 5992 0.00034066
5393 5992 0.00034066
5991 5992 0.00034066
5389 5993 0.0003842
5875 5993 0.0003842
5994 5993 0.0003842
3793 5994 0.00038418
5993 5994 0.00038418
7115 5994 0.00038418
548 6225 0.0011842
6226 6225 0.0011842
6227 6225 0.0011842
6230 6225 0.0011842
3333 6226 0.0096285
3336 6226 0.0096285
6225 6226 0.0096285
3907 6227 0.0058876
4019 6227 0.0058876
6228 6227 0.0058876
6358 6227 0.0058876
548 6228 0.011336
6226 6228 0.011336
6227 6228 0.011336
6230 6228 0.011336
548 6229 0.029669
6226 6229 0.029669
6227 6229 0.029669
6230 6229 0.029669
6229 6230 0.032064
6979 6230 0.032064
7063 6230 0.032064
4020 6231 0.0001415
6232 6231 0.0001415
6351 6231 0.0001415
6231 6232 0.00021186
6234 6232 0.00021186
6354 6232 0.00021186
3122 6234 0.00020572
5270 6234 0.00020572
6233 6234 0.00020572
2071 6237 0.00039615
6238 6237 0.00039615
6239 6237 0.00039615
996 6238 0.0018699
3119 6238 0.0018699
4790 6238 0.0018699
6237 6238 0.0018699
4789 6239 0.00061753
6240 6239 0.00061753
6365 6239 0.00061753
2071 6240 0.0001435
6238 6240 0.0001435
6239 6240 0.0001435
950 6351 0.00013101
6352 6351 0.00013101
6353 6351 0.00013101
6356 6351 0.00013101
4020 6352 0.0003377
6232 6352 0.0003377
6351 6352 0.0003377
6231 6355 0.00013078
6234 6355 0.00013078
6354 6355 0.00013078
950 6357 0.00044426
6352 6357 0.00044426
6353 6357 0.00044426
6356 6357 0.00044426
995 6358 0.0013577
6359 6358 0.0013577
6360 6358 0.0013577
3907 6359 0.0030676
4019 6359 0.0030676
6228 6359 0.0030676
6358 6359 0.0030676
6357 6360 0.00041309
6361 6360 0.00041309
995 6361 0.00067874
6359 6361 0.00067874
6360 6361 0.00067874
6357 6362 0.00066044
6361 6362 0.00066044
2364 6365 0.00061767
2367 6365 0.00061767
6366 6365 0.00061767
6367 6365 0.00061767
4218 6707 0.0054242
6706 6707 0.0054242
6724 6707 0.0054242
4215 6724 0.0030684
6725 6724 0.0030684
6726 6727 0.0024167
7153 6727 0.0024167
6879 6736 0.024917
6880 6737 0.00027523
3792 6879 0.024917
433 6880 0.00027523
5669 6880 0.00027523
4224 6893 0.025446
4225 6893 0.025446
6894 6893 0.025446
4223 6895 0.97464
6896 6895 0.97464
7081 6895 0.97464
5824 6963 0.0036868
6964 6963 0.0036868
7100 6963 0.0036868
5822 6964 0.0026333
6963 6964 0.0026333
7102 6964 0.0026333
7104 6964 0.0026333
6965 6967 0.001006
6968 6967 0.001006
7101 6967 0.001006
3335 6968 0.0025634
5823 6968 0.0025634
5831 6968 0.0025634
6967 6968 0.0025634
6969 6971 0.54433
6972 6971 0.54433
6975 6971 0.54433
7066 6971 0.54433
6971 6972 0.055414
6974 6972 0.055414
7064 6972 0.055414
6971 6973 0.20719
6974 6973 0.20719
7064 6973 0.20719
6973 6974 0.45062
6976 6974 0.45062
6978 6974 0.45062
6973 6975 0.59747
6976 6975 0.59747
6978 6975 0.59747
6969 6976 0.046587
6972 6976 0.046587
6975 6976 0.046587
7066 6976 0.046587
6973 6977 0.041608
6976 6977 0.041608
6978 6977 0.041608
3320 6978 0.83592
6977 6978 0.83592
7096 6978 0.83592
6980 6979 0.28043
7065 6979 0.28043
7098 6979 0.28043
6229 6980 0.010379
6979 6980 0.010379
7063 6980 0.010379
6982 6981 0.054662
6984 6981 0.054662
6986 6981 0.054662
6981 6982 0.015384
6990 6982 0.015384
6982 6983 0.053645
6984 6983 0.053645
6986 6983 0.053645
3318 6984 0.090435
6983 6984 0.090435
7092 6984 0.090435
6982 6985 0.055728
6984 6985 0.055728
6986 6985 0.055728
6985 6986 0.058215
6988 6986 0.058215
6989 6986 0.058215
6985 6987 0.083677
6988 6987 0.083677
6989 6987 0.083677
6987 6988 0.046887
6992 6988 0.046887
6994 6988 0.046887
6981 6989 0.054662
6990 6989 0.054662
6985 6990 0.015384
6988 6990 0.015384
6989 6990 0.015384
6987 6991 0.08754
6992 6991 0.08754
6994 6991 0.08754
6991 6992 0.017607
6995 6992 0.017607
7000 6992 0.017607
6987 6993 0.048013
6992 6993 0.048013
6994 6993 0.048013
6993 6994 0.081156
6996 6994 0.081156
6998 6994 0.081156
7001 6994 0.081156
6993 6995 0.042215
6996 6995 0.042215
6998 6995 0.042215
7001 6995 0.042215
6991 6996 0.077085
6995 6996 0.077085
7000 6996 0.077085
6993 6997 0.10549
6996 6997 0.10549
6998 6997 0.10549
7001 6997 0.10549
6997 6998 0.068698
7090 6998 0.068698
7091 6998 0.068698
6991 6999 0.042033
6995 6999 0.042033
7000 6999 0.042033
6999 7000 0.0069701
7002 7000 0.0069701
7004 7000 0.0069701
6999 7001 0.042033
7002 7001 0.042033
7004 7001 0.042033
6993 7002 0.0069701
6996 7002 0.0069701
6998 7002 0.0069701
7001 7002 0.0069701
2366 7005 0.00088552
7006 7005 0.00088552
7086 7005 0.00088552
3316 7006 0.0011414
7005 7006 0.0011414
7008 7006 0.0011414
7088 7006 0.0011414
6895 7016 0.00039536
7017 7016 0.00039536
7084 7016 0.00039536
7016 7018 1.0001
7019 7018 1.0001
7026 7018 1.0001
7021 7020 0.00035464
7023 7020 0.00035464
7025 7020 0.00035464
7036 7020 0.00035464
7020 7021 0.00023547
7032 7021 0.00023547
7035 7021 0.00023547
7021 7022 0.00025418
7023 7022 0.00025418
7025 7022 0.00025418
7036 7022 0.00025418
7022 7023 0.00015472
7029 7023 0.00015472
7031 7023 0.00015472
7033 7023 0.00015472
7021 7024 0.0003498
7023 7024 0.0003498
7025 7024 0.0003498
7036 7024 0.0003498
7024 7025 0.00042961
7027 7025 0.00042961
7077 7025 0.00042961
7080 7025 0.00042961
7016 7027 0.00031437
7019 7027 0.00031437
7026 7027 0.00031437
1230 7031 0.00039229
7030 7031 0.00039229
7078 7031 0.00039229
7022 7032 0.00049775
7029 7032 0.00049775
7031 7032 0.00049775
7033 7032 0.00049775
7020 7034 0.00062777
7032 7034 0.00062777
7035 7034 0.00062777
7034 7036 0.00036489
7037 7036 0.00036489
7039 7036 0.00036489
7021 7037 0.00022607
7023 7037 0.00022607
7025 7037 0.00022607
7036 7037 0.00022607
7034 7038 0.00055531
7037 7038 0.00055531
7039 7038 0.00055531
7038 7039 0.00010953
7041 7039 0.00010953
7043 7039 0.00010953
7038 7040 0.00055507
7041 7040 0.00055507
7043 7040 0.00055507
1227 7041 0.00010992
7040 7041 0.00010992
7075 7041 0.00010992
7079 7041 0.00010992
6971 7063 0.021055
6974 7063 0.021055
7064 7063 0.021055
6229 7064 0.28871
6979 7064 0.28871
7063 7064 0.28871
6969 7065 0.15775
6972 7065 0.15775
6975 7065 0.15775
7066 7065 0.15775
6980 7066 0.095778
7065 7066 0.095778
7098 7066 0.095778
4227 7074 0.025444
5937 7074 0.025444
7073 7074 0.025444
1653 7075 0.001045
7054 7075 0.001045
7076 7075 0.001045
1227 7076 0.00032675
7040 7076 0.00032675
7075 7076 0.00032675
7079 7076 0.00032675
7024 7078 0.00039229
7027 7078 0.00039229
7077 7078 0.00039229
7080 7078 0.00039229
7024 7079 0.00043891
7027 7079 0.00043891
7077 7079 0.00043891
7080 7079 0.00043891
1227 7080 0.00060082
7040 7080 0.00060082
7075 7080 0.00060082
7079 7080 0.00060082
4811 7081 1.0001
7018 7081 1.0001
7082 7081 1.0001
6895 7083 0.97427
7017 7083 0.97427
7084 7083 0.97427
2366 7085 0.00062288
7006 7085 0.00062288
7086 7085 0.00062288
5670 7086 0.0011382
6385 7086 0.0011382
7085 7086 0.0011382
3316 7087 0.00018754
7005 7087 0.00018754
7008 7087 0.00018754
7088 7087 0.00018754
2351 7088 0.024309
4656 7088 0.024309
7014 7088 0.024309
7087 7088 0.024309
6997 7089 0.0024409
7090 7089 0.0024409
7091 7089 0.0024409
3317 7090 0.39809
5238 7090 0.39809
7089 7090 0.39809
3318 7091 0.0089408
6983 7091 0.0089408
7092 7091 0.0089408
6997 7092 0.44138
7090 7092 0.44138
7091 7092 0.44138
547 7093 0.040855
2073 7093 0.040855
7094 7093 0.040855
3319 7094 0.029021
5985 7094 0.029021
7093 7094 0.029021
7095 7094 0.029021
3320 7095 0.0021088
6977 7095 0.0021088
7096 7095 0.0021088
3319 7096 1.0132
5985 7096 1.0132
7093 7096 1.0132
7095 7096 1.0132
6980 7097 0.0074362
7065 7097 0.0074362
7098 7097 0.0074362
3321 7098 0.21552
3322 7098 0.21552
7097 7098 0.21552
5824 7099 0.00070606
6964 7099 0.00070606
7100 7099 0.00070606
3325 7100 0.0065906
3326 7100 0.0065906
7099 7100 0.0065906
5822 7101 0.001006
6963 7101 0.001006
7102 7101 0.001006
7104 7101 0.001006
6965 7102 0.0025634
6968 7102 0.0025634
7101 7102 0.0025634
5822 7103 0.0050496
6963 7103 0.0050496
7102 7103 0.0050496
7104 7103 0.0050496
3323 7104 0.0076094
3324 7104 0.0076094
7103 7104 0.0076094
6961 7105 0.00012364
7106 7105 0.00012364
7107 7105 0.00012364
2346 7107 0.00012364
6960 7107 0.00012364
7108 7107 0.00012364
3795 7115 0.97437
7117 7116 0.0029914
1226 7117 0.0029914
1536 7117 0.0029914
4200 7117 0.0029914
2334 7153 0.0024167
2337 7153 0.0024167
5977 7153 0.0024167
7152 7153 0.0024167
5241 7219 0.014793
5738 7219 0.014793
7218 7219 0.014793
5895 7252 0.017247
7253 7252 0.017247
5893 7254 0.00073907
7255 7254 0.00073907
2331 7257 0.016563
4196 7257 0.016563
5971 7257 0.016563
7256 7257 0.016563
