770 769 0.00035422
771 769 0.00035422
1920 769 0.00035422
770 772 0.00010727
771 772 0.00010727
1920 772 0.00010727
1226 1227 0.00010267
1536 1227 0.00010267
4200 1227 0.00010267
1654 1653 0.0007715
2340 1653 0.0007715
2343 1653 0.0007715
1918 1920 0.00044433
1921 1920 0.00044433
1922 1920 0.00044433
1923 1922 0.00044433
1924 1922 0.00044433
4230 1922 0.00044433
4231 1922 0.00044433
1228 1924 0.0042553
1925 1924 0.0042553
7136 1924 0.0042553
1927 1926 0.0042553
1930 1926 0.0042553
7206 1926 0.0042553
1931 1930 0.0042553
1933 1930 0.0042553
1940 1930 0.0042553
1931 1932 0.99575
1933 1932 0.99575
1940 1932 0.99575
1941 1940 1
5418 1940 1
5422 1940 1
2342 2343 0.00086635
7057 2343 0.00086635
7074 2343 0.00086635
3789 3790 0.9957
7201 3790 0.9957
3793 3794 0.00015026
5993 3794 0.00015026
7115 3794 0.00015026
3790 3795 0.00010454
3794 3795 0.00010454
7083 3795 0.00010454
769 4155 0.00043411
4157 4155 0.00043411
772 4157 0.00010852
1884 4157 0.00010852
4156 4157 0.00010852
4224 4223 0.0035863
4225 4223 0.0035863
6894 4223 0.0035863
4223 4224 0.00019726
6896 4224 0.00019726
7081 4224 0.00019726
4228 4227 0.00060116
4229 4227 0.00060116
6893 4227 0.00060116
4227 4228 0.00016722
5937 4228 0.00016722
7073 4228 0.00016722
1923 4229 0.0038234
1924 4229 0.0038234
4230 4229 0.0038234
4231 4229 0.0038234
5401 5400 0.00012807
5404 5400 0.00012807
5400 5401 0.0001283
6746 5401 0.0001283
5225 5402 0.00011679
5403 5402 0.00011679
5401 5403 0.00012395
5404 5403 0.00012395
4669 5404 0.00012917
5402 5404 0.00012917
5405 5404 0.00012917
5423 5422 1
5424 5422 1
5426 5422 1
5427 5426 1
5430 5426 1
5434 5426 1
5936 5937 0.00043228
7133 5937 0.00043228
5400 6745 0.00012807
6746 6745 0.00012807
1932 6746 0.0001283
1934 6746 0.0001283
6745 6746 0.0001283
7198 6746 0.0001283
6827 6828 0.9957
7199 6828 0.9957
4224 6893 0.00019726
4225 6893 0.00019726
6894 6893 0.00019726
4228 6894 0.0035863
4229 6894 0.0035863
6893 6894 0.0035863
4223 6895 0.0021072
6896 6895 0.0021072
7081 6895 0.0021072
6895 6896 0.14491
7017 6896 0.14491
7084 6896 0.14491
6895 7016 0.8536
7017 7016 0.8536
7084 7016 0.8536
7016 7017 0.00065442
7019 7017 0.00065442
7026 7017 0.00065442
4811 7019 0.14626
7018 7019 0.14626
7082 7019 0.14626
7021 7020 0.00045715
7023 7020 0.00045715
7025 7020 0.00045715
7036 7020 0.00045715
7020 7021 0.000575
7032 7021 0.000575
7035 7021 0.000575
7021 7022 0.0004105
7023 7022 0.0004105
7025 7022 0.0004105
7036 7022 0.0004105
7022 7023 0.00043752
7029 7023 0.00043752
7031 7023 0.00043752
7033 7023 0.00043752
7021 7024 0.001149
7023 7024 0.001149
7025 7024 0.001149
7036 7024 0.001149
7024 7025 0.00047045
7027 7025 0.00047045
7077 7025 0.00047045
7080 7025 0.00047045
7024 7026 0.001544
7027 7026 0.001544
7077 7026 0.001544
7080 7026 0.001544
7016 7027 0.00068091
7019 7027 0.00068091
7026 7027 0.00068091
1230 7031 0.00095352
7030 7031 0.00095352
7078 7031 0.00095352
7022 7032 0.00096226
7029 7032 0.00096226
7031 7032 0.00096226
7033 7032 0.00096226
7020 7034 0.00086188
7032 7034 0.00086188
7035 7034 0.00086188
7034 7036 0.00071543
7037 7036 0.00071543
7039 7036 0.00071543
7021 7037 0.00018176
7023 7037 0.00018176
7025 7037 0.00018176
7036 7037 0.00018176
7034 7038 0.00039861
7037 7038 0.00039861
7039 7038 0.00039861
7038 7039 0.00014045
7041 7039 0.00014045
7043 7039 0.00014045
7038 7040 0.00039822
7041 7040 0.00039822
7043 7040 0.00039822
1227 7041 0.00013975
7040 7041 0.00013975
7075 7041 0.00013975
7079 7041 0.00013975
4227 7074 0.00086635
5937 7074 0.00086635
7073 7074 0.00086635
1653 7075 0.0007713
7054 7075 0.0007713
7076 7075 0.0007713
7024 7078 0.00095352
7027 7078 0.00095352
7077 7078 0.00095352
7080 7078 0.00095352
1227 7080 0.0011633
7040 7080 0.0011633
7075 7080 0.0011633
7079 7080 0.0011633
4223 7082 0.14626
6896 7082 0.14626
7081 7082 0.14626
3790 7084 0.99575
3794 7084 0.99575
7083 7084 0.99575
3795 7115 0.00010454
4155 7133 0.00043228
7132 7133 0.00043228
1926 7134 0.0042553
7135 7134 0.0042553
7134 7136 0.0042553
7137 7136 0.0042553
1932 7199 0.9957
1934 7199 0.9957
6745 7199 0.9957
7198 7199 0.9957
6828 7201 0.9957
7200 7201 0.9957
