2 1 0.00031416
1225 1 0.00031416
4679 1 0.00031416
1 2 0.00021545
2466 2 0.00021545
2630 2 0.00021545
91 92 0.00017114
3732 92 0.00017114
3733 92 0.00017114
98 97 0.00025022
3704 97 0.00025022
3705 97 0.00025022
134 133 0.00014807
3708 133 0.00014807
3709 133 0.00014807
133 134 0.00076326
3052 134 0.00076326
97 411 0.00025022
412 411 0.00025022
6566 411 0.00025022
414 416 0.00011244
415 416 0.00011244
417 416 0.00011244
402 417 0.00010313
403 417 0.00010313
418 417 0.00010313
419 417 0.00010313
428 427 0.00042575
429 427 0.00042575
3089 427 0.00042575
5680 427 0.00042575
427 428 0.0031391
431 428 0.0031391
3097 428 0.0031391
2279 431 0.00017697
5674 431 0.00017697
7273 431 0.00017697
427 432 0.00023378
431 432 0.00023378
3097 432 0.00023378
5835 433 0.011845
548 547 0.077051
6226 547 0.077051
6227 547 0.077051
6230 547 0.077051
547 548 0.013642
2073 548 0.013642
7094 548 0.013642
5260 723 0.3046
723 724 0.28485
6920 724 0.28485
88 774 0.00012073
90 774 0.00012073
773 774 0.00012073
6568 774 0.00012073
774 776 0.00012073
775 776 0.00012073
948 950 0.011497
951 950 0.011497
6355 950 0.011497
950 951 0.0047487
6352 951 0.0047487
6353 951 0.0047487
6356 951 0.0047487
995 994 0.021221
6359 994 0.021221
6360 994 0.021221
994 995 0.021272
997 995 0.021272
2076 995 0.021272
2077 995 0.021272
994 996 0.016221
997 996 0.016221
2076 996 0.016221
2077 996 0.016221
996 997 0.016059
3119 997 0.016059
4790 997 0.016059
6237 997 0.016059
1124 1123 0.00027466
5099 1123 0.00027466
5102 1123 0.00027466
1123 1124 0.062097
2461 1124 0.062097
3067 1124 0.062097
3069 1124 0.062097
5103 1125 0.0060602
5143 1125 0.0060602
434 1126 0.0001251
5089 1126 0.0001251
432 1127 0.014797
5692 1127 0.014797
6874 1128 0.24407
5085 1129 0.0015338
5267 1129 0.0015338
2277 1225 0.085123
5109 1225 0.085123
1301 1300 0.00054294
2463 1300 0.00054294
5146 1300 0.00054294
1300 1301 0.05662
1371 1301 0.05662
2464 1301 0.05662
5462 1312 0.0019534
6768 1312 0.0019534
1321 1322 0.00016459
5308 1322 0.00016459
5309 1322 0.00016459
1322 1324 0.00016459
1323 1324 0.00016459
5130 1324 0.00016459
1368 1367 0.00010442
1387 1367 0.00010442
1389 1367 0.00010442
1367 1368 0.00039143
3068 1368 0.00039143
1372 1371 0.00023725
1381 1371 0.00023725
5173 1371 0.00023725
1300 1372 0.0061301
1371 1372 0.0061301
2464 1372 0.0061301
1388 1387 0.00010442
5370 1387 0.00010442
6669 1387 0.00010442
1368 1388 0.00039143
1387 1388 0.00039143
1389 1388 0.00039143
551 1414 0.00016459
1324 1414 0.00016459
1413 1414 0.00016459
1431 1432 0.00014354
1846 1432 0.00014354
2454 1432 0.00014354
1433 1434 0.00013948
1844 1434 0.00013948
2456 1434 0.00013948
1528 1530 0.0068585
1531 1530 0.0068585
3303 1530 0.0068585
1530 1531 0.0037246
1533 1531 0.0037246
2850 1531 0.0037246
1530 1532 0.00066749
1533 1532 0.00066749
2850 1532 0.00066749
1532 1533 0.00059024
2851 1533 0.00059024
3339 1533 0.00059024
1566 1568 0.00011602
1569 1568 0.00011602
5716 1568 0.00011602
1568 1570 0.0039202
1571 1570 0.0039202
3699 1570 0.0039202
1570 1572 0.00044429
1573 1572 0.00044429
3092 1572 0.00044429
408 1574 0.00044429
1575 1574 0.00044429
7224 1574 0.00044429
1574 1576 0.0006112
1577 1576 0.0006112
6571 1576 0.0006112
1578 1580 0.00011649
1581 1580 0.00011649
4558 1580 0.00011649
1659 1660 0.0071703
3213 1660 0.0071703
4560 1660 0.0071703
1662 1661 0.00017403
3657 1661 0.00017403
3660 1661 0.00017403
1661 1663 0.00011634
1664 1663 0.00011634
6204 1663 0.00011634
1663 1665 0.00010248
1666 1665 0.00010248
6183 1665 0.00010248
1665 1667 0.00010267
1668 1667 0.00010267
6198 1667 0.00010267
1670 1669 0.00014467
6171 1669 0.00014467
7226 1669 0.00014467
1669 1671 0.00014467
1672 1671 0.00014467
6169 1671 0.00014467
1671 1673 0.00034936
1674 1673 0.00034936
3202 1673 0.00034936
1676 1675 0.00020356
2854 1675 0.00020356
3661 1675 0.00020356
1808 1805 0.48186
4680 1805 0.48186
5101 1805 0.48186
1808 1807 0.003167
4680 1807 0.003167
5101 1807 0.003167
1807 1808 0.0040208
5115 1808 0.0040208
1826 1827 0.0020878
3149 1827 0.0020878
3152 1827 0.0020878
1855 1854 0.00090295
1859 1854 0.00090295
5610 1854 0.00090295
1857 1856 0.011663
1858 1856 0.011663
5612 1856 0.011663
1856 1857 0.00015103
1861 1857 0.00015103
4575 1857 0.00015103
1857 1859 0.00090295
1858 1859 0.00090295
5612 1859 0.00090295
1856 1860 0.011891
1861 1860 0.011891
4575 1860 0.011891
1865 1864 0.00010085
5608 1864 0.00010085
5615 1864 0.00010085
1976 1975 0.017554
6155 1975 0.017554
6617 1975 0.017554
2072 2071 0.0046014
2074 2071 0.0046014
2075 2071 0.0046014
3906 2071 0.0046014
2071 2072 0.026697
6238 2072 0.026697
6239 2072 0.026697
2072 2073 0.22145
2074 2073 0.22145
2075 2073 0.22145
3906 2073 0.22145
547 2074 0.00076891
2073 2074 0.00076891
7094 2074 0.00076891
994 2075 0.13349
997 2075 0.13349
2076 2075 0.13349
2077 2075 0.13349
2072 2076 0.0050494
2074 2076 0.0050494
2075 2076 0.0050494
3906 2076 0.0050494
2078 2077 0.13529
2358 2077 0.13529
2361 2077 0.13529
6371 2077 0.13529
994 2078 0.0066406
997 2078 0.0066406
2076 2078 0.0066406
2077 2078 0.0066406
2135 2134 0.0051268
2142 2134 0.0051268
2400 2134 0.0051268
2818 2134 0.0051268
2134 2136 0.0058354
2137 2136 0.0058354
6215 2136 0.0058354
2139 2138 0.0064068
2140 2138 0.0064068
3613 2138 0.0064068
2143 2142 0.00017717
2404 2142 0.00017717
7285 2142 0.00017717
309 2144 0.00010091
2145 2144 0.00010091
5494 2144 0.00010091
724 2146 0.9626
2147 2146 0.9626
6794 2146 0.9626
2149 2148 0.67905
7287 2148 0.67905
2148 2149 0.001351
6795 2149 0.001351
2151 2150 0.98231
3649 2150 0.98231
3652 2150 0.98231
6823 2150 0.98231
549 2152 0.99335
2153 2152 0.99335
2864 2152 0.99335
6808 2152 0.99335
1312 2154 0.99982
2155 2154 0.99982
4673 2154 0.99982
1805 2277 0.085044
2278 2277 0.085044
4682 2277 0.085044
2277 2278 0.00017018
5109 2278 0.00017018
2349 2348 0.0025257
5903 2348 0.0025257
5986 2348 0.0025257
7105 2348 0.0025257
2348 2349 0.0070186
5239 2349 0.0070186
5739 2349 0.0070186
2351 2350 0.00039826
4656 2350 0.00039826
7014 2350 0.00039826
7087 2350 0.00039826
2350 2351 0.080178
5671 2351 0.080178
5836 2351 0.080178
2353 2352 0.21614
3337 2352 0.21614
2352 2353 0.00044654
2355 2353 0.00044654
5269 2353 0.00044654
2352 2354 0.22449
2355 2354 0.22449
5269 2354 0.22449
2354 2355 0.00010361
2357 2355 0.00010361
2354 2356 0.12885
2357 2356 0.12885
2356 2357 0.0013678
2359 2357 0.0013678
6362 2357 0.0013678
7160 2357 0.0013678
2356 2358 0.14367
2359 2358 0.14367
6362 2358 0.14367
7160 2358 0.14367
2078 2359 0.0014791
2358 2359 0.0014791
2361 2359 0.0014791
6371 2359 0.0014791
2078 2360 0.072731
2358 2360 0.072731
2361 2360 0.072731
6371 2360 0.072731
2360 2361 0.0031512
2363 2361 0.0031512
3120 2361 0.0031512
2360 2362 0.055067
2363 2362 0.055067
3120 2362 0.055067
2362 2363 0.0056357
2365 2363 0.0056357
6395 2363 0.0056357
2362 2364 0.065603
2365 2364 0.065603
6395 2364 0.065603
2364 2365 0.0030919
2367 2365 0.0030919
6366 2365 0.0030919
6367 2365 0.0030919
2364 2366 0.13724
2367 2366 0.13724
6366 2366 0.13724
6367 2366 0.13724
2366 2367 0.0038384
7006 2367 0.0038384
7086 2367 0.0038384
2135 2401 0.00050913
2142 2401 0.00050913
2400 2401 0.00050913
2818 2401 0.00050913
2401 2407 0.00050913
2402 2407 0.00050913
2406 2407 0.00050913
2449 2448 0.00012438
2450 2448 0.00012438
2510 2448 0.00012438
1316 2450 0.00012317
2451 2450 0.00012317
2452 2450 0.00012317
1318 2452 0.0001296
1432 2452 0.0001296
2453 2452 0.0001296
1434 2454 0.00014387
2455 2454 0.00014387
5808 2454 0.00014387
2457 2456 0.00014114
5812 2456 0.00014114
6662 2456 0.00014114
1397 2458 0.00014483
2459 2458 0.00014483
6666 2458 0.00014483
1123 2460 0.00025182
2461 2460 0.00025182
3067 2460 0.00025182
3069 2460 0.00025182
2460 2461 0.00042463
6667 2461 0.00042463
6668 2461 0.00042463
1301 2462 0.05662
2463 2462 0.05662
5146 2462 0.05662
2462 2463 0.00054294
3070 2463 0.00054294
5172 2463 0.00054294
2465 2464 0.062071
5097 2464 0.062071
1300 2465 0.00010079
1371 2465 0.00010079
2464 2465 0.00010079
2467 2466 0.00021556
5614 2466 0.00021556
5617 2466 0.00021556
1 2467 0.00030059
2466 2467 0.00030059
2630 2467 0.00030059
2629 2628 0.99976
4681 2628 0.99976
5113 2628 0.99976
2648 2647 0.00017717
2649 2647 0.00017717
7140 2647 0.00017717
1827 2655 0.00015113
2656 2655 0.00015113
4672 2655 0.00015113
2138 2817 0.0010254
2816 2817 0.0010254
2819 2817 0.0010254
2138 2818 0.005449
2816 2818 0.005449
2819 2818 0.005449
1530 2849 0.0070587
1533 2849 0.0070587
2850 2849 0.0070587
600 2850 0.0040021
2849 2850 0.0040021
3344 2850 0.0040021
3345 2850 0.0040021
1676 2853 0.0036758
2854 2853 0.0036758
3661 2853 0.0036758
549 2863 0.0064068
2153 2863 0.0064068
2864 2863 0.0064068
6808 2863 0.0064068
133 3051 0.00014807
3052 3051 0.00014807
3051 3052 0.00076326
3710 3052 0.00076326
3711 3052 0.00076326
3054 3053 0.00066418
3685 3053 0.00066418
1367 3067 0.00010442
3068 3067 0.00010442
1123 3068 0.00039143
2461 3068 0.00039143
3067 3068 0.00039143
3069 3068 0.00039143
2462 3069 0.061987
3070 3069 0.061987
5172 3069 0.061987
3085 3086 0.010204
3088 3086 0.010204
5398 3086 0.010204
3087 3088 0.01014
7151 3088 0.01014
428 3090 0.0092449
429 3090 0.0092449
3089 3090 0.0092449
5680 3090 0.0092449
1570 3091 0.0035192
1573 3091 0.0035192
3092 3091 0.0035192
416 3095 0.00071852
3096 3095 0.00071852
7148 3095 0.00071852
1127 3097 0.0030893
3095 3097 0.0030893
3098 3097 0.0030893
427 3098 0.00031913
431 3098 0.00031913
3097 3098 0.00031913
3105 3106 0.00013888
5399 3106 0.00013888
5963 3106 0.00013888
3107 3109 0.0021204
3110 3109 0.0021204
3309 3109 0.0021204
3310 3109 0.0021204
3109 3111 0.0032936
3112 3111 0.0032936
3313 3111 0.0032936
3314 3111 0.0032936
3111 3113 0.0021374
3114 3113 0.0021374
6382 3113 0.0021374
6383 3113 0.0021374
3113 3115 0.001165
3116 3115 0.001165
6106 3115 0.001165
3118 3117 0.0039177
6390 3117 0.0039177
6391 3117 0.0039177
3117 3118 0.0018686
5957 3118 0.0018686
6368 3118 0.0018686
6369 3118 0.0018686
2360 3119 0.027687
2363 3119 0.027687
3120 3119 0.027687
996 3120 0.0075388
3119 3120 0.0075388
4790 3120 0.0075388
6237 3120 0.0075388
3122 3121 0.0017402
5270 3121 0.0017402
6233 3121 0.0017402
3121 3122 0.11459
3328 3122 0.11459
3329 3122 0.11459
3124 3123 0.026768
3307 3123 0.026768
3308 3123 0.026768
3637 3123 0.026768
3123 3124 0.00015082
3126 3124 0.00015082
3312 3124 0.00015082
3123 3125 0.025549
3126 3125 0.025549
3312 3125 0.025549
3125 3126 0.00011946
3128 3126 0.00011946
5949 3126 0.00011946
3125 3127 0.022653
3128 3127 0.022653
5949 3127 0.022653
3127 3128 0.00010711
3130 3128 0.00010711
6380 3128 0.00010711
6381 3128 0.00010711
3127 3129 0.013482
3130 3129 0.013482
6380 3129 0.013482
6381 3129 0.013482
3129 3130 0.00021559
3132 3130 0.00021559
6105 3130 0.00021559
6108 3130 0.00021559
3129 3131 0.0099025
3132 3131 0.0099025
6105 3131 0.0099025
6108 3131 0.0099025
3131 3132 0.00027126
3134 3132 0.00027126
6402 3132 0.00027126
6403 3132 0.00027126
3131 3133 0.0084378
3134 3133 0.0084378
6402 3133 0.0084378
6403 3133 0.0084378
3133 3134 0.00062408
5955 3134 0.00062408
6394 3134 0.00062408
3136 3135 0.0069436
3305 3135 0.0069436
3306 3135 0.0069436
3135 3136 0.00063312
5948 3136 0.00063312
5953 3136 0.00063312
3138 3137 0.0023166
5832 3137 0.0023166
6422 3137 0.0023166
3137 3138 0.040833
3302 3138 0.040833
3338 3138 0.040833
3140 3139 0.0048636
6372 3139 0.0048636
6373 3139 0.0048636
6407 3139 0.0048636
3139 3140 0.0045222
3910 3140 0.0045222
6112 3140 0.0045222
3142 3141 0.013026
6414 3141 0.013026
6415 3141 0.013026
3141 3142 0.00050994
3144 3142 0.00050994
4787 3142 0.00050994
3141 3143 0.011559
3144 3143 0.011559
4787 3143 0.011559
3143 3144 0.0015247
3146 3144 0.0015247
6374 3144 0.0015247
6375 3144 0.0015247
3143 3145 0.0075982
3146 3145 0.0075982
6374 3145 0.0075982
6375 3145 0.0075982
3145 3146 0.0016531
3148 3146 0.0016531
3911 3146 0.0016531
6109 3146 0.0016531
3145 3147 0.0056396
3148 3147 0.0056396
3911 3147 0.0056396
6109 3147 0.0056396
3147 3148 0.00076546
5951 3148 0.00076546
6398 3148 0.00076546
6399 3148 0.00076546
3150 3149 0.0021006
4674 3149 0.0021006
7178 3149 0.0021006
1826 3150 0.00020721
3149 3150 0.00020721
3152 3150 0.00020721
3151 3152 0.00021576
3154 3152 0.00021576
5499 3152 0.00021576
5500 3152 0.00021576
1830 3154 0.00014719
3153 3154 0.00014719
3156 3154 0.00014719
5514 3154 0.00014719
1675 3202 0.00020519
3203 3202 0.00020519
6201 3202 0.00020519
1673 3204 0.00034936
3205 3204 0.00034936
6167 3204 0.00034936
3207 3206 0.00017569
4559 3206 0.00017569
4562 3206 0.00017569
3212 3213 0.0074031
3651 3213 0.0074031
3654 3213 0.0074031
3221 3220 0.00032463
6081 3220 0.00032463
6213 3220 0.00032463
6592 3220 0.00032463
2136 3221 0.00033469
2853 3221 0.00033469
3220 3221 0.00033469
6166 3221 0.00033469
1528 3302 0.0037246
1531 3302 0.0037246
3303 3302 0.0037246
3137 3303 0.0068585
3302 3303 0.0068585
3338 3303 0.0068585
3136 3304 0.00679
3305 3304 0.00679
3306 3304 0.00679
3304 3305 0.0021469
6420 3305 0.0021469
6421 3305 0.0021469
3124 3306 0.0118
3307 3306 0.0118
3308 3306 0.0118
3637 3306 0.0118
3136 3307 0.00084673
3305 3307 0.00084673
3306 3307 0.00084673
3124 3309 0.0021204
3307 3309 0.0021204
3308 3309 0.0021204
3637 3309 0.0021204
3109 3312 0.00049126
3112 3312 0.00049126
3313 3312 0.00049126
3314 3312 0.00049126
3123 3313 0.0016792
3126 3313 0.0016792
3312 3313 0.0016792
3316 3317 0.32139
7005 3317 0.32139
7008 3317 0.32139
7088 3317 0.32139
3319 3318 0.67317
5985 3318 0.67317
7093 3318 0.67317
7095 3318 0.67317
3318 3319 0.0037427
6983 3319 0.0037427
7092 3319 0.0037427
3321 3320 0.27132
3322 3320 0.27132
7097 3320 0.27132
3320 3321 0.04279
6977 3321 0.04279
7096 3321 0.04279
3323 3322 0.2973
3324 3322 0.2973
7103 3322 0.2973
3321 3323 0.0076359
3322 3323 0.0076359
7097 3323 0.0076359
3325 3324 0.2784
3326 3324 0.2784
7099 3324 0.2784
3323 3325 0.015854
3324 3325 0.015854
7103 3325 0.015854
2753 3326 0.31332
3327 3326 0.31332
5237 3326 0.31332
3325 3327 0.00043487
3326 3327 0.00043487
7099 3327 0.00043487
2353 3328 0.44304
3337 3328 0.44304
3332 3331 0.00051774
3334 3331 0.00051774
3331 3332 0.0051289
5827 3332 0.0051289
5829 3332 0.0051289
3332 3333 0.0051289
3334 3333 0.0051289
3333 3334 0.00051774
3336 3334 0.00051774
6225 3334 0.00051774
3333 3335 0.0059735
3336 3335 0.0059735
6225 3335 0.0059735
3335 3336 0.024581
5823 3336 0.024581
5831 3336 0.024581
6967 3336 0.024581
3137 3337 0.65874
3302 3337 0.65874
3338 3337 0.65874
3343 3338 0.70039
3639 3338 0.70039
3962 3338 0.70039
3340 3339 0.00059024
3342 3339 0.00059024
3960 3339 0.00059024
1532 3340 0.00066749
2851 3340 0.00066749
3339 3340 0.00066749
3340 3341 0.00066749
3342 3341 0.00066749
3960 3341 0.00066749
3341 3342 0.00059024
3346 3342 0.00059024
4684 3342 0.00059024
600 3343 0.010544
2849 3343 0.010544
3344 3343 0.010544
3345 3343 0.010544
3343 3344 0.0042085
3639 3344 0.0042085
3962 3344 0.0042085
3341 3345 0.0037142
3346 3345 0.0037142
4684 3345 0.0037142
600 3346 0.00043502
2849 3346 0.00043502
3344 3346 0.00043502
3345 3346 0.00043502
73 3347 0.0031585
3348 3347 0.0031585
3349 3347 0.0031585
3350 3349 0.0031585
3351 3349 0.0031585
3363 3349 0.0031585
3352 3351 0.0029503
3366 3351 0.0029503
3691 3351 0.0029503
3364 3363 0.0002158
3365 3363 0.0002158
3367 3363 0.0002158
3364 3366 0.00018284
3365 3366 0.00018284
3367 3366 0.00018284
3368 3367 0.00036391
3369 3367 0.00036391
3665 3367 0.00036391
3368 3370 0.00016217
3369 3370 0.00016217
3665 3370 0.00016217
2828 3611 0.0064068
2863 3611 0.0064068
3612 3611 0.0064068
2830 3613 0.0064068
3611 3613 0.0064068
3614 3613 0.0064068
3638 3637 0.039817
3640 3637 0.039817
5268 3637 0.039817
3124 3638 0.00015134
3307 3638 0.00015134
3308 3638 0.00015134
3637 3638 0.00015134
3638 3639 0.00058254
3640 3639 0.00058254
5268 3639 0.00058254
3343 3640 0.047296
3639 3640 0.047296
3962 3640 0.047296
2151 3650 0.00010866
3649 3650 0.00010866
3652 3650 0.00010866
6823 3650 0.00010866
2151 3651 0.0115
3649 3651 0.0115
3652 3651 0.0115
6823 3651 0.0115
3212 3652 0.0004723
3651 3652 0.0004723
3654 3652 0.0004723
3212 3653 0.0041834
3651 3653 0.0041834
3654 3653 0.0041834
3653 3654 0.00052945
3656 3654 0.00052945
6210 3654 0.00052945
3653 3655 0.0033082
3656 3655 0.0033082
6210 3655 0.0033082
3655 3656 0.0005383
3658 3656 0.0005383
6205 3656 0.0005383
3655 3657 0.0037803
3658 3657 0.0037803
6205 3657 0.0037803
1662 3658 0.00012626
3657 3658 0.00012626
3660 3658 0.00012626
1662 3659 0.0036375
3657 3659 0.0036375
3660 3659 0.0036375
3659 3660 0.00013349
3662 3660 0.00013349
6218 3660 0.00013349
3659 3661 0.0038033
3662 3661 0.0038033
6218 3661 0.0038033
3666 3665 0.00048198
3667 3665 0.00048198
5843 3665 0.00048198
3668 3667 0.0005439
3669 3667 0.0005439
6478 3667 0.0005439
3670 3669 0.00011449
3679 3669 0.00011449
5851 3669 0.00011449
3668 3670 0.00016974
3669 3670 0.00016974
6478 3670 0.00016974
3671 3672 0.00012728
5854 3672 0.00012728
3672 3674 0.0001809
3673 3674 0.0001809
3675 3674 0.0001809
3680 3679 0.00019159
3681 3679 0.00019159
3689 3679 0.00019159
6479 3679 0.00019159
3670 3680 0.00012804
3679 3680 0.00012804
5851 3680 0.00012804
3053 3681 0.00078709
3682 3681 0.00078709
3683 3681 0.00078709
3684 3683 0.00072681
3686 3683 0.00072681
3687 3683 0.00072681
3053 3684 0.00060155
3682 3684 0.00060155
3683 3684 0.00060155
3684 3685 0.00066418
3686 3685 0.00066418
3687 3685 0.00066418
3688 3687 0.0013328
3714 3687 0.0013328
3715 3687 0.0013328
3684 3688 0.00061726
3686 3688 0.00061726
3687 3688 0.00061726
3370 3691 0.0028008
3692 3691 0.0028008
3693 3691 0.0028008
3694 3693 0.0026778
3695 3693 0.0026778
6563 3693 0.0026778
3674 3695 0.002616
3696 3695 0.002616
3697 3695 0.002616
3642 3697 0.0024538
3698 3697 0.0024538
3716 3697 0.0024538
781 3699 0.0038069
3700 3699 0.0038069
3701 3699 0.0038069
553 3701 0.0038685
3702 3701 0.0038685
3703 3701 0.0038685
98 3703 0.0038384
3704 3703 0.0038384
3705 3703 0.0038384
1972 3705 0.004024
3706 3705 0.004024
3707 3705 0.004024
3736 3705 0.004024
134 3707 0.0042798
3708 3707 0.0042798
3709 3707 0.0042798
3051 3709 0.0040812
3710 3709 0.0040812
3711 3709 0.0040812
134 3710 0.00045923
3708 3710 0.00045923
3709 3710 0.00045923
2146 3711 0.0048003
3712 3711 0.0048003
4663 3711 0.0048003
7113 3711 0.0048003
3051 3712 0.00056315
3710 3712 0.00056315
3711 3712 0.00056315
3688 3713 0.00063292
3714 3713 0.00063292
3715 3713 0.00063292
3713 3714 0.0037034
6921 3714 0.0037034
7114 3714 0.0037034
3688 3716 0.002377
3714 3716 0.002377
3715 3716 0.002377
373 3729 0.00015411
3730 3729 0.00015411
3731 3729 0.00015411
91 3731 0.00015549
3732 3731 0.00015549
3733 3731 0.00015549
411 3733 0.00031941
3734 3733 0.00031941
3735 3733 0.00031941
1972 3735 0.00035278
3706 3735 0.00035278
3707 3735 0.00035278
3736 3735 0.00035278
411 3736 0.00021706
3734 3736 0.00021706
3735 3736 0.00021706
3907 3906 0.090212
4019 3906 0.090212
6228 3906 0.090212
6358 3906 0.090212
2072 3907 0.020063
2074 3907 0.020063
2075 3907 0.020063
3906 3907 0.020063
3909 3908 0.0014483
6113 3908 0.0014483
6400 3908 0.0014483
6401 3908 0.0014483
3908 3909 0.00072366
6392 3909 0.00072366
6393 3909 0.00072366
3145 3910 0.0051861
3148 3910 0.0051861
3911 3910 0.0051861
6109 3910 0.0051861
3139 3911 0.00080325
3910 3911 0.00080325
6112 3911 0.00080325
3951 3950 0.00050631
6079 3950 0.00050631
6082 3950 0.00050631
4685 3962 0.74077
5086 3962 0.74077
1129 3964 0.00024591
3963 3964 0.00024591
4020 4019 0.16922
6232 4019 0.16922
6351 4019 0.16922
3907 4020 0.0021409
4019 4020 0.0021409
6228 4020 0.0021409
6358 4020 0.0021409
92 4558 0.00011649
4557 4558 0.00011649
6569 4558 0.00011649
1659 4559 0.00025226
3213 4559 0.00025226
4560 4559 0.00025226
1854 4575 0.00063467
4576 4575 0.00063467
5153 4575 0.00063467
1856 4576 0.00027624
1861 4576 0.00027624
4575 4576 0.00027624
4657 4656 0.01035
5663 4656 0.01035
5665 4656 0.01035
6737 4659 0.013826
2146 4662 0.97499
3712 4662 0.97499
4663 4662 0.97499
7113 4662 0.97499
1827 4671 0.0019397
2656 4671 0.0019397
4672 4671 0.0019397
3150 4673 0.99787
4674 4673 0.99787
7178 4673 0.99787
1808 4679 0.51926
4680 4679 0.51926
5101 4679 0.51926
2 4680 0.00057227
1225 4680 0.00057227
4679 4680 0.00057227
1805 4681 0.39785
2278 4681 0.39785
4682 4681 0.39785
2629 4682 0.00086969
4681 4682 0.00086969
5113 4682 0.00086969
3347 4684 0.0032036
3354 4684 0.0032036
4683 4684 0.0032036
1685 4784 0.00013495
4783 4784 0.00013495
6151 4784 0.00013495
6154 4784 0.00013495
4788 4787 0.0020241
6408 4787 0.0020241
6409 4787 0.0020241
3141 4788 0.0045058
3144 4788 0.0045058
4787 4788 0.0045058
996 4789 0.0094275
3119 4789 0.0094275
4790 4789 0.0094275
6237 4789 0.0094275
4789 4790 0.0067557
6240 4790 0.0067557
6365 4790 0.0067557
1853 5059 0.00010569
5060 5059 0.00010569
5618 5059 0.00010569
4659 5064 0.013831
5065 5064 0.013831
5114 5069 0.0041006
5116 5069 0.0041006
4685 5085 0.23577
5086 5085 0.23577
5087 5086 0.97647
5271 5086 0.97647
1129 5087 0.0012986
3963 5087 0.0012986
7272 5088 0.011524
7274 5088 0.011524
5090 5089 0.00012423
5091 5090 0.11975
5838 5090 0.11975
1128 5091 0.25564
5092 5091 0.25564
5093 5092 0.011568
5088 5093 0.011579
5094 5093 0.011579
5098 5097 0.065276
5104 5097 0.065276
5100 5098 0.024437
5136 5098 0.024437
5100 5099 0.93793
5136 5099 0.93793
1124 5101 0.99969
5099 5101 0.99969
5102 5101 0.99969
5098 5103 0.0044309
5104 5103 0.0044309
5105 5104 0.04527
5106 5105 1.0076
5137 5105 1.0076
1125 5106 0.0033903
5141 5106 0.0033903
1331 5109 0.00025985
1414 5109 0.00025985
5110 5109 0.00025985
5111 5109 0.00025985
2 5113 0.60371
1225 5113 0.60371
4679 5113 0.60371
2629 5114 0.00093025
4681 5114 0.00093025
5113 5114 0.00093025
5069 5115 0.0040738
1807 5116 0.00322
5115 5116 0.00322
5105 5136 0.9623
5140 5137 1.0042
5144 5137 1.0042
1125 5140 0.0043886
5141 5140 0.0043886
5138 5141 0.0017187
5142 5141 0.0017187
5103 5142 0.0016767
5143 5142 0.0016767
2465 5143 0.003306
5097 5143 0.003306
5145 5144 0.99983
5148 5144 0.99983
5175 5144 0.99983
1860 5148 1.0122
5149 5148 1.0122
5164 5148 1.0122
1854 5152 0.00053247
4576 5152 0.00053247
5153 5152 0.00053247
5108 5164 0.00049993
5152 5164 0.00049993
5165 5164 0.00049993
5166 5164 0.00049993
1860 5165 0.0001836
5149 5165 0.0001836
5164 5165 0.0001836
5108 5167 0.00016464
5152 5167 0.00016464
5165 5167 0.00016464
5166 5167 0.00016464
5154 5169 0.00016464
5167 5169 0.00016464
5168 5169 0.00016464
5160 5171 0.00016464
5169 5171 0.00016464
5170 5171 0.00016464
1372 5172 0.0061042
1381 5172 0.0061042
5173 5172 0.0061042
2462 5173 0.00024439
3070 5173 0.00024439
5172 5173 0.00024439
5145 5174 0.012536
5148 5174 0.012536
5175 5174 0.012536
5150 5175 0.00014325
5174 5175 0.00014325
5613 5175 0.00014325
3121 5237 0.33019
3328 5237 0.33019
3329 5237 0.33019
2348 5238 0.013014
5239 5238 0.013014
5739 5238 0.013014
3317 5239 0.003795
5238 5239 0.003795
7089 5239 0.003795
5064 5241 0.013826
5240 5241 0.013826
2149 5260 0.3046
7287 5260 0.3046
3638 5267 0.0098364
3640 5267 0.0098364
5268 5267 0.0098364
3138 5268 0.002788
5832 5268 0.002788
6422 5268 0.002788
3122 5269 0.010594
5270 5269 0.010594
6233 5269 0.010594
2753 5270 0.017307
3327 5270 0.017307
5237 5270 0.017307
3964 5271 0.97524
6738 5271 0.97524
5305 5306 0.00014615
5312 5306 0.00014615
5601 5306 0.00014615
5176 5308 0.00016459
5306 5308 0.00016459
5307 5308 0.00016459
5162 5312 0.00016464
5171 5312 0.00016464
5311 5312 0.00016464
3105 5398 0.00011421
5399 5398 0.00011421
5963 5398 0.00011421
2484 5514 0.00013809
5515 5514 0.00013809
5516 5514 0.00013809
5648 5514 0.00013809
2448 5516 0.00012636
2478 5516 0.00012636
5517 5516 0.00012636
2736 5608 0.00011635
5059 5608 0.00011635
5606 5608 0.00011635
5609 5608 0.00011635
5150 5612 0.012536
5174 5612 0.012536
5613 5612 0.012536
1857 5613 0.00014324
1858 5613 0.00014324
5612 5613 0.00014324
1865 5614 0.00014398
5608 5614 0.00014398
5615 5614 0.00014398
2467 5615 0.00012764
5614 5615 0.00012764
5617 5615 0.00012764
2467 5616 0.00017619
5614 5616 0.00017619
5617 5616 0.00017619
1814 5618 0.00017619
5616 5618 0.00017619
5619 5618 0.00017619
5666 5665 0.01035
5667 5665 0.01035
3086 5667 0.010351
5668 5667 0.010351
5964 5667 0.010351
2350 5669 0.0019814
5671 5669 0.0019814
5836 5669 0.0019814
2350 5670 0.053694
5671 5670 0.053694
5836 5670 0.053694
5670 5671 0.027673
6385 5671 0.027673
7085 5671 0.027673
3090 5674 0.00028498
5675 5674 0.00028498
5676 5674 0.00028498
7150 5674 0.00028498
2279 5675 0.0013921
5674 5675 0.0013921
7273 5675 0.0013921
3090 5677 0.00021204
5675 5677 0.00021204
5676 5677 0.00021204
7150 5677 0.00021204
3094 5680 0.0065308
5681 5680 0.0065308
5683 5680 0.0065308
1975 5683 0.0064793
3091 5683 0.0064793
5682 5683 0.0064793
5693 5683 0.0064793
1975 5692 0.014583
3091 5692 0.014583
5682 5692 0.014583
5693 5692 0.014583
110 5716 0.00011602
5717 5716 0.00011602
6560 5716 0.00011602
5241 5739 0.013754
5738 5739 0.013754
7218 5739 0.013754
5740 5741 0.00012876
7219 5741 0.00012876
4205 5743 0.00012594
5741 5743 0.00012594
5742 5743 0.00012594
4213 5745 0.00013891
5743 5745 0.00013891
5744 5745 0.00013891
3335 5822 0.022684
5823 5822 0.022684
5831 5822 0.022684
6967 5822 0.022684
5822 5823 0.024027
6963 5823 0.024027
7102 5823 0.024027
7104 5823 0.024027
5825 5824 0.0017305
5826 5824 0.0017305
5830 5824 0.0017305
5824 5825 0.031935
6964 5825 0.031935
7100 5825 0.031935
3331 5826 0.00051774
5827 5826 0.00051774
5829 5826 0.00051774
5825 5827 0.0051289
5826 5827 0.0051289
5830 5827 0.0051289
3335 5830 0.0035471
5823 5830 0.0035471
5831 5830 0.0035471
6967 5830 0.0035471
5825 5831 0.02914
5826 5831 0.02914
5830 5831 0.02914
2352 5832 0.0018987
2355 5832 0.0018987
5269 5832 0.0018987
6877 5835 0.11963
5835 5836 0.10778
5091 5837 0.13619
5838 5837 0.13619
5837 5838 0.00029327
6927 5838 0.00029327
7069 5838 0.00029327
7112 5838 0.00029327
3670 5852 0.00012728
3679 5852 0.00012728
5851 5852 0.00012728
5852 5854 0.00012728
5853 5854 0.00012728
1655 5903 0.00024945
5745 5903 0.00024945
5901 5903 0.00024945
5904 5903 0.00024945
2349 5904 0.0001421
5903 5904 0.0001421
5986 5904 0.0001421
7105 5904 0.0001421
3125 5948 0.0039334
3128 5948 0.0039334
5949 5948 0.0039334
3135 5949 0.0010499
5948 5949 0.0010499
5953 5949 0.0010499
3147 5950 0.0019721
5951 5950 0.0019721
6398 5950 0.0019721
6399 5950 0.0019721
5950 5951 0.0007948
6389 5951 0.0007948
6405 5951 0.0007948
3135 5952 0.0096868
5948 5952 0.0096868
5953 5952 0.0096868
5952 5953 0.00049289
6378 5953 0.00049289
6379 5953 0.00049289
3133 5954 0.0083649
5955 5954 0.0083649
6394 5954 0.0083649
5954 5955 0.0018259
6370 5955 0.0018259
6388 5955 0.0018259
7111 5955 0.0018259
3117 5956 0.013509
5957 5956 0.013509
6368 5956 0.013509
6369 5956 0.013509
5956 5957 0.010879
6386 5957 0.010879
6387 5957 0.010879
5677 5963 0.00020313
5678 5963 0.00020313
5962 5963 0.00020313
3103 5964 0.00014761
3106 5964 0.00014761
5965 5964 0.00014761
2349 5985 0.0072696
5903 5985 0.0072696
5986 5985 0.0072696
7105 5985 0.0072696
3319 5986 0.0026613
5985 5986 0.0026613
7093 5986 0.0026613
7095 5986 0.0026613
3221 6082 0.00052017
6081 6082 0.00052017
6213 6082 0.00052017
6592 6082 0.00052017
3113 6105 0.001307
3116 6105 0.001307
6106 6105 0.001307
3129 6106 0.00033604
3132 6106 0.00033604
6105 6106 0.00033604
6108 6106 0.00033604
3129 6107 0.0049733
3132 6107 0.0049733
6105 6107 0.0049733
6108 6107 0.0049733
6107 6108 0.00036724
6110 6108 0.00036724
6114 6108 0.00036724
6107 6109 0.0038748
6110 6109 0.0038748
6114 6109 0.0038748
3145 6110 0.00056305
3148 6110 0.00056305
3911 6110 0.00056305
6109 6110 0.00056305
3139 6111 0.0061323
3910 6111 0.0061323
6112 6111 0.0061323
6111 6112 0.001408
6396 6112 0.001408
6397 6112 0.001408
6406 6112 0.001408
6107 6113 0.0017985
6110 6113 0.0017985
6114 6113 0.0017985
3909 6114 0.00050428
6113 6114 0.00050428
6400 6114 0.00050428
6401 6114 0.00050428
777 6150 0.00013468
4784 6150 0.00013468
6149 6150 0.00013468
6152 6151 0.00026588
6618 6151 0.00026588
6621 6151 0.00026588
1685 6152 0.00017341
4783 6152 0.00017341
6151 6152 0.00017341
6154 6152 0.00017341
1685 6153 0.00022387
4783 6153 0.00022387
6151 6153 0.00022387
6154 6153 0.00022387
6153 6154 0.00025051
7267 6154 0.00025051
3214 6155 0.010192
6156 6155 0.010192
7264 6155 0.010192
6158 6157 0.010155
7266 6157 0.010155
7268 6157 0.010155
2444 6159 0.010182
6160 6159 0.010182
6161 6159 0.010182
3204 6161 0.010251
6162 6161 0.010251
6163 6161 0.010251
3950 6163 0.0099077
6164 6163 0.0099077
6165 6163 0.0099077
2136 6165 0.0094179
2853 6165 0.0094179
3220 6165 0.0094179
6166 6165 0.0094179
3206 6194 0.00021479
6192 6194 0.00021479
6193 6194 0.00021479
1680 6196 0.00021763
6194 6196 0.00021763
6195 6196 0.00021763
6206 6205 0.0010219
6209 6205 0.0010219
6211 6205 0.0010219
3655 6206 0.00013786
3658 6206 0.00013786
6205 6206 0.00013786
3653 6209 0.0010219
3656 6209 0.0010219
6210 6209 0.0010219
6206 6210 0.00013786
6209 6210 0.00013786
6211 6210 0.00013786
2407 6213 0.00050922
2408 6213 0.00050922
6214 6213 0.00050922
6216 6215 0.00077992
6217 6215 0.00077992
6595 6215 0.00077992
3659 6217 0.00025753
3662 6217 0.00025753
6218 6217 0.00025753
6216 6218 0.00050434
6217 6218 0.00050434
6595 6218 0.00050434
548 6225 0.0051333
6226 6225 0.0051333
6227 6225 0.0051333
6230 6225 0.0051333
3333 6226 0.028352
3336 6226 0.028352
6225 6226 0.028352
3907 6227 0.14254
4019 6227 0.14254
6228 6227 0.14254
6358 6227 0.14254
548 6228 0.011296
6226 6228 0.011296
6227 6228 0.011296
6230 6228 0.011296
548 6229 0.11462
6226 6229 0.11462
6227 6229 0.11462
6230 6229 0.11462
6229 6230 0.023562
6979 6230 0.023562
7063 6230 0.023562
4020 6231 0.006613
6232 6231 0.006613
6351 6231 0.006613
6231 6232 0.11943
6234 6232 0.11943
6354 6232 0.11943
6231 6233 0.0019338
6234 6233 0.0019338
6354 6233 0.0019338
3122 6234 0.1215
5270 6234 0.1215
6233 6234 0.1215
2071 6237 0.0043887
6238 6237 0.0043887
6239 6237 0.0043887
996 6238 0.022027
3119 6238 0.022027
4790 6238 0.022027
6237 6238 0.022027
4789 6239 0.0085074
6240 6239 0.0085074
6365 6239 0.0085074
2071 6240 0.0040499
6238 6240 0.0040499
6239 6240 0.0040499
950 6351 0.059853
6352 6351 0.059853
6353 6351 0.059853
6356 6351 0.059853
4020 6352 0.0055859
6232 6352 0.0055859
6351 6352 0.0055859
2354 6353 0.096908
2357 6353 0.096908
948 6354 0.0047487
951 6354 0.0047487
6355 6354 0.0047487
6231 6355 0.011497
6234 6355 0.011497
6354 6355 0.011497
6357 6356 0.00034849
6361 6356 0.00034849
950 6357 0.049739
6352 6357 0.049739
6353 6357 0.049739
6356 6357 0.049739
995 6358 0.048974
6359 6358 0.048974
6360 6358 0.048974
3907 6359 0.014658
4019 6359 0.014658
6228 6359 0.014658
6358 6359 0.014658
6357 6360 0.043112
6361 6360 0.043112
995 6361 0.0088474
6359 6361 0.0088474
6360 6361 0.0088474
6357 6362 0.015126
6361 6362 0.015126
6364 6363 0.0024486
6410 6363 0.0024486
6411 6363 0.0024486
6363 6364 0.002865
6943 6364 0.002865
7165 6364 0.002865
2364 6365 0.012697
2367 6365 0.012697
6366 6365 0.012697
6367 6365 0.012697
4789 6366 0.010912
6240 6366 0.010912
6365 6366 0.010912
3117 6367 0.074683
5957 6367 0.074683
6368 6367 0.074683
6369 6367 0.074683
2364 6368 0.002006
2367 6368 0.002006
6366 6368 0.002006
6367 6368 0.002006
5954 6369 0.075687
6370 6369 0.075687
6388 6369 0.075687
7111 6369 0.075687
3117 6370 0.0024286
5957 6370 0.0024286
6368 6370 0.0024286
6369 6370 0.0024286
3140 6371 0.058091
6372 6371 0.058091
6373 6371 0.058091
6407 6371 0.058091
2078 6372 0.0020502
2358 6372 0.0020502
2361 6372 0.0020502
6371 6372 0.0020502
3143 6373 0.048018
3146 6373 0.048018
6374 6373 0.048018
6375 6373 0.048018
3140 6374 0.0010672
6372 6374 0.0010672
6373 6374 0.0010672
6407 6374 0.0010672
6376 6375 0.042945
6377 6375 0.042945
6417 6375 0.042945
5952 6377 0.019982
6378 6377 0.019982
6379 6377 0.019982
6376 6378 0.00034113
6377 6378 0.00034113
6417 6378 0.00034113
3127 6379 0.011314
3130 6379 0.011314
6380 6379 0.011314
6381 6379 0.011314
5952 6380 0.00086753
6378 6380 0.00086753
6379 6380 0.00086753
3111 6381 0.0018255
3114 6381 0.0018255
6382 6381 0.0018255
6383 6381 0.0018255
3127 6382 0.00065836
3130 6382 0.00065836
6380 6382 0.00065836
6381 6382 0.00065836
5956 6385 0.072334
6386 6385 0.072334
6387 6385 0.072334
5670 6386 0.00053064
6385 6386 0.00053064
7085 6386 0.00053064
5954 6387 0.069488
6370 6387 0.069488
6388 6387 0.069488
7111 6387 0.069488
5956 6388 0.00031508
6386 6388 0.00031508
6387 6388 0.00031508
3118 6389 0.0015391
6390 6389 0.0015391
6391 6389 0.0015391
5950 6390 0.001589
6389 6390 0.001589
6405 6390 0.001589
3908 6391 0.0031714
6392 6391 0.0031714
6393 6391 0.0031714
3118 6392 0.0011721
6390 6392 0.0011721
6391 6392 0.0011721
3133 6393 0.0025505
5955 6393 0.0025505
6394 6393 0.0025505
3908 6394 0.0012758
6392 6394 0.0012758
6393 6394 0.0012758
6111 6395 0.013748
6396 6395 0.013748
6397 6395 0.013748
6406 6395 0.013748
2362 6396 0.00066826
2365 6396 0.00066826
6395 6396 0.00066826
3147 6397 0.0078564
5951 6397 0.0078564
6398 6397 0.0078564
6399 6397 0.0078564
6111 6398 0.00062827
6396 6398 0.00062827
6397 6398 0.00062827
6406 6398 0.00062827
3909 6399 0.0040166
6113 6399 0.0040166
6400 6399 0.0040166
6401 6399 0.0040166
3147 6400 0.00048526
5951 6400 0.00048526
6398 6400 0.00048526
6399 6400 0.00048526
3131 6401 0.0035719
3134 6401 0.0035719
6402 6401 0.0035719
6403 6401 0.0035719
3909 6402 0.00061017
6113 6402 0.00061017
6400 6402 0.00061017
6401 6402 0.00061017
3115 6403 0.001165
5959 6403 0.001165
6404 6403 0.001165
6111 6405 0.00041877
6396 6405 0.00041877
6397 6405 0.00041877
6406 6405 0.00041877
5950 6406 0.0015462
6389 6406 0.0015462
6405 6406 0.0015462
4788 6407 0.011637
6408 6407 0.011637
6409 6407 0.011637
3140 6408 0.0022048
6372 6408 0.0022048
6373 6408 0.0022048
6407 6408 0.0022048
6364 6409 0.0082571
6410 6409 0.0082571
6411 6409 0.0082571
4788 6410 0.0013066
6408 6410 0.0013066
6409 6410 0.0013066
5834 6411 0.0071516
6412 6411 0.0071516
6413 6411 0.0071516
6364 6412 0.00061753
6410 6412 0.00061753
6411 6412 0.00061753
3142 6413 0.0071516
6414 6413 0.0071516
6415 6413 0.0071516
5834 6414 0.00061753
6412 6414 0.00061753
6413 6414 0.00061753
6416 6415 0.019519
6418 6415 0.019519
6419 6415 0.019519
3142 6416 0.00046919
6414 6416 0.00046919
6415 6416 0.00046919
6416 6417 0.023547
6418 6417 0.023547
6419 6417 0.023547
6376 6418 0.00032699
6377 6418 0.00032699
6417 6418 0.00032699
3304 6419 0.04238
6420 6419 0.04238
6421 6419 0.04238
6416 6420 0.00010902
6418 6420 0.00010902
6419 6420 0.00010902
3138 6421 0.039814
5832 6421 0.039814
6422 6421 0.039814
3304 6422 0.0021863
6420 6422 0.0021863
6421 6422 0.0021863
3680 6478 0.00060809
3681 6478 0.00060809
3689 6478 0.00060809
6479 6478 0.00060809
404 6571 0.00017675
405 6571 0.00017675
6570 6571 0.00017675
6573 6571 0.00017675
1580 6573 0.00020525
1583 6573 0.00020525
6572 6573 0.00020525
6575 6573 0.00020525
776 6575 0.00012073
6574 6575 0.00012073
2817 6595 0.0010254
6594 6595 0.0010254
6150 6617 0.0073718
6616 6617 0.0073718
6619 6617 0.0073718
6152 6619 0.0072553
6618 6619 0.0072553
6621 6619 0.0072553
5718 6621 0.0073386
6620 6621 0.0073386
6623 6621 0.0073386
6622 6623 0.0073385
7229 6623 0.0073385
2458 6662 0.00013457
5373 6662 0.00013457
6663 6662 0.00013457
6664 6662 0.00013457
2460 6666 0.00014483
6667 6666 0.00014483
6668 6666 0.00014483
1388 6668 0.00041082
5370 6668 0.00041082
6669 6668 0.00041082
2460 6669 0.00011256
6667 6669 0.00011256
6668 6669 0.00011256
6880 6737 0.013826
4662 6738 0.97499
6739 6738 0.97499
6769 6768 0.0019397
7281 6768 0.0019397
2148 6794 0.67905
6795 6794 0.67905
724 6795 0.001351
2147 6795 0.001351
6794 6795 0.001351
2150 6796 0.98231
6797 6796 0.98231
2154 6808 0.99982
6809 6808 0.99982
2152 6823 0.99335
6824 6823 0.99335
6826 6825 0.99976
7180 6825 0.99976
5085 6873 0.24407
5267 6873 0.24407
6873 6874 0.24407
5090 6877 0.11963
433 6880 0.013826
5669 6880 0.013826
3713 6920 0.037791
6921 6920 0.037791
7114 6920 0.037791
723 6921 0.057543
6920 6921 0.057543
6939 6938 0.00087754
7067 6938 0.00087754
7163 6938 0.00087754
7164 6938 0.00087754
6938 6939 0.00069743
6941 6939 0.00069743
6949 6939 0.00069743
6938 6940 0.00018308
6941 6940 0.00018308
6949 6940 0.00018308
6940 6941 0.00093515
6942 6941 0.00093515
6945 6941 0.00093515
6947 6941 0.00093515
6363 6942 0.00093515
6943 6942 0.00093515
7165 6942 0.00093515
6940 6943 0.00018308
6942 6943 0.00018308
6945 6943 0.00018308
6947 6943 0.00018308
6938 6948 0.0011408
6941 6948 0.0011408
6949 6948 0.0011408
6948 6949 0.00020864
6950 6949 0.00020864
6953 6949 0.00020864
6948 6952 0.0011408
6950 6952 0.0011408
6953 6952 0.0011408
6952 6953 0.00020864
7161 6953 0.00020864
7162 6953 0.00020864
5824 6963 0.032709
6964 6963 0.032709
7100 6963 0.032709
5822 6964 0.012576
6963 6964 0.012576
7102 6964 0.012576
7104 6964 0.012576
6965 6967 0.0031467
6968 6967 0.0031467
7101 6967 0.0031467
3335 6968 0.011475
5823 6968 0.011475
5831 6968 0.011475
6967 6968 0.011475
6969 6971 0.079816
6972 6971 0.079816
6975 6971 0.079816
7066 6971 0.079816
6971 6972 0.038093
6974 6972 0.038093
7064 6972 0.038093
6971 6973 0.16936
6974 6973 0.16936
7064 6973 0.16936
6973 6974 0.014146
6976 6974 0.014146
6978 6974 0.014146
6973 6975 0.085271
6976 6975 0.085271
6978 6975 0.085271
6969 6976 0.082252
6972 6976 0.082252
6975 6976 0.082252
7066 6976 0.082252
6973 6977 0.20448
6976 6977 0.20448
6978 6977 0.20448
3320 6978 0.052284
6977 6978 0.052284
7096 6978 0.052284
6980 6979 0.072661
7065 6979 0.072661
7098 6979 0.072661
6229 6980 0.05023
6979 6980 0.05023
7063 6980 0.05023
6982 6981 0.86805
6984 6981 0.86805
6986 6981 0.86805
6981 6982 0.0054781
6990 6982 0.0054781
6982 6983 0.0024378
6984 6983 0.0024378
6986 6983 0.0024378
3318 6984 0.87906
6983 6984 0.87906
7092 6984 0.87906
6982 6985 0.26244
6984 6985 0.26244
6986 6985 0.26244
6985 6986 0.24839
6988 6986 0.24839
6989 6986 0.24839
6985 6987 0.226
6988 6987 0.226
6989 6987 0.226
6987 6988 0.34938
6992 6988 0.34938
6994 6988 0.34938
6981 6989 0.19796
6990 6989 0.19796
6985 6990 0.33539
6988 6990 0.33539
6989 6990 0.33539
6987 6991 0.26781
6992 6991 0.26781
6994 6991 0.26781
6991 6992 0.08906
6995 6992 0.08906
7000 6992 0.08906
6987 6993 0.083242
6992 6993 0.083242
6994 6993 0.083242
6993 6994 0.38537
6996 6994 0.38537
6998 6994 0.38537
7001 6994 0.38537
6993 6995 0.16223
6996 6995 0.16223
6998 6995 0.16223
7001 6995 0.16223
6991 6996 0.2154
6995 6996 0.2154
7000 6996 0.2154
6993 6997 0.1298
6996 6997 0.1298
6998 6997 0.1298
7001 6997 0.1298
6997 6998 0.25318
7090 6998 0.25318
7091 6998 0.25318
6991 6999 0.14716
6995 6999 0.14716
7000 6999 0.14716
6999 7000 0.021583
7002 7000 0.021583
7004 7000 0.021583
6999 7001 0.14716
7002 7001 0.14716
7004 7001 0.14716
6993 7002 0.021583
6996 7002 0.021583
6998 7002 0.021583
7001 7002 0.021583
2366 7005 0.23249
7006 7005 0.23249
7086 7005 0.23249
3316 7006 0.0012601
7005 7006 0.0012601
7008 7006 0.0012601
7088 7006 0.0012601
6971 7063 0.011232
6974 7063 0.011232
7064 7063 0.011232
6229 7064 0.12472
6979 7064 0.12472
7063 7064 0.12472
6969 7065 0.04105
6972 7065 0.04105
6975 7065 0.04105
7066 7065 0.04105
6980 7066 0.079754
7065 7066 0.079754
7098 7066 0.079754
2366 7085 0.011692
7006 7085 0.011692
7086 7085 0.011692
5670 7086 0.10952
6385 7086 0.10952
7085 7086 0.10952
2351 7088 0.090206
4656 7088 0.090206
7014 7088 0.090206
7087 7088 0.090206
6997 7089 0.0021479
7090 7089 0.0021479
7091 7089 0.0021479
3317 7090 0.33272
5238 7090 0.33272
7089 7090 0.33272
3318 7091 0.10739
6983 7091 0.10739
7092 7091 0.10739
6997 7092 0.31458
7090 7092 0.31458
7091 7092 0.31458
547 7093 0.28498
2073 7093 0.28498
7094 7093 0.28498
3319 7094 0.00088446
5985 7094 0.00088446
7093 7094 0.00088446
7095 7094 0.00088446
3320 7095 0.44056
6977 7095 0.44056
7096 7095 0.44056
3319 7096 0.059838
5985 7096 0.059838
7093 7096 0.059838
7095 7096 0.059838
6980 7097 0.033449
7065 7097 0.033449
7098 7097 0.033449
3321 7098 0.094584
3322 7098 0.094584
7097 7098 0.094584
5824 7099 0.0044208
6964 7099 0.0044208
7100 7099 0.0044208
3325 7100 0.054758
3326 7100 0.054758
7099 7100 0.054758
5822 7101 0.0031467
6963 7101 0.0031467
7102 7101 0.0031467
7104 7101 0.0031467
6965 7102 0.011475
6968 7102 0.011475
7101 7102 0.011475
5822 7103 0.045336
6963 7103 0.045336
7102 7103 0.045336
7104 7103 0.045336
3323 7104 0.018218
3324 7104 0.018218
7103 7104 0.018218
5837 7111 0.13619
6927 7111 0.13619
7069 7111 0.13619
7112 7111 0.13619
5954 7112 0.00029327
6370 7112 0.00029327
6388 7112 0.00029327
7111 7112 0.00029327
3713 7113 0.056494
6921 7113 0.056494
7114 7113 0.056494
2146 7114 0.039813
3712 7114 0.039813
4663 7114 0.039813
7113 7114 0.039813
2144 7138 0.00010091
7139 7138 0.00010091
7138 7140 0.00010091
7141 7140 0.00010091
1576 7148 0.0006112
7149 7148 0.0006112
3090 7151 0.01014
5675 7151 0.01014
5676 7151 0.01014
7150 7151 0.01014
7156 7157 0.0073385
7159 7157 0.0073385
1660 7159 0.0073385
6196 7159 0.0073385
7158 7159 0.0073385
6952 7160 0.0030119
7161 7160 0.0030119
7162 7160 0.0030119
2356 7161 0.0034283
2359 7161 0.0034283
6362 7161 0.0034283
7160 7161 0.0034283
6939 7162 0.0023737
7067 7162 0.0023737
7163 7162 0.0023737
7164 7162 0.0023737
6952 7163 0.0037223
7161 7163 0.0037223
7162 7163 0.0037223
6363 7164 0.002228
6943 7164 0.002228
7165 7164 0.002228
6939 7165 0.0033965
7067 7165 0.0033965
7163 7165 0.0033965
7164 7165 0.0033965
6825 7178 0.99976
7179 7178 0.99976
2628 7180 0.99976
7181 7180 0.99976
6796 7182 0.98231
7183 7182 0.98231
7182 7184 0.98231
7185 7184 0.98231
5241 7219 0.00012876
5738 7219 0.00012876
7218 7219 0.00012876
1572 7222 0.00044429
7223 7222 0.00044429
7222 7224 0.00044429
7225 7224 0.00044429
1667 7226 0.00010267
7227 7226 0.00010267
7228 7229 0.0073385
7231 7229 0.0073385
7157 7231 0.0073385
7230 7231 0.0073385
6157 7264 0.010155
7265 7264 0.010155
6153 7266 0.00022387
7267 7266 0.00022387
6158 7267 0.00025051
7266 7267 0.00025051
7268 7267 0.00025051
6159 7268 0.010182
7269 7268 0.010182
2279 7272 0.00021556
5674 7272 0.00021556
7273 7272 0.00021556
7272 7273 0.0014298
7274 7273 0.0014298
1127 7274 0.012738
3095 7274 0.012738
3098 7274 0.012738
4671 7281 0.0019397
7282 7281 0.0019397
2647 7285 0.00017717
7286 7285 0.00017717
7184 7287 0.98231
7288 7287 0.98231
