548 547 0.026253
6226 547 0.026253
6227 547 0.026253
6230 547 0.026253
547 548 0.0042708
2073 548 0.0042708
7094 548 0.0042708
942 944 0.00029633
945 944 0.00029633
5898 944 0.00029633
7252 944 0.00029633
944 946 0.00042043
947 946 0.00042043
4210 946 0.00042043
995 994 0.0017535
6359 994 0.0017535
6360 994 0.0017535
994 995 0.00027767
997 995 0.00027767
2076 995 0.00027767
2077 995 0.00027767
994 996 0.0015551
997 996 0.0015551
2076 996 0.0015551
2077 996 0.0015551
996 997 0.00029352
3119 997 0.00029352
4790 997 0.00029352
6237 997 0.00029352
1227 1226 0.0002057
7040 1226 0.0002057
7075 1226 0.0002057
7079 1226 0.0002057
1226 1227 0.14097
1536 1227 0.14097
4200 1227 0.14097
1537 1536 0.13892
4710 1536 0.13892
1654 1653 0.0047212
2340 1653 0.0047212
2343 1653 0.0047212
1653 1654 0.0010295
7054 1654 0.0010295
7076 1654 0.0010295
1656 1655 0.00045983
5746 1655 0.00045983
5748 1655 0.00045983
1655 1656 0.00013086
5745 1656 0.00013086
5901 1656 0.00013086
5904 1656 0.00013086
2072 2071 0.0016814
2074 2071 0.0016814
2075 2071 0.0016814
3906 2071 0.0016814
2071 2072 0.0008394
6238 2072 0.0008394
6239 2072 0.0008394
2072 2073 0.0081354
2074 2073 0.0081354
2075 2073 0.0081354
3906 2073 0.0081354
547 2074 0.0041582
2073 2074 0.0041582
7094 2074 0.0041582
994 2075 0.001647
997 2075 0.001647
2076 2075 0.001647
2077 2075 0.001647
2072 2076 0.0021905
2074 2076 0.0021905
2075 2076 0.0021905
3906 2076 0.0021905
2078 2077 0.00031188
2358 2077 0.00031188
2361 2077 0.00031188
6371 2077 0.00031188
994 2078 0.0010697
997 2078 0.0010697
2076 2078 0.0010697
2077 2078 0.0010697
2329 2328 0.0013519
5896 2328 0.0013519
7254 2328 0.0013519
7258 2328 0.0013519
2331 2330 0.0013832
4196 2330 0.0013832
5971 2330 0.0013832
7256 2330 0.0013832
2330 2332 0.0013959
2333 2332 0.0013959
5975 2332 0.0013959
2332 2334 0.001625
2335 2334 0.001625
4216 2334 0.001625
2334 2336 0.0018669
2337 2336 0.0018669
5977 2336 0.0018669
7152 2336 0.0018669
2336 2338 0.0094269
2339 2338 0.0094269
4709 2338 0.0094269
2338 2340 0.0047489
2341 2340 0.0047489
4198 2340 0.0047489
1654 2341 0.0010058
2340 2341 0.0010058
2343 2341 0.0010058
1654 2342 0.00022212
2340 2342 0.00022212
2343 2342 0.00022212
2342 2343 0.00017073
7057 2343 0.00017073
7074 2343 0.00017073
2349 2348 0.30925
5903 2348 0.30925
5986 2348 0.30925
7105 2348 0.30925
2348 2349 0.0025087
5239 2349 0.0025087
5739 2349 0.0025087
2351 2350 0.0033006
4656 2350 0.0033006
7014 2350 0.0033006
7087 2350 0.0033006
2350 2351 0.00013169
5671 2351 0.00013169
5836 2351 0.00013169
2356 2358 0.0005045
2359 2358 0.0005045
6362 2358 0.0005045
7160 2358 0.0005045
2078 2360 0.0012366
2358 2360 0.0012366
2361 2360 0.0012366
6371 2360 0.0012366
2360 2362 0.0016448
2363 2362 0.0016448
3120 2362 0.0016448
2362 2364 0.0016909
2365 2364 0.0016909
6395 2364 0.0016909
2364 2366 0.0032572
2367 2366 0.0032572
6366 2366 0.0032572
6367 2366 0.0032572
2360 3119 0.00033384
2363 3119 0.00033384
3120 3119 0.00033384
996 3120 0.00076428
3119 3120 0.00076428
4790 3120 0.00076428
6237 3120 0.00076428
3317 3316 0.0044561
5238 3316 0.0044561
7089 3316 0.0044561
3316 3317 0.00077513
7005 3317 0.00077513
7008 3317 0.00077513
7088 3317 0.00077513
3319 3318 0.036777
5985 3318 0.036777
7093 3318 0.036777
7095 3318 0.036777
3318 3319 0.35687
6983 3319 0.35687
7092 3319 0.35687
3321 3320 0.0075252
3322 3320 0.0075252
7097 3320 0.0075252
3320 3321 0.05155
6977 3321 0.05155
7096 3321 0.05155
3323 3322 0.0023244
3324 3322 0.0023244
7103 3322 0.0023244
3321 3323 0.0058118
3322 3323 0.0058118
7097 3323 0.0058118
3325 3324 0.00038975
3326 3324 0.00038975
7099 3324 0.00038975
3323 3325 0.0034051
3324 3325 0.0034051
7103 3325 0.0034051
3325 3327 0.00011104
3326 3327 0.00011104
7099 3327 0.00011104
3331 3332 0.000532
5827 3332 0.000532
5829 3332 0.000532
3332 3333 0.000532
3334 3333 0.000532
3333 3335 0.00048999
3336 3335 0.00048999
6225 3335 0.00048999
3335 3336 0.0033866
5823 3336 0.0033866
5831 3336 0.0033866
6967 3336 0.0033866
4199 3791 0.85578
5395 3791 0.85578
5396 3792 0.00028848
5397 3792 0.00028848
3791 3793 0.85559
3793 3794 0.85551
5993 3794 0.85551
7115 3794 0.85551
3907 3906 0.0065776
4019 3906 0.0065776
6228 3906 0.0065776
6358 3906 0.0065776
2072 3907 0.001215
2074 3907 0.001215
2075 3907 0.001215
3906 3907 0.001215
4020 4019 0.0001196
6232 4019 0.0001196
6351 4019 0.0001196
3907 4020 0.00014207
4019 4020 0.00014207
6228 4020 0.00014207
6358 4020 0.00014207
7116 4199 0.0038681
2338 4200 0.0057217
2341 4200 0.0057217
4198 4200 0.0057217
4204 4205 0.00040181
4206 4205 0.00040181
4207 4205 0.00040181
4211 4205 0.00040181
4205 4206 0.00031499
5741 4206 0.00031499
5742 4206 0.00031499
4201 4207 0.00024876
4208 4207 0.00024876
4209 4207 0.00024876
5909 4207 0.00024876
4204 4208 0.0001644
4206 4208 0.0001644
4207 4208 0.0001644
4211 4208 0.0001644
4201 4210 0.00017216
4208 4210 0.00017216
4209 4210 0.00017216
5909 4210 0.00017216
4212 4211 0.00020701
4214 4211 0.00020701
4204 4212 0.00020454
4206 4212 0.00020454
4207 4212 0.00020454
4211 4212 0.00020454
4212 4213 0.00020454
4214 4213 0.00020454
4213 4214 0.00020701
5743 4214 0.00020701
5744 4214 0.00020701
4215 4216 0.00023379
6725 4216 0.00023379
4218 4217 0.00019178
6706 4217 0.00019178
6724 4217 0.00019178
4224 4223 0.00022199
4225 4223 0.00022199
6894 4223 0.00022199
4223 4224 0.00017058
6896 4224 0.00017058
7081 4224 0.00017058
4228 4227 0.00017041
4229 4227 0.00017041
6893 4227 0.00017041
4227 4228 0.00022213
5937 4228 0.00022213
7073 4228 0.00022213
6737 4659 0.0070566
1537 4709 0.0076226
4710 4709 0.0076226
5063 4710 0.14653
996 4789 0.00089323
3119 4789 0.00089323
4790 4789 0.00089323
6237 4789 0.00089323
4789 4790 0.00011592
6240 4790 0.00011592
6365 4790 0.00011592
5064 5063 0.99845
5240 5063 0.99845
4659 5064 0.007345
5065 5064 0.007345
3792 5065 0.0002884
2348 5238 0.00016449
5239 5238 0.00016449
5739 5238 0.00016449
3317 5239 0.67639
5238 5239 0.67639
7089 5239 0.67639
5241 5240 0.9911
5738 5240 0.9911
7218 5240 0.9911
2753 5270 0.00011142
3327 5270 0.00011142
5237 5270 0.00011142
5063 5395 0.85192
3791 5396 0.00019084
2350 5669 0.007029
5671 5669 0.007029
5836 5669 0.007029
5670 5671 0.0038711
6385 5671 0.0038711
7085 5671 0.0038711
2348 5738 0.98298
5239 5738 0.98298
5739 5738 0.98298
4205 5740 0.0084937
5741 5740 0.0084937
5742 5740 0.0084937
5740 5741 0.00036603
7219 5741 0.00036603
4213 5742 0.0083804
5743 5742 0.0083804
5744 5742 0.0083804
4205 5743 0.00033947
5741 5743 0.00033947
5742 5743 0.00033947
1655 5744 0.008432
5745 5744 0.008432
5901 5744 0.008432
5904 5744 0.008432
4213 5745 0.00038862
5743 5745 0.00038862
5744 5745 0.00038862
1658 5746 0.00045983
5747 5746 0.00045983
5907 5746 0.00045983
5984 5746 0.00045983
1656 5747 0.00013086
5746 5747 0.00013086
5748 5747 0.00013086
3335 5822 0.0016091
5823 5822 0.0016091
5831 5822 0.0016091
6967 5822 0.0016091
5822 5823 0.0034827
6963 5823 0.0034827
7102 5823 0.0034827
7104 5823 0.0034827
5825 5824 0.00016569
5826 5824 0.00016569
5830 5824 0.00016569
5824 5825 0.0024151
6964 5825 0.0024151
7100 5825 0.0024151
5825 5827 0.000532
5826 5827 0.000532
5830 5827 0.000532
3335 5830 0.00041041
5823 5830 0.00041041
5831 5830 0.00041041
6967 5830 0.00041041
5825 5831 0.0021728
5826 5831 0.0021728
5830 5831 0.0021728
5893 5894 0.00013341
7255 5894 0.00013341
5895 5896 0.0014225
7253 5896 0.0014225
5897 5898 0.0017349
5900 5898 0.0017349
5983 5898 0.0017349
5899 5900 0.0021868
5902 5900 0.0021868
5910 5900 0.0021868
5899 5901 0.00019445
5902 5901 0.00019445
5910 5901 0.00019445
1655 5902 0.0025296
5745 5902 0.0025296
5901 5902 0.0025296
5904 5902 0.0025296
1655 5903 0.0008506
5745 5903 0.0008506
5901 5903 0.0008506
5904 5903 0.0008506
2349 5904 0.0109
5903 5904 0.0109
5986 5904 0.0109
7105 5904 0.0109
5899 5909 0.00035188
5902 5909 0.00035188
5910 5909 0.00035188
4201 5910 0.00011158
4208 5910 0.00011158
4209 5910 0.00011158
5909 5910 0.00011158
1658 5983 0.00010806
5747 5983 0.00010806
5907 5983 0.00010806
5984 5983 0.00010806
5897 5984 0.00049479
5900 5984 0.00049479
5983 5984 0.00049479
2349 5985 0.0023001
5903 5985 0.0023001
5986 5985 0.0023001
7105 5985 0.0023001
3319 5986 0.31901
5985 5986 0.31901
7093 5986 0.31901
7095 5986 0.31901
548 6225 0.0004194
6226 6225 0.0004194
6227 6225 0.0004194
6230 6225 0.0004194
3333 6226 0.003803
3336 6226 0.003803
6225 6226 0.003803
3907 6227 0.00088359
4019 6227 0.00088359
6228 6227 0.00088359
6358 6227 0.00088359
548 6228 0.0081327
6226 6228 0.0081327
6227 6228 0.0081327
6230 6228 0.0081327
548 6229 0.003244
6226 6229 0.003244
6227 6229 0.003244
6230 6229 0.003244
6229 6230 0.029091
6979 6230 0.029091
7063 6230 0.029091
2071 6237 0.00075248
6238 6237 0.00075248
6239 6237 0.00075248
996 6238 0.00080628
3119 6238 0.00080628
4790 6238 0.00080628
6237 6238 0.00080628
4789 6239 0.00018025
6240 6239 0.00018025
6365 6239 0.00018025
2071 6240 0.001076
6238 6240 0.001076
6239 6240 0.001076
4020 6352 0.0001035
6232 6352 0.0001035
6351 6352 0.0001035
950 6357 0.00013624
6352 6357 0.00013624
6353 6357 0.00013624
6356 6357 0.00013624
995 6358 0.00025321
6359 6358 0.00025321
6360 6358 0.00025321
3907 6359 0.0021172
4019 6359 0.0021172
6228 6359 0.0021172
6358 6359 0.0021172
6357 6360 0.00011227
6361 6360 0.00011227
995 6361 0.0005004
6359 6361 0.0005004
6360 6361 0.0005004
6357 6362 0.00050977
6361 6362 0.00050977
4789 6366 0.0017338
6240 6366 0.0017338
6365 6366 0.0017338
2364 6368 0.00012435
2367 6368 0.00012435
6366 6368 0.00012435
6367 6368 0.00012435
5956 6385 0.00011022
6386 6385 0.00011022
6387 6385 0.00011022
946 6706 0.00042043
6707 6706 0.00042043
4218 6725 0.00023379
6706 6725 0.00023379
6724 6725 0.00023379
4217 6726 0.00019178
6727 6726 0.00019178
6880 6737 0.0070566
433 6880 0.0070566
5669 6880 0.0070566
4224 6893 0.00017058
4225 6893 0.00017058
6894 6893 0.00017058
4228 6894 0.00022199
4229 6894 0.00022199
6893 6894 0.00022199
4223 6895 0.0002172
6896 6895 0.0002172
7081 6895 0.0002172
6895 6896 0.12513
7017 6896 0.12513
7084 6896 0.12513
5824 6963 0.0019301
6964 6963 0.0019301
7100 6963 0.0019301
5822 6964 0.001268
6963 6964 0.001268
7102 6964 0.001268
7104 6964 0.001268
6965 6967 0.00043124
6968 6967 0.00043124
7101 6967 0.00043124
3335 6968 0.0011706
5823 6968 0.0011706
5831 6968 0.0011706
6967 6968 0.0011706
6969 6971 0.05778
6972 6971 0.05778
6975 6971 0.05778
7066 6971 0.05778
6971 6972 0.016163
6974 6972 0.016163
7064 6972 0.016163
6971 6973 0.078187
6974 6973 0.078187
7064 6973 0.078187
6973 6974 0.0195
6976 6974 0.0195
6978 6974 0.0195
6973 6975 0.073388
6976 6975 0.073388
6978 6975 0.073388
6969 6976 0.02939
6972 6976 0.02939
6975 6976 0.02939
7066 6976 0.02939
6973 6977 0.084407
6976 6977 0.084407
6978 6977 0.084407
3320 6978 0.069717
6977 6978 0.069717
7096 6978 0.069717
6980 6979 0.046949
7065 6979 0.046949
7098 6979 0.046949
6229 6980 0.0040317
6979 6980 0.0040317
7063 6980 0.0040317
6982 6981 0.021166
6984 6981 0.021166
6986 6981 0.021166
6981 6982 1.0113
6990 6982 1.0113
6982 6983 0.82253
6984 6983 0.82253
6986 6983 0.82253
3318 6984 0.030137
6983 6984 0.030137
7092 6984 0.030137
6982 6985 0.21858
6984 6985 0.21858
6986 6985 0.21858
6985 6986 0.020857
6988 6986 0.020857
6989 6986 0.020857
6985 6987 0.22689
6988 6987 0.22689
6989 6987 0.22689
6987 6988 0.019289
6992 6988 0.019289
6994 6988 0.019289
6981 6989 0.021166
6990 6989 0.021166
6985 6990 1.0113
6988 6990 1.0113
6989 6990 1.0113
6987 6991 0.1465
6992 6991 0.1465
6994 6991 0.1465
6991 6992 0.0066903
6995 6992 0.0066903
7000 6992 0.0066903
6987 6993 0.1244
6992 6993 0.1244
6994 6993 0.1244
6993 6994 0.056603
6996 6994 0.056603
6998 6994 0.056603
7001 6994 0.056603
6993 6995 0.017893
6996 6995 0.017893
6998 6995 0.017893
7001 6995 0.017893
6991 6996 0.12653
6995 6996 0.12653
7000 6996 0.12653
6993 6997 0.21962
6996 6997 0.21962
6998 6997 0.21962
7001 6997 0.21962
6997 6998 0.01201
7090 6998 0.01201
7091 6998 0.01201
6991 6999 0.036099
6995 6999 0.036099
7000 6999 0.036099
6999 7000 0.0049297
7002 7000 0.0049297
7004 7000 0.0049297
6999 7001 0.036099
7002 7001 0.036099
7004 7001 0.036099
6993 7002 0.0049297
6996 7002 0.0049297
6998 7002 0.0049297
7001 7002 0.0049297
2366 7005 0.00074793
7006 7005 0.00074793
7086 7005 0.00074793
3316 7006 0.00126
7005 7006 0.00126
7008 7006 0.00126
7088 7006 0.00126
6895 7016 0.73178
7017 7016 0.73178
7084 7016 0.73178
7016 7017 0.0011962
7019 7017 0.0011962
7026 7017 0.0011962
4811 7019 0.12506
7018 7019 0.12506
7082 7019 0.12506
7021 7020 0.035001
7023 7020 0.035001
7025 7020 0.035001
7036 7020 0.035001
7020 7021 0.040116
7032 7021 0.040116
7035 7021 0.040116
7021 7022 0.032739
7023 7022 0.032739
7025 7022 0.032739
7036 7022 0.032739
7022 7023 0.024606
7029 7023 0.024606
7031 7023 0.024606
7033 7023 0.024606
7021 7024 0.085811
7023 7024 0.085811
7025 7024 0.085811
7036 7024 0.085811
7024 7025 0.032253
7027 7025 0.032253
7077 7025 0.032253
7080 7025 0.032253
7024 7026 0.14504
7027 7026 0.14504
7077 7026 0.14504
7080 7026 0.14504
7016 7027 0.00058351
7019 7027 0.00058351
7026 7027 0.00058351
7022 7030 0.0014839
7029 7030 0.0014839
7031 7030 0.0014839
7033 7030 0.0014839
1230 7031 0.047827
7030 7031 0.047827
7078 7031 0.047827
7022 7032 0.060075
7029 7032 0.060075
7031 7032 0.060075
7033 7032 0.060075
7020 7033 0.0055984
7032 7033 0.0055984
7035 7033 0.0055984
7020 7034 0.059831
7032 7034 0.059831
7035 7034 0.059831
7034 7035 0.010469
7037 7035 0.010469
7039 7035 0.010469
7034 7036 0.068748
7037 7036 0.068748
7039 7036 0.068748
7021 7037 0.012172
7023 7037 0.012172
7025 7037 0.012172
7036 7037 0.012172
7034 7038 0.027318
7037 7038 0.027318
7039 7038 0.027318
7038 7039 0.034533
7041 7039 0.034533
7043 7039 0.034533
7038 7040 0.027275
7041 7040 0.027275
7043 7040 0.027275
1227 7041 0.034645
7040 7041 0.034645
7075 7041 0.034645
7079 7041 0.034645
7038 7042 0.00019458
7041 7042 0.00019458
7043 7042 0.00019458
7042 7044 0.00019458
7045 7044 0.00019458
7044 7046 0.00019458
7047 7046 0.00019458
7046 7048 0.00019458
7049 7048 0.00019458
7048 7050 0.00019458
7051 7050 0.00019458
7050 7052 0.00019458
7053 7052 0.00019458
7052 7054 0.00019458
7055 7054 0.00019458
6971 7063 0.016543
6974 7063 0.016543
7064 7063 0.016543
6229 7064 0.033613
6979 7064 0.033613
7063 7064 0.033613
6969 7065 0.030149
6972 7065 0.030149
6975 7065 0.030149
7066 7065 0.030149
6980 7066 0.027769
7065 7066 0.027769
7098 7066 0.027769
2342 7073 0.00022212
7057 7073 0.00022212
7074 7073 0.00022212
4227 7074 0.00017073
5937 7074 0.00017073
7073 7074 0.00017073
1653 7075 0.0049046
7054 7075 0.0049046
7076 7075 0.0049046
1227 7076 0.001057
7040 7076 0.001057
7075 7076 0.001057
7079 7076 0.001057
1230 7077 0.0014839
7030 7077 0.0014839
7078 7077 0.0014839
7024 7078 0.047827
7027 7078 0.047827
7077 7078 0.047827
7080 7078 0.047827
7024 7079 0.00067707
7027 7079 0.00067707
7077 7079 0.00067707
7080 7079 0.00067707
1227 7080 0.13791
7040 7080 0.13791
7075 7080 0.13791
7079 7080 0.13791
4223 7082 0.12506
6896 7082 0.12506
7081 7082 0.12506
3790 7084 0.8555
3794 7084 0.8555
7083 7084 0.8555
2366 7085 0.0037765
7006 7085 0.0037765
7086 7085 0.0037765
3316 7087 0.0033006
7005 7087 0.0033006
7008 7087 0.0033006
7088 7087 0.0033006
2351 7088 0.00013171
4656 7088 0.00013171
7014 7088 0.00013171
7087 7088 0.00013171
6997 7089 0.68005
7090 7089 0.68005
7091 7089 0.68005
3317 7090 0.00014312
5238 7090 0.00014312
7089 7090 0.00014312
3318 7091 0.52535
6983 7091 0.52535
7092 7091 0.52535
6997 7092 0.053045
7090 7092 0.053045
7091 7092 0.053045
547 7093 0.033854
2073 7093 0.033854
7094 7093 0.033854
3319 7094 0.0078953
5985 7094 0.0078953
7093 7094 0.0078953
7095 7094 0.0078953
3320 7095 0.082402
6977 7095 0.082402
7096 7095 0.082402
3319 7096 0.11174
5985 7096 0.11174
7093 7096 0.11174
7095 7096 0.11174
6980 7097 0.0067382
7065 7097 0.0067382
7098 7097 0.0067382
3321 7098 0.047275
3322 7098 0.047275
7097 7098 0.047275
5824 7099 0.00039716
6964 7099 0.00039716
7100 7099 0.00039716
3325 7100 0.0033087
3326 7100 0.0033087
7099 7100 0.0033087
5822 7101 0.00043124
6963 7101 0.00043124
7102 7101 0.00043124
7104 7101 0.00043124
6965 7102 0.0011706
6968 7102 0.0011706
7101 7102 0.0011706
5822 7103 0.0028056
6963 7103 0.0028056
7102 7103 0.0028056
7104 7103 0.0028056
3323 7104 0.0032777
3324 7104 0.0032777
7103 7104 0.0032777
6961 7105 0.00013008
7106 7105 0.00013008
7107 7105 0.00013008
2346 7107 0.00013008
6960 7107 0.00013008
7108 7107 0.00013008
7117 7116 0.0038681
1226 7117 0.0038681
1536 7117 0.0038681
4200 7117 0.0038681
6726 7152 0.00019178
7153 7152 0.00019178
5740 7218 0.0084937
7219 7218 0.0084937
5241 7219 0.00036603
5738 7219 0.00036603
7218 7219 0.00036603
942 7253 0.0014225
945 7253 0.0014225
5898 7253 0.0014225
7252 7253 0.0014225
2329 7255 0.00013341
5896 7255 0.00013341
7254 7255 0.00013341
7258 7255 0.00013341
2328 7256 0.0013519
7257 7256 0.0013519
