548 547 0.013778
6226 547 0.013778
6227 547 0.013778
6230 547 0.013778
547 548 0.017738
2073 548 0.017738
7094 548 0.017738
948 950 0.0066796
951 950 0.0066796
6355 950 0.0066796
950 951 0.0031583
6352 951 0.0031583
6353 951 0.0031583
6356 951 0.0031583
995 994 0.0055338
6359 994 0.0055338
6360 994 0.0055338
994 995 0.014364
997 995 0.014364
2076 995 0.014364
2077 995 0.014364
994 996 0.0033634
997 996 0.0033634
2076 996 0.0033634
2077 996 0.0033634
996 997 0.0047114
3119 997 0.0047114
4790 997 0.0047114
6237 997 0.0047114
6874 1128 0.00042452
5085 1129 0.00036903
5267 1129 0.00036903
1528 1530 0.0078107
1531 1530 0.0078107
3303 1530 0.0078107
1530 1531 0.079727
1533 1531 0.079727
2850 1531 0.079727
1530 1532 0.0086101
1533 1532 0.0086101
2850 1532 0.0086101
1532 1533 0.050418
2851 1533 0.050418
3339 1533 0.050418
2072 2071 0.00027904
2074 2071 0.00027904
2075 2071 0.00027904
3906 2071 0.00027904
2071 2072 0.008331
6238 2072 0.008331
6239 2072 0.008331
2072 2073 0.056933
2074 2073 0.056933
2075 2073 0.056933
3906 2073 0.056933
547 2074 0.00023448
2073 2074 0.00023448
7094 2074 0.00023448
994 2075 0.043446
997 2075 0.043446
2076 2075 0.043446
2077 2075 0.043446
2072 2076 0.0010269
2074 2076 0.0010269
2075 2076 0.0010269
3906 2076 0.0010269
2078 2077 0.050625
2358 2077 0.050625
2361 2077 0.050625
6371 2077 0.050625
994 2078 0.00072363
997 2078 0.00072363
2076 2078 0.00072363
2077 2078 0.00072363
2348 2349 0.00010376
5239 2349 0.00010376
5739 2349 0.00010376
2350 2351 0.00010916
5671 2351 0.00010916
5836 2351 0.00010916
2353 2352 0.08273
3337 2352 0.08273
2352 2353 0.00096042
2355 2353 0.00096042
5269 2353 0.00096042
2352 2354 0.085645
2355 2354 0.085645
5269 2354 0.085645
2354 2355 0.00024644
2357 2355 0.00024644
2354 2356 0.029491
2357 2356 0.029491
2356 2357 0.0012543
2359 2357 0.0012543
6362 2357 0.0012543
7160 2357 0.0012543
2356 2358 0.03325
2359 2358 0.03325
6362 2358 0.03325
7160 2358 0.03325
2078 2359 0.0010355
2358 2359 0.0010355
2361 2359 0.0010355
6371 2359 0.0010355
2078 2360 0.0085379
2358 2360 0.0085379
2361 2360 0.0085379
6371 2360 0.0085379
2360 2361 0.00086406
2363 2361 0.00086406
3120 2361 0.00086406
2360 2362 0.0010052
2363 2362 0.0010052
3120 2362 0.0010052
2362 2363 0.0015266
2365 2363 0.0015266
6395 2363 0.0015266
2362 2364 0.001261
2365 2364 0.001261
6395 2364 0.001261
2364 2365 0.00019156
2367 2365 0.00019156
6366 2365 0.00019156
6367 2365 0.00019156
2364 2366 0.00066239
2367 2366 0.00066239
6366 2366 0.00066239
6367 2366 0.00066239
1530 2849 0.030036
1533 2849 0.030036
2850 2849 0.030036
600 2850 0.060144
2849 2850 0.060144
3344 2850 0.060144
3345 2850 0.060144
3107 3109 0.00089429
3110 3109 0.00089429
3309 3109 0.00089429
3310 3109 0.00089429
3109 3111 0.0012185
3112 3111 0.0012185
3313 3111 0.0012185
3314 3111 0.0012185
3111 3113 0.00049849
3114 3113 0.00049849
6382 3113 0.00049849
6383 3113 0.00049849
3113 3115 0.00017976
3116 3115 0.00017976
6106 3115 0.00017976
3118 3117 0.00017116
6390 3117 0.00017116
6391 3117 0.00017116
2360 3119 0.008404
2363 3119 0.008404
3120 3119 0.008404
996 3120 0.00020877
3119 3120 0.00020877
4790 3120 0.00020877
6237 3120 0.00020877
3122 3121 0.0044044
5270 3121 0.0044044
6233 3121 0.0044044
3121 3122 0.064842
3328 3122 0.064842
3329 3122 0.064842
3124 3123 0.011015
3307 3123 0.011015
3308 3123 0.011015
3637 3123 0.011015
3123 3124 0.00019179
3126 3124 0.00019179
3312 3124 0.00019179
3123 3125 0.010558
3126 3125 0.010558
3312 3125 0.010558
3125 3127 0.0084699
3128 3127 0.0084699
5949 3127 0.0084699
3127 3129 0.0026087
3130 3129 0.0026087
6380 3129 0.0026087
6381 3129 0.0026087
3129 3131 0.001085
3132 3131 0.001085
6105 3131 0.001085
6108 3131 0.001085
3131 3133 0.00056679
3134 3133 0.00056679
6402 3133 0.00056679
6403 3133 0.00056679
3136 3135 0.0034488
3305 3135 0.0034488
3306 3135 0.0034488
3135 3136 0.00055223
5948 3136 0.00055223
5953 3136 0.00055223
3138 3137 0.0072515
5832 3137 0.0072515
6422 3137 0.0072515
3137 3138 0.011682
3302 3138 0.011682
3338 3138 0.011682
3140 3139 0.00051026
6372 3139 0.00051026
6373 3139 0.00051026
6407 3139 0.00051026
3139 3140 0.0020052
3910 3140 0.0020052
6112 3140 0.0020052
3142 3141 0.0039808
6414 3141 0.0039808
6415 3141 0.0039808
3141 3142 0.00023719
3144 3142 0.00023719
4787 3142 0.00023719
3141 3143 0.003582
3144 3143 0.003582
4787 3143 0.003582
3143 3144 0.000687
3146 3144 0.000687
6374 3144 0.000687
6375 3144 0.000687
3143 3145 0.0015156
3146 3145 0.0015156
6374 3145 0.0015156
6375 3145 0.0015156
3145 3146 0.00088795
3148 3146 0.00088795
3911 3146 0.00088795
6109 3146 0.00088795
3145 3147 0.00075657
3148 3147 0.00075657
3911 3147 0.00075657
6109 3147 0.00075657
3147 3148 0.00025001
5951 3148 0.00025001
6398 3148 0.00025001
6399 3148 0.00025001
1528 3302 0.079727
1531 3302 0.079727
3303 3302 0.079727
3137 3303 0.0078107
3302 3303 0.0078107
3338 3303 0.0078107
3136 3304 0.0094933
3305 3304 0.0094933
3306 3304 0.0094933
3304 3305 0.00058064
6420 3305 0.00058064
6421 3305 0.00058064
3124 3306 0.012148
3307 3306 0.012148
3308 3306 0.012148
3637 3306 0.012148
3136 3307 0.00033837
3305 3307 0.00033837
3306 3307 0.00033837
3124 3309 0.00089429
3307 3309 0.00089429
3308 3309 0.00089429
3637 3309 0.00089429
3109 3312 0.00029555
3112 3312 0.00029555
3313 3312 0.00029555
3314 3312 0.00029555
3123 3313 0.00064064
3126 3313 0.00064064
3312 3313 0.00064064
3316 3317 0.00083013
7005 3317 0.00083013
7008 3317 0.00083013
7088 3317 0.00083013
3319 3318 0.0011813
5985 3318 0.0011813
7093 3318 0.0011813
7095 3318 0.0011813
3318 3319 0.0019431
6983 3319 0.0019431
7092 3319 0.0019431
3321 3320 0.0066346
3322 3320 0.0066346
7097 3320 0.0066346
3320 3321 0.074312
6977 3321 0.074312
7096 3321 0.074312
3323 3322 0.017983
3324 3322 0.017983
7103 3322 0.017983
3321 3323 0.14647
3322 3323 0.14647
7097 3323 0.14647
3325 3324 0.37922
3326 3324 0.37922
7099 3324 0.37922
3323 3325 0.17889
3324 3325 0.17889
7103 3325 0.17889
2753 3326 0.81986
3327 3326 0.81986
5237 3326 0.81986
3325 3327 0.00028474
3326 3327 0.00028474
7099 3327 0.00028474
2353 3328 0.89122
3337 3328 0.89122
3332 3331 0.0065278
3334 3331 0.0065278
3331 3332 0.016704
5827 3332 0.016704
5829 3332 0.016704
3332 3333 0.016704
3334 3333 0.016704
3333 3334 0.0065278
3336 3334 0.0065278
6225 3334 0.0065278
3333 3335 0.073202
3336 3335 0.073202
6225 3335 0.073202
3335 3336 0.011089
5823 3336 0.011089
5831 3336 0.011089
6967 3336 0.011089
3137 3337 0.97299
3302 3337 0.97299
3338 3337 0.97299
3343 3338 0.9055
3639 3338 0.9055
3962 3338 0.9055
3340 3339 0.050418
3342 3339 0.050418
3960 3339 0.050418
1532 3340 0.0086101
2851 3340 0.0086101
3339 3340 0.0086101
3340 3341 0.0086101
3342 3341 0.0086101
3960 3341 0.0086101
3341 3342 0.050418
3346 3342 0.050418
4684 3342 0.050418
600 3343 0.92697
2849 3343 0.92697
3344 3343 0.92697
3345 3343 0.92697
3341 3345 0.95709
3346 3345 0.95709
4684 3345 0.95709
73 3347 0.99886
3348 3347 0.99886
3349 3347 0.99886
3350 3349 0.99886
3351 3349 0.99886
3363 3349 0.99886
3352 3351 0.65629
3366 3351 0.65629
3691 3351 0.65629
3350 3352 0.008072
3351 3352 0.008072
3363 3352 0.008072
3364 3363 0.35123
3365 3363 0.35123
3367 3363 0.35123
3350 3364 0.0005912
3351 3364 0.0005912
3363 3364 0.0005912
3352 3365 0.009326
3366 3365 0.009326
3691 3365 0.009326
3364 3366 0.33581
3365 3366 0.33581
3367 3366 0.33581
3368 3367 0.67738
3369 3367 0.67738
3665 3367 0.67738
3364 3368 0.00025494
3365 3368 0.00025494
3367 3368 0.00025494
3370 3369 0.010178
3692 3369 0.010178
3693 3369 0.010178
3368 3370 0.33565
3369 3370 0.33565
3665 3370 0.33565
3638 3637 0.02376
3640 3637 0.02376
5268 3637 0.02376
3124 3638 0.00026113
3307 3638 0.00026113
3308 3638 0.00026113
3637 3638 0.00026113
3638 3639 0.0011242
3640 3639 0.0011242
5268 3639 0.0011242
3343 3640 0.024062
3639 3640 0.024062
3962 3640 0.024062
3666 3665 1.0027
3667 3665 1.0027
5843 3665 1.0027
3668 3667 0.0004113
3669 3667 0.0004113
6478 3667 0.0004113
3670 3669 0.0002892
3679 3669 0.0002892
5851 3669 0.0002892
3672 3671 0.00033228
3673 3671 0.00033228
3675 3671 0.00033228
3674 3673 0.00049161
3696 3673 0.00049161
3697 3673 0.00049161
3672 3676 0.00016473
3673 3676 0.00016473
3675 3676 0.00016473
3670 3680 0.00013163
3679 3680 0.00013163
5851 3680 0.00013163
3680 3682 0.00013906
3681 3682 0.00013906
3689 3682 0.00013906
6479 3682 0.00013906
3053 3684 0.0001441
3682 3684 0.0001441
3683 3684 0.0001441
3684 3688 0.00015086
3686 3688 0.00015086
3687 3688 0.00015086
3676 3689 0.00016473
3677 3689 0.00016473
3690 3689 0.00016473
3370 3691 0.33279
3692 3691 0.33279
3693 3691 0.33279
3352 3692 0.01105
3366 3692 0.01105
3691 3692 0.01105
3694 3693 0.00013305
3695 3693 0.00013305
6563 3693 0.00013305
3370 3694 0.0038731
3692 3694 0.0038731
3693 3694 0.0038731
3694 3696 0.0015175
3695 3696 0.0015175
6563 3696 0.0015175
3674 3698 0.0010282
3696 3698 0.0010282
3697 3698 0.0010282
3688 3713 0.0011357
3714 3713 0.0011357
3715 3713 0.0011357
3642 3715 0.0010281
3698 3715 0.0010281
3716 3715 0.0010281
3907 3906 0.020877
4019 3906 0.020877
6228 3906 0.020877
6358 3906 0.020877
2072 3907 0.01465
2074 3907 0.01465
2075 3907 0.01465
3906 3907 0.01465
3909 3908 0.00012205
6113 3908 0.00012205
6400 3908 0.00012205
6401 3908 0.00012205
3145 3910 0.0018452
3148 3910 0.0018452
3911 3910 0.0018452
6109 3910 0.0018452
3139 3911 0.0001165
3910 3911 0.0001165
6112 3911 0.0001165
4685 3962 0.0014957
5086 3962 0.0014957
4020 4019 0.097321
6232 4019 0.097321
6351 4019 0.097321
3907 4020 0.001452
4019 4020 0.001452
6228 4020 0.001452
6358 4020 0.001452
2146 4662 0.0011352
3712 4662 0.0011352
4663 4662 0.0011352
7113 4662 0.0011352
3347 4684 0.99886
3354 4684 0.99886
4683 4684 0.99886
4788 4787 0.00073158
6408 4787 0.00073158
6409 4787 0.00073158
3141 4788 0.0015801
3144 4788 0.0015801
4787 4788 0.0015801
996 4789 0.00066185
3119 4789 0.00066185
4790 4789 0.00066185
6237 4789 0.00066185
4789 4790 0.00064488
6240 4790 0.00064488
6365 4790 0.00064488
5087 5086 0.0015043
5271 5086 0.0015043
1129 5087 0.00031037
3963 5087 0.00031037
5091 5090 0.00010858
5838 5090 0.00010858
1128 5091 0.00042667
5092 5091 0.00042667
3121 5237 0.83078
3328 5237 0.83078
3329 5237 0.83078
3638 5267 0.00078485
3640 5267 0.00078485
5268 5267 0.00078485
3138 5268 0.0013456
5832 5268 0.0013456
6422 5268 0.0013456
3122 5269 0.0046712
5270 5269 0.0046712
6233 5269 0.0046712
2753 5270 0.011208
3327 5270 0.011208
5237 5270 0.011208
3964 5271 0.001194
6738 5271 0.001194
3335 5822 0.1827
5823 5822 0.1827
5831 5822 0.1827
6967 5822 0.1827
5822 5823 0.38641
6963 5823 0.38641
7102 5823 0.38641
7104 5823 0.38641
5825 5824 0.0065167
5826 5824 0.0065167
5830 5824 0.0065167
5824 5825 0.51513
6964 5825 0.51513
7100 5825 0.51513
3331 5826 0.0065278
5827 5826 0.0065278
5829 5826 0.0065278
5825 5827 0.016704
5826 5827 0.016704
5830 5827 0.016704
3335 5830 0.012359
5823 5830 0.012359
5831 5830 0.012359
6967 5830 0.012359
5825 5831 0.5108
5826 5831 0.5108
5830 5831 0.5108
2352 5832 0.001042
2355 5832 0.001042
5269 5832 0.001042
6877 5835 0.00010843
5091 5837 0.00032053
5838 5837 0.00032053
5840 5839 0.0023571
5846 5839 0.0023571
6562 5839 0.0023571
5839 5841 0.0023571
5842 5841 0.0023571
5848 5841 0.0023571
5841 5843 0.0023571
5844 5843 0.0023571
5850 5843 0.0023571
5852 5851 0.00033228
5853 5851 0.00033228
3671 5853 0.00033228
5854 5853 0.00033228
3125 5948 0.0024517
3128 5948 0.0024517
5949 5948 0.0024517
3135 5949 0.00037525
5948 5949 0.00037525
5953 5949 0.00037525
3147 5950 0.00018085
5951 5950 0.00018085
6398 5950 0.00018085
6399 5950 0.00018085
3135 5952 0.0052002
5948 5952 0.0052002
5953 5952 0.0052002
5952 5953 0.00022723
6378 5953 0.00022723
6379 5953 0.00022723
3133 5954 0.00042351
5955 5954 0.00042351
6394 5954 0.00042351
2349 5985 0.0001097
5903 5985 0.0001097
5986 5985 0.0001097
7105 5985 0.0001097
3113 6105 0.00036501
3116 6105 0.00036501
6106 6105 0.00036501
3129 6107 0.0018212
3132 6107 0.0018212
6105 6107 0.0018212
6108 6107 0.0018212
6107 6109 0.0016693
6110 6109 0.0016693
6114 6109 0.0016693
3139 6111 0.00067612
3910 6111 0.00067612
6112 6111 0.00067612
6111 6112 0.00044234
6396 6112 0.00044234
6397 6112 0.00044234
6406 6112 0.00044234
6107 6113 0.00029317
6110 6113 0.00029317
6114 6113 0.00029317
3909 6114 0.00011304
6113 6114 0.00011304
6400 6114 0.00011304
6401 6114 0.00011304
548 6225 0.063404
6226 6225 0.063404
6227 6225 0.063404
6230 6225 0.063404
3333 6226 0.011467
3336 6226 0.011467
6225 6226 0.011467
3907 6227 0.1257
4019 6227 0.1257
6228 6227 0.1257
6358 6227 0.1257
548 6228 0.0028228
6226 6228 0.0028228
6227 6228 0.0028228
6230 6228 0.0028228
548 6229 0.082298
6226 6229 0.082298
6227 6229 0.082298
6230 6229 0.082298
6229 6230 0.0073969
6979 6230 0.0073969
7063 6230 0.0073969
4020 6231 0.0051063
6232 6231 0.0051063
6351 6231 0.0051063
6231 6232 0.06856
6234 6232 0.06856
6354 6232 0.06856
6231 6233 0.0027804
6234 6233 0.0027804
6354 6233 0.0027804
3122 6234 0.069756
5270 6234 0.069756
6233 6234 0.069756
2071 6237 0.0003456
6238 6237 0.0003456
6239 6237 0.0003456
996 6238 0.0071759
3119 6238 0.0071759
4790 6238 0.0071759
6237 6238 0.0071759
4789 6239 0.0013369
6240 6239 0.0013369
6365 6239 0.0013369
2071 6240 0.00011512
6238 6240 0.00011512
6239 6240 0.00011512
950 6351 0.035673
6352 6351 0.035673
6353 6351 0.035673
6356 6351 0.035673
4020 6352 0.003258
6232 6352 0.003258
6351 6352 0.003258
2354 6353 0.057162
2357 6353 0.057162
948 6354 0.0031583
951 6354 0.0031583
6355 6354 0.0031583
6231 6355 0.0066796
6234 6355 0.0066796
6354 6355 0.0066796
6357 6356 0.00023871
6361 6356 0.00023871
950 6357 0.028507
6352 6357 0.028507
6353 6357 0.028507
6356 6357 0.028507
995 6358 0.037138
6359 6358 0.037138
6360 6358 0.037138
3907 6359 0.0039006
4019 6359 0.0039006
6228 6359 0.0039006
6358 6359 0.0039006
6357 6360 0.026925
6361 6360 0.026925
995 6361 0.0025184
6359 6361 0.0025184
6360 6361 0.0025184
6357 6362 0.003861
6361 6362 0.003861
6364 6363 0.00092094
6410 6363 0.00092094
6411 6363 0.00092094
6363 6364 0.00080463
6943 6364 0.00080463
7165 6364 0.00080463
2364 6365 0.0012969
2367 6365 0.0012969
6366 6365 0.0012969
6367 6365 0.0012969
3117 6367 0.00070967
5957 6367 0.00070967
6368 6367 0.00070967
6369 6367 0.00070967
5954 6369 0.00053604
6370 6369 0.00053604
6388 6369 0.00053604
7111 6369 0.00053604
3140 6371 0.025569
6372 6371 0.025569
6373 6371 0.025569
6407 6371 0.025569
2078 6372 0.00020853
2358 6372 0.00020853
2361 6372 0.00020853
6371 6372 0.00020853
3143 6373 0.021199
3146 6373 0.021199
6374 6373 0.021199
6375 6373 0.021199
3140 6374 0.00019177
6372 6374 0.00019177
6373 6374 0.00019177
6407 6374 0.00019177
6376 6375 0.01876
6377 6375 0.01876
6417 6375 0.01876
5952 6377 0.011615
6378 6377 0.011615
6379 6377 0.011615
3127 6379 0.0067414
3130 6379 0.0067414
6380 6379 0.0067414
6381 6379 0.0067414
5952 6380 0.00014374
6378 6380 0.00014374
6379 6380 0.00014374
3111 6381 0.00087419
3114 6381 0.00087419
6382 6381 0.00087419
6383 6381 0.00087419
3127 6382 0.00015317
3130 6382 0.00015317
6380 6382 0.00015317
6381 6382 0.00015317
5956 6385 0.00017925
6386 6385 0.00017925
6387 6385 0.00017925
5954 6387 0.00020538
6370 6387 0.00020538
6388 6387 0.00020538
7111 6387 0.00020538
3118 6389 0.00013761
6390 6389 0.00013761
6391 6389 0.00013761
3908 6391 0.00022579
6392 6391 0.00022579
6393 6391 0.00022579
3133 6393 0.00016984
5955 6393 0.00016984
6394 6393 0.00016984
6111 6395 0.001632
6396 6395 0.001632
6397 6395 0.001632
6406 6395 0.001632
3147 6397 0.001228
5951 6397 0.001228
6398 6397 0.001228
6399 6397 0.001228
3909 6399 0.00080852
6113 6399 0.00080852
6400 6399 0.00080852
6401 6399 0.00080852
3131 6401 0.00069453
3134 6401 0.00069453
6402 6401 0.00069453
6403 6401 0.00069453
3115 6403 0.00017976
5959 6403 0.00017976
6404 6403 0.00017976
5950 6406 0.00019456
6389 6406 0.00019456
6405 6406 0.00019456
4788 6407 0.0037324
6408 6407 0.0037324
6409 6407 0.0037324
3140 6408 0.00087408
6372 6408 0.00087408
6373 6408 0.00087408
6407 6408 0.00087408
6364 6409 0.0025302
6410 6409 0.0025302
6411 6409 0.0025302
4788 6410 0.00052037
6408 6410 0.00052037
6409 6410 0.00052037
5834 6411 0.0023461
6412 6411 0.0023461
6413 6411 0.0023461
6364 6412 0.00021996
6410 6412 0.00021996
6411 6412 0.00021996
3142 6413 0.0023461
6414 6413 0.0023461
6415 6413 0.0023461
5834 6414 0.00021996
6412 6414 0.00021996
6413 6414 0.00021996
6416 6415 0.0060841
6418 6415 0.0060841
6419 6415 0.0060841
3142 6416 0.00021437
6414 6416 0.00021437
6415 6416 0.00021437
6416 6417 0.0074642
6418 6417 0.0074642
6419 6417 0.0074642
6376 6418 0.00029467
6377 6418 0.00029467
6417 6418 0.00029467
3304 6419 0.013229
6420 6419 0.013229
6421 6419 0.013229
6416 6420 0.00018926
6418 6420 0.00018926
6419 6420 0.00018926
3138 6421 0.011012
5832 6421 0.011012
6422 6421 0.011012
3304 6422 0.0068854
6420 6422 0.0068854
6421 6422 0.0068854
3680 6478 0.00019266
3681 6478 0.00019266
3689 6478 0.00019266
6479 6478 0.00019266
3694 6562 0.0023571
3695 6562 0.0023571
6563 6562 0.0023571
4662 6738 0.0011352
6739 6738 0.0011352
5085 6873 0.00042452
5267 6873 0.00042452
6873 6874 0.00042452
5090 6877 0.00010843
6939 6938 0.0002707
7067 6938 0.0002707
7163 6938 0.0002707
7164 6938 0.0002707
6938 6939 0.0002161
6941 6939 0.0002161
6949 6939 0.0002161
6940 6941 0.00029552
6942 6941 0.00029552
6945 6941 0.00029552
6947 6941 0.00029552
6363 6942 0.00029552
6943 6942 0.00029552
7165 6942 0.00029552
6938 6948 0.00035793
6941 6948 0.00035793
6949 6948 0.00035793
6948 6952 0.00035793
6950 6952 0.00035793
6953 6952 0.00035793
5824 6963 0.26529
6964 6963 0.26529
7100 6963 0.26529
5822 6964 0.15467
6963 6964 0.15467
7102 6964 0.15467
7104 6964 0.15467
6965 6967 0.0086481
6968 6967 0.0086481
7101 6967 0.0086481
3335 6968 0.77291
5823 6968 0.77291
5831 6968 0.77291
6967 6968 0.77291
6969 6971 0.018612
6972 6971 0.018612
6975 6971 0.018612
7066 6971 0.018612
6971 6972 0.015043
6974 6972 0.015043
7064 6972 0.015043
6971 6973 0.036404
6974 6973 0.036404
7064 6973 0.036404
6973 6974 0.0070739
6976 6974 0.0070739
6978 6974 0.0070739
6973 6975 0.029882
6976 6975 0.029882
6978 6975 0.029882
6969 6976 0.014641
6972 6976 0.014641
6975 6976 0.014641
7066 6976 0.014641
6973 6977 0.034166
6976 6977 0.034166
6978 6977 0.034166
3320 6978 0.020077
6977 6978 0.020077
7096 6978 0.020077
6980 6979 0.019649
7065 6979 0.019649
7098 6979 0.019649
6229 6980 0.068789
6979 6980 0.068789
7063 6980 0.068789
6982 6981 0.00061423
6984 6981 0.00061423
6986 6981 0.00061423
6981 6982 0.00013129
6990 6982 0.00013129
6982 6983 0.00046372
6984 6983 0.00046372
6986 6983 0.00046372
3318 6984 0.0011354
6983 6984 0.0011354
7092 6984 0.0011354
6982 6985 0.00069424
6984 6985 0.00069424
6986 6985 0.00069424
6985 6986 0.00050553
6988 6986 0.00050553
6989 6986 0.00050553
6985 6987 0.0010032
6988 6987 0.0010032
6989 6987 0.0010032
6987 6988 0.00033159
6992 6988 0.00033159
6994 6988 0.00033159
6981 6989 0.00061423
6990 6989 0.00061423
6985 6990 0.00013129
6988 6990 0.00013129
6989 6990 0.00013129
6987 6991 0.00083439
6992 6991 0.00083439
6994 6991 0.00083439
6991 6992 0.00011162
6995 6992 0.00011162
7000 6992 0.00011162
6987 6993 0.00054288
6992 6993 0.00054288
6994 6993 0.00054288
6993 6994 0.00059399
6996 6994 0.00059399
6998 6994 0.00059399
7001 6994 0.00059399
6993 6995 0.00026463
6996 6995 0.00026463
6998 6995 0.00026463
7001 6995 0.00026463
6991 6996 0.00072151
6995 6996 0.00072151
7000 6996 0.00072151
6993 6997 0.0010464
6996 6997 0.0010464
6998 6997 0.0010464
7001 6997 0.0010464
6997 6998 0.00037473
7090 6998 0.00037473
7091 6998 0.00037473
6991 6999 0.00031442
6995 6999 0.00031442
7000 6999 0.00031442
6999 7001 0.00031442
7002 7001 0.00031442
7004 7001 0.00031442
2366 7005 0.00072412
7006 7005 0.00072412
7086 7005 0.00072412
6971 7063 0.0066614
6974 7063 0.0066614
7064 7063 0.0066614
6229 7064 0.032423
6979 7064 0.032423
7063 7064 0.032423
6969 7065 0.026825
6972 7065 0.026825
6975 7065 0.026825
7066 7065 0.026825
6980 7066 0.015152
7065 7066 0.015152
7098 7066 0.015152
5670 7086 0.000212
6385 7086 0.000212
7085 7086 0.000212
2351 7088 0.00010979
4656 7088 0.00010979
7014 7088 0.00010979
7087 7088 0.00010979
3317 7090 0.00083303
5238 7090 0.00083303
7089 7090 0.00083303
3318 7091 0.00031037
6983 7091 0.00031037
7092 7091 0.00031037
6997 7092 0.0017439
7090 7092 0.0017439
7091 7092 0.0017439
547 7093 0.053426
2073 7093 0.053426
7094 7093 0.053426
3319 7094 0.00068691
5985 7094 0.00068691
7093 7094 0.00068691
7095 7094 0.00068691
3320 7095 0.0013584
6977 7095 0.0013584
7096 7095 0.0013584
3319 7096 0.054946
5985 7096 0.054946
7093 7096 0.054946
7095 7096 0.054946
6980 7097 0.081807
7065 7097 0.081807
7098 7097 0.081807
3321 7098 0.020994
3322 7098 0.020994
7097 7098 0.020994
5824 7099 0.0060101
6964 7099 0.0060101
7100 7099 0.0060101
3325 7100 0.62525
3326 7100 0.62525
7099 7100 0.62525
5822 7101 0.3671
6963 7101 0.3671
7102 7101 0.3671
7104 7101 0.3671
6965 7102 0.13136
6968 7102 0.13136
7101 7102 0.13136
5822 7103 0.13877
6963 7103 0.13877
7102 7103 0.13877
7104 7103 0.13877
3323 7104 0.4676
3324 7104 0.4676
7103 7104 0.4676
5837 7111 0.00032053
6927 7111 0.00032053
7069 7111 0.00032053
7112 7111 0.00032053
3713 7113 0.0010586
6921 7113 0.0010586
7114 7113 0.0010586
6952 7160 0.0010923
7161 7160 0.0010923
7162 7160 0.0010923
2356 7161 0.00097596
2359 7161 0.00097596
6362 7161 0.00097596
7160 7161 0.00097596
6939 7162 0.00088444
7067 7162 0.00088444
7163 7162 0.00088444
7164 7162 0.00088444
6952 7163 0.0010649
7161 7163 0.0010649
7162 7163 0.0010649
6363 7164 0.00084008
6943 7164 0.00084008
7165 7164 0.00084008
6939 7165 0.00096589
7067 7165 0.00096589
7163 7165 0.00096589
7164 7165 0.00096589
