548 547 0.0050925
6226 547 0.0050925
6227 547 0.0050925
6230 547 0.0050925
547 548 0.0013279
2073 548 0.0013279
7094 548 0.0013279
948 950 0.00056665
951 950 0.00056665
6355 950 0.00056665
995 994 0.000405
6359 994 0.000405
6360 994 0.000405
994 995 0.00016459
997 995 0.00016459
2076 995 0.00016459
2077 995 0.00016459
994 996 0.0001151
997 996 0.0001151
2076 996 0.0001151
2077 996 0.0001151
2071 2072 0.00017586
6238 2072 0.00017586
6239 2072 0.00017586
2072 2073 0.0029425
2074 2073 0.0029425
2075 2073 0.0029425
3906 2073 0.0029425
547 2074 0.0001247
2073 2074 0.0001247
7094 2074 0.0001247
994 2075 0.00068517
997 2075 0.00068517
2076 2075 0.00068517
2077 2075 0.00068517
2078 2077 0.000427
2358 2077 0.000427
2361 2077 0.000427
6371 2077 0.000427
2352 2353 0.00020887
2355 2353 0.00020887
5269 2353 0.00020887
2352 2354 0.0010909
2355 2354 0.0010909
5269 2354 0.0010909
2354 2356 0.00037565
2357 2356 0.00037565
2356 2358 0.00049447
2359 2358 0.00049447
6362 2358 0.00049447
7160 2358 0.00049447
2078 2360 0.00012001
2358 2360 0.00012001
2361 2360 0.00012001
6371 2360 0.00012001
2360 3119 0.00010893
2363 3119 0.00010893
3120 3119 0.00010893
3122 3121 0.0025331
5270 3121 0.0025331
6233 3121 0.0025331
3319 3318 0.00067783
5985 3318 0.00067783
7093 3318 0.00067783
7095 3318 0.00067783
3318 3319 0.00065423
6983 3319 0.00065423
7092 3319 0.00065423
3321 3320 0.0071423
3322 3320 0.0071423
7097 3320 0.0071423
3320 3321 0.021406
6977 3321 0.021406
7096 3321 0.021406
3323 3322 0.021241
3324 3322 0.021241
7103 3322 0.021241
3321 3323 0.037585
3322 3323 0.037585
7097 3323 0.037585
3325 3324 0.4558
3326 3324 0.4558
7099 3324 0.4558
3323 3325 0.14988
3324 3325 0.14988
7103 3325 0.14988
2753 3326 0.98956
3327 3326 0.98956
5237 3326 0.98956
3325 3327 0.00024156
3326 3327 0.00024156
7099 3327 0.00024156
2353 3328 0.00022963
3337 3328 0.00022963
3332 3331 0.0017173
3334 3331 0.0017173
3331 3332 0.015699
5827 3332 0.015699
5829 3332 0.015699
3332 3333 0.015699
3334 3333 0.015699
3333 3334 0.0017173
3336 3334 0.0017173
6225 3334 0.0017173
3333 3335 0.019666
3336 3335 0.019666
6225 3335 0.019666
3335 3336 0.011348
5823 3336 0.011348
5831 3336 0.011348
6967 3336 0.011348
3907 3906 0.0024075
4019 3906 0.0024075
6228 3906 0.0024075
6358 3906 0.0024075
2072 3907 0.00033183
2074 3907 0.00033183
2075 3907 0.00033183
3906 3907 0.00033183
4020 4019 0.0094045
6232 4019 0.0094045
6351 4019 0.0094045
3121 5237 1.0027
3328 5237 1.0027
3329 5237 1.0027
3122 5269 0.0013291
5270 5269 0.0013291
6233 5269 0.0013291
2753 5270 0.013426
3327 5270 0.013426
5237 5270 0.013426
3335 5822 0.16355
5823 5822 0.16355
5831 5822 0.16355
6967 5822 0.16355
5822 5823 0.39304
6963 5823 0.39304
7102 5823 0.39304
7104 5823 0.39304
5825 5824 0.004588
5826 5824 0.004588
5830 5824 0.004588
5824 5825 0.54406
6964 5825 0.54406
7100 5825 0.54406
3331 5826 0.0017173
5827 5826 0.0017173
5829 5826 0.0017173
5825 5827 0.015699
5826 5827 0.015699
5830 5827 0.015699
3335 5830 0.0094086
5823 5830 0.0094086
5831 5830 0.0094086
6967 5830 0.0094086
5825 5831 0.5349
5826 5831 0.5349
5830 5831 0.5349
548 6225 0.0059409
6226 6225 0.0059409
6227 6225 0.0059409
6230 6225 0.0059409
3333 6226 0.011605
3336 6226 0.011605
6225 6226 0.011605
3907 6227 0.0088637
4019 6227 0.0088637
6228 6227 0.0088637
6358 6227 0.0088637
548 6228 0.0010108
6226 6228 0.0010108
6227 6228 0.0010108
6230 6228 0.0010108
548 6229 0.013857
6226 6229 0.013857
6227 6229 0.013857
6230 6229 0.013857
6229 6230 0.0041049
6979 6230 0.0041049
7063 6230 0.0041049
4020 6231 0.00010378
6232 6231 0.00010378
6351 6231 0.00010378
6231 6232 0.0091652
6234 6232 0.0091652
6354 6232 0.0091652
3122 6234 0.0096337
5270 6234 0.0096337
6233 6234 0.0096337
996 6238 0.00015464
3119 6238 0.00015464
4790 6238 0.00015464
6237 6238 0.00015464
950 6351 0.00063211
6352 6351 0.00063211
6353 6351 0.00063211
6356 6351 0.00063211
4020 6352 0.00035151
6232 6352 0.00035151
6351 6352 0.00035151
2354 6353 0.00072324
2357 6353 0.00072324
6231 6355 0.00056665
6234 6355 0.00056665
6354 6355 0.00056665
950 6357 0.0009708
6352 6357 0.0009708
6353 6357 0.0009708
6356 6357 0.0009708
995 6358 0.0009817
6359 6358 0.0009817
6360 6358 0.0009817
3907 6359 0.00039512
4019 6359 0.00039512
6228 6359 0.00039512
6358 6359 0.00039512
6357 6360 0.00091695
6361 6360 0.00091695
6357 6362 0.0001353
6361 6362 0.0001353
5824 6963 0.29024
6964 6963 0.29024
7100 6963 0.29024
5822 6964 0.14632
6963 6964 0.14632
7102 6964 0.14632
7104 6964 0.14632
6965 6967 0.0086669
6968 6967 0.0086669
7101 6967 0.0086669
3335 6968 0.77197
5823 6968 0.77197
5831 6968 0.77197
6967 6968 0.77197
6969 6971 0.0085222
6972 6971 0.0085222
6975 6971 0.0085222
7066 6971 0.0085222
6971 6972 0.0057892
6974 6972 0.0057892
7064 6972 0.0057892
6971 6973 0.014958
6974 6973 0.014958
7064 6973 0.014958
6973 6974 0.0031251
6976 6974 0.0031251
6978 6974 0.0031251
6973 6975 0.012311
6976 6975 0.012311
6978 6975 0.012311
6969 6976 0.0081493
6972 6976 0.0081493
6975 6976 0.0081493
7066 6976 0.0081493
6973 6977 0.015966
6976 6977 0.015966
6978 6977 0.015966
3320 6978 0.0082948
6977 6978 0.0082948
7096 6978 0.0082948
6980 6979 0.012059
7065 6979 0.012059
7098 6979 0.012059
6229 6980 0.012711
6979 6980 0.012711
7063 6980 0.012711
6982 6981 0.00030631
6984 6981 0.00030631
6986 6981 0.00030631
6982 6983 0.00021602
6984 6983 0.00021602
6986 6983 0.00021602
3318 6984 0.00057925
6983 6984 0.00057925
7092 6984 0.00057925
6982 6985 0.00035366
6984 6985 0.00035366
6986 6985 0.00035366
6985 6986 0.00023582
6988 6986 0.00023582
6989 6986 0.00023582
6985 6987 0.0005072
6988 6987 0.0005072
6989 6987 0.0005072
6987 6988 0.00014396
6992 6988 0.00014396
6994 6988 0.00014396
6981 6989 0.00030631
6990 6989 0.00030631
6987 6991 0.00039973
6992 6991 0.00039973
6994 6991 0.00039973
6987 6993 0.00027109
6992 6993 0.00027109
6994 6993 0.00027109
6993 6994 0.00026137
6996 6994 0.00026137
6998 6994 0.00026137
7001 6994 0.00026137
6993 6995 0.00010898
6996 6995 0.00010898
6998 6995 0.00010898
7001 6995 0.00010898
6991 6996 0.00034394
6995 6996 0.00034394
7000 6996 0.00034394
6993 6997 0.00050658
6996 6997 0.00050658
6998 6997 0.00050658
7001 6997 0.00050658
6997 6998 0.00014334
7090 6998 0.00014334
7091 6998 0.00014334
6991 6999 0.00013949
6995 6999 0.00013949
7000 6999 0.00013949
6999 7001 0.00013949
7002 7001 0.00013949
7004 7001 0.00013949
6971 7063 0.0029792
6974 7063 0.0029792
7064 7063 0.0029792
6229 7064 0.012079
6979 7064 0.012079
7063 7064 0.012079
6969 7065 0.010743
6972 7065 0.010743
6975 7065 0.010743
7066 7065 0.010743
6980 7066 0.0093148
7065 7066 0.0093148
7098 7066 0.0093148
3318 7091 0.00017768
6983 7091 0.00017768
7092 7091 0.00017768
6997 7092 0.00051731
7090 7092 0.00051731
7091 7092 0.00051731
547 7093 0.0070988
2073 7093 0.0070988
7094 7093 0.0070988
3319 7094 0.00051632
5985 7094 0.00051632
7093 7094 0.00051632
7095 7094 0.00051632
3320 7095 0.0011111
6977 7095 0.0011111
7096 7095 0.0011111
3319 7096 0.0077032
5985 7096 0.0077032
7093 7096 0.0077032
7095 7096 0.0077032
6980 7097 0.018916
7065 7097 0.018916
7098 7097 0.018916
3321 7098 0.016836
3322 7098 0.016836
7097 7098 0.016836
5824 7099 0.0053138
6964 7099 0.0053138
7100 7099 0.0053138
3325 7100 0.68871
3326 7100 0.68871
7099 7100 0.68871
5822 7101 0.3679
6963 7101 0.3679
7102 7101 0.3679
7104 7101 0.3679
6965 7102 0.1312
6968 7102 0.1312
7101 7102 0.1312
5822 7103 0.14112
6963 7103 0.14112
7102 7103 0.14112
7104 7103 0.14112
3323 7104 0.46338
3324 7104 0.46338
7103 7104 0.46338
