86 85 0.0021878
89 85 0.0021878
6576 85 0.0021878
85 86 0.0038443
3724 86 0.0038443
3725 86 0.0038443
88 87 0.0019109
90 87 0.0019109
773 87 0.0019109
6568 87 0.0019109
87 88 0.025021
3728 88 0.025021
3729 88 0.025021
88 89 0.0059616
90 89 0.0059616
773 89 0.0059616
6568 89 0.0059616
86 90 0.0010514
89 90 0.0010514
6576 90 0.0010514
91 92 0.042885
3732 92 0.042885
3733 92 0.042885
98 97 0.02223
3704 97 0.02223
3705 97 0.02223
97 98 0.014638
412 98 0.014638
6566 98 0.014638
100 99 0.00035538
102 99 0.00035538
4555 99 0.00035538
99 100 0.00026437
366 100 0.00026437
3737 100 0.00026437
100 101 0.00053401
102 101 0.00053401
4555 101 0.00053401
101 102 0.00033203
367 102 0.00033203
3738 102 0.00033203
110 109 0.11393
5717 109 0.11393
6560 109 0.11393
109 110 0.012162
782 110 0.012162
784 110 0.012162
112 111 0.00053818
424 111 0.00053818
425 111 0.00053818
6552 111 0.00053818
111 112 0.00047961
387 112 0.00047961
394 112 0.00047961
114 113 0.00079955
422 113 0.00079955
423 113 0.00079955
6550 113 0.00079955
113 114 0.00081832
384 114 0.00081832
385 114 0.00081832
116 115 0.0015729
420 115 0.0015729
421 115 0.0015729
1584 115 0.0015729
115 116 0.0012262
382 116 0.0012262
383 116 0.0012262
134 133 0.017448
3708 133 0.017448
3709 133 0.017448
133 134 0.022473
3052 134 0.022473
99 365 0.00047793
366 365 0.00047793
3737 365 0.00047793
365 366 0.00032805
3722 366 0.00032805
3723 366 0.00032805
368 367 0.00036556
371 367 0.00036556
376 367 0.00036556
101 368 0.00050868
367 368 0.00050868
3738 368 0.00050868
370 369 0.00070679
372 369 0.00070679
369 370 0.00014739
374 370 0.00014739
375 370 0.00014739
370 371 0.00014739
372 371 0.00014739
368 372 0.00070679
371 372 0.00070679
376 372 0.00070679
369 373 0.0011241
374 373 0.0011241
375 373 0.0011241
373 374 0.00098099
3730 374 0.00098099
3731 374 0.00098099
368 375 0.00046714
371 375 0.00046714
376 375 0.00046714
369 376 0.00088343
374 376 0.00088343
375 376 0.00088343
378 377 0.00011183
379 377 0.00011183
380 379 0.00011183
386 379 0.00011183
393 379 0.00011183
115 381 0.0016847
382 381 0.0016847
383 381 0.0016847
381 382 0.0011427
400 382 0.0011427
401 382 0.0011427
413 382 0.0011427
113 383 0.00106
384 383 0.00106
385 383 0.00106
115 384 0.00086468
382 384 0.00086468
383 384 0.00086468
380 385 0.00069545
386 385 0.00069545
393 385 0.00069545
113 386 0.00048135
384 386 0.00048135
385 386 0.00048135
388 387 0.0003781
389 387 0.0003781
3717 387 0.0003781
6554 387 0.0003781
111 388 0.00018919
387 388 0.00018919
394 388 0.00018919
111 393 0.00069652
387 393 0.00069652
394 393 0.00069652
380 394 0.00044902
386 394 0.00044902
393 394 0.00044902
377 400 0.00011183
399 400 0.00011183
402 401 0.0028304
403 401 0.0028304
418 401 0.0028304
419 401 0.0028304
381 402 0.0018442
400 402 0.0018442
401 402 0.0018442
413 402 0.0018442
404 403 0.0097939
405 403 0.0097939
6570 403 0.0097939
6573 403 0.0097939
402 404 0.00091011
403 404 0.00091011
418 404 0.00091011
419 404 0.00091011
97 411 0.02223
412 411 0.02223
6566 411 0.02223
411 412 0.014638
3734 412 0.014638
3735 412 0.014638
414 413 0.0014407
415 413 0.0014407
417 413 0.0014407
381 414 0.0030023
400 414 0.0030023
401 414 0.0030023
413 414 0.0030023
416 415 0.001262
3096 415 0.001262
7148 415 0.001262
414 416 0.02796
415 416 0.02796
417 416 0.02796
402 417 0.025648
403 417 0.025648
418 417 0.025648
419 417 0.025648
414 418 0.00051112
415 418 0.00051112
417 418 0.00051112
116 419 0.017659
420 419 0.017659
421 419 0.017659
1584 419 0.017659
402 420 0.00041935
403 420 0.00041935
418 420 0.00041935
419 420 0.00041935
114 421 0.0084737
422 421 0.0084737
423 421 0.0084737
6550 421 0.0084737
116 422 0.0004083
420 422 0.0004083
421 422 0.0004083
1584 422 0.0004083
112 423 0.0062213
424 423 0.0062213
425 423 0.0062213
6552 423 0.0062213
114 424 0.00037133
422 424 0.00037133
423 424 0.00037133
6550 424 0.00037133
426 425 0.0035865
3720 425 0.0035865
3721 425 0.0035865
4661 425 0.0035865
112 426 0.00031654
424 426 0.00031654
425 426 0.00031654
6552 426 0.00031654
428 427 0.037011
429 427 0.037011
3089 427 0.037011
5680 427 0.037011
427 428 0.029721
431 428 0.029721
3097 428 0.029721
2279 431 0.0028699
5674 431 0.0028699
7273 431 0.0028699
427 432 0.014809
431 432 0.014809
3097 432 0.014809
5835 433 0.76741
548 547 0.0019883
6226 547 0.0019883
6227 547 0.0019883
6230 547 0.0019883
547 548 0.00028112
2073 548 0.00028112
7094 548 0.00028112
554 553 0.15717
1525 553 0.15717
2824 553 0.15717
553 554 0.0052447
3702 554 0.0052447
3703 554 0.0052447
5260 723 0.0013299
723 724 0.023116
6920 724 0.023116
774 773 0.00043633
775 773 0.00043633
88 774 0.031362
90 774 0.031362
773 774 0.031362
6568 774 0.031362
776 775 0.00043633
6574 775 0.00043633
774 776 0.031362
775 776 0.031362
109 781 0.11393
782 781 0.11393
784 781 0.11393
781 782 0.012162
3700 782 0.012162
3701 782 0.012162
948 950 0.00023983
951 950 0.00023983
6355 950 0.00023983
995 994 0.00057793
6359 994 0.00057793
6360 994 0.00057793
994 995 0.00052128
997 995 0.00052128
2076 995 0.00052128
2077 995 0.00052128
994 996 0.00054371
997 996 0.00054371
2076 996 0.00054371
2077 996 0.00054371
996 997 0.00066786
3119 997 0.00066786
4790 997 0.00066786
6237 997 0.00066786
434 1126 0.00029196
5089 1126 0.00029196
432 1127 0.52306
5692 1127 0.52306
6874 1128 0.198
5085 1129 0.00033538
5267 1129 0.00033538
1226 1227 0.96783
1536 1227 0.96783
4200 1227 0.96783
1521 1520 0.00015673
6558 1520 0.00015673
6561 1520 0.00015673
1520 1521 0.25405
1523 1521 0.25405
2825 1521 0.25405
1522 1523 0.36779
2821 1523 0.36779
2827 1523 0.36779
554 1524 0.010787
1525 1524 0.010787
2824 1524 0.010787
1524 1525 0.048908
1968 1525 0.048908
2820 1525 0.048908
1527 1526 0.42472
1967 1526 0.42472
2822 1526 0.42472
1528 1530 0.00031409
1531 1530 0.00031409
3303 1530 0.00031409
1530 1531 0.00012171
1533 1531 0.00012171
2850 1531 0.00012171
1537 1536 0.93665
4710 1536 0.93665
1566 1568 0.15227
1569 1568 0.15227
5716 1568 0.15227
1568 1569 0.00014078
1571 1569 0.00014078
3699 1569 0.00014078
1568 1570 0.71627
1571 1570 0.71627
3699 1570 0.71627
1570 1572 0.094176
1573 1572 0.094176
3092 1572 0.094176
1572 1573 0.00084038
7223 1573 0.00084038
408 1574 0.094176
1575 1574 0.094176
7224 1574 0.094176
1574 1575 0.00084038
1577 1575 0.00084038
6571 1575 0.00084038
1574 1576 0.13777
1577 1576 0.13777
6571 1576 0.13777
1578 1580 0.030115
1581 1580 0.030115
4558 1580 0.030115
1580 1582 0.0089252
1583 1582 0.0089252
6572 1582 0.0089252
6575 1582 0.0089252
1582 1583 0.0011362
1585 1583 0.0011362
4524 1583 0.0011362
1582 1584 0.0099562
1585 1584 0.0099562
4524 1584 0.0099562
116 1585 0.00043559
420 1585 0.00043559
421 1585 0.00043559
1584 1585 0.00043559
1654 1653 0.026595
2340 1653 0.026595
2343 1653 0.026595
1653 1654 0.0063539
7054 1654 0.0063539
7076 1654 0.0063539
1524 1967 1.022
1968 1967 1.022
2820 1967 1.022
1527 1968 0.0031733
1967 1968 0.0031733
2822 1968 0.0031733
1972 1971 0.0034437
3706 1971 0.0034437
3707 1971 0.0034437
3736 1971 0.0034437
1969 1972 0.59762
1971 1972 0.59762
2823 1972 0.59762
1974 1973 0.00030141
6557 1973 0.00030141
1973 1974 0.00091444
3048 1974 0.00091444
2072 2071 0.00017511
2074 2071 0.00017511
2075 2071 0.00017511
3906 2071 0.00017511
2071 2072 0.0010393
6238 2072 0.0010393
6239 2072 0.0010393
2072 2073 0.0058912
2074 2073 0.0058912
2075 2073 0.0058912
3906 2073 0.0058912
994 2075 0.0034551
997 2075 0.0034551
2076 2075 0.0034551
2077 2075 0.0034551
2072 2076 0.00021276
2074 2076 0.00021276
2075 2076 0.00021276
3906 2076 0.00021276
2078 2077 0.0033912
2358 2077 0.0033912
2361 2077 0.0033912
6371 2077 0.0033912
994 2078 0.0003297
997 2078 0.0003297
2076 2078 0.0003297
2077 2078 0.0003297
724 2146 0.023011
2147 2146 0.023011
6794 2146 0.023011
2146 2147 0.0012248
3712 2147 0.0012248
4663 2147 0.0012248
7113 2147 0.0012248
2148 2149 0.00133
6795 2149 0.00133
2329 2328 0.00029945
5896 2328 0.00029945
7254 2328 0.00029945
7258 2328 0.00029945
2331 2330 0.00031694
4196 2330 0.00031694
5971 2330 0.00031694
7256 2330 0.00031694
2330 2332 0.00039672
2333 2332 0.00039672
5975 2332 0.00039672
2332 2334 0.00044747
2335 2334 0.00044747
4216 2334 0.00044747
2334 2336 0.00061271
2337 2336 0.00061271
5977 2336 0.00061271
7152 2336 0.00061271
2336 2337 0.00011933
2339 2337 0.00011933
4709 2337 0.00011933
2336 2338 0.050165
2339 2338 0.050165
4709 2338 0.050165
2338 2340 0.025552
2341 2340 0.025552
4198 2340 0.025552
1654 2341 0.0064747
2340 2341 0.0064747
2343 2341 0.0064747
2342 2343 0.0011676
7057 2343 0.0011676
7074 2343 0.0011676
2349 2348 0.0093697
5903 2348 0.0093697
5986 2348 0.0093697
7105 2348 0.0093697
2348 2349 0.00016934
5239 2349 0.00016934
5739 2349 0.00016934
2351 2350 0.081055
4656 2350 0.081055
7014 2350 0.081055
7087 2350 0.081055
2350 2351 0.004288
5671 2351 0.004288
5836 2351 0.004288
2353 2352 0.0053587
3337 2352 0.0053587
2352 2354 0.0055162
2355 2354 0.0055162
5269 2354 0.0055162
2354 2356 0.0035526
2357 2356 0.0035526
2356 2358 0.004001
2359 2358 0.004001
6362 2358 0.004001
7160 2358 0.004001
2078 2360 0.002561
2358 2360 0.002561
2361 2360 0.002561
6371 2360 0.002561
2360 2361 0.00020233
2363 2361 0.00020233
3120 2361 0.00020233
2360 2362 0.0024405
2363 2362 0.0024405
3120 2362 0.0024405
2362 2363 0.0003818
2365 2363 0.0003818
6395 2363 0.0003818
2362 2364 0.0029606
2365 2364 0.0029606
6395 2364 0.0029606
2364 2365 0.00035483
2367 2365 0.00035483
6366 2365 0.00035483
6367 2365 0.00035483
2364 2366 0.012692
2367 2366 0.012692
6366 2366 0.012692
6367 2366 0.012692
2366 2367 0.0010063
7006 2367 0.0010063
7086 2367 0.0010063
1522 2820 0.064143
2821 2820 0.064143
2827 2820 0.064143
1524 2821 0.0071985
1968 2821 0.0071985
2820 2821 0.0071985
1969 2822 0.0034437
1971 2822 0.0034437
2823 2822 0.0034437
1527 2823 0.59762
1967 2823 0.59762
2822 2823 0.59762
1520 2824 0.12119
1523 2824 0.12119
2825 2824 0.12119
554 2825 0.0073872
1525 2825 0.0073872
2824 2825 0.0073872
1526 2827 0.42472
2826 2827 0.42472
1530 2849 0.00034891
1533 2849 0.00034891
2850 2849 0.00034891
600 2850 0.00013557
2849 2850 0.00013557
3344 2850 0.00013557
3345 2850 0.00013557
1973 3047 0.00030141
3048 3047 0.00030141
3047 3048 0.00091444
6556 3048 0.00091444
6559 3048 0.00091444
133 3051 0.017448
3052 3051 0.017448
3051 3052 0.022473
3710 3052 0.022473
3711 3052 0.022473
3054 3053 0.00018542
3685 3053 0.00018542
3085 3086 0.093289
3088 3086 0.093289
5398 3086 0.093289
3087 3088 0.092766
7151 3088 0.092766
428 3090 0.10745
429 3090 0.10745
3089 3090 0.10745
5680 3090 0.10745
1570 3091 0.62294
1573 3091 0.62294
3092 3091 0.62294
416 3095 0.16459
3096 3095 0.16459
7148 3095 0.16459
1127 3096 0.00020361
3095 3096 0.00020361
3098 3096 0.00020361
1127 3097 0.033824
3095 3097 0.033824
3098 3097 0.033824
427 3098 0.029176
431 3098 0.029176
3097 3098 0.029176
3105 3106 0.001217
5399 3106 0.001217
5963 3106 0.001217
3107 3109 0.00011376
3110 3109 0.00011376
3309 3109 0.00011376
3310 3109 0.00011376
3109 3111 0.00015531
3112 3111 0.00015531
3313 3111 0.00015531
3314 3111 0.00015531
3111 3113 0.00012003
3114 3113 0.00012003
6382 3113 0.00012003
6383 3113 0.00012003
3118 3117 0.00043003
6390 3117 0.00043003
6391 3117 0.00043003
3117 3118 0.0004637
5957 3118 0.0004637
6368 3118 0.0004637
6369 3118 0.0004637
2360 3119 0.00088472
2363 3119 0.00088472
3120 3119 0.00088472
996 3120 0.0005848
3119 3120 0.0005848
4790 3120 0.0005848
6237 3120 0.0005848
3121 3122 0.0023604
3328 3122 0.0023604
3329 3122 0.0023604
3124 3123 0.0012044
3307 3123 0.0012044
3308 3123 0.0012044
3637 3123 0.0012044
3123 3125 0.0011444
3126 3125 0.0011444
3312 3125 0.0011444
3125 3127 0.0010576
3128 3127 0.0010576
5949 3127 0.0010576
3127 3129 0.00081776
3130 3129 0.00081776
6380 3129 0.00081776
6381 3129 0.00081776
3129 3131 0.00072634
3132 3131 0.00072634
6105 3131 0.00072634
6108 3131 0.00072634
3131 3133 0.00077199
3134 3133 0.00077199
6402 3133 0.00077199
6403 3133 0.00077199
3133 3134 0.00010527
5955 3134 0.00010527
6394 3134 0.00010527
3136 3135 0.00021941
3305 3135 0.00021941
3306 3135 0.00021941
3137 3138 0.0017397
3302 3138 0.0017397
3338 3138 0.0017397
3140 3139 0.00019465
6372 3139 0.00019465
6373 3139 0.00019465
6407 3139 0.00019465
3139 3140 0.00015536
3910 3140 0.00015536
6112 3140 0.00015536
3142 3141 0.00036719
6414 3141 0.00036719
6415 3141 0.00036719
3141 3143 0.00033408
3144 3143 0.00033408
4787 3143 0.00033408
3143 3145 0.00028451
3146 3145 0.00028451
6374 3145 0.00028451
6375 3145 0.00028451
3145 3147 0.0002429
3148 3147 0.0002429
3911 3147 0.0002429
6109 3147 0.0002429
1528 3302 0.00012171
1531 3302 0.00012171
3303 3302 0.00012171
3137 3303 0.00031409
3302 3303 0.00031409
3338 3303 0.00031409
3136 3304 0.00026157
3305 3304 0.00026157
3306 3304 0.00026157
3124 3306 0.00041969
3307 3306 0.00041969
3308 3306 0.00041969
3637 3306 0.00041969
3124 3309 0.00011376
3307 3309 0.00011376
3308 3309 0.00011376
3637 3309 0.00011376
3316 3317 0.017919
7005 3317 0.017919
7008 3317 0.017919
7088 3317 0.017919
3319 3318 0.0033163
5985 3318 0.0033163
7093 3318 0.0033163
7095 3318 0.0033163
3318 3319 0.00082779
6983 3319 0.00082779
7092 3319 0.00082779
3321 3320 0.0035158
3322 3320 0.0035158
7097 3320 0.0035158
3320 3321 0.00075306
6977 3321 0.00075306
7096 3321 0.00075306
3323 3322 0.0039004
3324 3322 0.0039004
7103 3322 0.0039004
3321 3323 0.00014524
3322 3323 0.00014524
7097 3323 0.00014524
3325 3324 0.0037153
3326 3324 0.0037153
7099 3324 0.0037153
3323 3325 0.00025427
3324 3325 0.00025427
7103 3325 0.00025427
2753 3326 0.0042534
3327 3326 0.0042534
5237 3326 0.0042534
2353 3328 0.0069675
3337 3328 0.0069675
3335 3336 0.00049348
5823 3336 0.00049348
5831 3336 0.00049348
6967 3336 0.00049348
3137 3337 0.012319
3302 3337 0.012319
3338 3337 0.012319
3343 3338 0.014204
3639 3338 0.014204
3962 3338 0.014204
600 3343 0.0015468
2849 3343 0.0015468
3344 3343 0.0015468
3345 3343 0.0015468
3343 3344 0.00010734
3639 3344 0.00010734
3962 3344 0.00010734
3341 3345 0.0012403
3346 3345 0.0012403
4684 3345 0.0012403
73 3347 0.00020161
3348 3347 0.00020161
3349 3347 0.00020161
3350 3349 0.00020161
3351 3349 0.00020161
3363 3349 0.00020161
3352 3351 0.00018639
3366 3351 0.00018639
3691 3351 0.00018639
3353 3354 0.0010493
3355 3354 0.0010493
7220 3354 0.0010493
3638 3637 0.0016981
3640 3637 0.0016981
5268 3637 0.0016981
3343 3640 0.0093014
3639 3640 0.0093014
3962 3640 0.0093014
3053 3684 0.00019393
3682 3684 0.00019393
3683 3684 0.00019393
3684 3685 0.00018542
3686 3685 0.00018542
3687 3685 0.00018542
3688 3687 0.00025041
3714 3687 0.00025041
3715 3687 0.00025041
3684 3688 0.00020169
3686 3688 0.00020169
3687 3688 0.00020169
3370 3691 0.0001759
3692 3691 0.0001759
3693 3691 0.0001759
3694 3693 0.00016784
3695 3693 0.00016784
6563 3693 0.00016784
3674 3695 0.00016387
3696 3695 0.00016387
3697 3695 0.00016387
3642 3697 0.00015383
3698 3697 0.00015383
3716 3697 0.00015383
781 3699 0.56637
3700 3699 0.56637
3701 3699 0.56637
1568 3700 0.0022278
1571 3700 0.0022278
3699 3700 0.0022278
553 3701 0.46623
3702 3701 0.46623
3703 3701 0.46623
781 3702 0.0038503
3700 3702 0.0038503
3701 3702 0.0038503
98 3703 0.3263
3704 3703 0.3263
3705 3703 0.3263
553 3704 0.015849
3702 3704 0.015849
3703 3704 0.015849
1972 3705 0.3321
3706 3705 0.3321
3707 3705 0.3321
3736 3705 0.3321
98 3706 0.014055
3704 3706 0.014055
3705 3706 0.014055
134 3707 0.015076
3708 3707 0.015076
3709 3707 0.015076
1972 3708 0.2267
3706 3708 0.2267
3707 3708 0.2267
3736 3708 0.2267
3051 3709 0.0019058
3710 3709 0.0019058
3711 3709 0.0019058
134 3710 0.21856
3708 3710 0.21856
3709 3710 0.21856
2146 3711 0.00017616
3712 3711 0.00017616
4663 3711 0.00017616
7113 3711 0.00017616
3051 3712 0.2118
3710 3712 0.2118
3711 3712 0.2118
3688 3713 0.0002052
3714 3713 0.0002052
3715 3713 0.0002052
3713 3714 0.0004038
6921 3714 0.0004038
7114 3714 0.0004038
3688 3716 0.00015384
3714 3716 0.00015384
3715 3716 0.00015384
398 3717 0.00039069
3718 3717 0.00039069
3719 3717 0.00039069
388 3718 0.00017417
389 3718 0.00017417
3717 3718 0.00017417
6554 3718 0.00017417
426 3719 0.00041174
3720 3719 0.00041174
3721 3719 0.00041174
4661 3719 0.00041174
398 3720 0.00022283
3718 3720 0.00022283
3719 3720 0.00022283
365 3721 0.0046565
3722 3721 0.0046565
3723 3721 0.0046565
426 3722 0.00014918
3720 3722 0.00014918
3721 3722 0.00014918
4661 3722 0.00014918
85 3723 0.0045797
3724 3723 0.0045797
3725 3723 0.0045797
365 3724 0.00022227
3722 3724 0.00022227
3723 3724 0.00022227
3726 3725 0.0077859
3727 3725 0.0077859
4556 3725 0.0077859
85 3726 0.0017719
3724 3726 0.0017719
3725 3726 0.0017719
87 3727 0.0083563
3728 3727 0.0083563
3729 3727 0.0083563
3726 3728 0.0020493
3727 3728 0.0020493
4556 3728 0.0020493
373 3729 0.031172
3730 3729 0.031172
3731 3729 0.031172
87 3730 0.0017542
3728 3730 0.0017542
3729 3730 0.0017542
91 3731 0.031295
3732 3731 0.031295
3733 3731 0.031295
373 3732 0.0020202
3730 3732 0.0020202
3731 3732 0.0020202
411 3733 0.072379
3734 3733 0.072379
3735 3733 0.072379
91 3734 0.00027821
3732 3734 0.00027821
3733 3734 0.00027821
1972 3735 0.083482
3706 3735 0.083482
3707 3735 0.083482
3736 3735 0.083482
411 3736 0.018973
3734 3736 0.018973
3735 3736 0.018973
101 3737 0.0002033
367 3737 0.0002033
3738 3737 0.0002033
99 3738 0.00014444
366 3738 0.00014444
3737 3738 0.00014444
4199 3791 0.013442
5395 3791 0.013442
5396 3792 0.00028887
5397 3792 0.00028887
3791 3793 0.013251
3793 3794 0.013161
5993 3794 0.013161
7115 3794 0.013161
3907 3906 0.0022514
4019 3906 0.0022514
6228 3906 0.0022514
6358 3906 0.0022514
2072 3907 0.00049744
2074 3907 0.00049744
2075 3907 0.00049744
3906 3907 0.00049744
3909 3908 0.00012249
6113 3908 0.00012249
6400 3908 0.00012249
6401 3908 0.00012249
3908 3909 0.00011463
6392 3909 0.00011463
6393 3909 0.00011463
3145 3910 0.00017331
3148 3910 0.00017331
3911 3910 0.00017331
6109 3910 0.00017331
4685 3962 0.022054
5086 3962 0.022054
6876 3963 0.00017308
4020 4019 0.0034358
6232 4019 0.0034358
6351 4019 0.0034358
5771 4198 0.00018357
5881 4198 0.00018357
2338 4200 0.031268
2341 4200 0.031268
4198 4200 0.031268
4223 4224 0.0011663
6896 4224 0.0011663
7081 4224 0.0011663
4228 4227 0.0011656
4229 4227 0.0011656
6893 4227 0.0011656
1582 4523 0.00053191
1585 4523 0.00053191
4524 4523 0.00053191
4523 4524 0.0022635
4526 4524 0.0022635
6551 4524 0.0022635
4523 4525 0.00032653
4526 4525 0.00032653
6551 4525 0.00032653
4525 4526 0.0042548
6553 4526 0.0042548
6577 4526 0.0042548
3726 4555 0.00083024
3727 4555 0.00083024
4556 4555 0.00083024
100 4556 0.00053725
102 4556 0.00053725
4555 4556 0.00053725
92 4558 0.030115
4557 4558 0.030115
6569 4558 0.030115
4657 4656 0.094529
5663 4656 0.094529
5665 4656 0.094529
6737 4659 0.96986
426 4660 0.0010493
3720 4660 0.0010493
3721 4660 0.0010493
4661 4660 0.0010493
2146 4662 0.21143
3712 4662 0.21143
4663 4662 0.21143
7113 4662 0.21143
4191 4665 0.00014224
4666 4665 0.00014224
6469 4665 0.00014224
3347 4684 0.0012474
3354 4684 0.0012474
4683 4684 0.0012474
1537 4709 0.049938
4710 4709 0.049938
5063 4710 0.9865
3141 4788 0.00012408
3144 4788 0.00012408
4787 4788 0.00012408
996 4789 0.00043218
3119 4789 0.00043218
4790 4789 0.00043218
6237 4789 0.00043218
4789 4790 0.00064931
6240 4790 0.00064931
6365 4790 0.00064931
5064 5063 0.99988
5240 5063 0.99988
4659 5064 0.97015
5065 5064 0.97015
3792 5065 0.0002888
4685 5085 0.18988
5086 5085 0.18988
5087 5086 0.21191
5271 5086 0.21191
1129 5087 0.00042751
3963 5087 0.00042751
7272 5088 0.69282
7274 5088 0.69282
5090 5089 0.00024761
5091 5090 0.85572
5838 5090 0.85572
1128 5091 0.89087
5092 5091 0.89087
5093 5092 0.69287
5088 5093 0.69305
5094 5093 0.69305
1126 5094 0.00022494
3121 5237 0.0046317
3328 5237 0.0046317
3329 5237 0.0046317
3317 5239 0.02042
5238 5239 0.02042
7089 5239 0.02042
5241 5240 0.029955
5738 5240 0.029955
7218 5240 0.029955
5064 5241 0.00022359
5240 5241 0.00022359
2149 5260 0.0013299
7287 5260 0.0013299
3638 5267 0.0084513
3640 5267 0.0084513
5268 5267 0.0084513
3138 5268 0.00080583
5832 5268 0.00080583
6422 5268 0.00080583
3122 5269 0.00026367
5270 5269 0.00026367
6233 5269 0.00026367
2753 5270 0.00035817
3327 5270 0.00035817
5237 5270 0.00035817
3964 5271 0.21151
6738 5271 0.21151
5063 5395 0.013382
3791 5396 0.0001911
3105 5398 0.00098076
5399 5398 0.00098076
5963 5398 0.00098076
3085 5399 0.00045459
3088 5399 0.00045459
5398 5399 0.00045459
5666 5665 0.094529
5667 5665 0.094529
3086 5667 0.094573
5668 5667 0.094573
5964 5667 0.094573
2350 5669 0.20245
5671 5669 0.20245
5836 5669 0.20245
2350 5670 0.0029622
5671 5670 0.0029622
5836 5670 0.0029622
5670 5671 0.040586
6385 5671 0.040586
7085 5671 0.040586
3090 5674 0.021079
5675 5674 0.021079
5676 5674 0.021079
7150 5674 0.021079
2279 5675 0.0082516
5674 5675 0.0082516
7273 5675 0.0082516
3090 5677 0.0018173
5675 5677 0.0018173
5676 5677 0.0018173
7150 5677 0.0018173
3094 5680 0.11471
5681 5680 0.11471
5683 5680 0.11471
1975 5683 0.11471
3091 5683 0.11471
5682 5683 0.11471
5693 5683 0.11471
1975 5692 0.50856
3091 5692 0.50856
5682 5692 0.50856
5693 5692 0.50856
432 5693 0.00031368
5692 5693 0.00031368
110 5716 0.15227
5717 5716 0.15227
6560 5716 0.15227
1566 5717 0.00014078
1569 5717 0.00014078
5716 5717 0.00014078
2348 5738 0.029702
5239 5738 0.029702
5739 5738 0.029702
5241 5739 0.00017005
5738 5739 0.00017005
7218 5739 0.00017005
4205 5740 0.00026515
5741 5740 0.00026515
5742 5740 0.00026515
4213 5742 0.00026729
5743 5742 0.00026729
5744 5742 0.00026729
1655 5744 0.00026845
5745 5744 0.00026845
5901 5744 0.00026845
5904 5744 0.00026845
4664 5771 0.00017373
4665 5771 0.00017373
3335 5822 0.00033058
5823 5822 0.00033058
5831 5822 0.00033058
6967 5822 0.00033058
5822 5823 0.00045883
6963 5823 0.00045883
7102 5823 0.00045883
7104 5823 0.00045883
5824 5825 0.00051985
6964 5825 0.00051985
7100 5825 0.00051985
5825 5831 0.00046668
5826 5831 0.00046668
5830 5831 0.00046668
2352 5832 0.00010164
2355 5832 0.00010164
5269 5832 0.00010164
6877 5835 0.85547
5835 5836 0.088058
5091 5837 0.036731
5838 5837 0.036731
5837 5838 0.0015803
6927 5838 0.0015803
7069 5838 0.0015803
7112 5838 0.0015803
5895 5896 0.00028885
7253 5896 0.00028885
5897 5898 0.00034092
5900 5898 0.00034092
5983 5898 0.00034092
5899 5900 0.00035194
5902 5900 0.00035194
5910 5900 0.00035194
1655 5902 0.00037913
5745 5902 0.00037913
5901 5902 0.00037913
5904 5902 0.00037913
2349 5904 0.00064976
5903 5904 0.00064976
5986 5904 0.00064976
7105 5904 0.00064976
3125 5948 0.00013503
3128 5948 0.00013503
5949 5948 0.00013503
3147 5950 0.00013824
5951 5950 0.00013824
6398 5950 0.00013824
6399 5950 0.00013824
3135 5952 0.00029014
5948 5952 0.00029014
5953 5952 0.00029014
3133 5954 0.0010426
5955 5954 0.0010426
6394 5954 0.0010426
5954 5955 0.00037153
6370 5955 0.00037153
6388 5955 0.00037153
7111 5955 0.00037153
3117 5956 0.0047832
5957 5956 0.0047832
6368 5956 0.0047832
6369 5956 0.0047832
5956 5957 0.0028736
6386 5957 0.0028736
6387 5957 0.0028736
5677 5963 0.0017411
5678 5963 0.0017411
5962 5963 0.0017411
3103 5964 0.0012917
3106 5964 0.0012917
5965 5964 0.0012917
5917 5977 0.00011428
5920 5977 0.00011428
5978 5977 0.00011428
2349 5985 0.00014312
5903 5985 0.00014312
5986 5985 0.00014312
7105 5985 0.00014312
3319 5986 0.0099204
5985 5986 0.0099204
7093 5986 0.0099204
7095 5986 0.0099204
3129 6107 0.00019318
3132 6107 0.00019318
6105 6107 0.00019318
6108 6107 0.00019318
6107 6109 0.00013807
6110 6109 0.00013807
6114 6109 0.00013807
3139 6111 0.00024373
3910 6111 0.00024373
6112 6111 0.00024373
3333 6226 0.00056975
3336 6226 0.00056975
6225 6226 0.00056975
3907 6227 0.0024747
4019 6227 0.0024747
6228 6227 0.0024747
6358 6227 0.0024747
548 6228 0.00031341
6226 6228 0.00031341
6227 6228 0.00031341
6230 6228 0.00031341
548 6229 0.0015949
6226 6229 0.0015949
6227 6229 0.0015949
6230 6229 0.0015949
6229 6230 0.0006519
6979 6230 0.0006519
7063 6230 0.0006519
4020 6231 0.00013785
6232 6231 0.00013785
6351 6231 0.00013785
6231 6232 0.0024249
6234 6232 0.0024249
6354 6232 0.0024249
3122 6234 0.002469
5270 6234 0.002469
6233 6234 0.002469
2071 6237 0.00030363
6238 6237 0.00030363
6239 6237 0.00030363
996 6238 0.00069654
3119 6238 0.00069654
4790 6238 0.00069654
6237 6238 0.00069654
4789 6239 0.00064382
6240 6239 0.00064382
6365 6239 0.00064382
2071 6240 0.00017249
6238 6240 0.00017249
6239 6240 0.00017249
950 6351 0.0012191
6352 6351 0.0012191
6353 6351 0.0012191
6356 6351 0.0012191
4020 6352 0.00012154
6232 6352 0.00012154
6351 6352 0.00012154
2354 6353 0.0019941
2357 6353 0.0019941
6231 6355 0.00023983
6234 6355 0.00023983
6354 6355 0.00023983
950 6357 0.0010479
6352 6357 0.0010479
6353 6357 0.0010479
6356 6357 0.0010479
995 6358 0.0009548
6359 6358 0.0009548
6360 6358 0.0009548
3907 6359 0.00042417
4019 6359 0.00042417
6228 6359 0.00042417
6358 6359 0.00042417
6357 6360 0.00086475
6361 6360 0.00086475
995 6361 0.00027747
6359 6361 0.00027747
6360 6361 0.00027747
6357 6362 0.0004525
6361 6362 0.0004525
2364 6365 0.0012053
2367 6365 0.0012053
6366 6365 0.0012053
6367 6365 0.0012053
4789 6366 0.00051683
6240 6366 0.00051683
6365 6366 0.00051683
3117 6367 0.010546
5957 6367 0.010546
6368 6367 0.010546
6369 6367 0.010546
2364 6368 0.00077717
2367 6368 0.00077717
6366 6368 0.00077717
6367 6368 0.00077717
5954 6369 0.013506
6370 6369 0.013506
6388 6369 0.013506
7111 6369 0.013506
3117 6370 0.0017937
5957 6370 0.0017937
6368 6370 0.0017937
6369 6370 0.0017937
3140 6371 0.0015599
6372 6371 0.0015599
6373 6371 0.0015599
6407 6371 0.0015599
3143 6373 0.0012978
3146 6373 0.0012978
6374 6373 0.0012978
6375 6373 0.0012978
6376 6375 0.0011897
6377 6375 0.0011897
6417 6375 0.0011897
5952 6377 0.00056652
6378 6377 0.00056652
6379 6377 0.00056652
3127 6379 0.00033371
3130 6379 0.00033371
6380 6379 0.00033371
6381 6379 0.00033371
5956 6385 0.02634
6386 6385 0.02634
6387 6385 0.02634
5670 6386 0.00032132
6385 6386 0.00032132
7085 6386 0.00032132
5954 6387 0.024475
6370 6387 0.024475
6388 6387 0.024475
7111 6387 0.024475
5956 6388 0.00036531
6386 6388 0.00036531
6387 6388 0.00036531
3118 6389 0.00017938
6390 6389 0.00017938
6391 6389 0.00017938
5950 6390 0.00014216
6389 6390 0.00014216
6405 6390 0.00014216
3908 6391 0.00036002
6392 6391 0.00036002
6393 6391 0.00036002
3118 6392 0.00035647
6390 6392 0.00035647
6391 6392 0.00035647
3133 6393 0.00034994
5955 6393 0.00034994
6394 6393 0.00034994
3908 6394 0.00035425
6392 6394 0.00035425
6393 6394 0.00035425
6111 6395 0.00063555
6396 6395 0.00063555
6397 6395 0.00063555
6406 6395 0.00063555
3147 6397 0.00037184
5951 6397 0.00037184
6398 6397 0.00037184
6399 6397 0.00037184
3909 6399 0.00021259
6113 6399 0.00021259
6400 6399 0.00021259
6401 6399 0.00021259
3131 6401 0.00020952
3134 6401 0.00020952
6402 6401 0.00020952
6403 6401 0.00020952
3909 6402 0.00010787
6113 6402 0.00010787
6400 6402 0.00010787
6401 6402 0.00010787
5950 6406 0.00012692
6389 6406 0.00012692
6405 6406 0.00012692
4788 6407 0.00032113
6408 6407 0.00032113
6409 6407 0.00032113
6364 6409 0.00022901
6410 6409 0.00022901
6411 6409 0.00022901
5834 6411 0.0001942
6412 6411 0.0001942
6413 6411 0.0001942
3142 6413 0.0001942
6414 6413 0.0001942
6415 6413 0.0001942
6416 6415 0.00054202
6418 6415 0.00054202
6419 6415 0.00054202
6416 6417 0.0006497
6418 6417 0.0006497
6419 6417 0.0006497
3304 6419 0.0011717
6420 6419 0.0011717
6421 6419 0.0011717
3138 6421 0.0011205
5832 6421 0.0011205
6422 6421 0.0011205
3304 6422 0.00013166
6420 6422 0.00013166
6421 6422 0.00013166
2336 6469 0.00026978
2339 6469 0.00026978
4709 6469 0.00026978
4523 6550 0.0023809
4526 6550 0.0023809
6551 6550 0.0023809
114 6551 0.00018425
422 6551 0.00018425
423 6551 0.00018425
6550 6551 0.00018425
4525 6552 0.0029543
6553 6552 0.0029543
6577 6552 0.0029543
112 6553 0.00031575
424 6553 0.00031575
425 6553 0.00031575
6552 6553 0.00031575
1974 6556 0.00091444
6557 6556 0.00091444
3047 6557 0.00030141
6556 6557 0.00030141
6559 6557 0.00030141
3047 6558 0.0011637
6556 6558 0.0011637
6559 6558 0.0011637
1521 6559 0.0011637
6558 6559 0.0011637
6561 6559 0.0011637
1521 6560 0.25401
6558 6560 0.25401
6561 6560 0.25401
110 6561 0.00011471
5717 6561 0.00011471
6560 6561 0.00011471
92 6568 0.014364
4557 6568 0.014364
6569 6568 0.014364
88 6569 0.0016387
90 6569 0.0016387
773 6569 0.0016387
6568 6569 0.0016387
1574 6570 0.0012627
1577 6570 0.0012627
6571 6570 0.0012627
404 6571 0.045616
405 6571 0.045616
6570 6571 0.045616
6573 6571 0.045616
404 6572 0.00015323
405 6572 0.00015323
6570 6572 0.00015323
6573 6572 0.00015323
1580 6573 0.053391
1583 6573 0.053391
6572 6573 0.053391
6575 6573 0.053391
1580 6574 0.00043633
1583 6574 0.00043633
6572 6574 0.00043633
6575 6574 0.00043633
776 6575 0.031362
6574 6575 0.031362
4525 6576 0.00026511
6553 6576 0.00026511
6577 6576 0.00026511
86 6577 0.0068319
89 6577 0.0068319
6576 6577 0.0068319
6880 6737 0.96986
4662 6738 0.21143
6739 6738 0.21143
724 6795 0.00133
2147 6795 0.00133
6794 6795 0.00133
5085 6873 0.198
5267 6873 0.198
6873 6874 0.198
5093 6875 0.00017308
6875 6876 0.00017308
5090 6877 0.85547
433 6880 0.96986
5669 6880 0.96986
4224 6893 0.0011663
4225 6893 0.0011663
6894 6893 0.0011663
6895 6896 0.0029189
7017 6896 0.0029189
7084 6896 0.0029189
3713 6920 0.022035
6921 6920 0.022035
7114 6920 0.022035
723 6921 0.0002487
6920 6921 0.0002487
5824 6963 0.00048597
6964 6963 0.00048597
7100 6963 0.00048597
5822 6964 0.00019797
6963 6964 0.00019797
7102 6964 0.00019797
7104 6964 0.00019797
3335 6968 0.0001918
5823 6968 0.0001918
5831 6968 0.0001918
6967 6968 0.0001918
6969 6971 0.0012427
6972 6971 0.0012427
6975 6971 0.0012427
7066 6971 0.0012427
6971 6972 0.00058829
6974 6972 0.00058829
7064 6972 0.00058829
6971 6973 0.0024727
6974 6973 0.0024727
7064 6973 0.0024727
6973 6974 0.00030437
6976 6974 0.00030437
6978 6974 0.00030437
6973 6975 0.0013975
6976 6975 0.0013975
6978 6975 0.0013975
6969 6976 0.0011646
6972 6976 0.0011646
6975 6976 0.0011646
7066 6976 0.0011646
6973 6977 0.0028928
6976 6977 0.0028928
6978 6977 0.0028928
3320 6978 0.00095739
6977 6978 0.00095739
7096 6978 0.00095739
6980 6979 0.0012707
7065 6979 0.0012707
7098 6979 0.0012707
6229 6980 0.00069974
6979 6980 0.00069974
7063 6980 0.00069974
6982 6981 0.00054917
6984 6981 0.00054917
6986 6981 0.00054917
6982 6983 0.00025317
6984 6983 0.00025317
6986 6983 0.00025317
3318 6984 0.0010192
6983 6984 0.0010192
7092 6984 0.0010192
6982 6985 0.0006723
6984 6985 0.0006723
6986 6985 0.0006723
6985 6986 0.00037308
6988 6986 0.00037308
6989 6986 0.00037308
6985 6987 0.0010539
6988 6987 0.0010539
6989 6987 0.0010539
6987 6988 0.0002879
6992 6988 0.0002879
6994 6988 0.0002879
6981 6989 0.00054917
6990 6989 0.00054917
6987 6991 0.0010348
6992 6991 0.0010348
6994 6991 0.0010348
6991 6992 0.00014889
6995 6992 0.00014889
7000 6992 0.00014889
6987 6993 0.0006382
6992 6993 0.0006382
6994 6993 0.0006382
6993 6994 0.0007581
6996 6994 0.0007581
6998 6994 0.0007581
7001 6994 0.0007581
6993 6995 0.00041806
6996 6995 0.00041806
6998 6995 0.00041806
7001 6995 0.00041806
6991 6996 0.00092757
6995 6996 0.00092757
7000 6996 0.00092757
6993 6997 0.0014325
6996 6997 0.0014325
6998 6997 0.0014325
7001 6997 0.0014325
6997 6998 0.00066646
7090 6998 0.00066646
7091 6998 0.00066646
6991 6999 0.00045354
6995 6999 0.00045354
7000 6999 0.00045354
6999 7001 0.00045354
7002 7001 0.00045354
7004 7001 0.00045354
2366 7005 0.0069523
7006 7005 0.0069523
7086 7005 0.0069523
3316 7006 0.0068709
7005 7006 0.0068709
7008 7006 0.0068709
7088 7006 0.0068709
6895 7016 0.010265
7017 7016 0.010265
7084 7016 0.010265
4811 7019 0.0017585
7018 7019 0.0017585
7082 7019 0.0017585
7021 7020 0.24113
7023 7020 0.24113
7025 7020 0.24113
7036 7020 0.24113
7020 7021 0.27519
7032 7021 0.27519
7035 7021 0.27519
7021 7022 0.23152
7023 7022 0.23152
7025 7022 0.23152
7036 7022 0.23152
7022 7023 0.1671
7029 7023 0.1671
7031 7023 0.1671
7033 7023 0.1671
7021 7024 0.58158
7023 7024 0.58158
7025 7024 0.58158
7036 7024 0.58158
7024 7025 0.22269
7027 7025 0.22269
7077 7025 0.22269
7080 7025 0.22269
7016 7027 0.012006
7019 7027 0.012006
7026 7027 0.012006
7022 7030 0.021852
7029 7030 0.021852
7031 7030 0.021852
7033 7030 0.021852
1230 7031 0.32632
7030 7031 0.32632
7078 7031 0.32632
7022 7032 0.41146
7029 7032 0.41146
7031 7032 0.41146
7033 7032 0.41146
7020 7033 0.042566
7032 7033 0.042566
7035 7033 0.042566
7020 7034 0.40915
7032 7034 0.40915
7035 7034 0.40915
7034 7035 0.07431
7037 7035 0.07431
7039 7035 0.07431
7034 7036 0.47244
7037 7036 0.47244
7039 7036 0.47244
7021 7037 0.083193
7023 7037 0.083193
7025 7037 0.083193
7036 7037 0.083193
7034 7038 0.18505
7037 7038 0.18505
7039 7038 0.18505
7038 7039 0.23946
7041 7039 0.23946
7043 7039 0.23946
7038 7040 0.18475
7041 7040 0.18475
7043 7040 0.18475
1227 7041 0.24023
7040 7041 0.24023
7075 7041 0.24023
7079 7041 0.24023
7038 7042 0.0013262
7041 7042 0.0013262
7043 7042 0.0013262
7042 7043 0.0002558
7045 7043 0.0002558
7042 7044 0.0013262
7045 7044 0.0013262
7044 7045 0.00025579
7047 7045 0.00025579
7044 7046 0.0013262
7047 7046 0.0013262
7046 7047 0.00025579
7049 7047 0.00025579
7046 7048 0.0013262
7049 7048 0.0013262
7048 7049 0.00025579
7051 7049 0.00025579
7048 7050 0.0013262
7051 7050 0.0013262
7050 7051 0.00025579
7053 7051 0.00025579
7050 7052 0.0013262
7053 7052 0.0013262
7052 7053 0.00025579
7055 7053 0.00025579
7052 7054 0.0013262
7055 7054 0.0013262
1653 7055 0.00025579
7054 7055 0.00025579
7076 7055 0.00025579
6971 7063 0.00028431
6974 7063 0.00028431
7064 7063 0.00028431
6229 7064 0.0017982
6979 7064 0.0017982
7063 7064 0.0017982
6969 7065 0.00071358
6972 7065 0.00071358
6975 7065 0.00071358
7066 7065 0.00071358
6980 7066 0.0011351
7065 7066 0.0011351
7098 7066 0.0011351
4227 7074 0.0011676
5937 7074 0.0011676
7073 7074 0.0011676
1653 7075 0.027856
7054 7075 0.027856
7076 7075 0.027856
1227 7076 0.0065453
7040 7076 0.0065453
7075 7076 0.0065453
7079 7076 0.0065453
1230 7077 0.021852
7030 7077 0.021852
7078 7077 0.021852
7024 7078 0.32632
7027 7078 0.32632
7077 7078 0.32632
7080 7078 0.32632
7024 7079 0.0042218
7027 7079 0.0042218
7077 7079 0.0042218
7080 7079 0.0042218
1227 7080 0.93782
7040 7080 0.93782
7075 7080 0.93782
7079 7080 0.93782
4223 7082 0.0017585
6896 7082 0.0017585
7081 7082 0.0017585
3790 7084 0.013153
3794 7084 0.013153
7083 7084 0.013153
2366 7085 0.016657
7006 7085 0.016657
7086 7085 0.016657
5670 7086 0.0050518
6385 7086 0.0050518
7085 7086 0.0050518
3316 7087 0.00056835
7005 7087 0.00056835
7008 7087 0.00056835
7088 7087 0.00056835
2351 7088 0.01833
4656 7088 0.01833
7014 7088 0.01833
7087 7088 0.01833
6997 7089 0.0041895
7090 7089 0.0041895
7091 7089 0.0041895
3317 7090 0.001701
5238 7090 0.001701
7089 7090 0.001701
3318 7091 0.0031794
6983 7091 0.0031794
7092 7091 0.0031794
6997 7092 0.0014569
7090 7092 0.0014569
7091 7092 0.0014569
547 7093 0.0076037
2073 7093 0.0076037
7094 7093 0.0076037
3320 7095 0.0058634
6977 7095 0.0058634
7096 7095 0.0058634
3319 7096 0.0011653
5985 7096 0.0011653
7093 7096 0.0011653
7095 7096 0.0011653
6980 7097 0.00047697
7065 7097 0.00047697
7098 7097 0.00047697
3321 7098 0.0014694
3322 7098 0.0014694
7097 7098 0.0014694
3325 7100 0.00084428
3326 7100 0.00084428
7099 7100 0.00084428
6965 7102 0.0001918
6968 7102 0.0001918
7101 7102 0.0001918
5822 7103 0.00063177
6963 7103 0.00063177
7102 7103 0.00063177
7104 7103 0.00063177
3323 7104 0.0003377
3324 7104 0.0003377
7103 7104 0.0003377
5837 7111 0.036731
6927 7111 0.036731
7069 7111 0.036731
7112 7111 0.036731
5954 7112 0.0015803
6370 7112 0.0015803
6388 7112 0.0015803
7111 7112 0.0015803
3713 7113 0.00043772
6921 7113 0.00043772
7114 7113 0.00043772
2146 7114 0.022423
3712 7114 0.022423
4663 7114 0.022423
7113 7114 0.022423
1576 7148 0.13777
7149 7148 0.13777
3090 7151 0.092766
5675 7151 0.092766
5676 7151 0.092766
7150 7151 0.092766
6952 7163 0.00010741
7161 7163 0.00010741
7162 7163 0.00010741
5740 7218 0.00026515
7219 7218 0.00026515
4660 7220 0.0010493
7221 7220 0.0010493
1572 7222 0.094176
7223 7222 0.094176
7222 7223 0.00084038
7225 7223 0.00084038
7222 7224 0.094176
7225 7224 0.094176
408 7225 0.00084038
1575 7225 0.00084038
7224 7225 0.00084038
942 7253 0.00028885
945 7253 0.00028885
5898 7253 0.00028885
7252 7253 0.00028885
2328 7256 0.00029945
7257 7256 0.00029945
2279 7272 0.019453
5674 7272 0.019453
7273 7272 0.019453
7272 7273 0.0094279
7274 7273 0.0094279
1127 7274 0.6828
3095 7274 0.6828
3098 7274 0.6828
