87 88 0.00020551
3728 88 0.00020551
3729 88 0.00020551
91 92 0.00035205
3732 92 0.00035205
3733 92 0.00035205
98 97 0.0004081
3704 97 0.0004081
3705 97 0.0004081
97 98 0.0001127
412 98 0.0001127
6566 98 0.0001127
109 110 0.00014966
782 110 0.00014966
784 110 0.00014966
134 133 0.00014695
3708 133 0.00014695
3709 133 0.00014695
133 134 0.00099513
3052 134 0.00099513
146 145 0.00020763
1546 145 0.00020763
1549 145 0.00020763
145 146 0.0002683
2374 146 0.0002683
2730 146 0.0002683
97 411 0.0004081
412 411 0.0004081
6566 411 0.0004081
411 412 0.0001127
3734 412 0.0001127
3735 412 0.0001127
414 416 0.00025466
415 416 0.00025466
417 416 0.00025466
402 417 0.00023357
403 417 0.00023357
418 417 0.00023357
419 417 0.00023357
116 419 0.00015813
420 419 0.00015813
421 419 0.00015813
1584 419 0.00015813
428 427 0.0019185
429 427 0.0019185
3089 427 0.0019185
5680 427 0.0019185
427 428 0.0021447
431 428 0.0021447
3097 428 0.0021447
2279 431 0.00021649
5674 431 0.00021649
7273 431 0.00021649
427 432 0.00089384
431 432 0.00089384
3097 432 0.00089384
5835 433 0.80293
548 547 0.0079325
6226 547 0.0079325
6227 547 0.0079325
6230 547 0.0079325
547 548 0.0010488
2073 548 0.0010488
7094 548 0.0010488
550 549 0.020512
2391 549 0.020512
2392 549 0.020512
554 553 0.00013374
1525 553 0.00013374
2824 553 0.00013374
5260 723 0.28838
723 724 0.27046
6920 724 0.27046
88 774 0.00025765
90 774 0.00025765
773 774 0.00025765
6568 774 0.00025765
774 776 0.00025765
775 776 0.00025765
781 782 0.00014966
3700 782 0.00014966
3701 782 0.00014966
948 950 0.0010092
951 950 0.0010092
6355 950 0.0010092
950 951 0.00040725
6352 951 0.00040725
6353 951 0.00040725
6356 951 0.00040725
995 994 0.0022814
6359 994 0.0022814
6360 994 0.0022814
994 995 0.0019099
997 995 0.0019099
2076 995 0.0019099
2077 995 0.0019099
994 996 0.0020975
997 996 0.0020975
2076 996 0.0020975
2077 996 0.0020975
996 997 0.0017422
3119 997 0.0017422
4790 997 0.0017422
6237 997 0.0017422
434 1126 0.00026177
5089 1126 0.00026177
432 1127 0.063897
5692 1127 0.063897
6874 1128 0.86647
5085 1129 0.0014634
5267 1129 0.0014634
1227 1226 0.00020279
7040 1226 0.00020279
7075 1226 0.00020279
7079 1226 0.00020279
1226 1227 0.14043
1536 1227 0.14043
4200 1227 0.14043
1524 1525 0.00013073
1968 1525 0.00013073
2820 1525 0.00013073
1528 1530 0.0013508
1531 1530 0.0013508
3303 1530 0.0013508
1530 1531 0.00045957
1533 1531 0.00045957
2850 1531 0.00045957
1530 1532 0.0001528
1533 1532 0.0001528
2850 1532 0.0001528
1532 1533 0.00019529
2851 1533 0.00019529
3339 1533 0.00019529
1537 1536 0.13914
4710 1536 0.13914
1544 1546 0.00042827
1547 1546 0.00042827
2807 1546 0.00042827
146 1548 0.00048821
1546 1548 0.00048821
1549 1548 0.00048821
1566 1568 0.00019794
1569 1568 0.00019794
5716 1568 0.00019794
1568 1570 0.006662
1571 1570 0.006662
3699 1570 0.006662
1570 1572 0.0010096
1573 1572 0.0010096
3092 1572 0.0010096
408 1574 0.0010096
1575 1574 0.0010096
7224 1574 0.0010096
1574 1576 0.0013702
1577 1576 0.0013702
6571 1576 0.0013702
1578 1580 0.00024729
1581 1580 0.00024729
4558 1580 0.00024729
1654 1653 0.00395
2340 1653 0.00395
2343 1653 0.00395
1653 1654 0.0010253
7054 1654 0.0010253
7076 1654 0.0010253
1659 1660 0.040557
3213 1660 0.040557
4560 1660 0.040557
1662 1661 0.0009153
3657 1661 0.0009153
3660 1661 0.0009153
1661 1662 0.00010879
1664 1662 0.00010879
6204 1662 0.00010879
1661 1663 0.00060654
1664 1663 0.00060654
6204 1663 0.00060654
1663 1665 0.00055136
1666 1665 0.00055136
6183 1665 0.00055136
1665 1667 0.00055168
1668 1667 0.00055168
6198 1667 0.00055168
1670 1669 0.00078714
6171 1669 0.00078714
7226 1669 0.00078714
1669 1671 0.00078714
1672 1671 0.00078714
6169 1671 0.00078714
1671 1673 0.0016915
1674 1673 0.0016915
3202 1673 0.0016915
1676 1675 0.00087656
2854 1675 0.00087656
3661 1675 0.00087656
1675 1676 0.00022414
3203 1676 0.00022414
6201 1676 0.00022414
1283 1707 0.00011862
1708 1707 0.00011862
4653 1707 0.00011862
1527 1968 0.00014087
1967 1968 0.00014087
2822 1968 0.00014087
1972 1971 0.00015451
3706 1971 0.00015451
3707 1971 0.00015451
3736 1971 0.00015451
1976 1975 0.063224
6155 1975 0.063224
6617 1975 0.063224
2072 2071 0.00071472
2074 2071 0.00071472
2075 2071 0.00071472
3906 2071 0.00071472
2071 2072 0.0026924
6238 2072 0.0026924
6239 2072 0.0026924
2072 2073 0.022477
2074 2073 0.022477
2075 2073 0.022477
3906 2073 0.022477
994 2075 0.013402
997 2075 0.013402
2076 2075 0.013402
2077 2075 0.013402
2072 2076 0.00065421
2074 2076 0.00065421
2075 2076 0.00065421
3906 2076 0.00065421
2078 2077 0.013688
2358 2077 0.013688
2361 2077 0.013688
6371 2077 0.013688
994 2078 0.00095661
997 2078 0.00095661
2076 2078 0.00095661
2077 2078 0.00095661
2135 2134 0.00038861
2142 2134 0.00038861
2400 2134 0.00038861
2818 2134 0.00038861
2134 2136 0.0015261
2137 2136 0.0015261
6215 2136 0.0015261
2139 2138 0.00031873
2140 2138 0.00031873
3613 2138 0.00031873
724 2146 0.91363
2147 2146 0.91363
6794 2146 0.91363
2149 2148 0.6444
7287 2148 0.6444
2148 2149 0.0012815
6795 2149 0.0012815
2151 2150 0.93151
3649 2150 0.93151
3652 2150 0.93151
6823 2150 0.93151
549 2152 0.020228
2153 2152 0.020228
2864 2152 0.020228
6808 2152 0.020228
2263 2265 0.00011965
2266 2265 0.00011965
3959 2265 0.00011965
2265 2267 0.00011862
2268 2267 0.00011862
3975 2267 0.00011862
2329 2328 0.00017147
5896 2328 0.00017147
7254 2328 0.00017147
7258 2328 0.00017147
2331 2330 0.00017785
4196 2330 0.00017785
5971 2330 0.00017785
7256 2330 0.00017785
2330 2332 0.00019068
2333 2332 0.00019068
5975 2332 0.00019068
2332 2334 0.00021757
2335 2334 0.00021757
4216 2334 0.00021757
2334 2336 0.00026246
2337 2336 0.00026246
5977 2336 0.00026246
7152 2336 0.00026246
2336 2338 0.0078367
2339 2338 0.0078367
4709 2338 0.0078367
2338 2340 0.0039472
2341 2340 0.0039472
4198 2340 0.0039472
1654 2341 0.0010018
2340 2341 0.0010018
2343 2341 0.0010018
1654 2342 0.00019162
2340 2342 0.00019162
2343 2342 0.00019162
2342 2343 0.00017095
7057 2343 0.00017095
7074 2343 0.00017095
2349 2348 0.035979
5903 2348 0.035979
5986 2348 0.035979
7105 2348 0.035979
2348 2349 0.00016636
5239 2349 0.00016636
5739 2349 0.00016636
2351 2350 0.0056719
4656 2350 0.0056719
7014 2350 0.0056719
7087 2350 0.0056719
2350 2351 0.0045877
5671 2351 0.0045877
5836 2351 0.0045877
2353 2352 0.022835
3337 2352 0.022835
2352 2354 0.023501
2355 2354 0.023501
5269 2354 0.023501
2354 2356 0.015178
2357 2356 0.015178
2356 2357 0.00012093
2359 2357 0.00012093
6362 2357 0.00012093
7160 2357 0.00012093
2356 2358 0.016936
2359 2358 0.016936
6362 2358 0.016936
7160 2358 0.016936
2078 2359 0.00015074
2358 2359 0.00015074
2361 2359 0.00015074
6371 2359 0.00015074
2078 2360 0.010477
2358 2360 0.010477
2361 2360 0.010477
6371 2360 0.010477
2360 2361 0.00033637
2363 2361 0.00033637
3120 2361 0.00033637
2360 2362 0.0088654
2363 2362 0.0088654
3120 2362 0.0088654
2362 2363 0.00061838
2365 2363 0.00061838
6395 2363 0.00061838
2362 2364 0.010568
2365 2364 0.010568
6395 2364 0.010568
2364 2365 0.00037392
2367 2365 0.00037392
6366 2365 0.00037392
6367 2365 0.00037392
2364 2366 0.02214
2367 2366 0.02214
6366 2366 0.02214
6367 2366 0.02214
2366 2367 0.00097037
7006 2367 0.00097037
7086 2367 0.00097037
2375 2374 0.0048103
2376 2374 0.0048103
2806 2374 0.0048103
2377 2376 0.0052134
2380 2376 0.0052134
3644 2376 0.0052134
2383 2382 0.97954
2385 2382 0.97954
2386 2382 0.97954
2384 2385 1.0001
6904 2385 1.0001
2383 2387 0.020512
2385 2387 0.020512
2386 2387 0.020512
2387 2391 0.020512
2388 2391 0.020512
2390 2391 0.020512
2444 2445 0.00012598
6160 2445 0.00012598
6161 2445 0.00012598
82 2661 0.00044092
2662 2661 0.00044092
2663 2661 0.00044092
2673 2661 0.00044092
2661 2662 0.00044092
3643 2662 0.00044092
3646 2662 0.00044092
2664 2663 0.00011623
2665 2663 0.00011623
2671 2663 0.00011623
82 2664 0.00033504
2662 2664 0.00033504
2663 2664 0.00033504
2673 2664 0.00033504
2672 2671 0.00011623
2674 2671 0.00011623
2664 2672 0.00033504
2665 2672 0.00033504
2671 2672 0.00033504
2672 2673 0.00033504
2674 2673 0.00033504
82 2674 0.00011623
2662 2674 0.00011623
2663 2674 0.00011623
2673 2674 0.00011623
79 2679 0.00027055
2680 2679 0.00027055
2681 2679 0.00027055
2682 2681 0.00026858
2683 2681 0.00026858
2804 2681 0.00026858
2709 2721 0.0052089
2722 2721 0.0052089
2723 2721 0.0052089
6588 2721 0.0052089
2724 2723 0.0052089
2725 2723 0.0052089
2861 2723 0.0052089
2679 2725 0.0052089
2726 2725 0.0052089
2727 2725 0.0052089
2728 2727 0.0049717
2729 2727 0.0049717
2873 2727 0.0049717
145 2729 0.0047557
2374 2729 0.0047557
2730 2729 0.0047557
1000 2804 0.00026202
1548 2804 0.00026202
2805 2804 0.00026202
2874 2804 0.00026202
2375 2807 0.00047922
2376 2807 0.00047922
2806 2807 0.00047922
2817 2816 0.00015509
6594 2816 0.00015509
2138 2818 0.00042453
2816 2818 0.00042453
2819 2818 0.00042453
1969 2822 0.00015451
1971 2822 0.00015451
2823 2822 0.00015451
1530 2849 0.0014622
1533 2849 0.0014622
2850 2849 0.0014622
600 2850 0.00052846
2849 2850 0.00052846
3344 2850 0.00052846
3345 2850 0.00052846
1676 2853 0.018554
2854 2853 0.018554
3661 2853 0.018554
549 2863 0.00031873
2153 2863 0.00031873
2864 2863 0.00031873
6808 2863 0.00031873
1000 2873 0.00036579
1548 2873 0.00036579
2805 2873 0.00036579
2874 2873 0.00036579
2728 2874 0.00010119
2729 2874 0.00010119
2873 2874 0.00010119
133 3051 0.00014695
3052 3051 0.00014695
3051 3052 0.00099513
3710 3052 0.00099513
3711 3052 0.00099513
3054 3053 0.000571
3685 3053 0.000571
3085 3086 0.0056695
3088 3086 0.0056695
5398 3086 0.0056695
3087 3088 0.0056334
7151 3088 0.0056334
428 3090 0.0061687
429 3090 0.0061687
3089 3090 0.0061687
5680 3090 0.0061687
1570 3091 0.0057994
1573 3091 0.0057994
3092 3091 0.0057994
1975 3092 0.00013655
3091 3092 0.00013655
5682 3092 0.00013655
5693 3092 0.00013655
416 3095 0.0016136
3096 3095 0.0016136
7148 3095 0.0016136
1127 3097 0.0024357
3095 3097 0.0024357
3098 3097 0.0024357
427 3098 0.0015321
431 3098 0.0015321
3097 3098 0.0015321
3107 3109 0.00048314
3110 3109 0.00048314
3309 3109 0.00048314
3310 3109 0.00048314
3109 3111 0.0006579
3112 3111 0.0006579
3313 3111 0.0006579
3314 3111 0.0006579
3111 3113 0.00050044
3114 3113 0.00050044
6382 3113 0.00050044
6383 3113 0.00050044
3113 3115 0.00030313
3116 3115 0.00030313
6106 3115 0.00030313
3118 3117 0.0009806
6390 3117 0.0009806
6391 3117 0.0009806
3117 3118 0.00050358
5957 3118 0.00050358
6368 3118 0.00050358
6369 3118 0.00050358
2360 3119 0.003085
2363 3119 0.003085
3120 3119 0.003085
996 3120 0.0011917
3119 3120 0.0011917
4790 3120 0.0011917
6237 3120 0.0011917
3122 3121 0.00010305
5270 3121 0.00010305
6233 3121 0.00010305
3121 3122 0.010002
3328 3122 0.010002
3329 3122 0.010002
3124 3123 0.0051106
3307 3123 0.0051106
3308 3123 0.0051106
3637 3123 0.0051106
3123 3124 0.00012124
3126 3124 0.00012124
3312 3124 0.00012124
3123 3125 0.0048555
3126 3125 0.0048555
3312 3125 0.0048555
3125 3127 0.0044895
3128 3127 0.0044895
5949 3127 0.0044895
3127 3129 0.0034801
3130 3129 0.0034801
6380 3129 0.0034801
6381 3129 0.0034801
3129 3131 0.003028
3132 3131 0.003028
6105 3131 0.003028
6108 3131 0.003028
3131 3133 0.0029628
3134 3133 0.0029628
6402 3133 0.0029628
6403 3133 0.0029628
3133 3134 0.00011025
5955 3134 0.00011025
6394 3134 0.00011025
3136 3135 0.00092764
3305 3135 0.00092764
3306 3135 0.00092764
3135 3136 0.00016174
5948 3136 0.00016174
5953 3136 0.00016174
3138 3137 0.00019563
5832 3137 0.00019563
6422 3137 0.00019563
3137 3138 0.0074577
3302 3138 0.0074577
3338 3138 0.0074577
3140 3139 0.000755
6372 3139 0.000755
6373 3139 0.000755
6407 3139 0.000755
3139 3140 0.00052362
3910 3140 0.00052362
6112 3140 0.00052362
3142 3141 0.0015605
6414 3141 0.0015605
6415 3141 0.0015605
3141 3143 0.0014042
3144 3143 0.0014042
4787 3143 0.0014042
3143 3144 0.00017968
3146 3144 0.00017968
6374 3144 0.00017968
6375 3144 0.00017968
3143 3145 0.0011721
3146 3145 0.0011721
6374 3145 0.0011721
6375 3145 0.0011721
3145 3146 0.00019266
3148 3146 0.00019266
3911 3146 0.00019266
6109 3146 0.00019266
3145 3147 0.00095586
3148 3147 0.00095586
3911 3147 0.00095586
6109 3147 0.00095586
3147 3148 0.00010877
5951 3148 0.00010877
6398 3148 0.00010877
6399 3148 0.00010877
3201 3200 0.00014097
6186 3200 0.00014097
6187 3200 0.00014097
1675 3202 0.00090703
3203 3202 0.00090703
6201 3202 0.00090703
1673 3204 0.0016915
3205 3204 0.0016915
6167 3204 0.0016915
3207 3206 0.00096716
4559 3206 0.00096716
4562 3206 0.00096716
3209 3208 0.00028759
3211 3208 0.00028759
4561 3208 0.00028759
3209 3210 0.0001791
3211 3210 0.0001791
4561 3210 0.0001791
1659 3212 0.00010559
3213 3212 0.00010559
4560 3212 0.00010559
3212 3213 0.041837
3651 3213 0.041837
3654 3213 0.041837
3215 3214 0.00010721
5729 3214 0.00010721
6614 3214 0.00010721
2136 3221 0.0010782
2853 3221 0.0010782
3220 3221 0.0010782
6166 3221 0.0010782
1528 3302 0.00045957
1531 3302 0.00045957
3303 3302 0.00045957
3137 3303 0.0013508
3302 3303 0.0013508
3338 3303 0.0013508
3136 3304 0.0011047
3305 3304 0.0011047
3306 3304 0.0011047
3304 3305 0.00036127
6420 3305 0.00036127
6421 3305 0.00036127
3124 3306 0.0017712
3307 3306 0.0017712
3308 3306 0.0017712
3637 3306 0.0017712
3136 3307 0.00026192
3305 3307 0.00026192
3306 3307 0.00026192
3124 3309 0.00048314
3307 3309 0.00048314
3308 3309 0.00048314
3637 3309 0.00048314
3109 3312 0.00015881
3112 3312 0.00015881
3313 3312 0.00015881
3314 3312 0.00015881
3123 3313 0.00034347
3126 3313 0.00034347
3312 3313 0.00034347
3317 3316 0.00014258
5238 3316 0.00014258
7089 3316 0.00014258
3316 3317 0.01184
7005 3317 0.01184
7008 3317 0.01184
7088 3317 0.01184
3319 3318 0.013127
5985 3318 0.013127
7093 3318 0.013127
7095 3318 0.013127
3318 3319 0.00074396
6983 3319 0.00074396
7092 3319 0.00074396
3321 3320 0.014788
3322 3320 0.014788
7097 3320 0.014788
3320 3321 0.0026199
6977 3321 0.0026199
7096 3321 0.0026199
3323 3322 0.01652
3324 3322 0.01652
7103 3322 0.01652
3321 3323 0.00054165
3322 3323 0.00054165
7097 3323 0.00054165
3325 3324 0.015763
3326 3324 0.015763
7099 3324 0.015763
3323 3325 0.0010315
3324 3325 0.0010315
7103 3325 0.0010315
2753 3326 0.01805
3327 3326 0.01805
5237 3326 0.01805
2353 3328 0.029448
3337 3328 0.029448
3331 3332 0.00040117
5827 3332 0.00040117
5829 3332 0.00040117
3332 3333 0.00040117
3334 3333 0.00040117
3333 3335 0.0003767
3336 3335 0.0003767
6225 3335 0.0003767
3335 3336 0.0020425
5823 3336 0.0020425
5831 3336 0.0020425
6967 3336 0.0020425
3137 3337 0.052254
3302 3337 0.052254
3338 3337 0.052254
3343 3338 0.060407
3639 3338 0.060407
3962 3338 0.060407
3340 3339 0.00019529
3342 3339 0.00019529
3960 3339 0.00019529
1532 3340 0.0001528
2851 3340 0.0001528
3339 3340 0.0001528
3340 3341 0.0001528
3342 3341 0.0001528
3960 3341 0.0001528
3341 3342 0.00019529
3346 3342 0.00019529
4684 3342 0.00019529
600 3343 0.0050558
2849 3343 0.0050558
3344 3343 0.0050558
3345 3343 0.0050558
3343 3344 0.00046328
3639 3344 0.00046328
3962 3344 0.00046328
3341 3345 0.0037203
3346 3345 0.0037203
4684 3345 0.0037203
73 3347 0.0037041
3348 3347 0.0037041
3349 3347 0.0037041
3350 3349 0.0037041
3351 3349 0.0037041
3363 3349 0.0037041
3352 3351 0.0036085
3366 3351 0.0036085
3691 3351 0.0036085
3364 3363 0.00010133
3365 3363 0.00010133
3367 3363 0.00010133
3368 3367 0.00012672
3369 3367 0.00012672
3665 3367 0.00012672
2828 3611 0.00031873
2863 3611 0.00031873
3612 3611 0.00031873
2830 3613 0.00031873
3611 3613 0.00031873
3614 3613 0.00031873
3638 3637 0.0071959
3640 3637 0.0071959
5268 3637 0.0071959
3124 3638 0.00022829
3307 3638 0.00022829
3308 3638 0.00022829
3637 3638 0.00022829
3343 3640 0.039646
3639 3640 0.039646
3962 3640 0.039646
2711 3642 0.0052089
2721 3642 0.0052089
3641 3642 0.0052089
2661 3644 0.0052134
3643 3644 0.0052134
3646 3644 0.0052134
2661 3645 0.00044234
3643 3645 0.00044234
3646 3645 0.00044234
2382 3646 0.0056512
3645 3646 0.0056512
3648 3646 0.0056512
2382 3647 0.97433
3645 3647 0.97433
3648 3647 0.97433
3647 3649 0.97428
3650 3649 0.97428
2151 3651 0.063943
3649 3651 0.063943
3652 3651 0.063943
6823 3651 0.063943
3212 3652 0.00097164
3651 3652 0.00097164
3654 3652 0.00097164
3212 3653 0.022507
3651 3653 0.022507
3654 3653 0.022507
3653 3654 0.0012668
3656 3654 0.0012668
6210 3654 0.0012668
3653 3655 0.018395
3656 3655 0.018395
6210 3655 0.018395
3655 3656 0.0014209
3658 3656 0.0014209
6205 3656 0.0014209
3655 3657 0.021252
3658 3657 0.021252
6205 3657 0.021252
1662 3659 0.020441
3657 3659 0.020441
3660 3659 0.020441
3659 3661 0.019201
3662 3661 0.019201
6218 3661 0.019201
3666 3665 0.00011205
3667 3665 0.00011205
5843 3665 0.00011205
3668 3667 0.00011629
3669 3667 0.00011629
6478 3667 0.00011629
3053 3681 0.00021973
3682 3681 0.00021973
3683 3681 0.00021973
3684 3683 0.00024741
3686 3683 0.00024741
3687 3683 0.00024741
3053 3684 0.00060778
3682 3684 0.00060778
3683 3684 0.00060778
3684 3685 0.000571
3686 3685 0.000571
3687 3685 0.000571
3688 3687 0.00076915
3714 3687 0.00076915
3715 3687 0.00076915
3684 3688 0.00063242
3686 3688 0.00063242
3687 3688 0.00063242
3370 3691 0.0035811
3692 3691 0.0035811
3693 3691 0.0035811
3694 3693 0.003594
3695 3693 0.003594
6563 3693 0.003594
3674 3695 0.0035913
3696 3695 0.0035913
3697 3695 0.0035913
3642 3697 0.0035795
3698 3697 0.0035795
3716 3697 0.0035795
781 3699 0.0064686
3700 3699 0.0064686
3701 3699 0.0064686
553 3701 0.0065729
3702 3701 0.0065729
3703 3701 0.0065729
98 3703 0.0065207
3704 3703 0.0065207
3705 3703 0.0065207
1972 3705 0.0068191
3706 3705 0.0068191
3707 3705 0.0068191
3736 3705 0.0068191
134 3707 0.0072926
3708 3707 0.0072926
3709 3707 0.0072926
3051 3709 0.0068511
3710 3709 0.0068511
3711 3709 0.0068511
134 3710 0.00044843
3708 3710 0.00044843
3709 3710 0.00044843
2146 3711 0.0077854
3712 3711 0.0077854
4663 3711 0.0077854
7113 3711 0.0077854
3051 3712 0.00053451
3710 3712 0.00053451
3711 3712 0.00053451
3688 3713 0.0026723
3714 3713 0.0026723
3715 3713 0.0026723
3713 3714 0.0011674
6921 3714 0.0011674
7114 3714 0.0011674
3642 3715 0.0020849
3698 3715 0.0020849
3716 3715 0.0020849
3688 3716 0.00044321
3714 3716 0.00044321
3715 3716 0.00044321
373 3729 0.00025582
3730 3729 0.00025582
3731 3729 0.00025582
91 3731 0.00025683
3732 3731 0.00025683
3733 3731 0.00025683
411 3733 0.00059405
3734 3733 0.00059405
3735 3733 0.00059405
1972 3735 0.00064249
3706 3735 0.00064249
3707 3735 0.00064249
3736 3735 0.00064249
411 3736 0.00034613
3734 3736 0.00034613
3735 3736 0.00034613
4199 3791 0.8571
5395 3791 0.8571
5396 3792 0.00028892
5397 3792 0.00028892
3791 3793 0.85691
3793 3794 0.85682
5993 3794 0.85682
7115 3794 0.85682
3907 3906 0.009344
4019 3906 0.009344
6228 3906 0.009344
6358 3906 0.009344
2072 3907 0.0016854
2074 3907 0.0016854
2075 3907 0.0016854
3906 3907 0.0016854
3909 3908 0.00037168
6113 3908 0.00037168
6400 3908 0.00037168
6401 3908 0.00037168
3908 3909 0.00017467
6392 3909 0.00017467
6393 3909 0.00017467
3145 3910 0.00066774
3148 3910 0.00066774
3911 3910 0.00066774
6109 3910 0.00066774
3139 3911 0.00013645
3910 3911 0.00013645
6112 3911 0.00013645
3951 3950 0.0010731
6079 3950 0.0010731
6082 3950 0.0010731
4686 3959 0.00011862
4685 3962 0.09541
5086 3962 0.09541
1129 3964 0.00023558
3963 3964 0.00023558
4020 4019 0.014531
6232 4019 0.014531
6351 4019 0.014531
3907 4020 0.00018929
4019 4020 0.00018929
6228 4020 0.00018929
6358 4020 0.00018929
7116 4199 0.0038207
2338 4200 0.0049203
2341 4200 0.0049203
4198 4200 0.0049203
4224 4223 0.00019152
4225 4223 0.00019152
6894 4223 0.00019152
4223 4224 0.00017083
6896 4224 0.00017083
7081 4224 0.00017083
4228 4227 0.00017067
4229 4227 0.00017067
6893 4227 0.00017067
4227 4228 0.00019163
5937 4228 0.00019163
7073 4228 0.00019163
92 4558 0.00024729
4557 4558 0.00024729
6569 4558 0.00024729
1659 4559 0.0013874
3213 4559 0.0013874
4560 4559 0.0013874
3207 4560 0.00012365
4559 4560 0.00012365
4562 4560 0.00012365
3207 4561 0.00044676
4559 4561 0.00044676
4562 4561 0.00044676
2267 4653 0.00011862
4652 4653 0.00011862
4657 4656 0.0057487
5663 4656 0.0057487
5665 4656 0.0057487
6737 4659 0.93895
2146 4662 0.92576
3712 4662 0.92576
4663 4662 0.92576
7113 4662 0.92576
3347 4684 0.0037027
3354 4684 0.0037027
4683 4684 0.0037027
6742 4685 0.00011862
6743 4686 0.00011862
1537 4709 0.0076339
4710 4709 0.0076339
5063 4710 0.14676
1685 4784 0.00048162
4783 4784 0.00048162
6151 4784 0.00048162
6154 4784 0.00048162
4788 4787 0.00024698
6408 4787 0.00024698
6409 4787 0.00024698
3141 4788 0.00052135
3144 4788 0.00052135
4787 4788 0.00052135
996 4789 0.0014517
3119 4789 0.0014517
4790 4789 0.0014517
6237 4789 0.0014517
4789 4790 0.00086516
6240 4790 0.00086516
6365 4790 0.00086516
5064 5063 1
5240 5063 1
4659 5064 0.93924
5065 5064 0.93924
3792 5065 0.00028884
4685 5085 0.83183
5086 5085 0.83183
5087 5086 0.92712
5271 5086 0.92712
1129 5087 0.001244
3963 5087 0.001244
7272 5088 0.06484
7274 5088 0.06484
5090 5089 0.00025906
5091 5090 0.89532
5838 5090 0.89532
1128 5091 0.93149
5092 5091 0.93149
5093 5092 0.065025
5088 5093 0.065042
5094 5093 0.065042
1126 5094 0.00020168
3121 5237 0.01955
3328 5237 0.01955
3329 5237 0.01955
3317 5239 0.02418
5238 5239 0.02418
7089 5239 0.02418
5241 5240 0.061007
5738 5240 0.061007
7218 5240 0.061007
5064 5241 0.00020391
5240 5241 0.00020391
2149 5260 0.28838
7287 5260 0.28838
3638 5267 0.036105
3640 5267 0.036105
5268 5267 0.036105
3138 5268 0.0034782
5832 5268 0.0034782
6422 5268 0.0034782
3122 5269 0.0011218
5270 5269 0.0011218
6233 5269 0.0011218
2753 5270 0.0015168
3327 5270 0.0015168
5237 5270 0.0015168
3964 5271 0.92599
6738 5271 0.92599
5063 5395 0.85328
3791 5396 0.00019113
5666 5665 0.0057486
5667 5665 0.0057486
3086 5667 0.0057513
5668 5667 0.0057513
5964 5667 0.0057513
2350 5669 0.13602
5671 5669 0.13602
5836 5669 0.13602
2350 5670 0.0027564
5671 5670 0.0027564
5836 5670 0.0027564
5670 5671 0.045567
6385 5671 0.045567
7085 5671 0.045567
3090 5674 0.0012103
5675 5674 0.0012103
5676 5674 0.0012103
7150 5674 0.0012103
2279 5675 0.00079778
5674 5675 0.00079778
7273 5675 0.00079778
3090 5677 0.00011864
5675 5677 0.00011864
5676 5677 0.00011864
7150 5677 0.00011864
3094 5680 0.0059388
5681 5680 0.0059388
5683 5680 0.0059388
1975 5683 0.0059051
3091 5683 0.0059051
5682 5683 0.0059051
5693 5683 0.0059051
1975 5692 0.063022
3091 5692 0.063022
5682 5692 0.063022
5693 5692 0.063022
110 5716 0.00019794
5717 5716 0.00019794
6560 5716 0.00019794
2348 5738 0.06005
5239 5738 0.06005
5739 5738 0.06005
5241 5739 0.00015714
5738 5739 0.00015714
7218 5739 0.00015714
4205 5740 0.00097978
5741 5740 0.00097978
5742 5740 0.00097978
4213 5742 0.00096655
5743 5742 0.00096655
5744 5742 0.00096655
1655 5744 0.0009711
5745 5744 0.0009711
5901 5744 0.0009711
5904 5744 0.0009711
3335 5822 0.0013703
5823 5822 0.0013703
5831 5822 0.0013703
6967 5822 0.0013703
5822 5823 0.0018963
6963 5823 0.0018963
7102 5823 0.0018963
7104 5823 0.0018963
5825 5824 0.0001022
5826 5824 0.0001022
5830 5824 0.0001022
5824 5825 0.0021679
6964 5825 0.0021679
7100 5825 0.0021679
5825 5827 0.00040117
5826 5827 0.00040117
5830 5827 0.00040117
3335 5830 0.00024806
5823 5830 0.00024806
5831 5830 0.00024806
6967 5830 0.00024806
5825 5831 0.0019457
5826 5831 0.0019457
5830 5831 0.0019457
2352 5832 0.00043642
2355 5832 0.00043642
5269 5832 0.00043642
6877 5835 0.89506
5835 5836 0.092126
5091 5837 0.038382
5838 5837 0.038382
5837 5838 0.0022065
6927 5838 0.0022065
7069 5838 0.0022065
7112 5838 0.0022065
5895 5896 0.00016397
7253 5896 0.00016397
5897 5898 0.00019994
5900 5898 0.00019994
5983 5898 0.00019994
5899 5900 0.000252
5902 5900 0.000252
5910 5900 0.000252
1655 5902 0.00029146
5745 5902 0.00029146
5901 5902 0.00029146
5904 5902 0.00029146
1655 5903 0.00012302
5745 5903 0.00012302
5901 5903 0.00012302
5904 5903 0.00012302
2349 5904 0.0012551
5903 5904 0.0012551
5986 5904 0.0012551
7105 5904 0.0012551
3125 5948 0.00056892
3128 5948 0.00056892
5949 5948 0.00056892
3135 5949 0.00021828
5948 5949 0.00021828
5953 5949 0.00021828
3147 5950 0.00043036
5951 5950 0.00043036
6398 5950 0.00043036
6399 5950 0.00043036
5950 5951 0.00013718
6389 5951 0.00013718
6405 5951 0.00013718
3135 5952 0.0012233
5948 5952 0.0012233
5953 5952 0.0012233
5952 5953 0.00010679
6378 5953 0.00010679
6379 5953 0.00010679
3133 5954 0.0031136
5955 5954 0.0031136
6394 5954 0.0031136
5954 5955 0.00038786
6370 5955 0.00038786
6388 5955 0.00038786
7111 5955 0.00038786
3117 5956 0.0055339
5957 5956 0.0055339
6368 5956 0.0055339
6369 5956 0.0055339
5956 5957 0.0031095
6386 5957 0.0031095
6387 5957 0.0031095
5677 5963 0.00011367
5678 5963 0.00011367
5962 5963 0.00011367
2349 5985 0.00015542
5903 5985 0.00015542
5986 5985 0.00015542
7105 5985 0.00015542
3319 5986 0.037089
5985 5986 0.037089
7093 5986 0.037089
7095 5986 0.037089
3221 6082 0.0010933
6081 6082 0.0010933
6213 6082 0.0010933
6592 6082 0.0010933
3113 6105 0.00028343
3116 6105 0.00028343
6106 6105 0.00028343
3129 6107 0.0007701
3132 6107 0.0007701
6105 6107 0.0007701
6108 6107 0.0007701
6107 6108 0.00010871
6110 6108 0.00010871
6114 6108 0.00010871
6107 6109 0.00052537
6110 6109 0.00052537
6114 6109 0.00052537
3145 6110 0.0001264
3148 6110 0.0001264
3911 6110 0.0001264
6109 6110 0.0001264
3139 6111 0.00094573
3910 6111 0.00094573
6112 6111 0.00094573
6111 6112 0.00018306
6396 6112 0.00018306
6397 6112 0.00018306
6406 6112 0.00018306
6107 6113 0.00036841
6110 6113 0.00036841
6114 6113 0.00036841
3909 6114 0.00010599
6113 6114 0.00010599
6400 6114 0.00010599
6401 6114 0.00010599
777 6150 0.0004816
4784 6150 0.0004816
6149 6150 0.0004816
6152 6151 0.0014778
6618 6151 0.0014778
6621 6151 0.0014778
1685 6152 0.00037247
4783 6152 0.00037247
6151 6152 0.00037247
6154 6152 0.00037247
1685 6153 0.001237
4783 6153 0.001237
6151 6153 0.001237
6154 6153 0.001237
6153 6154 0.00053306
7267 6154 0.00053306
3214 6155 0.022429
6156 6155 0.022429
7264 6155 0.022429
6158 6157 0.022336
7266 6157 0.022336
7268 6157 0.022336
2444 6159 0.021631
6160 6159 0.021631
6161 6159 0.021631
3204 6161 0.021742
6162 6161 0.021742
6163 6161 0.021742
3950 6163 0.020063
6164 6163 0.020063
6165 6163 0.020063
2136 6165 0.019019
2853 6165 0.019019
3220 6165 0.019019
6166 6165 0.019019
3200 6171 0.00023805
6172 6171 0.00023805
6173 6171 0.00023805
4809 6173 0.00010071
6174 6173 0.00010071
6175 6173 0.00010071
3210 6183 0.00014137
6184 6183 0.00014137
6185 6183 0.00014137
1663 6184 0.00015582
1666 6184 0.00015582
6183 6184 0.00015582
3210 6186 0.00019982
6184 6186 0.00019982
6185 6186 0.00019982
3208 6187 0.00016402
6188 6187 0.00016402
6189 6187 0.00016402
3201 6188 0.00014731
6186 6188 0.00014731
6187 6188 0.00014731
6176 6189 0.00010708
6190 6189 0.00010708
6191 6189 0.00010708
3208 6190 0.00034168
6188 6190 0.00034168
6189 6190 0.00034168
3206 6191 0.00017874
6192 6191 0.00017874
6193 6191 0.00017874
6176 6192 0.00032018
6190 6192 0.00032018
6191 6192 0.00032018
1680 6193 0.00013172
6194 6193 0.00013172
6195 6193 0.00013172
3206 6194 0.0011783
6192 6194 0.0011783
6193 6194 0.0011783
1660 6195 0.00015127
6196 6195 0.00015127
7158 6195 0.00015127
1680 6196 0.0011938
6194 6196 0.0011938
6195 6196 0.0011938
1678 6201 0.00032011
6202 6201 0.00032011
6203 6201 0.00032011
1661 6203 0.00032463
1664 6203 0.00032463
6204 6203 0.00032463
6206 6205 0.0046728
6209 6205 0.0046728
6211 6205 0.0046728
3655 6206 0.00040691
3658 6206 0.00040691
6205 6206 0.00040691
3653 6209 0.0046728
3656 6209 0.0046728
6210 6209 0.0046728
6206 6210 0.00040691
6209 6210 0.00040691
6211 6210 0.00040691
6216 6215 0.0011493
6217 6215 0.0011493
6595 6215 0.0011493
3659 6217 0.0012716
3662 6217 0.0012716
6218 6217 0.0012716
548 6225 0.00032411
6226 6225 0.00032411
6227 6225 0.00032411
6230 6225 0.00032411
3333 6226 0.002358
3336 6226 0.002358
6225 6226 0.002358
3907 6227 0.010102
4019 6227 0.010102
6228 6227 0.010102
6358 6227 0.010102
548 6228 0.0011815
6226 6228 0.0011815
6227 6228 0.0011815
6230 6228 0.0011815
548 6229 0.006495
6226 6229 0.006495
6227 6229 0.006495
6230 6229 0.006495
6229 6230 0.0024242
6979 6230 0.0024242
7063 6230 0.0024242
4020 6231 0.00057488
6232 6231 0.00057488
6351 6231 0.00057488
6231 6232 0.010267
6234 6232 0.010267
6354 6232 0.010267
6231 6233 0.00016212
6234 6233 0.00016212
6354 6233 0.00016212
3122 6234 0.010456
5270 6234 0.010456
6233 6234 0.010456
2071 6237 0.00064598
6238 6237 0.00064598
6239 6237 0.00064598
996 6238 0.002308
3119 6238 0.002308
4790 6238 0.002308
6237 6238 0.002308
4789 6239 0.00097156
6240 6239 0.00097156
6365 6239 0.00097156
2071 6240 0.00065591
6238 6240 0.00065591
6239 6240 0.00065591
950 6351 0.0051463
6352 6351 0.0051463
6353 6351 0.0051463
6356 6351 0.0051463
4020 6352 0.0004959
6232 6352 0.0004959
6351 6352 0.0004959
2354 6353 0.0084339
2357 6353 0.0084339
948 6354 0.00040725
951 6354 0.00040725
6355 6354 0.00040725
6231 6355 0.0010092
6234 6355 0.0010092
6354 6355 0.0010092
950 6357 0.0044156
6352 6357 0.0044156
6353 6357 0.0044156
6356 6357 0.0044156
995 6358 0.0038364
6359 6358 0.0038364
6360 6358 0.0038364
3907 6359 0.0015993
4019 6359 0.0015993
6228 6359 0.0015993
6358 6359 0.0015993
6357 6360 0.0036387
6361 6360 0.0036387
995 6361 0.0010301
6359 6361 0.0010301
6360 6361 0.0010301
6357 6362 0.001777
6361 6362 0.001777
6364 6363 0.00028214
6410 6363 0.00028214
6411 6363 0.00028214
6363 6364 0.00033042
6943 6364 0.00033042
7165 6364 0.00033042
2364 6365 0.0015392
2367 6365 0.0015392
6366 6365 0.0015392
6367 6365 0.0015392
4789 6366 0.0018101
6240 6366 0.0018101
6365 6366 0.0018101
3117 6367 0.011656
5957 6367 0.011656
6368 6367 0.011656
6369 6367 0.011656
2364 6368 0.00095222
2367 6368 0.00095222
6366 6368 0.00095222
6367 6368 0.00095222
5954 6369 0.014663
6370 6369 0.014663
6388 6369 0.014663
7111 6369 0.014663
3117 6370 0.0020111
5957 6370 0.0020111
6368 6370 0.0020111
6369 6370 0.0020111
3140 6371 0.0063967
6372 6371 0.0063967
6373 6371 0.0063967
6407 6371 0.0063967
2078 6372 0.00031071
2358 6372 0.00031071
2361 6372 0.00031071
6371 6372 0.00031071
3143 6373 0.0054086
3146 6373 0.0054086
6374 6373 0.0054086
6375 6373 0.0054086
3140 6374 0.00016467
6372 6374 0.00016467
6373 6374 0.00016467
6407 6374 0.00016467
6376 6375 0.0050184
6377 6375 0.0050184
6417 6375 0.0050184
5952 6377 0.0023697
6378 6377 0.0023697
6379 6377 0.0023697
3127 6379 0.0013894
3130 6379 0.0013894
6380 6379 0.0013894
6381 6379 0.0013894
5952 6380 0.00022102
6378 6380 0.00022102
6379 6380 0.00022102
3111 6381 0.00031271
3114 6381 0.00031271
6382 6381 0.00031271
6383 6381 0.00031271
3127 6382 0.00015536
3130 6382 0.00015536
6380 6382 0.00015536
6381 6382 0.00015536
5956 6385 0.028979
6386 6385 0.028979
6387 6385 0.028979
5670 6386 0.00030495
6385 6386 0.00030495
7085 6386 0.00030495
5954 6387 0.026628
6370 6387 0.026628
6388 6387 0.026628
7111 6387 0.026628
5956 6388 0.00037872
6386 6388 0.00037872
6387 6388 0.00037872
3118 6389 0.00025191
6390 6389 0.00025191
6391 6389 0.00025191
5950 6390 0.00040514
6389 6390 0.00040514
6405 6390 0.00040514
3908 6391 0.00073022
6392 6391 0.00073022
6393 6391 0.00073022
3118 6392 0.00040644
6390 6392 0.00040644
6391 6392 0.00040644
3133 6393 0.00059296
5955 6393 0.00059296
6394 6393 0.00059296
3908 6394 0.00046618
6392 6394 0.00046618
6393 6394 0.00046618
6111 6395 0.002082
6396 6395 0.002082
6397 6395 0.002082
6406 6395 0.002082
2362 6396 0.00013464
2365 6396 0.00013464
6395 6396 0.00013464
3147 6397 0.0011857
5951 6397 0.0011857
6398 6397 0.0011857
6399 6397 0.0011857
6111 6398 0.00014097
6396 6398 0.00014097
6397 6398 0.00014097
6406 6398 0.00014097
3909 6399 0.00062857
6113 6399 0.00062857
6400 6399 0.00062857
6401 6399 0.00062857
3147 6400 0.00013776
5951 6400 0.00013776
6398 6400 0.00013776
6399 6400 0.00013776
3131 6401 0.00063537
3134 6401 0.00063537
6402 6401 0.00063537
6403 6401 0.00063537
3909 6402 0.00020998
6113 6402 0.00020998
6400 6402 0.00020998
6401 6402 0.00020998
3115 6403 0.00030313
5959 6403 0.00030313
6404 6403 0.00030313
6111 6405 0.00010085
6396 6405 0.00010085
6397 6405 0.00010085
6406 6405 0.00010085
5950 6406 0.0002408
6389 6406 0.0002408
6405 6406 0.0002408
4788 6407 0.0013403
6408 6407 0.0013403
6409 6407 0.0013403
3140 6408 0.00026683
6372 6408 0.00026683
6373 6408 0.00026683
6407 6408 0.00026683
6364 6409 0.00095284
6410 6409 0.00095284
6411 6409 0.00095284
4788 6410 0.00015375
6408 6410 0.00015375
6409 6410 0.00015375
5834 6411 0.00082523
6412 6411 0.00082523
6413 6411 0.00082523
3142 6413 0.00082523
6414 6413 0.00082523
6415 6413 0.00082523
6416 6415 0.0023071
6418 6415 0.0023071
6419 6415 0.0023071
6416 6417 0.0027618
6418 6417 0.0027618
6419 6417 0.0027618
3304 6419 0.0049871
6420 6419 0.0049871
6421 6419 0.0049871
3138 6421 0.0047785
5832 6421 0.0047785
6422 6421 0.0047785
3304 6422 0.00055822
6420 6422 0.00055822
6421 6422 0.00055822
3680 6478 0.00018169
3681 6478 0.00018169
3689 6478 0.00018169
6479 6478 0.00018169
92 6568 0.00011792
4557 6568 0.00011792
6569 6568 0.00011792
404 6571 0.0003805
405 6571 0.0003805
6570 6571 0.0003805
6573 6571 0.0003805
1580 6573 0.0004395
1583 6573 0.0004395
6572 6573 0.0004395
6575 6573 0.0004395
776 6575 0.00025765
6574 6575 0.00025765
6216 6594 0.00015509
6217 6594 0.00015509
6595 6594 0.00015509
6150 6617 0.040821
6616 6617 0.040821
6619 6617 0.040821
6152 6619 0.040431
6618 6619 0.040431
6621 6619 0.040431
5718 6621 0.04151
6620 6621 0.04151
6623 6621 0.04151
6622 6623 0.04151
7229 6623 0.04151
6880 6737 0.93895
4662 6738 0.92576
6739 6738 0.92576
1707 6742 0.00011862
4655 6742 0.00011862
5087 6743 0.00011862
5271 6743 0.00011862
2148 6794 0.6444
6795 6794 0.6444
724 6795 0.0012815
2147 6795 0.0012815
6794 6795 0.0012815
2150 6796 0.93151
6797 6796 0.93151
2152 6823 0.020228
6824 6823 0.020228
5085 6873 0.86647
5267 6873 0.86647
6873 6874 0.86647
5090 6877 0.89506
433 6880 0.93895
5669 6880 0.93895
4224 6893 0.00017083
4225 6893 0.00017083
6894 6893 0.00017083
4228 6894 0.00019152
4229 6894 0.00019152
6893 6894 0.00019152
4223 6895 0.0001997
6896 6895 0.0001997
7081 6895 0.0001997
6895 6896 0.12532
7017 6896 0.12532
7084 6896 0.12532
6903 6904 1.0001
6906 6904 1.0001
6916 6904 1.0001
6903 6905 0.18639
6906 6905 0.18639
6916 6905 0.18639
6905 6906 0.24414
6908 6906 0.24414
6910 6906 0.24414
6905 6907 0.30666
6908 6907 0.30666
6910 6907 0.30666
6907 6908 0.11756
6914 6908 0.11756
6917 6908 0.11756
6905 6909 0.068319
6908 6909 0.068319
6910 6909 0.068319
6909 6910 0.31517
6912 6910 0.31517
7072 6910 0.31517
6913 6911 1
6911 6912 1
6913 6912 1
6915 6914 0.7554
6919 6914 0.7554
7071 6914 0.7554
6907 6915 0.0022034
6914 6915 0.0022034
6917 6915 0.0022034
6907 6916 0.94589
6914 6916 0.94589
6917 6916 0.94589
6903 6917 0.0035852
6906 6917 0.0035852
6916 6917 0.0035852
3713 6920 0.036007
6921 6920 0.036007
7114 6920 0.036007
723 6921 0.053929
6920 6921 0.053929
6939 6938 0.00010092
7067 6938 0.00010092
7163 6938 0.00010092
7164 6938 0.00010092
6940 6941 0.00010767
6942 6941 0.00010767
6945 6941 0.00010767
6947 6941 0.00010767
6363 6942 0.00010767
6943 6942 0.00010767
7165 6942 0.00010767
6938 6948 0.00013119
6941 6948 0.00013119
6949 6948 0.00013119
6948 6952 0.00013119
6950 6952 0.00013119
6953 6952 0.00013119
5824 6963 0.0020341
6964 6963 0.0020341
7100 6963 0.0020341
5822 6964 0.00081903
6963 6964 0.00081903
7102 6964 0.00081903
7104 6964 0.00081903
6965 6967 0.00023754
6968 6967 0.00023754
7101 6967 0.00023754
3335 6968 0.00079536
5823 6968 0.00079536
5831 6968 0.00079536
6967 6968 0.00079536
6969 6971 0.0046037
6972 6971 0.0046037
6975 6971 0.0046037
7066 6971 0.0046037
6971 6972 0.0022757
6974 6972 0.0022757
7064 6972 0.0022757
6971 6973 0.0094857
6974 6973 0.0094857
7064 6973 0.0094857
6973 6974 0.001075
6976 6974 0.001075
6978 6974 0.001075
6973 6975 0.0050896
6976 6975 0.0050896
6978 6975 0.0050896
6969 6976 0.00456
6972 6976 0.00456
6975 6976 0.00456
7066 6976 0.00456
6973 6977 0.011187
6976 6977 0.011187
6978 6977 0.011187
3320 6978 0.0033063
6977 6978 0.0033063
7096 6978 0.0033063
6980 6979 0.0048396
7065 6979 0.0048396
7098 6979 0.0048396
6229 6980 0.0028277
6979 6980 0.0028277
7063 6980 0.0028277
6982 6981 0.00087567
6984 6981 0.00087567
6986 6981 0.00087567
6981 6982 0.00010856
6990 6982 0.00010856
6982 6983 0.000336
6984 6983 0.000336
6986 6983 0.000336
3318 6984 0.0017596
6983 6984 0.0017596
7092 6984 0.0017596
6982 6985 0.0011546
6984 6985 0.0011546
6986 6985 0.0011546
6985 6986 0.00049808
6988 6986 0.00049808
6989 6986 0.00049808
6985 6987 0.0017612
6988 6987 0.0017612
6989 6987 0.0017612
6987 6988 0.00033759
6992 6988 0.00033759
6994 6988 0.00033759
6981 6989 0.00087567
6990 6989 0.00087567
6985 6990 0.00010856
6988 6990 0.00010856
6989 6990 0.00010856
6987 6991 0.0014747
6992 6991 0.0014747
6994 6991 0.0014747
6991 6992 0.00016397
6995 6992 0.00016397
7000 6992 0.00016397
6987 6993 0.0010233
6992 6993 0.0010233
6994 6993 0.0010233
6993 6994 0.00091044
6996 6994 0.00091044
6998 6994 0.00091044
7001 6994 0.00091044
6993 6995 0.00045778
6996 6995 0.00045778
6998 6995 0.00045778
7001 6995 0.00045778
6991 6996 0.001306
6995 6996 0.001306
7000 6996 0.001306
6993 6997 0.0020983
6996 6997 0.0020983
6998 6997 0.0020983
7001 6997 0.0020983
6997 6998 0.00067467
7090 6998 0.00067467
7091 6998 0.00067467
6991 6999 0.00055246
6995 6999 0.00055246
7000 6999 0.00055246
6999 7001 0.00055246
7002 7001 0.00055246
7004 7001 0.00055246
2366 7005 0.0091072
7006 7005 0.0091072
7086 7005 0.0091072
3316 7006 0.0020739
7005 7006 0.0020739
7008 7006 0.0020739
7088 7006 0.0020739
6895 7016 0.7329
7017 7016 0.7329
7084 7016 0.7329
7016 7017 0.0011912
7019 7017 0.0011912
7026 7017 0.0011912
4811 7019 0.12523
7018 7019 0.12523
7082 7019 0.12523
7021 7020 0.034698
7023 7020 0.034698
7025 7020 0.034698
7036 7020 0.034698
7020 7021 0.039786
7032 7021 0.039786
7035 7021 0.039786
7021 7022 0.03247
7023 7022 0.03247
7025 7022 0.03247
7036 7022 0.03247
7022 7023 0.024394
7029 7023 0.024394
7031 7023 0.024394
7033 7023 0.024394
7021 7024 0.08512
7023 7024 0.08512
7025 7024 0.08512
7036 7024 0.08512
7024 7025 0.031945
7027 7025 0.031945
7077 7025 0.031945
7080 7025 0.031945
7024 7026 0.14374
7027 7026 0.14374
7077 7026 0.14374
7080 7026 0.14374
7016 7027 0.00058439
7019 7027 0.00058439
7026 7027 0.00058439
7022 7030 0.001472
7029 7030 0.001472
7031 7030 0.001472
7033 7030 0.001472
1230 7031 0.047403
7030 7031 0.047403
7078 7031 0.047403
7022 7032 0.059563
7029 7032 0.059563
7031 7032 0.059563
7033 7032 0.059563
7020 7033 0.0055556
7032 7033 0.0055556
7035 7033 0.0055556
7020 7034 0.059316
7032 7034 0.059316
7035 7034 0.059316
7034 7035 0.010397
7037 7035 0.010397
7039 7035 0.010397
7034 7036 0.068222
7037 7036 0.068222
7039 7036 0.068222
7021 7037 0.01206
7023 7037 0.01206
7025 7037 0.01206
7036 7037 0.01206
7034 7038 0.027077
7037 7038 0.027077
7039 7038 0.027077
7038 7039 0.034321
7041 7039 0.034321
7043 7039 0.034321
7038 7040 0.027033
7041 7040 0.027033
7043 7040 0.027033
1227 7041 0.034434
7040 7041 0.034434
7075 7041 0.034434
7079 7041 0.034434
7038 7042 0.00019325
7041 7042 0.00019325
7043 7042 0.00019325
7042 7044 0.00019325
7045 7044 0.00019325
7044 7046 0.00019325
7047 7046 0.00019325
7046 7048 0.00019325
7049 7048 0.00019325
7048 7050 0.00019325
7051 7050 0.00019325
7050 7052 0.00019325
7053 7052 0.00019325
7052 7054 0.00019325
7055 7054 0.00019325
6971 7063 0.0010185
6974 7063 0.0010185
7064 7063 0.0010185
6229 7064 0.0071012
6979 7064 0.0071012
7063 7064 0.0071012
6969 7065 0.0026631
6972 7065 0.0026631
6975 7065 0.0026631
7066 7065 0.0026631
6980 7066 0.0044614
7065 7066 0.0044614
7098 7066 0.0044614
6909 7071 0.75536
6912 7071 0.75536
7072 7071 0.75536
6915 7072 0.0022106
6919 7072 0.0022106
7071 7072 0.0022106
2342 7073 0.00019162
7057 7073 0.00019162
7074 7073 0.00019162
4227 7074 0.00017095
5937 7074 0.00017095
7073 7074 0.00017095
1653 7075 0.0041337
7054 7075 0.0041337
7076 7075 0.0041337
1227 7076 0.0010526
7040 7076 0.0010526
7075 7076 0.0010526
7079 7076 0.0010526
1230 7077 0.001472
7030 7077 0.001472
7078 7077 0.001472
7024 7078 0.047403
7027 7078 0.047403
7077 7078 0.047403
7080 7078 0.047403
7024 7079 0.00067189
7027 7079 0.00067189
7077 7079 0.00067189
7080 7079 0.00067189
1227 7080 0.13658
7040 7080 0.13658
7075 7080 0.13658
7079 7080 0.13658
4223 7082 0.12523
6896 7082 0.12523
7081 7082 0.12523
3790 7084 0.85682
3794 7084 0.85682
7083 7084 0.85682
2366 7085 0.019237
7006 7085 0.019237
7086 7085 0.019237
5670 7086 0.0051008
6385 7086 0.0051008
7085 7086 0.0051008
3316 7087 0.00077646
7005 7087 0.00077646
7008 7087 0.00077646
7088 7087 0.00077646
2351 7088 0.0054409
4656 7088 0.0054409
7014 7088 0.0054409
7087 7088 0.0054409
6997 7089 0.013512
7090 7089 0.013512
7091 7089 0.013512
3317 7090 0.0011297
5238 7090 0.0011297
7089 7090 0.0011297
3318 7091 0.012198
6983 7091 0.012198
7092 7091 0.012198
6997 7092 0.0012386
7090 7092 0.0012386
7091 7092 0.0012386
547 7093 0.029351
2073 7093 0.029351
7094 7093 0.029351
3320 7095 0.02379
6977 7095 0.02379
7096 7095 0.02379
3319 7096 0.0037406
5985 7096 0.0037406
7093 7096 0.0037406
7095 7096 0.0037406
6980 7097 0.001894
7065 7097 0.001894
7098 7097 0.001894
3321 7098 0.0057043
3322 7098 0.0057043
7097 7098 0.0057043
5824 7099 0.00025349
6964 7099 0.00025349
7100 7099 0.00025349
3325 7100 0.0035343
3326 7100 0.0035343
7099 7100 0.0035343
5822 7101 0.00023754
6963 7101 0.00023754
7102 7101 0.00023754
7104 7101 0.00023754
6965 7102 0.00079536
6968 7102 0.00079536
7101 7102 0.00079536
5822 7103 0.0026351
6963 7103 0.0026351
7102 7103 0.0026351
7104 7103 0.0026351
3323 7104 0.0013882
3324 7104 0.0013882
7103 7104 0.0013882
5837 7111 0.038382
6927 7111 0.038382
7069 7111 0.038382
7112 7111 0.038382
5954 7112 0.0022065
6370 7112 0.0022065
6388 7112 0.0022065
7111 7112 0.0022065
3713 7113 0.055905
6921 7113 0.055905
7114 7113 0.055905
2146 7114 0.036479
3712 7114 0.036479
4663 7114 0.036479
7113 7114 0.036479
7117 7116 0.0038207
1226 7117 0.0038207
1536 7117 0.0038207
4200 7117 0.0038207
1576 7148 0.0013702
7149 7148 0.0013702
3090 7151 0.0056334
5675 7151 0.0056334
5676 7151 0.0056334
7150 7151 0.0056334
7156 7157 0.04151
7159 7157 0.04151
1660 7159 0.04151
6196 7159 0.04151
7158 7159 0.04151
6952 7160 0.00034654
7161 7160 0.00034654
7162 7160 0.00034654
2356 7161 0.00039481
2359 7161 0.00039481
6362 7161 0.00039481
7160 7161 0.00039481
6939 7162 0.0002733
7067 7162 0.0002733
7163 7162 0.0002733
7164 7162 0.0002733
6952 7163 0.00042874
7161 7163 0.00042874
7162 7163 0.00042874
6363 7164 0.00025664
6943 7164 0.00025664
7165 7164 0.00025664
6939 7165 0.00039149
7067 7165 0.00039149
7163 7165 0.00039149
7164 7165 0.00039149
6796 7182 0.93151
7183 7182 0.93151
7182 7184 0.93151
7185 7184 0.93151
5740 7218 0.00097978
7219 7218 0.00097978
1572 7222 0.0010096
7223 7222 0.0010096
7222 7224 0.0010096
7225 7224 0.0010096
1667 7226 0.00055168
7227 7226 0.00055168
7228 7229 0.04151
7231 7229 0.04151
7157 7231 0.04151
7230 7231 0.04151
942 7253 0.00016397
945 7253 0.00016397
5898 7253 0.00016397
7252 7253 0.00016397
2328 7256 0.00017147
7257 7256 0.00017147
6157 7264 0.022336
7265 7264 0.022336
6153 7266 0.001237
7267 7266 0.001237
6158 7267 0.00053306
7266 7267 0.00053306
7268 7267 0.00053306
6159 7268 0.021631
7269 7268 0.021631
2279 7272 0.0011478
5674 7272 0.0011478
7273 7272 0.0011478
7272 7273 0.00089167
7274 7273 0.00089167
1127 7274 0.064584
3095 7274 0.064584
3098 7274 0.064584
7184 7287 0.93151
7288 7287 0.93151
