5835 433 0.83881
548 547 0.0034414
6226 547 0.0034414
6227 547 0.0034414
6230 547 0.0034414
547 548 0.00046762
2073 548 0.00046762
7094 548 0.00046762
944 946 0.00013476
947 946 0.00013476
4210 946 0.00013476
948 950 0.00042942
951 950 0.00042942
6355 950 0.00042942
950 951 0.00017324
6352 951 0.00017324
6353 951 0.00017324
6356 951 0.00017324
995 994 0.00099726
6359 994 0.00099726
6360 994 0.00099726
994 995 0.00086374
997 995 0.00086374
2076 995 0.00086374
2077 995 0.00086374
994 996 0.00092039
997 996 0.00092039
2076 996 0.00092039
2077 996 0.00092039
996 997 0.00095049
3119 997 0.00095049
4790 997 0.00095049
6237 997 0.00095049
434 1126 0.00027067
5089 1126 0.00027067
6874 1128 0.97342
5085 1129 0.0015758
5267 1129 0.0015758
1226 1227 0.97488
1536 1227 0.97488
4200 1227 0.97488
1273 1277 0.00014838
1276 1277 0.00014838
3172 1277 0.00014838
1277 1279 0.00015323
1278 1279 0.00015323
2869 1279 0.00015323
1281 1280 0.00017251
1284 1280 0.00017251
3178 1280 0.00017251
1279 1281 0.00057202
1280 1281 0.00057202
3174 1281 0.00057202
1283 1282 0.00065503
1708 1282 0.00065503
4653 1282 0.00065503
1282 1283 0.00065503
1285 1283 0.00065503
3954 1283 0.00065503
1282 1284 0.00064809
1285 1284 0.00064809
3954 1284 0.00064809
1281 1285 0.00062531
1284 1285 0.00062531
3178 1285 0.00062531
1528 1530 0.00056672
1531 1530 0.00056672
3303 1530 0.00056672
1530 1531 0.0001391
1533 1531 0.0001391
2850 1531 0.0001391
1537 1536 0.94334
4710 1536 0.94334
1654 1653 0.023769
2340 1653 0.023769
2343 1653 0.023769
1653 1654 0.0063992
7054 1654 0.0063992
7076 1654 0.0063992
1283 1707 0.2283
1708 1707 0.2283
4653 1707 0.2283
4677 1708 0.2283
1709 1711 0.00048717
1712 1711 0.00048717
3179 1711 0.00048717
1711 1713 0.00014146
1714 1713 0.00014146
3175 1713 0.00014146
2072 2071 0.00030371
2074 2071 0.00030371
2075 2071 0.00030371
3906 2071 0.00030371
2071 2072 0.0014774
6238 2072 0.0014774
6239 2072 0.0014774
2072 2073 0.010003
2074 2073 0.010003
2075 2073 0.010003
3906 2073 0.010003
994 2075 0.0059041
997 2075 0.0059041
2076 2075 0.0059041
2077 2075 0.0059041
2072 2076 0.00032233
2074 2076 0.00032233
2075 2076 0.00032233
3906 2076 0.00032233
2078 2077 0.0059061
2358 2077 0.0059061
2361 2077 0.0059061
6371 2077 0.0059061
994 2078 0.00048799
997 2078 0.00048799
2076 2078 0.00048799
2077 2078 0.00048799
2329 2328 0.0004635
5896 2328 0.0004635
7254 2328 0.0004635
7258 2328 0.0004635
2331 2330 0.00048543
4196 2330 0.00048543
5971 2330 0.00048543
7256 2330 0.00048543
2330 2332 0.00056193
2333 2332 0.00056193
5975 2332 0.00056193
2332 2334 0.00063719
2335 2334 0.00063719
4216 2334 0.00063719
2334 2336 0.00082166
2337 2336 0.00082166
5977 2336 0.00082166
7152 2336 0.00082166
2336 2337 0.00011323
2339 2337 0.00011323
4709 2337 0.00011323
2336 2338 0.047759
2339 2338 0.047759
4709 2338 0.047759
2338 2340 0.022841
2341 2340 0.022841
4198 2340 0.022841
1654 2341 0.006521
2340 2341 0.006521
2343 2341 0.006521
2342 2343 0.0010528
7057 2343 0.0010528
7074 2343 0.0010528
2349 2348 0.015545
5903 2348 0.015545
5986 2348 0.015545
7105 2348 0.015545
2348 2349 0.00014701
5239 2349 0.00014701
5739 2349 0.00014701
2351 2350 0.00065734
4656 2350 0.00065734
7014 2350 0.00065734
7087 2350 0.00065734
2350 2351 0.0045475
5671 2351 0.0045475
5836 2351 0.0045475
2353 2352 0.0096408
3337 2352 0.0096408
2352 2354 0.0099236
2355 2354 0.0099236
5269 2354 0.0099236
2354 2356 0.0063923
2357 2356 0.0063923
2356 2358 0.0071601
2359 2358 0.0071601
6362 2358 0.0071601
7160 2358 0.0071601
2078 2360 0.0044697
2358 2360 0.0044697
2361 2360 0.0044697
6371 2360 0.0044697
2360 2361 0.00024296
2363 2361 0.00024296
3120 2361 0.00024296
2360 2362 0.0040058
2363 2362 0.0040058
3120 2362 0.0040058
2362 2363 0.00045392
2365 2363 0.00045392
6395 2363 0.00045392
2362 2364 0.0048088
2365 2364 0.0048088
6395 2364 0.0048088
2364 2365 0.00037723
2367 2365 0.00037723
6366 2365 0.00037723
6367 2365 0.00037723
2364 2366 0.015721
2367 2366 0.015721
6366 2366 0.015721
6367 2366 0.015721
2366 2367 0.00098862
7006 2367 0.00098862
7086 2367 0.00098862
1530 2849 0.00057754
1533 2849 0.00057754
2850 2849 0.00057754
600 2850 0.00017576
2849 2850 0.00017576
3344 2850 0.00017576
3345 2850 0.00017576
3107 3109 0.00019541
3110 3109 0.00019541
3309 3109 0.00019541
3310 3109 0.00019541
3109 3111 0.00026643
3112 3111 0.00026643
3313 3111 0.00026643
3314 3111 0.00026643
3111 3113 0.00020424
3114 3113 0.00020424
6382 3113 0.00020424
6383 3113 0.00020424
3113 3115 0.00013045
3116 3115 0.00013045
6106 3115 0.00013045
3118 3117 0.00057428
6390 3117 0.00057428
6391 3117 0.00057428
3117 3118 0.00050935
5957 3118 0.00050935
6368 3118 0.00050935
6369 3118 0.00050935
2360 3119 0.00143
2363 3119 0.00143
3120 3119 0.00143
996 3120 0.00075518
3119 3120 0.00075518
4790 3120 0.00075518
6237 3120 0.00075518
3121 3122 0.004245
3328 3122 0.004245
3329 3122 0.004245
3124 3123 0.0020676
3307 3123 0.0020676
3308 3123 0.0020676
3637 3123 0.0020676
3123 3125 0.0019646
3126 3125 0.0019646
3312 3125 0.0019646
3125 3127 0.0018159
3128 3127 0.0018159
5949 3127 0.0018159
3127 3129 0.0014049
3130 3129 0.0014049
6380 3129 0.0014049
6381 3129 0.0014049
3129 3131 0.0012351
3132 3131 0.0012351
6105 3131 0.0012351
6108 3131 0.0012351
3131 3133 0.0012629
3134 3133 0.0012629
6402 3133 0.0012629
6403 3133 0.0012629
3133 3134 0.0001151
5955 3134 0.0001151
6394 3134 0.0001151
3136 3135 0.00038017
3305 3135 0.00038017
3306 3135 0.00038017
3137 3138 0.0031179
3302 3138 0.0031179
3338 3138 0.0031179
3140 3139 0.0003277
6372 3139 0.0003277
6373 3139 0.0003277
6407 3139 0.0003277
3139 3140 0.00024367
3910 3140 0.00024367
6112 3140 0.00024367
3142 3141 0.00065356
6414 3141 0.00065356
6415 3141 0.00065356
3141 3143 0.00059029
3144 3143 0.00059029
4787 3143 0.00059029
3143 3145 0.0004925
3146 3145 0.0004925
6374 3145 0.0004925
6375 3145 0.0004925
3145 3147 0.0004092
3148 3147 0.0004092
3911 3147 0.0004092
6109 3147 0.0004092
1713 3172 0.00011476
3173 3172 0.00011476
3177 3172 0.00011476
1711 3174 0.0004225
1714 3174 0.0004225
3175 3174 0.0004225
1279 3175 0.00012248
1280 3175 0.00012248
3174 3175 0.00012248
1281 3179 0.00048717
1284 3179 0.00048717
3178 3179 0.00048717
1528 3302 0.0001391
1531 3302 0.0001391
3303 3302 0.0001391
3137 3303 0.00056672
3302 3303 0.00056672
3338 3303 0.00056672
3136 3304 0.00044863
3305 3304 0.00044863
3306 3304 0.00044863
3304 3305 0.00015099
6420 3305 0.00015099
6421 3305 0.00015099
3124 3306 0.00071982
3307 3306 0.00071982
3308 3306 0.00071982
3637 3306 0.00071982
3136 3307 0.00010751
3305 3307 0.00010751
3306 3307 0.00010751
3124 3309 0.00019541
3307 3309 0.00019541
3308 3309 0.00019541
3637 3309 0.00019541
3123 3313 0.00013918
3126 3313 0.00013918
3312 3313 0.00013918
3316 3317 0.010033
7005 3317 0.010033
7008 3317 0.010033
7088 3317 0.010033
3319 3318 0.005635
5985 3318 0.005635
7093 3318 0.005635
7095 3318 0.005635
3318 3319 0.00054301
6983 3319 0.00054301
7092 3319 0.00054301
3321 3320 0.006284
3322 3320 0.006284
7097 3320 0.006284
3320 3321 0.001175
6977 3321 0.001175
7096 3321 0.001175
3323 3322 0.0070043
3324 3322 0.0070043
7103 3322 0.0070043
3321 3323 0.00023884
3322 3323 0.00023884
7097 3323 0.00023884
3325 3324 0.0066805
3326 3324 0.0066805
7099 3324 0.0066805
3323 3325 0.00044348
3324 3325 0.00044348
7103 3325 0.00044348
2753 3326 0.0076501
3327 3326 0.0076501
5237 3326 0.0076501
2353 3328 0.012529
3337 3328 0.012529
3331 3332 0.00017168
5827 3332 0.00017168
5829 3332 0.00017168
3332 3333 0.00017168
3334 3333 0.00017168
3333 3335 0.00016293
3336 3335 0.00016293
6225 3335 0.00016293
3335 3336 0.00087371
5823 3336 0.00087371
5831 3336 0.00087371
6967 3336 0.00087371
3137 3337 0.022157
3302 3337 0.022157
3338 3337 0.022157
3343 3338 0.025622
3639 3338 0.025622
3962 3338 0.025622
600 3343 0.00062713
2849 3343 0.00062713
3344 3343 0.00062713
3345 3343 0.00062713
3343 3344 0.00020006
3639 3344 0.00020006
3962 3344 0.00020006
3638 3637 0.0029133
3640 3637 0.0029133
5268 3637 0.0029133
3343 3640 0.015941
3639 3640 0.015941
3962 3640 0.015941
4199 3791 0.009142
5395 3791 0.009142
5396 3792 0.00028881
5397 3792 0.00028881
3791 3793 0.0089509
3793 3794 0.0088613
5993 3794 0.0088613
7115 3794 0.0088613
3907 3906 0.0039989
4019 3906 0.0039989
6228 3906 0.0039989
6358 3906 0.0039989
2072 3907 0.00079386
2074 3907 0.00079386
2075 3907 0.00079386
3906 3907 0.00079386
3909 3908 0.00018156
6113 3908 0.00018156
6400 3908 0.00018156
6401 3908 0.00018156
3908 3909 0.00013588
6392 3909 0.00013588
6393 3909 0.00013588
3145 3910 0.00028876
3148 3910 0.00028876
3911 3910 0.00028876
6109 3910 0.00028876
4685 3962 0.041115
5086 3962 0.041115
1129 3964 0.00025089
3963 3964 0.00025089
4020 4019 0.0061742
6232 4019 0.0061742
6351 4019 0.0061742
5771 4198 0.00018084
5881 4198 0.00018084
2338 4200 0.031616
2341 4200 0.031616
4198 4200 0.031616
4223 4224 0.0010516
6896 4224 0.0010516
7081 4224 0.0010516
4228 4227 0.001051
4229 4227 0.001051
6893 4227 0.001051
6844 4655 0.7717
6737 4659 0.96858
4191 4665 0.00014033
4666 4665 0.00014033
6469 4665 0.00014033
6740 4677 1
6742 4685 1
1537 4709 0.047308
4710 4709 0.047308
5063 4710 0.99056
4788 4787 0.00010585
6408 4787 0.00010585
6409 4787 0.00010585
3141 4788 0.00021895
3144 4788 0.00021895
4787 4788 0.00021895
996 4789 0.00068255
3119 4789 0.00068255
4790 4789 0.00068255
6237 4789 0.00068255
4789 4790 0.00074026
6240 4790 0.00074026
6365 4790 0.00074026
5064 5063 0.99966
5240 5063 0.99966
4659 5064 0.96886
5065 5064 0.96886
3792 5065 0.00028873
4685 5085 0.96046
5086 5085 0.96046
5087 5086 0.0015756
5271 5086 0.0015756
1129 5087 0.0013249
3963 5087 0.0013249
5090 5089 0.00027064
5091 5090 0.93533
5838 5090 0.93533
1128 5091 0.97367
5092 5091 0.97367
5093 5092 0.00024806
5088 5093 0.00024812
5094 5093 0.00024812
1126 5094 0.00020854
3121 5237 0.0083279
3328 5237 0.0083279
3329 5237 0.0083279
3317 5239 0.015126
5238 5239 0.015126
7089 5239 0.015126
5241 5240 0.031018
5738 5240 0.031018
7218 5240 0.031018
5064 5241 0.00022249
5240 5241 0.00022249
3638 5267 0.014538
3640 5267 0.014538
5268 5267 0.014538
3138 5268 0.0014381
5832 5268 0.0014381
6422 5268 0.0014381
3122 5269 0.0004739
5270 5269 0.0004739
6233 5269 0.0004739
2753 5270 0.00064369
3327 5270 0.00064369
5237 5270 0.00064369
3964 5271 0.00025089
6738 5271 0.00025089
5063 5395 0.0091013
3791 5396 0.00019106
2350 5669 0.12977
5671 5669 0.12977
5836 5669 0.12977
2350 5670 0.0028619
5671 5670 0.0028619
5836 5670 0.0028619
5670 5671 0.040272
6385 5671 0.040272
7085 5671 0.040272
2348 5738 0.030602
5239 5738 0.030602
5739 5738 0.030602
5241 5739 0.00016937
5738 5739 0.00016937
7218 5739 0.00016937
4205 5740 0.00042923
5741 5740 0.00042923
5742 5740 0.00042923
4213 5742 0.00043229
5743 5742 0.00043229
5744 5742 0.00043229
1655 5744 0.00043591
5745 5744 0.00043591
5901 5744 0.00043591
5904 5744 0.00043591
4664 5771 0.0001712
4665 5771 0.0001712
3335 5822 0.00058561
5823 5822 0.00058561
5831 5822 0.00058561
6967 5822 0.00058561
5822 5823 0.00081128
6963 5823 0.00081128
7102 5823 0.00081128
7104 5823 0.00081128
5824 5825 0.00092457
6964 5825 0.00092457
7100 5825 0.00092457
5825 5827 0.00017168
5826 5827 0.00017168
5830 5827 0.00017168
3335 5830 0.00010649
5823 5830 0.00010649
5831 5830 0.00010649
6967 5830 0.00010649
5825 5831 0.00082983
5826 5831 0.00082983
5830 5831 0.00082983
2352 5832 0.00018276
2355 5832 0.00018276
5269 5832 0.00018276
6877 5835 0.93506
5835 5836 0.09625
5091 5837 0.040143
5838 5837 0.040143
5837 5838 0.0017975
6927 5838 0.0017975
7069 5838 0.0017975
7112 5838 0.0017975
5895 5896 0.00044423
7253 5896 0.00044423
5897 5898 0.00052474
5900 5898 0.00052474
5983 5898 0.00052474
5899 5900 0.00054294
5902 5900 0.00054294
5910 5900 0.00054294
1655 5902 0.00058567
5745 5902 0.00058567
5901 5902 0.00058567
5904 5902 0.00058567
2349 5904 0.001026
5903 5904 0.001026
5986 5904 0.001026
7105 5904 0.001026
3125 5948 0.00023156
3128 5948 0.00023156
5949 5948 0.00023156
3147 5950 0.0002084
5951 5950 0.0002084
6398 5950 0.0002084
6399 5950 0.0002084
5950 5951 0.00011082
6389 5951 0.00011082
6405 5951 0.00011082
3135 5952 0.00050086
5948 5952 0.00050086
5953 5952 0.00050086
3133 5954 0.0015322
5955 5954 0.0015322
6394 5954 0.0015322
5954 5955 0.0004059
6370 5955 0.0004059
6388 5955 0.0004059
7111 5955 0.0004059
3117 5956 0.0052855
5957 5956 0.0052855
6368 5956 0.0052855
6369 5956 0.0052855
5956 5957 0.0031472
6386 5957 0.0031472
6387 5957 0.0031472
5917 5977 0.00011628
5920 5977 0.00011628
5978 5977 0.00011628
2349 5985 0.00012574
5903 5985 0.00012574
5986 5985 0.00012574
7105 5985 0.00012574
3319 5986 0.016465
5985 5986 0.016465
7093 5986 0.016465
7095 5986 0.016465
3113 6105 0.00011696
3116 6105 0.00011696
6106 6105 0.00011696
3129 6107 0.00032242
3132 6107 0.00032242
6105 6107 0.00032242
6108 6107 0.00032242
6107 6109 0.00022579
6110 6109 0.00022579
6114 6109 0.00022579
3139 6111 0.0004092
3910 6111 0.0004092
6112 6111 0.0004092
6111 6112 0.00010375
6396 6112 0.00010375
6397 6112 0.00010375
6406 6112 0.00010375
6107 6113 0.00015914
6110 6113 0.00015914
6114 6113 0.00015914
548 6225 0.00014064
6226 6225 0.00014064
6227 6225 0.00014064
6230 6225 0.00014064
3333 6226 0.0010088
3336 6226 0.0010088
6225 6226 0.0010088
3907 6227 0.0043591
4019 6227 0.0043591
6228 6227 0.0043591
6358 6227 0.0043591
548 6228 0.00052186
6226 6228 0.00052186
6227 6228 0.00052186
6230 6228 0.00052186
548 6229 0.0028005
6226 6229 0.0028005
6227 6229 0.0028005
6230 6229 0.0028005
6229 6230 0.0010689
6979 6230 0.0010689
7063 6230 0.0010689
4020 6231 0.00024552
6232 6231 0.00024552
6351 6231 0.00024552
6231 6232 0.0043601
6234 6232 0.0043601
6354 6232 0.0043601
3122 6234 0.0044398
5270 6234 0.0044398
6233 6234 0.0044398
2071 6237 0.00039824
6238 6237 0.00039824
6239 6237 0.00039824
996 6238 0.0011007
3119 6238 0.0011007
4790 6238 0.0011007
6237 6238 0.0011007
4789 6239 0.00075986
6240 6239 0.00075986
6365 6239 0.00075986
2071 6240 0.00028867
6238 6240 0.00028867
6239 6240 0.00028867
950 6351 0.0021881
6352 6351 0.0021881
6353 6351 0.0021881
6356 6351 0.0021881
4020 6352 0.00021381
6232 6352 0.00021381
6351 6352 0.00021381
2354 6353 0.0035815
2357 6353 0.0035815
948 6354 0.00017324
951 6354 0.00017324
6355 6354 0.00017324
6231 6355 0.00042942
6234 6355 0.00042942
6354 6355 0.00042942
950 6357 0.001877
6352 6357 0.001877
6353 6357 0.001877
6356 6357 0.001877
995 6358 0.0016667
6359 6358 0.0016667
6360 6358 0.0016667
3907 6359 0.00071327
4019 6359 0.00071327
6228 6359 0.00071327
6358 6359 0.00071327
6357 6360 0.0015487
6361 6360 0.0015487
995 6361 0.00046183
6359 6361 0.00046183
6360 6361 0.00046183
6357 6362 0.0007765
6361 6362 0.0007765
6364 6363 0.00011871
6410 6363 0.00011871
6411 6363 0.00011871
6363 6364 0.00014308
6943 6364 0.00014308
7165 6364 0.00014308
2364 6365 0.0013602
2367 6365 0.0013602
6366 6365 0.0013602
6367 6365 0.0013602
4789 6366 0.00083132
6240 6366 0.00083132
6365 6366 0.00083132
3117 6367 0.011643
5957 6367 0.011643
6368 6367 0.011643
6369 6367 0.011643
2364 6368 0.00081296
2367 6368 0.00081296
6366 6368 0.00081296
6367 6368 0.00081296
5954 6369 0.014865
6370 6369 0.014865
6388 6369 0.014865
7111 6369 0.014865
3117 6370 0.0019614
5957 6370 0.0019614
6368 6370 0.0019614
6369 6370 0.0019614
3140 6371 0.0027046
6372 6371 0.0027046
6373 6371 0.0027046
6407 6371 0.0027046
2078 6372 0.00014941
2358 6372 0.00014941
2361 6372 0.00014941
6371 6372 0.00014941
3143 6373 0.0022639
3146 6373 0.0022639
6374 6373 0.0022639
6375 6373 0.0022639
6376 6375 0.002083
6377 6375 0.002083
6417 6375 0.002083
5952 6377 0.00097212
6378 6377 0.00097212
6379 6377 0.00097212
3127 6379 0.00056983
3130 6379 0.00056983
6380 6379 0.00056983
6381 6379 0.00056983
3111 6381 0.00012746
3114 6381 0.00012746
6382 6381 0.00012746
6383 6381 0.00012746
5956 6385 0.029014
6386 6385 0.029014
6387 6385 0.029014
5670 6386 0.00030718
6385 6386 0.00030718
7085 6386 0.00030718
5954 6387 0.026941
6370 6387 0.026941
6388 6387 0.026941
7111 6387 0.026941
5956 6388 0.00037216
6386 6388 0.00037216
6387 6388 0.00037216
3118 6389 0.00020844
6390 6389 0.00020844
6391 6389 0.00020844
5950 6390 0.00020623
6389 6390 0.00020623
6405 6390 0.00020623
3908 6391 0.0004625
6392 6391 0.0004625
6393 6391 0.0004625
3118 6392 0.00039536
6390 6392 0.00039536
6391 6392 0.00039536
3133 6393 0.00042661
5955 6393 0.00042661
6394 6393 0.00042661
3908 6394 0.00040515
6392 6394 0.00040515
6393 6394 0.00040515
6111 6395 0.00098294
6396 6395 0.00098294
6397 6395 0.00098294
6406 6395 0.00098294
2362 6396 0.00010329
2365 6396 0.00010329
6395 6396 0.00010329
3147 6397 0.0005666
5951 6397 0.0005666
6398 6397 0.0005666
6399 6397 0.0005666
3909 6399 0.00031192
6113 6399 0.00031192
6400 6399 0.00031192
6401 6399 0.00031192
3131 6401 0.00031023
3134 6401 0.00031023
6402 6401 0.00031023
6403 6401 0.00031023
3909 6402 0.00013687
6113 6402 0.00013687
6400 6402 0.00013687
6401 6402 0.00013687
3115 6403 0.00013045
5959 6403 0.00013045
6404 6403 0.00013045
5950 6406 0.00016019
6389 6406 0.00016019
6405 6406 0.00016019
4788 6407 0.00056637
6408 6407 0.00056637
6409 6407 0.00056637
3140 6408 0.00011479
6372 6408 0.00011479
6373 6408 0.00011479
6407 6408 0.00011479
6364 6409 0.0004038
6410 6409 0.0004038
6411 6409 0.0004038
5834 6411 0.00034579
6412 6411 0.00034579
6413 6411 0.00034579
3142 6413 0.00034579
6414 6413 0.00034579
6415 6413 0.00034579
6416 6415 0.00096592
6418 6415 0.00096592
6419 6415 0.00096592
6416 6417 0.0011575
6418 6417 0.0011575
6419 6417 0.0011575
3304 6419 0.0020891
6420 6419 0.0020891
6421 6419 0.0020891
3138 6421 0.0020077
5832 6421 0.0020077
6422 6421 0.0020077
3304 6422 0.00022587
6420 6422 0.00022587
6421 6422 0.00022587
2336 6469 0.0002608
2339 6469 0.0002608
4709 6469 0.0002608
946 6706 0.00013476
6707 6706 0.00013476
4677 6735 0.7717
6880 6737 0.96858
7172 6740 1
1707 6742 1
4655 6742 1
6735 6844 0.7717
6843 6844 0.7717
5085 6873 0.97342
5267 6873 0.97342
6873 6874 0.97342
5090 6877 0.93506
433 6880 0.96858
5669 6880 0.96858
4224 6893 0.0010516
4225 6893 0.0010516
6894 6893 0.0010516
6895 6896 0.0021927
7017 6896 0.0021927
7084 6896 0.0021927
5824 6963 0.00086607
6964 6963 0.00086607
7100 6963 0.00086607
5822 6964 0.00035019
6963 6964 0.00035019
7102 6964 0.00035019
7104 6964 0.00035019
6965 6967 0.00010162
6968 6967 0.00010162
7101 6967 0.00010162
3335 6968 0.00033985
5823 6968 0.00033985
5831 6968 0.00033985
6967 6968 0.00033985
6969 6971 0.0020278
6972 6971 0.0020278
6975 6971 0.0020278
7066 6971 0.0020278
6971 6972 0.0009923
6974 6972 0.0009923
7064 6972 0.0009923
6971 6973 0.0041422
6974 6973 0.0041422
7064 6973 0.0041422
6973 6974 0.00048021
6976 6974 0.00048021
6978 6974 0.00048021
6973 6975 0.0022529
6976 6975 0.0022529
6978 6975 0.0022529
6969 6976 0.0019789
6972 6976 0.0019789
6975 6976 0.0019789
7066 6976 0.0019789
6973 6977 0.0048727
6976 6977 0.0048727
6978 6977 0.0048727
3320 6978 0.0014847
6977 6978 0.0014847
7096 6978 0.0014847
6980 6979 0.0021161
7065 6979 0.0021161
7098 6979 0.0021161
6229 6980 0.0012213
6979 6980 0.0012213
7063 6980 0.0012213
6982 6981 0.00048872
6984 6981 0.00048872
6986 6981 0.00048872
6982 6983 0.00020257
6984 6983 0.00020257
6986 6983 0.00020257
3318 6984 0.00095307
6983 6984 0.00095307
7092 6984 0.00095307
6982 6985 0.00062647
6984 6985 0.00062647
6986 6985 0.00062647
6985 6986 0.00029908
6988 6986 0.00029908
6989 6986 0.00029908
6985 6987 0.00096516
6988 6987 0.00096516
6989 6987 0.00096516
6987 6988 0.00021465
6992 6988 0.00021465
6994 6988 0.00021465
6981 6989 0.00048872
6990 6989 0.00048872
6987 6991 0.00086007
6992 6991 0.00086007
6994 6991 0.00086007
6991 6992 0.00010722
6995 6992 0.00010722
7000 6992 0.00010722
6987 6993 0.0005695
6992 6993 0.0005695
6994 6993 0.0005695
6993 6994 0.00057185
6996 6994 0.00057185
6998 6994 0.00057185
7001 6994 0.00057185
6993 6995 0.00030002
6996 6995 0.00030002
6998 6995 0.00030002
7001 6995 0.00030002
6991 6996 0.00076544
6995 6996 0.00076544
7000 6996 0.00076544
6993 6997 0.0012098
6996 6997 0.0012098
6998 6997 0.0012098
7001 6997 0.0012098
6997 6998 0.00045931
7090 6998 0.00045931
7091 6998 0.00045931
6991 6999 0.00034467
6995 6999 0.00034467
7000 6999 0.00034467
6999 7001 0.00034467
7002 7001 0.00034467
7004 7001 0.00034467
2366 7005 0.0077545
7006 7005 0.0077545
7086 7005 0.0077545
3316 7006 0.0017253
7005 7006 0.0017253
7008 7006 0.0017253
7088 7006 0.0017253
6895 7016 0.0066831
7017 7016 0.0066831
7084 7016 0.0066831
4811 7019 0.0011461
7018 7019 0.0011461
7082 7019 0.0011461
7021 7020 0.36938
7023 7020 0.36938
7025 7020 0.36938
7036 7020 0.36938
7020 7021 0.3327
7032 7021 0.3327
7035 7021 0.3327
7021 7022 0.65869
7023 7022 0.65869
7025 7022 0.65869
7036 7022 0.65869
7022 7023 0.11477
7029 7023 0.11477
7031 7023 0.11477
7033 7023 0.11477
7021 7024 0.30313
7023 7024 0.30313
7025 7024 0.30313
7036 7024 0.30313
7024 7025 0.38456
7027 7025 0.38456
7077 7025 0.38456
7080 7025 0.38456
7016 7027 0.0078162
7019 7027 0.0078162
7026 7027 0.0078162
7022 7030 0.0054856
7029 7030 0.0054856
7031 7030 0.0054856
7033 7030 0.0054856
1230 7031 0.67262
7030 7031 0.67262
7078 7031 0.67262
7022 7032 0.4841
7029 7032 0.4841
7031 7032 0.4841
7033 7032 0.4841
7020 7033 0.27304
7032 7033 0.27304
7035 7033 0.27304
7020 7034 0.46529
7032 7034 0.46529
7035 7034 0.46529
7034 7035 0.21755
7037 7035 0.21755
7039 7035 0.21755
7034 7036 0.60366
7037 7036 0.60366
7039 7036 0.60366
7021 7037 0.10447
7023 7037 0.10447
7025 7037 0.10447
7036 7037 0.10447
7034 7038 0.14759
7037 7038 0.14759
7039 7038 0.14759
7038 7039 0.39903
7041 7039 0.39903
7043 7039 0.39903
7038 7040 0.14732
7041 7040 0.14732
7043 7040 0.14732
1227 7041 0.39957
7040 7041 0.39957
7075 7041 0.39957
7079 7041 0.39957
7038 7042 0.0011796
7041 7042 0.0011796
7043 7042 0.0011796
7042 7043 0.00037713
7045 7043 0.00037713
7042 7044 0.0011796
7045 7044 0.0011796
7044 7045 0.00037713
7047 7045 0.00037713
7044 7046 0.0011796
7047 7046 0.0011796
7046 7047 0.00037713
7049 7047 0.00037713
7046 7048 0.0011796
7049 7048 0.0011796
7048 7049 0.00037713
7051 7049 0.00037713
7048 7050 0.0011796
7051 7050 0.0011796
7050 7051 0.00037713
7053 7051 0.00037713
7050 7052 0.0011796
7053 7052 0.0011796
7052 7053 0.00037713
7055 7053 0.00037713
7052 7054 0.0011796
7055 7054 0.0011796
1653 7055 0.00037713
7054 7055 0.00037713
7076 7055 0.00037713
6971 7063 0.00045356
6974 7063 0.00045356
7064 7063 0.00045356
6229 7064 0.00308
6979 7064 0.00308
7063 7064 0.00308
6969 7065 0.0011721
6972 7065 0.0011721
6975 7065 0.0011721
7066 7065 0.0011721
6980 7066 0.0019337
7065 7066 0.0019337
7098 7066 0.0019337
4227 7074 0.0010528
5937 7074 0.0010528
7073 7074 0.0010528
1653 7075 0.024859
7054 7075 0.024859
7076 7075 0.024859
1227 7076 0.0066862
7040 7076 0.0066862
7075 7076 0.0066862
7079 7076 0.0066862
1230 7077 0.0054856
7030 7077 0.0054856
7078 7077 0.0054856
7024 7078 0.67262
7027 7078 0.67262
7077 7078 0.67262
7080 7078 0.67262
7024 7079 0.0068303
7027 7079 0.0068303
7077 7079 0.0068303
7080 7079 0.0068303
1227 7080 0.74759
7040 7080 0.74759
7075 7080 0.74759
7079 7080 0.74759
4223 7082 0.0011461
6896 7082 0.0011461
7081 7082 0.0011461
3790 7084 0.0088532
3794 7084 0.0088532
7083 7084 0.0088532
2366 7085 0.013907
7006 7085 0.013907
7086 7085 0.013907
5670 7086 0.0052035
6385 7086 0.0052035
7085 7086 0.0052035
3316 7087 0.0006376
7005 7087 0.0006376
7008 7087 0.0006376
7088 7087 0.0006376
2351 7088 0.004551
4656 7088 0.004551
7014 7088 0.004551
7087 7088 0.004551
6997 7089 0.0060622
7090 7089 0.0060622
7091 7089 0.0060622
3317 7090 0.00097028
5238 7090 0.00097028
7089 7090 0.00097028
3318 7091 0.0052679
6983 7091 0.0052679
7092 7091 0.0052679
6997 7092 0.00092648
7090 7092 0.00092648
7091 7092 0.00092648
547 7093 0.012976
2073 7093 0.012976
7094 7093 0.012976
3320 7095 0.010214
6977 7095 0.010214
7096 7095 0.010214
3319 7096 0.0017173
5985 7096 0.0017173
7093 7096 0.0017173
7095 7096 0.0017173
6980 7097 0.00082126
7065 7097 0.00082126
7098 7097 0.00082126
3321 7098 0.0024777
3322 7098 0.0024777
7097 7098 0.0024777
5824 7099 0.00010841
6964 7099 0.00010841
7100 7099 0.00010841
3325 7100 0.001505
3326 7100 0.001505
7099 7100 0.001505
5822 7101 0.00010162
6963 7101 0.00010162
7102 7101 0.00010162
7104 7101 0.00010162
6965 7102 0.00033985
6968 7102 0.00033985
7101 7102 0.00033985
5822 7103 0.0011231
6963 7103 0.0011231
7102 7103 0.0011231
7104 7103 0.0011231
3323 7104 0.00059466
3324 7104 0.00059466
7103 7104 0.00059466
5837 7111 0.040143
6927 7111 0.040143
7069 7111 0.040143
7112 7111 0.040143
5954 7112 0.0017975
6370 7112 0.0017975
6388 7112 0.0017975
7111 7112 0.0017975
6952 7160 0.00014687
7161 7160 0.00014687
7162 7160 0.00014687
2356 7161 0.00017124
2359 7161 0.00017124
6362 7161 0.00017124
7160 7161 0.00017124
6939 7162 0.00011531
7067 7162 0.00011531
7163 7162 0.00011531
7164 7162 0.00011531
6952 7163 0.00018581
7161 7163 0.00018581
7162 7163 0.00018581
6363 7164 0.00010802
6943 7164 0.00010802
7165 7164 0.00010802
6939 7165 0.00016952
7067 7165 0.00016952
7163 7165 0.00016952
7164 7165 0.00016952
7173 7172 1
2051 7173 1
5084 7173 1
5740 7218 0.00042923
7219 7218 0.00042923
942 7253 0.00044423
945 7253 0.00044423
5898 7253 0.00044423
7252 7253 0.00044423
2328 7256 0.0004635
7257 7256 0.0004635
