548 547 0.00059364
6226 547 0.00059364
6227 547 0.00059364
6230 547 0.00059364
547 548 0.00022989
2073 548 0.00022989
7094 548 0.00022989
943 942 0.0268
4221 942 0.0268
4815 942 0.0268
942 943 0.0017743
945 943 0.0017743
5898 943 0.0017743
7252 943 0.0017743
942 944 0.034676
945 944 0.034676
5898 944 0.034676
7252 944 0.034676
944 945 0.001576
947 945 0.001576
4210 945 0.001576
944 946 0.050165
947 946 0.050165
4210 946 0.050165
1226 1227 0.87378
1536 1227 0.87378
4200 1227 0.87378
1537 1536 0.74989
4710 1536 0.74989
1226 1537 0.00019261
1536 1537 0.00019261
4200 1537 0.00019261
1654 1653 0.12245
2340 1653 0.12245
2343 1653 0.12245
1653 1654 0.0057765
7054 1654 0.0057765
7076 1654 0.0057765
1656 1655 0.9269
5746 1655 0.9269
5748 1655 0.9269
1658 1657 0.0268
5747 1657 0.0268
5907 1657 0.0268
5984 1657 0.0268
1657 1658 0.0017743
4219 1658 0.0017743
4817 1658 0.0017743
2072 2073 0.00027652
2074 2073 0.00027652
2075 2073 0.00027652
3906 2073 0.00027652
547 2074 0.00022321
2073 2074 0.00022321
7094 2074 0.00022321
2072 2076 0.00011302
2074 2076 0.00011302
2075 2076 0.00011302
3906 2076 0.00011302
2327 2326 0.0063216
4708 2326 0.0063216
5968 2326 0.0063216
2326 2327 0.0013207
7259 2327 0.0013207
2329 2328 0.14217
5896 2328 0.14217
7254 2328 0.14217
7258 2328 0.14217
2331 2330 0.14535
4196 2330 0.14535
5971 2330 0.14535
7256 2330 0.14535
2330 2332 0.14557
2333 2332 0.14557
5975 2332 0.14557
2332 2333 0.00038224
2335 2333 0.00038224
4216 2333 0.00038224
2332 2334 0.17291
2335 2334 0.17291
4216 2334 0.17291
2334 2335 0.00011742
2337 2335 0.00011742
5977 2335 0.00011742
7152 2335 0.00011742
2334 2336 0.19915
2337 2336 0.19915
5977 2336 0.19915
7152 2336 0.19915
2336 2338 0.23855
2339 2338 0.23855
4709 2338 0.23855
2338 2340 0.12162
2341 2340 0.12162
4198 2340 0.12162
1654 2341 0.0058738
2340 2341 0.0058738
2343 2341 0.0058738
2342 2343 0.00094163
7057 2343 0.00094163
7074 2343 0.00094163
2344 2346 0.0027411
2347 2346 0.0027411
5906 2346 0.0027411
2349 2348 0.52707
5903 2348 0.52707
5986 2348 0.52707
7105 2348 0.52707
2348 2349 0.00010609
5239 2349 0.00010609
5739 2349 0.00010609
2351 2350 0.00022197
4656 2350 0.00022197
7014 2350 0.00022197
7087 2350 0.00022197
2364 2366 0.00015565
2367 2366 0.00015565
6366 2366 0.00015565
6367 2366 0.00015565
3317 3316 0.00030106
5238 3316 0.00030106
7089 3316 0.00030106
3319 3318 0.020978
5985 3318 0.020978
7093 3318 0.020978
7095 3318 0.020978
3318 3319 0.00046151
6983 3319 0.00046151
7092 3319 0.00046151
3321 3320 0.00018284
3322 3320 0.00018284
7097 3320 0.00018284
3320 3321 0.0011315
6977 3321 0.0011315
7096 3321 0.0011315
3321 3323 0.00013022
3322 3323 0.00013022
7097 3323 0.00013022
4199 3791 0.010778
5395 3791 0.010778
5396 3792 0.00023162
5397 3792 0.00023162
3791 3793 0.010624
3793 3794 0.010552
5993 3794 0.010552
7115 3794 0.010552
3907 3906 0.00020793
4019 3906 0.00020793
6228 3906 0.00020793
6358 3906 0.00020793
4163 4162 0.0015043
4164 4162 0.0015043
5889 4162 0.0015043
5892 4162 0.0015043
4162 4163 0.0022242
4171 4163 0.0022242
5793 4163 0.0022242
4165 4164 0.0010104
4166 4164 0.0010104
5929 4164 0.0010104
5972 4164 0.0010104
4163 4165 0.0081318
4164 4165 0.0081318
5889 4165 0.0081318
5892 4165 0.0081318
4167 4166 0.001544
4168 4166 0.001544
5923 4166 0.001544
5926 4166 0.001544
4165 4167 0.0061182
4166 4167 0.0061182
5929 4167 0.0061182
5972 4167 0.0061182
4169 4168 0.0007291
4193 4168 0.0007291
4194 4168 0.0007291
4167 4169 0.0015917
4168 4169 0.0015917
5923 4169 0.0015917
5926 4169 0.0015917
4162 4170 0.0016865
4171 4170 0.0016865
5793 4170 0.0016865
4170 4171 0.00077761
4173 4171 0.00077761
5933 4171 0.00077761
4170 4172 0.00030799
4173 4172 0.00030799
5933 4172 0.00030799
4172 4173 0.00018321
5797 4173 0.00018321
4177 4179 0.00010521
4178 4179 0.00010521
5970 4179 0.00010521
4181 4180 0.00053162
4182 4180 0.00053162
5885 4180 0.00053162
5888 4180 0.00053162
4183 4182 0.00048862
4184 4182 0.00048862
5928 4182 0.00048862
4181 4183 0.00077437
4182 4183 0.00077437
5885 4183 0.00077437
5888 4183 0.00077437
4185 4184 0.00066865
4186 4184 0.00066865
5922 4184 0.00066865
4183 4185 0.00078312
4184 4185 0.00078312
5928 4185 0.00078312
4187 4186 0.00027537
4188 4186 0.00027537
4195 4186 0.00027537
4185 4187 0.00083268
4186 4187 0.00083268
5922 4187 0.00083268
4187 4189 0.00089665
4188 4189 0.00089665
4195 4189 0.00089665
4191 4190 0.00021726
4666 4190 0.00021726
6469 4190 0.00021726
4189 4191 0.00088165
4190 4191 0.00088165
5918 4191 0.00088165
4169 4192 0.0013614
4193 4192 0.0013614
4194 4192 0.0013614
4192 4193 0.00076271
5919 4193 0.00076271
5980 4193 0.00076271
4187 4194 0.00013837
4188 4194 0.00013837
4195 4194 0.00013837
4169 4195 0.00040228
4193 4195 0.00040228
4194 4195 0.00040228
5771 4198 0.0012745
5881 4198 0.0012745
2338 4200 0.12408
2341 4200 0.12408
4198 4200 0.12408
4204 4205 0.007997
4206 4205 0.007997
4207 4205 0.007997
4211 4205 0.007997
4205 4206 0.014085
5741 4206 0.014085
5742 4206 0.014085
4201 4207 0.0032107
4208 4207 0.0032107
4209 4207 0.0032107
5909 4207 0.0032107
4204 4208 0.012282
4206 4208 0.012282
4207 4208 0.012282
4211 4208 0.012282
944 4209 0.00031081
947 4209 0.00031081
4210 4209 0.00031081
4201 4210 0.017375
4208 4210 0.017375
4209 4210 0.017375
5909 4210 0.017375
4212 4211 0.0083422
4214 4211 0.0083422
4204 4212 0.0053585
4206 4212 0.0053585
4207 4212 0.0053585
4211 4212 0.0053585
4212 4213 0.0053585
4214 4213 0.0053585
4213 4214 0.0083422
5743 4214 0.0083422
5744 4214 0.0083422
2332 4215 0.00025409
2335 4215 0.00025409
4216 4215 0.00025409
4215 4216 0.027855
6725 4216 0.027855
4218 4217 0.022571
6706 4217 0.022571
6724 4217 0.022571
4220 4219 0.0017743
4222 4219 0.0017743
1657 4220 0.0268
4219 4220 0.0268
4817 4220 0.0268
4220 4221 0.0268
4222 4221 0.0268
943 4222 0.0017743
4221 4222 0.0017743
4815 4222 0.0017743
4223 4224 0.00093664
6896 4224 0.00093664
7081 4224 0.00093664
4228 4227 0.0009362
4229 4227 0.0009362
6893 4227 0.0009362
6737 4659 0.00042454
2646 4664 0.00013962
5774 4664 0.00013962
5775 4664 0.00013962
4191 4665 0.0010951
4666 4665 0.0010951
6469 4665 0.0010951
2327 4707 0.0002385
4708 4707 0.0002385
5968 4707 0.0002385
3189 4708 0.0013877
4707 4708 0.0013877
5981 4708 0.0013877
7130 4708 0.0013877
1537 4709 0.040101
4710 4709 0.040101
5063 4710 0.7898
5064 5063 0.80051
5240 5063 0.80051
4659 5064 0.00065609
5065 5064 0.00065609
3792 5065 0.00023156
2348 5238 0.00030151
5239 5238 0.00030151
5739 5238 0.00030151
3317 5239 0.020555
5238 5239 0.020555
7089 5239 0.020555
5241 5240 0.79985
5738 5240 0.79985
7218 5240 0.79985
5063 5395 0.010714
3791 5396 0.00015322
2350 5669 0.00042316
5671 5669 0.00042316
5836 5669 0.00042316
5670 5671 0.00020911
6385 5671 0.00020911
7085 5671 0.00020911
2348 5738 0.54726
5239 5738 0.54726
5739 5738 0.54726
4205 5740 0.25287
5741 5740 0.25287
5742 5740 0.25287
5740 5741 0.00022505
7219 5741 0.00022505
4213 5742 0.25921
5743 5742 0.25921
5744 5742 0.25921
4205 5743 0.00047745
5741 5743 0.00047745
5742 5743 0.00047745
1655 5744 0.26356
5745 5744 0.26356
5901 5744 0.26356
5904 5744 0.26356
4213 5745 0.0018505
5743 5745 0.0018505
5744 5745 0.0018505
1658 5746 0.006038
5747 5746 0.006038
5907 5746 0.006038
5984 5746 0.006038
1656 5747 0.079161
5746 5747 0.079161
5748 5747 0.079161
5749 5748 1
4664 5771 0.0012324
4665 5771 0.0012324
5776 5775 0.00018165
6468 5775 0.00018165
5783 5787 0.0002234
5788 5787 0.0002234
5796 5787 0.0002234
5787 5788 0.00016857
5914 5788 0.00016857
5915 5788 0.00016857
5790 5789 0.0012979
5791 5789 0.0012979
5932 5789 0.0012979
5969 5789 0.0012979
5789 5790 0.00024333
5911 5790 0.00024333
5913 5790 0.00024333
5982 5790 0.00024333
5792 5791 0.0052899
5891 5791 0.0052899
5894 5791 0.0052899
5790 5792 0.0011678
5791 5792 0.0011678
5932 5792 0.0011678
5969 5792 0.0011678
5794 5793 0.0016288
5931 5793 0.0016288
5795 5794 0.0012863
5887 5794 0.0012863
5890 5794 0.0012863
5794 5795 0.00018746
5931 5795 0.00018746
4172 5796 0.00022519
5797 5796 0.00022519
5783 5797 0.00020357
5788 5797 0.00020357
5796 5797 0.00020357
4181 5887 0.00040393
4182 5887 0.00040393
5885 5887 0.00040393
5888 5887 0.00040393
5795 5888 0.0011483
5887 5888 0.0011483
5890 5888 0.0011483
5795 5889 0.00051149
5887 5889 0.00051149
5890 5889 0.00051149
4163 5890 0.0023546
4164 5890 0.0023546
5889 5890 0.0023546
5892 5890 0.0023546
4163 5891 0.0011552
4164 5891 0.0011552
5889 5891 0.0011552
5892 5891 0.0011552
5792 5892 0.0094
5891 5892 0.0094
5894 5892 0.0094
5792 5893 0.0016266
5891 5893 0.0016266
5894 5893 0.0016266
5893 5894 0.013993
7255 5894 0.013993
5895 5896 0.14957
7253 5896 0.14957
942 5897 0.0011597
945 5897 0.0011597
5898 5897 0.0011597
7252 5897 0.0011597
5897 5898 0.15875
5900 5898 0.15875
5983 5898 0.15875
5897 5899 0.011243
5900 5899 0.011243
5983 5899 0.011243
5899 5900 0.12789
5902 5900 0.12789
5910 5900 0.12789
5899 5901 0.012843
5902 5901 0.012843
5910 5901 0.012843
1655 5902 0.13749
5745 5902 0.13749
5901 5902 0.13749
5904 5902 0.13749
1655 5903 0.54084
5745 5903 0.54084
5901 5903 0.54084
5904 5903 0.54084
2349 5904 0.00032036
5903 5904 0.00032036
5986 5904 0.00032036
7105 5904 0.00032036
5905 5906 0.0027819
6955 5906 0.0027819
7110 5906 0.0027819
1658 5908 0.0072016
5747 5908 0.0072016
5907 5908 0.0072016
5984 5908 0.0072016
5899 5909 0.011562
5902 5909 0.011562
5910 5909 0.011562
4201 5910 0.0035688
4208 5910 0.0035688
4209 5910 0.0035688
5909 5910 0.0035688
5787 5913 0.0002234
5914 5913 0.0002234
5915 5913 0.0002234
5789 5914 0.00016857
5911 5914 0.00016857
5913 5914 0.00016857
5982 5914 0.00016857
4189 5917 0.00042918
4190 5917 0.00042918
5918 5917 0.00042918
5917 5918 0.00027234
5920 5918 0.00027234
5978 5918 0.00027234
5917 5919 0.0020028
5920 5919 0.0020028
5978 5919 0.0020028
4192 5920 0.0055525
5919 5920 0.0055525
5980 5920 0.0055525
4185 5921 0.00047561
4186 5921 0.00047561
5922 5921 0.00047561
5921 5922 0.00091845
5924 5922 0.00091845
5973 5922 0.00091845
5921 5923 0.0010478
5924 5923 0.0010478
5973 5923 0.0010478
4167 5924 0.0019099
4168 5924 0.0019099
5923 5924 0.0019099
5926 5924 0.0019099
4167 5925 0.0049692
4168 5925 0.0049692
5923 5925 0.0049692
5926 5925 0.0049692
5925 5926 0.0021197
5976 5926 0.0021197
5979 5926 0.0021197
4183 5927 0.0008814
4184 5927 0.0008814
5928 5927 0.0008814
5927 5928 0.00071012
5930 5928 0.00071012
5974 5928 0.00071012
5927 5929 0.0019323
5930 5929 0.0019323
5974 5929 0.0019323
4165 5930 0.0013418
4166 5930 0.0013418
5929 5930 0.0013418
5972 5930 0.0013418
4179 5931 0.00053001
4180 5931 0.00053001
4170 5932 0.0015614
4173 5932 0.0015614
5933 5932 0.0015614
5790 5933 0.0007772
5791 5933 0.0007772
5932 5933 0.0007772
5969 5933 0.0007772
5790 5968 0.0050629
5791 5968 0.0050629
5932 5968 0.0050629
5969 5968 0.0050629
2327 5969 0.0012112
4708 5969 0.0012112
5968 5969 0.0012112
4172 5970 0.00010316
5797 5970 0.00010316
4165 5971 0.005902
4166 5971 0.005902
5929 5971 0.005902
5972 5971 0.005902
2331 5972 0.0027642
4196 5972 0.0027642
5971 5972 0.0027642
7256 5972 0.0027642
5927 5973 0.0008992
5930 5973 0.0008992
5974 5973 0.0008992
5921 5974 0.0013184
5924 5974 0.0013184
5973 5974 0.0013184
5925 5975 0.0057287
5976 5975 0.0057287
5979 5975 0.0057287
2330 5976 0.0058301
2333 5976 0.0058301
5975 5976 0.0058301
5917 5977 0.0059039
5920 5977 0.0059039
5978 5977 0.0059039
2334 5978 0.0021974
2337 5978 0.0021974
5977 5978 0.0021974
7152 5978 0.0021974
4192 5979 0.0021131
5919 5979 0.0021131
5980 5979 0.0021131
5925 5980 0.005064
5976 5980 0.005064
5979 5980 0.005064
5789 5981 0.0013444
5911 5981 0.0013444
5913 5981 0.0013444
5982 5981 0.0013444
3189 5982 0.00023499
4707 5982 0.00023499
5981 5982 0.00023499
7130 5982 0.00023499
1658 5983 0.048007
5747 5983 0.048007
5907 5983 0.048007
5984 5983 0.048007
5897 5984 0.0070659
5900 5984 0.0070659
5983 5984 0.0070659
2349 5985 0.022818
5903 5985 0.022818
5986 5985 0.022818
7105 5985 0.022818
3319 5986 0.0021409
5985 5986 0.0021409
7093 5986 0.0021409
7095 5986 0.0021409
548 6228 0.00025571
6226 6228 0.00025571
6227 6228 0.00025571
6230 6228 0.00025571
548 6229 0.0001382
6226 6229 0.0001382
6227 6229 0.0001382
6230 6229 0.0001382
6229 6230 0.00064294
6979 6230 0.00064294
7063 6230 0.00064294
4191 6468 0.00018174
4666 6468 0.00018174
6469 6468 0.00018174
2336 6469 0.00061015
2339 6469 0.00061015
4709 6469 0.00061015
946 6706 0.050165
6707 6706 0.050165
4215 6724 0.00025409
6725 6724 0.00025409
4218 6725 0.027855
6706 6725 0.027855
6724 6725 0.027855
4217 6726 0.022571
6727 6726 0.022571
6880 6737 0.00042454
433 6880 0.00042454
5669 6880 0.00042454
4224 6893 0.00093664
4225 6893 0.00093664
6894 6893 0.00093664
6895 6896 0.0023434
7017 6896 0.0023434
7084 6896 0.0023434
5905 6954 0.0045036
6955 6954 0.0045036
7110 6954 0.0045036
6954 6955 0.00010884
6957 6955 0.00010884
6959 6955 0.00010884
2346 6959 0.00010884
6960 6959 0.00010884
7108 6959 0.00010884
6954 6960 0.0045036
6957 6960 0.0045036
6959 6960 0.0045036
6969 6971 0.0012752
6972 6971 0.0012752
6975 6971 0.0012752
7066 6971 0.0012752
6971 6972 0.00036603
6974 6972 0.00036603
7064 6972 0.00036603
6971 6973 0.0017544
6974 6973 0.0017544
7064 6973 0.0017544
6973 6974 0.00042779
6976 6974 0.00042779
6978 6974 0.00042779
6973 6975 0.0016167
6976 6975 0.0016167
6978 6975 0.0016167
6969 6976 0.00066072
6972 6976 0.00066072
6975 6976 0.00066072
7066 6976 0.00066072
6973 6977 0.0018948
6976 6977 0.0018948
6978 6977 0.0018948
3320 6978 0.0015242
6977 6978 0.0015242
7096 6978 0.0015242
6980 6979 0.0010381
7065 6979 0.0010381
7098 6979 0.0010381
6229 6980 0.0001159
6979 6980 0.0001159
7063 6980 0.0001159
6982 6981 0.0010148
6984 6981 0.0010148
6986 6981 0.0010148
6981 6982 0.00010966
6990 6982 0.00010966
6982 6983 0.00034239
6984 6983 0.00034239
6986 6983 0.00034239
3318 6984 0.0021383
6983 6984 0.0021383
7092 6984 0.0021383
6982 6985 0.0013981
6984 6985 0.0013981
6986 6985 0.0013981
6985 6986 0.00050738
6988 6986 0.00050738
6989 6986 0.00050738
6985 6987 0.0020981
6988 6987 0.0020981
6989 6987 0.0020981
6987 6988 0.00030219
6992 6988 0.00030219
6994 6988 0.00030219
6981 6989 0.0010148
6990 6989 0.0010148
6985 6990 0.00010966
6988 6990 0.00010966
6989 6990 0.00010966
6987 6991 0.0015752
6992 6991 0.0015752
6994 6991 0.0015752
6991 6992 0.0001352
6995 6992 0.0001352
7000 6992 0.0001352
6987 6993 0.0011877
6992 6993 0.0011877
6994 6993 0.0011877
6993 6994 0.0008318
6996 6994 0.0008318
6998 6994 0.0008318
7001 6994 0.0008318
6993 6995 0.00037383
6996 6995 0.00037383
6998 6995 0.00037383
7001 6995 0.00037383
6991 6996 0.0013815
6995 6996 0.0013815
7000 6996 0.0013815
6993 6997 0.0022867
6996 6997 0.0022867
6998 6997 0.0022867
7001 6997 0.0022867
6997 6998 0.00049083
7090 6998 0.00049083
7091 6998 0.00049083
6991 6999 0.0005117
6995 6999 0.0005117
7000 6999 0.0005117
6999 7001 0.0005117
7002 7001 0.0005117
7004 7001 0.0005117
6895 7016 0.0082347
7017 7016 0.0082347
7084 7016 0.0082347
4811 7019 0.0014153
7018 7019 0.0014153
7082 7019 0.0014153
7021 7020 0.24032
7023 7020 0.24032
7025 7020 0.24032
7036 7020 0.24032
7020 7021 0.2719
7032 7021 0.2719
7035 7021 0.2719
7021 7022 0.22873
7023 7022 0.22873
7025 7022 0.22873
7036 7022 0.22873
7022 7023 0.16634
7029 7023 0.16634
7031 7023 0.16634
7033 7023 0.16634
7021 7024 0.57275
7023 7024 0.57275
7025 7024 0.57275
7036 7024 0.57275
7024 7025 0.22584
7027 7025 0.22584
7077 7025 0.22584
7080 7025 0.22584
7016 7027 0.0096364
7019 7027 0.0096364
7026 7027 0.0096364
7022 7030 0.021495
7029 7030 0.021495
7031 7030 0.021495
7033 7030 0.021495
1230 7031 0.32642
7030 7031 0.32642
7078 7031 0.32642
7022 7032 0.40889
7029 7032 0.40889
7031 7032 0.40889
7033 7032 0.40889
7020 7033 0.041577
7032 7033 0.041577
7035 7033 0.041577
7020 7034 0.40723
7032 7034 0.40723
7035 7034 0.40723
7034 7035 0.0715
7037 7035 0.0715
7039 7035 0.0715
7034 7036 0.46153
7037 7036 0.46153
7039 7036 0.46153
7021 7037 0.083826
7023 7037 0.083826
7025 7037 0.083826
7036 7037 0.083826
7034 7038 0.18498
7037 7038 0.18498
7039 7038 0.18498
7038 7039 0.22696
7041 7039 0.22696
7043 7039 0.22696
7038 7040 0.18473
7041 7040 0.18473
7043 7040 0.18473
1227 7041 0.22754
7040 7041 0.22754
7075 7041 0.22754
7079 7041 0.22754
7038 7042 0.0012747
7041 7042 0.0012747
7043 7042 0.0012747
7042 7043 0.0004294
7045 7043 0.0004294
7042 7044 0.0012747
7045 7044 0.0012747
7044 7045 0.0004294
7047 7045 0.0004294
7044 7046 0.0012747
7047 7046 0.0012747
7046 7047 0.0004294
7049 7047 0.0004294
7046 7048 0.0012747
7049 7048 0.0012747
7048 7049 0.0004294
7051 7049 0.0004294
7048 7050 0.0012747
7051 7050 0.0012747
7050 7051 0.0004294
7053 7051 0.0004294
7050 7052 0.0012747
7053 7052 0.0012747
7052 7053 0.0004294
7055 7053 0.0004294
7052 7054 0.0012747
7055 7054 0.0012747
1653 7055 0.0004294
7054 7055 0.0004294
7076 7055 0.0004294
6971 7063 0.00036409
6974 7063 0.00036409
7064 7063 0.00036409
6229 7064 0.00078154
6979 7064 0.00078154
7063 7064 0.00078154
6969 7065 0.00066956
6972 7065 0.00066956
6975 7065 0.00066956
7066 7065 0.00066956
6980 7066 0.00062271
7065 7066 0.00062271
7098 7066 0.00062271
4227 7074 0.00094163
5937 7074 0.00094163
7073 7074 0.00094163
1653 7075 0.12347
7054 7075 0.12347
7076 7075 0.12347
1227 7076 0.0059499
7040 7076 0.0059499
7075 7076 0.0059499
7079 7076 0.0059499
1230 7077 0.021495
7030 7077 0.021495
7078 7077 0.021495
7024 7078 0.32642
7027 7078 0.32642
7077 7078 0.32642
7080 7078 0.32642
7024 7079 0.0041242
7027 7079 0.0041242
7077 7079 0.0041242
7080 7079 0.0041242
1227 7080 0.95253
7040 7080 0.95253
7075 7080 0.95253
7079 7080 0.95253
4223 7082 0.0014153
6896 7082 0.0014153
7081 7082 0.0014153
3790 7084 0.010546
3794 7084 0.010546
7083 7084 0.010546
2366 7085 0.00020447
7006 7085 0.00020447
7086 7085 0.00020447
3316 7087 0.00022191
7005 7087 0.00022191
7008 7087 0.00022191
7088 7087 0.00022191
6997 7089 0.020653
7090 7089 0.020653
7091 7089 0.020653
3317 7090 0.00013643
5238 7090 0.00013643
7089 7090 0.00013643
3318 7091 0.019367
6983 7091 0.019367
7092 7091 0.019367
6997 7092 0.00064681
7090 7092 0.00064681
7091 7092 0.00064681
547 7093 0.00085404
2073 7093 0.00085404
7094 7093 0.00085404
3319 7094 0.00043698
5985 7094 0.00043698
7093 7094 0.00043698
7095 7094 0.00043698
3320 7095 0.0018625
6977 7095 0.0018625
7096 7095 0.0018625
3319 7096 0.0024406
5985 7096 0.0024406
7093 7096 0.0024406
7095 7096 0.0024406
6980 7097 0.00016339
7065 7097 0.00016339
7098 7097 0.00016339
3321 7098 0.0010387
3322 7098 0.0010387
7097 7098 0.0010387
6961 7105 0.0071297
7106 7105 0.0071297
7107 7105 0.0071297
2346 7107 0.0071297
6960 7107 0.0071297
7108 7107 0.0071297
719 7110 0.0072016
5908 7110 0.0072016
7109 7110 0.0072016
6726 7152 0.022571
7153 7152 0.022571
5740 7218 0.25287
7219 7218 0.25287
5241 7219 0.00022505
5738 7219 0.00022505
7218 7219 0.00022505
942 7253 0.14957
945 7253 0.14957
5898 7253 0.14957
7252 7253 0.14957
5893 7254 0.0016266
7255 7254 0.0016266
2329 7255 0.013993
5896 7255 0.013993
7254 7255 0.013993
7258 7255 0.013993
2328 7256 0.14217
7257 7256 0.14217
2326 7258 0.0063216
7259 7258 0.0063216
2329 7259 0.0013207
5896 7259 0.0013207
7254 7259 0.0013207
7258 7259 0.0013207
