148 147 0.00016809
3286 147 0.00016809
3289 147 0.00016809
147 148 0.0001776
3277 148 0.0001776
3278 148 0.0001776
152 151 0.28078
153 151 0.28078
155 151 0.28078
151 152 0.0081858
170 152 0.0081858
171 152 0.0081858
154 153 0.027912
1103 153 0.027912
1484 153 0.027912
152 154 0.058245
153 154 0.058245
155 154 0.058245
156 155 0.30838
157 155 0.30838
162 155 0.30838
152 156 0.0054573
153 156 0.0054573
155 156 0.0054573
149 157 0.015023
158 157 0.015023
1485 157 0.015023
156 158 0.054673
157 158 0.054673
162 158 0.054673
160 159 1.0003
3279 159 1.0003
3280 159 1.0003
156 161 0.0071752
157 161 0.0071752
162 161 0.0071752
159 162 0.34975
161 162 0.34975
1106 162 0.34975
164 163 0.64055
791 163 0.64055
1107 163 0.64055
163 164 0.0012177
172 164 0.0012177
173 164 0.0012177
166 165 0.0013329
179 165 0.0013329
4590 165 0.0013329
165 166 0.013583
792 166 0.013583
5799 166 0.013583
168 167 0.99038
169 167 0.99038
3294 167 0.99038
151 169 0.92978
170 169 0.92978
171 169 0.92978
163 171 0.65789
172 171 0.65789
173 171 0.65789
151 172 0.0007425
170 172 0.0007425
171 172 0.0007425
174 173 0.019276
175 173 0.019276
793 173 0.019276
163 174 0.0014628
172 174 0.0014628
173 174 0.0014628
176 175 0.0024435
4803 175 0.0024435
6267 175 0.0024435
6269 175 0.0024435
174 176 0.00042275
175 176 0.00042275
793 176 0.00042275
180 179 0.00017233
181 179 0.00017233
6268 179 0.00017233
166 180 0.0026778
179 180 0.0026778
4590 180 0.0026778
5835 433 0.00040722
521 522 0.00036384
3424 522 0.00036384
3890 522 0.00036384
548 547 0.0012175
6226 547 0.0012175
6227 547 0.0012175
6230 547 0.0012175
566 565 0.00019261
2878 565 0.00019261
6439 565 0.00019261
568 567 0.00083069
4174 567 0.00083069
6435 567 0.00083069
567 568 0.1327
1467 568 0.1327
522 735 0.00036949
736 735 0.00036949
3419 735 0.00036949
3434 735 0.00036949
738 737 0.0025338
2913 737 0.0025338
5577 737 0.0025338
735 738 0.00029201
737 738 0.00029201
740 738 0.00029201
735 739 0.0026018
737 739 0.0026018
740 739 0.0026018
765 766 0.0079487
768 766 0.0079487
1105 766 0.0079487
765 767 0.0002056
768 767 0.0002056
1105 767 0.0002056
767 768 0.0093343
3276 768 0.0093343
3297 768 0.0093343
165 791 0.0081324
792 791 0.0081324
5799 791 0.0081324
164 792 0.026431
791 792 0.026431
1107 792 0.026431
794 793 0.017371
4589 793 0.017371
5798 793 0.017371
174 794 0.0015777
175 794 0.0015777
793 794 0.0015777
943 942 0.00031595
4221 942 0.00031595
4815 942 0.00031595
942 944 0.003542
945 944 0.003542
5898 944 0.003542
7252 944 0.003542
944 946 0.0038193
947 946 0.0038193
4210 946 0.0038193
974 975 0.00046737
977 975 0.00046737
3184 975 0.00046737
976 977 0.00046737
2871 977 0.00046737
4804 977 0.00046737
565 981 0.0025984
980 981 0.0025984
983 981 0.0025984
982 983 0.0024062
985 983 0.0024062
2889 983 0.0024062
984 985 0.0024062
987 985 0.0024062
2891 985 0.0024062
2893 985 0.0024062
986 987 0.0024062
2895 987 0.0024062
4802 987 0.0024062
975 1008 0.00047944
1006 1008 0.00047944
1009 1008 0.00047944
1101 1100 0.00040752
1500 1100 0.00040752
3512 1100 0.00040752
1100 1101 0.00095878
3503 1101 0.00095878
3516 1101 0.00095878
6255 1101 0.00095878
154 1102 0.079701
1103 1102 0.079701
1484 1102 0.079701
1102 1103 0.009719
3295 1103 0.009719
3296 1103 0.009719
765 1104 0.0015791
768 1104 0.0015791
1105 1104 0.0015791
1104 1105 0.00032987
3259 1105 0.00032987
3260 1105 0.00032987
164 1106 0.00032273
791 1106 0.00032273
1107 1106 0.00032273
159 1107 0.65796
161 1107 0.65796
1106 1107 0.65796
1466 1117 0.0043821
2325 1117 0.0043821
1463 1118 1.0017
3513 1118 1.0017
6874 1128 0.00047233
1226 1227 0.0092728
1536 1227 0.0092728
4200 1227 0.0092728
1233 1232 0.0086248
5580 1232 0.0086248
5582 1232 0.0086248
1232 1233 0.002018
7249 1233 0.002018
1234 1235 0.0024209
5816 1235 0.0024209
6117 1235 0.0024209
1236 1237 0.00041583
1243 1237 0.00041583
6115 1237 0.00041583
1239 1241 0.00039801
1240 1241 0.00039801
1244 1241 0.00039801
6125 1241 0.00039801
1241 1243 0.00041583
1242 1243 0.00041583
3900 1243 0.00041583
1253 1252 0.00020346
1254 1252 0.00020346
1260 1252 0.00020346
1252 1253 0.00020346
1262 1253 0.00020346
6119 1253 0.00020346
1255 1254 0.00020045
1256 1254 0.00020045
1259 1254 0.00020045
1258 1259 0.00020045
1261 1259 0.00020045
3888 1259 0.00020045
1253 1261 0.00020045
1254 1261 0.00020045
1260 1261 0.00020045
1282 1283 0.00048729
1285 1283 0.00048729
3954 1283 0.00048729
1464 1463 0.99259
6702 1463 0.99259
978 1464 0.0022177
1465 1464 0.0022177
1118 1465 0.0022255
5262 1465 0.0022255
567 1466 0.8583
1467 1466 0.8583
1468 1467 0.99017
5934 1467 0.99017
1117 1468 0.0022824
2345 1468 0.0022824
1483 1482 0.0098705
2292 1482 0.0098705
3505 1482 0.0098705
1482 1483 0.00017522
3499 1483 0.00017522
3514 1483 0.00017522
3515 1483 0.00017522
149 1484 0.054673
158 1484 0.054673
1485 1484 0.054673
154 1485 0.015023
1103 1485 0.015023
1484 1485 0.015023
1498 1500 0.00014311
1501 1500 0.00014311
4635 1500 0.00014311
1101 1501 0.00024498
1500 1501 0.00024498
3512 1501 0.00024498
1508 1509 0.00010564
3236 1509 0.00010564
4608 1509 0.00010564
1537 1536 0.001658
4710 1536 0.001658
1226 1537 0.00062302
1536 1537 0.00062302
4200 1537 0.00062302
1654 1653 0.0005537
2340 1653 0.0005537
2343 1653 0.0005537
1653 1654 0.0097292
7054 1654 0.0097292
7076 1654 0.0097292
1658 1657 0.00031595
5747 1657 0.00031595
5907 1657 0.00031595
5984 1657 0.00031595
1283 1707 0.00048729
1708 1707 0.00048729
4653 1707 0.00048729
5576 1966 0.00035586
5579 1966 0.00035586
2072 2073 0.00052191
2074 2073 0.00052191
2075 2073 0.00052191
3906 2073 0.00052191
994 2075 0.00010343
997 2075 0.00010343
2076 2075 0.00010343
2077 2075 0.00010343
766 2290 0.0091636
2291 2290 0.0091636
3256 2290 0.0091636
5564 2290 0.0091636
2290 2292 0.0090671
2293 2292 0.0090671
3232 2292 0.0090671
1466 2324 0.85392
2325 2324 0.85392
2327 2326 0.77141
4708 2326 0.77141
5968 2326 0.77141
2326 2327 0.00011034
7259 2327 0.00011034
2329 2328 0.79799
5896 2328 0.79799
7254 2328 0.79799
7258 2328 0.79799
2331 2330 0.87889
4196 2330 0.87889
5971 2330 0.87889
7256 2330 0.87889
2330 2332 0.91845
2333 2332 0.91845
5975 2332 0.91845
2332 2334 0.91932
2335 2334 0.91932
4216 2334 0.91932
2334 2336 0.97851
2337 2336 0.97851
5977 2336 0.97851
7152 2336 0.97851
2336 2338 0.98358
2339 2338 0.98358
4709 2338 0.98358
2338 2340 0.99075
2341 2340 0.99075
4198 2340 0.99075
1654 2342 0.99986
2340 2342 0.99986
2343 2342 0.99986
1117 2344 0.0021042
2345 2344 0.0021042
2344 2346 0.00070162
2347 2346 0.00070162
5906 2346 0.00070162
2349 2348 0.0048646
5903 2348 0.0048646
5986 2348 0.0048646
7105 2348 0.0048646
2352 2354 0.00011505
2355 2354 0.00011505
5269 2354 0.00011505
2752 2753 0.0090306
7251 2753 0.0090306
2877 2878 0.00018937
2882 2878 0.00018937
6443 2878 0.00018937
6446 2878 0.00018937
734 2880 0.00015382
2879 2880 0.00015382
5252 2880 0.00015382
1110 2882 0.00015252
2880 2882 0.00015252
2881 2882 0.00015252
739 2886 0.0024467
2885 2886 0.0024467
5251 2886 0.0024467
2886 2888 0.0024467
2887 2888 0.0024467
2901 2888 0.0024467
2911 2913 0.00036711
2914 2913 0.00036711
6130 2913 0.00036711
738 2914 0.0015425
2913 2914 0.0015425
5577 2914 0.0015425
3231 3230 0.00012831
3233 3230 0.00012831
3234 3230 0.00012831
2290 3233 0.00016765
2293 3233 0.00016765
3232 3233 0.00016765
3257 3256 0.0016528
3258 3256 0.0016528
5570 3256 0.0016528
766 3257 0.00035509
2291 3257 0.00035509
3256 3257 0.00035509
5564 3257 0.00035509
1104 3258 0.0015979
3259 3258 0.0015979
3260 3258 0.0015979
3257 3259 0.00033351
3258 3259 0.00033351
5570 3259 0.00033351
3261 3260 0.00018356
3274 3260 0.00018356
3288 3260 0.00018356
1104 3261 0.00016845
3259 3261 0.00016845
3260 3261 0.00016845
147 3276 0.00023278
3277 3276 0.00023278
3278 3276 0.00023278
767 3277 0.00045067
3276 3277 0.00045067
3297 3277 0.00045067
147 3279 0.00029348
3277 3279 0.00029348
3278 3279 0.00029348
148 3288 0.00018356
3286 3288 0.00018356
3289 3288 0.00018356
3261 3289 0.00016845
3274 3289 0.00016845
3288 3289 0.00016845
1102 3294 0.074114
3295 3294 0.074114
3296 3294 0.074114
168 3295 0.013478
169 3295 0.013478
3294 3295 0.013478
767 3296 0.00039023
3276 3296 0.00039023
3297 3296 0.00039023
1102 3297 0.0097368
3295 3297 0.0097368
3296 3297 0.0097368
3319 3318 0.0022048
5985 3318 0.0022048
7093 3318 0.0022048
7095 3318 0.0022048
3321 3320 0.0060909
3322 3320 0.0060909
7097 3320 0.0060909
3320 3321 0.00030257
6977 3321 0.00030257
7096 3321 0.00030257
3323 3322 0.007463
3324 3322 0.007463
7103 3322 0.007463
3325 3324 0.0072594
3326 3324 0.0072594
7099 3324 0.0072594
3323 3325 0.00034165
3324 3325 0.00034165
7103 3325 0.00034165
2753 3326 0.008366
3327 3326 0.008366
5237 3326 0.008366
3331 3332 0.00015083
5827 3332 0.00015083
5829 3332 0.00015083
3332 3333 0.00015083
3334 3333 0.00015083
3335 3336 0.00083834
5823 3336 0.00083834
5831 3336 0.00083834
6967 3336 0.00083834
1966 3424 0.00035586
3423 3424 0.00035586
3494 3493 0.00016539
3504 3493 0.00016539
3493 3494 0.0012491
3501 3494 0.0012491
3551 3494 0.0012491
4637 3494 0.0012491
3500 3499 0.00016539
3502 3499 0.00016539
1482 3500 0.0012491
3499 3500 0.0012491
3514 3500 0.0012491
3515 3500 0.0012491
3500 3501 0.0012491
3502 3501 0.0012491
3493 3502 0.00016539
3501 3502 0.00016539
3551 3502 0.00016539
4637 3502 0.00016539
3494 3503 0.0012491
3504 3503 0.0012491
1100 3504 0.00016539
3503 3504 0.00016539
3516 3504 0.00016539
6255 3504 0.00016539
3506 3505 0.00088905
3507 3505 0.00088905
3517 3505 0.00088905
1483 3506 0.00023666
2292 3506 0.00023666
3505 3506 0.00023666
1509 3507 0.00088905
3508 3507 0.00088905
3509 3507 0.00088905
3506 3508 0.00023666
3507 3508 0.00023666
3517 3508 0.00023666
3510 3509 0.00082321
3511 3509 0.00082321
4634 3509 0.00082321
1509 3510 0.00025098
3508 3510 0.00025098
3509 3510 0.00025098
1101 3511 0.00077817
1500 3511 0.00077817
3512 3511 0.00077817
3510 3512 0.00032878
3511 3512 0.00032878
4634 3512 0.00032878
1482 3513 0.011539
3499 3513 0.011539
3514 3513 0.011539
3515 3513 0.011539
1463 3514 0.0023955
3513 3514 0.0023955
1100 3515 0.0016925
3503 3515 0.0016925
3516 3515 0.0016925
6255 3515 0.0016925
1482 3516 0.0011603
3499 3516 0.0011603
3514 3516 0.0011603
3515 3516 0.0011603
4199 3791 0.00014025
5395 3791 0.00014025
3791 3793 0.00013871
3793 3794 0.00013799
5993 3794 0.00013799
7115 3794 0.00013799
2909 3898 0.0015763
3899 3898 0.0015763
6135 3898 0.0015763
3898 3899 0.00040091
5581 3899 0.00040091
5935 3899 0.00040091
1246 3900 0.00011155
3901 3900 0.00011155
3903 3900 0.00011155
6127 3900 0.00011155
1246 3902 0.0020119
3901 3902 0.0020119
3903 3902 0.0020119
6127 3902 0.0020119
3907 3906 0.00043728
4019 3906 0.00043728
6228 3906 0.00043728
6358 3906 0.00043728
1299 3954 0.00046012
3955 3954 0.00046012
3956 3954 0.00046012
1008 3956 0.00044915
1011 3956 0.00044915
3957 3956 0.00044915
4020 4019 0.00055954
6232 4019 0.00055954
6351 4019 0.00055954
4163 4162 0.008907
4164 4162 0.008907
5889 4162 0.008907
5892 4162 0.008907
4162 4163 0.096109
4171 4163 0.096109
5793 4163 0.096109
4165 4164 0.006775
4166 4164 0.006775
5929 4164 0.006775
5972 4164 0.006775
4163 4165 0.13318
4164 4165 0.13318
5889 4165 0.13318
5892 4165 0.13318
4167 4166 0.011362
4168 4166 0.011362
5923 4166 0.011362
5926 4166 0.011362
4165 4167 0.090188
4166 4167 0.090188
5929 4167 0.090188
5972 4167 0.090188
4169 4168 0.0065252
4193 4168 0.0065252
4194 4168 0.0065252
4167 4169 0.022615
4168 4169 0.022615
5923 4169 0.022615
5926 4169 0.022615
4162 4170 0.013194
4171 4170 0.013194
5793 4170 0.013194
4170 4171 0.062385
4173 4171 0.062385
5933 4171 0.062385
4170 4172 0.0071492
4173 4172 0.0071492
5933 4172 0.0071492
4172 4173 0.046335
5797 4173 0.046335
4175 4174 0.00036321
4176 4174 0.00036321
5784 4174 0.00036321
5785 4174 0.00036321
568 4175 0.12391
4174 4175 0.12391
6435 4175 0.12391
4177 4176 0.002138
4178 4176 0.002138
5970 4176 0.002138
4175 4177 0.10453
4176 4177 0.10453
5784 4177 0.10453
5785 4177 0.10453
4179 4178 0.00039495
4180 4178 0.00039495
4177 4179 0.10956
4178 4179 0.10956
5970 4179 0.10956
4181 4180 0.0067387
4182 4180 0.0067387
5885 4180 0.0067387
5888 4180 0.0067387
4179 4181 0.077276
4180 4181 0.077276
4183 4182 0.0058251
4184 4182 0.0058251
5928 4182 0.0058251
4181 4183 0.070044
4182 4183 0.070044
5885 4183 0.070044
5888 4183 0.070044
4185 4184 0.0092783
4186 4184 0.0092783
5922 4184 0.0092783
4183 4185 0.040215
4184 4185 0.040215
5928 4185 0.040215
4187 4186 0.00332
4188 4186 0.00332
4195 4186 0.00332
4185 4187 0.02582
4186 4187 0.02582
5922 4187 0.02582
4189 4188 0.00036851
4190 4188 0.00036851
5918 4188 0.00036851
4187 4189 0.022745
4188 4189 0.022745
4195 4189 0.022745
4191 4190 0.00072904
4666 4190 0.00072904
6469 4190 0.00072904
4189 4191 0.01458
4190 4191 0.01458
5918 4191 0.01458
4169 4192 0.02195
4193 4192 0.02195
4194 4192 0.02195
4192 4193 0.0057363
5919 4193 0.0057363
5980 4193 0.0057363
4187 4194 0.0047574
4188 4194 0.0047574
4195 4194 0.0047574
4169 4195 0.0046338
4193 4195 0.0046338
4194 4195 0.0046338
5771 4198 0.015254
5881 4198 0.015254
2338 4200 0.0081514
2341 4200 0.0081514
4198 4200 0.0081514
4201 4210 0.00030204
4208 4210 0.00030204
4209 4210 0.00030204
5909 4210 0.00030204
2332 4215 0.0012793
2335 4215 0.0012793
4216 4215 0.0012793
4215 4216 0.0021569
6725 4216 0.0021569
4218 4217 0.0029764
6706 4217 0.0029764
6724 4217 0.0029764
1657 4220 0.00031595
4219 4220 0.00031595
4817 4220 0.00031595
4220 4221 0.00031595
4222 4221 0.00031595
4223 4224 0.00014159
6896 4224 0.00014159
7081 4224 0.00014159
4228 4227 0.0001419
4229 4227 0.0001419
6893 4227 0.0001419
166 4589 0.011604
179 4589 0.011604
4590 4589 0.011604
794 4590 0.0018592
4589 4590 0.0018592
5798 4590 0.0018592
1510 4608 0.00010573
3230 4608 0.00010573
4609 4608 0.00010573
1498 4634 0.0002136
1501 4634 0.0002136
4635 4634 0.0002136
6737 4659 0.00053703
2646 4664 0.0012816
5774 4664 0.0012816
5775 4664 0.0012816
4191 4665 0.013634
4666 4665 0.013634
6469 4665 0.013634
6742 4685 0.0004873
2327 4707 0.00011327
4708 4707 0.00011327
5968 4707 0.00011327
3189 4708 0.79912
4707 4708 0.79912
5981 4708 0.79912
7130 4708 0.79912
1537 4709 0.0064904
4710 4709 0.0064904
5063 4710 0.0075254
563 4802 0.0024062
2888 4802 0.0024062
4801 4802 0.0024062
176 4804 0.00047944
4803 4804 0.00047944
6267 4804 0.00047944
6269 4804 0.00047944
4805 4806 0.0007481
6431 4806 0.0007481
6434 4806 0.0007481
5064 5063 0.0076582
5240 5063 0.0076582
4659 5064 0.00053935
5065 5064 0.00053935
4685 5085 0.00046401
5086 5085 0.00046401
5091 5090 0.00045414
5838 5090 0.00045414
1128 5091 0.00047245
5092 5091 0.00047245
3317 5239 0.0021502
5238 5239 0.0021502
7089 5239 0.0021502
5241 5240 0.0071191
5738 5240 0.0071191
7218 5240 0.0071191
739 5250 0.00015801
2885 5250 0.00015801
5251 5250 0.00015801
4597 5252 0.00015722
5250 5252 0.00015722
5253 5252 0.00015722
1118 5261 0.99951
5262 5261 0.99951
5261 5263 0.99951
5264 5263 0.99951
6120 5263 0.99951
5263 5265 0.99951
5266 5265 0.99951
3122 5269 0.00011614
5270 5269 0.00011614
6233 5269 0.00011614
2753 5270 0.00070758
3327 5270 0.00070758
5237 5270 0.00070758
5063 5395 0.00013286
738 5576 0.00063978
2913 5576 0.00063978
5577 5576 0.00063978
5576 5577 0.004057
5579 5577 0.004057
5576 5578 0.00063956
5579 5578 0.00063956
5578 5579 0.0044126
5583 5579 0.0044126
5584 5579 0.0044126
1233 5581 0.98671
5580 5581 0.98671
5582 5581 0.98671
5578 5582 0.99332
5583 5582 0.99332
5584 5582 0.99332
5265 5584 0.99709
5585 5584 0.99709
6124 5584 0.99709
2350 5669 0.00012981
5671 5669 0.00012981
5836 5669 0.00012981
2348 5738 0.0069907
5239 5738 0.0069907
5739 5738 0.0069907
4205 5740 0.00013595
5741 5740 0.00013595
5742 5740 0.00013595
4213 5742 0.00018479
5743 5742 0.00018479
5744 5742 0.00018479
1655 5744 0.00020469
5745 5744 0.00020469
5901 5744 0.00020469
5904 5744 0.00020469
4664 5771 0.01488
4665 5771 0.01488
2646 5773 0.00039374
5774 5773 0.00039374
5775 5773 0.00039374
5776 5775 0.0016521
6468 5775 0.0016521
5780 5779 0.00050312
5781 5779 0.00050312
5786 5779 0.00050312
981 5780 0.010713
5779 5780 0.010713
6433 5780 0.010713
6436 5780 0.010713
2632 5781 0.00014806
5782 5781 0.00014806
5883 5781 0.00014806
5886 5781 0.00014806
5780 5782 0.008947
5781 5782 0.008947
5786 5782 0.008947
4175 5783 0.024843
4176 5783 0.024843
5784 5783 0.024843
5785 5783 0.024843
5783 5784 0.0022802
5788 5784 0.0022802
5796 5784 0.0022802
5780 5785 0.0023839
5781 5785 0.0023839
5786 5785 0.0023839
4175 5786 0.00097263
4176 5786 0.00097263
5784 5786 0.00097263
5785 5786 0.00097263
5783 5787 0.009108
5788 5787 0.009108
5796 5787 0.009108
5787 5788 0.032505
5914 5788 0.032505
5915 5788 0.032505
5790 5789 0.023603
5791 5789 0.023603
5932 5789 0.023603
5969 5789 0.023603
5789 5790 0.055114
5911 5790 0.055114
5913 5790 0.055114
5982 5790 0.055114
5792 5791 0.012548
5891 5791 0.012548
5894 5791 0.012548
5790 5792 0.061764
5791 5792 0.061764
5932 5792 0.061764
5969 5792 0.061764
5794 5793 0.038012
5931 5793 0.038012
5795 5794 0.012901
5887 5794 0.012901
5890 5794 0.012901
5794 5795 0.013519
5931 5795 0.013519
4172 5796 0.0052973
5797 5796 0.0052973
5783 5797 0.051257
5788 5797 0.051257
5796 5797 0.051257
165 5798 0.015401
792 5798 0.015401
5799 5798 0.015401
794 5799 0.0093528
4589 5799 0.0093528
5798 5799 0.0093528
5819 5818 0.0024231
5821 5818 0.0024231
6123 5818 0.0024231
3335 5822 0.00047878
5823 5822 0.00047878
5831 5822 0.00047878
6967 5822 0.00047878
5822 5823 0.00077043
6963 5823 0.00077043
7102 5823 0.00077043
7104 5823 0.00077043
5824 5825 0.00090063
6964 5825 0.00090063
7100 5825 0.00090063
5825 5827 0.00015083
5826 5827 0.00015083
5830 5827 0.00015083
5825 5831 0.0008003
5826 5831 0.0008003
5830 5831 0.0008003
6877 5835 0.00045401
5773 5879 0.00039374
5880 5879 0.00039374
5879 5881 0.00039374
5882 5881 0.00039374
569 5883 0.00076545
4806 5883 0.00076545
5884 5883 0.00076545
2632 5885 0.0096691
5782 5885 0.0096691
5883 5885 0.0096691
5886 5885 0.0096691
4181 5886 0.00015723
4182 5886 0.00015723
5885 5886 0.00015723
5888 5886 0.00015723
4181 5887 0.02865
4182 5887 0.02865
5885 5887 0.02865
5888 5887 0.02865
5795 5888 0.012819
5887 5888 0.012819
5890 5888 0.012819
5795 5889 0.03664
5887 5889 0.03664
5890 5889 0.03664
4163 5890 0.020192
4164 5890 0.020192
5889 5890 0.020192
5892 5890 0.020192
4163 5891 0.026365
4164 5891 0.026365
5889 5891 0.026365
5892 5891 0.026365
5792 5892 0.049123
5891 5892 0.049123
5894 5892 0.049123
5792 5893 0.054321
5891 5893 0.054321
5894 5893 0.054321
5893 5894 0.027864
7255 5894 0.027864
2329 5895 0.0029908
5896 5895 0.0029908
7254 5895 0.0029908
7258 5895 0.0029908
5895 5896 0.0031314
7253 5896 0.0031314
942 5897 0.00010595
945 5897 0.00010595
5898 5897 0.00010595
7252 5897 0.00010595
5897 5898 0.0034897
5900 5898 0.0034897
5983 5898 0.0034897
5897 5899 0.00014615
5900 5899 0.00014615
5983 5899 0.00014615
5899 5900 0.0023927
5902 5900 0.0023927
5910 5900 0.0023927
1655 5902 0.0025374
5745 5902 0.0025374
5901 5902 0.0025374
5904 5902 0.0025374
2349 5904 0.0027367
5903 5904 0.0027367
5986 5904 0.0027367
7105 5904 0.0027367
2344 5905 0.0014243
2347 5905 0.0014243
5906 5905 0.0014243
719 5907 0.0014174
5908 5907 0.0014174
7109 5907 0.0014174
5899 5909 0.0002358
5902 5909 0.0002358
5910 5909 0.0002358
5787 5913 0.009108
5914 5913 0.009108
5915 5913 0.009108
5789 5914 0.032505
5911 5914 0.032505
5913 5914 0.032505
5982 5914 0.032505
4189 5917 0.0094798
4190 5917 0.0094798
5918 5917 0.0094798
5917 5918 0.00095466
5920 5918 0.00095466
5978 5918 0.00095466
5917 5919 0.0078585
5920 5919 0.0078585
5978 5919 0.0078585
4192 5920 0.055612
5919 5920 0.055612
5980 5920 0.055612
4185 5921 0.020102
4186 5921 0.020102
5922 5921 0.020102
5921 5922 0.011665
5924 5922 0.011665
5973 5922 0.011665
5921 5923 0.030243
5924 5923 0.030243
5973 5923 0.030243
4167 5924 0.021869
4168 5924 0.021869
5923 5924 0.021869
5926 5924 0.021869
4167 5925 0.082994
4168 5925 0.082994
5923 5925 0.082994
5926 5925 0.082994
5925 5926 0.011884
5976 5926 0.011884
5979 5926 0.011884
4183 5927 0.040648
4184 5927 0.040648
5928 5927 0.040648
5927 5928 0.0073663
5930 5928 0.0073663
5974 5928 0.0073663
5927 5929 0.047547
5930 5929 0.047547
5974 5929 0.047547
4165 5930 0.014203
4166 5930 0.014203
5929 5930 0.014203
5972 5930 0.014203
4179 5931 0.038629
4180 5931 0.038629
4170 5932 0.022144
4173 5932 0.022144
5933 5932 0.022144
5790 5933 0.032149
5791 5933 0.032149
5932 5933 0.032149
5969 5933 0.032149
3898 5934 0.98789
5581 5934 0.98789
5935 5934 0.98789
5790 5968 0.038678
5791 5968 0.038678
5932 5968 0.038678
5969 5968 0.038678
2327 5969 0.066388
4708 5969 0.066388
5968 5969 0.066388
4172 5970 0.0067742
5797 5970 0.0067742
4165 5971 0.095881
4166 5971 0.095881
5929 5971 0.095881
5972 5971 0.095881
2331 5972 0.014954
4196 5972 0.014954
5971 5972 0.014954
7256 5972 0.014954
5927 5973 0.017115
5930 5973 0.017115
5974 5973 0.017115
5921 5974 0.017178
5924 5974 0.017178
5973 5974 0.017178
5925 5975 0.072557
5976 5975 0.072557
5979 5975 0.072557
2330 5976 0.032986
2333 5976 0.032986
5975 5976 0.032986
5917 5977 0.064477
5920 5977 0.064477
5978 5977 0.064477
2334 5978 0.0081987
2337 5978 0.0081987
5977 5978 0.0081987
7152 5978 0.0081987
4192 5979 0.011464
5919 5979 0.011464
5980 5979 0.011464
5925 5980 0.043004
5976 5980 0.043004
5979 5980 0.043004
5789 5981 0.027325
5911 5981 0.027325
5913 5981 0.027325
5982 5981 0.027325
3189 5982 0.082232
4707 5982 0.082232
5981 5982 0.082232
7130 5982 0.082232
1658 5983 0.0011836
5747 5983 0.0011836
5907 5983 0.0011836
5984 5983 0.0011836
3319 5986 0.0068497
5985 5986 0.0068497
7093 5986 0.0068497
7095 5986 0.0068497
1237 6117 0.0024209
3902 6117 0.0024209
6118 6117 0.0024209
5261 6119 0.00020346
5264 6119 0.00020346
6120 6119 0.00020346
1252 6120 0.00020346
1262 6120 0.00020346
6119 6120 0.00020346
5265 6123 0.0024443
5585 6123 0.0024443
6124 6123 0.0024443
5818 6125 0.00038611
6126 6125 0.00038611
6128 6125 0.00038611
5818 6127 0.002048
6126 6127 0.002048
6128 6127 0.002048
2911 6129 0.0015425
2914 6129 0.0015425
6130 6129 0.0015425
2903 6130 0.00036711
6129 6130 0.00036711
6132 6130 0.00036711
2903 6131 0.0015425
6129 6131 0.0015425
6132 6131 0.0015425
2905 6132 0.00036711
6131 6132 0.00036711
6134 6132 0.00036711
2905 6133 0.0015797
6131 6133 0.0015797
6134 6133 0.0015797
2907 6134 0.00036881
6133 6134 0.00036881
6136 6134 0.00036881
2907 6135 0.0015763
6133 6135 0.0015763
6136 6135 0.0015763
2909 6136 0.00040091
3899 6136 0.00040091
6135 6136 0.00040091
3333 6226 0.00095743
3336 6226 0.00095743
6225 6226 0.00095743
3907 6227 0.00028992
4019 6227 0.00028992
6228 6227 0.00028992
6358 6227 0.00028992
548 6228 0.00017547
6226 6228 0.00017547
6227 6228 0.00017547
6230 6228 0.00017547
548 6229 0.00043164
6226 6229 0.00043164
6227 6229 0.00043164
6230 6229 0.00043164
6229 6230 0.00055601
6979 6230 0.00055601
7063 6230 0.00055601
6231 6232 0.00054436
6234 6232 0.00054436
6354 6232 0.00054436
3122 6234 0.00057194
5270 6234 0.00057194
6233 6234 0.00057194
180 6267 0.0026511
181 6267 0.0026511
6268 6267 0.0026511
176 6268 0.00016745
4803 6268 0.00016745
6267 6268 0.00016745
6269 6268 0.00016745
981 6434 0.00076679
5779 6434 0.00076679
6433 6434 0.00076679
6436 6434 0.00076679
981 6435 0.0016135
5779 6435 0.0016135
6433 6435 0.0016135
6436 6435 0.0016135
568 6436 0.0099418
4174 6436 0.0099418
6435 6436 0.0099418
4191 6468 0.0016535
4666 6468 0.0016535
6469 6468 0.0016535
2336 6469 0.0014002
2339 6469 0.0014002
4709 6469 0.0014002
167 6702 0.99038
6703 6702 0.99038
946 6706 0.0038193
6707 6706 0.0038193
4215 6724 0.0012793
6725 6724 0.0012793
4218 6725 0.0021569
6706 6725 0.0021569
6724 6725 0.0021569
4217 6726 0.0029764
6727 6726 0.0029764
6880 6737 0.00053703
1707 6742 0.0004873
4655 6742 0.0004873
5085 6873 0.00047233
5267 6873 0.00047233
6873 6874 0.00047233
5090 6877 0.00045401
433 6880 0.00053703
5669 6880 0.00053703
4224 6893 0.00014159
4225 6893 0.00014159
6894 6893 0.00014159
6895 6896 0.00014078
7017 6896 0.00014078
7084 6896 0.00014078
5824 6963 0.00086608
6964 6963 0.00086608
7100 6963 0.00086608
5822 6964 0.00030462
6963 6964 0.00030462
7102 6964 0.00030462
7104 6964 0.00030462
3335 6968 0.00031371
5823 6968 0.00031371
5831 6968 0.00031371
6967 6968 0.00031371
6969 6971 0.00083084
6972 6971 0.00083084
6975 6971 0.00083084
7066 6971 0.00083084
6971 6972 0.00034634
6974 6972 0.00034634
7064 6972 0.00034634
6971 6973 0.0015294
6974 6973 0.0015294
7064 6973 0.0015294
6973 6974 0.00019322
6976 6974 0.00019322
6978 6974 0.00019322
6973 6975 0.00083178
6976 6975 0.00083178
6978 6975 0.00083178
6969 6976 0.00098946
6972 6976 0.00098946
6975 6976 0.00098946
7066 6976 0.00098946
6973 6977 0.0020412
6976 6977 0.0020412
6978 6977 0.0020412
3320 6978 0.00054732
6977 6978 0.00054732
7096 6978 0.00054732
6980 6979 0.0011821
7065 6979 0.0011821
7098 6979 0.0011821
6229 6980 0.00020607
6979 6980 0.00020607
7063 6980 0.00020607
6982 6981 0.00011216
6984 6981 0.00011216
6986 6981 0.00011216
3318 6984 0.0002353
6983 6984 0.0002353
7092 6984 0.0002353
6982 6985 0.00015307
6984 6985 0.00015307
6986 6985 0.00015307
6985 6987 0.00022871
6988 6987 0.00022871
6989 6987 0.00022871
6981 6989 0.00011216
6990 6989 0.00011216
6987 6991 0.00017065
6992 6991 0.00017065
6994 6991 0.00017065
6987 6993 0.00012871
6992 6993 0.00012871
6994 6993 0.00012871
6991 6996 0.00014933
6995 6996 0.00014933
7000 6996 0.00014933
6993 6997 0.00024601
6996 6997 0.00024601
6998 6997 0.00024601
7001 6997 0.00024601
7021 7020 0.00060461
7023 7020 0.00060461
7025 7020 0.00060461
7036 7020 0.00060461
7020 7021 0.00048692
7032 7021 0.00048692
7035 7021 0.00048692
7021 7022 0.00049814
7023 7022 0.00049814
7025 7022 0.00049814
7036 7022 0.00049814
7022 7023 0.00029654
7029 7023 0.00029654
7031 7023 0.00029654
7033 7023 0.00029654
7021 7024 0.00085058
7023 7024 0.00085058
7025 7024 0.00085058
7036 7024 0.00085058
7024 7025 0.00065861
7027 7025 0.00065861
7077 7025 0.00065861
7080 7025 0.00065861
1230 7031 0.00066483
7030 7031 0.00066483
7078 7031 0.00066483
7022 7032 0.00087543
7029 7032 0.00087543
7031 7032 0.00087543
7033 7032 0.00087543
7020 7034 0.0010319
7032 7034 0.0010319
7035 7034 0.0010319
7034 7035 0.00012174
7037 7035 0.00012174
7039 7035 0.00012174
7034 7036 0.00082451
7037 7036 0.00082451
7039 7036 0.00082451
7021 7037 0.00031325
7023 7037 0.00031325
7025 7037 0.00031325
7036 7037 0.00031325
7034 7038 0.0007577
7037 7038 0.0007577
7039 7038 0.0007577
7038 7039 0.00035876
7041 7039 0.00035876
7043 7039 0.00035876
7038 7040 0.00075054
7041 7040 0.00075054
7043 7040 0.00075054
1227 7041 0.00037421
7040 7041 0.00037421
7075 7041 0.00037421
7079 7041 0.00037421
2342 7056 1
7057 7056 1
7074 7056 1
7056 7061 1
7059 7061 1
7062 7061 1
6971 7063 0.0001877
6974 7063 0.0001877
7064 7063 0.0001877
6229 7064 0.0010394
6979 7064 0.0010394
7063 7064 0.0010394
6969 7065 0.0004264
6972 7065 0.0004264
6975 7065 0.0004264
7066 7065 0.0004264
6980 7066 0.0010686
7065 7066 0.0010686
7098 7066 0.0010686
4227 7074 0.00016007
5937 7074 0.00016007
7073 7074 0.00016007
1653 7075 0.00055283
7054 7075 0.00055283
7076 7075 0.00055283
1227 7076 0.0097057
7040 7076 0.0097057
7075 7076 0.0097057
7079 7076 0.0097057
7024 7078 0.00066483
7027 7078 0.00066483
7077 7078 0.00066483
7080 7078 0.00066483
7024 7079 0.00064384
7027 7079 0.00064384
7077 7079 0.00064384
7080 7079 0.00064384
1227 7080 0.0010463
7040 7080 0.0010463
7075 7080 0.0010463
7079 7080 0.0010463
3790 7084 0.00013792
3794 7084 0.00013792
7083 7084 0.00013792
6997 7089 0.0021459
7090 7089 0.0021459
7091 7089 0.0021459
3318 7091 0.0020215
6983 7091 0.0020215
7092 7091 0.0020215
547 7093 0.0017107
2073 7093 0.0017107
7094 7093 0.0017107
3320 7095 0.0074963
6977 7095 0.0074963
7096 7095 0.0074963
3319 7096 0.00021417
5985 7096 0.00021417
7093 7096 0.00021417
7095 7096 0.00021417
6980 7097 0.00017277
7065 7097 0.00017277
7098 7097 0.00017277
3321 7098 0.001791
3322 7098 0.001791
7097 7098 0.001791
3325 7100 0.001521
3326 7100 0.001521
7099 7100 0.001521
6965 7102 0.00031371
6968 7102 0.00031371
7101 7102 0.00031371
5822 7103 0.001037
6963 7103 0.001037
7102 7103 0.001037
7104 7103 0.001037
3323 7104 0.00054827
3324 7104 0.00054827
7103 7104 0.00054827
6961 7105 0.00068935
7106 7105 0.00068935
7107 7105 0.00068935
2346 7107 0.00068935
6960 7107 0.00068935
7108 7107 0.00068935
5905 7109 0.0014174
6955 7109 0.0014174
7110 7109 0.0014174
2324 7130 0.85392
7131 7130 0.85392
6726 7152 0.0029764
7153 7152 0.0029764
5740 7218 0.00013595
7219 7218 0.00013595
1232 7248 0.0086248
7249 7248 0.0086248
1235 7249 0.002018
7248 7249 0.002018
7250 7249 0.002018
1235 7251 0.0090306
7248 7251 0.0090306
7250 7251 0.0090306
5895 7252 0.0029908
7253 7252 0.0029908
942 7253 0.0031314
945 7253 0.0031314
5898 7253 0.0031314
7252 7253 0.0031314
5893 7254 0.054321
7255 7254 0.054321
2329 7255 0.027864
5896 7255 0.027864
7254 7255 0.027864
7258 7255 0.027864
2328 7256 0.79799
7257 7256 0.79799
2326 7258 0.77141
7259 7258 0.77141
2329 7259 0.00011034
5896 7259 0.00011034
7254 7259 0.00011034
7258 7259 0.00011034
