1226 1227 0.97514
1536 1227 0.97514
4200 1227 0.97514
1537 1536 0.94388
4710 1536 0.94388
1654 1653 0.023506
2340 1653 0.023506
2343 1653 0.023506
1653 1654 0.0064008
7054 1654 0.0064008
7076 1654 0.0064008
2332 2334 0.00011912
2335 2334 0.00011912
4216 2334 0.00011912
2334 2336 0.00024376
2337 2336 0.00024376
5977 2336 0.00024376
7152 2336 0.00024376
2336 2337 0.0001133
2339 2337 0.0001133
4709 2337 0.0001133
2336 2338 0.047209
2339 2338 0.047209
4709 2338 0.047209
2338 2340 0.022578
2341 2340 0.022578
4198 2340 0.022578
1654 2341 0.0065227
2340 2341 0.0065227
2343 2341 0.0065227
2342 2343 0.0010534
7057 2343 0.0010534
7074 2343 0.0010534
2349 2348 1.0004
5903 2348 1.0004
5986 2348 1.0004
7105 2348 1.0004
2351 2350 0.00021694
4656 2350 0.00021694
7014 2350 0.00021694
7087 2350 0.00021694
3317 3316 0.00029769
5238 3316 0.00029769
7089 3316 0.00029769
3318 3319 0.00010553
6983 3319 0.00010553
7092 3319 0.00010553
4199 3791 0.0091473
5395 3791 0.0091473
5396 3792 0.00028898
5397 3792 0.00028898
3791 3793 0.0089561
3793 3794 0.0088664
5993 3794 0.0088664
7115 3794 0.0088664
5771 4198 0.00017631
5881 4198 0.00017631
2338 4200 0.031327
2341 4200 0.031327
4198 4200 0.031327
4223 4224 0.0010522
6896 4224 0.0010522
7081 4224 0.0010522
4228 4227 0.0010516
4229 4227 0.0010516
6893 4227 0.0010516
6737 4659 0.00029601
4191 4665 0.00013634
4666 4665 0.00013634
6469 4665 0.00013634
1537 4709 0.047335
4710 4709 0.047335
5063 4710 0.99114
5064 5063 1.0002
5240 5063 1.0002
4659 5064 0.00058491
5065 5064 0.00058491
3792 5065 0.0002889
2348 5238 0.00053048
5239 5238 0.00053048
5739 5238 0.00053048
3317 5239 0.00015361
5238 5239 0.00015361
7089 5239 0.00015361
5241 5240 0.99966
5738 5240 0.99966
7218 5240 0.99966
5063 5395 0.0091066
3791 5396 0.00019117
2350 5669 0.00029576
5671 5669 0.00029576
5836 5669 0.00029576
2348 5738 1
5239 5738 1
5739 5738 1
5740 5741 0.00040879
7219 5741 0.00040879
4205 5743 0.00034057
5741 5743 0.00034057
5742 5743 0.00034057
4213 5745 0.00034311
5743 5745 0.00034311
5744 5745 0.00034311
4664 5771 0.0001668
4665 5771 0.0001668
1655 5903 0.0003421
5745 5903 0.0003421
5901 5903 0.0003421
5904 5903 0.0003421
2336 6469 0.00025979
2339 6469 0.00025979
4709 6469 0.00025979
6880 6737 0.00029601
433 6880 0.00029601
5669 6880 0.00029601
4224 6893 0.0010522
4225 6893 0.0010522
6894 6893 0.0010522
6895 6896 0.002194
7017 6896 0.002194
7084 6896 0.002194
6985 6987 0.00010298
6988 6987 0.00010298
6989 6987 0.00010298
6987 6991 0.00011124
6992 6991 0.00011124
6994 6991 0.00011124
6991 6996 0.00010036
6995 6996 0.00010036
7000 6996 0.00010036
6993 6997 0.00015178
6996 6997 0.00015178
6998 6997 0.00015178
7001 6997 0.00015178
6895 7016 0.006687
7017 7016 0.006687
7084 7016 0.006687
4811 7019 0.0011468
7018 7019 0.0011468
7082 7019 0.0011468
7021 7020 0.36937
7023 7020 0.36937
7025 7020 0.36937
7036 7020 0.36937
7020 7021 0.3327
7032 7021 0.3327
7035 7021 0.3327
7021 7022 0.6587
7023 7022 0.6587
7025 7022 0.6587
7036 7022 0.6587
7022 7023 0.11476
7029 7023 0.11476
7031 7023 0.11476
7033 7023 0.11476
7021 7024 0.30313
7023 7024 0.30313
7025 7024 0.30313
7036 7024 0.30313
7024 7025 0.38453
7027 7025 0.38453
7077 7025 0.38453
7080 7025 0.38453
7016 7027 0.0078207
7019 7027 0.0078207
7026 7027 0.0078207
7022 7030 0.0054857
7029 7030 0.0054857
7031 7030 0.0054857
7033 7030 0.0054857
1230 7031 0.6726
7030 7031 0.6726
7078 7031 0.6726
7022 7032 0.48409
7029 7032 0.48409
7031 7032 0.48409
7033 7032 0.48409
7020 7033 0.27305
7032 7033 0.27305
7035 7033 0.27305
7020 7034 0.46528
7032 7034 0.46528
7035 7034 0.46528
7034 7035 0.21757
7037 7035 0.21757
7039 7035 0.21757
7034 7036 0.60368
7037 7036 0.60368
7039 7036 0.60368
7021 7037 0.10446
7023 7037 0.10446
7025 7037 0.10446
7036 7037 0.10446
7034 7038 0.14759
7037 7038 0.14759
7039 7038 0.14759
7038 7039 0.39908
7041 7039 0.39908
7043 7039 0.39908
7038 7040 0.14732
7041 7040 0.14732
7043 7040 0.14732
1227 7041 0.39962
7040 7041 0.39962
7075 7041 0.39962
7079 7041 0.39962
7038 7042 0.0011797
7041 7042 0.0011797
7043 7042 0.0011797
7042 7043 0.00037633
7045 7043 0.00037633
7042 7044 0.0011797
7045 7044 0.0011797
7044 7045 0.00037633
7047 7045 0.00037633
7044 7046 0.0011797
7047 7046 0.0011797
7046 7047 0.00037633
7049 7047 0.00037633
7046 7048 0.0011797
7049 7048 0.0011797
7048 7049 0.00037633
7051 7049 0.00037633
7048 7050 0.0011797
7051 7050 0.0011797
7050 7051 0.00037633
7053 7051 0.00037633
7050 7052 0.0011797
7053 7052 0.0011797
7052 7053 0.00037633
7055 7053 0.00037633
7052 7054 0.0011797
7055 7054 0.0011797
1653 7055 0.00037633
7054 7055 0.00037633
7076 7055 0.00037633
4227 7074 0.0010534
5937 7074 0.0010534
7073 7074 0.0010534
1653 7075 0.024597
7054 7075 0.024597
7076 7075 0.024597
1227 7076 0.0066879
7040 7076 0.0066879
7075 7076 0.0066879
7079 7076 0.0066879
1230 7077 0.0054857
7030 7077 0.0054857
7078 7077 0.0054857
7024 7078 0.6726
7027 7078 0.6726
7077 7078 0.6726
7080 7078 0.6726
7024 7079 0.0068305
7027 7079 0.0068305
7077 7079 0.0068305
7080 7079 0.0068305
1227 7080 0.74753
7040 7080 0.74753
7075 7080 0.74753
7079 7080 0.74753
4223 7082 0.0011468
6896 7082 0.0011468
7081 7082 0.0011468
3790 7084 0.0088583
3794 7084 0.0088583
7083 7084 0.0088583
3316 7087 0.00021688
7005 7087 0.00021688
7008 7087 0.00021688
7088 7087 0.00021688
6997 7089 0.00015215
7090 7089 0.00015215
7091 7089 0.00015215
3317 7090 0.00023401
5238 7090 0.00023401
7089 7090 0.00023401
6997 7092 0.00018931
7090 7092 0.00018931
7091 7092 0.00018931
5241 7219 0.00040879
5738 7219 0.00040879
7218 7219 0.00040879
