57 58 0.00034997
60 58 0.00034997
4610 58 0.00034997
57 59 0.00033649
60 59 0.00033649
4610 59 0.00033649
59 60 0.0053488
3420 60 0.0053488
3421 60 0.0053488
5835 433 0.00010484
521 522 1.007
3424 522 1.007
3890 522 1.007
524 523 0.0013399
1965 523 0.0013399
2884 523 0.0013399
523 524 0.00055295
564 524 0.00055295
6447 524 0.00055295
548 547 0.039038
6226 547 0.039038
6227 547 0.039038
6230 547 0.039038
547 548 0.0011173
2073 548 0.0011173
7094 548 0.0011173
523 563 0.001817
564 563 0.001817
6447 563 0.001817
563 564 0.0042228
2888 564 0.0042228
4801 564 0.0042228
566 565 0.011318
2878 565 0.011318
6439 565 0.011318
568 567 0.019441
4174 567 0.019441
6435 567 0.019441
567 568 0.07212
1467 568 0.07212
727 732 0.00017331
731 732 0.00017331
7126 732 0.00017331
734 733 0.00025702
2879 733 0.00025702
5252 733 0.00025702
522 735 1.0002
736 735 1.0002
3419 735 1.0002
3434 735 1.0002
735 738 0.84764
737 738 0.84764
740 738 0.84764
735 739 0.15294
737 739 0.15294
740 739 0.15294
739 740 0.00033943
2885 740 0.00033943
5251 740 0.00033943
762 763 0.00021496
764 763 0.00021496
3428 763 0.00021496
796 795 0.00018413
2875 795 0.00018413
3441 795 0.00018413
732 797 0.00017318
798 797 0.00017318
7216 797 0.00017318
943 942 0.00019645
4221 942 0.00019645
4815 942 0.00019645
942 943 0.00011209
945 943 0.00011209
5898 943 0.00011209
7252 943 0.00011209
942 944 0.0021234
945 944 0.0021234
5898 944 0.0021234
7252 944 0.0021234
944 946 0.0021465
947 946 0.0021465
4210 946 0.0021465
948 950 0.001123
951 950 0.001123
6355 950 0.001123
565 981 0.15262
980 981 0.15262
983 981 0.15262
982 983 0.14133
985 983 0.14133
2889 983 0.14133
984 985 0.14133
987 985 0.14133
2891 985 0.14133
2893 985 0.14133
986 987 0.14133
2895 987 0.14133
4802 987 0.14133
995 994 0.0022532
6359 994 0.0022532
6360 994 0.0022532
994 995 0.00033064
997 995 0.00033064
2076 995 0.00033064
2077 995 0.00033064
994 996 0.0010584
997 996 0.0010584
2076 996 0.0010584
2077 996 0.0010584
996 997 0.00033715
3119 997 0.00033715
4790 997 0.00033715
6237 997 0.00033715
1110 1111 0.00011235
2880 1111 0.00011235
2881 1111 0.00011235
1466 1117 0.03395
2325 1117 0.03395
1227 1226 0.0013858
7040 1226 0.0013858
7075 1226 0.0013858
7079 1226 0.0013858
1226 1227 0.36482
1536 1227 0.36482
4200 1227 0.36482
1233 1232 0.30655
5580 1232 0.30655
5582 1232 0.30655
1234 1235 0.00010663
5816 1235 0.00010663
6117 1235 0.00010663
567 1466 0.4894
1467 1466 0.4894
1468 1467 0.54208
5934 1467 0.54208
1117 1468 0.0013376
2345 1468 0.0013376
1537 1536 0.047288
4710 1536 0.047288
1226 1537 0.000411
1536 1537 0.000411
4200 1537 0.000411
1654 1653 0.3135
2340 1653 0.3135
2343 1653 0.3135
1653 1654 0.0028001
7054 1654 0.0028001
7076 1654 0.0028001
1656 1655 0.0010645
5746 1655 0.0010645
5748 1655 0.0010645
1658 1657 0.00019645
5747 1657 0.00019645
5907 1657 0.00019645
5984 1657 0.00019645
1657 1658 0.00011209
4219 1658 0.00011209
4817 1658 0.00011209
5576 1966 0.00025281
5579 1966 0.00025281
2072 2071 0.00095037
2074 2071 0.00095037
2075 2071 0.00095037
3906 2071 0.00095037
2071 2072 0.0007126
6238 2072 0.0007126
6239 2072 0.0007126
2072 2073 0.016558
2074 2073 0.016558
2075 2073 0.016558
3906 2073 0.016558
547 2074 0.00063465
2073 2074 0.00063465
7094 2074 0.00063465
994 2075 0.0032264
997 2075 0.0032264
2076 2075 0.0032264
2077 2075 0.0032264
2072 2076 0.0007531
2074 2076 0.0007531
2075 2076 0.0007531
3906 2076 0.0007531
2078 2077 0.0018181
2358 2077 0.0018181
2361 2077 0.0018181
6371 2077 0.0018181
994 2078 0.00054616
997 2078 0.00054616
2076 2078 0.00054616
2077 2078 0.00054616
1466 2324 0.4555
2325 2324 0.4555
2327 2326 0.41651
4708 2326 0.41651
5968 2326 0.41651
2329 2328 0.44282
5896 2328 0.44282
7254 2328 0.44282
7258 2328 0.44282
2328 2329 0.00013619
7257 2329 0.00013619
2331 2330 0.5256
4196 2330 0.5256
5971 2330 0.5256
7256 2330 0.5256
2330 2332 0.57403
2333 2332 0.57403
5975 2332 0.57403
2332 2334 0.57444
2335 2334 0.57444
4216 2334 0.57444
2334 2336 0.62856
2337 2336 0.62856
5977 2336 0.62856
7152 2336 0.62856
2336 2338 0.63029
2339 2338 0.63029
4709 2338 0.63029
2338 2340 0.32575
2341 2340 0.32575
4198 2340 0.32575
1654 2341 0.0026933
2340 2341 0.0026933
2343 2341 0.0026933
1654 2342 0.012438
2340 2342 0.012438
2343 2342 0.012438
1117 2344 0.032615
2345 2344 0.032615
2344 2346 0.027912
2347 2346 0.027912
5906 2346 0.027912
2349 2348 0.23103
5903 2348 0.23103
5986 2348 0.23103
7105 2348 0.23103
2348 2349 0.00036989
5239 2349 0.00036989
5739 2349 0.00036989
2351 2350 0.00056636
4656 2350 0.00056636
7014 2350 0.00056636
7087 2350 0.00056636
2352 2354 0.0039048
2355 2354 0.0039048
5269 2354 0.0039048
2354 2356 0.0025219
2357 2356 0.0025219
2356 2358 0.0033279
2359 2358 0.0033279
6362 2358 0.0033279
7160 2358 0.0033279
2078 2360 0.0021068
2358 2360 0.0021068
2361 2360 0.0021068
6371 2360 0.0021068
2360 2362 0.0020202
2363 2362 0.0020202
3120 2362 0.0020202
2362 2364 0.0020767
2365 2364 0.0020767
6395 2364 0.0020767
2364 2366 0.0030304
2367 2366 0.0030304
6366 2366 0.0030304
6367 2366 0.0030304
2752 2753 0.30664
7251 2753 0.30664
2877 2878 0.011127
2882 2878 0.011127
6443 2878 0.011127
6446 2878 0.011127
1110 2879 0.00021987
2880 2879 0.00021987
2881 2879 0.00021987
734 2880 0.0090525
2879 2880 0.0090525
5252 2880 0.0090525
2877 2881 0.00022021
2882 2881 0.00022021
6443 2881 0.00022021
6446 2881 0.00022021
1110 2882 0.0089727
2880 2882 0.0089727
2881 2882 0.0089727
524 2883 0.00055295
1965 2883 0.00055295
2884 2883 0.00055295
2883 2884 0.0013399
6445 2884 0.0013399
6448 2884 0.0013399
739 2886 0.14378
2885 2886 0.14378
5251 2886 0.14378
2886 2888 0.14378
2887 2888 0.14378
2901 2888 0.14378
2906 2905 0.00029721
3893 2905 0.00029721
3894 2905 0.00029721
2905 2906 0.00013946
6131 2906 0.00013946
6134 2906 0.00013946
2908 2907 0.00013946
3895 2907 0.00013946
3897 2907 0.00013946
2907 2908 0.00029721
6133 2908 0.00029721
6136 2908 0.00029721
2911 2913 0.00032403
2914 2913 0.00032403
6130 2913 0.00032403
738 2914 0.029339
2913 2914 0.029339
5577 2914 0.029339
2360 3119 0.00056252
2363 3119 0.00056252
3120 3119 0.00056252
996 3120 0.00048707
3119 3120 0.00048707
4790 3120 0.00048707
6237 3120 0.00048707
3122 3121 0.00077757
5270 3121 0.00077757
6233 3121 0.00077757
3317 3316 0.0007079
5238 3316 0.0007079
7089 3316 0.0007079
3316 3317 0.00069347
7005 3317 0.00069347
7008 3317 0.00069347
7088 3317 0.00069347
3319 3318 0.10139
5985 3318 0.10139
7093 3318 0.10139
7095 3318 0.10139
3318 3319 0.0019352
6983 3319 0.0019352
7092 3319 0.0019352
3321 3320 0.2084
3322 3320 0.2084
7097 3320 0.2084
3320 3321 0.010195
6977 3321 0.010195
7096 3321 0.010195
3323 3322 0.25474
3324 3322 0.25474
7103 3322 0.25474
3321 3323 0.0018692
3322 3323 0.0018692
7097 3323 0.0018692
3325 3324 0.24718
3326 3324 0.24718
7099 3324 0.24718
3323 3325 0.011401
3324 3325 0.011401
7103 3325 0.011401
2753 3326 0.2842
3327 3326 0.2842
5237 3326 0.2842
3325 3327 0.00042742
3326 3327 0.00042742
7099 3327 0.00042742
3332 3331 0.00011684
3334 3331 0.00011684
3331 3332 0.0049579
5827 3332 0.0049579
5829 3332 0.0049579
3332 3333 0.0049579
3334 3333 0.0049579
3333 3334 0.00011684
3336 3334 0.00011684
6225 3334 0.00011684
3333 3335 0.0013585
3336 3335 0.0013585
6225 3335 0.0013585
3335 3336 0.027419
5823 3336 0.027419
5831 3336 0.027419
6967 3336 0.027419
1477 3382 0.0001403
3381 3382 0.0001403
3388 3382 0.0001403
3382 3384 0.0001405
3383 3384 0.0001405
6067 3384 0.0001405
58 3417 0.00034997
519 3417 0.00034997
3418 3417 0.00034997
59 3419 0.00033649
3420 3419 0.00033649
3421 3419 0.00033649
522 3420 0.0053488
736 3420 0.0053488
3419 3420 0.0053488
3434 3420 0.0053488
1966 3424 0.00025281
3423 3424 0.00025281
763 3425 0.00021496
3426 3425 0.00021496
3427 3428 0.00021496
3429 3428 0.00021496
6139 3428 0.00021496
6461 3428 0.00021496
3427 3430 0.0066081
3429 3430 0.0066081
6139 3430 0.0066081
6461 3430 0.0066081
522 3433 0.0068026
736 3433 0.0068026
3419 3433 0.0068026
3434 3433 0.0068026
561 3434 0.0050305
3433 3434 0.0050305
6459 3434 0.0050305
6462 3434 0.0050305
3436 3441 0.00013479
3442 3441 0.00013479
3443 3441 0.00013479
4595 3441 0.00013479
4199 3791 0.31362
5395 3791 0.31362
5396 3792 0.0001058
5397 3792 0.0001058
3791 3793 0.31355
3793 3794 0.31351
5993 3794 0.31351
7115 3794 0.31351
3425 3890 0.0067694
3430 3890 0.0067694
3891 3890 0.0067694
2908 3894 0.00029721
3895 3894 0.00029721
3897 3894 0.00029721
2906 3895 0.00013946
3893 3895 0.00013946
3894 3895 0.00013946
2909 3898 0.029334
3899 3898 0.029334
6135 3898 0.029334
3898 3899 0.00031873
5581 3899 0.00031873
5935 3899 0.00031873
3907 3906 0.01424
4019 3906 0.01424
6228 3906 0.01424
6358 3906 0.01424
2072 3907 0.00055259
2074 3907 0.00055259
2075 3907 0.00055259
3906 3907 0.00055259
4020 4019 0.018351
6232 4019 0.018351
6351 4019 0.018351
3907 4020 0.0001146
4019 4020 0.0001146
6228 4020 0.0001146
6358 4020 0.0001146
4163 4162 0.0060388
4164 4162 0.0060388
5889 4162 0.0060388
5892 4162 0.0060388
4162 4163 0.073661
4171 4163 0.073661
5793 4163 0.073661
4165 4164 0.0047688
4166 4164 0.0047688
5929 4164 0.0047688
5972 4164 0.0047688
4163 4165 0.11894
4164 4165 0.11894
5889 4165 0.11894
5892 4165 0.11894
4167 4166 0.0087086
4168 4166 0.0087086
5923 4166 0.0087086
5926 4166 0.0087086
4165 4167 0.082168
4166 4167 0.082168
5929 4167 0.082168
5972 4167 0.082168
4169 4168 0.0056388
4193 4168 0.0056388
4194 4168 0.0056388
4167 4169 0.021479
4168 4169 0.021479
5923 4169 0.021479
5926 4169 0.021479
4162 4170 0.010019
4171 4170 0.010019
5793 4170 0.010019
4170 4171 0.042172
4173 4171 0.042172
5933 4171 0.042172
4170 4172 0.004238
4173 4172 0.004238
5933 4172 0.004238
4172 4173 0.035539
5797 4173 0.035539
4175 4174 0.00040859
4176 4174 0.00040859
5784 4174 0.00040859
5785 4174 0.00040859
568 4175 0.11173
4174 4175 0.11173
6435 4175 0.11173
4177 4176 0.0017362
4178 4176 0.0017362
5970 4176 0.0017362
4175 4177 0.10551
4176 4177 0.10551
5784 4177 0.10551
5785 4177 0.10551
4179 4178 0.00047693
4180 4178 0.00047693
4177 4179 0.10935
4178 4179 0.10935
5970 4179 0.10935
4181 4180 0.00814
4182 4180 0.00814
5885 4180 0.00814
5888 4180 0.00814
4179 4181 0.078763
4180 4181 0.078763
4183 4182 0.0050142
4184 4182 0.0050142
5928 4182 0.0050142
4181 4183 0.10622
4182 4183 0.10622
5885 4183 0.10622
5888 4183 0.10622
4185 4184 0.008799
4186 4184 0.008799
5922 4184 0.008799
4183 4185 0.06454
4184 4185 0.06454
5928 4185 0.06454
4187 4186 0.0029868
4188 4186 0.0029868
4195 4186 0.0029868
4185 4187 0.045806
4186 4187 0.045806
5922 4187 0.045806
4189 4188 0.00026625
4190 4188 0.00026625
5918 4188 0.00026625
4187 4189 0.042099
4188 4189 0.042099
4195 4189 0.042099
4191 4190 0.00048385
4666 4190 0.00048385
6469 4190 0.00048385
4189 4191 0.032134
4190 4191 0.032134
5918 4191 0.032134
4169 4192 0.021337
4193 4192 0.021337
4194 4192 0.021337
4192 4193 0.0045093
5919 4193 0.0045093
5980 4193 0.0045093
4187 4194 0.0058934
4188 4194 0.0058934
4195 4194 0.0058934
4169 4195 0.0049064
4193 4195 0.0049064
4194 4195 0.0049064
5771 4198 0.032962
5881 4198 0.032962
7116 4199 0.02363
2338 4200 0.34018
2341 4200 0.34018
4198 4200 0.34018
4204 4205 0.00047531
4206 4205 0.00047531
4207 4205 0.00047531
4211 4205 0.00047531
4205 4206 0.00021916
5741 4206 0.00021916
5742 4206 0.00021916
4201 4207 0.00037088
4208 4207 0.00037088
4209 4207 0.00037088
5909 4207 0.00037088
4204 4208 0.00011635
4206 4208 0.00011635
4207 4208 0.00011635
4211 4208 0.00011635
944 4209 0.00012196
947 4209 0.00012196
4210 4209 0.00012196
4201 4210 0.0001707
4208 4210 0.0001707
4209 4210 0.0001707
5909 4210 0.0001707
4212 4211 0.00015388
4214 4211 0.00015388
4204 4212 0.00015226
4206 4212 0.00015226
4207 4212 0.00015226
4211 4212 0.00015226
4212 4213 0.00015226
4214 4213 0.00015226
4213 4214 0.00015388
5743 4214 0.00015388
5744 4214 0.00015388
2332 4215 0.00081075
2335 4215 0.00081075
4216 4215 0.00081075
4215 4216 0.0012159
6725 4216 0.0012159
4218 4217 0.0017578
6706 4217 0.0017578
6724 4217 0.0017578
4220 4219 0.00011209
4222 4219 0.00011209
1657 4220 0.00019645
4219 4220 0.00019645
4817 4220 0.00019645
4220 4221 0.00019645
4222 4221 0.00019645
943 4222 0.00011209
4221 4222 0.00011209
4815 4222 0.00011209
4224 4223 0.012426
4225 4223 0.012426
6894 4223 0.012426
4227 4228 0.012435
5937 4228 0.012435
7073 4228 0.012435
3384 4382 0.00019625
4379 4382 0.00019625
4381 4382 0.00019625
6442 4382 0.00019625
797 4595 0.00013248
2876 4595 0.00013248
4596 4595 0.00013248
795 4597 0.00023102
3577 4597 0.00023102
4598 4597 0.00023102
4615 4597 0.00023102
4611 4610 0.00033254
6455 4610 0.00033254
6458 4610 0.00033254
57 4611 0.005021
60 4611 0.005021
4610 4611 0.005021
6737 4659 0.0032457
2646 4664 0.002697
5774 4664 0.002697
5775 4664 0.002697
4191 4665 0.029518
4666 4665 0.029518
6469 4665 0.029518
3189 4708 0.42764
4707 4708 0.42764
5981 4708 0.42764
7130 4708 0.42764
1537 4709 0.0030007
4710 4709 0.0030007
5063 4710 0.049878
996 4789 0.00063051
3119 4789 0.00063051
4790 4789 0.00063051
6237 4789 0.00063051
563 4802 0.14133
2888 4802 0.14133
4801 4802 0.14133
569 4805 0.00028052
4806 4805 0.00028052
5884 4805 0.00028052
4805 4806 0.0028302
6431 4806 0.0028302
6434 4806 0.0028302
5064 5063 0.33986
5240 5063 0.33986
4659 5064 0.0033515
5065 5064 0.0033515
3792 5065 0.00010577
5091 5090 0.0001169
5838 5090 0.0001169
3121 5237 0.00084293
3328 5237 0.00084293
3329 5237 0.00084293
2348 5238 0.00012272
5239 5238 0.00012272
5739 5238 0.00012272
3317 5239 0.099562
5238 5239 0.099562
7089 5239 0.099562
5241 5240 0.33651
5738 5240 0.33651
7218 5240 0.33651
739 5250 0.0093441
2885 5250 0.0093441
5251 5250 0.0093441
4597 5251 0.0004747
5250 5251 0.0004747
5253 5251 0.0004747
4597 5252 0.0092834
5250 5252 0.0092834
5253 5252 0.0092834
734 5253 0.00027954
2879 5253 0.00027954
5252 5253 0.00027954
3138 5268 0.00010448
5832 5268 0.00010448
6422 5268 0.00010448
3122 5269 0.0041682
5270 5269 0.0041682
6233 5269 0.0041682
2753 5270 0.023709
3327 5270 0.023709
5237 5270 0.023709
5063 5395 0.28999
738 5576 0.81862
2913 5576 0.81862
5577 5576 0.81862
5576 5578 0.81837
5579 5578 0.81837
3898 5580 0.0014659
5581 5580 0.0014659
5935 5580 0.0014659
1233 5581 0.51319
5580 5581 0.51319
5582 5581 0.51319
5578 5582 0.81826
5583 5582 0.81826
5584 5582 0.81826
5578 5585 0.00010289
5583 5585 0.00010289
5584 5585 0.00010289
2350 5669 0.0031409
5671 5669 0.0031409
5836 5669 0.0031409
5670 5671 0.0026559
6385 5671 0.0026559
7085 5671 0.0026559
2348 5738 0.33011
5239 5738 0.33011
5739 5738 0.33011
4205 5740 0.0065317
5741 5740 0.0065317
5742 5740 0.0065317
5740 5741 0.00012296
7219 5741 0.00012296
4213 5742 0.0062786
5743 5742 0.0062786
5744 5742 0.0062786
4205 5743 0.00012605
5741 5743 0.00012605
5742 5743 0.00012605
1655 5744 0.006318
5745 5744 0.006318
5901 5744 0.006318
5904 5744 0.006318
4213 5745 0.00016385
5743 5745 0.00016385
5744 5745 0.00016385
1658 5746 0.0010645
5747 5746 0.0010645
5907 5746 0.0010645
5984 5746 0.0010645
4664 5771 0.032171
4665 5771 0.032171
2646 5773 0.00083149
5774 5773 0.00083149
5775 5773 0.00083149
5776 5775 0.0034419
6468 5775 0.0034419
5780 5779 0.00045576
5781 5779 0.00045576
5786 5779 0.00045576
981 5780 0.091813
5779 5780 0.091813
6433 5780 0.091813
6436 5780 0.091813
2632 5781 0.00016135
5782 5781 0.00016135
5883 5781 0.00016135
5886 5781 0.00016135
5780 5782 0.072953
5781 5782 0.072953
5786 5782 0.072953
4175 5783 0.027429
4176 5783 0.027429
5784 5783 0.027429
5785 5783 0.027429
5783 5784 0.0013158
5788 5784 0.0013158
5796 5784 0.0013158
5780 5785 0.019429
5781 5785 0.019429
5786 5785 0.019429
4175 5786 0.00086331
4176 5786 0.00086331
5784 5786 0.00086331
5785 5786 0.00086331
5783 5787 0.0073865
5788 5787 0.0073865
5796 5787 0.0073865
5787 5788 0.017665
5914 5788 0.017665
5915 5788 0.017665
5790 5789 0.013095
5791 5789 0.013095
5932 5789 0.013095
5969 5789 0.013095
5789 5790 0.030709
5911 5790 0.030709
5913 5790 0.030709
5982 5790 0.030709
5792 5791 0.0079483
5891 5791 0.0079483
5894 5791 0.0079483
5790 5792 0.035839
5791 5792 0.035839
5932 5792 0.035839
5969 5792 0.035839
5794 5793 0.035469
5931 5793 0.035469
5795 5794 0.010758
5887 5794 0.010758
5890 5794 0.010758
5794 5795 0.013534
5931 5795 0.013534
4172 5796 0.0031007
5797 5796 0.0031007
5783 5797 0.039492
5788 5797 0.039492
5796 5797 0.039492
5819 5818 0.00010222
5821 5818 0.00010222
6123 5818 0.00010222
3335 5822 0.016152
5823 5822 0.016152
5831 5822 0.016152
6967 5822 0.016152
5822 5823 0.025306
6963 5823 0.025306
7102 5823 0.025306
7104 5823 0.025306
5825 5824 0.00095296
5826 5824 0.00095296
5830 5824 0.00095296
5824 5825 0.030004
6964 5825 0.030004
7100 5825 0.030004
3331 5826 0.00011684
5827 5826 0.00011684
5829 5826 0.00011684
5825 5827 0.0049579
5826 5827 0.0049579
5830 5827 0.0049579
3335 5830 0.0024967
5823 5830 0.0024967
5831 5830 0.0024967
6967 5830 0.0024967
5825 5831 0.026707
5826 5831 0.026707
5830 5831 0.026707
2352 5832 0.00018167
2355 5832 0.00018167
5269 5832 0.00018167
6877 5835 0.00011687
5773 5879 0.00083149
5880 5879 0.00083149
5879 5881 0.00083149
5882 5881 0.00083149
569 5883 0.0028959
4806 5883 0.0028959
5884 5883 0.0028959
2632 5884 0.00028201
5782 5884 0.00028201
5883 5884 0.00028201
5886 5884 0.00028201
2632 5885 0.075508
5782 5885 0.075508
5883 5885 0.075508
5886 5885 0.075508
4181 5886 0.00014675
4182 5886 0.00014675
5885 5886 0.00014675
5888 5886 0.00014675
4181 5887 0.055163
4182 5887 0.055163
5885 5887 0.055163
5888 5887 0.055163
5795 5888 0.01038
5887 5888 0.01038
5890 5888 0.01038
5795 5889 0.061344
5887 5889 0.061344
5890 5889 0.061344
4163 5890 0.013786
4164 5890 0.013786
5889 5890 0.013786
5892 5890 0.013786
4163 5891 0.029041
4164 5891 0.029041
5889 5891 0.029041
5892 5891 0.029041
5792 5892 0.028035
5891 5892 0.028035
5894 5892 0.028035
5792 5893 0.044111
5891 5893 0.044111
5894 5893 0.044111
5893 5894 0.015214
7255 5894 0.015214
2329 5895 0.0041765
5896 5895 0.0041765
7254 5895 0.0041765
7258 5895 0.0041765
5895 5896 0.0015366
7253 5896 0.0015366
942 5897 0.0024038
945 5897 0.0024038
5898 5897 0.0024038
7252 5897 0.0024038
5897 5898 0.0017682
5900 5898 0.0017682
5983 5898 0.0017682
5897 5899 0.0033177
5900 5899 0.0033177
5983 5899 0.0033177
5899 5900 0.0014787
5902 5900 0.0014787
5910 5900 0.0014787
5899 5901 0.0032455
5902 5901 0.0032455
5910 5901 0.0032455
1655 5902 0.0017097
5745 5902 0.0017097
5901 5902 0.0017097
5904 5902 0.0017097
1655 5903 0.0036136
5745 5903 0.0036136
5901 5903 0.0036136
5904 5903 0.0036136
2349 5904 0.0072557
5903 5904 0.0072557
5986 5904 0.0072557
7105 5904 0.0072557
2344 5905 0.0054471
2347 5905 0.0054471
5906 5905 0.0054471
5905 5906 0.00073398
6955 5906 0.00073398
7110 5906 0.00073398
719 5907 0.0023328
5908 5907 0.0023328
7109 5907 0.0023328
5899 5909 0.00039545
5902 5909 0.00039545
5910 5909 0.00039545
5787 5913 0.0073865
5914 5913 0.0073865
5915 5913 0.0073865
5789 5914 0.017665
5911 5914 0.017665
5913 5914 0.017665
5982 5914 0.017665
4189 5917 0.011274
4190 5917 0.011274
5918 5917 0.011274
5917 5918 0.0010913
5920 5918 0.0010913
5978 5918 0.0010913
5917 5919 0.0050066
5920 5919 0.0050066
5978 5919 0.0050066
4192 5920 0.047236
5919 5920 0.047236
5980 5920 0.047236
4185 5921 0.025314
4186 5921 0.025314
5922 5921 0.025314
5921 5922 0.012393
5924 5922 0.012393
5973 5922 0.012393
5921 5923 0.035744
5924 5923 0.035744
5973 5923 0.035744
4167 5924 0.019496
4168 5924 0.019496
5923 5924 0.019496
5926 5924 0.019496
4167 5925 0.081155
4168 5925 0.081155
5923 5925 0.081155
5926 5925 0.081155
5925 5926 0.0072884
5976 5926 0.0072884
5979 5926 0.0072884
4183 5927 0.052112
4184 5927 0.052112
5928 5927 0.052112
5927 5928 0.0066503
5930 5928 0.0066503
5974 5928 0.0066503
5927 5929 0.054418
5930 5929 0.054418
5974 5929 0.054418
4165 5930 0.012282
4166 5930 0.012282
5929 5930 0.012282
5972 5930 0.012282
4179 5931 0.038245
4180 5931 0.038245
4170 5932 0.016835
4173 5932 0.016835
5933 5932 0.016835
5790 5933 0.017687
5791 5933 0.017687
5932 5933 0.017687
5969 5933 0.017687
3898 5934 0.54078
5581 5934 0.54078
5935 5934 0.54078
5790 5968 0.024749
5791 5968 0.024749
5932 5968 0.024749
5969 5968 0.024749
2327 5969 0.035878
4708 5969 0.035878
5968 5969 0.035878
4172 5970 0.0050903
5797 5970 0.0050903
4165 5971 0.0914
4166 5971 0.0914
5929 5971 0.0914
5972 5971 0.0914
2331 5972 0.0085489
4196 5972 0.0085489
5971 5972 0.0085489
7256 5972 0.0085489
5927 5973 0.018952
5930 5973 0.018952
5974 5973 0.018952
5921 5974 0.015625
5924 5974 0.015625
5973 5974 0.015625
5925 5975 0.068395
5976 5975 0.068395
5979 5975 0.068395
2330 5976 0.01993
2333 5976 0.01993
5975 5976 0.01993
5917 5977 0.057717
5920 5977 0.057717
5978 5977 0.057717
2334 5978 0.0053052
2337 5978 0.0053052
5977 5978 0.0053052
7152 5978 0.0053052
4192 5979 0.0086853
5919 5979 0.0086853
5980 5979 0.0086853
5925 5980 0.034088
5976 5980 0.034088
5979 5980 0.034088
5789 5981 0.016454
5911 5981 0.016454
5913 5981 0.016454
5982 5981 0.016454
3189 5982 0.044346
4707 5982 0.044346
5981 5982 0.044346
7130 5982 0.044346
1658 5983 0.0015968
5747 5983 0.0015968
5907 5983 0.0015968
5984 5983 0.0015968
5897 5984 0.00039347
5900 5984 0.00039347
5983 5984 0.00039347
2349 5985 0.00095706
5903 5985 0.00095706
5986 5985 0.00095706
7105 5985 0.00095706
3319 5986 0.20492
5985 5986 0.20492
7093 5986 0.20492
7095 5986 0.20492
1237 6117 0.00010663
3902 6117 0.00010663
6118 6117 0.00010663
5265 6123 0.00010287
5585 6123 0.00010287
6124 6123 0.00010287
2911 6129 0.029339
2914 6129 0.029339
6130 6129 0.029339
2903 6130 0.00032403
6129 6130 0.00032403
6132 6130 0.00032403
2903 6131 0.029339
6129 6131 0.029339
6132 6131 0.029339
2905 6132 0.00032403
6131 6132 0.00032403
6134 6132 0.00032403
2905 6133 0.029476
6131 6133 0.029476
6134 6133 0.029476
2907 6134 0.00030358
6133 6134 0.00030358
6136 6134 0.00030358
2907 6135 0.029334
6133 6135 0.029334
6136 6135 0.029334
2909 6136 0.00031873
3899 6136 0.00031873
6135 6136 0.00031873
548 6225 0.00041017
6226 6225 0.00041017
6227 6225 0.00041017
6230 6225 0.00041017
3333 6226 0.031312
3336 6226 0.031312
6225 6226 0.031312
3907 6227 0.0095216
4019 6227 0.0095216
6228 6227 0.0095216
6358 6227 0.0095216
548 6228 0.0058098
6226 6228 0.0058098
6227 6228 0.0058098
6230 6228 0.0058098
548 6229 0.014645
6226 6229 0.014645
6227 6229 0.014645
6230 6229 0.014645
6229 6230 0.017952
6979 6230 0.017952
7063 6230 0.017952
4020 6231 0.0001543
6232 6231 0.0001543
6351 6231 0.0001543
6231 6232 0.017908
6234 6232 0.017908
6354 6232 0.017908
3122 6234 0.018837
5270 6234 0.018837
6233 6234 0.018837
2071 6237 0.00043956
6238 6237 0.00043956
6239 6237 0.00043956
996 6238 0.00069302
3119 6238 0.00069302
4790 6238 0.00069302
6237 6238 0.00069302
4789 6239 0.00014094
6240 6239 0.00014094
6365 6239 0.00014094
2071 6240 0.00063217
6238 6240 0.00063217
6239 6240 0.00063217
950 6351 0.0011957
6352 6351 0.0011957
6353 6351 0.0011957
6356 6351 0.0011957
4020 6352 0.00071267
6232 6352 0.00071267
6351 6352 0.00071267
2354 6353 0.0013983
2357 6353 0.0013983
6231 6355 0.001123
6234 6355 0.001123
6354 6355 0.001123
950 6357 0.0019744
6352 6357 0.0019744
6353 6357 0.0019744
6356 6357 0.0019744
995 6358 0.0013928
6359 6358 0.0013928
6360 6358 0.0013928
3907 6359 0.00223
4019 6359 0.00223
6228 6359 0.00223
6358 6359 0.00223
6357 6360 0.001627
6361 6360 0.001627
995 6361 0.00054171
6359 6361 0.00054171
6360 6361 0.00054171
6357 6362 0.0008733
6361 6362 0.0008733
4789 6366 0.0011064
6240 6366 0.0011064
6365 6366 0.0011064
3140 6371 0.00011122
6372 6371 0.00011122
6373 6371 0.00011122
6407 6371 0.00011122
4805 6433 0.00028691
6431 6433 0.00028691
6434 6433 0.00028691
981 6434 0.0029008
5779 6434 0.0029008
6433 6434 0.0029008
6436 6434 0.0029008
981 6435 0.064065
5779 6435 0.064065
6433 6435 0.064065
6436 6435 0.064065
568 6436 0.005417
4174 6436 0.005417
6435 6436 0.005417
3385 6439 0.00019625
4382 6439 0.00019625
6437 6439 0.00019625
6440 6439 0.00019625
2877 6445 0.00058026
2882 6445 0.00058026
6443 6445 0.00058026
6446 6445 0.00058026
2883 6446 0.002986
6445 6446 0.002986
6448 6446 0.002986
2883 6447 0.00087118
6445 6447 0.00087118
6448 6447 0.00087118
523 6448 0.004064
564 6448 0.004064
6447 6448 0.004064
3416 6455 0.00038659
3417 6455 0.00038659
6453 6455 0.00038659
6456 6455 0.00038659
4611 6457 0.0052881
6455 6457 0.0052881
6458 6457 0.0052881
6071 6458 0.00029424
6457 6458 0.00029424
6460 6458 0.00029424
6071 6459 0.0052881
6457 6459 0.0052881
6460 6459 0.0052881
561 6460 0.00029424
3433 6460 0.00029424
6459 6460 0.00029424
6462 6460 0.00029424
561 6461 0.0068184
3433 6461 0.0068184
6459 6461 0.0068184
6462 6461 0.0068184
4191 6468 0.0034436
4666 6468 0.0034436
6469 6468 0.0034436
2336 6469 0.0012672
2339 6469 0.0012672
4709 6469 0.0012672
946 6706 0.0021465
6707 6706 0.0021465
4215 6724 0.00081075
6725 6724 0.00081075
4218 6725 0.0012159
6706 6725 0.0012159
6724 6725 0.0012159
4217 6726 0.0017578
6727 6726 0.0017578
6880 6737 0.0032457
5090 6877 0.00011687
433 6880 0.0032457
5669 6880 0.0032457
4228 6894 0.012426
4229 6894 0.012426
6893 6894 0.012426
4223 6895 0.0072306
6896 6895 0.0072306
7081 6895 0.0072306
6895 6896 0.048644
7017 6896 0.048644
7084 6896 0.048644
5905 6954 0.0032693
6955 6954 0.0032693
7110 6954 0.0032693
6954 6955 0.00082035
6957 6955 0.00082035
6959 6955 0.00082035
2346 6959 0.00082035
6960 6959 0.00082035
7108 6959 0.00082035
6954 6960 0.0032693
6957 6960 0.0032693
6959 6960 0.0032693
5824 6963 0.029129
6964 6963 0.029129
7100 6963 0.029129
5822 6964 0.010187
6963 6964 0.010187
7102 6964 0.010187
7104 6964 0.010187
6965 6967 0.0031247
6968 6967 0.0031247
7101 6967 0.0031247
3335 6968 0.010428
5823 6968 0.010428
5831 6968 0.010428
6967 6968 0.010428
6969 6971 0.028213
6972 6971 0.028213
6975 6971 0.028213
7066 6971 0.028213
6971 6972 0.011708
6974 6972 0.011708
7064 6972 0.011708
6971 6973 0.052105
6974 6973 0.052105
7064 6973 0.052105
6973 6974 0.0063793
6976 6974 0.0063793
6978 6974 0.0063793
6973 6975 0.028129
6976 6975 0.028129
6978 6975 0.028129
6969 6976 0.033766
6972 6976 0.033766
6975 6976 0.033766
7066 6976 0.033766
6973 6977 0.069756
6976 6977 0.069756
6978 6977 0.069756
3320 6978 0.018394
6977 6978 0.018394
7096 6978 0.018394
6980 6979 0.039526
7065 6979 0.039526
7098 6979 0.039526
6229 6980 0.0069992
6979 6980 0.0069992
7063 6980 0.0069992
6982 6981 0.0047571
6984 6981 0.0047571
6986 6981 0.0047571
6981 6982 0.00050435
6990 6982 0.00050435
6982 6983 0.001574
6984 6983 0.001574
6986 6983 0.001574
3318 6984 0.010074
6983 6984 0.010074
7092 6984 0.010074
6982 6985 0.0065869
6984 6985 0.0065869
6986 6985 0.0065869
6985 6986 0.00234
6988 6986 0.00234
6989 6986 0.00234
6985 6987 0.0098719
6988 6987 0.0098719
6989 6987 0.0098719
6987 6988 0.0013722
6992 6988 0.0013722
6994 6988 0.0013722
6981 6989 0.0047571
6990 6989 0.0047571
6985 6990 0.00050435
6988 6990 0.00050435
6989 6990 0.00050435
6987 6991 0.0073317
6992 6991 0.0073317
6994 6991 0.0073317
6991 6992 0.00060894
6995 6992 0.00060894
7000 6992 0.00060894
6987 6993 0.0055762
6992 6993 0.0055762
6994 6993 0.0055762
6993 6994 0.0037992
6996 6994 0.0037992
6998 6994 0.0037992
7001 6994 0.0037992
6993 6995 0.0016832
6996 6995 0.0016832
6998 6995 0.0016832
7001 6995 0.0016832
6991 6996 0.006424
6995 6996 0.006424
7000 6996 0.006424
6993 6997 0.010672
6996 6997 0.010672
6998 6997 0.010672
7001 6997 0.010672
6997 6998 0.0021722
7090 6998 0.0021722
7091 6998 0.0021722
6991 6999 0.002343
6995 6999 0.002343
7000 6999 0.002343
6999 7000 0.00036109
7002 7000 0.00036109
7004 7000 0.00036109
6999 7001 0.002343
7002 7001 0.002343
7004 7001 0.002343
6993 7002 0.00036109
6996 7002 0.00036109
6998 7002 0.00036109
7001 7002 0.00036109
2366 7005 0.00068749
7006 7005 0.00068749
7086 7005 0.00068749
3316 7006 0.00022626
7005 7006 0.00022626
7008 7006 0.00022626
7088 7006 0.00022626
6895 7016 0.27532
7017 7016 0.27532
7084 7016 0.27532
7016 7017 0.003226
7019 7017 0.003226
7026 7017 0.003226
7016 7018 0.00017147
7019 7018 0.00017147
7026 7018 0.00017147
4811 7019 0.053943
7018 7019 0.053943
7082 7019 0.053943
7021 7020 0.15898
7023 7020 0.15898
7025 7020 0.15898
7036 7020 0.15898
7020 7021 0.17507
7032 7021 0.17507
7035 7021 0.17507
7021 7022 0.14281
7023 7022 0.14281
7025 7022 0.14281
7036 7022 0.14281
7022 7023 0.11118
7029 7023 0.11118
7031 7023 0.11118
7033 7023 0.11118
7021 7024 0.36874
7023 7024 0.36874
7025 7024 0.36874
7036 7024 0.36874
7024 7025 0.1582
7027 7025 0.1582
7077 7025 0.1582
7080 7025 0.1582
7024 7026 0.67436
7027 7026 0.67436
7077 7026 0.67436
7080 7026 0.67436
7016 7027 0.00022421
7019 7027 0.00022421
7026 7027 0.00022421
7022 7030 0.0063412
7029 7030 0.0063412
7031 7030 0.0063412
7033 7030 0.0063412
1230 7031 0.22086
7030 7031 0.22086
7078 7031 0.22086
7022 7032 0.26928
7029 7032 0.26928
7031 7032 0.26928
7033 7032 0.26928
7020 7033 0.023124
7032 7033 0.023124
7035 7033 0.023124
7020 7034 0.27013
7032 7034 0.27013
7035 7034 0.27013
7034 7035 0.04007
7037 7035 0.04007
7039 7035 0.04007
7034 7036 0.28414
7037 7036 0.28414
7039 7036 0.28414
7021 7037 0.058053
7023 7037 0.058053
7025 7037 0.058053
7036 7037 0.058053
7034 7038 0.12579
7037 7038 0.12579
7039 7038 0.12579
7038 7039 0.12182
7041 7039 0.12182
7043 7039 0.12182
7038 7040 0.12571
7041 7040 0.12571
7043 7040 0.12571
1227 7041 0.12177
7040 7041 0.12177
7075 7041 0.12177
7079 7041 0.12177
7038 7042 0.00074073
7041 7042 0.00074073
7043 7042 0.00074073
7042 7043 0.00070078
7045 7043 0.00070078
7042 7044 0.00074073
7045 7044 0.00074073
7044 7045 0.00070078
7047 7045 0.00070078
7044 7046 0.00074073
7047 7046 0.00074073
7046 7047 0.00070078
7049 7047 0.00070078
7046 7048 0.00074073
7049 7048 0.00074073
7048 7049 0.00070078
7051 7049 0.00070078
7048 7050 0.00074073
7051 7050 0.00074073
7050 7051 0.00070078
7053 7051 0.00070078
7050 7052 0.00074073
7053 7052 0.00074073
7052 7053 0.00070078
7055 7053 0.00070078
7052 7054 0.00074073
7055 7054 0.00074073
1653 7055 0.00070078
7054 7055 0.00070078
7076 7055 0.00070078
6971 7063 0.0061108
6974 7063 0.0061108
7064 7063 0.0061108
6229 7064 0.035331
6979 7064 0.035331
7063 7064 0.035331
6969 7065 0.014288
6972 7065 0.014288
6975 7065 0.014288
7066 7065 0.014288
6980 7066 0.036429
7065 7066 0.036429
7098 7066 0.036429
2342 7073 0.012438
7057 7073 0.012438
7074 7073 0.012438
1653 7075 0.31361
7054 7075 0.31361
7076 7075 0.31361
1227 7076 0.0028727
7040 7076 0.0028727
7075 7076 0.0028727
7079 7076 0.0028727
1230 7077 0.0063412
7030 7077 0.0063412
7078 7077 0.0063412
7024 7078 0.22086
7027 7078 0.22086
7077 7078 0.22086
7080 7078 0.22086
7024 7079 0.0027954
7027 7079 0.0027954
7077 7079 0.0027954
7080 7079 0.0027954
1227 7080 0.6809
7040 7080 0.6809
7075 7080 0.6809
7079 7080 0.6809
4811 7081 0.00017147
7018 7081 0.00017147
7082 7081 0.00017147
4223 7082 0.053943
6896 7082 0.053943
7081 7082 0.053943
3790 7084 0.31351
3794 7084 0.31351
7083 7084 0.31351
2366 7085 0.002576
7006 7085 0.002576
7086 7085 0.002576
3316 7087 0.00056633
7005 7087 0.00056633
7008 7087 0.00056633
7088 7087 0.00056633
6997 7089 0.099571
7090 7089 0.099571
7091 7089 0.099571
3317 7090 0.00011734
5238 7090 0.00011734
7089 7090 0.00011734
3318 7091 0.093603
6983 7091 0.093603
7092 7091 0.093603
6997 7092 0.0026492
7090 7092 0.0026492
7091 7092 0.0026492
547 7093 0.054602
2073 7093 0.054602
7094 7093 0.054602
3319 7094 0.00075826
5985 7094 0.00075826
7093 7094 0.00075826
7095 7094 0.00075826
3320 7095 0.25676
6977 7095 0.25676
7096 7095 0.25676
3319 7096 0.0071878
5985 7096 0.0071878
7093 7096 0.0071878
7095 7096 0.0071878
6980 7097 0.0058674
7065 7097 0.0058674
7098 7097 0.0058674
3321 7098 0.060536
3322 7098 0.060536
7097 7098 0.060536
5824 7099 0.0029522
6964 7099 0.0029522
7100 7099 0.0029522
3325 7100 0.050946
3326 7100 0.050946
7099 7100 0.050946
5822 7101 0.0031247
6963 7101 0.0031247
7102 7101 0.0031247
7104 7101 0.0031247
6965 7102 0.010428
6968 7102 0.010428
7101 7102 0.010428
5822 7103 0.035155
6963 7103 0.035155
7102 7103 0.035155
7104 7103 0.035155
3323 7104 0.018063
3324 7104 0.018063
7103 7104 0.018063
6961 7105 0.030379
7106 7105 0.030379
7107 7105 0.030379
2346 7107 0.030379
6960 7107 0.030379
7108 7107 0.030379
5905 7109 0.0023328
6955 7109 0.0023328
7110 7109 0.0023328
7117 7116 0.02363
1226 7117 0.02363
1536 7117 0.02363
4200 7117 0.02363
733 7126 0.00025702
7127 7126 0.00025702
2324 7130 0.4555
7131 7130 0.4555
6726 7152 0.0017578
7153 7152 0.0017578
5740 7218 0.0065317
7219 7218 0.0065317
5241 7219 0.00012296
5738 7219 0.00012296
7218 7219 0.00012296
1232 7248 0.30655
7249 7248 0.30655
1235 7251 0.30664
7248 7251 0.30664
7250 7251 0.30664
5895 7252 0.0041765
7253 7252 0.0041765
942 7253 0.0015366
945 7253 0.0015366
5898 7253 0.0015366
7252 7253 0.0015366
5893 7254 0.044111
7255 7254 0.044111
2329 7255 0.015214
5896 7255 0.015214
7254 7255 0.015214
7258 7255 0.015214
2328 7256 0.44282
7257 7256 0.44282
2331 7257 0.00013619
4196 7257 0.00013619
5971 7257 0.00013619
7256 7257 0.00013619
2326 7258 0.41651
7259 7258 0.41651
