10 9 0.00075314
1054 9 0.00075314
2200 9 0.00075314
9 10 0.00068075
1063 10 0.00068075
2210 10 0.00068075
12 11 0.0012602
1038 11 0.0012602
6021 11 0.0012602
11 12 0.0021825
7235 12 0.0021825
24 23 0.0040871
894 23 0.0040871
1646 23 0.0040871
6003 23 0.0040871
23 24 0.014804
26 24 0.014804
1614 24 0.014804
23 25 0.0065468
26 25 0.0065468
1614 25 0.0065468
25 26 0.074848
2202 26 0.074848
2536 26 0.074848
57 58 0.00016329
60 58 0.00016329
4610 58 0.00016329
59 60 0.00099071
3420 60 0.00099071
3421 60 0.00099071
223 224 0.00026707
226 224 0.00026707
495 224 0.00026707
225 226 0.00034619
2186 226 0.00034619
3371 226 0.00034619
4692 226 0.00034619
236 235 0.008002
819 235 0.008002
4580 235 0.008002
235 236 0.041121
460 236 0.041121
6056 236 0.041121
249 250 0.00089311
599 250 0.00089311
1074 250 0.00089311
2275 250 0.00089311
253 254 0.00030543
256 254 0.00030543
436 254 0.00030543
1086 254 0.00030543
253 255 0.00026855
256 255 0.00026855
436 255 0.00026855
1086 255 0.00026855
255 256 0.00011472
258 256 0.00011472
6050 256 0.00011472
255 257 0.0042703
258 257 0.0042703
6050 257 0.0042703
259 260 0.0044617
1080 260 0.0044617
6048 260 0.0044617
268 267 0.0043904
3402 267 0.0043904
5255 267 0.0043904
267 268 0.0020807
7247 268 0.0020807
270 269 0.00044862
6049 269 0.00044862
7246 269 0.00044862
269 270 0.0022539
272 270 0.0022539
469 270 0.0022539
269 271 0.00046288
272 271 0.00046288
469 271 0.00046288
271 272 0.0019219
274 272 0.0019219
435 272 0.0019219
273 274 0.0029446
276 274 0.0029446
467 274 0.0029446
275 276 0.0029444
278 276 0.0029444
6428 276 0.0029444
271 436 0.0014896
274 436 0.0014896
435 436 0.0014896
261 439 0.00020715
440 439 0.00020715
6044 439 0.00020715
447 448 0.99439
7241 448 0.99439
456 455 0.010863
457 455 0.010863
6055 455 0.010863
233 456 0.011281
455 456 0.011281
463 456 0.011281
458 457 0.055616
3398 457 0.055616
3399 457 0.055616
456 458 0.018573
457 458 0.018573
6055 458 0.018573
235 459 0.012226
460 459 0.012226
6056 459 0.012226
459 460 0.0078843
461 460 0.0078843
464 460 0.0078843
462 461 0.0068938
817 461 0.0068938
820 461 0.0068938
459 462 0.010817
461 462 0.010817
464 462 0.010817
459 463 0.011281
461 463 0.011281
464 463 0.011281
233 464 0.010863
455 464 0.010863
463 464 0.010863
470 469 0.00034959
825 469 0.00034959
828 469 0.00034959
517 518 0.00034076
595 518 0.00034076
3437 518 0.00034076
3440 518 0.00034076
522 521 0.00017119
736 521 0.00017119
3419 521 0.00017119
3434 521 0.00017119
521 522 0.030859
3424 522 0.030859
3890 522 0.030859
524 523 0.00015369
1965 523 0.00015369
2884 523 0.00015369
523 524 0.00011606
564 524 0.00011606
6447 524 0.00011606
563 564 0.0014112
2888 564 0.0014112
4801 564 0.0014112
565 566 0.00016577
980 566 0.00016577
983 566 0.00016577
567 568 0.0032014
1467 568 0.0032014
517 594 0.0012711
595 594 0.0012711
3437 594 0.0012711
3440 594 0.0012711
594 595 0.0015271
3408 595 0.0015271
3413 595 0.0015271
598 599 0.00022339
1083 599 0.00022339
1084 599 0.00022339
728 727 0.0020513
3375 727 0.0020513
4693 727 0.0020513
727 728 0.0009952
731 728 0.0009952
7126 728 0.0009952
727 732 0.95156
731 732 0.95156
7126 732 0.95156
734 733 0.95049
2879 733 0.95049
5252 733 0.95049
522 735 0.030814
736 735 0.030814
3419 735 0.030814
3434 735 0.030814
735 736 0.0025516
737 736 0.0025516
740 736 0.0025516
738 737 0.96645
2913 737 0.96645
5577 737 0.96645
735 739 0.99471
737 739 0.99471
740 739 0.99471
796 795 0.0028647
2875 795 0.0028647
3441 795 0.0028647
795 796 0.044061
3577 796 0.044061
4598 796 0.044061
4615 796 0.044061
732 797 0.027641
798 797 0.027641
7216 797 0.027641
797 798 0.072811
2876 798 0.072811
4596 798 0.072811
809 811 0.0057406
812 811 0.0057406
1042 811 0.0057406
811 812 0.00072773
4582 812 0.00072773
6015 812 0.00072773
462 819 0.010817
817 819 0.010817
820 819 0.010817
236 820 0.0068938
819 820 0.0068938
4580 820 0.0068938
224 825 0.00034625
823 825 0.00034625
826 825 0.00034625
895 894 0.0013121
896 894 0.0013121
1652 894 0.0013121
2534 894 0.0013121
24 895 0.0045202
894 895 0.0045202
1646 895 0.0045202
6003 895 0.0045202
897 896 0.0001238
898 896 0.0001238
2532 896 0.0001238
6007 896 0.0001238
895 897 0.00099014
896 897 0.00099014
1652 897 0.00099014
2534 897 0.00099014
932 934 0.00022746
935 934 0.00022746
1609 934 0.00022746
934 936 0.0007838
937 936 0.0007838
6006 936 0.0007838
936 937 0.00013348
939 937 0.00013348
1611 937 0.00013348
936 938 0.0018589
939 938 0.0018589
1611 938 0.0018589
938 939 0.00040436
941 939 0.00040436
1613 939 0.00040436
938 940 0.0022225
941 940 0.0022225
1613 940 0.0022225
940 941 0.0013123
2523 941 0.0013123
2539 941 0.0013123
981 980 0.0002773
5779 980 0.0002773
6433 980 0.0002773
6436 980 0.0002773
565 982 0.00013346
980 982 0.00013346
983 982 0.00013346
982 984 0.00013346
985 984 0.00013346
2889 984 0.00013346
984 986 0.00013346
987 986 0.00013346
2891 986 0.00013346
2893 986 0.00013346
14 1038 0.0012602
1039 1038 0.0012602
2522 1038 0.0012602
6023 1038 0.0012602
12 1039 0.0021825
1038 1039 0.0021825
6021 1039 0.0021825
1043 1042 0.0057406
1044 1042 0.0057406
1595 1042 0.0057406
809 1043 0.00072773
812 1043 0.00072773
1042 1043 0.00072773
1045 1044 0.019583
6014 1044 0.019583
6246 1044 0.019583
1043 1045 0.0097941
1044 1045 0.0097941
1595 1045 0.0097941
1048 1049 1.0098
1051 1049 1.0098
6017 1049 1.0098
1050 1051 0.99999
1053 1051 0.99999
6019 1051 0.99999
1052 1053 0.99999
7239 1053 0.99999
1055 1054 0.94088
2083 1054 0.94088
9 1062 0.00070648
1063 1062 0.00070648
2210 1062 0.00070648
922 1063 0.00064641
1062 1063 0.00064641
1649 1063 0.00064641
1069 1068 0.0011835
1072 1068 0.0011835
6043 1068 0.0011835
260 1069 0.00021547
1068 1069 0.00021547
1071 1069 0.00021547
6051 1069 0.00021547
260 1070 0.0058483
1068 1070 0.0058483
1071 1070 0.0058483
6051 1070 0.0058483
1070 1071 0.00024803
7243 1071 0.00024803
250 1072 0.0011376
1073 1072 0.0011376
6046 1072 0.0011376
1075 1074 0.00076615
1076 1074 0.00076615
1089 1074 0.00076615
251 1076 0.00027037
254 1076 0.00027037
1077 1076 0.00027037
1078 1076 0.00027037
1081 1080 0.00027969
1082 1080 0.00027969
6045 1080 0.00027969
259 1081 0.0001418
1080 1081 0.0001418
6048 1081 0.0001418
598 1082 0.00041425
1083 1082 0.00041425
1084 1082 0.00041425
1085 1084 0.00055884
1087 1084 0.00055884
1088 1084 0.00055884
253 1087 0.0010381
256 1087 0.0010381
436 1087 0.0010381
1086 1087 0.0010381
1085 1089 0.00053032
1087 1089 0.00053032
1088 1089 0.00053032
1110 1111 0.0013842
2880 1111 0.0013842
2881 1111 0.0013842
1232 1233 0.9997
7249 1233 0.9997
1235 1234 0.00040416
7248 1234 0.00040416
7250 1234 0.00040416
1234 1235 0.0001009
5816 1235 0.0001009
6117 1235 0.0001009
1468 1467 0.0032311
5934 1467 0.0032311
1111 1477 0.00052588
1476 1477 0.00052588
6069 1477 0.00052588
1043 1594 0.018352
1044 1594 0.018352
1595 1594 0.018352
1594 1595 0.013576
6016 1595 0.013576
6018 1595 0.013576
1608 1609 0.00022696
2531 1609 0.00022696
6008 1609 0.00022696
936 1610 0.00065101
939 1610 0.00065101
1611 1610 0.00065101
1610 1611 0.0014553
2527 1611 0.0014553
2528 1611 0.0014553
6004 1611 0.0014553
938 1612 0.0023462
941 1612 0.0023462
1613 1612 0.0023462
1612 1613 0.0018018
1615 1613 0.0018018
2525 1613 0.0018018
2526 1613 0.0018018
1612 1614 0.014898
1615 1614 0.014898
2525 1614 0.014898
2526 1614 0.014898
23 1615 0.013277
26 1615 0.013277
1614 1615 0.013277
23 1616 0.059205
26 1616 0.059205
1614 1616 0.059205
24 1645 0.001084
894 1645 0.001084
1646 1645 0.001084
6003 1645 0.001084
1645 1646 0.00078182
1648 1646 0.00078182
1645 1647 0.001084
1648 1647 0.001084
1647 1648 0.00078182
1650 1648 0.00078182
1651 1648 0.00078182
1647 1649 0.00061572
1650 1649 0.00061572
1651 1649 0.00061572
922 1650 0.0006961
1062 1650 0.0006961
1649 1650 0.0006961
895 1651 0.00037844
896 1651 0.00037844
1652 1651 0.00037844
2534 1651 0.00037844
1647 1652 0.00076096
1650 1652 0.00076096
1651 1652 0.00076096
5576 1966 0.030351
5579 1966 0.030351
2080 2079 0.9996
7234 2079 0.9996
2081 2080 1.0005
2207 2080 1.0005
2082 2081 1.0005
2206 2081 1.0005
1055 2082 0.00053487
2083 2082 0.00053487
2079 2083 0.9414
2201 2083 0.9414
1616 2200 0.059205
6248 2200 0.059205
25 2201 0.019891
2202 2201 0.019891
2536 2201 0.019891
2079 2202 0.078093
2201 2202 0.078093
2205 2206 0.99999
7237 2206 0.99999
940 2522 0.00126
2523 2522 0.00126
2539 2522 0.00126
14 2523 0.0021823
1039 2523 0.0021823
2522 2523 0.0021823
6023 2523 0.0021823
1612 2524 0.014259
1615 2524 0.014259
2525 2524 0.014259
2526 2524 0.014259
2524 2525 0.0059922
2537 2525 0.0059922
2538 2525 0.0059922
1610 2526 0.011721
2527 2526 0.011721
2528 2526 0.011721
6004 2526 0.011721
1612 2527 0.0023778
1615 2527 0.0023778
2525 2527 0.0023778
2526 2527 0.0023778
2529 2528 0.0038338
2530 2528 0.0038338
2535 2528 0.0038338
6005 2528 0.0038338
1610 2529 0.00089285
2527 2529 0.00089285
2528 2529 0.00089285
6004 2529 0.00089285
1608 2530 0.00091047
2531 2530 0.00091047
6008 2530 0.00091047
2529 2531 0.00023804
2530 2531 0.00023804
2535 2531 0.00023804
6005 2531 0.00023804
2529 2534 0.00072342
2530 2534 0.00072342
2535 2534 0.00072342
6005 2534 0.00072342
895 2535 0.0034477
896 2535 0.0034477
1652 2535 0.0034477
2534 2535 0.0034477
2524 2536 0.016651
2537 2536 0.016651
2538 2536 0.016651
25 2537 0.0065519
2202 2537 0.0065519
2536 2537 0.0065519
940 2538 0.0032047
2523 2538 0.0032047
2539 2538 0.0032047
2524 2539 0.0013723
2537 2539 0.0013723
2538 2539 0.0013723
2753 2752 1
3327 2752 1
5237 2752 1
797 2875 0.0043651
2876 2875 0.0043651
4596 2875 0.0043651
796 2876 0.063453
2875 2876 0.063453
3441 2876 0.063453
566 2877 0.00015184
2878 2877 0.00015184
6439 2877 0.00015184
1110 2879 0.0015065
2880 2879 0.0015065
2881 2879 0.0015065
734 2880 0.0013673
2879 2880 0.0013673
5252 2880 0.0013673
2877 2881 0.0015322
2882 2881 0.0015322
6443 2881 0.0015322
6446 2881 0.0015322
524 2883 0.00011606
1965 2883 0.00011606
2884 2883 0.00011606
2883 2884 0.00015369
6445 2884 0.00015369
6448 2884 0.00015369
2886 2885 0.00015668
2887 2885 0.00015668
2901 2885 0.00015668
739 2886 0.0014448
2885 2886 0.0014448
5251 2886 0.0014448
563 2887 0.00015668
2888 2887 0.00015668
4801 2887 0.00015668
2886 2888 0.0014448
2887 2888 0.0014448
2901 2888 0.0014448
2911 2913 0.012179
2914 2913 0.012179
6130 2913 0.012179
3376 3375 0.0020572
3377 3375 0.0020572
3389 3375 0.0020572
4613 3375 0.0020572
728 3376 0.00067495
3375 3376 0.00067495
4693 3376 0.00067495
3378 3377 0.00057807
3379 3377 0.00057807
6063 3377 0.00057807
3376 3378 0.00066366
3377 3378 0.00066366
3389 3378 0.00066366
4613 3378 0.00066366
3380 3379 0.00055194
3387 3379 0.00055194
6065 3379 0.00055194
1477 3387 0.00055735
3381 3387 0.00055735
3388 3387 0.00055735
221 3389 0.00071202
3390 3389 0.00071202
6064 3389 0.00071202
3397 3398 0.9967
7215 3398 0.9967
458 3400 0.95967
3398 3400 0.95967
3399 3400 0.95967
3401 3402 0.9967
7245 3402 0.9967
518 3406 0.00034076
3403 3406 0.00034076
3405 3406 0.00034076
594 3407 0.0018128
3408 3407 0.0018128
3413 3407 0.0018128
3407 3408 0.0012078
3573 3408 0.0012078
3576 3408 0.0012078
3410 3409 0.0012932
3411 3409 0.0012932
3439 3409 0.0012932
3569 3409 0.0012932
3409 3410 0.0010985
3414 3410 0.0010985
6452 3410 0.0010985
3406 3411 0.00034076
3412 3411 0.00034076
6449 3411 0.00034076
3409 3413 0.001662
3414 3413 0.001662
6452 3413 0.001662
594 3414 0.00080102
3408 3414 0.00080102
3413 3414 0.00080102
58 3417 0.00016329
519 3417 0.00016329
3418 3417 0.00016329
522 3420 0.00099071
736 3420 0.00099071
3419 3420 0.00099071
3434 3420 0.00099071
1966 3424 0.030351
3423 3424 0.030351
3425 3429 0.00066188
3430 3429 0.00066188
3891 3429 0.00066188
3427 3430 0.00095598
3429 3430 0.00095598
6139 3430 0.00095598
6461 3430 0.00095598
522 3433 0.0022794
736 3433 0.0022794
3419 3433 0.0022794
3434 3433 0.0022794
561 3434 0.00078647
3433 3434 0.00078647
6459 3434 0.00078647
6462 3434 0.00078647
3436 3435 0.003112
3442 3435 0.003112
3443 3435 0.003112
4595 3435 0.003112
3435 3436 0.0070854
3438 3436 0.0070854
3571 3436 0.0070854
3574 3436 0.0070854
3435 3437 0.0022855
3438 3437 0.0022855
3571 3437 0.0022855
3574 3437 0.0022855
517 3438 0.0023468
595 3438 0.0023468
3437 3438 0.0023468
3440 3438 0.0023468
517 3439 0.0012289
595 3439 0.0012289
3437 3439 0.0012289
3440 3439 0.0012289
3410 3440 0.0013112
3411 3440 0.0013112
3439 3440 0.0013112
3569 3440 0.0013112
3436 3441 0.035975
3442 3441 0.035975
3443 3441 0.035975
4595 3441 0.035975
796 3442 0.018084
2875 3442 0.018084
3441 3442 0.018084
3435 3573 0.0017365
3438 3573 0.0017365
3571 3573 0.0017365
3574 3573 0.0017365
3407 3574 0.0056486
3573 3574 0.0056486
3576 3574 0.0056486
3407 3575 0.001977
3573 3575 0.001977
3576 3575 0.001977
3575 3576 0.0052842
3578 3576 0.0052842
4617 3576 0.0052842
3575 3577 0.002644
3578 3577 0.002644
4617 3577 0.002644
795 3578 0.0045294
3577 3578 0.0045294
4598 3578 0.0045294
4615 3578 0.0045294
3425 3890 0.00099853
3430 3890 0.00099853
3891 3890 0.00099853
521 3891 0.00066121
3424 3891 0.00066121
3890 3891 0.00066121
3898 3899 0.012176
5581 3899 0.012176
5935 3899 0.012176
1237 3903 0.00034555
3902 3903 0.00034555
6118 3903 0.00034555
236 4579 0.049487
819 4579 0.049487
4580 4579 0.049487
3400 4580 0.012445
4579 4580 0.012445
7244 4580 0.012445
797 4595 0.036072
2876 4595 0.036072
4596 4595 0.036072
3436 4596 0.022154
3442 4596 0.022154
3443 4596 0.022154
4595 4596 0.022154
795 4597 0.0029982
3577 4597 0.0029982
4598 4597 0.0029982
4615 4597 0.0029982
4597 4598 0.04608
5250 4598 0.04608
5253 4598 0.04608
57 4611 0.00084845
60 4611 0.00084845
4610 4611 0.00084845
61 4613 0.00087738
4612 4613 0.00087738
6070 4613 0.00087738
3575 4616 0.00029971
3578 4616 0.00029971
4617 4616 0.00029971
4616 4617 0.0017214
6451 4617 0.0017214
6454 4617 0.0017214
729 4692 0.00033041
4691 4692 0.00033041
4694 4692 0.00033041
728 4694 0.00033041
3375 4694 0.00033041
4693 4694 0.00033041
986 4801 0.00013346
2895 4801 0.00013346
4802 4801 0.00013346
739 5250 0.99342
2885 5250 0.99342
5251 5250 0.99342
4597 5252 0.95037
5250 5252 0.95037
5253 5252 0.95037
268 5254 0.99439
3402 5254 0.99439
5255 5254 0.99439
5576 5577 0.95436
5579 5577 0.95436
5578 5579 0.98463
5583 5579 0.98463
5584 5579 0.98463
1233 5581 0.015396
5580 5581 0.015396
5582 5581 0.015396
1233 5583 0.98433
5580 5583 0.98433
5582 5583 0.98433
5265 5584 0.00031827
5585 5584 0.00031827
6124 5584 0.00031827
5818 5819 0.00031657
6126 5819 0.00031657
6128 5819 0.00031657
3898 5934 0.0032237
5581 5934 0.0032237
5935 5934 0.0032237
1610 6003 0.0028437
2527 6003 0.0028437
2528 6003 0.0028437
6004 6003 0.0028437
24 6004 0.01005
894 6004 0.01005
1646 6004 0.01005
6003 6004 0.01005
934 6005 0.00018932
937 6005 0.00018932
6006 6005 0.00018932
2529 6006 0.00064505
2530 6006 0.00064505
2535 6006 0.00064505
6005 6006 0.00064505
1608 6007 0.00011944
2531 6007 0.00011944
6008 6007 0.00011944
897 6008 0.00098593
898 6008 0.00098593
2532 6008 0.00098593
6007 6008 0.00098593
1045 6013 0.0097941
6014 6013 0.0097941
6246 6013 0.0097941
1049 6014 0.019583
6013 6014 0.019583
7236 6014 0.019583
1594 6015 0.00072773
6016 6015 0.00072773
6018 6015 0.00072773
811 6016 0.0057406
4582 6016 0.0057406
6015 6016 0.0057406
1594 6017 0.023227
6016 6017 0.023227
6018 6017 0.023227
1048 6018 0.013438
1051 6018 0.013438
6017 6018 0.013438
1069 6044 0.00022837
1072 6044 0.00022837
6043 6044 0.00022837
1081 6046 0.00029906
1082 6046 0.00029906
6045 6046 0.00029906
257 6048 0.0042703
437 6048 0.0042703
6047 6048 0.0042703
270 6050 0.0041723
6049 6050 0.0041723
7246 6050 0.0041723
247 6051 0.00026696
439 6051 0.00026696
6052 6051 0.00026696
235 6055 0.0089818
460 6055 0.0089818
6056 6055 0.0089818
456 6056 0.046442
457 6056 0.046442
6055 6056 0.046442
3378 6064 0.0007079
3379 6064 0.0007079
6063 6064 0.0007079
1111 6070 0.00087738
1476 6070 0.00087738
6069 6070 0.00087738
1237 6117 0.0001009
3902 6117 0.0001009
6118 6117 0.0001009
1234 6118 0.00040416
5816 6118 0.00040416
6117 6118 0.00040416
5819 6124 0.00031811
5821 6124 0.00031811
6123 6124 0.00031811
1246 6128 0.00029157
3901 6128 0.00029157
3903 6128 0.00029157
6127 6128 0.00029157
2903 6130 0.012179
6129 6130 0.012179
6132 6130 0.012179
2905 6132 0.012179
6131 6132 0.012179
6134 6132 0.012179
2907 6134 0.012121
6133 6134 0.012121
6136 6134 0.012121
2909 6136 0.012176
3899 6136 0.012176
6135 6136 0.012176
5736 6428 0.0029449
6427 6428 0.0029449
6430 6428 0.0029449
570 6430 0.0029449
6429 6430 0.0029449
6432 6430 0.0029449
4805 6432 0.0029083
6431 6432 0.0029083
6434 6432 0.0029083
981 6434 0.0029308
5779 6434 0.0029308
6433 6434 0.0029308
6436 6434 0.0029308
568 6436 0.0031853
4174 6436 0.0031853
6435 6436 0.0031853
2883 6446 0.001394
6445 6446 0.001394
6448 6446 0.001394
523 6448 0.001434
564 6448 0.001434
6447 6448 0.001434
3409 6451 0.00019102
3414 6451 0.00019102
6452 6451 0.00019102
4616 6452 0.00085727
6451 6452 0.00085727
6454 6452 0.00085727
3416 6454 0.0021315
3417 6454 0.0021315
6453 6454 0.0021315
6456 6454 0.0021315
4611 6456 0.0020003
6455 6456 0.0020003
6458 6456 0.0020003
4611 6457 0.00041443
6455 6457 0.00041443
6458 6457 0.00041443
6071 6458 0.00157
6457 6458 0.00157
6460 6458 0.00157
6071 6459 0.00041443
6457 6459 0.00041443
6460 6459 0.00041443
561 6460 0.00157
3433 6460 0.00157
6459 6460 0.00157
6462 6460 0.00157
561 6461 0.00098732
3433 6461 0.00098732
6459 6461 0.00098732
6462 6461 0.00098732
3427 6462 0.00065
3429 6462 0.00065
6139 6462 0.00065
6461 6462 0.00065
733 7126 0.95049
7127 7126 0.95049
5254 7154 0.99439
7155 7154 0.99439
7214 7215 0.9967
7217 7215 0.9967
732 7217 0.9967
798 7217 0.9967
7216 7217 0.9967
11 7234 0.0012602
7235 7234 0.0012602
2080 7235 0.0021825
7234 7235 0.0021825
1049 7237 0.99999
6013 7237 0.99999
7236 7237 0.99999
448 7239 0.99999
7238 7239 0.99999
7242 7239 0.99999
6053 7241 0.99439
7154 7241 0.99439
7240 7241 0.99439
1070 7242 0.0058483
7243 7242 0.0058483
448 7243 0.00024803
7238 7243 0.00024803
7242 7243 0.00024803
3400 7245 0.9967
4579 7245 0.9967
7244 7245 0.9967
267 7246 0.0043904
7247 7246 0.0043904
270 7247 0.0020807
6049 7247 0.0020807
7246 7247 0.0020807
1235 7249 0.9997
7248 7249 0.9997
7250 7249 0.9997
2752 7250 1
7251 7250 1
