77 78 1
2716 78 1
2719 78 1
86 85 0.00014147
89 85 0.00014147
6576 85 0.00014147
88 87 0.00074802
90 87 0.00074802
773 87 0.00074802
6568 87 0.00074802
92 91 0.0010339
4557 91 0.0010339
6569 91 0.0010339
98 97 0.019216
3704 97 0.019216
3705 97 0.019216
97 98 0.00103
412 98 0.00103
6566 98 0.00103
110 109 0.027095
5717 109 0.027095
6560 109 0.027095
109 110 0.01788
782 110 0.01788
784 110 0.01788
111 112 0.00013136
387 112 0.00013136
394 112 0.00013136
113 114 0.00015728
384 114 0.00015728
385 114 0.00015728
115 116 0.00013471
382 116 0.00013471
383 116 0.00013471
118 117 0.43183
3219 117 0.43183
5730 117 0.43183
117 118 0.00028586
6612 118 0.00028586
6615 118 0.00028586
134 133 0.073691
3708 133 0.073691
3709 133 0.073691
133 134 0.041004
3052 134 0.041004
381 382 0.00040252
400 382 0.00040252
401 382 0.00040252
413 382 0.00040252
115 384 0.00033293
382 384 0.00033293
383 384 0.00033293
113 386 0.00021504
384 386 0.00021504
385 386 0.00021504
111 388 0.00012101
387 388 0.00012101
394 388 0.00012101
380 394 0.00022993
386 394 0.00022993
393 394 0.00022993
402 401 0.00010362
403 401 0.00010362
418 401 0.00010362
419 401 0.00010362
381 402 0.00011008
400 402 0.00011008
401 402 0.00011008
413 402 0.00011008
404 403 0.00018914
405 403 0.00018914
6570 403 0.00018914
6573 403 0.00018914
402 404 0.00010694
403 404 0.00010694
418 404 0.00010694
419 404 0.00010694
97 411 0.019216
412 411 0.019216
6566 411 0.019216
411 412 0.00103
3734 412 0.00103
3735 412 0.00103
414 413 0.00043023
415 413 0.00043023
417 413 0.00043023
416 415 0.0022364
3096 415 0.0022364
7148 415 0.0022364
414 418 0.0018225
415 418 0.0018225
417 418 0.0018225
402 420 0.0019108
403 420 0.0019108
418 420 0.0019108
419 420 0.0019108
116 422 0.0019505
420 422 0.0019505
421 422 0.0019505
1584 422 0.0019505
114 424 0.0020808
422 424 0.0020808
423 424 0.0020808
6550 424 0.0020808
112 426 0.0021742
424 426 0.0021742
425 426 0.0021742
6552 426 0.0021742
428 427 0.00061883
429 427 0.00061883
3089 427 0.00061883
5680 427 0.00061883
427 432 0.00057609
431 432 0.00057609
3097 432 0.00057609
554 553 0.023134
1525 553 0.023134
2824 553 0.023134
553 554 0.025984
3702 554 0.025984
3703 554 0.025984
5260 723 0.0089777
723 724 0.043156
6920 724 0.043156
774 773 0.00096933
775 773 0.00096933
776 775 0.00096933
6574 775 0.00096933
109 781 0.027095
782 781 0.027095
784 781 0.027095
781 782 0.01788
3700 782 0.01788
3701 782 0.01788
432 1127 0.0077041
5692 1127 0.0077041
1521 1520 0.012993
6558 1520 0.012993
6561 1520 0.012993
1520 1521 0.0064584
1523 1521 0.0064584
2825 1521 0.0064584
1520 1522 0.0043649
1523 1522 0.0043649
2825 1522 0.0043649
1522 1523 0.0047049
2821 1523 0.0047049
2827 1523 0.0047049
554 1524 0.020913
1525 1524 0.020913
2824 1524 0.020913
1524 1525 0.011189
1968 1525 0.011189
2820 1525 0.011189
1527 1526 0.0019568
1967 1526 0.0019568
2822 1526 0.0019568
1526 1527 0.0019509
2826 1527 0.0019509
1538 1540 0.0004133
1541 1540 0.0004133
1543 1540 0.0004133
5703 1540 0.0004133
1540 1541 0.011296
4516 1541 0.011296
5699 1541 0.011296
6610 1541 0.011296
1538 1542 0.022183
1541 1542 0.022183
1543 1542 0.022183
5703 1542 0.022183
1566 1568 0.012487
1569 1568 0.012487
5716 1568 0.012487
1568 1569 0.028236
1571 1569 0.028236
3699 1569 0.028236
1570 1571 0.98978
1573 1571 0.98978
3092 1571 0.98978
1570 1572 0.0015256
1573 1572 0.0015256
3092 1572 0.0015256
1572 1573 0.00096166
7223 1573 0.00096166
408 1574 0.0015256
1575 1574 0.0015256
7224 1574 0.0015256
1574 1575 0.00096166
1577 1575 0.00096166
6571 1575 0.00096166
1574 1576 0.00017618
1577 1576 0.00017618
6571 1576 0.00017618
1576 1577 0.0014575
7149 1577 0.0014575
1580 1581 0.00076882
1583 1581 0.00076882
6572 1581 0.00076882
6575 1581 0.00076882
1580 1582 0.00015279
1583 1582 0.00015279
6572 1582 0.00015279
6575 1582 0.00015279
1582 1583 0.00010425
1585 1583 0.00010425
4524 1583 0.00010425
1582 1584 0.00011611
1585 1584 0.00011611
4524 1584 0.00011611
116 1585 0.00014322
420 1585 0.00014322
421 1585 0.00014322
1584 1585 0.00014322
1660 1659 0.00037387
6196 1659 0.00037387
7158 1659 0.00037387
1688 1687 0.00015898
4517 1687 0.00015898
6605 1687 0.00015898
1691 1693 0.00061399
1694 1693 0.00061399
3194 1693 0.00061399
1524 1967 0.019702
1968 1967 0.019702
2820 1967 0.019702
1527 1968 0.010312
1967 1968 0.010312
2822 1968 0.010312
1972 1971 0.010762
3706 1971 0.010762
3707 1971 0.010762
3736 1971 0.010762
1969 1972 0.020146
1971 1972 0.020146
2823 1972 0.020146
1974 1973 0.00022402
6557 1973 0.00022402
1973 1974 0.00067964
3048 1974 0.00067964
1976 1975 0.97593
6155 1975 0.97593
6617 1975 0.97593
2136 2137 0.00010106
2853 2137 0.00010106
3220 2137 0.00010106
6166 2137 0.00010106
724 2146 0.043235
2147 2146 0.043235
6794 2146 0.043235
2146 2147 0.0073264
3712 2147 0.0073264
4663 2147 0.0073264
7113 2147 0.0073264
2149 2148 0.0007085
7287 2148 0.0007085
2148 2149 0.0079556
6795 2149 0.0079556
2151 2150 0.0017306
3649 2150 0.0017306
3652 2150 0.0017306
6823 2150 0.0017306
2375 2374 0.00014834
2376 2374 0.00014834
2806 2374 0.00014834
2377 2376 0.0001591
2380 2376 0.0001591
3644 2376 0.0001591
2440 2442 0.00013448
2443 2442 0.00013448
5710 2442 0.00013448
5713 2442 0.00013448
2442 2443 0.0001186
2445 2443 0.0001186
5720 2443 0.0001186
2442 2444 0.00077325
2445 2444 0.00077325
5720 2444 0.00077325
2711 2712 1
2721 2712 1
3641 2712 1
2712 2716 1
2713 2716 1
2715 2716 1
2709 2721 0.00021491
2722 2721 0.00021491
2723 2721 0.00021491
6588 2721 0.00021491
2724 2723 0.00021491
2725 2723 0.00021491
2861 2723 0.00021491
2679 2725 0.00021491
2726 2725 0.00021491
2727 2725 0.00021491
2728 2727 0.00017922
2729 2727 0.00017922
2873 2727 0.00017922
145 2729 0.00015373
2374 2729 0.00015373
2730 2729 0.00015373
2745 2746 0.0011792
2748 2746 0.0011792
4735 2746 0.0011792
2745 2747 0.00012102
2748 2747 0.00012102
4735 2747 0.00012102
2747 2748 0.0012013
3217 2748 0.0012013
4733 2748 0.0012013
1542 2808 0.022183
2809 2808 0.022183
1522 2820 0.0035161
2821 2820 0.0035161
2827 2820 0.0035161
1524 2821 0.0038502
1968 2821 0.0038502
2820 2821 0.0038502
1969 2822 0.010762
1971 2822 0.010762
2823 2822 0.010762
1527 2823 0.020146
1967 2823 0.020146
2822 2823 0.020146
1520 2824 0.013885
1523 2824 0.013885
2825 2824 0.013885
554 2825 0.0070107
1525 2825 0.0070107
2824 2825 0.0070107
1522 2826 0.0019509
2821 2826 0.0019509
2827 2826 0.0019509
1526 2827 0.0019568
2826 2827 0.0019568
2136 2854 0.0013492
2853 2854 0.0013492
3220 2854 0.0013492
6166 2854 0.0013492
1973 3047 0.00022402
3048 3047 0.00022402
3047 3048 0.00067964
6556 3048 0.00067964
6559 3048 0.00067964
133 3051 0.073691
3052 3051 0.073691
3051 3052 0.041004
3710 3052 0.041004
3711 3052 0.041004
3054 3053 0.0029328
3685 3053 0.0029328
3053 3054 0.00029056
3682 3054 0.00029056
3683 3054 0.00029056
1975 3092 0.99035
3091 3092 0.99035
5682 3092 0.99035
5693 3092 0.99035
3093 3094 0.022183
5684 3094 0.022183
1127 3096 0.0035271
3095 3096 0.0035271
3098 3096 0.0035271
1127 3097 0.00031379
3095 3097 0.00031379
3098 3097 0.00031379
427 3098 0.00033084
431 3098 0.00033084
3097 3098 0.00033084
3195 3194 0.00061399
4521 3194 0.00061399
6601 3194 0.00061399
1687 3198 0.00014435
3196 3198 0.00014435
3199 3198 0.00014435
1659 3212 0.00038993
3213 3212 0.00038993
4560 3212 0.00038993
3215 3214 0.97705
5729 3214 0.97705
6614 3214 0.97705
2747 3216 0.00034312
3217 3216 0.00034312
4733 3216 0.00034312
3216 3217 0.0010278
5721 3217 0.0010278
5722 3217 0.0010278
118 3218 0.57674
3219 3218 0.57674
5730 3218 0.57674
3218 3219 0.0071854
5727 3219 0.0071854
5728 3219 0.0071854
3221 3220 0.00010958
6081 3220 0.00010958
6213 3220 0.00010958
6592 3220 0.00010958
3343 3344 0.00015734
3639 3344 0.00015734
3962 3344 0.00015734
600 3346 0.00015842
2849 3346 0.00015842
3344 3346 0.00015842
3345 3346 0.00015842
3347 3348 0.0025379
3354 3348 0.0025379
4683 3348 0.0025379
73 3350 0.0025379
3348 3350 0.0025379
3349 3350 0.0025379
3350 3352 0.0025153
3351 3352 0.0025153
3363 3352 0.0025153
3353 3354 0.002378
3355 3354 0.002378
7220 3354 0.002378
3364 3366 0.00015002
3365 3366 0.00015002
3367 3366 0.00015002
3368 3367 0.00010579
3369 3367 0.00010579
3665 3367 0.00010579
3368 3370 0.00024075
3369 3370 0.00024075
3665 3370 0.00024075
3642 3641 0.99984
3698 3641 0.99984
3716 3641 0.99984
2661 3644 0.0001591
3643 3644 0.0001591
3646 3644 0.0001591
2382 3646 0.00015911
3645 3646 0.00015911
3648 3646 0.00015911
3647 3648 0.00015854
3650 3648 0.00015854
2151 3650 0.00015919
3649 3650 0.00015919
3652 3650 0.00015919
6823 3650 0.00015919
3212 3652 0.0018839
3651 3652 0.0018839
3654 3652 0.0018839
3653 3654 0.0015168
3656 3654 0.0015168
6210 3654 0.0015168
3655 3656 0.0014646
3658 3656 0.0014646
6205 3656 0.0014646
1662 3658 0.0014953
3657 3658 0.0014953
3660 3658 0.0014953
3659 3660 0.0014643
3662 3660 0.0014643
6218 3660 0.0014643
1676 3662 0.0013888
2854 3662 0.0013888
3661 3662 0.0013888
3666 3665 0.00026683
3667 3665 0.00026683
5843 3665 0.00026683
3668 3667 0.00063783
3669 3667 0.00063783
6478 3667 0.00063783
3670 3669 0.0001752
3679 3669 0.0001752
5851 3669 0.0001752
3668 3670 0.0015038
3669 3670 0.0015038
6478 3670 0.0015038
3671 3672 0.0028762
5854 3672 0.0028762
3672 3674 0.0045088
3673 3674 0.0045088
3675 3674 0.0045088
3676 3675 0.001712
3677 3675 0.001712
3690 3675 0.001712
3680 3679 0.0020505
3681 3679 0.0020505
3689 3679 0.0020505
6479 3679 0.0020505
3670 3680 0.00052377
3679 3680 0.00052377
5851 3680 0.00052377
3053 3681 0.0053815
3682 3681 0.0053815
3683 3681 0.0053815
3680 3682 0.00028314
3681 3682 0.00028314
3689 3682 0.00028314
6479 3682 0.00028314
3684 3683 0.0047829
3686 3683 0.0047829
3687 3683 0.0047829
3053 3684 0.0023267
3682 3684 0.0023267
3683 3684 0.0023267
3684 3685 0.0029328
3686 3685 0.0029328
3687 3685 0.0029328
3054 3686 0.00029056
3685 3686 0.00029056
3688 3687 0.0074513
3714 3687 0.0074513
3715 3687 0.0074513
3684 3688 0.0023529
3686 3688 0.0023529
3687 3688 0.0023529
3680 3690 0.001712
3681 3690 0.001712
3689 3690 0.001712
6479 3690 0.001712
3352 3692 0.0026011
3366 3692 0.0026011
3691 3692 0.0026011
3370 3694 0.0027962
3692 3694 0.0027962
3693 3694 0.0027962
3694 3696 0.0031776
3695 3696 0.0031776
6563 3696 0.0031776
3674 3698 0.0076761
3696 3698 0.0076761
3697 3698 0.0076761
1568 3700 0.97404
1571 3700 0.97404
3699 3700 0.97404
781 3702 0.98327
3700 3702 0.98327
3701 3702 0.98327
553 3704 0.98047
3702 3704 0.98047
3703 3704 0.98047
1972 3705 0.0013743
3706 3705 0.0013743
3707 3705 0.0013743
3736 3705 0.0013743
98 3706 0.96358
3704 3706 0.96358
3705 3706 0.96358
134 3707 0.00038151
3708 3707 0.00038151
3709 3707 0.00038151
1972 3708 0.99186
3706 3708 0.99186
3707 3708 0.99186
3736 3708 0.99186
3051 3709 0.00022811
3710 3709 0.00022811
3711 3709 0.00022811
134 3710 0.95902
3708 3710 0.95902
3709 3710 0.95902
3051 3712 0.99158
3710 3712 0.99158
3711 3712 0.99158
3713 3714 0.99733
6921 3714 0.99733
7114 3714 0.99733
3688 3716 0.99221
3714 3716 0.99221
3715 3716 0.99221
388 3718 0.00011149
389 3718 0.00011149
3717 3718 0.00011149
6554 3718 0.00011149
398 3720 0.00012218
3718 3720 0.00012218
3719 3720 0.00012218
365 3721 0.00016202
3722 3721 0.00016202
3723 3721 0.00016202
85 3723 0.00015749
3724 3723 0.00015749
3725 3723 0.00015749
3726 3725 0.00010165
3727 3725 0.00010165
4556 3725 0.00010165
85 3726 0.00011879
3724 3726 0.00011879
3725 3726 0.00011879
87 3727 0.00010777
3728 3727 0.00010777
3729 3727 0.00010777
3726 3728 0.00012122
3727 3728 0.00012122
4556 3728 0.00012122
87 3730 0.00080022
3728 3730 0.00080022
3729 3730 0.00080022
373 3732 0.00081145
3730 3732 0.00081145
3731 3732 0.00081145
411 3733 0.00010189
3734 3733 0.00010189
3735 3733 0.00010189
91 3734 0.0018031
3732 3734 0.0018031
3733 3734 0.0018031
1972 3735 0.00093034
3706 3735 0.00093034
3707 3735 0.00093034
3736 3735 0.00093034
411 3736 0.020817
3734 3736 0.020817
3735 3736 0.020817
4685 3962 0.00015924
5086 3962 0.00015924
6876 3963 0.0042493
1129 3964 0.0041186
3963 3964 0.0041186
1540 4515 0.00042042
4516 4515 0.00042042
5699 4515 0.00042042
6610 4515 0.00042042
4515 4516 0.011303
5700 4516 0.011303
6613 4516 0.011303
4522 4521 0.00049249
4732 4521 0.00049249
6598 4521 0.00049249
1582 4523 0.00010169
1585 4523 0.00010169
4524 4523 0.00010169
4523 4525 0.00012978
4526 4525 0.00012978
6551 4525 0.00012978
1578 4557 0.00076882
1581 4557 0.00076882
4558 4557 0.00076882
426 4660 0.0023779
3720 4660 0.0023779
3721 4660 0.0023779
4661 4660 0.0023779
4662 4663 0.0040925
6739 4663 0.0040925
3341 4683 0.00016009
3346 4683 0.00016009
4684 4683 0.00016009
4714 4713 0.00091515
4715 4713 0.00091515
4734 4713 0.00091515
4713 4714 0.012688
5725 4714 0.012688
5726 4714 0.012688
4716 4715 0.00045798
4717 4715 0.00045798
4736 4715 0.00045798
4714 4716 0.011835
4715 4716 0.011835
4734 4716 0.011835
4718 4717 0.00023145
4719 4717 0.00023145
5706 4717 0.00023145
5709 4717 0.00023145
4716 4718 0.011574
4717 4718 0.011574
4736 4718 0.011574
3198 4719 0.0001927
4720 4719 0.0001927
4721 4719 0.0001927
4718 4720 0.00051552
4719 4720 0.00051552
5706 4720 0.00051552
5709 4720 0.00051552
3198 4722 0.00045384
4720 4722 0.00045384
4721 4722 0.00045384
4722 4732 0.0004055
4723 4732 0.0004055
4730 4732 0.0004055
4731 4732 0.0004055
4714 4733 0.00098844
4715 4733 0.00098844
4734 4733 0.00098844
2747 4734 0.00059283
3217 4734 0.00059283
4733 4734 0.00059283
4716 4735 0.00052243
4717 4735 0.00052243
4736 4735 0.00052243
2745 4736 0.00048792
2748 4736 0.00048792
4735 4736 0.00048792
777 4783 0.00018012
4784 4783 0.00018012
6149 4783 0.00018012
1685 4784 0.00025718
4783 4784 0.00025718
6151 4784 0.00025718
6154 4784 0.00025718
5087 5086 0.0001653
5271 5086 0.0001653
1129 5087 0.00013761
3963 5087 0.00013761
7272 5088 0.0042509
7274 5088 0.0042509
5088 5093 0.004252
5094 5093 0.004252
2149 5260 0.0089777
7287 5260 0.0089777
3094 5680 0.00068238
5681 5680 0.00068238
5683 5680 0.00068238
3094 5682 0.022128
5681 5682 0.022128
5683 5682 0.022128
1975 5683 0.00058404
3091 5683 0.00058404
5682 5683 0.00058404
5693 5683 0.00058404
2808 5684 0.022183
5685 5684 0.022183
5686 5684 0.022183
1975 5692 0.0076002
3091 5692 0.0076002
5682 5692 0.0076002
5693 5692 0.0076002
432 5693 0.00047225
5692 5693 0.00047225
5695 5694 0.00022072
6609 5694 0.00022072
5694 5699 0.00022072
5696 5699 0.00022072
5698 5699 0.00022072
1693 5703 0.01131
5702 5703 0.01131
5705 5703 0.01131
5704 5705 0.010751
5707 5705 0.010751
5731 5705 0.010751
6600 5705 0.010751
4718 5707 0.011961
4719 5707 0.011961
5706 5707 0.011961
5709 5707 0.011961
4718 5708 0.0001726
4719 5708 0.0001726
5706 5708 0.0001726
5709 5708 0.0001726
2746 5709 0.0010731
5708 5709 0.0010731
5711 5709 0.0010731
6604 5709 0.0010731
2746 5710 0.00017602
5708 5710 0.00017602
5711 5710 0.00017602
6604 5710 0.00017602
2440 5711 0.0001111
2443 5711 0.0001111
5710 5711 0.0001111
5713 5711 0.0001111
110 5716 0.012487
5717 5716 0.012487
6560 5716 0.012487
1566 5717 0.028236
1569 5717 0.028236
5716 5717 0.028236
3216 5720 0.00074931
5721 5720 0.00074931
5722 5720 0.00074931
5723 5722 0.0015085
5724 5722 0.0015085
6606 5722 0.0015085
3216 5723 0.00011198
5721 5723 0.00011198
5722 5723 0.00011198
4713 5724 0.0015085
5725 5724 0.0015085
5726 5724 0.0015085
5723 5725 0.00011198
5724 5725 0.00011198
6606 5725 0.00011198
3218 5726 0.014162
5727 5726 0.014162
5728 5726 0.014162
4713 5727 0.00099208
5725 5727 0.00099208
5726 5727 0.00099208
3215 5728 0.0074014
5729 5728 0.0074014
6614 5728 0.0074014
3218 5729 0.56379
5727 5729 0.56379
5728 5729 0.56379
5704 5730 1.0022
5707 5730 1.0022
5731 5730 1.0022
6600 5730 1.0022
118 5731 0.0010647
3219 5731 0.0010647
5730 5731 0.0010647
5839 5840 0.00039003
5842 5840 0.00039003
5848 5840 0.00039003
5841 5842 0.00039003
5844 5842 0.00039003
5850 5842 0.00039003
3666 5844 0.00039003
3667 5844 0.00039003
5843 5844 0.00039003
3670 5852 0.0028762
3679 5852 0.0028762
5851 5852 0.0028762
5852 5854 0.0028762
5853 5854 0.0028762
6150 6149 0.00018557
6616 6149 0.00018557
6619 6149 0.00018557
777 6150 0.00026262
4784 6150 0.00026262
6149 6150 0.00026262
6152 6151 0.00046484
6618 6151 0.00046484
6621 6151 0.00046484
1685 6152 0.00041398
4783 6152 0.00041398
6151 6152 0.00041398
6154 6152 0.00041398
1685 6153 0.00052915
4783 6153 0.00052915
6151 6153 0.00052915
6154 6153 0.00052915
6153 6154 0.00055535
7267 6154 0.00055535
3214 6155 0.97628
6156 6155 0.97628
7264 6155 0.97628
6158 6157 0.0008971
7266 6157 0.0008971
7268 6157 0.0008971
6157 6158 0.0016721
7265 6158 0.0016721
2444 6159 0.00038275
6160 6159 0.00038275
6161 6159 0.00038275
6159 6160 0.0011315
7269 6160 0.0011315
2444 6162 0.0014782
6160 6162 0.0014782
6161 6162 0.0014782
3204 6164 0.0013922
6162 6164 0.0013922
6163 6164 0.0013922
3950 6166 0.0013478
6164 6166 0.0013478
6165 6166 0.0013478
6206 6205 0.00016296
6209 6205 0.00016296
6211 6205 0.00016296
3655 6206 0.00019963
3658 6206 0.00019963
6205 6206 0.00019963
3653 6209 0.00016296
3656 6209 0.00016296
6210 6209 0.00016296
6206 6210 0.00019963
6209 6210 0.00019963
6211 6210 0.00019963
3680 6478 0.0020098
3681 6478 0.0020098
3689 6478 0.0020098
6479 6478 0.0020098
112 6553 0.0001001
424 6553 0.0001001
425 6553 0.0001001
6552 6553 0.0001001
1974 6556 0.00067964
6557 6556 0.00067964
3047 6557 0.00022402
6556 6557 0.00022402
6559 6557 0.00022402
3047 6558 0.00086493
6556 6558 0.00086493
6559 6558 0.00086493
1521 6559 0.00086493
6558 6559 0.00086493
6561 6559 0.00086493
1521 6560 0.0068617
6558 6560 0.0068617
6561 6560 0.0068617
110 6561 0.013396
5717 6561 0.013396
6560 6561 0.013396
5840 6563 0.00039003
5846 6563 0.00039003
6562 6563 0.00039003
92 6568 0.00010887
4557 6568 0.00010887
6569 6568 0.00010887
88 6569 0.00031813
90 6569 0.00031813
773 6569 0.00031813
6568 6569 0.00031813
1574 6570 0.0018643
1577 6570 0.0018643
6571 6570 0.0018643
404 6572 0.0017752
405 6572 0.0017752
6570 6572 0.0017752
6573 6572 0.0017752
1580 6574 0.00096933
1583 6574 0.00096933
6572 6574 0.00096933
6575 6574 0.00096933
4525 6576 0.00012689
6553 6576 0.00012689
6577 6576 0.00012689
3195 6600 0.00041008
4521 6600 0.00041008
6601 6600 0.00041008
5704 6601 0.00052959
5707 6601 0.00052959
5731 6601 0.00052959
6600 6601 0.00052959
2746 6605 0.00018587
5708 6605 0.00018587
5711 6605 0.00018587
6604 6605 0.00018587
6608 6609 0.00022072
6611 6609 0.00022072
1540 6611 0.00022072
4516 6611 0.00022072
5699 6611 0.00022072
6610 6611 0.00022072
4515 6612 0.00042042
5700 6612 0.00042042
6613 6612 0.00042042
117 6613 0.011303
6612 6613 0.011303
6615 6613 0.011303
117 6614 0.42269
6612 6614 0.42269
6615 6614 0.42269
3215 6615 0.0020287
5729 6615 0.0020287
6614 6615 0.0020287
1976 6616 0.0009461
6155 6616 0.0009461
6617 6616 0.0009461
6150 6617 0.00059867
6616 6617 0.00059867
6619 6617 0.00059867
6150 6618 0.00077574
6616 6618 0.00077574
6619 6618 0.00077574
6152 6619 0.00035125
6618 6619 0.00035125
6621 6619 0.00035125
6152 6620 0.00037439
6618 6620 0.00037439
6621 6620 0.00037439
5718 6622 0.00037363
6620 6622 0.00037363
6623 6622 0.00037363
3964 6739 0.0040925
6738 6739 0.0040925
2148 6794 0.0007085
6795 6794 0.0007085
724 6795 0.0079556
2147 6795 0.0079556
6794 6795 0.0079556
2150 6796 0.0017306
6797 6796 0.0017306
5093 6875 0.0042493
6875 6876 0.0042493
3713 6920 0.040879
6921 6920 0.040879
7114 6920 0.040879
723 6921 0.0067007
6920 6921 0.0067007
2146 7114 1.0315
3712 7114 1.0315
4663 7114 1.0315
7113 7114 1.0315
1576 7148 0.00017618
7149 7148 0.00017618
416 7149 0.0014575
3096 7149 0.0014575
7148 7149 0.0014575
7157 7156 0.00037363
7230 7156 0.00037363
7156 7158 0.00037363
7159 7158 0.00037363
6796 7182 0.0017306
7183 7182 0.0017306
7182 7184 0.0017306
7185 7184 0.0017306
4660 7220 0.0023779
7221 7220 0.0023779
1572 7222 0.0015256
7223 7222 0.0015256
7222 7223 0.00096166
7225 7223 0.00096166
7222 7224 0.0015256
7225 7224 0.0015256
408 7225 0.00096166
1575 7225 0.00096166
7224 7225 0.00096166
6622 7228 0.00037363
7229 7228 0.00037363
7228 7230 0.00037363
7231 7230 0.00037363
6157 7264 0.0008971
7265 7264 0.0008971
3214 7265 0.0016721
6156 7265 0.0016721
7264 7265 0.0016721
6153 7266 0.00052915
7267 7266 0.00052915
6158 7267 0.00055535
7266 7267 0.00055535
7268 7267 0.00055535
6159 7268 0.00038275
7269 7268 0.00038275
6158 7269 0.0011315
7266 7269 0.0011315
7268 7269 0.0011315
1127 7274 0.0042059
3095 7274 0.0042059
3098 7274 0.0042059
7184 7287 0.0017306
7288 7287 0.0017306
