568 567 0.0052935
4174 567 0.0052935
6435 567 0.0052935
570 569 1
6429 569 1
6432 569 1
770 769 0.32973
771 769 0.32973
1920 769 0.32973
769 770 0.12316
4157 770 0.12316
772 771 0.074658
1884 771 0.074658
4156 771 0.074658
770 772 0.27681
771 772 0.27681
1920 772 0.27681
942 944 0.0013364
945 944 0.0013364
5898 944 0.0013364
7252 944 0.0013364
944 946 0.0013609
947 946 0.0013609
4210 946 0.0013609
1227 1226 0.00010142
7040 1226 0.00010142
7075 1226 0.00010142
7079 1226 0.00010142
1226 1227 0.0086208
1536 1227 0.0086208
4200 1227 0.0086208
567 1466 0.0053066
1467 1466 0.0053066
1226 1537 0.00068209
1536 1537 0.00068209
4200 1537 0.00068209
1654 1653 0.00065779
2340 1653 0.00065779
2343 1653 0.00065779
1653 1654 0.0089658
7054 1654 0.0089658
7076 1654 0.0089658
1918 1920 0.40872
1921 1920 0.40872
1922 1920 0.40872
1923 1922 0.40872
1924 1922 0.40872
4230 1922 0.40872
4231 1922 0.40872
1466 2324 0.0052778
2325 2324 0.0052778
2327 2326 0.028497
4708 2326 0.028497
5968 2326 0.028497
2326 2327 0.00021535
7259 2327 0.00021535
2329 2328 0.1579
5896 2328 0.1579
7254 2328 0.1579
7258 2328 0.1579
2328 2329 0.00033325
7257 2329 0.00033325
2331 2330 0.48995
4196 2330 0.48995
5971 2330 0.48995
7256 2330 0.48995
2330 2331 0.00021407
2333 2331 0.00021407
5975 2331 0.00021407
2330 2332 0.72126
2333 2332 0.72126
5975 2332 0.72126
2332 2334 0.72106
2335 2334 0.72106
4216 2334 0.72106
2334 2335 0.00011462
2337 2335 0.00011462
5977 2335 0.00011462
7152 2335 0.00011462
2334 2336 0.91475
2337 2336 0.91475
5977 2336 0.91475
7152 2336 0.91475
2336 2338 0.91416
2339 2338 0.91416
4709 2338 0.91416
2338 2340 0.99132
2341 2340 0.99132
4198 2340 0.99132
1654 2342 0.99956
2340 2342 0.99956
2343 2342 0.99956
2632 2633 0.00036998
5782 2633 0.00036998
5883 2633 0.00036998
5886 2633 0.00036998
2640 2637 0.00019442
4087 2637 0.00019442
5732 2637 0.00019442
2637 2638 0.00034348
2641 2638 0.00034348
4085 2640 0.00020641
4085 2641 0.00014906
2633 2643 0.00034447
2635 2643 0.00034447
2644 2643 0.00034447
6717 2646 0.00034331
4199 3791 0.00021541
5395 3791 0.00021541
3791 3793 0.00021528
3793 3794 0.00021522
5993 3794 0.00021522
7115 3794 0.00021522
5770 4085 0.00035547
5772 4085 0.00035547
4155 4154 0.59588
7132 4154 0.59588
769 4155 0.0046117
4157 4155 0.0046117
4154 4156 0.59589
5938 4156 0.59589
772 4157 0.79804
1884 4157 0.79804
4156 4157 0.79804
4163 4162 0.011676
4164 4162 0.011676
5889 4162 0.011676
5892 4162 0.011676
4162 4163 0.065147
4171 4163 0.065147
5793 4163 0.065147
4165 4164 0.0094238
4166 4164 0.0094238
5929 4164 0.0094238
5972 4164 0.0094238
4163 4165 0.36798
4164 4165 0.36798
5889 4165 0.36798
5892 4165 0.36798
4167 4166 0.022641
4168 4166 0.022641
5923 4166 0.022641
5926 4166 0.022641
4165 4167 0.26668
4166 4167 0.26668
5929 4167 0.26668
5972 4167 0.26668
4169 4168 0.018317
4193 4168 0.018317
4194 4168 0.018317
4167 4169 0.07215
4168 4169 0.07215
5923 4169 0.07215
5926 4169 0.07215
4162 4170 0.019155
4171 4170 0.019155
5793 4170 0.019155
4170 4171 0.0063139
4173 4171 0.0063139
5933 4171 0.0063139
4170 4172 0.0020884
4173 4172 0.0020884
5933 4172 0.0020884
4172 4173 0.0067322
5797 4173 0.0067322
4175 4174 0.00028601
4176 4174 0.00028601
5784 4174 0.00028601
5785 4174 0.00028601
568 4175 0.011957
4174 4175 0.011957
6435 4175 0.011957
4177 4176 0.0032491
4178 4176 0.0032491
5970 4176 0.0032491
4175 4177 0.015404
4176 4177 0.015404
5784 4177 0.015404
5785 4177 0.015404
4179 4178 0.0029258
4180 4178 0.0029258
4177 4179 0.016337
4178 4179 0.016337
5970 4179 0.016337
4181 4180 0.049921
4182 4180 0.049921
5885 4180 0.049921
5888 4180 0.049921
4179 4181 0.011523
4180 4181 0.011523
4183 4182 0.014911
4184 4182 0.014911
5928 4182 0.014911
4181 4183 0.49705
4182 4183 0.49705
5885 4183 0.49705
5888 4183 0.49705
4185 4184 0.031242
4186 4184 0.031242
5922 4184 0.031242
4183 4185 0.27025
4184 4185 0.27025
5928 4185 0.27025
4187 4186 0.0098986
4188 4186 0.0098986
4195 4186 0.0098986
4185 4187 0.16239
4186 4187 0.16239
5922 4187 0.16239
4189 4188 0.00057817
4190 4188 0.00057817
5918 4188 0.00057817
4187 4189 0.13817
4188 4189 0.13817
4195 4189 0.13817
4191 4190 0.00082747
4666 4190 0.00082747
6469 4190 0.00082747
4189 4191 0.085708
4190 4191 0.085708
5918 4191 0.085708
4169 4192 0.080341
4193 4192 0.080341
4194 4192 0.080341
4192 4193 0.01161
5919 4193 0.01161
5980 4193 0.01161
4187 4194 0.02915
4188 4194 0.02915
4195 4194 0.02915
4169 4195 0.014252
4193 4195 0.014252
4194 4195 0.014252
5771 4198 0.086511
5881 4198 0.086511
7116 4199 0.00020445
2338 4200 0.0094008
2341 4200 0.0094008
4198 4200 0.0094008
2332 4215 0.0010398
2335 4215 0.0010398
4216 4215 0.0010398
4215 4216 0.00079743
6725 4216 0.00079743
4218 4217 0.0016438
6706 4217 0.0016438
6724 4217 0.0016438
4223 4224 0.00042594
6896 4224 0.00042594
7081 4224 0.00042594
4227 4228 0.40834
5937 4228 0.40834
7073 4228 0.40834
4228 4230 0.40872
4229 4230 0.40872
6893 4230 0.40872
2646 4664 0.0071896
5774 4664 0.0071896
5775 4664 0.0071896
4191 4665 0.077478
4666 4665 0.077478
6469 4665 0.077478
4664 4666 0.00020037
4665 4666 0.00020037
3189 4708 0.0091684
4707 4708 0.0091684
5981 4708 0.0091684
7130 4708 0.0091684
1537 4709 0.00070013
4710 4709 0.00070013
569 4805 0.020474
4806 4805 0.020474
5884 4805 0.020474
4664 5771 0.084467
4665 5771 0.084467
6467 5772 0.00033399
2646 5773 0.0021518
5774 5773 0.0021518
5775 5773 0.0021518
5773 5774 0.00010798
5880 5774 0.00010798
5776 5775 0.0088901
6468 5775 0.0088901
5780 5779 0.0033761
5781 5779 0.0033761
5786 5779 0.0033761
981 5780 0.0068586
5779 5780 0.0068586
6433 5780 0.0068586
6436 5780 0.0068586
2632 5781 0.010809
5782 5781 0.010809
5883 5781 0.010809
5886 5781 0.010809
5780 5782 0.0054548
5781 5782 0.0054548
5786 5782 0.0054548
4175 5783 0.0084472
4176 5783 0.0084472
5784 5783 0.0084472
5785 5783 0.0084472
5780 5785 0.0089442
5781 5785 0.0089442
5786 5785 0.0089442
4175 5786 0.00010709
4176 5786 0.00010709
5784 5786 0.00010709
5785 5786 0.00010709
5783 5787 0.0028544
5788 5787 0.0028544
5796 5787 0.0028544
5787 5788 0.00040144
5914 5788 0.00040144
5915 5788 0.00040144
5790 5789 0.0029675
5791 5789 0.0029675
5932 5789 0.0029675
5969 5789 0.0029675
5789 5790 0.0016134
5911 5790 0.0016134
5913 5790 0.0016134
5982 5790 0.0016134
5792 5791 0.011426
5891 5791 0.011426
5894 5791 0.011426
5790 5792 0.0083581
5791 5792 0.0083581
5932 5792 0.0083581
5969 5792 0.0083581
5794 5793 0.066312
5931 5793 0.066312
5795 5794 0.032635
5887 5794 0.032635
5890 5794 0.032635
5794 5795 0.018131
5931 5795 0.018131
4172 5796 0.0015474
5797 5796 0.0015474
5783 5797 0.0074474
5788 5797 0.0074474
5796 5797 0.0074474
5773 5879 0.0021518
5880 5879 0.0021518
5879 5880 0.00010798
5882 5880 0.00010798
5879 5881 0.0021518
5882 5881 0.0021518
5771 5882 0.00010798
5881 5882 0.00010798
569 5883 0.97958
4806 5883 0.97958
5884 5883 0.97958
2632 5885 0.97391
5782 5885 0.97391
5883 5885 0.97391
5886 5885 0.97391
4181 5887 0.46202
4182 5887 0.46202
5885 5887 0.46202
5888 5887 0.46202
5795 5888 0.0087
5887 5888 0.0087
5890 5888 0.0087
5795 5889 0.44692
5887 5889 0.44692
5890 5889 0.44692
4163 5890 0.0081035
4164 5890 0.0081035
5889 5890 0.0081035
5892 5890 0.0081035
4163 5891 0.13876
4164 5891 0.13876
5889 5891 0.13876
5892 5891 0.13876
5792 5892 0.0050368
5891 5892 0.0050368
5894 5892 0.0050368
5792 5893 0.13185
5891 5893 0.13185
5894 5893 0.13185
5893 5894 0.0011917
7255 5894 0.0011917
2329 5895 0.0013967
5896 5895 0.0013967
7254 5895 0.0013967
7258 5895 0.0013967
5787 5913 0.0028544
5914 5913 0.0028544
5915 5913 0.0028544
5789 5914 0.00040144
5911 5914 0.00040144
5913 5914 0.00040144
5982 5914 0.00040144
4189 5917 0.054296
4190 5917 0.054296
5918 5917 0.054296
5917 5918 0.0015884
5920 5918 0.0015884
5978 5918 0.0015884
5917 5919 0.0069385
5920 5919 0.0069385
5978 5919 0.0069385
4192 5920 0.14642
5919 5920 0.14642
5980 5920 0.14642
4185 5921 0.12634
4186 5921 0.12634
5922 5921 0.12634
5921 5922 0.039815
5924 5922 0.039815
5973 5922 0.039815
5921 5923 0.16886
5924 5923 0.16886
5973 5923 0.16886
4167 5924 0.056866
4168 5924 0.056866
5923 5924 0.056866
5926 5924 0.056866
4167 5925 0.30922
4168 5925 0.30922
5923 5925 0.30922
5926 5925 0.30922
5925 5926 0.0070235
5976 5926 0.0070235
5979 5926 0.0070235
4183 5927 0.25975
4184 5927 0.25975
5928 5927 0.25975
5927 5928 0.01663
5930 5928 0.01663
5974 5928 0.01663
5927 5929 0.24866
5930 5929 0.24866
5974 5929 0.24866
4165 5930 0.031003
4166 5930 0.031003
5929 5930 0.031003
5972 5930 0.031003
4179 5931 0.051809
4180 5931 0.051809
4170 5932 0.018791
4173 5932 0.018791
5933 5932 0.018791
5790 5933 0.0013059
5791 5933 0.0013059
5932 5933 0.0013059
5969 5933 0.0013059
4227 5936 0.59151
5937 5936 0.59151
7073 5936 0.59151
5936 5937 0.0002499
7133 5937 0.0002499
5790 5968 0.020139
5791 5968 0.020139
5932 5968 0.020139
5969 5968 0.020139
2327 5969 0.00093996
4708 5969 0.00093996
5968 5969 0.00093996
4172 5970 0.0012562
5797 5970 0.0012562
4165 5971 0.33528
4166 5971 0.33528
5929 5971 0.33528
5972 5971 0.33528
2331 5972 0.0031107
4196 5972 0.0031107
5971 5972 0.0031107
7256 5972 0.0031107
5927 5973 0.077963
5930 5973 0.077963
5974 5973 0.077963
5921 5974 0.052496
5924 5974 0.052496
5973 5974 0.052496
5925 5975 0.24988
5976 5975 0.24988
5979 5975 0.24988
2330 5976 0.018425
2333 5976 0.018425
5975 5976 0.018425
5917 5977 0.1986
5920 5977 0.1986
5978 5977 0.1986
2334 5978 0.0064136
2337 5978 0.0064136
5977 5978 0.0064136
7152 5978 0.0064136
4192 5979 0.021725
5919 5979 0.021725
5980 5979 0.021725
5925 5980 0.092473
5976 5980 0.092473
5979 5980 0.092473
5789 5981 0.0043989
5911 5981 0.0043989
5913 5981 0.0043989
5982 5981 0.0043989
3189 5982 0.0005919
4707 5982 0.0005919
5981 5982 0.0005919
7130 5982 0.0005919
4805 6433 0.020463
6431 6433 0.020463
6434 6433 0.020463
981 6435 0.016969
5779 6435 0.016969
6433 6435 0.016969
6436 6435 0.016969
2642 6467 0.0003557
2643 6467 0.0003557
4191 6468 0.0088972
4666 6468 0.0088972
6469 6468 0.0088972
2336 6469 0.001294
2339 6469 0.001294
4709 6469 0.001294
946 6706 0.0013609
6707 6706 0.0013609
2638 6717 0.00034331
4215 6724 0.0010398
6725 6724 0.0010398
4218 6725 0.00079743
6706 6725 0.00079743
6724 6725 0.00079743
4217 6726 0.0016438
6727 6726 0.0016438
4224 6893 0.00042594
4225 6893 0.00042594
6894 6893 0.00042594
6895 6896 0.00038102
7017 6896 0.00038102
7084 6896 0.00038102
7016 7017 0.00016895
7019 7017 0.00016895
7026 7017 0.00016895
7021 7020 0.00062804
7023 7020 0.00062804
7025 7020 0.00062804
7036 7020 0.00062804
7020 7021 0.00051831
7032 7021 0.00051831
7035 7021 0.00051831
7021 7022 0.00051961
7023 7022 0.00051961
7025 7022 0.00051961
7036 7022 0.00051961
7022 7023 0.00031753
7029 7023 0.00031753
7031 7023 0.00031753
7033 7023 0.00031753
7021 7024 0.00092308
7023 7024 0.00092308
7025 7024 0.00092308
7036 7024 0.00092308
7024 7025 0.00068228
7027 7025 0.00068228
7077 7025 0.00068228
7080 7025 0.00068228
7024 7026 0.00021185
7027 7026 0.00021185
7077 7026 0.00021185
7080 7026 0.00021185
1230 7031 0.00070432
7030 7031 0.00070432
7078 7031 0.00070432
7022 7032 0.00091996
7029 7032 0.00091996
7031 7032 0.00091996
7033 7032 0.00091996
7020 7034 0.0010713
7032 7034 0.0010713
7035 7034 0.0010713
7034 7035 0.00012758
7037 7035 0.00012758
7039 7035 0.00012758
7034 7036 0.00087175
7037 7036 0.00087175
7039 7036 0.00087175
7021 7037 0.00031914
7023 7037 0.00031914
7025 7037 0.00031914
7036 7037 0.00031914
7034 7038 0.00076647
7037 7038 0.00076647
7039 7038 0.00076647
7038 7039 0.00037536
7041 7039 0.00037536
7043 7039 0.00037536
7038 7040 0.00075965
7041 7040 0.00075965
7043 7040 0.00075965
1227 7041 0.00038979
7040 7041 0.00038979
7075 7041 0.00038979
7079 7041 0.00038979
2342 7073 0.99956
7057 7073 0.99956
7074 7073 0.99956
1653 7075 0.00065688
7054 7075 0.00065688
7076 7075 0.00065688
1227 7076 0.0089436
7040 7076 0.0089436
7075 7076 0.0089436
7079 7076 0.0089436
7024 7078 0.00070432
7027 7078 0.00070432
7077 7078 0.00070432
7080 7078 0.00070432
7024 7079 0.00061182
7027 7079 0.00061182
7077 7079 0.00061182
7080 7079 0.00061182
1227 7080 0.0012144
7040 7080 0.0012144
7075 7080 0.0012144
7079 7080 0.0012144
3790 7084 0.00021304
3794 7084 0.00021304
7083 7084 0.00021304
7117 7116 0.00020445
1226 7117 0.00020445
1536 7117 0.00020445
4200 7117 0.00020445
2324 7130 0.0052778
7131 7130 0.0052778
5936 7132 0.59151
7133 7132 0.59151
4155 7133 0.0002499
7132 7133 0.0002499
6726 7152 0.0016438
7153 7152 0.0016438
5895 7252 0.0013967
7253 7252 0.0013967
5893 7254 0.13185
7255 7254 0.13185
2329 7255 0.0011917
5896 7255 0.0011917
7254 7255 0.0011917
7258 7255 0.0011917
2328 7256 0.1579
7257 7256 0.1579
2331 7257 0.00033325
4196 7257 0.00033325
5971 7257 0.00033325
7256 7257 0.00033325
2326 7258 0.028497
7259 7258 0.028497
2329 7259 0.00021535
5896 7259 0.00021535
7254 7259 0.00021535
7258 7259 0.00021535
