3 4 0.98552
2216 4 0.98552
3014 4 0.98552
6251 4 0.98552
27 28 0.00062503
7125 28 0.00062503
29 30 0.00062503
32 30 0.00062503
1060 30 0.00062503
31 32 0.004407
2199 32 0.004407
4851 32 0.004407
287 289 0.00010088
290 289 0.00010088
2198 289 0.00010088
289 290 0.0044185
292 290 0.0044185
2215 290 0.0044185
291 292 0.99992
7211 292 0.99992
558 557 0.0043671
5766 557 0.0043671
6474 557 0.0043671
557 558 0.00027453
6037 558 0.00027453
6465 558 0.00027453
5067 579 0.012086
6033 579 0.012086
5764 853 0.012705
6814 853 0.012705
869 868 0.00038842
878 868 0.00038842
3019 868 0.00038842
869 879 0.0017532
878 879 0.0017532
3019 879 0.0017532
879 881 0.0034573
880 881 0.0034573
4624 881 0.0034573
881 883 0.0049976
882 883 0.0049976
3557 883 0.0049976
3560 883 0.0049976
4 885 0.98552
884 885 0.98552
885 887 0.99491
886 887 0.99491
4622 887 0.99491
29 1061 0.0038345
32 1061 0.0038345
1060 1061 0.0038345
1751 1752 0.00012066
4538 1752 0.00012066
6275 1752 0.00012066
6277 1752 0.00012066
1754 1753 0.00022446
3585 1753 0.00022446
3588 1753 0.00022446
281 1754 0.0006145
1753 1754 0.0006145
6278 1754 0.0006145
1756 1755 0.0010391
1757 1755 0.0010391
2157 1755 0.0010391
1755 1756 0.0003095
4537 1756 0.0003095
6038 1756 0.0003095
1760 1759 0.0003095
1761 1759 0.0003095
2156 1759 0.0003095
1759 1760 0.0010391
1765 1760 0.0010391
6276 1760 0.0010391
1766 1765 0.00081349
3587 1765 0.00081349
3590 1765 0.00081349
1759 1766 0.00052446
1765 1766 0.00052446
6276 1766 0.00052446
1779 1780 0.0040583
3663 1780 0.0040583
5769 1780 0.0040583
571 1782 0.0040583
1780 1782 0.0040583
1781 1782 0.0040583
1782 1804 0.0040421
1783 1804 0.0040421
1803 1804 0.0040421
4601 1809 0.01595
5066 1809 0.01595
1756 2156 0.0003095
1757 2156 0.0003095
2157 2156 0.0003095
1760 2157 0.0010391
1761 2157 0.0010391
2156 2157 0.0010391
883 2178 0.0050903
2179 2178 0.0050903
2211 2178 0.0050903
287 2199 0.004407
290 2199 0.004407
2198 2199 0.004407
289 2216 0.99561
292 2216 0.99561
2215 2216 0.99561
2178 2270 0.0050903
2269 2270 0.0050903
2272 2270 0.0050903
2334 2336 0.0001501
2337 2336 0.0001501
5977 2336 0.0001501
7152 2336 0.0001501
2338 2339 0.00030714
2341 2339 0.00030714
4198 2339 0.00030714
6716 2634 0.99992
2634 2635 0.5579
2636 2635 0.5579
2633 2636 0.004514
2635 2636 0.004514
2644 2636 0.004514
2640 2637 0.0001074
4087 2637 0.0001074
5732 2637 0.0001074
2637 2638 0.00018975
2641 2638 0.00018975
2638 2639 0.00018873
4085 2640 0.00010776
2639 2642 0.44673
2645 2642 0.44673
2633 2643 0.55797
2635 2643 0.55797
2644 2643 0.55797
2642 2644 0.0045121
2643 2644 0.0045121
2634 2645 0.44654
2636 2645 0.44654
3664 2749 0.9963
6466 2749 0.9963
3011 3012 0.010267
3013 3012 0.010267
3016 3012 0.010267
3 3013 0.011544
2216 3013 0.011544
3014 3013 0.011544
6251 3013 0.011544
3011 3014 0.0014363
3013 3014 0.0014363
3016 3014 0.0014363
3011 3015 0.0024684
3013 3015 0.0024684
3016 3015 0.0024684
1061 3016 0.0025512
3015 3016 0.0025512
3553 3016 0.0025512
3018 3017 0.0037375
3554 3017 0.0037375
4626 3017 0.0037375
3017 3019 0.0020303
3020 3019 0.0020303
4625 3019 0.0020303
1061 3554 0.0037375
3015 3554 0.0037375
3553 3554 0.0037375
28 3555 0.00055543
525 3555 0.00055543
3556 3555 0.00055543
4849 3555 0.00055543
868 3557 0.00086823
870 3557 0.00086823
3555 3557 0.00086823
3558 3557 0.00086823
881 3559 0.0015792
882 3559 0.0015792
3557 3559 0.0015792
3560 3559 0.0015792
3012 3560 0.002355
3559 3560 0.002355
3562 3560 0.002355
3012 3561 0.010947
3559 3561 0.010947
3562 3561 0.010947
2176 3562 0.0015323
3561 3562 0.0015323
4623 3562 0.0015323
1754 3587 0.0006145
3585 3587 0.0006145
3588 3587 0.0006145
1766 3588 0.00022446
3587 3588 0.00022446
3590 3588 0.00022446
1766 3589 0.00095018
3587 3589 0.00095018
3590 3589 0.00095018
1763 3590 0.00084917
3589 3590 0.00084917
4600 3590 0.00084917
3664 3663 0.0040154
6466 3663 0.0040154
1779 3664 0.0003008
3663 3664 0.0003008
5769 3664 0.0003008
5770 4085 0.00019011
5772 4085 0.00019011
4185 4184 0.00010858
4186 4184 0.00010858
5922 4184 0.00010858
4187 4186 0.0001357
4188 4186 0.0001357
4195 4186 0.0001357
4189 4188 0.00015893
4190 4188 0.00015893
5918 4188 0.00015893
4191 4190 0.00029918
4666 4190 0.00029918
6469 4190 0.00029918
5771 4198 0.00033065
5881 4198 0.00033065
1751 4537 0.0010757
4538 4537 0.0010757
6275 4537 0.0010757
6277 4537 0.0010757
1755 4538 0.001906
4537 4538 0.001906
6038 4538 0.001906
4539 4540 0.99992
4542 4540 0.99992
6041 4540 0.99992
4541 4542 1
6034 4542 1
1763 4599 0.00095018
3589 4599 0.00095018
4600 4599 0.00095018
2749 4600 0.00084917
4599 4600 0.00084917
579 4601 0.012086
6810 4601 0.012086
2176 4622 0.010947
3561 4622 0.010947
4623 4622 0.010947
885 4623 0.0015323
886 4623 0.0015323
4622 4623 0.0015323
3017 4624 0.0019185
3020 4624 0.0019185
4625 4624 0.0019185
879 4625 0.00022219
880 4625 0.00022219
4624 4625 0.00022219
2646 4664 0.08017
5774 4664 0.08017
5775 4664 0.08017
4664 4666 0.078593
4665 4666 0.078593
5067 5066 0.016569
6033 5066 0.016569
5068 5067 0.02253
6463 5067 0.02253
853 5068 0.028317
1809 5068 0.028317
4601 5764 0.012705
5066 5764 0.012705
853 5765 0.00033864
1809 5765 0.00033864
6822 5766 0.00038913
580 5767 0.00032246
5765 5767 0.00032246
5768 5767 0.00032246
2190 5768 0.00037294
5767 5768 0.00037294
6464 5768 0.00037294
558 5769 0.00032779
5766 5769 0.00032779
6474 5769 0.00032779
4664 5771 0.0015769
4665 5771 0.0015769
6467 5772 0.00017862
5773 5774 1.0012
5880 5774 1.0012
5776 5775 0.00013828
6468 5775 0.00013828
2646 5776 0.92122
5774 5776 0.92122
5775 5776 0.92122
5879 5880 1.0012
5882 5880 1.0012
5771 5882 0.0012464
5881 5882 0.0012464
4189 5917 0.00014062
4190 5917 0.00014062
5918 5917 0.00014062
5917 5977 0.00013986
5920 5977 0.00013986
5978 5977 0.00013986
4541 6033 0.0061252
6034 6033 0.0061252
5068 6034 1.0061
6463 6034 1.0061
1755 6037 0.0020865
4537 6037 0.0020865
6038 6037 0.0020865
557 6038 0.0021872
6037 6038 0.0021872
6465 6038 0.0021872
1759 6275 0.00082354
1765 6275 0.00082354
6276 6275 0.00082354
1751 6276 0.0012641
4538 6276 0.0012641
6275 6276 0.0012641
6277 6276 0.0012641
281 6277 0.00030154
1753 6277 0.00030154
6278 6277 0.00030154
1751 6278 0.00062117
4538 6278 0.00062117
6275 6278 0.00062117
6277 6278 0.00062117
2190 6463 1.0003
5767 6463 1.0003
6464 6463 1.0003
6747 6464 1.0004
2749 6465 0.9964
4599 6465 0.9964
6467 6466 1
2642 6467 1.0002
2643 6467 1.0002
4191 6468 0.078846
4666 6468 0.078846
6469 6468 0.078846
2336 6469 0.00046544
2339 6469 0.00046544
4709 6469 0.00046544
1804 6474 0.0040421
2284 6474 0.0040421
6475 6474 0.0040421
5776 6716 0.99992
6468 6716 0.99992
557 6747 1.0004
6037 6747 1.0004
6465 6747 1.0004
580 6822 0.00038913
5765 6822 0.00038913
5768 6822 0.00038913
30 7125 0.00062503
888 7125 0.00062503
7124 7125 0.00062503
7210 7211 0.99992
7213 7211 0.99992
4540 7213 0.99992
4628 7213 0.99992
7212 7213 0.99992
