558 557 0.0043671
5766 557 0.0043671
6474 557 0.0043671
557 558 0.00027459
6037 558 0.00027459
6465 558 0.00027459
5067 579 0.29668
6033 579 0.29668
5764 853 0.0066561
6814 853 0.0066561
855 854 1
2983 854 1
2988 854 1
3583 854 1
1751 1752 0.00012072
4538 1752 0.00012072
6275 1752 0.00012072
6277 1752 0.00012072
1754 1753 0.00022446
3585 1753 0.00022446
3588 1753 0.00022446
281 1754 0.00061478
1753 1754 0.00061478
6278 1754 0.00061478
1756 1755 0.0010392
1757 1755 0.0010392
2157 1755 0.0010392
1755 1756 0.0003095
4537 1756 0.0003095
6038 1756 0.0003095
1760 1759 0.0003095
1761 1759 0.0003095
2156 1759 0.0003095
1759 1760 0.0010392
1765 1760 0.0010392
6276 1760 0.0010392
1766 1765 0.00081356
3587 1765 0.00081356
3590 1765 0.00081356
1759 1766 0.0005245
1765 1766 0.0005245
6276 1766 0.0005245
1779 1780 0.0040583
3663 1780 0.0040583
5769 1780 0.0040583
571 1782 0.0040583
1780 1782 0.0040583
1781 1782 0.0040583
1782 1804 0.0040421
1783 1804 0.0040421
1803 1804 0.0040421
4601 1809 0.0084346
5066 1809 0.0084346
1756 2156 0.0003095
1757 2156 0.0003095
2157 2156 0.0003095
1760 2157 0.0010392
1761 2157 0.0010392
2156 2157 0.0010392
2331 2330 0.00023693
4196 2330 0.00023693
5971 2330 0.00023693
7256 2330 0.00023693
2330 2332 0.00055486
2333 2332 0.00055486
5975 2332 0.00055486
2332 2334 0.00055401
2335 2334 0.00055401
4216 2334 0.00055401
2334 2336 0.00075228
2337 2336 0.00075228
5977 2336 0.00075228
7152 2336 0.00075228
2632 2633 0.0045829
5782 2633 0.0045829
5883 2633 0.0045829
5886 2633 0.0045829
6716 2634 0.99542
2634 2635 0.55539
2636 2635 0.55539
2633 2636 0.0046317
2635 2636 0.0046317
2644 2636 0.0046317
2640 2637 0.0001074
4087 2637 0.0001074
5732 2637 0.0001074
2637 2638 0.00018975
2641 2638 0.00018975
2638 2639 0.00018873
4085 2640 0.00010778
2639 2642 0.44485
2645 2642 0.44485
2633 2643 0.55982
2635 2643 0.55982
2644 2643 0.55982
2642 2644 0.0044932
2643 2644 0.0044932
2634 2645 0.44467
2636 2645 0.44467
3664 2749 0.99629
6466 2749 0.99629
2987 2988 1
6815 2988 1
1754 3587 0.00061478
3585 3587 0.00061478
3588 3587 0.00061478
1766 3588 0.00022446
3587 3588 0.00022446
3590 3588 0.00022446
1766 3589 0.00095041
3587 3589 0.00095041
3590 3589 0.00095041
1763 3590 0.00084916
3589 3590 0.00084916
4600 3590 0.00084916
3664 3663 0.0040155
6466 3663 0.0040155
1779 3664 0.0003008
3663 3664 0.0003008
5769 3664 0.0003008
5770 4085 0.00019012
5772 4085 0.00019012
4162 4163 0.00027752
4171 4163 0.00027752
5793 4163 0.00027752
4165 4164 0.00033978
4166 4164 0.00033978
5929 4164 0.00033978
5972 4164 0.00033978
4163 4165 0.00032717
4164 4165 0.00032717
5889 4165 0.00032717
5892 4165 0.00032717
4167 4166 0.00038236
4168 4166 0.00038236
5923 4166 0.00038236
5926 4166 0.00038236
4165 4167 0.00081364
4166 4167 0.00081364
5929 4167 0.00081364
5972 4167 0.00081364
4169 4168 0.00050538
4193 4168 0.00050538
4194 4168 0.00050538
4167 4169 0.0011232
4168 4169 0.0011232
5923 4169 0.0011232
5926 4169 0.0011232
4181 4180 0.00070562
4182 4180 0.00070562
5885 4180 0.00070562
5888 4180 0.00070562
4183 4182 0.0046688
4184 4182 0.0046688
5928 4182 0.0046688
4185 4184 0.0060195
4186 4184 0.0060195
5922 4184 0.0060195
4183 4185 0.00027984
4184 4185 0.00027984
5928 4185 0.00027984
4187 4186 0.0075651
4188 4186 0.0075651
4195 4186 0.0075651
4185 4187 0.0013846
4186 4187 0.0013846
5922 4187 0.0013846
4189 4188 0.0088772
4190 4188 0.0088772
5918 4188 0.0088772
4187 4189 0.0023994
4188 4189 0.0023994
4195 4189 0.0023994
4189 4191 0.99468
4190 4191 0.99468
5918 4191 0.99468
4169 4192 0.0010905
4193 4192 0.0010905
4194 4192 0.0010905
4192 4193 0.0001753
5919 4193 0.0001753
5980 4193 0.0001753
4187 4194 0.0014137
4188 4194 0.0014137
4195 4194 0.0014137
4169 4195 0.0011163
4193 4195 0.0011163
4194 4195 0.0011163
1751 4537 0.0010807
4538 4537 0.0010807
6275 4537 0.0010807
6277 4537 0.0010807
1755 4538 0.001906
4537 4538 0.001906
6038 4538 0.001906
1763 4599 0.00095041
3589 4599 0.00095041
4600 4599 0.00095041
2749 4600 0.00084916
4599 4600 0.00084916
579 4601 0.29668
6810 4601 0.29668
2646 4664 0.0017741
5774 4664 0.0017741
5775 4664 0.0017741
4191 4665 0.0004083
4666 4665 0.0004083
6469 4665 0.0004083
4664 4666 0.0017392
4665 4666 0.0017392
5067 5066 0.71841
6033 5066 0.71841
5068 5067 0.77783
6463 5067 0.77783
853 5068 0.014752
1809 5068 0.014752
4601 5764 1.0067
5066 5764 1.0067
853 5765 0.00033864
1809 5765 0.00033864
6822 5766 0.00038913
580 5767 0.00032246
5765 5767 0.00032246
5768 5767 0.00032246
2190 5768 0.00037294
5767 5768 0.00037294
6464 5768 0.00037294
558 5769 0.00032779
5766 5769 0.00032779
6474 5769 0.00032779
4664 5771 0.00044319
4665 5771 0.00044319
6467 5772 0.00017864
5773 5774 0.00035032
5880 5774 0.00035032
5776 5775 0.0017482
6468 5775 0.0017482
2646 5776 0.00032314
5774 5776 0.00032314
5775 5776 0.00032314
5794 5793 0.0002812
5931 5793 0.0002812
5794 5795 0.000477
5931 5795 0.000477
5879 5880 0.00035032
5882 5880 0.00035032
5771 5882 0.00035032
5881 5882 0.00035032
4181 5886 0.0045566
4182 5886 0.0045566
5885 5886 0.0045566
5888 5886 0.0045566
4181 5887 0.00032425
4182 5887 0.00032425
5885 5887 0.00032425
5888 5887 0.00032425
5795 5888 0.00095866
5887 5888 0.00095866
5890 5888 0.00095866
5795 5889 0.00028004
5887 5889 0.00028004
5890 5889 0.00028004
4163 5890 0.00053737
4164 5890 0.00053737
5889 5890 0.00053737
5892 5890 0.00053737
5917 5918 1.0012
5920 5918 1.0012
5978 5918 1.0012
4192 5920 0.0013552
5919 5920 0.0013552
5980 5920 0.0013552
4185 5921 0.0019419
4186 5921 0.0019419
5922 5921 0.0019419
5921 5922 0.001501
5924 5922 0.001501
5973 5922 0.001501
5921 5923 0.0016132
5924 5923 0.0016132
5973 5923 0.0016132
4167 5924 0.00066983
4168 5924 0.00066983
5923 5924 0.00066983
5926 5924 0.00066983
4167 5925 0.00082762
4168 5925 0.00082762
5923 5925 0.00082762
5926 5925 0.00082762
4183 5927 0.0016601
4184 5927 0.0016601
5928 5927 0.0016601
5927 5928 0.00051372
5930 5928 0.00051372
5974 5928 0.00051372
5927 5929 0.00093307
5930 5929 0.00093307
5974 5929 0.00093307
4165 5930 0.00028907
4166 5930 0.00028907
5929 5930 0.00028907
5972 5930 0.00028907
4179 5931 0.00065828
4180 5931 0.00065828
4165 5971 0.00022009
4166 5971 0.00022009
5929 5971 0.00022009
5972 5971 0.00022009
5927 5973 0.0010785
5930 5973 0.0010785
5974 5973 0.0010785
5921 5974 0.00057605
5924 5974 0.00057605
5973 5974 0.00057605
5925 5975 0.00038988
5976 5975 0.00038988
5979 5975 0.00038988
5917 5977 0.00031043
5920 5977 0.00031043
5978 5977 0.00031043
2334 5978 0.00011582
2337 5978 0.00011582
5977 5978 0.00011582
7152 5978 0.00011582
5925 5980 0.00052906
5976 5980 0.00052906
5979 5980 0.00052906
4541 6033 0.23726
6034 6033 0.23726
5068 6034 0.23726
6463 6034 0.23726
1755 6037 0.0020916
4537 6037 0.0020916
6038 6037 0.0020916
557 6038 0.0021872
6037 6038 0.0021872
6465 6038 0.0021872
1759 6275 0.00082361
1765 6275 0.00082361
6276 6275 0.00082361
1751 6276 0.0012642
4538 6276 0.0012642
6275 6276 0.0012642
6277 6276 0.0012642
281 6277 0.00030638
1753 6277 0.00030638
6278 6277 0.00030638
1751 6278 0.00062118
4538 6278 0.00062118
6275 6278 0.00062118
6277 6278 0.00062118
2190 6463 1.0003
5767 6463 1.0003
6464 6463 1.0003
6747 6464 1.0004
2749 6465 0.99639
4599 6465 0.99639
6467 6466 1
2642 6467 1.0002
2643 6467 1.0002
4191 6468 0.99685
4666 6468 0.99685
6469 6468 0.99685
2336 6469 0.00084304
2339 6469 0.00084304
4709 6469 0.00084304
1804 6474 0.0040421
2284 6474 0.0040421
6475 6474 0.0040421
5776 6716 0.99542
6468 6716 0.99542
557 6747 1.0004
6037 6747 1.0004
6465 6747 1.0004
5764 6815 1
6814 6815 1
580 6822 0.00038913
5765 6822 0.00038913
5768 6822 0.00038913
