548 547 0.0075258
6226 547 0.0075258
6227 547 0.0075258
6230 547 0.0075258
547 548 0.0019628
2073 548 0.0019628
7094 548 0.0019628
943 942 0.013486
4221 942 0.013486
4815 942 0.013486
942 943 0.0063357
945 943 0.0063357
5898 943 0.0063357
7252 943 0.0063357
944 945 0.099573
947 945 0.099573
4210 945 0.099573
944 946 0.00011002
947 946 0.00011002
4210 946 0.00011002
995 994 0.00054798
6359 994 0.00054798
6360 994 0.00054798
994 995 0.00011362
997 995 0.00011362
2076 995 0.00011362
2077 995 0.00011362
994 996 0.00029458
997 996 0.00029458
2076 996 0.00029458
2077 996 0.00029458
996 997 0.0001154
3119 997 0.0001154
4790 997 0.0001154
6237 997 0.0001154
1656 1655 0.005893
5746 1655 0.005893
5748 1655 0.005893
1655 1656 0.022734
5745 1656 0.022734
5901 1656 0.022734
5904 1656 0.022734
1658 1657 0.013486
5747 1657 0.013486
5907 1657 0.013486
5984 1657 0.013486
1657 1658 0.0063357
4219 1658 0.0063357
4817 1658 0.0063357
2071 2072 0.00038858
6238 2072 0.00038858
6239 2072 0.00038858
2072 2073 0.0030949
2074 2073 0.0030949
2075 2073 0.0030949
3906 2073 0.0030949
547 2074 0.00083053
2073 2074 0.00083053
7094 2074 0.00083053
994 2075 0.00067504
997 2075 0.00067504
2076 2075 0.00067504
2077 2075 0.00067504
2072 2076 0.00039513
2074 2076 0.00039513
2075 2076 0.00039513
3906 2076 0.00039513
2078 2077 0.00013351
2358 2077 0.00013351
2361 2077 0.00013351
6371 2077 0.00013351
994 2078 0.00010879
997 2078 0.00010879
2076 2078 0.00010879
2077 2078 0.00010879
2327 2326 0.00024299
4708 2326 0.00024299
5968 2326 0.00024299
2328 2329 0.00013631
7257 2329 0.00013631
2330 2331 0.0001186
2333 2331 0.0001186
5975 2331 0.0001186
2332 2333 0.00011542
2335 2333 0.00011542
4216 2333 0.00011542
2344 2346 0.00018587
2347 2346 0.00018587
5906 2346 0.00018587
2346 2347 0.0011056
6960 2347 0.0011056
7108 2347 0.0011056
2349 2348 0.00013546
5903 2348 0.00013546
5986 2348 0.00013546
7105 2348 0.00013546
2348 2349 0.72452
5239 2349 0.72452
5739 2349 0.72452
2356 2358 0.00011762
2359 2358 0.00011762
6362 2358 0.00011762
7160 2358 0.00011762
2078 2360 0.00011866
2358 2360 0.00011866
2361 2360 0.00011866
6371 2360 0.00011866
2360 3119 0.00011954
2363 3119 0.00011954
3120 3119 0.00011954
3317 3316 0.00016432
5238 3316 0.00016432
7089 3316 0.00016432
3319 3318 0.0059204
5985 3318 0.0059204
7093 3318 0.0059204
7095 3318 0.0059204
3318 3319 0.047407
6983 3319 0.047407
7092 3319 0.047407
3321 3320 0.0018152
3322 3320 0.0018152
7097 3320 0.0018152
3320 3321 0.012266
6977 3321 0.012266
7096 3321 0.012266
3323 3322 0.0005674
3324 3322 0.0005674
7103 3322 0.0005674
3321 3323 0.0014815
3322 3323 0.0014815
7097 3323 0.0014815
3323 3325 0.0008505
3324 3325 0.0008505
7103 3325 0.0008505
3331 3332 0.00014969
5827 3332 0.00014969
5829 3332 0.00014969
3332 3333 0.00014969
3334 3333 0.00014969
3333 3335 0.00016621
3336 3335 0.00016621
6225 3335 0.00016621
3335 3336 0.00092023
5823 3336 0.00092023
5831 3336 0.00092023
6967 3336 0.00092023
3907 3906 0.0022032
4019 3906 0.0022032
6228 3906 0.0022032
6358 3906 0.0022032
2072 3907 0.00052726
2074 3907 0.00052726
2075 3907 0.00052726
3906 3907 0.00052726
4205 4206 0.11468
5741 4206 0.11468
5742 4206 0.11468
4204 4208 0.1162
4206 4208 0.1162
4207 4208 0.1162
4211 4208 0.1162
4201 4210 0.099646
4208 4210 0.099646
4209 4210 0.099646
5909 4210 0.099646
4212 4211 0.005801
4214 4211 0.005801
4204 4212 0.0042469
4206 4212 0.0042469
4207 4212 0.0042469
4211 4212 0.0042469
4212 4213 0.0042469
4214 4213 0.0042469
4213 4214 0.005801
5743 4214 0.005801
5744 4214 0.005801
4220 4219 0.0063357
4222 4219 0.0063357
1657 4220 0.013486
4219 4220 0.013486
4817 4220 0.013486
4220 4221 0.013486
4222 4221 0.013486
943 4222 0.0063357
4221 4222 0.0063357
4815 4222 0.0063357
2348 5238 0.044718
5239 5238 0.044718
5739 5238 0.044718
3317 5239 0.0031442
5238 5239 0.0031442
7089 5239 0.0031442
5064 5241 1
5240 5241 1
2348 5738 0.0002799
5239 5738 0.0002799
5739 5738 0.0002799
5241 5739 0.76623
5738 5739 0.76623
7218 5739 0.76623
5740 5741 0.23409
7219 5741 0.23409
4213 5742 0.0060542
5743 5742 0.0060542
5744 5742 0.0060542
4205 5743 0.12553
5741 5743 0.12553
5742 5743 0.12553
1655 5744 0.0059802
5745 5744 0.0059802
5901 5744 0.0059802
5904 5744 0.0059802
4213 5745 0.12391
5743 5745 0.12391
5744 5745 0.12391
1658 5746 0.005893
5747 5746 0.005893
5907 5746 0.005893
5984 5746 0.005893
1656 5747 0.022734
5746 5747 0.022734
5748 5747 0.022734
5792 5791 0.00019488
5891 5791 0.00019488
5894 5791 0.00019488
3335 5822 0.00042673
5823 5822 0.00042673
5831 5822 0.00042673
6967 5822 0.00042673
5822 5823 0.000928
6963 5823 0.000928
7102 5823 0.000928
7104 5823 0.000928
5824 5825 0.00062344
6964 5825 0.00062344
7100 5825 0.00062344
5825 5827 0.00014969
5826 5827 0.00014969
5830 5827 0.00014969
3335 5830 0.00011557
5823 5830 0.00011557
5831 5830 0.00011557
6967 5830 0.00011557
5825 5831 0.00055995
5826 5831 0.00055995
5830 5831 0.00055995
4163 5891 0.00011608
4164 5891 0.00011608
5889 5891 0.00011608
5892 5891 0.00011608
5792 5892 0.00010519
5891 5892 0.00010519
5894 5892 0.00010519
5792 5893 0.00017124
5891 5893 0.00017124
5894 5893 0.00017124
5893 5894 0.00028983
7255 5894 0.00028983
2329 5895 0.0005399
5896 5895 0.0005399
7254 5895 0.0005399
7258 5895 0.0005399
5895 5896 0.00042877
7253 5896 0.00042877
942 5897 0.0002823
945 5897 0.0002823
5898 5897 0.0002823
7252 5897 0.0002823
5897 5898 0.89351
5900 5898 0.89351
5983 5898 0.89351
5897 5899 0.00034966
5900 5899 0.00034966
5983 5899 0.00034966
5899 5900 0.88096
5902 5900 0.88096
5910 5900 0.88096
5899 5901 0.00034596
5902 5901 0.00034596
5910 5901 0.00034596
1655 5902 0.8644
5745 5902 0.8644
5901 5902 0.8644
5904 5902 0.8644
1655 5903 0.00068848
5745 5903 0.00068848
5901 5903 0.00068848
5904 5903 0.00068848
2349 5904 0.76366
5903 5904 0.76366
5986 5904 0.76366
7105 5904 0.76366
2344 5905 0.0011082
2347 5905 0.0011082
5906 5905 0.0011082
5905 5906 0.00018646
6955 5906 0.00018646
7110 5906 0.00018646
719 5907 0.0030545
5908 5907 0.0030545
7109 5907 0.0030545
1658 5908 0.00012101
5747 5908 0.00012101
5907 5908 0.00012101
5984 5908 0.00012101
5899 5909 0.012025
5902 5909 0.012025
5910 5909 0.012025
4201 5910 0.028575
4208 5910 0.028575
4209 5910 0.028575
5909 5910 0.028575
5790 5968 0.00019382
5791 5968 0.00019382
5932 5968 0.00019382
5969 5968 0.00019382
1658 5983 0.023199
5747 5983 0.023199
5907 5983 0.023199
5984 5983 0.023199
5897 5984 0.010575
5900 5984 0.010575
5983 5984 0.010575
2349 5985 0.022261
5903 5985 0.022261
5986 5985 0.022261
7105 5985 0.022261
3319 5986 0.063783
5985 5986 0.063783
7093 5986 0.063783
7095 5986 0.063783
548 6225 0.00015137
6226 6225 0.00015137
6227 6225 0.00015137
6230 6225 0.00015137
3333 6226 0.0010399
3336 6226 0.0010399
6225 6226 0.0010399
3907 6227 0.00040009
4019 6227 0.00040009
6228 6227 0.00040009
6358 6227 0.00040009
548 6228 0.0026032
6226 6228 0.0026032
6227 6228 0.0026032
6230 6228 0.0026032
548 6229 0.0011796
6226 6229 0.0011796
6227 6229 0.0011796
6230 6229 0.0011796
6229 6230 0.0080572
6979 6230 0.0080572
7063 6230 0.0080572
996 6238 0.0003233
3119 6238 0.0003233
4790 6238 0.0003233
6237 6238 0.0003233
995 6358 0.00011349
6359 6358 0.00011349
6360 6358 0.00011349
3907 6359 0.00062641
4019 6359 0.00062641
6228 6359 0.00062641
6358 6359 0.00062641
995 6361 0.00012056
6359 6361 0.00012056
6360 6361 0.00012056
6357 6362 0.00012074
6361 6362 0.00012074
946 6706 0.00011002
6707 6706 0.00011002
6954 6955 0.0020892
6957 6955 0.0020892
6959 6955 0.0020892
2346 6959 0.0020892
6960 6959 0.0020892
7108 6959 0.0020892
5824 6963 0.00047676
6964 6963 0.00047676
7100 6963 0.00047676
5822 6964 0.00032834
6963 6964 0.00032834
7102 6964 0.00032834
7104 6964 0.00032834
6965 6967 0.00011396
6968 6967 0.00011396
7101 6967 0.00011396
3335 6968 0.00030558
5823 6968 0.00030558
5831 6968 0.00030558
6967 6968 0.00030558
6969 6971 0.013458
6972 6971 0.013458
6975 6971 0.013458
7066 6971 0.013458
6971 6972 0.0038826
6974 6972 0.0038826
7064 6972 0.0038826
6971 6973 0.018166
6974 6973 0.018166
7064 6973 0.018166
6973 6974 0.0049923
6976 6974 0.0049923
6978 6974 0.0049923
6973 6975 0.01732
6976 6975 0.01732
6978 6975 0.01732
6969 6976 0.0068057
6972 6976 0.0068057
6975 6976 0.0068057
7066 6976 0.0068057
6973 6977 0.019409
6976 6977 0.019409
6978 6977 0.019409
3320 6978 0.01675
6977 6978 0.01675
7096 6978 0.01675
6980 6979 0.011578
7065 6979 0.011578
7098 6979 0.011578
6229 6980 0.0011029
6979 6980 0.0011029
7063 6980 0.0011029
6982 6981 0.0063785
6984 6981 0.0063785
6986 6981 0.0063785
6981 6982 0.0017424
6990 6982 0.0017424
6982 6983 0.0060523
6984 6983 0.0060523
6986 6983 0.0060523
3318 6984 0.010637
6983 6984 0.010637
7092 6984 0.010637
6982 6985 0.006585
6984 6985 0.006585
6986 6985 0.006585
6985 6986 0.0066365
6988 6986 0.0066365
6989 6986 0.0066365
6985 6987 0.009916
6988 6987 0.009916
6989 6987 0.009916
6987 6988 0.0053314
6992 6988 0.0053314
6994 6988 0.0053314
6981 6989 0.0063785
6990 6989 0.0063785
6985 6990 0.0017424
6988 6990 0.0017424
6989 6990 0.0017424
6987 6991 0.010314
6992 6991 0.010314
6994 6991 0.010314
6991 6992 0.0020296
6995 6992 0.0020296
7000 6992 0.0020296
6987 6993 0.005711
6992 6993 0.005711
6994 6993 0.005711
6993 6994 0.0094103
6996 6994 0.0094103
6998 6994 0.0094103
7001 6994 0.0094103
6993 6995 0.0049087
6996 6995 0.0049087
6998 6995 0.0049087
7001 6995 0.0049087
6991 6996 0.0090924
6995 6996 0.0090924
7000 6996 0.0090924
6993 6997 0.01256
6996 6997 0.01256
6998 6997 0.01256
7001 6997 0.01256
6997 6998 0.007975
7090 6998 0.007975
7091 6998 0.007975
6991 6999 0.0049167
6995 6999 0.0049167
7000 6999 0.0049167
6999 7000 0.00081643
7002 7000 0.00081643
7004 7000 0.00081643
6999 7001 0.0049167
7002 7001 0.0049167
7004 7001 0.0049167
6993 7002 0.00081643
6996 7002 0.00081643
6998 7002 0.00081643
7001 7002 0.00081643
3316 7006 0.00010326
7005 7006 0.00010326
7008 7006 0.00010326
7088 7006 0.00010326
6971 7063 0.0044459
6974 7063 0.0044459
7064 7063 0.0044459
6229 7064 0.0080438
6979 7064 0.0080438
7063 7064 0.0080438
6969 7065 0.0073856
6972 7065 0.0073856
6975 7065 0.0073856
7066 7065 0.0073856
6980 7066 0.0064465
7065 7066 0.0064465
7098 7066 0.0064465
6997 7089 0.0031289
7090 7089 0.0031289
7091 7089 0.0031289
3317 7090 0.044616
5238 7090 0.044616
7089 7090 0.044616
3318 7091 0.0031505
6983 7091 0.0031505
7092 7091 0.0031505
6997 7092 0.049222
7090 7092 0.049222
7091 7092 0.049222
547 7093 0.010482
2073 7093 0.010482
7094 7093 0.010482
3319 7094 0.002655
5985 7094 0.002655
7093 7094 0.002655
7095 7094 0.002655
3320 7095 0.018916
6977 7095 0.018916
7096 7095 0.018916
3319 7096 0.026707
5985 7096 0.026707
7093 7096 0.026707
7095 7096 0.026707
6980 7097 0.0016529
7065 7097 0.0016529
7098 7097 0.0016529
3321 7098 0.011189
3322 7098 0.011189
7097 7098 0.011189
3325 7100 0.0008266
3326 7100 0.0008266
7099 7100 0.0008266
5822 7101 0.00011396
6963 7101 0.00011396
7102 7101 0.00011396
7104 7101 0.00011396
6965 7102 0.00030558
6968 7102 0.00030558
7101 7102 0.00030558
5822 7103 0.00069649
6963 7103 0.00069649
7102 7103 0.00069649
7104 7103 0.00069649
3323 7104 0.00085771
3324 7104 0.00085771
7103 7104 0.00085771
6961 7105 0.00018143
7106 7105 0.00018143
7107 7105 0.00018143
2349 7106 0.0031129
5903 7106 0.0031129
5986 7106 0.0031129
7105 7106 0.0031129
2346 7107 0.00018143
6960 7107 0.00018143
7108 7107 0.00018143
6961 7108 0.0031129
7106 7108 0.0031129
7107 7108 0.0031129
5905 7109 0.0030545
6955 7109 0.0030545
7110 7109 0.0030545
719 7110 0.00012101
5908 7110 0.00012101
7109 7110 0.00012101
5241 7219 0.23409
5738 7219 0.23409
7218 7219 0.23409
5895 7252 0.0005399
7253 7252 0.0005399
942 7253 0.00042877
945 7253 0.00042877
5898 7253 0.00042877
7252 7253 0.00042877
5893 7254 0.00017124
7255 7254 0.00017124
2329 7255 0.00028983
5896 7255 0.00028983
7254 7255 0.00028983
7258 7255 0.00028983
2331 7257 0.00013631
4196 7257 0.00013631
5971 7257 0.00013631
7256 7257 0.00013631
2326 7258 0.00024299
7259 7258 0.00024299
