134 133 0.00014039
3708 133 0.00014039
3709 133 0.00014039
133 134 0.00041575
3052 134 0.00041575
146 145 0.00088907
1546 145 0.00088907
1549 145 0.00088907
145 146 0.0011558
2374 146 0.0011558
2730 146 0.0011558
548 547 0.00018695
6226 547 0.00018695
6227 547 0.00018695
6230 547 0.00018695
547 548 0.00089109
2073 548 0.00089109
7094 548 0.00089109
550 549 0.020706
2391 549 0.020706
2392 549 0.020706
5260 723 0.30299
723 724 0.28359
6920 724 0.28359
948 950 0.06797
951 950 0.06797
6355 950 0.06797
950 951 0.0023511
6352 951 0.0023511
6353 951 0.0023511
6356 951 0.0023511
995 994 0.0013033
6359 994 0.0013033
6360 994 0.0013033
994 995 0.012891
997 995 0.012891
2076 995 0.012891
2077 995 0.012891
994 996 0.0011898
997 996 0.0011898
2076 996 0.0011898
2077 996 0.0011898
996 997 0.0031396
3119 997 0.0031396
4790 997 0.0031396
6237 997 0.0031396
1001 1000 0.00024541
1552 1000 0.00024541
1555 1000 0.00024541
432 1127 0.00014234
5692 1127 0.00014234
6874 1128 0.0017517
5085 1129 0.0015423
5267 1129 0.0015423
1528 1530 0.0084266
1531 1530 0.0084266
3303 1530 0.0084266
1530 1531 0.0064152
1533 1531 0.0064152
2850 1531 0.0064152
1530 1532 0.00098212
1533 1532 0.00098212
2850 1532 0.00098212
1532 1533 0.001762
2851 1533 0.001762
3339 1533 0.001762
1544 1545 0.00026541
1547 1545 0.00026541
2807 1545 0.00026541
1544 1546 0.0018407
1547 1546 0.0018407
2807 1546 0.0018407
146 1548 0.0021049
1546 1548 0.0021049
1549 1548 0.0021049
1545 1550 0.00026541
1551 1550 0.00026541
4529 1550 0.00026541
1550 1552 0.00026541
1553 1552 0.00026541
4785 1552 0.00026541
1976 1975 0.00013708
6155 1975 0.00013708
6617 1975 0.00013708
2072 2071 0.0001516
2074 2071 0.0001516
2075 2071 0.0001516
3906 2071 0.0001516
2071 2072 0.0033329
6238 2072 0.0033329
6239 2072 0.0033329
2072 2073 0.0011032
2074 2073 0.0011032
2075 2073 0.0011032
3906 2073 0.0011032
547 2074 0.00017567
2073 2074 0.00017567
7094 2074 0.00017567
994 2075 0.0073738
997 2075 0.0073738
2076 2075 0.0073738
2077 2075 0.0073738
2072 2076 0.00078494
2074 2076 0.00078494
2075 2076 0.00078494
3906 2076 0.00078494
2078 2077 0.017018
2358 2077 0.017018
2361 2077 0.017018
6371 2077 0.017018
994 2078 0.00079083
997 2078 0.00079083
2076 2078 0.00079083
2077 2078 0.00079083
724 2146 0.95799
2147 2146 0.95799
6794 2146 0.95799
2149 2148 0.67569
7287 2148 0.67569
2148 2149 0.0013463
6795 2149 0.0013463
2151 2150 0.97734
3649 2150 0.97734
3652 2150 0.97734
6823 2150 0.97734
549 2152 0.020703
2153 2152 0.020703
2864 2152 0.020703
6808 2152 0.020703
2353 2352 0.87333
3337 2352 0.87333
2352 2353 0.0001123
2355 2353 0.0001123
5269 2353 0.0001123
2352 2354 0.9132
2355 2354 0.9132
5269 2354 0.9132
2354 2356 0.013031
2357 2356 0.013031
2356 2357 0.012032
2359 2357 0.012032
6362 2357 0.012032
7160 2357 0.012032
2356 2358 0.013867
2359 2358 0.013867
6362 2358 0.013867
7160 2358 0.013867
2078 2359 0.0070479
2358 2359 0.0070479
2361 2359 0.0070479
6371 2359 0.0070479
2078 2360 0.0037869
2358 2360 0.0037869
2361 2360 0.0037869
6371 2360 0.0037869
2360 2361 0.0012617
2363 2361 0.0012617
3120 2361 0.0012617
2360 2362 0.00030375
2363 2362 0.00030375
3120 2362 0.00030375
2362 2363 0.0015032
2365 2363 0.0015032
6395 2363 0.0015032
2362 2364 0.00033738
2365 2364 0.00033738
6395 2364 0.00033738
2364 2365 0.00075105
2367 2365 0.00075105
6366 2365 0.00075105
6367 2365 0.00075105
2366 2367 0.00040412
7006 2367 0.00040412
7086 2367 0.00040412
2375 2374 0.020794
2376 2374 0.020794
2806 2374 0.020794
145 2375 0.0002804
2374 2375 0.0002804
2730 2375 0.0002804
2377 2376 0.022527
2380 2376 0.022527
3644 2376 0.022527
2383 2382 0.97935
2385 2382 0.97935
2386 2382 0.97935
2384 2385 1.0001
6904 2385 1.0001
2383 2387 0.020706
2385 2387 0.020706
2386 2387 0.020706
2387 2391 0.020706
2388 2391 0.020706
2390 2391 0.020706
82 2661 0.00044331
2662 2661 0.00044331
2663 2661 0.00044331
2673 2661 0.00044331
2661 2662 0.00044331
3643 2662 0.00044331
3646 2662 0.00044331
2664 2663 0.00011686
2665 2663 0.00011686
2671 2663 0.00011686
82 2664 0.00033686
2662 2664 0.00033686
2663 2664 0.00033686
2673 2664 0.00033686
2672 2671 0.00011686
2674 2671 0.00011686
2664 2672 0.00033686
2665 2672 0.00033686
2671 2672 0.00033686
2672 2673 0.00033686
2674 2673 0.00033686
82 2674 0.00011686
2662 2674 0.00011686
2663 2674 0.00011686
2673 2674 0.00011686
79 2679 0.0011682
2680 2679 0.0011682
2681 2679 0.0011682
2682 2681 0.0011597
2683 2681 0.0011597
2804 2681 0.0011597
2709 2721 0.022523
2722 2721 0.022523
2723 2721 0.022523
6588 2721 0.022523
2724 2723 0.022523
2725 2723 0.022523
2861 2723 0.022523
2679 2725 0.022523
2726 2725 0.022523
2727 2725 0.022523
2728 2727 0.021497
2729 2727 0.021497
2873 2727 0.021497
2679 2728 0.00011019
2726 2728 0.00011019
2727 2728 0.00011019
145 2729 0.020562
2374 2729 0.020562
2730 2729 0.020562
2728 2730 0.0003144
2729 2730 0.0003144
2873 2730 0.0003144
1000 2804 0.0011314
1548 2804 0.0011314
2805 2804 0.0011314
2874 2804 0.0011314
2375 2807 0.0020601
2376 2807 0.0020601
2806 2807 0.0020601
1530 2849 0.0091186
1533 2849 0.0091186
2850 2849 0.0091186
600 2850 0.0063273
2849 2850 0.0063273
3344 2850 0.0063273
3345 2850 0.0063273
1000 2873 0.0015759
1548 2873 0.0015759
2805 2873 0.0015759
2874 2873 0.0015759
2728 2874 0.00043637
2729 2874 0.00043637
2873 2874 0.00043637
133 3051 0.00014039
3052 3051 0.00014039
3051 3052 0.00041575
3710 3052 0.00041575
3711 3052 0.00041575
3054 3053 0.00072635
3685 3053 0.00072635
3107 3109 0.00031546
3110 3109 0.00031546
3309 3109 0.00031546
3310 3109 0.00031546
3109 3111 0.00041221
3112 3111 0.00041221
3313 3111 0.00041221
3314 3111 0.00041221
3111 3113 0.00016646
3114 3113 0.00016646
6382 3113 0.00016646
6383 3113 0.00016646
2360 3119 0.0039446
2363 3119 0.0039446
3120 3119 0.0039446
996 3120 0.00021993
3119 3120 0.00021993
4790 3120 0.00021993
6237 3120 0.00021993
3121 3122 0.092705
3328 3122 0.092705
3329 3122 0.092705
3124 3123 0.0037187
3307 3123 0.0037187
3308 3123 0.0037187
3637 3123 0.0037187
3123 3125 0.0035642
3126 3125 0.0035642
3312 3125 0.0035642
3125 3127 0.0028353
3128 3127 0.0028353
5949 3127 0.0028353
3127 3129 0.00084286
3130 3129 0.00084286
6380 3129 0.00084286
6381 3129 0.00084286
3129 3131 0.00031486
3132 3131 0.00031486
6105 3131 0.00031486
6108 3131 0.00031486
3131 3133 0.00013388
3134 3133 0.00013388
6402 3133 0.00013388
6403 3133 0.00013388
3136 3135 0.0013218
3305 3135 0.0013218
3306 3135 0.0013218
3135 3136 0.00022352
5948 3136 0.00022352
5953 3136 0.00022352
3138 3137 0.0035237
5832 3137 0.0035237
6422 3137 0.0035237
3137 3138 0.0095823
3302 3138 0.0095823
3338 3138 0.0095823
3140 3139 0.00030062
6372 3139 0.00030062
6373 3139 0.00030062
6407 3139 0.00030062
3139 3140 0.00095282
3910 3140 0.00095282
6112 3140 0.00095282
3142 3141 0.0026568
6414 3141 0.0026568
6415 3141 0.0026568
3141 3142 0.0001375
3144 3142 0.0001375
4787 3142 0.0001375
3141 3143 0.0021074
3144 3143 0.0021074
4787 3143 0.0021074
3143 3144 0.00040854
3146 3144 0.00040854
6374 3144 0.00040854
6375 3144 0.00040854
3143 3145 0.00078851
3146 3145 0.00078851
6374 3145 0.00078851
6375 3145 0.00078851
3145 3146 0.0003516
3148 3146 0.0003516
3911 3146 0.0003516
6109 3146 0.0003516
3145 3147 0.00036503
3148 3147 0.00036503
3911 3147 0.00036503
6109 3147 0.00036503
3147 3148 0.0001265
5951 3148 0.0001265
6398 3148 0.0001265
6399 3148 0.0001265
3212 3213 0.00012774
3651 3213 0.00012774
3654 3213 0.00012774
1528 3302 0.0064152
1531 3302 0.0064152
3303 3302 0.0064152
3137 3303 0.0084266
3302 3303 0.0084266
3338 3303 0.0084266
3136 3304 0.0039989
3305 3304 0.0039989
3306 3304 0.0039989
3304 3305 0.00040753
6420 3305 0.00040753
6421 3305 0.00040753
3124 3306 0.0048618
3307 3306 0.0048618
3308 3306 0.0048618
3637 3306 0.0048618
3136 3307 0.00017221
3305 3307 0.00017221
3306 3307 0.00017221
3124 3309 0.00031546
3307 3309 0.00031546
3308 3309 0.00031546
3637 3309 0.00031546
3109 3312 0.00011247
3112 3312 0.00011247
3313 3312 0.00011247
3314 3312 0.00011247
3123 3313 0.00021784
3126 3313 0.00021784
3312 3313 0.00021784
3321 3320 0.00015355
3322 3320 0.00015355
7097 3320 0.00015355
3320 3321 0.00023981
6977 3321 0.00023981
7096 3321 0.00023981
3323 3322 0.00037224
3324 3322 0.00037224
7103 3322 0.00037224
3321 3323 0.00016075
3322 3323 0.00016075
7097 3323 0.00016075
3325 3324 0.00048473
3326 3324 0.00048473
7099 3324 0.00048473
3323 3325 0.00050893
3324 3325 0.00050893
7103 3325 0.00050893
2753 3326 0.00086949
3327 3326 0.00086949
5237 3326 0.00086949
3325 3327 0.0004579
3326 3327 0.0004579
7099 3327 0.0004579
2353 3328 0.11123
3337 3328 0.11123
3335 3336 0.00022627
5823 3336 0.00022627
5831 3336 0.00022627
6967 3336 0.00022627
3137 3337 0.98445
3302 3337 0.98445
3338 3337 0.98445
3343 3338 0.99252
3639 3338 0.99252
3962 3338 0.99252
3340 3339 0.001762
3342 3339 0.001762
3960 3339 0.001762
1532 3340 0.00098212
2851 3340 0.00098212
3339 3340 0.00098212
3340 3341 0.00098212
3342 3341 0.00098212
3960 3341 0.00098212
3341 3342 0.001762
3346 3342 0.001762
4684 3342 0.001762
600 3343 0.031519
2849 3343 0.031519
3344 3343 0.031519
3345 3343 0.031519
3343 3344 0.0053564
3639 3344 0.0053564
3962 3344 0.0053564
3341 3345 0.023915
3346 3345 0.023915
4684 3345 0.023915
600 3346 0.00054351
2849 3346 0.00054351
3344 3346 0.00054351
3345 3346 0.00054351
73 3347 0.024097
3348 3347 0.024097
3349 3347 0.024097
3350 3349 0.024097
3351 3349 0.024097
3363 3349 0.024097
3352 3351 0.023475
3366 3351 0.023475
3691 3351 0.023475
3364 3363 0.00065864
3365 3363 0.00065864
3367 3363 0.00065864
3352 3365 0.00024897
3366 3365 0.00024897
3691 3365 0.00024897
3364 3366 0.00042725
3365 3366 0.00042725
3367 3366 0.00042725
3368 3367 0.00082264
3369 3367 0.00082264
3665 3367 0.00082264
3370 3369 0.00034203
3692 3369 0.00034203
3693 3369 0.00034203
3368 3370 0.00024909
3369 3370 0.00024909
3665 3370 0.00024909
3638 3637 0.0087617
3640 3637 0.0087617
5268 3637 0.0087617
3124 3638 0.00013302
3307 3638 0.00013302
3308 3638 0.00013302
3637 3638 0.00013302
3638 3639 0.00083198
3640 3639 0.00083198
5268 3639 0.00083198
3343 3640 0.0086713
3639 3640 0.0086713
3962 3640 0.0086713
2711 3642 0.022523
2721 3642 0.022523
3641 3642 0.022523
2661 3644 0.022527
3643 3644 0.022527
3646 3644 0.022527
2661 3645 0.0004344
3643 3645 0.0004344
3646 3645 0.0004344
2382 3646 0.022957
3645 3646 0.022957
3648 3646 0.022957
2382 3647 0.95683
3645 3647 0.95683
3648 3647 0.95683
3647 3649 0.95677
3650 3649 0.95677
2151 3651 0.0011538
3649 3651 0.0011538
3652 3651 0.0011538
6823 3651 0.0011538
3212 3652 0.0010194
3651 3652 0.0010194
3654 3652 0.0010194
3212 3653 0.00103
3651 3653 0.00103
3654 3653 0.00103
3653 3654 0.00097529
3656 3654 0.00097529
6210 3654 0.00097529
3653 3655 0.00029547
3656 3655 0.00029547
6210 3655 0.00029547
3655 3656 0.00081474
3658 3656 0.00081474
6205 3656 0.00081474
3666 3665 0.00072461
3667 3665 0.00072461
5843 3665 0.00072461
3668 3667 0.00074705
3669 3667 0.00074705
6478 3667 0.00074705
3670 3669 0.00018237
3679 3669 0.00018237
5851 3669 0.00018237
3668 3670 0.00020788
3669 3670 0.00020788
6478 3670 0.00020788
3671 3672 0.00016467
5854 3672 0.00016467
3672 3674 0.00023354
3673 3674 0.00023354
3675 3674 0.00023354
3680 3679 0.00024738
3681 3679 0.00024738
3689 3679 0.00024738
6479 3679 0.00024738
3670 3680 0.0001629
3679 3680 0.0001629
5851 3680 0.0001629
3053 3681 0.0009902
3682 3681 0.0009902
3683 3681 0.0009902
3684 3683 0.00090139
3686 3683 0.00090139
3687 3683 0.00090139
3053 3684 0.00064596
3682 3684 0.00064596
3683 3684 0.00064596
3684 3685 0.00072635
3686 3685 0.00072635
3687 3685 0.00072635
3688 3687 0.0015625
3714 3687 0.0015625
3715 3687 0.0015625
3684 3688 0.00066075
3686 3688 0.00066075
3687 3688 0.00066075
3370 3691 0.023296
3692 3691 0.023296
3693 3691 0.023296
3694 3693 0.023376
3695 3693 0.023376
6563 3693 0.023376
3674 3695 0.023354
3696 3695 0.023354
3697 3695 0.023354
3642 3697 0.023207
3698 3697 0.023207
3716 3697 0.023207
134 3707 0.00011206
3708 3707 0.00011206
3709 3707 0.00011206
3051 3709 0.0002404
3710 3709 0.0002404
3711 3709 0.0002404
134 3710 0.00044501
3708 3710 0.00044501
3709 3710 0.00044501
2146 3711 0.00063637
3712 3711 0.00063637
4663 3711 0.00063637
7113 3711 0.00063637
3051 3712 0.00056563
3710 3712 0.00056563
3711 3712 0.00056563
3688 3713 0.0027663
3714 3713 0.0027663
3715 3713 0.0027663
3713 3714 0.0043395
6921 3714 0.0043395
7114 3714 0.0043395
3642 3715 0.0022019
3698 3715 0.0022019
3716 3715 0.0022019
3688 3716 0.0028734
3714 3716 0.0028734
3715 3716 0.0028734
3907 3906 0.00080696
4019 3906 0.00080696
6228 3906 0.00080696
6358 3906 0.00080696
2072 3907 0.0096497
2074 3907 0.0096497
2075 3907 0.0096497
3906 3907 0.0096497
3145 3910 0.00083695
3148 3910 0.00083695
3911 3910 0.00083695
6109 3910 0.00083695
4685 3962 0.9742
5086 3962 0.9742
1129 3964 0.00024828
3963 3964 0.00024828
4020 4019 0.0029573
6232 4019 0.0029573
6351 4019 0.0029573
3907 4020 0.016441
4019 4020 0.016441
6228 4020 0.016441
6358 4020 0.016441
2146 4662 0.9757
3712 4662 0.9757
4663 4662 0.9757
7113 4662 0.9757
3347 4684 0.024153
3354 4684 0.024153
4683 4684 0.024153
4788 4787 0.00037442
6408 4787 0.00037442
6409 4787 0.00037442
3141 4788 0.0011948
3144 4788 0.0011948
4787 4788 0.0011948
996 4789 0.00023914
3119 4789 0.00023914
4790 4789 0.00023914
6237 4789 0.00023914
4789 4790 0.00078802
6240 4790 0.00078802
6365 4790 0.00078802
4685 5085 0.003059
5086 5085 0.003059
5087 5086 0.97721
5271 5086 0.97721
1129 5087 0.0013112
3963 5087 0.0013112
7272 5088 0.0001481
7274 5088 0.0001481
5091 5090 0.00021687
5838 5090 0.00021687
1128 5091 0.0018832
5092 5091 0.0018832
5093 5092 0.00013146
5088 5093 0.00014856
5094 5093 0.00014856
3121 5237 0.018626
3328 5237 0.018626
3329 5237 0.018626
2149 5260 0.30299
7287 5260 0.30299
3638 5267 0.00023506
3640 5267 0.00023506
5268 5267 0.00023506
3138 5268 0.0010243
5832 5268 0.0010243
6422 5268 0.0010243
3122 5269 0.04097
5270 5269 0.04097
6233 5269 0.04097
2753 5270 0.018214
3327 5270 0.018214
5237 5270 0.018214
3964 5271 0.97594
6738 5271 0.97594
2350 5670 0.00020578
5671 5670 0.00020578
5836 5670 0.00020578
1975 5692 0.00014039
3091 5692 0.00014039
5682 5692 0.00014039
5693 5692 0.00014039
3335 5822 0.00024669
5823 5822 0.00024669
5831 5822 0.00024669
6967 5822 0.00024669
5822 5823 0.0002407
6963 5823 0.0002407
7102 5823 0.0002407
7104 5823 0.0002407
5824 5825 0.00033519
6964 5825 0.00033519
7100 5825 0.00033519
5825 5831 0.00030817
5826 5831 0.00030817
5830 5831 0.00030817
2352 5832 0.0010165
2355 5832 0.0010165
5269 5832 0.0010165
6877 5835 0.00021631
5835 5836 0.00021336
5091 5837 0.0016668
5838 5837 0.0016668
3670 5852 0.00016467
3679 5852 0.00016467
5851 5852 0.00016467
5852 5854 0.00016467
5853 5854 0.00016467
3125 5948 0.00086168
3128 5948 0.00086168
5949 5948 0.00086168
3135 5949 0.00013865
5948 5949 0.00013865
5953 5949 0.00013865
3135 5952 0.0019056
5948 5952 0.0019056
5953 5952 0.0019056
5956 5957 0.00019511
6386 5957 0.00019511
6387 5957 0.00019511
3113 6105 0.00012465
3116 6105 0.00012465
6106 6105 0.00012465
3129 6107 0.00064267
3132 6107 0.00064267
6105 6107 0.00064267
6108 6107 0.00064267
6107 6109 0.00060308
6110 6109 0.00060308
6114 6109 0.00060308
3139 6111 0.00036802
3910 6111 0.00036802
6112 6111 0.00036802
6111 6112 0.00024901
6396 6112 0.00024901
6397 6112 0.00024901
6406 6112 0.00024901
6107 6113 0.00010669
6110 6113 0.00010669
6114 6113 0.00010669
6206 6205 0.00081816
6209 6205 0.00081816
6211 6205 0.00081816
3655 6206 0.0002442
3658 6206 0.0002442
6205 6206 0.0002442
3653 6209 0.00081816
3656 6209 0.00081816
6210 6209 0.00081816
6206 6210 0.0002442
6209 6210 0.0002442
6211 6210 0.0002442
3333 6226 0.00026043
3336 6226 0.00026043
6225 6226 0.00026043
3907 6227 0.00036807
4019 6227 0.00036807
6228 6227 0.00036807
6358 6227 0.00036807
548 6228 0.0017396
6226 6228 0.0017396
6227 6228 0.0017396
6230 6228 0.0017396
548 6229 0.00025933
6226 6229 0.00025933
6227 6229 0.00025933
6230 6229 0.00025933
6229 6230 0.00072664
6979 6230 0.00072664
7063 6230 0.00072664
4020 6231 0.033532
6232 6231 0.033532
6351 6231 0.033532
6231 6232 0.037764
6234 6232 0.037764
6354 6232 0.037764
6231 6233 0.003994
6234 6233 0.003994
6354 6233 0.003994
3122 6234 0.073845
5270 6234 0.073845
6233 6234 0.073845
2071 6237 0.00026287
6238 6237 0.00026287
6239 6237 0.00026287
996 6238 0.0025866
3119 6238 0.0025866
4790 6238 0.0025866
6237 6238 0.0025866
4789 6239 0.00090851
6240 6239 0.00090851
6365 6239 0.00090851
950 6351 0.031233
6352 6351 0.031233
6353 6351 0.031233
6356 6351 0.031233
4020 6352 0.048948
6232 6352 0.048948
6351 6352 0.048948
2354 6353 0.91217
2357 6353 0.91217
948 6354 0.0023511
951 6354 0.0023511
6355 6354 0.0023511
6231 6355 0.06797
6234 6355 0.06797
6354 6355 0.06797
6357 6356 0.012425
6361 6356 0.012425
950 6357 0.0079316
6352 6357 0.0079316
6353 6357 0.0079316
6356 6357 0.0079316
995 6358 0.0082234
6359 6358 0.0082234
6360 6358 0.0082234
3907 6359 0.0049543
4019 6359 0.0049543
6228 6359 0.0049543
6358 6359 0.0049543
6357 6360 0.0062593
6361 6360 0.0062593
995 6361 0.014578
6359 6361 0.014578
6360 6361 0.014578
6357 6362 0.0038248
6361 6362 0.0038248
6364 6363 0.0025373
6410 6363 0.0025373
6411 6363 0.0025373
6363 6364 0.00054184
6943 6364 0.00054184
7165 6364 0.00054184
2364 6365 0.0014196
2367 6365 0.0014196
6366 6365 0.0014196
6367 6365 0.0014196
3117 6367 0.0014382
5957 6367 0.0014382
6368 6367 0.0014382
6369 6367 0.0014382
5954 6369 0.0013225
6370 6369 0.0013225
6388 6369 0.0013225
7111 6369 0.0013225
3140 6371 0.012122
6372 6371 0.012122
6373 6371 0.012122
6407 6371 0.012122
2078 6372 0.00019
2358 6372 0.00019
2361 6372 0.00019
6371 6372 0.00019
3143 6373 0.0099297
3146 6373 0.0099297
6374 6373 0.0099297
6375 6373 0.0099297
3140 6374 0.00011844
6372 6374 0.00011844
6373 6374 0.00011844
6407 6374 0.00011844
6376 6375 0.0085602
6377 6375 0.0085602
6417 6375 0.0085602
5952 6377 0.004096
6378 6377 0.004096
6379 6377 0.004096
3127 6379 0.0023072
3130 6379 0.0023072
6380 6379 0.0023072
6381 6379 0.0023072
3111 6381 0.00029957
3114 6381 0.00029957
6382 6381 0.00029957
6383 6381 0.00029957
5956 6385 0.00021136
6386 6385 0.00021136
6387 6385 0.00021136
5954 6387 0.00036087
6370 6387 0.00036087
6388 6387 0.00036087
7111 6387 0.00036087
3118 6389 0.00013312
6390 6389 0.00013312
6391 6389 0.00013312
6111 6395 0.00083896
6396 6395 0.00083896
6397 6395 0.00083896
6406 6395 0.00083896
3147 6397 0.00057785
5951 6397 0.00057785
6398 6397 0.00057785
6399 6397 0.00057785
3909 6399 0.0003315
6113 6399 0.0003315
6400 6399 0.0003315
6401 6399 0.0003315
3131 6401 0.00027125
3134 6401 0.00027125
6402 6401 0.00027125
6403 6401 0.00027125
5950 6406 0.00013294
6389 6406 0.00013294
6405 6406 0.00013294
4788 6407 0.0022046
6408 6407 0.0022046
6409 6407 0.0022046
3140 6408 0.00073579
6372 6408 0.00073579
6373 6408 0.00073579
6407 6408 0.00073579
6364 6409 0.0015602
6410 6409 0.0015602
6411 6409 0.0015602
4788 6410 0.00091181
6408 6410 0.00091181
6409 6410 0.00091181
5834 6411 0.002772
6412 6411 0.002772
6413 6411 0.002772
6364 6412 0.00012813
6410 6412 0.00012813
6411 6412 0.00012813
3142 6413 0.002772
6414 6413 0.002772
6415 6413 0.002772
5834 6414 0.00012813
6412 6414 0.00012813
6413 6414 0.00012813
6416 6415 0.0052674
6418 6415 0.0052674
6419 6415 0.0052674
3142 6416 0.00010435
6414 6416 0.00010435
6415 6416 0.00010435
6416 6417 0.0046169
6418 6417 0.0046169
6419 6417 0.0046169
6376 6418 0.00013787
6377 6418 0.00013787
6417 6418 0.00013787
3304 6419 0.0097301
6420 6419 0.0097301
6421 6419 0.0097301
3138 6421 0.009033
5832 6421 0.009033
6422 6421 0.009033
3304 6422 0.0029822
6420 6422 0.0029822
6421 6422 0.0029822
3680 6478 0.00078399
3681 6478 0.00078399
3689 6478 0.00078399
6479 6478 0.00078399
4662 6738 0.9757
6739 6738 0.9757
2148 6794 0.67569
6795 6794 0.67569
724 6795 0.0013463
2147 6795 0.0013463
6794 6795 0.0013463
2150 6796 0.97734
6797 6796 0.97734
2152 6823 0.020703
6824 6823 0.020703
5085 6873 0.0017517
5267 6873 0.0017517
6873 6874 0.0017517
5090 6877 0.00021631
6903 6904 1.0001
6906 6904 1.0001
6916 6904 1.0001
6903 6905 0.18639
6906 6905 0.18639
6916 6905 0.18639
6905 6906 0.24414
6908 6906 0.24414
6910 6906 0.24414
6905 6907 0.30666
6908 6907 0.30666
6910 6907 0.30666
6907 6908 0.11756
6914 6908 0.11756
6917 6908 0.11756
6905 6909 0.068319
6908 6909 0.068319
6910 6909 0.068319
6909 6910 0.31517
6912 6910 0.31517
7072 6910 0.31517
6913 6911 1
6911 6912 1
6913 6912 1
6915 6914 0.7554
6919 6914 0.7554
7071 6914 0.7554
6907 6915 0.0022034
6914 6915 0.0022034
6917 6915 0.0022034
6907 6916 0.94589
6914 6916 0.94589
6917 6916 0.94589
6903 6917 0.0035852
6906 6917 0.0035852
6916 6917 0.0035852
3713 6920 0.037756
6921 6920 0.037756
7114 6920 0.037756
723 6921 0.057159
6920 6921 0.057159
6939 6938 0.00065144
7067 6938 0.00065144
7163 6938 0.00065144
7164 6938 0.00065144
6938 6939 0.00041322
6941 6939 0.00041322
6949 6939 0.00041322
6940 6941 0.00062653
6942 6941 0.00062653
6945 6941 0.00062653
6947 6941 0.00062653
6363 6942 0.00062653
6943 6942 0.00062653
7165 6942 0.00062653
6938 6948 0.00090122
6941 6948 0.00090122
6949 6948 0.00090122
6948 6949 0.00010673
6950 6949 0.00010673
6953 6949 0.00010673
6948 6952 0.00090122
6950 6952 0.00090122
6953 6952 0.00090122
6952 6953 0.00010673
7161 6953 0.00010673
7162 6953 0.00010673
5824 6963 0.00031559
6964 6963 0.00031559
7100 6963 0.00031559
5822 6964 0.00018072
6963 6964 0.00018072
7102 6964 0.00018072
7104 6964 0.00018072
3335 6968 0.00012772
5823 6968 0.00012772
5831 6968 0.00012772
6967 6968 0.00012772
6969 6971 0.00020847
6972 6971 0.00020847
6975 6971 0.00020847
7066 6971 0.00020847
6971 6972 0.00015224
6974 6972 0.00015224
7064 6972 0.00015224
6971 6973 0.00026602
6974 6973 0.00026602
7064 6973 0.00026602
6973 6974 0.0002003
6976 6974 0.0002003
6978 6974 0.0002003
6973 6975 0.0003343
6976 6975 0.0003343
6978 6975 0.0003343
6973 6977 0.00015119
6976 6977 0.00015119
6978 6977 0.00015119
3320 6978 0.00032075
6977 6978 0.00032075
7096 6978 0.00032075
6980 6979 0.00059635
7065 6979 0.00059635
7098 6979 0.00059635
6229 6980 0.00011955
6979 6980 0.00011955
7063 6980 0.00011955
6971 7063 0.00026245
6974 7063 0.00026245
7064 7063 0.00026245
6229 7064 0.00027194
6979 7064 0.00027194
7063 7064 0.00027194
6969 7065 0.00030066
6972 7065 0.00030066
6975 7065 0.00030066
7066 7065 0.00030066
6980 7066 0.00012162
7065 7066 0.00012162
7098 7066 0.00012162
6909 7071 0.75536
6912 7071 0.75536
7072 7071 0.75536
6915 7072 0.0022106
6919 7072 0.0022106
7071 7072 0.0022106
5670 7086 0.00040602
6385 7086 0.00040602
7085 7086 0.00040602
547 7093 0.00033793
2073 7093 0.00033793
7094 7093 0.00033793
3319 7094 0.00011458
5985 7094 0.00011458
7093 7094 0.00011458
7095 7094 0.00011458
3319 7096 0.00035508
5985 7096 0.00035508
7093 7096 0.00035508
7095 7096 0.00035508
6980 7097 0.00010577
7065 7097 0.00010577
7098 7097 0.00010577
3321 7098 0.00040352
3322 7098 0.00040352
7097 7098 0.00040352
5824 7099 0.00011172
6964 7099 0.00011172
7100 7099 0.00011172
3325 7100 0.00054751
3326 7100 0.00054751
7099 7100 0.00054751
6965 7102 0.00012772
6968 7102 0.00012772
7101 7102 0.00012772
5822 7103 0.00043268
6963 7103 0.00043268
7102 7103 0.00043268
7104 7103 0.00043268
3323 7104 0.00019699
3324 7104 0.00019699
7103 7104 0.00019699
5837 7111 0.0016668
6927 7111 0.0016668
7069 7111 0.0016668
7112 7111 0.0016668
3713 7113 0.057816
6921 7113 0.057816
7114 7113 0.057816
2146 7114 0.039987
3712 7114 0.039987
4663 7114 0.039987
7113 7114 0.039987
6952 7160 0.0033159
7161 7160 0.0033159
7162 7160 0.0033159
2356 7161 0.0013204
2359 7161 0.0013204
6362 7161 0.0013204
7160 7161 0.0013204
6939 7162 0.0026065
7067 7162 0.0026065
7163 7162 0.0026065
7164 7162 0.0026065
6952 7163 0.0014056
7161 7163 0.0014056
7162 7163 0.0014056
6363 7164 0.0024053
6943 7164 0.0024053
7165 7164 0.0024053
6939 7165 0.0009661
7067 7165 0.0009661
7163 7165 0.0009661
7164 7165 0.0009661
6796 7182 0.97734
7183 7182 0.97734
7182 7184 0.97734
7185 7184 0.97734
1127 7274 0.00014623
3095 7274 0.00014623
3098 7274 0.00014623
7184 7287 0.97734
7288 7287 0.97734
