86 85 0.054683
89 85 0.054683
6576 85 0.054683
85 86 0.21294
3724 86 0.21294
3725 86 0.21294
88 87 0.008785
90 87 0.008785
773 87 0.008785
6568 87 0.008785
87 88 0.52324
3728 88 0.52324
3729 88 0.52324
88 89 0.018467
90 89 0.018467
773 89 0.018467
6568 89 0.018467
86 90 0.38504
89 90 0.38504
6576 90 0.38504
92 91 0.0011064
4557 91 0.0011064
6569 91 0.0011064
91 92 0.10179
3732 92 0.10179
3733 92 0.10179
98 97 0.008224
3704 97 0.008224
3705 97 0.008224
100 99 0.00080769
102 99 0.00080769
4555 99 0.00080769
99 100 0.031267
366 100 0.031267
3737 100 0.031267
100 101 0.0046694
102 101 0.0046694
4555 101 0.0046694
101 102 0.0078736
367 102 0.0078736
3738 102 0.0078736
106 105 0.00097026
3357 105 0.00097026
105 106 0.00095664
4553 106 0.00095664
108 107 0.0018536
396 107 0.0018536
397 107 0.0018536
107 108 0.0065401
390 108 0.0065401
391 108 0.0065401
112 111 0.022559
424 111 0.022559
425 111 0.022559
6552 111 0.022559
111 112 0.01831
387 112 0.01831
394 112 0.01831
114 113 0.015745
422 113 0.015745
423 113 0.015745
6550 113 0.015745
113 114 0.0066828
384 114 0.0066828
385 114 0.0066828
116 115 0.0061621
420 115 0.0061621
421 115 0.0061621
1584 115 0.0061621
115 116 0.0029893
382 116 0.0029893
383 116 0.0029893
134 133 0.00014542
3708 133 0.00014542
3709 133 0.00014542
133 134 0.0060776
3052 134 0.0060776
99 365 0.00045135
366 365 0.00045135
3737 365 0.00045135
365 366 0.043504
3722 366 0.043504
3723 366 0.043504
368 367 0.00037818
371 367 0.00037818
376 367 0.00037818
101 368 0.0097672
367 368 0.0097672
3738 368 0.0097672
370 369 0.0033331
372 369 0.0033331
369 370 0.0002271
374 370 0.0002271
375 370 0.0002271
370 371 0.0002271
372 371 0.0002271
368 372 0.0033331
371 372 0.0033331
376 372 0.0033331
369 373 0.010865
374 373 0.010865
375 373 0.010865
373 374 0.0014758
3730 374 0.0014758
3731 374 0.0014758
368 375 0.0077482
371 375 0.0077482
376 375 0.0077482
369 376 0.0014652
374 376 0.0014652
375 376 0.0014652
377 378 0.00039832
399 378 0.00039832
378 380 0.00039832
379 380 0.00039832
115 381 0.00086555
382 381 0.00086555
383 381 0.00086555
381 382 0.0030704
400 382 0.0030704
401 382 0.0030704
413 382 0.0030704
113 383 0.0021819
384 383 0.0021819
385 383 0.0021819
115 384 0.0075596
382 384 0.0075596
383 384 0.0075596
380 385 0.0039458
386 385 0.0039458
393 385 0.0039458
113 386 0.018386
384 386 0.018386
385 386 0.018386
388 387 0.0070978
389 387 0.0070978
3717 387 0.0070978
6554 387 0.0070978
111 388 0.026085
387 388 0.026085
394 388 0.026085
107 389 0.0015241
390 389 0.0015241
391 389 0.0015241
388 390 0.0086127
389 390 0.0086127
3717 390 0.0086127
6554 390 0.0086127
392 391 0.00043784
395 391 0.00043784
998 391 0.00043784
107 392 0.0028399
390 392 0.0028399
391 392 0.0028399
111 393 0.0038742
387 393 0.0038742
394 393 0.0038742
380 394 0.018613
386 394 0.018613
393 394 0.018613
108 395 0.00043784
396 395 0.00043784
397 395 0.00043784
392 396 0.0028399
395 396 0.0028399
998 396 0.0028399
398 397 0.0019707
3718 397 0.0019707
3719 397 0.0019707
108 398 0.0090592
396 398 0.0090592
397 398 0.0090592
381 399 0.00039832
400 399 0.00039832
401 399 0.00039832
413 399 0.00039832
402 401 0.0025018
403 401 0.0025018
418 401 0.0025018
419 401 0.0025018
381 402 0.0010847
400 402 0.0010847
401 402 0.0010847
413 402 0.0010847
404 403 0.0004156
405 403 0.0004156
6570 403 0.0004156
6573 403 0.0004156
402 404 0.0040163
403 404 0.0040163
418 404 0.0040163
419 404 0.0040163
97 411 0.008224
412 411 0.008224
6566 411 0.008224
414 413 0.0012763
415 413 0.0012763
417 413 0.0012763
381 414 0.00019001
400 414 0.00019001
401 414 0.00019001
413 414 0.00019001
416 415 0.0021483
3096 415 0.0021483
7148 415 0.0021483
414 416 0.00021725
415 416 0.00021725
417 416 0.00021725
402 417 0.0010872
403 417 0.0010872
418 417 0.0010872
419 417 0.0010872
414 418 0.0019319
415 418 0.0019319
417 418 0.0019319
116 419 0.0063049
420 419 0.0063049
421 419 0.0063049
1584 419 0.0063049
402 420 0.0021319
403 420 0.0021319
418 420 0.0021319
419 420 0.0021319
114 421 0.024529
422 421 0.024529
423 421 0.024529
6550 421 0.024529
116 422 0.0048065
420 422 0.0048065
421 422 0.0048065
1584 422 0.0048065
112 423 0.074708
424 423 0.074708
425 423 0.074708
6552 423 0.074708
114 424 0.014172
422 424 0.014172
423 424 0.014172
6550 424 0.014172
426 425 0.25359
3720 425 0.25359
3721 425 0.25359
4661 425 0.25359
112 426 0.013522
424 426 0.013522
425 426 0.013522
6552 426 0.013522
428 427 0.0013032
429 427 0.0013032
3089 427 0.0013032
5680 427 0.0013032
2279 431 0.0040868
5674 431 0.0040868
7273 431 0.0040868
427 432 0.0011171
431 432 0.0011171
3097 432 0.0011171
6878 434 0.0019349
548 547 0.0080701
6226 547 0.0080701
6227 547 0.0080701
6230 547 0.0080701
547 548 0.0029752
2073 548 0.0029752
7094 548 0.0029752
554 553 0.00015043
1525 553 0.00015043
2824 553 0.00015043
723 724 0.00047931
6920 724 0.00047931
774 773 0.028866
775 773 0.028866
88 774 0.0022214
90 774 0.0022214
773 774 0.0022214
6568 774 0.0022214
776 775 0.028866
6574 775 0.028866
774 776 0.0022214
775 776 0.0022214
948 950 0.0024095
951 950 0.0024095
6355 950 0.0024095
950 951 0.0018564
6352 951 0.0018564
6353 951 0.0018564
6356 951 0.0018564
995 994 0.0041876
6359 994 0.0041876
6360 994 0.0041876
994 995 0.002286
997 995 0.002286
2076 995 0.002286
2077 995 0.002286
994 996 0.0023029
997 996 0.0023029
2076 996 0.0023029
2077 996 0.0023029
996 997 0.0015719
3119 997 0.0015719
4790 997 0.0015719
6237 997 0.0015719
434 1126 0.003961
5089 1126 0.003961
432 1127 0.0010356
5692 1127 0.0010356
6874 1128 0.00072515
5085 1129 0.077937
5267 1129 0.077937
1524 1525 0.00013945
1968 1525 0.00013945
2820 1525 0.00013945
1528 1530 0.16505
1531 1530 0.16505
3303 1530 0.16505
1530 1532 0.018562
1533 1532 0.018562
2850 1532 0.018562
1532 1533 0.00040817
2851 1533 0.00040817
3339 1533 0.00040817
1568 1570 0.00016432
1571 1570 0.00016432
3699 1570 0.00016432
1570 1572 0.00025007
1573 1572 0.00025007
3092 1572 0.00025007
408 1574 0.00025007
1575 1574 0.00025007
7224 1574 0.00025007
1576 1577 0.0034104
7149 1577 0.0034104
1578 1580 0.010853
1581 1580 0.010853
4558 1580 0.010853
1580 1581 0.0024898
1583 1581 0.0024898
6572 1581 0.0024898
6575 1581 0.0024898
1580 1582 0.0027076
1583 1582 0.0027076
6572 1582 0.0027076
6575 1582 0.0027076
1582 1583 0.013804
1585 1583 0.013804
4524 1583 0.013804
1582 1584 0.0029164
1585 1584 0.0029164
4524 1584 0.0029164
116 1585 0.015293
420 1585 0.015293
421 1585 0.015293
1584 1585 0.015293
1527 1968 0.0001443
1967 1968 0.0001443
2822 1968 0.0001443
1972 1971 0.00015721
3706 1971 0.00015721
3707 1971 0.00015721
3736 1971 0.00015721
2072 2071 0.002029
2074 2071 0.002029
2075 2071 0.002029
3906 2071 0.002029
2071 2072 0.0015693
6238 2072 0.0015693
6239 2072 0.0015693
2072 2073 0.0015397
2074 2073 0.0015397
2075 2073 0.0015397
3906 2073 0.0015397
547 2074 0.010374
2073 2074 0.010374
7094 2074 0.010374
994 2075 0.0016639
997 2075 0.0016639
2076 2075 0.0016639
2077 2075 0.0016639
2072 2076 0.0089762
2074 2076 0.0089762
2075 2076 0.0089762
3906 2076 0.0089762
2078 2077 0.0010566
2358 2077 0.0010566
2361 2077 0.0010566
6371 2077 0.0010566
994 2078 0.0095395
997 2078 0.0095395
2076 2078 0.0095395
2077 2078 0.0095395
724 2146 0.00047646
2147 2146 0.00047646
6794 2146 0.00047646
1126 2279 0.0039548
2349 2348 0.00030716
5903 2348 0.00030716
5986 2348 0.00030716
7105 2348 0.00030716
2348 2349 0.00013496
5239 2349 0.00013496
5739 2349 0.00013496
2350 2351 0.00013637
5671 2351 0.00013637
5836 2351 0.00013637
2353 2352 0.00064844
3337 2352 0.00064844
2352 2353 0.00076376
2355 2353 0.00076376
5269 2353 0.00076376
2352 2354 0.0053931
2355 2354 0.0053931
5269 2354 0.0053931
2354 2355 0.019243
2357 2355 0.019243
2354 2356 0.0011762
2357 2356 0.0011762
2356 2357 0.019528
2359 2357 0.019528
6362 2357 0.019528
7160 2357 0.019528
2356 2358 0.0025142
2359 2358 0.0025142
6362 2358 0.0025142
7160 2358 0.0025142
2078 2359 0.0066097
2358 2359 0.0066097
2361 2359 0.0066097
6371 2359 0.0066097
2078 2360 0.0016973
2358 2360 0.0016973
2361 2360 0.0016973
6371 2360 0.0016973
2360 2361 0.0015229
2363 2361 0.0015229
3120 2361 0.0015229
2360 2362 0.00088938
2363 2362 0.00088938
3120 2362 0.00088938
2362 2363 0.00033504
2365 2363 0.00033504
6395 2363 0.00033504
2362 2364 0.00061153
2365 2364 0.00061153
6395 2364 0.00061153
2364 2365 0.00014599
2367 2365 0.00014599
6366 2365 0.00014599
6367 2365 0.00014599
2364 2366 0.00030456
2367 2366 0.00030456
6366 2366 0.00030456
6367 2366 0.00030456
2366 2367 0.00010759
7006 2367 0.00010759
7086 2367 0.00010759
1969 2822 0.00015721
1971 2822 0.00015721
2823 2822 0.00015721
1530 2849 0.15407
1533 2849 0.15407
2850 2849 0.15407
600 2850 0.00719
2849 2850 0.00719
3344 2850 0.00719
3345 2850 0.00719
133 3051 0.00014542
3052 3051 0.00014542
3051 3052 0.0060776
3710 3052 0.0060776
3711 3052 0.0060776
3086 3085 0.001393
5668 3085 0.001393
5964 3085 0.001393
3085 3087 0.0013822
3088 3087 0.0013822
5398 3087 0.0013822
3090 3089 0.0013123
5675 3089 0.0013123
5676 3089 0.0013123
7150 3089 0.0013123
1127 3096 0.0052685
3095 3096 0.0052685
3098 3096 0.0052685
427 3098 0.0042453
431 3098 0.0042453
3097 3098 0.0042453
3107 3109 0.0026684
3110 3109 0.0026684
3309 3109 0.0026684
3310 3109 0.0026684
3109 3110 0.00043111
3112 3110 0.00043111
3313 3110 0.00043111
3314 3110 0.00043111
3109 3111 0.00052051
3112 3111 0.00052051
3313 3111 0.00052051
3314 3111 0.00052051
3111 3112 0.00028794
3114 3112 0.00028794
6382 3112 0.00028794
6383 3112 0.00028794
3111 3113 0.00016863
3114 3113 0.00016863
6382 3113 0.00016863
6383 3113 0.00016863
2360 3119 0.0011881
2363 3119 0.0011881
3120 3119 0.0011881
996 3120 0.0015681
3119 3120 0.0015681
4790 3120 0.0015681
6237 3120 0.0015681
3122 3121 0.0025212
5270 3121 0.0025212
6233 3121 0.0025212
3121 3122 0.00062154
3328 3122 0.00062154
3329 3122 0.00062154
3124 3123 0.0023067
3307 3123 0.0023067
3308 3123 0.0023067
3637 3123 0.0023067
3123 3124 0.0058471
3126 3124 0.0058471
3312 3124 0.0058471
3123 3125 0.0018891
3126 3125 0.0018891
3312 3125 0.0018891
3125 3126 0.0034248
3128 3126 0.0034248
5949 3126 0.0034248
3125 3127 0.00052903
3128 3127 0.00052903
5949 3127 0.00052903
3127 3128 0.0022715
3130 3128 0.0022715
6380 3128 0.0022715
6381 3128 0.0022715
3129 3130 0.00063388
3132 3130 0.00063388
6105 3130 0.00063388
6108 3130 0.00063388
3131 3132 0.00020189
3134 3132 0.00020189
6402 3132 0.00020189
6403 3132 0.00020189
3136 3135 0.00098246
3305 3135 0.00098246
3306 3135 0.00098246
3135 3136 0.0023743
5948 3136 0.0023743
5953 3136 0.0023743
3138 3137 0.15973
5832 3137 0.15973
6422 3137 0.15973
3137 3138 0.00067893
3302 3138 0.00067893
3338 3138 0.00067893
3140 3139 0.00056564
6372 3139 0.00056564
6373 3139 0.00056564
6407 3139 0.00056564
3139 3140 0.00036037
3910 3140 0.00036037
6112 3140 0.00036037
3142 3141 0.00018451
6414 3141 0.00018451
6415 3141 0.00018451
3141 3142 0.00093966
3144 3142 0.00093966
4787 3142 0.00093966
3141 3143 0.00034237
3144 3143 0.00034237
4787 3143 0.00034237
3143 3144 0.00068763
3146 3144 0.00068763
6374 3144 0.00068763
6375 3144 0.00068763
3143 3145 0.00051536
3146 3145 0.00051536
6374 3145 0.00051536
6375 3145 0.00051536
3145 3146 0.00027619
3148 3146 0.00027619
3911 3146 0.00027619
6109 3146 0.00027619
3145 3147 0.00018695
3148 3147 0.00018695
3911 3147 0.00018695
6109 3147 0.00018695
3147 3148 0.0001519
5951 3148 0.0001519
6398 3148 0.0001519
6399 3148 0.0001519
3137 3303 0.16505
3302 3303 0.16505
3338 3303 0.16505
3136 3304 0.0050698
3305 3304 0.0050698
3306 3304 0.0050698
3304 3305 0.018442
6420 3305 0.018442
6421 3305 0.018442
3124 3306 0.0049707
3307 3306 0.0049707
3308 3306 0.0049707
3637 3306 0.0049707
3136 3307 0.019735
3305 3307 0.019735
3306 3307 0.019735
3107 3308 0.00043111
3110 3308 0.00043111
3309 3308 0.00043111
3310 3308 0.00043111
3124 3309 0.0026684
3307 3309 0.0026684
3308 3309 0.0026684
3637 3309 0.0026684
3109 3312 0.0025465
3112 3312 0.0025465
3313 3312 0.0025465
3314 3312 0.0025465
3123 3313 0.00054178
3126 3313 0.00054178
3312 3313 0.00054178
3317 3316 0.0032888
5238 3316 0.0032888
7089 3316 0.0032888
3319 3318 0.0045393
5985 3318 0.0045393
7093 3318 0.0045393
7095 3318 0.0045393
3318 3319 0.0013868
6983 3319 0.0013868
7092 3319 0.0013868
3321 3320 0.029302
3322 3320 0.029302
7097 3320 0.029302
3320 3321 0.010704
6977 3321 0.010704
7096 3321 0.010704
3323 3322 0.0037374
3324 3322 0.0037374
7103 3322 0.0037374
3321 3323 0.99338
3322 3323 0.99338
7097 3323 0.99338
3325 3324 0.001546
3326 3324 0.001546
7099 3324 0.001546
3323 3325 1.1041
3324 3325 1.1041
7103 3325 1.1041
3325 3327 0.96153
3326 3327 0.96153
7099 3327 0.96153
2353 3328 0.00083796
3337 3328 0.00083796
3332 3331 0.0013959
3334 3331 0.0013959
3331 3332 0.012253
5827 3332 0.012253
5829 3332 0.012253
3332 3333 0.012253
3334 3333 0.012253
3333 3334 0.0013959
3336 3334 0.0013959
6225 3334 0.0013959
3333 3335 0.010313
3336 3335 0.010313
6225 3335 0.010313
3335 3336 0.027618
5823 3336 0.027618
5831 3336 0.027618
6967 3336 0.027618
3137 3337 0.00072264
3302 3337 0.00072264
3338 3337 0.00072264
3343 3338 0.0067031
3639 3338 0.0067031
3962 3338 0.0067031
3340 3339 0.00040817
3342 3339 0.00040817
3960 3339 0.00040817
1532 3340 0.018562
2851 3340 0.018562
3339 3340 0.018562
3340 3341 0.018562
3342 3341 0.018562
3960 3341 0.018562
3341 3342 0.00040817
3346 3342 0.00040817
4684 3342 0.00040817
600 3343 0.00211
2849 3343 0.00211
3344 3343 0.00211
3345 3343 0.00211
3343 3344 0.7596
3639 3344 0.7596
3962 3344 0.7596
3341 3345 0.00019876
3346 3345 0.00019876
4684 3345 0.00019876
600 3346 0.90456
2849 3346 0.90456
3344 3346 0.90456
3345 3346 0.90456
73 3347 0.00034108
3348 3347 0.00034108
3349 3347 0.00034108
3347 3348 0.00063437
3354 3348 0.00063437
4683 3348 0.00063437
3350 3349 0.00034108
3351 3349 0.00034108
3363 3349 0.00034108
73 3350 0.00063437
3348 3350 0.00063437
3349 3350 0.00063437
3352 3351 0.00011463
3366 3351 0.00011463
3691 3351 0.00011463
3350 3352 0.00054736
3351 3352 0.00054736
3363 3352 0.00054736
3347 3353 0.92222
3354 3353 0.92222
4683 3353 0.92222
3356 3355 0.001918
4554 3355 0.001918
5855 3355 0.001918
3353 3356 0.001918
3355 3356 0.001918
7220 3356 0.001918
3358 3357 0.00097026
3360 3357 0.00097026
106 3358 0.00095664
3357 3358 0.00095664
3358 3359 0.00095664
3360 3359 0.00095664
3359 3360 0.00097026
5856 3360 0.00097026
5858 3360 0.00097026
3364 3363 0.00023729
3365 3363 0.00023729
3367 3363 0.00023729
3352 3365 0.0002204
3366 3365 0.0002204
3691 3365 0.0002204
3364 3366 0.0001164
3365 3366 0.0001164
3367 3366 0.0001164
3638 3637 0.0085965
3640 3637 0.0085965
5268 3637 0.0085965
3124 3638 0.024664
3307 3638 0.024664
3308 3638 0.024664
3637 3638 0.024664
3638 3639 0.75907
3640 3639 0.75907
5268 3639 0.75907
3343 3640 0.00059069
3639 3640 0.00059069
3962 3640 0.00059069
3352 3692 0.00033992
3366 3692 0.00033992
3691 3692 0.00033992
3370 3694 0.00025639
3692 3694 0.00025639
3693 3694 0.00025639
3694 3696 0.00024665
3695 3696 0.00024665
6563 3696 0.00024665
3674 3698 0.0002276
3696 3698 0.0002276
3697 3698 0.0002276
781 3699 0.00015986
3700 3699 0.00015986
3701 3699 0.00015986
553 3701 0.00016634
3702 3701 0.00016634
3703 3701 0.00016634
98 3703 0.00021261
3704 3703 0.00021261
3705 3703 0.00021261
553 3704 0.00017042
3702 3704 0.00017042
3703 3704 0.00017042
1972 3705 0.0083898
3706 3705 0.0083898
3707 3705 0.0083898
3736 3705 0.0083898
98 3706 0.00019146
3704 3706 0.00019146
3705 3706 0.00019146
134 3707 0.072446
3708 3707 0.072446
3709 3707 0.072446
3051 3709 0.066771
3710 3709 0.066771
3711 3709 0.066771
134 3710 0.00028851
3708 3710 0.00028851
3709 3710 0.00028851
2146 3711 0.072418
3712 3711 0.072418
4663 3711 0.072418
7113 3711 0.072418
3688 3713 0.0003038
3714 3713 0.0003038
3715 3713 0.0003038
3642 3715 0.0002276
3698 3715 0.0002276
3716 3715 0.0002276
398 3717 0.012943
3718 3717 0.012943
3719 3717 0.012943
388 3718 0.024842
389 3718 0.024842
3717 3718 0.024842
6554 3718 0.024842
426 3719 0.014404
3720 3719 0.014404
3721 3719 0.014404
4661 3719 0.014404
398 3720 0.033392
3718 3720 0.033392
3719 3720 0.033392
365 3721 0.0001856
3722 3721 0.0001856
3723 3721 0.0001856
426 3722 0.70133
3720 3722 0.70133
3721 3722 0.70133
4661 3722 0.70133
85 3723 0.0017967
3724 3723 0.0017967
3725 3723 0.0017967
365 3724 0.65988
3722 3724 0.65988
3723 3724 0.65988
3726 3725 0.0056975
3727 3725 0.0056975
4556 3725 0.0056975
85 3726 0.50553
3724 3726 0.50553
3725 3726 0.50553
87 3727 0.0027498
3728 3727 0.0027498
3729 3727 0.0027498
3726 3728 0.53624
3727 3728 0.53624
4556 3728 0.53624
373 3729 0.040342
3730 3729 0.040342
3731 3729 0.040342
87 3730 0.059379
3728 3730 0.059379
3729 3730 0.059379
91 3731 0.032745
3732 3731 0.032745
3733 3731 0.032745
373 3732 0.061171
3730 3732 0.061171
3731 3732 0.061171
411 3733 0.072345
3734 3733 0.072345
3735 3733 0.072345
1972 3735 0.064583
3706 3735 0.064583
3707 3735 0.064583
3736 3735 0.064583
411 3736 0.00047746
3734 3736 0.00047746
3735 3736 0.00047746
101 3737 0.00019796
367 3737 0.00019796
3738 3737 0.00019796
99 3738 0.012791
366 3738 0.012791
3737 3738 0.012791
3907 3906 0.0040938
4019 3906 0.0040938
6228 3906 0.0040938
6358 3906 0.0040938
2072 3907 0.0051564
2074 3907 0.0051564
2075 3907 0.0051564
3906 3907 0.0051564
3145 3910 0.00024282
3148 3910 0.00024282
3911 3910 0.00024282
6109 3910 0.00024282
3139 3911 0.00038094
3910 3911 0.00038094
6112 3911 0.00038094
4685 3962 0.0057095
5086 3962 0.0057095
1129 3964 0.073048
3963 3964 0.073048
4020 4019 0.0014406
6232 4019 0.0014406
6351 4019 0.0014406
3907 4020 0.013072
4019 4020 0.013072
6228 4020 0.013072
6358 4020 0.013072
1582 4523 0.007788
1585 4523 0.007788
4524 4523 0.007788
4523 4524 0.0065075
4526 4524 0.0065075
6551 4524 0.0065075
4523 4525 0.046367
4526 4525 0.046367
6551 4525 0.046367
4525 4526 0.013335
6553 4526 0.013335
6577 4526 0.013335
3356 4553 0.00095664
4554 4553 0.00095664
5855 4553 0.00095664
105 4554 0.00097026
4553 4554 0.00097026
3726 4555 0.0037525
3727 4555 0.0037525
4556 4555 0.0037525
100 4556 0.037416
102 4556 0.037416
4555 4556 0.037416
1578 4557 0.0024898
1581 4557 0.0024898
4558 4557 0.0024898
92 4558 0.010853
4557 4558 0.010853
6569 4558 0.010853
2351 4657 0.0033022
4656 4657 0.0033022
7014 4657 0.0033022
7087 4657 0.0033022
4660 4661 0.92222
7221 4661 0.92222
4662 4663 0.072121
6739 4663 0.072121
3341 4683 0.92252
3346 4683 0.92252
4684 4683 0.92252
4788 4787 0.00050939
6408 4787 0.00050939
6409 4787 0.00050939
996 4789 0.00072607
3119 4789 0.00072607
4790 4789 0.00072607
6237 4789 0.00072607
4789 4790 0.00035351
6240 4790 0.00035351
6365 4790 0.00035351
4685 5085 0.00011284
5086 5085 0.00011284
5087 5086 0.005822
5271 5086 0.005822
1129 5087 0.0048953
3963 5087 0.0048953
5090 5089 0.0020261
5091 5090 0.0020269
5838 5090 0.0020269
1128 5091 0.00072618
5092 5091 0.00072618
3121 5237 0.0027376
3328 5237 0.0027376
3329 5237 0.0027376
2348 5238 0.00028033
5239 5238 0.00028033
5739 5238 0.00028033
3317 5239 0.00014967
5238 5239 0.00014967
7089 5239 0.00014967
3638 5267 0.078549
3640 5267 0.078549
5268 5267 0.078549
3138 5268 0.82096
5832 5268 0.82096
6422 5268 0.82096
3122 5269 0.97698
5270 5269 0.97698
6233 5269 0.97698
2753 5270 0.96421
3327 5270 0.96421
5237 5270 0.96421
3964 5271 0.00092698
6738 5271 0.00092698
5666 5662 0.0018954
5667 5662 0.0018954
4657 5666 0.0033051
5663 5666 0.0033051
5665 5666 0.0033051
5666 5668 0.0014103
5667 5668 0.0014103
5670 5671 0.00013652
6385 5671 0.00013652
7085 5671 0.00013652
3090 5674 0.0002586
5675 5674 0.0002586
5676 5674 0.0002586
7150 5674 0.0002586
2279 5675 0.00013078
5674 5675 0.00013078
7273 5675 0.00013078
3335 5822 0.13495
5823 5822 0.13495
5831 5822 0.13495
6967 5822 0.13495
5822 5823 0.092925
6963 5823 0.092925
7102 5823 0.092925
7104 5823 0.092925
5825 5824 0.027566
5826 5824 0.027566
5830 5824 0.027566
5824 5825 0.15767
6964 5825 0.15767
7100 5825 0.15767
3331 5826 0.0013959
5827 5826 0.0013959
5829 5826 0.0013959
5825 5827 0.012253
5826 5827 0.012253
5830 5827 0.012253
3335 5830 0.032102
5823 5830 0.032102
5831 5830 0.032102
6967 5830 0.032102
5825 5831 0.15135
5826 5831 0.15135
5830 5831 0.15135
2352 5832 0.99071
2355 5832 0.99071
5269 5832 0.99071
5837 5838 0.0013047
6927 5838 0.0013047
7069 5838 0.0013047
7112 5838 0.0013047
3359 5855 0.00095664
5856 5855 0.00095664
5858 5855 0.00095664
3356 5856 0.00097026
4554 5856 0.00097026
5855 5856 0.00097026
3125 5948 0.0014944
3128 5948 0.0014944
5949 5948 0.0014944
3135 5949 0.0012876
5948 5949 0.0012876
5953 5949 0.0012876
3135 5952 0.00031773
5948 5952 0.00031773
5953 5952 0.00031773
5952 5953 0.0015028
6378 5953 0.0015028
6379 5953 0.0015028
3117 5956 0.00014141
5957 5956 0.00014141
6368 5956 0.00014141
6369 5956 0.00014141
2349 5985 0.00014227
5903 5985 0.00014227
5986 5985 0.00014227
7105 5985 0.00014227
3319 5986 0.00031554
5985 5986 0.00031554
7093 5986 0.00031554
7095 5986 0.00031554
3113 6105 0.00015393
3116 6105 0.00015393
6106 6105 0.00015393
6107 6108 0.00037528
6110 6108 0.00037528
6114 6108 0.00037528
3145 6110 0.0003665
3148 6110 0.0003665
3911 6110 0.0003665
6109 6110 0.0003665
3139 6111 0.00027356
3910 6111 0.00027356
6112 6111 0.00027356
6111 6112 0.0002064
6396 6112 0.0002064
6397 6112 0.0002064
6406 6112 0.0002064
548 6225 0.0011195
6226 6225 0.0011195
6227 6225 0.0011195
6230 6225 0.0011195
3333 6226 0.029282
3336 6226 0.029282
6225 6226 0.029282
3907 6227 0.00053058
4019 6227 0.00053058
6228 6227 0.00053058
6358 6227 0.00053058
548 6228 0.026894
6226 6228 0.026894
6227 6228 0.026894
6230 6228 0.026894
548 6229 0.010494
6226 6229 0.010494
6227 6229 0.010494
6230 6229 0.010494
6229 6230 0.013789
6979 6230 0.013789
7063 6230 0.013789
4020 6231 0.01719
6232 6231 0.01719
6351 6231 0.01719
6231 6232 0.0019729
6234 6232 0.0019729
6354 6232 0.0019729
6231 6233 0.018351
6234 6233 0.018351
6354 6233 0.018351
3122 6234 0.0036862
5270 6234 0.0036862
6233 6234 0.0036862
2071 6237 0.0014505
6238 6237 0.0014505
6239 6237 0.0014505
996 6238 0.0014289
3119 6238 0.0014289
4790 6238 0.0014289
6237 6238 0.0014289
4789 6239 0.00034669
6240 6239 0.00034669
6365 6239 0.00034669
2071 6240 0.00078483
6238 6240 0.00078483
6239 6240 0.00078483
950 6351 0.0050804
6352 6351 0.0050804
6353 6351 0.0050804
6356 6351 0.0050804
4020 6352 0.0014938
6232 6352 0.0014938
6351 6352 0.0014938
2354 6353 0.004501
2357 6353 0.004501
948 6354 0.0018564
951 6354 0.0018564
6355 6354 0.0018564
6231 6355 0.0024095
6234 6355 0.0024095
6354 6355 0.0024095
6357 6356 0.00078725
6361 6356 0.00078725
950 6357 0.0022547
6352 6357 0.0022547
6353 6357 0.0022547
6356 6357 0.0022547
995 6358 0.0008415
6359 6358 0.0008415
6360 6358 0.0008415
3907 6359 0.016636
4019 6359 0.016636
6228 6359 0.016636
6358 6359 0.016636
6357 6360 0.00068298
6361 6360 0.00068298
995 6361 0.014576
6359 6361 0.014576
6360 6361 0.014576
6357 6362 0.015361
6361 6362 0.015361
6364 6363 0.00014993
6410 6363 0.00014993
6411 6363 0.00014993
6363 6364 0.0012546
6943 6364 0.0012546
7165 6364 0.0012546
2364 6365 0.00016662
2367 6365 0.00016662
6366 6365 0.00016662
6367 6365 0.00016662
4789 6366 0.00097733
6240 6366 0.00097733
6365 6366 0.00097733
2364 6368 0.0010871
2367 6368 0.0010871
6366 6368 0.0010871
6367 6368 0.0010871
3117 6370 0.0010261
5957 6370 0.0010261
6368 6370 0.0010261
6369 6370 0.0010261
3140 6371 0.00058255
6372 6371 0.00058255
6373 6371 0.00058255
6407 6371 0.00058255
2078 6372 0.0047957
2358 6372 0.0047957
2361 6372 0.0047957
6371 6372 0.0047957
3143 6373 0.00022148
3146 6373 0.00022148
6374 6373 0.00022148
6375 6373 0.00022148
3140 6374 0.0039922
6372 6374 0.0039922
6373 6374 0.0039922
6407 6374 0.0039922
6376 6375 0.00026243
6377 6375 0.00026243
6417 6375 0.00026243
3143 6376 0.0034487
3146 6376 0.0034487
6374 6376 0.0034487
6375 6376 0.0034487
5952 6377 0.00030692
6378 6377 0.00030692
6379 6377 0.00030692
6376 6378 0.0025119
6377 6378 0.0025119
6417 6378 0.0025119
3127 6379 0.00051241
3130 6379 0.00051241
6380 6379 0.00051241
6381 6379 0.00051241
5952 6380 0.0015323
6378 6380 0.0015323
6379 6380 0.0015323
3111 6381 0.00047934
3114 6381 0.00047934
6382 6381 0.00047934
6383 6381 0.00047934
3127 6382 0.000321
3130 6382 0.000321
6380 6382 0.000321
6381 6382 0.000321
5670 6386 0.00020009
6385 6386 0.00020009
7085 6386 0.00020009
5956 6388 0.00028872
6386 6388 0.00028872
6387 6388 0.00028872
6111 6395 0.00024531
6396 6395 0.00024531
6397 6395 0.00024531
6406 6395 0.00024531
2362 6396 0.00033412
2365 6396 0.00033412
6395 6396 0.00033412
3147 6397 0.00011229
5951 6397 0.00011229
6398 6397 0.00011229
6399 6397 0.00011229
6111 6398 0.00026126
6396 6398 0.00026126
6397 6398 0.00026126
6406 6398 0.00026126
3147 6400 0.00018124
5951 6400 0.00018124
6398 6400 0.00018124
6399 6400 0.00018124
3909 6402 0.00014755
6113 6402 0.00014755
6400 6402 0.00014755
6401 6402 0.00014755
4788 6407 0.00055324
6408 6407 0.00055324
6409 6407 0.00055324
3140 6408 0.00079038
6372 6408 0.00079038
6373 6408 0.00079038
6407 6408 0.00079038
6364 6409 0.00070493
6410 6409 0.00070493
6411 6409 0.00070493
4788 6410 0.00053218
6408 6410 0.00053218
6409 6410 0.00053218
6364 6412 0.00099669
6410 6412 0.00099669
6411 6412 0.00099669
5834 6414 0.00099669
6412 6414 0.00099669
6413 6414 0.00099669
6416 6415 0.00018083
6418 6415 0.00018083
6419 6415 0.00018083
3142 6416 0.0018679
6414 6416 0.0018679
6415 6416 0.0018679
6416 6417 0.00062845
6418 6417 0.00062845
6419 6417 0.00062845
6376 6418 0.0016098
6377 6418 0.0016098
6417 6418 0.0016098
3304 6419 0.00074531
6420 6419 0.00074531
6421 6419 0.00074531
6416 6420 0.0034137
6418 6420 0.0034137
6419 6420 0.0034137
3138 6421 0.018449
5832 6421 0.018449
6422 6421 0.018449
3304 6422 0.0077453
6420 6422 0.0077453
6421 6422 0.0077453
4523 6550 0.0090957
4526 6550 0.0090957
6551 6550 0.0090957
114 6551 0.040847
422 6551 0.040847
423 6551 0.040847
6550 6551 0.040847
4525 6552 0.0058124
6553 6552 0.0058124
6577 6552 0.0058124
112 6553 0.1811
424 6553 0.1811
425 6553 0.1811
6552 6553 0.1811
92 6568 0.098394
4557 6568 0.098394
6569 6568 0.098394
88 6569 0.0060697
90 6569 0.0060697
773 6569 0.0060697
6568 6569 0.0060697
1574 6570 0.0036542
1577 6570 0.0036542
6571 6570 0.0036542
404 6572 0.0075942
405 6572 0.0075942
6570 6572 0.0075942
6573 6572 0.0075942
1580 6573 0.00040938
1583 6573 0.00040938
6572 6573 0.00040938
6575 6573 0.00040938
1580 6574 0.028866
1583 6574 0.028866
6572 6574 0.028866
6575 6574 0.028866
776 6575 0.0022214
6574 6575 0.0022214
4525 6576 0.21793
6553 6576 0.21793
6577 6576 0.21793
86 6577 0.0096103
89 6577 0.0096103
6576 6577 0.0096103
3964 6739 0.072121
6738 6739 0.072121
5085 6873 0.00072515
5267 6873 0.00072515
6873 6874 0.00072515
5662 6878 0.0019349
5664 6878 0.0019349
3713 6920 0.00042653
6921 6920 0.00042653
7114 6920 0.00042653
6939 6938 0.00079102
7067 6938 0.00079102
7163 6938 0.00079102
7164 6938 0.00079102
6938 6939 0.00046319
6941 6939 0.00046319
6949 6939 0.00046319
6938 6940 0.00010992
6941 6940 0.00010992
6949 6940 0.00010992
6940 6941 0.00063678
6942 6941 0.00063678
6945 6941 0.00063678
6947 6941 0.00063678
6363 6942 0.00063678
6943 6942 0.00063678
7165 6942 0.00063678
6940 6943 0.00010992
6942 6943 0.00010992
6945 6943 0.00010992
6947 6943 0.00010992
6938 6948 0.0010142
6941 6948 0.0010142
6949 6948 0.0010142
6948 6949 0.00015949
6950 6949 0.00015949
6953 6949 0.00015949
6948 6952 0.0010142
6950 6952 0.0010142
6953 6952 0.0010142
6952 6953 0.00015949
7161 6953 0.00015949
7162 6953 0.00015949
5824 6963 0.15499
6964 6963 0.15499
7100 6963 0.15499
5822 6964 0.144
6963 6964 0.144
7102 6964 0.144
7104 6964 0.144
6965 6967 0.017503
6968 6967 0.017503
7101 6967 0.017503
3335 6968 0.077421
5823 6968 0.077421
5831 6968 0.077421
6967 6968 0.077421
6969 6971 0.0092139
6972 6971 0.0092139
6975 6971 0.0092139
7066 6971 0.0092139
6971 6972 0.0046806
6974 6972 0.0046806
7064 6972 0.0046806
6971 6973 0.011169
6974 6973 0.011169
7064 6973 0.011169
6973 6974 0.0082098
6976 6974 0.0082098
6978 6974 0.0082098
6973 6975 0.017247
6976 6975 0.017247
6978 6975 0.017247
6969 6976 0.0027552
6972 6976 0.0027552
6975 6976 0.0027552
7066 6976 0.0027552
6973 6977 0.0079115
6976 6977 0.0079115
6978 6977 0.0079115
3320 6978 0.019444
6977 6978 0.019444
7096 6978 0.019444
6980 6979 0.010758
7065 6979 0.010758
7098 6979 0.010758
6229 6980 0.0090364
6979 6980 0.0090364
7063 6980 0.0090364
6982 6981 0.00077457
6984 6981 0.00077457
6986 6981 0.00077457
6981 6982 0.00014016
6990 6982 0.00014016
6982 6983 0.00049045
6984 6983 0.00049045
6986 6983 0.00049045
3318 6984 0.0014988
6983 6984 0.0014988
7092 6984 0.0014988
6982 6985 0.00092857
6984 6985 0.00092857
6986 6985 0.00092857
6985 6986 0.00055464
6988 6986 0.00055464
6989 6986 0.00055464
6985 6987 0.0013447
6988 6987 0.0013447
6989 6987 0.0013447
6987 6988 0.00033634
6992 6988 0.00033634
6994 6988 0.00033634
6981 6989 0.00077457
6990 6989 0.00077457
6985 6990 0.00014016
6988 6990 0.00014016
6989 6990 0.00014016
6987 6991 0.0010448
6992 6991 0.0010448
6994 6991 0.0010448
6991 6992 0.00011305
6995 6992 0.00011305
7000 6992 0.00011305
6987 6993 0.00072781
6992 6993 0.00072781
6994 6993 0.00072781
6993 6994 0.00065119
6996 6994 0.00065119
6998 6994 0.00065119
7001 6994 0.00065119
6993 6995 0.00027416
6996 6995 0.00027416
6998 6995 0.00027416
7001 6995 0.00027416
6991 6996 0.00090243
6995 6996 0.00090243
7000 6996 0.00090243
6993 6997 0.001367
6996 6997 0.001367
6998 6997 0.001367
7001 6997 0.001367
6997 6998 0.00035867
7090 6998 0.00035867
7091 6998 0.00035867
6991 6999 0.00035733
6995 6999 0.00035733
7000 6999 0.00035733
6999 7001 0.00035733
7002 7001 0.00035733
7004 7001 0.00035733
3316 7006 0.00015122
7005 7006 0.00015122
7008 7006 0.00015122
7088 7006 0.00015122
6971 7063 0.0087471
6974 7063 0.0087471
7064 7063 0.0087471
6229 7064 0.0071734
6979 7064 0.0071734
7063 7064 0.0071734
6969 7065 0.012479
6972 7065 0.012479
6975 7065 0.012479
7066 7065 0.012479
6980 7066 0.0025209
7065 7066 0.0025209
7098 7066 0.0025209
2366 7085 0.00030022
7006 7085 0.00030022
7086 7085 0.00030022
3316 7087 0.0032229
7005 7087 0.0032229
7008 7087 0.0032229
7088 7087 0.0032229
6997 7089 0.0031727
7090 7089 0.0031727
7091 7089 0.0031727
3318 7091 0.0032706
6983 7091 0.0032706
7092 7091 0.0032706
6997 7092 0.0011265
7090 7092 0.0011265
7091 7092 0.0011265
547 7093 0.0056441
2073 7093 0.0056441
7094 7093 0.0056441
3319 7094 0.0093838
5985 7094 0.0093838
7093 7094 0.0093838
7095 7094 0.0093838
3320 7095 0.013422
6977 7095 0.013422
7096 7095 0.013422
3319 7096 0.0063568
5985 7096 0.0063568
7093 7096 0.0063568
7095 7096 0.0063568
6980 7097 1.013
7065 7097 1.013
7098 7097 1.013
3321 7098 0.0047882
3322 7098 0.0047882
7097 7098 0.0047882
5824 7099 0.10696
6964 7099 0.10696
7100 7099 0.10696
3325 7100 0.24806
3326 7100 0.24806
7099 7100 0.24806
5822 7101 0.017503
6963 7101 0.017503
7102 7101 0.017503
7104 7101 0.017503
6965 7102 0.077421
6968 7102 0.077421
7101 7102 0.077421
5822 7103 0.25404
6963 7103 0.25404
7102 7103 0.25404
7104 7103 0.25404
3323 7104 0.14111
3324 7104 0.14111
7103 7104 0.14111
5954 7112 0.0013047
6370 7112 0.0013047
6388 7112 0.0013047
7111 7112 0.0013047
3713 7113 0.00032803
6921 7113 0.00032803
7114 7113 0.00032803
2146 7114 0.00042892
3712 7114 0.00042892
4663 7114 0.00042892
7113 7114 0.00042892
416 7149 0.0034104
3096 7149 0.0034104
7148 7149 0.0034104
3087 7150 0.0013822
7151 7150 0.0013822
6952 7160 0.0012151
7161 7160 0.0012151
7162 7160 0.0012151
2356 7161 0.0023198
2359 7161 0.0023198
6362 7161 0.0023198
7160 7161 0.0023198
6939 7162 0.00046346
7067 7162 0.00046346
7163 7162 0.00046346
7164 7162 0.00046346
6952 7163 0.0024228
7161 7163 0.0024228
7162 7163 0.0024228
6363 7164 0.00018927
6943 7164 0.00018927
7165 7164 0.00018927
6939 7165 0.0018208
7067 7165 0.0018208
7163 7165 0.0018208
7164 7165 0.0018208
3353 7221 0.92222
3355 7221 0.92222
7220 7221 0.92222
1572 7222 0.00025007
7223 7222 0.00025007
7222 7224 0.00025007
7225 7224 0.00025007
