786 785 0.046272
2261 785 0.046272
2264 785 0.046272
3989 785 0.046272
785 786 0.054779
3973 786 0.054779
3976 786 0.054779
3977 786 0.054779
975 974 0.99944
1006 974 0.99944
1009 974 0.99944
976 977 0.00062388
2871 977 0.00062388
4804 977 0.00062388
1003 1002 0.00060749
3969 1002 0.00060749
3971 1002 0.00060749
1004 1005 0.00060749
1007 1005 0.00060749
3965 1005 0.00060749
975 1007 0.00060749
1006 1007 0.00060749
1009 1007 0.00060749
1008 1009 1
1011 1009 1
3957 1009 1
1008 1010 0.00034823
1011 1010 0.00034823
3957 1010 0.00034823
1010 1011 0.06581
1013 1011 0.06581
1296 1011 0.06581
1010 1012 0.00034823
1013 1012 0.00034823
1296 1012 0.00034823
1012 1013 0.06581
1015 1013 0.06581
1706 1013 0.06581
1012 1014 0.00056115
1015 1014 0.00056115
1706 1014 0.00056115
1014 1015 0.06313
1298 1015 0.06313
3592 1015 0.06313
5085 1129 0.0015716
5267 1129 0.0015716
131 1268 0.00019893
1269 1268 0.00019893
1270 1268 0.00019893
1271 1270 0.00019893
1274 1270 0.00019893
3169 1270 0.00019893
1273 1272 0.00020786
1276 1272 0.00020786
3172 1272 0.00020786
1272 1273 0.00019941
1275 1273 0.00019941
3170 1273 0.00019941
1272 1274 0.00019893
1275 1274 0.00019893
3170 1274 0.00019893
1277 1276 0.00028623
1278 1276 0.00028623
2869 1276 0.00028623
1273 1277 0.00085298
1276 1277 0.00085298
3172 1277 0.00085298
1279 1278 0.038897
1280 1278 0.038897
3174 1278 0.038897
1277 1279 0.00037275
1278 1279 0.00037275
2869 1279 0.00037275
1281 1280 0.039028
1284 1280 0.039028
3178 1280 0.039028
1279 1281 0.0013682
1280 1281 0.0013682
3174 1281 0.0013682
1283 1282 1
1708 1282 1
4653 1282 1
1282 1284 0.040769
1285 1284 0.040769
3954 1284 0.040769
1281 1285 0.0014789
1284 1285 0.0014789
3178 1285 0.0014789
1292 1293 0.0029554
1703 1293 0.0029554
3183 1293 0.0029554
1299 1298 0.033695
3955 1298 0.033695
3956 1298 0.033695
1014 1299 0.0075217
1298 1299 0.0075217
3592 1299 0.0075217
1267 1699 0.00019827
1268 1699 0.00019827
1700 1699 0.00019827
1288 1701 0.00021005
1699 1701 0.00021005
1702 1701 0.00021005
130 1703 0.00029483
1701 1703 0.00029483
1704 1703 0.00029483
1293 1706 0.0029554
1294 1706 0.0029554
1705 1706 0.0029554
1709 1711 0.0017976
1712 1711 0.0017976
3179 1711 0.0017976
1711 1712 0.00016808
1714 1712 0.00016808
3175 1712 0.00016808
1711 1713 0.0008216
1714 1713 0.0008216
3175 1713 0.0008216
2259 2261 0.00039416
2262 2261 0.00039416
5859 2261 0.00039416
786 2262 0.0012724
2261 2262 0.0012724
2264 2262 0.0012724
3989 2262 0.0012724
786 2263 0.055927
2261 2263 0.055927
2264 2263 0.055927
3989 2263 0.055927
2263 2264 0.047419
2266 2264 0.047419
3959 2264 0.047419
2263 2265 1.0086
2266 2265 1.0086
3959 2265 1.0086
2265 2266 0.00012945
2268 2266 0.00012945
3975 2266 0.00012945
2265 2267 1
2268 2267 1
3975 2267 1
1277 2870 0.039105
1278 2870 0.039105
2869 2870 0.039105
1002 2871 0.00060749
2872 2871 0.00060749
3967 2871 0.00060749
1717 3170 0.00020582
3171 3170 0.00020582
3176 3170 0.00020582
1713 3172 0.00066481
3173 3172 0.00066481
3177 3172 0.00066481
1711 3174 0.0013989
1714 3174 0.0013989
3175 3174 0.0013989
1279 3175 0.00053461
1280 3175 0.00053461
3174 3175 0.00053461
1713 3176 0.00020582
3173 3176 0.00020582
3177 3176 0.00020582
1709 3178 0.00016808
1712 3178 0.00016808
3179 3178 0.00016808
1281 3179 0.0017976
1284 3179 0.0017976
3178 3179 0.0017976
1292 3182 0.00026846
1703 3182 0.00026846
3183 3182 0.00026846
3182 3183 0.0029641
3591 3183 0.0029641
3594 3183 0.0029641
1014 3591 0.00080833
1298 3591 0.00080833
3592 3591 0.00080833
3182 3592 0.037204
3591 3592 0.037204
3594 3592 0.037204
2870 3594 0.039105
3181 3594 0.039105
3593 3594 0.039105
3343 3640 0.00014434
3639 3640 0.00014434
3962 3640 0.00014434
1282 3955 0.96073
1285 3955 0.96073
3954 3955 0.96073
1008 3956 0.00030459
1011 3956 0.00030459
3957 3956 0.00030459
1299 3957 0.93484
3955 3957 0.93484
3956 3957 0.93484
4686 3959 1
4685 3962 0.00015744
5086 3962 0.00015744
1129 3964 0.00025023
3963 3964 0.00025023
559 3971 0.00060749
1005 3971 0.00060749
3972 3971 0.00060749
785 3975 0.046272
3973 3975 0.046272
3976 3975 0.046272
3977 3975 0.046272
2265 3976 0.054779
2268 3976 0.054779
3975 3976 0.054779
2859 3989 0.0012671
3990 3989 0.0012671
3991 3989 0.0012671
786 3990 0.00038886
2261 3990 0.00038886
2264 3990 0.00038886
3989 3990 0.00038886
3166 3991 0.0012671
3992 3991 0.0012671
3993 3991 0.0012671
2859 3992 0.00038886
3990 3992 0.00038886
3991 3992 0.00038886
3994 3993 0.0012671
3995 3993 0.0012671
3999 3993 0.0012671
3166 3994 0.00038886
3992 3994 0.00038886
3993 3994 0.00038886
3998 3997 0.00038886
4000 3997 0.00038886
3997 3998 0.0012671
4651 3998 0.0012671
5860 3998 0.0012671
3998 3999 0.0012671
4000 3999 0.0012671
3994 4000 0.00038886
3995 4000 0.00038886
3999 4000 0.00038886
2267 4653 1
4652 4653 1
6743 4686 1
4685 5085 0.0014144
5086 5085 0.0014144
5087 5086 0.0015716
5271 5086 0.0015716
1129 5087 1.0013
3963 5087 1.0013
3638 5267 0.00015734
3640 5267 0.00015734
5268 5267 0.00015734
3964 5271 0.00025023
6738 5271 0.00025023
3997 5859 0.00038886
4651 5859 0.00038886
5860 5859 0.00038886
2259 5860 0.0012671
2262 5860 0.0012671
5859 5860 0.0012671
5087 6743 1
5271 6743 1
