786 785 0.046271
2261 785 0.046271
2264 785 0.046271
3989 785 0.046271
785 786 0.054778
3973 786 0.054778
3976 786 0.054778
3977 786 0.054778
975 974 0.99941
1006 974 0.99941
1009 974 0.99941
976 977 0.0006498
2871 977 0.0006498
4804 977 0.0006498
1003 1002 0.00060747
3969 1002 0.00060747
3971 1002 0.00060747
1004 1005 0.00060747
1007 1005 0.00060747
3965 1005 0.00060747
975 1007 0.00060747
1006 1007 0.00060747
1009 1007 0.00060747
1008 1009 0.99997
1011 1009 0.99997
3957 1009 0.99997
1008 1010 0.00034822
1011 1010 0.00034822
3957 1010 0.00034822
1010 1011 0.065808
1013 1011 0.065808
1296 1011 0.065808
1010 1012 0.00034822
1013 1012 0.00034822
1296 1012 0.00034822
1012 1013 0.065808
1015 1013 0.065808
1706 1013 0.065808
1012 1014 0.00056114
1015 1014 0.00056114
1706 1014 0.00056114
1014 1015 0.063128
1298 1015 0.063128
3592 1015 0.063128
5085 1129 1.0015
5267 1129 1.0015
131 1268 0.00019893
1269 1268 0.00019893
1270 1268 0.00019893
1271 1270 0.00019893
1274 1270 0.00019893
3169 1270 0.00019893
1273 1272 0.00020786
1276 1272 0.00020786
3172 1272 0.00020786
1272 1273 0.00019941
1275 1273 0.00019941
3170 1273 0.00019941
1272 1274 0.00019893
1275 1274 0.00019893
3170 1274 0.00019893
1277 1276 0.00028622
1278 1276 0.00028622
2869 1276 0.00028622
1273 1277 0.00085296
1276 1277 0.00085296
3172 1277 0.00085296
1279 1278 0.038896
1280 1278 0.038896
3174 1278 0.038896
1277 1279 0.00037274
1278 1279 0.00037274
2869 1279 0.00037274
1281 1280 0.039027
1284 1280 0.039027
3178 1280 0.039027
1279 1281 0.0013681
1280 1281 0.0013681
3174 1281 0.0013681
1283 1282 0.99997
1708 1282 0.99997
4653 1282 0.99997
1282 1284 0.040768
1285 1284 0.040768
3954 1284 0.040768
1281 1285 0.0014789
1284 1285 0.0014789
3178 1285 0.0014789
1292 1293 0.0029553
1703 1293 0.0029553
3183 1293 0.0029553
1299 1298 0.033694
3955 1298 0.033694
3956 1298 0.033694
1014 1299 0.0075215
1298 1299 0.0075215
3592 1299 0.0075215
1528 1530 0.00083819
1531 1530 0.00083819
3303 1530 0.00083819
1267 1699 0.00019827
1268 1699 0.00019827
1700 1699 0.00019827
1288 1701 0.00021004
1699 1701 0.00021004
1702 1701 0.00021004
130 1703 0.00029483
1701 1703 0.00029483
1704 1703 0.00029483
1293 1706 0.0029553
1294 1706 0.0029553
1705 1706 0.0029553
1709 1711 0.0017975
1712 1711 0.0017975
3179 1711 0.0017975
1711 1712 0.00016807
1714 1712 0.00016807
3175 1712 0.00016807
1711 1713 0.00082157
1714 1713 0.00082157
3175 1713 0.00082157
2259 2261 0.00039415
2262 2261 0.00039415
5859 2261 0.00039415
786 2262 0.0012723
2261 2262 0.0012723
2264 2262 0.0012723
3989 2262 0.0012723
786 2263 0.055925
2261 2263 0.055925
2264 2263 0.055925
3989 2263 0.055925
2263 2264 0.047418
2266 2264 0.047418
3959 2264 0.047418
2263 2265 1.0086
2266 2265 1.0086
3959 2265 1.0086
2265 2266 0.00012945
2268 2266 0.00012945
3975 2266 0.00012945
2265 2267 0.99998
2268 2267 0.99998
3975 2267 0.99998
2353 2352 0.00023522
3337 2352 0.00023522
1530 2849 0.00085436
1533 2849 0.00085436
2850 2849 0.00085436
600 2850 0.00010247
2849 2850 0.00010247
3344 2850 0.00010247
3345 2850 0.00010247
1277 2870 0.039104
1278 2870 0.039104
2869 2870 0.039104
1002 2871 0.00060747
2872 2871 0.00060747
3967 2871 0.00060747
3124 3123 0.00010394
3307 3123 0.00010394
3308 3123 0.00010394
3637 3123 0.00010394
3123 3124 0.0001167
3126 3124 0.0001167
3312 3124 0.0001167
3137 3138 0.0030086
3302 3138 0.0030086
3338 3138 0.0030086
1717 3170 0.00020582
3171 3170 0.00020582
3176 3170 0.00020582
1713 3172 0.0006648
3173 3172 0.0006648
3177 3172 0.0006648
1711 3174 0.0013988
1714 3174 0.0013988
3175 3174 0.0013988
1279 3175 0.00053459
1280 3175 0.00053459
3174 3175 0.00053459
1713 3176 0.00020582
3173 3176 0.00020582
3177 3176 0.00020582
1709 3178 0.00016807
1712 3178 0.00016807
3179 3178 0.00016807
1281 3179 0.0017975
1284 3179 0.0017975
3178 3179 0.0017975
1292 3182 0.00026846
1703 3182 0.00026846
3183 3182 0.00026846
3182 3183 0.002964
3591 3183 0.002964
3594 3183 0.002964
3137 3303 0.00083819
3302 3303 0.00083819
3338 3303 0.00083819
3136 3304 0.00039871
3305 3304 0.00039871
3306 3304 0.00039871
3124 3306 0.00039487
3307 3306 0.00039487
3308 3306 0.00039487
3637 3306 0.00039487
3136 3307 0.00012799
3305 3307 0.00012799
3306 3307 0.00012799
3137 3337 0.00028809
3302 3337 0.00028809
3338 3337 0.00028809
3343 3338 0.0040878
3639 3338 0.0040878
3962 3338 0.0040878
600 3343 0.00092789
2849 3343 0.00092789
3344 3343 0.00092789
3345 3343 0.00092789
3343 3344 0.00012989
3639 3344 0.00012989
3962 3344 0.00012989
1014 3591 0.00080831
1298 3591 0.00080831
3592 3591 0.00080831
3182 3592 0.037203
3591 3592 0.037203
3594 3592 0.037203
2870 3594 0.039104
3181 3594 0.039104
3593 3594 0.039104
3638 3637 0.00057748
3640 3637 0.00057748
5268 3637 0.00057748
3124 3638 0.00024523
3307 3638 0.00024523
3308 3638 0.00024523
3637 3638 0.00024523
3343 3640 0.036215
3639 3640 0.036215
3962 3640 0.036215
1282 3955 0.96071
1285 3955 0.96071
3954 3955 0.96071
1008 3956 0.00030458
1011 3956 0.00030458
3957 3956 0.00030458
1299 3957 0.93482
3955 3957 0.93482
3956 3957 0.93482
4686 3959 0.99997
4685 3962 0.039501
5086 3962 0.039501
1129 3964 0.15946
3963 3964 0.15946
559 3971 0.00060747
1005 3971 0.00060747
3972 3971 0.00060747
785 3975 0.046271
3973 3975 0.046271
3976 3975 0.046271
3977 3975 0.046271
2265 3976 0.054778
2268 3976 0.054778
3975 3976 0.054778
2859 3989 0.001267
3990 3989 0.001267
3991 3989 0.001267
786 3990 0.00038885
2261 3990 0.00038885
2264 3990 0.00038885
3989 3990 0.00038885
3166 3991 0.001267
3992 3991 0.001267
3993 3991 0.001267
2859 3992 0.00038885
3990 3992 0.00038885
3991 3992 0.00038885
3994 3993 0.001267
3995 3993 0.001267
3999 3993 0.001267
3166 3994 0.00038885
3992 3994 0.00038885
3993 3994 0.00038885
3998 3997 0.00038885
4000 3997 0.00038885
3997 3998 0.001267
4651 3998 0.001267
5860 3998 0.001267
3998 3999 0.001267
4000 3999 0.001267
3994 4000 0.00038885
3995 4000 0.00038885
3999 4000 0.00038885
2267 4653 0.99998
4652 4653 0.99998
6742 4685 1
6743 4686 0.99997
4685 5085 0.96207
5086 5085 0.96207
5087 5086 0.0015716
5271 5086 0.0015716
1129 5087 0.84209
3963 5087 0.84209
3638 5267 0.039477
3640 5267 0.039477
5268 5267 0.039477
3138 5268 0.0035981
5832 5268 0.0035981
6422 5268 0.0035981
3964 5271 0.15946
6738 5271 0.15946
2352 5832 0.00026403
2355 5832 0.00026403
5269 5832 0.00026403
3997 5859 0.00038885
4651 5859 0.00038885
5860 5859 0.00038885
2259 5860 0.001267
2262 5860 0.001267
5859 5860 0.001267
3304 6422 0.00040907
6420 6422 0.00040907
6421 6422 0.00040907
1707 6742 1
4655 6742 1
5087 6743 0.99997
5271 6743 0.99997
