163 164 0.00065098
172 164 0.00065098
173 164 0.00065098
165 166 0.00055651
792 166 0.00055651
5799 166 0.00055651
167 168 0.0022143
6703 168 0.0022143
168 170 0.0021847
169 170 0.0021847
3294 170 0.0021847
151 172 0.0021878
170 172 0.0021878
171 172 0.0021878
163 174 0.0015697
172 174 0.0015697
173 174 0.0015697
174 176 0.001612
175 176 0.001612
793 176 0.001612
166 180 0.00063764
179 180 0.00063764
4590 180 0.00063764
786 785 0.046169
2261 785 0.046169
2264 785 0.046169
3989 785 0.046169
785 786 0.054658
3973 786 0.054658
3976 786 0.054658
3977 786 0.054658
164 792 0.00066616
791 792 0.00066616
1107 792 0.00066616
794 793 0.00018785
4589 793 0.00018785
5798 793 0.00018785
174 794 0.00015887
175 794 0.00015887
793 794 0.00015887
975 974 0.99723
1006 974 0.99723
1009 974 0.99723
976 977 0.0028366
2871 977 0.0028366
4804 977 0.0028366
1003 1002 0.00060614
3969 1002 0.00060614
3971 1002 0.00060614
1004 1005 0.00060614
1007 1005 0.00060614
3965 1005 0.00060614
975 1007 0.00060615
1006 1007 0.00060615
1009 1007 0.00060615
1008 1009 0.99778
1011 1009 0.99778
3957 1009 0.99778
1008 1010 0.00034746
1011 1010 0.00034746
3957 1010 0.00034746
1010 1011 0.065664
1013 1011 0.065664
1296 1011 0.065664
1010 1012 0.00034746
1013 1012 0.00034746
1296 1012 0.00034746
1012 1013 0.065664
1015 1013 0.065664
1706 1013 0.065664
1012 1014 0.00055992
1015 1014 0.00055992
1706 1014 0.00055992
1014 1015 0.06299
1298 1015 0.06299
3592 1015 0.06299
5085 1129 0.99933
5267 1129 0.99933
1232 1233 0.002113
7249 1233 0.002113
1235 1234 0.00010226
7248 1234 0.00010226
7250 1234 0.00010226
131 1268 0.00019849
1269 1268 0.00019849
1270 1268 0.00019849
1271 1270 0.00019849
1274 1270 0.00019849
3169 1270 0.00019849
1273 1272 0.0002074
1276 1272 0.0002074
3172 1272 0.0002074
1272 1273 0.00019899
1275 1273 0.00019899
3170 1273 0.00019899
1272 1274 0.00019849
1275 1274 0.00019849
3170 1274 0.00019849
1277 1276 0.00028559
1278 1276 0.00028559
2869 1276 0.00028559
1273 1277 0.00085112
1276 1277 0.00085112
3172 1277 0.00085112
1279 1278 0.038811
1280 1278 0.038811
3174 1278 0.038811
1277 1279 0.00037194
1278 1279 0.00037194
2869 1279 0.00037194
1281 1280 0.038942
1284 1280 0.038942
3178 1280 0.038942
1279 1281 0.0013651
1280 1281 0.0013651
3174 1281 0.0013651
1283 1282 0.99779
1708 1282 0.99779
4653 1282 0.99779
1282 1284 0.040678
1285 1284 0.040678
3954 1284 0.040678
1281 1285 0.0014757
1284 1285 0.0014757
3178 1285 0.0014757
1292 1293 0.0029489
1703 1293 0.0029489
3183 1293 0.0029489
1299 1298 0.03362
3955 1298 0.03362
3956 1298 0.03362
1014 1299 0.0075051
1298 1299 0.0075051
3592 1299 0.0075051
978 1464 0.0022205
1465 1464 0.0022205
1118 1465 0.00222
5262 1465 0.00222
1529 1528 1
1528 1530 0.31414
1531 1530 0.31414
3303 1530 0.31414
1530 1532 0.0031211
1533 1532 0.0031211
2850 1532 0.0031211
1532 1533 0.00016308
2851 1533 0.00016308
3339 1533 0.00016308
1267 1699 0.00019806
1268 1699 0.00019806
1700 1699 0.00019806
1288 1701 0.0002098
1699 1701 0.0002098
1702 1701 0.0002098
130 1703 0.00029441
1701 1703 0.00029441
1704 1703 0.00029441
1293 1706 0.0029489
1294 1706 0.0029489
1705 1706 0.0029489
1709 1711 0.0017936
1712 1711 0.0017936
3179 1711 0.0017936
1711 1712 0.00016771
1714 1712 0.00016771
3175 1712 0.00016771
1711 1713 0.00081978
1714 1713 0.00081978
3175 1713 0.00081978
2259 2261 0.00039329
2262 2261 0.00039329
5859 2261 0.00039329
786 2262 0.0012695
2261 2262 0.0012695
2264 2262 0.0012695
3989 2262 0.0012695
786 2263 0.055803
2261 2263 0.055803
2264 2263 0.055803
3989 2263 0.055803
2263 2264 0.047314
2266 2264 0.047314
3959 2264 0.047314
2263 2265 1.0064
2266 2265 1.0064
3959 2265 1.0064
2265 2266 0.00012916
2268 2266 0.00012916
3975 2266 0.00012916
2265 2267 0.99779
2268 2267 0.99779
3975 2267 0.99779
2353 2352 0.020002
3337 2352 0.020002
2352 2354 0.00030303
2355 2354 0.00030303
5269 2354 0.00030303
2354 2355 0.00031746
2357 2355 0.00031746
2356 2357 0.00032224
2359 2357 0.00032224
6362 2357 0.00032224
7160 2357 0.00032224
2078 2359 0.00018186
2358 2359 0.00018186
2361 2359 0.00018186
6371 2359 0.00018186
2753 2752 0.0022151
3327 2752 0.0022151
5237 2752 0.0022151
1530 2849 0.31122
1533 2849 0.31122
2850 2849 0.31122
1277 2870 0.039018
1278 2870 0.039018
2869 2870 0.039018
1002 2871 0.00060614
2872 2871 0.00060614
3967 2871 0.00060614
3107 3109 0.0019749
3110 3109 0.0019749
3309 3109 0.0019749
3310 3109 0.0019749
3109 3110 0.00023391
3112 3110 0.00023391
3313 3110 0.00023391
3314 3110 0.00023391
3109 3111 0.00037462
3112 3111 0.00037462
3313 3111 0.00037462
3314 3111 0.00037462
3121 3122 0.0017014
3328 3122 0.0017014
3329 3122 0.0017014
3124 3123 0.0018178
3307 3123 0.0018178
3308 3123 0.0018178
3637 3123 0.0018178
3123 3124 0.0030569
3126 3124 0.0030569
3312 3124 0.0030569
3123 3125 0.0015117
3126 3125 0.0015117
3312 3125 0.0015117
3125 3126 0.0013078
3128 3126 0.0013078
5949 3126 0.0013078
3125 3127 0.0004215
3128 3127 0.0004215
5949 3127 0.0004215
3127 3128 0.00062207
3130 3128 0.00062207
6380 3128 0.00062207
6381 3128 0.00062207
3136 3135 0.00088565
3305 3135 0.00088565
3306 3135 0.00088565
3135 3136 0.0013986
5948 3136 0.0013986
5953 3136 0.0013986
3138 3137 0.00025559
5832 3137 0.00025559
6422 3137 0.00025559
3137 3138 0.67496
3302 3138 0.67496
3338 3138 0.67496
3142 3141 0.00016534
6414 3141 0.00016534
6415 3141 0.00016534
3141 3142 0.00020242
3144 3142 0.00020242
4787 3142 0.00020242
3141 3143 0.00011683
3144 3143 0.00011683
4787 3143 0.00011683
3143 3144 0.00019425
3146 3144 0.00019425
6374 3144 0.00019425
6375 3144 0.00019425
1717 3170 0.00020537
3171 3170 0.00020537
3176 3170 0.00020537
1713 3172 0.00066334
3173 3172 0.00066334
3177 3172 0.00066334
1711 3174 0.0013958
1714 3174 0.0013958
3175 3174 0.0013958
1279 3175 0.00053342
1280 3175 0.00053342
3174 3175 0.00053342
1713 3176 0.00020537
3173 3176 0.00020537
3177 3176 0.00020537
1709 3178 0.00016771
1712 3178 0.00016771
3179 3178 0.00016771
1281 3179 0.0017936
1284 3179 0.0017936
3178 3179 0.0017936
1292 3182 0.00026803
1703 3182 0.00026803
3183 3182 0.00026803
3182 3183 0.0029576
3591 3183 0.0029576
3594 3183 0.0029576
1528 3302 0.68883
1531 3302 0.68883
3303 3302 0.68883
3137 3303 0.0029283
3302 3303 0.0029283
3338 3303 0.0029283
3136 3304 0.0059876
3305 3304 0.0059876
3306 3304 0.0059876
3304 3305 0.015659
6420 3305 0.015659
6421 3305 0.015659
3124 3306 0.0058695
3307 3306 0.0058695
3308 3306 0.0058695
3637 3306 0.0058695
3136 3307 0.016054
3305 3307 0.016054
3306 3307 0.016054
3107 3308 0.00023391
3110 3308 0.00023391
3309 3308 0.00023391
3310 3308 0.00023391
3124 3309 0.0019749
3307 3309 0.0019749
3308 3309 0.0019749
3637 3309 0.0019749
3109 3312 0.0018115
3112 3312 0.0018115
3313 3312 0.0018115
3314 3312 0.0018115
3123 3313 0.0003685
3126 3313 0.0003685
3312 3313 0.0003685
2353 3328 0.0045001
3337 3328 0.0045001
3137 3337 0.024498
3302 3337 0.024498
3338 3337 0.024498
3343 3338 0.013298
3639 3338 0.013298
3962 3338 0.013298
3340 3339 0.00016308
3342 3339 0.00016308
3960 3339 0.00016308
1532 3340 0.0031211
2851 3340 0.0031211
3339 3340 0.0031211
3340 3341 0.0031211
3342 3341 0.0031211
3960 3341 0.0031211
3341 3342 0.00016308
3346 3342 0.00016308
4684 3342 0.00016308
600 3343 0.31414
2849 3343 0.31414
3344 3343 0.31414
3345 3343 0.31414
3341 3345 0.003121
3346 3345 0.003121
4684 3345 0.003121
600 3346 0.00017491
2849 3346 0.00017491
3344 3346 0.00017491
3345 3346 0.00017491
1014 3591 0.00080655
1298 3591 0.00080655
3592 3591 0.00080655
3182 3592 0.037122
3591 3592 0.037122
3594 3592 0.037122
2870 3594 0.039018
3181 3594 0.039018
3593 3594 0.039018
3638 3637 0.008561
3640 3637 0.008561
5268 3637 0.008561
3124 3638 0.018243
3307 3638 0.018243
3308 3638 0.018243
3637 3638 0.018243
3638 3639 0.00062775
3640 3639 0.00062775
5268 3639 0.00062775
3343 3640 0.30157
3639 3640 0.30157
3962 3640 0.30157
1282 3955 0.9586
1285 3955 0.9586
3954 3955 0.9586
1008 3956 0.00030391
1011 3956 0.00030391
3957 3956 0.00030391
1299 3957 0.93277
3955 3957 0.93277
3956 3957 0.93277
4686 3959 0.99779
4685 3962 0.00015709
5086 3962 0.00015709
1129 3964 0.15911
3963 3964 0.15911
559 3971 0.00060614
1005 3971 0.00060614
3972 3971 0.00060614
785 3975 0.046169
3973 3975 0.046169
3976 3975 0.046169
3977 3975 0.046169
2265 3976 0.054658
2268 3976 0.054658
3975 3976 0.054658
2859 3989 0.0012643
3990 3989 0.0012643
3991 3989 0.0012643
786 3990 0.000388
2261 3990 0.000388
2264 3990 0.000388
3989 3990 0.000388
3166 3991 0.0012643
3992 3991 0.0012643
3993 3991 0.0012643
2859 3992 0.000388
3990 3992 0.000388
3991 3992 0.000388
3994 3993 0.0012643
3995 3993 0.0012643
3999 3993 0.0012643
3166 3994 0.000388
3992 3994 0.000388
3993 3994 0.000388
3998 3997 0.000388
4000 3997 0.000388
3997 3998 0.0012643
4651 3998 0.0012643
5860 3998 0.0012643
3998 3999 0.0012643
4000 3999 0.0012643
3994 4000 0.000388
3995 4000 0.000388
3999 4000 0.000388
166 4589 0.00013203
179 4589 0.00013203
4590 4589 0.00013203
794 4590 0.00021264
4589 4590 0.00021264
5798 4590 0.00021264
2267 4653 0.99779
4652 4653 0.99779
6743 4686 0.99779
176 4804 0.0022322
4803 4804 0.0022322
6267 4804 0.0022322
6269 4804 0.0022322
4685 5085 0.0014112
5086 5085 0.0014112
5087 5086 0.0015681
5271 5086 0.0015681
1129 5087 0.84024
3963 5087 0.84024
3121 5237 0.0028135
3328 5237 0.0028135
3329 5237 0.0028135
5261 5262 0.0022151
5264 5262 0.0022151
6120 5262 0.0022151
5263 5264 0.0022151
5266 5264 0.0022151
5265 5266 0.0022151
5585 5266 0.0022151
6124 5266 0.0022151
3638 5267 0.99793
3640 5267 0.99793
5268 5267 0.99793
3138 5268 0.6873
5832 5268 0.6873
6422 5268 0.6873
3122 5269 0.0025239
5270 5269 0.0025239
6233 5269 0.0025239
2753 5270 0.00060459
3327 5270 0.00060459
5237 5270 0.00060459
3964 5271 0.15912
6738 5271 0.15912
1233 5583 0.0021123
5580 5583 0.0021123
5582 5583 0.0021123
5578 5585 0.002113
5583 5585 0.002113
5584 5585 0.002113
165 5798 0.00023465
792 5798 0.00023465
5799 5798 0.00023465
794 5799 0.00012506
4589 5799 0.00012506
5798 5799 0.00012506
5818 5819 0.00010194
6126 5819 0.00010194
6128 5819 0.00010194
2352 5832 0.022536
2355 5832 0.022536
5269 5832 0.022536
3997 5859 0.000388
4651 5859 0.000388
5860 5859 0.000388
2259 5860 0.0012643
2262 5860 0.0012643
5859 5860 0.0012643
3125 5948 0.0011572
3128 5948 0.0011572
5949 5948 0.0011572
3135 5949 0.00075266
5948 5949 0.00075266
5953 5949 0.00075266
3135 5952 0.00034242
5948 5952 0.00034242
5953 5952 0.00034242
5952 5953 0.00045091
6378 5953 0.00045091
6379 5953 0.00045091
1234 6118 0.00010226
5816 6118 0.00010226
6117 6118 0.00010226
5819 6124 0.00010246
5821 6124 0.00010246
6123 6124 0.00010246
4020 6231 0.00019743
6232 6231 0.00019743
6351 6231 0.00019743
6231 6233 0.000253
6234 6233 0.000253
6354 6233 0.000253
180 6267 0.00063954
181 6267 0.00063954
6268 6267 0.00063954
950 6351 0.00018106
6352 6351 0.00018106
6353 6351 0.00018106
6356 6351 0.00018106
2354 6353 0.00025308
2357 6353 0.00025308
3140 6371 0.00018492
6372 6371 0.00018492
6373 6371 0.00018492
6407 6371 0.00018492
3143 6373 0.00019096
3146 6373 0.00019096
6374 6373 0.00019096
6375 6373 0.00019096
6376 6375 0.00034395
6377 6375 0.00034395
6417 6375 0.00034395
5952 6377 0.00036023
6378 6377 0.00036023
6379 6377 0.00036023
6376 6378 0.00036975
6377 6378 0.00036975
6417 6378 0.00036975
3127 6379 0.00040007
3130 6379 0.00040007
6380 6379 0.00040007
6381 6379 0.00040007
5952 6380 0.0003011
6378 6380 0.0003011
6379 6380 0.0003011
3111 6381 0.00032976
3114 6381 0.00032976
6382 6381 0.00032976
6383 6381 0.00032976
5834 6411 0.0001038
6412 6411 0.0001038
6413 6411 0.0001038
3142 6413 0.0001038
6414 6413 0.0001038
6415 6413 0.0001038
6416 6415 0.00026317
6418 6415 0.00026317
6419 6415 0.00026317
3142 6416 0.00027033
6414 6416 0.00027033
6415 6416 0.00027033
6416 6417 0.00062941
6418 6417 0.00062941
6419 6417 0.00062941
6376 6418 0.00035884
6377 6418 0.00035884
6417 6418 0.00035884
3304 6419 0.00088471
6420 6419 0.00088471
6421 6419 0.00088471
6416 6420 0.0006213
6418 6420 0.0006213
6419 6420 0.0006213
3138 6421 0.01645
5832 6421 0.01645
6422 6421 0.01645
3304 6422 0.0065152
6420 6422 0.0065152
6421 6422 0.0065152
1464 6703 0.0022143
6702 6703 0.0022143
5087 6743 0.99779
5271 6743 0.99779
6952 7160 0.00010623
7161 7160 0.00010623
7162 7160 0.00010623
1235 7249 0.002113
7248 7249 0.002113
7250 7249 0.002113
2752 7250 0.0022151
7251 7250 0.0022151
