163 164 0.001665
172 164 0.001665
173 164 0.001665
165 166 0.0014154
792 166 0.0014154
5799 166 0.0014154
167 168 0.0056698
6703 168 0.0056698
168 170 0.0055939
169 170 0.0055939
3294 170 0.0055939
151 172 0.005602
170 172 0.005602
171 172 0.005602
163 174 0.0040186
172 174 0.0040186
173 174 0.0040186
174 176 0.0041234
175 176 0.0041234
793 176 0.0041234
166 180 0.0016124
179 180 0.0016124
4590 180 0.0016124
428 427 0.0008804
429 427 0.0008804
3089 427 0.0008804
5680 427 0.0008804
427 428 0.0029003
431 428 0.0029003
3097 428 0.0029003
2279 431 0.019528
5674 431 0.019528
7273 431 0.019528
427 432 0.0076679
431 432 0.0076679
3097 432 0.0076679
6878 434 0.98749
548 547 0.00011655
6226 547 0.00011655
6227 547 0.00011655
6230 547 0.00011655
547 548 0.00057098
2073 548 0.00057098
7094 548 0.00057098
568 567 0.00010615
4174 567 0.00010615
6435 567 0.00010615
786 785 0.046009
2261 785 0.046009
2264 785 0.046009
3989 785 0.046009
785 786 0.054469
3973 786 0.054469
3976 786 0.054469
3977 786 0.054469
164 792 0.0017038
791 792 0.0017038
1107 792 0.0017038
794 793 0.00047734
4589 793 0.00047734
5798 793 0.00047734
174 794 0.00039137
175 794 0.00039137
793 794 0.00039137
975 974 0.99377
1006 974 0.99377
1009 974 0.99377
976 977 0.0062912
2871 977 0.0062912
4804 977 0.0062912
995 994 0.00016261
6359 994 0.00016261
6360 994 0.00016261
994 995 0.00025187
997 995 0.00025187
2076 995 0.00025187
2077 995 0.00025187
994 996 0.00016772
997 996 0.00016772
2076 996 0.00016772
2077 996 0.00016772
996 997 0.00018804
3119 997 0.00018804
4790 997 0.00018804
6237 997 0.00018804
1003 1002 0.00060405
3969 1002 0.00060405
3971 1002 0.00060405
1004 1005 0.00060405
1007 1005 0.00060405
3965 1005 0.00060405
975 1007 0.00060405
1006 1007 0.00060405
1009 1007 0.00060405
1008 1009 0.99433
1011 1009 0.99433
3957 1009 0.99433
1008 1010 0.00034625
1011 1010 0.00034625
3957 1010 0.00034625
1010 1011 0.065437
1013 1011 0.065437
1296 1011 0.065437
1010 1012 0.00034625
1013 1012 0.00034625
1296 1012 0.00034625
1012 1013 0.065437
1015 1013 0.065437
1706 1013 0.065437
1012 1014 0.00055798
1015 1014 0.00055798
1706 1014 0.00055798
1014 1015 0.062772
1298 1015 0.062772
3592 1015 0.062772
1466 1117 0.0046067
2325 1117 0.0046067
434 1126 0.98781
5089 1126 0.98781
432 1127 0.0076056
5692 1127 0.0076056
5085 1129 0.006095
5267 1129 0.006095
1227 1226 0.0010172
7040 1226 0.0010172
7075 1226 0.0010172
7079 1226 0.0010172
1232 1233 0.00079489
7249 1233 0.00079489
131 1268 0.0001978
1269 1268 0.0001978
1270 1268 0.0001978
1271 1270 0.0001978
1274 1270 0.0001978
3169 1270 0.0001978
1273 1272 0.00020668
1276 1272 0.00020668
3172 1272 0.00020668
1272 1273 0.00019834
1275 1273 0.00019834
3170 1273 0.00019834
1272 1274 0.0001978
1275 1274 0.0001978
3170 1274 0.0001978
1277 1276 0.0002846
1278 1276 0.0002846
2869 1276 0.0002846
1273 1277 0.0008482
1276 1277 0.0008482
3172 1277 0.0008482
1279 1278 0.038677
1280 1278 0.038677
3174 1278 0.038677
1277 1279 0.00037067
1278 1279 0.00037067
2869 1279 0.00037067
1281 1280 0.038807
1284 1280 0.038807
3178 1280 0.038807
1279 1281 0.0013604
1280 1281 0.0013604
3174 1281 0.0013604
1283 1282 0.99433
1708 1282 0.99433
4653 1282 0.99433
1282 1284 0.040537
1285 1284 0.040537
3954 1284 0.040537
1281 1285 0.0014706
1284 1285 0.0014706
3178 1285 0.0014706
1292 1293 0.0029388
1703 1293 0.0029388
3183 1293 0.0029388
1299 1298 0.033503
3955 1298 0.033503
3956 1298 0.033503
1014 1299 0.0074791
1298 1299 0.0074791
3592 1299 0.0074791
978 1464 0.0056858
1465 1464 0.0056858
1118 1465 0.0056857
5262 1465 0.0056857
567 1466 0.00011731
1467 1466 0.00011731
1117 1468 0.0048427
2345 1468 0.0048427
1226 1537 0.00010835
1536 1537 0.00010835
4200 1537 0.00010835
1654 1653 0.0008292
2340 1653 0.0008292
2343 1653 0.0008292
1267 1699 0.00019773
1268 1699 0.00019773
1700 1699 0.00019773
1288 1701 0.0002094
1699 1701 0.0002094
1702 1701 0.0002094
130 1703 0.00029375
1701 1703 0.00029375
1704 1703 0.00029375
1293 1706 0.0029388
1294 1706 0.0029388
1705 1706 0.0029388
1709 1711 0.0017874
1712 1711 0.0017874
3179 1711 0.0017874
1711 1712 0.00016713
1714 1712 0.00016713
3175 1712 0.00016713
1711 1713 0.00081694
1714 1713 0.00081694
3175 1713 0.00081694
2072 2071 0.00013572
2074 2071 0.00013572
2075 2071 0.00013572
3906 2071 0.00013572
2071 2072 0.00016758
6238 2072 0.00016758
6239 2072 0.00016758
547 2074 0.0015396
2073 2074 0.0015396
7094 2074 0.0015396
2072 2076 0.0010315
2074 2076 0.0010315
2075 2076 0.0010315
3906 2076 0.0010315
994 2078 0.00092954
997 2078 0.00092954
2076 2078 0.00092954
2077 2078 0.00092954
2259 2261 0.00039193
2262 2261 0.00039193
5859 2261 0.00039193
786 2262 0.0012651
2261 2262 0.0012651
2264 2262 0.0012651
3989 2262 0.0012651
786 2263 0.055609
2261 2263 0.055609
2264 2263 0.055609
3989 2263 0.055609
2263 2264 0.04715
2266 2264 0.04715
3959 2264 0.04715
2263 2265 1.0029
2266 2265 1.0029
3959 2265 1.0029
2265 2266 0.00012871
2268 2266 0.00012871
3975 2266 0.00012871
2265 2267 0.99433
2268 2267 0.99433
3975 2267 0.99433
1126 2279 0.15588
2324 2325 0.0044896
7131 2325 0.0044896
2326 2327 0.0040675
7259 2327 0.0040675
2328 2329 0.0043043
7257 2329 0.0043043
2330 2331 0.004442
2333 2331 0.004442
5975 2331 0.004442
2332 2333 0.0044897
2335 2333 0.0044897
4216 2333 0.0044897
2334 2335 0.0045249
2337 2335 0.0045249
5977 2335 0.0045249
7152 2335 0.0045249
2336 2337 0.0047517
2339 2337 0.0047517
4709 2337 0.0047517
2338 2339 0.0046837
2341 2339 0.0046837
4198 2339 0.0046837
1654 2341 0.0069076
2340 2341 0.0069076
2343 2341 0.0069076
2342 2343 0.0076449
7057 2343 0.0076449
7074 2343 0.0076449
2344 2345 0.00024406
2347 2345 0.00024406
5906 2345 0.00024406
2346 2347 0.00012229
6960 2347 0.00012229
7108 2347 0.00012229
2348 2349 0.0032093
5239 2349 0.0032093
5739 2349 0.0032093
2351 2350 0.00031787
4656 2350 0.00031787
7014 2350 0.00031787
7087 2350 0.00031787
2354 2355 0.0016616
2357 2355 0.0016616
2356 2357 0.0016866
2359 2357 0.0016866
6362 2357 0.0016866
7160 2357 0.0016866
2078 2359 0.0010363
2358 2359 0.0010363
2361 2359 0.0010363
6371 2359 0.0010363
2078 2360 0.00010178
2358 2360 0.00010178
2361 2360 0.00010178
6371 2360 0.00010178
2360 2361 0.00050228
2363 2361 0.00050228
3120 2361 0.00050228
2362 2363 0.00040055
2365 2363 0.00040055
6395 2363 0.00040055
2364 2365 0.00044588
2367 2365 0.00044588
6366 2365 0.00044588
6367 2365 0.00044588
2366 2367 0.00056984
7006 2367 0.00056984
7086 2367 0.00056984
2753 2752 0.00083319
3327 2752 0.00083319
5237 2752 0.00083319
1277 2870 0.038883
1278 2870 0.038883
2869 2870 0.038883
1002 2871 0.00060405
2872 2871 0.00060405
3967 2871 0.00060405
3086 3085 0.0022631
5668 3085 0.0022631
5964 3085 0.0022631
3085 3087 0.0022237
3088 3087 0.0022237
5398 3087 0.0022237
3090 3089 0.00083314
5675 3089 0.00083314
5676 3089 0.00083314
7150 3089 0.00083314
428 3090 0.0029148
429 3090 0.0029148
3089 3090 0.0029148
5680 3090 0.0029148
427 3098 0.0099291
431 3098 0.0099291
3097 3098 0.0099291
2360 3119 0.00011596
2363 3119 0.00011596
3120 3119 0.00011596
996 3120 0.0001465
3119 3120 0.0001465
4790 3120 0.0001465
6237 3120 0.0001465
3123 3124 0.00022419
3126 3124 0.00022419
3312 3124 0.00022419
3125 3126 0.00020654
3128 3126 0.00020654
5949 3126 0.00020654
3127 3128 0.00018643
3130 3128 0.00018643
6380 3128 0.00018643
6381 3128 0.00018643
3129 3130 0.00013209
3132 3130 0.00013209
6105 3130 0.00013209
6108 3130 0.00013209
3131 3132 0.00010184
3134 3132 0.00010184
6402 3132 0.00010184
6403 3132 0.00010184
1717 3170 0.00020465
3171 3170 0.00020465
3176 3170 0.00020465
1713 3172 0.00066104
3173 3172 0.00066104
3177 3172 0.00066104
1711 3174 0.0013909
1714 3174 0.0013909
3175 3174 0.0013909
1279 3175 0.00053158
1280 3175 0.00053158
3174 3175 0.00053158
1713 3176 0.00020465
3173 3176 0.00020465
3177 3176 0.00020465
1709 3178 0.00016713
1712 3178 0.00016713
3179 3178 0.00016713
1281 3179 0.0017874
1284 3179 0.0017874
3178 3179 0.0017874
1292 3182 0.00026736
1703 3182 0.00026736
3183 3182 0.00026736
3182 3183 0.0029473
3591 3183 0.0029473
3594 3183 0.0029473
3136 3307 0.00010817
3305 3307 0.00010817
3306 3307 0.00010817
3317 3316 0.00048055
5238 3316 0.00048055
7089 3316 0.00048055
3319 3318 0.00013402
5985 3318 0.00013402
7093 3318 0.00013402
7095 3318 0.00013402
3318 3319 0.0016368
6983 3319 0.0016368
7092 3319 0.0016368
3320 3321 0.0022755
6977 3321 0.0022755
7096 3321 0.0022755
3321 3323 0.0022705
3322 3323 0.0022705
7097 3323 0.0022705
3323 3325 0.0026405
3324 3325 0.0026405
7103 3325 0.0026405
3325 3327 0.0023571
3326 3327 0.0023571
7099 3327 0.0023571
3333 3335 0.00015897
3336 3335 0.00015897
6225 3335 0.00015897
1014 3591 0.00080375
1298 3591 0.00080375
3592 3591 0.00080375
3182 3592 0.036993
3591 3592 0.036993
3594 3592 0.036993
2870 3594 0.038883
3181 3594 0.038883
3593 3594 0.038883
3124 3638 0.00033442
3307 3638 0.00033442
3308 3638 0.00033442
3637 3638 0.00033442
3343 3640 0.00017019
3639 3640 0.00017019
3962 3640 0.00017019
4199 3791 0.0033326
5395 3791 0.0033326
5396 3792 0.9955
5397 3792 0.9955
3791 3793 0.001128
3790 3795 0.99226
3794 3795 0.99226
7083 3795 0.99226
3907 3906 0.00012012
4019 3906 0.00012012
6228 3906 0.00012012
6358 3906 0.00012012
2072 3907 0.00067576
2074 3907 0.00067576
2075 3907 0.00067576
3906 3907 0.00067576
1282 3955 0.95528
1285 3955 0.95528
3954 3955 0.95528
1008 3956 0.00030286
1011 3956 0.00030286
3957 3956 0.00030286
1299 3957 0.92954
3955 3957 0.92954
3956 3957 0.92954
4686 3959 0.99433
4685 3962 0.00015655
5086 3962 0.00015655
6876 3963 0.98979
1129 3964 0.15855
3963 3964 0.15855
559 3971 0.00060405
1005 3971 0.00060405
3972 3971 0.00060405
785 3975 0.046009
3973 3975 0.046009
3976 3975 0.046009
3977 3975 0.046009
2265 3976 0.054469
2268 3976 0.054469
3975 3976 0.054469
2859 3989 0.0012599
3990 3989 0.0012599
3991 3989 0.0012599
786 3990 0.00038665
2261 3990 0.00038665
2264 3990 0.00038665
3989 3990 0.00038665
3166 3991 0.0012599
3992 3991 0.0012599
3993 3991 0.0012599
2859 3992 0.00038665
3990 3992 0.00038665
3991 3992 0.00038665
3994 3993 0.0012599
3995 3993 0.0012599
3999 3993 0.0012599
3166 3994 0.00038665
3992 3994 0.00038665
3993 3994 0.00038665
3998 3997 0.00038665
4000 3997 0.00038665
3997 3998 0.0012599
4651 3998 0.0012599
5860 3998 0.0012599
3998 3999 0.0012599
4000 3999 0.0012599
3994 4000 0.00038665
3995 4000 0.00038665
3999 4000 0.00038665
3907 4020 0.00080986
4019 4020 0.00080986
6228 4020 0.00080986
6358 4020 0.00080986
4163 4162 0.00020329
4164 4162 0.00020329
5889 4162 0.00020329
5892 4162 0.00020329
4165 4164 0.0003375
4166 4164 0.0003375
5929 4164 0.0003375
5972 4164 0.0003375
4167 4166 0.00020283
4168 4166 0.00020283
5923 4166 0.00020283
5926 4166 0.00020283
4162 4170 0.00022381
4171 4170 0.00022381
5793 4170 0.00022381
4175 4174 0.00010062
4176 4174 0.00010062
5784 4174 0.00010062
5785 4174 0.00010062
4183 4182 0.00010056
4184 4182 0.00010056
5928 4182 0.00010056
7116 4199 0.0030463
2338 4200 0.0022272
2341 4200 0.0022272
4198 4200 0.0022272
4223 4224 0.007647
6896 4224 0.007647
7081 4224 0.007647
4228 4227 0.0076405
4229 4227 0.0076405
6893 4227 0.0076405
166 4589 0.00032997
179 4589 0.00032997
4590 4589 0.00032997
794 4590 0.00053118
4589 4590 0.00053118
5798 4590 0.00053118
2267 4653 0.99433
4652 4653 0.99433
4657 4656 0.00055249
5663 4656 0.00055249
5665 4656 0.00055249
2351 4657 0.00027412
4656 4657 0.00027412
7014 4657 0.00027412
7087 4657 0.00027412
6736 4658 0.99003
6743 4686 0.99433
2327 4707 0.004177
4708 4707 0.004177
5968 4707 0.004177
1537 4709 0.00011191
4710 4709 0.00011191
176 4804 0.0056897
4803 4804 0.0056897
6267 4804 0.0056897
6269 4804 0.0056897
5064 5063 0.00029116
5240 5063 0.00029116
4659 5064 0.005471
5065 5064 0.005471
3792 5065 0.0054694
4685 5085 0.0014063
5086 5085 0.0014063
5087 5086 0.0015627
5271 5086 0.0015627
1129 5087 0.83733
3963 5087 0.83733
7272 5088 0.15814
7274 5088 0.15814
5090 5089 0.00032114
5091 5090 0.00032186
5838 5090 0.00032186
1128 5091 0.0002777
5092 5091 0.0002777
5093 5092 0.00027756
5088 5093 0.99007
5094 5093 0.99007
1126 5094 0.83193
2348 5238 0.0019055
5239 5238 0.0019055
5739 5238 0.0019055
5064 5241 0.0051799
5240 5241 0.0051799
5261 5262 0.0056731
5264 5262 0.0056731
6120 5262 0.0056731
5263 5264 0.0056731
5266 5264 0.0056731
5265 5266 0.0056731
5585 5266 0.0056731
6124 5266 0.0056731
3638 5267 0.0046888
3640 5267 0.0046888
5268 5267 0.0046888
3138 5268 0.0042152
5832 5268 0.0042152
6422 5268 0.0042152
3122 5269 0.0023739
5270 5269 0.0023739
6233 5269 0.0023739
2753 5270 0.0015811
3327 5270 0.0015811
5237 5270 0.0015811
3964 5271 0.15856
6738 5271 0.15856
5390 5389 0.00034691
5877 5389 0.00034691
5992 5389 0.00034691
1512 5392 0.00034692
5391 5392 0.00034692
5876 5392 0.00034692
5063 5395 0.00028636
3791 5396 0.0022047
3793 5397 0.99329
5993 5397 0.99329
7115 5397 0.99329
3898 5580 0.0048112
5581 5580 0.0048112
5935 5580 0.0048112
1233 5583 0.0055893
5580 5583 0.0055893
5582 5583 0.0055893
5578 5585 0.0056247
5583 5585 0.0056247
5584 5585 0.0056247
5666 5662 0.039613
5667 5662 0.039613
4658 5663 0.042154
4658 5664 0.94788
4657 5666 0.041876
5663 5666 0.041876
5665 5666 0.041876
5666 5668 0.0023114
5667 5668 0.0023114
2350 5670 0.00031713
5671 5670 0.00031713
5836 5670 0.00031713
3090 5674 0.0048616
5675 5674 0.0048616
5676 5674 0.0048616
7150 5674 0.0048616
2279 5675 0.00051701
5674 5675 0.00051701
7273 5675 0.00051701
5241 5739 0.005096
5738 5739 0.005096
7218 5739 0.005096
5790 5789 0.0002778
5791 5789 0.0002778
5932 5789 0.0002778
5969 5789 0.0002778
5792 5791 0.00026176
5891 5791 0.00026176
5894 5791 0.00026176
165 5798 0.00059867
792 5798 0.00059867
5799 5798 0.00059867
794 5799 0.00031149
4589 5799 0.00031149
5798 5799 0.00031149
3335 5822 0.00043541
5823 5822 0.00043541
5831 5822 0.00043541
6967 5822 0.00043541
5822 5823 0.00020503
6963 5823 0.00020503
7102 5823 0.00020503
7104 5823 0.00020503
5824 5825 0.00038772
6964 5825 0.00038772
7100 5825 0.00038772
3335 5830 0.00010404
5823 5830 0.00010404
5831 5830 0.00010404
6967 5830 0.00010404
5825 5831 0.00037847
5826 5831 0.00037847
5830 5831 0.00037847
2352 5832 0.0040166
2355 5832 0.0040166
5269 5832 0.0040166
3997 5859 0.00038665
4651 5859 0.00038665
5860 5859 0.00038665
2259 5860 0.0012599
2262 5860 0.0012599
5859 5860 0.0012599
5389 5876 0.00034692
5875 5876 0.00034692
5994 5876 0.00034692
4163 5891 0.00017457
4164 5891 0.00017457
5889 5891 0.00017457
5892 5891 0.00017457
5893 5894 0.00019322
7255 5894 0.00019322
2329 5895 0.00014257
5896 5895 0.00014257
7254 5895 0.00014257
7258 5895 0.00014257
942 5897 0.00015972
945 5897 0.00015972
5898 5897 0.00015972
7252 5897 0.00015972
5897 5899 0.00011225
5900 5899 0.00011225
5983 5899 0.00011225
5899 5901 0.00012136
5902 5901 0.00012136
5910 5901 0.00012136
1655 5903 0.00020522
5745 5903 0.00020522
5901 5903 0.00020522
5904 5903 0.00020522
5905 5906 0.00012516
6955 5906 0.00012516
7110 5906 0.00012516
5917 5919 0.00019423
5920 5919 0.00019423
5978 5919 0.00019423
5925 5926 0.00019348
5976 5926 0.00019348
5979 5926 0.00019348
4170 5932 0.00015503
4173 5932 0.00015503
5933 5932 0.00015503
1468 5935 0.0048313
5934 5935 0.0048313
5790 5968 0.00022097
5791 5968 0.00022097
5932 5968 0.00022097
5969 5968 0.00022097
2327 5969 0.00011363
4708 5969 0.00011363
5968 5969 0.00011363
2331 5972 0.00018654
4196 5972 0.00018654
5971 5972 0.00018654
7256 5972 0.00018654
5925 5975 0.00011059
5976 5975 0.00011059
5979 5975 0.00011059
2330 5976 0.00015954
2333 5976 0.00015954
5975 5976 0.00015954
2334 5978 0.00020931
2337 5978 0.00020931
5977 5978 0.00020931
7152 5978 0.00020931
4192 5979 0.00014701
5919 5979 0.00014701
5980 5979 0.00014701
5789 5981 0.00033361
5911 5981 0.00033361
5913 5981 0.00033361
5982 5981 0.00033361
2349 5985 0.0032446
5903 5985 0.0032446
5986 5985 0.0032446
7105 5985 0.0032446
5392 5992 0.00034691
5393 5992 0.00034691
5991 5992 0.00034691
5389 5993 0.00039126
5875 5993 0.00039126
5994 5993 0.00039126
3793 5994 0.00039123
5993 5994 0.00039123
7115 5994 0.00039123
548 6225 0.00014783
6226 6225 0.00014783
6227 6225 0.00014783
6230 6225 0.00014783
548 6228 0.00094407
6226 6228 0.00094407
6227 6228 0.00094407
6230 6228 0.00094407
548 6229 0.00010198
6226 6229 0.00010198
6227 6229 0.00010198
6230 6229 0.00010198
6229 6230 0.00065505
6979 6230 0.00065505
7063 6230 0.00065505
4020 6231 0.00082784
6232 6231 0.00082784
6351 6231 0.00082784
6231 6233 0.0008393
6234 6233 0.0008393
6354 6233 0.0008393
2071 6237 0.00012929
6238 6237 0.00012929
6239 6237 0.00012929
996 6238 0.00013162
3119 6238 0.00013162
4790 6238 0.00013162
6237 6238 0.00013162
180 6267 0.0016167
181 6267 0.0016167
6268 6267 0.0016167
3907 6359 0.00071328
4019 6359 0.00071328
6228 6359 0.00071328
6358 6359 0.00071328
995 6361 0.00076921
6359 6361 0.00076921
6360 6361 0.00076921
6357 6362 0.00076113
6361 6362 0.00076113
2078 6372 0.0003547
2358 6372 0.0003547
2361 6372 0.0003547
6371 6372 0.0003547
3140 6374 0.00028998
6372 6374 0.00028998
6373 6374 0.00028998
6407 6374 0.00028998
3143 6376 0.00025261
3146 6376 0.00025261
6374 6376 0.00025261
6375 6376 0.00025261
6376 6378 0.00013199
6377 6378 0.00013199
6417 6378 0.00013199
5670 6386 0.00010159
6385 6386 0.00010159
7085 6386 0.00010159
3142 6416 0.00013037
6414 6416 0.00013037
6415 6416 0.00013037
6376 6418 0.00012697
6377 6418 0.00012697
6417 6418 0.00012697
6416 6420 0.00025362
6418 6420 0.00025362
6419 6420 0.00025362
3304 6422 0.00024893
6420 6422 0.00024893
6421 6422 0.00024893
1464 6703 0.0056698
6702 6703 0.0056698
6879 6736 0.99003
5087 6743 0.99433
5271 6743 0.99433
5093 6875 0.98979
6875 6876 0.98979
5662 6878 0.98749
5664 6878 0.98749
3792 6879 0.99003
4224 6893 0.007647
4225 6893 0.007647
6894 6893 0.007647
4223 6895 0.99244
6896 6895 0.99244
7081 6895 0.99244
5824 6963 0.00037221
6964 6963 0.00037221
7100 6963 0.00037221
5822 6964 0.00038117
6963 6964 0.00038117
7102 6964 0.00038117
7104 6964 0.00038117
3335 6968 0.0001925
5823 6968 0.0001925
5831 6968 0.0001925
6967 6968 0.0001925
6969 6971 0.00048738
6972 6971 0.00048738
6975 6971 0.00048738
7066 6971 0.00048738
6971 6972 0.00021803
6974 6972 0.00021803
7064 6972 0.00021803
6971 6973 0.00056185
6974 6973 0.00056185
7064 6973 0.00056185
6973 6974 0.00039694
6976 6974 0.00039694
6978 6974 0.00039694
6973 6975 0.00089167
6976 6975 0.00089167
6978 6975 0.00089167
6969 6976 0.00017502
6972 6976 0.00017502
6975 6976 0.00017502
7066 6976 0.00017502
6973 6977 0.00044026
6976 6977 0.00044026
6978 6977 0.00044026
3320 6978 0.00099201
6977 6978 0.00099201
7096 6978 0.00099201
6980 6979 0.00062116
7065 6979 0.00062116
7098 6979 0.00062116
6229 6980 0.00017254
6979 6980 0.00017254
7063 6980 0.00017254
6982 6981 0.00020988
6984 6981 0.00020988
6986 6981 0.00020988
6982 6983 0.00020524
6984 6983 0.00020524
6986 6983 0.00020524
3318 6984 0.00034751
6983 6984 0.00034751
7092 6984 0.00034751
6982 6985 0.00021426
6984 6985 0.00021426
6986 6985 0.00021426
6985 6986 0.00022298
6988 6986 0.00022298
6989 6986 0.00022298
6985 6987 0.00032183
6988 6987 0.00032183
6989 6987 0.00032183
6987 6988 0.00017956
6992 6988 0.00017956
6994 6988 0.00017956
6981 6989 0.00020988
6990 6989 0.00020988
6987 6991 0.00033652
6992 6991 0.00033652
6994 6991 0.00033652
6987 6993 0.00018475
6992 6993 0.00018475
6994 6993 0.00018475
6993 6994 0.00031147
6996 6994 0.00031147
6998 6994 0.00031147
7001 6994 0.00031147
6993 6995 0.00016208
6996 6995 0.00016208
6998 6995 0.00016208
7001 6995 0.00016208
6991 6996 0.00029637
6995 6996 0.00029637
7000 6996 0.00029637
6993 6997 0.000406
6996 6997 0.000406
6998 6997 0.000406
7001 6997 0.000406
6997 6998 0.00026372
7090 6998 0.00026372
7091 6998 0.00026372
6991 6999 0.00016148
6995 6999 0.00016148
7000 6999 0.00016148
6999 7001 0.00016148
7002 7001 0.00016148
7004 7001 0.00016148
3316 7006 0.00036271
7005 7006 0.00036271
7008 7006 0.00036271
7088 7006 0.00036271
6895 7016 0.00030082
7017 7016 0.00030082
7084 7016 0.00030082
7016 7018 1.0001
7019 7018 1.0001
7026 7018 1.0001
7021 7020 0.0002651
7023 7020 0.0002651
7025 7020 0.0002651
7036 7020 0.0002651
7020 7021 0.0001717
7032 7021 0.0001717
7035 7021 0.0001717
7021 7022 0.00018747
7023 7022 0.00018747
7025 7022 0.00018747
7036 7022 0.00018747
7022 7023 0.00011279
7029 7023 0.00011279
7031 7023 0.00011279
7033 7023 0.00011279
7021 7024 0.00024994
7023 7024 0.00024994
7025 7024 0.00024994
7036 7024 0.00024994
7024 7025 0.00032254
7027 7025 0.00032254
7077 7025 0.00032254
7080 7025 0.00032254
7016 7027 0.00021983
7019 7027 0.00021983
7026 7027 0.00021983
1230 7031 0.00028905
7030 7031 0.00028905
7078 7031 0.00028905
7022 7032 0.00036871
7029 7032 0.00036871
7031 7032 0.00036871
7033 7032 0.00036871
7020 7034 0.00047018
7032 7034 0.00047018
7035 7034 0.00047018
7034 7036 0.00026718
7037 7036 0.00026718
7039 7036 0.00026718
7021 7037 0.00017171
7023 7037 0.00017171
7025 7037 0.00017171
7036 7037 0.00017171
7034 7038 0.00042342
7037 7038 0.00042342
7039 7038 0.00042342
7038 7040 0.00042362
7041 7040 0.00042362
7043 7040 0.00042362
6971 7063 0.00040794
6974 7063 0.00040794
7064 7063 0.00040794
6229 7064 0.00030349
6979 7064 0.00030349
7063 7064 0.00030349
6969 7065 0.00062923
6972 7065 0.00062923
6975 7065 0.00062923
7066 7065 0.00062923
6980 7066 0.00018192
7065 7066 0.00018192
7098 7066 0.00018192
4227 7074 0.0076449
5937 7074 0.0076449
7073 7074 0.0076449
1653 7075 0.00082839
7054 7075 0.00082839
7076 7075 0.00082839
7024 7078 0.00028905
7027 7078 0.00028905
7077 7078 0.00028905
7080 7078 0.00028905
7024 7079 0.00029853
7027 7079 0.00029853
7077 7079 0.00029853
7080 7079 0.00029853
1227 7080 0.00045299
7040 7080 0.00045299
7075 7080 0.00045299
7079 7080 0.00045299
4811 7081 1.0001
7018 7081 1.0001
7082 7081 1.0001
6895 7083 0.99217
7017 7083 0.99217
7084 7083 0.99217
5670 7086 0.00025053
6385 7086 0.00025053
7085 7086 0.00025053
3316 7087 0.00031163
7005 7087 0.00031163
7008 7087 0.00031163
7088 7087 0.00031163
2351 7088 0.00028487
4656 7088 0.00028487
7014 7088 0.00028487
7087 7088 0.00028487
3317 7090 0.0015226
5238 7090 0.0015226
7089 7090 0.0015226
6997 7092 0.0016871
7090 7092 0.0016871
7091 7092 0.0016871
547 7093 0.00011656
2073 7093 0.00011656
7094 7093 0.00011656
3319 7094 0.0020407
5985 7094 0.0020407
7093 7094 0.0020407
7095 7094 0.0020407
3319 7096 0.0028556
5985 7096 0.0028556
7093 7096 0.0028556
7095 7096 0.0028556
6980 7097 0.00044829
7065 7097 0.00044829
7098 7097 0.00044829
3321 7098 0.0004496
3322 7098 0.0004496
7097 7098 0.0004496
5824 7099 0.00030717
6964 7099 0.00030717
7100 7099 0.00030717
3325 7100 0.00058711
3326 7100 0.00058711
7099 7100 0.00058711
6965 7102 0.0001925
6968 7102 0.0001925
7101 7102 0.0001925
5822 7103 0.00068683
6963 7103 0.00068683
7102 7103 0.00068683
7104 7103 0.00068683
3323 7104 0.00031333
3324 7104 0.00031333
7103 7104 0.00031333
2349 7106 0.00015767
5903 7106 0.00015767
5986 7106 0.00015767
7105 7106 0.00015767
6961 7108 0.00015767
7106 7108 0.00015767
7107 7108 0.00015767
3795 7115 0.99226
7117 7116 0.0030463
1226 7117 0.0030463
1536 7117 0.0030463
4200 7117 0.0030463
3189 7131 0.0044896
4707 7131 0.0044896
5981 7131 0.0044896
7130 7131 0.0044896
3087 7150 0.0022237
7151 7150 0.0022237
2356 7161 0.00012095
2359 7161 0.00012095
6362 7161 0.00012095
7160 7161 0.00012095
6952 7163 0.000126
7161 7163 0.000126
7162 7163 0.000126
1235 7249 0.00079489
7248 7249 0.00079489
7250 7249 0.00079489
2752 7250 0.00083319
7251 7250 0.00083319
5895 7252 0.00014257
7253 7252 0.00014257
2329 7255 0.00019322
5896 7255 0.00019322
7254 7255 0.00019322
7258 7255 0.00019322
2331 7257 0.0043043
4196 7257 0.0043043
5971 7257 0.0043043
7256 7257 0.0043043
2329 7259 0.0040675
5896 7259 0.0040675
7254 7259 0.0040675
7258 7259 0.0040675
2279 7272 0.14072
5674 7272 0.14072
7273 7272 0.14072
1127 7274 0.017443
3095 7274 0.017443
3098 7274 0.017443
