548 547 0.0010142
6226 547 0.0010142
6227 547 0.0010142
6230 547 0.0010142
547 548 0.0038142
2073 548 0.0038142
7094 548 0.0038142
948 950 0.19372
951 950 0.19372
6355 950 0.19372
950 951 0.001645
6352 951 0.001645
6353 951 0.001645
6356 951 0.001645
995 994 0.015836
6359 994 0.015836
6360 994 0.015836
994 995 0.045574
997 995 0.045574
2076 995 0.045574
2077 995 0.045574
994 996 0.0051489
997 996 0.0051489
2076 996 0.0051489
2077 996 0.0051489
996 997 0.0094924
3119 997 0.0094924
4790 997 0.0094924
6237 997 0.0094924
2072 2071 0.00089822
2074 2071 0.00089822
2075 2071 0.00089822
3906 2071 0.00089822
2071 2072 0.0070033
6238 2072 0.0070033
6239 2072 0.0070033
2072 2073 0.0046773
2074 2073 0.0046773
2075 2073 0.0046773
3906 2073 0.0046773
547 2074 0.00064751
2073 2074 0.00064751
7094 2074 0.00064751
994 2075 0.016739
997 2075 0.016739
2076 2075 0.016739
2077 2075 0.016739
2072 2076 0.0041011
2074 2076 0.0041011
2075 2076 0.0041011
3906 2076 0.0041011
2078 2077 0.040283
2358 2077 0.040283
2361 2077 0.040283
6371 2077 0.040283
994 2078 0.0022513
997 2078 0.0022513
2076 2078 0.0022513
2077 2078 0.0022513
2352 2354 0.014827
2355 2354 0.014827
5269 2354 0.014827
2354 2356 0.006951
2357 2356 0.006951
2356 2357 0.001166
2359 2357 0.001166
6362 2357 0.001166
7160 2357 0.001166
2356 2358 0.04684
2359 2358 0.04684
6362 2358 0.04684
7160 2358 0.04684
2078 2359 0.00014777
2358 2359 0.00014777
2361 2359 0.00014777
6371 2359 0.00014777
2078 2360 0.010644
2358 2360 0.010644
2361 2360 0.010644
6371 2360 0.010644
2360 2361 0.00039393
2363 2361 0.00039393
3120 2361 0.00039393
2360 2362 0.00076707
2363 2362 0.00076707
3120 2362 0.00076707
2362 2363 0.00025794
2365 2363 0.00025794
6395 2363 0.00025794
2362 2364 0.00075128
2365 2364 0.00075128
6395 2364 0.00075128
2360 3119 0.010153
2363 3119 0.010153
3120 3119 0.010153
996 3120 0.00041242
3119 3120 0.00041242
4790 3120 0.00041242
6237 3120 0.00041242
3122 3121 0.00045415
5270 3121 0.00045415
6233 3121 0.00045415
3140 3139 0.00021819
6372 3139 0.00021819
6373 3139 0.00021819
6407 3139 0.00021819
3139 3140 0.00012469
3910 3140 0.00012469
6112 3140 0.00012469
3141 3143 0.000204
3144 3143 0.000204
4787 3143 0.000204
3143 3145 0.00013408
3146 3145 0.00013408
6374 3145 0.00013408
6375 3145 0.00013408
3321 3320 0.00016652
3322 3320 0.00016652
7097 3320 0.00016652
3320 3321 0.00088616
6977 3321 0.00088616
7096 3321 0.00088616
3323 3322 0.00015225
3324 3322 0.00015225
7103 3322 0.00015225
3321 3323 0.00030299
3322 3323 0.00030299
7097 3323 0.00030299
3325 3324 0.00012236
3326 3324 0.00012236
7099 3324 0.00012236
3323 3325 0.00022841
3324 3325 0.00022841
7103 3325 0.00022841
2753 3326 0.00014819
3327 3326 0.00014819
5237 3326 0.00014819
3333 3335 0.00015656
3336 3335 0.00015656
6225 3335 0.00015656
3335 3336 0.00030878
5823 3336 0.00030878
5831 3336 0.00030878
6967 3336 0.00030878
3907 3906 0.0046832
4019 3906 0.0046832
6228 3906 0.0046832
6358 3906 0.0046832
2072 3907 0.019396
2074 3907 0.019396
2075 3907 0.019396
3906 3907 0.019396
4020 4019 0.0083205
6232 4019 0.0083205
6351 4019 0.0083205
3907 4020 1.0145
4019 4020 1.0145
6228 4020 1.0145
6358 4020 1.0145
4788 4787 0.00013706
6408 4787 0.00013706
6409 4787 0.00013706
996 4789 0.00082974
3119 4789 0.00082974
4790 4789 0.00082974
6237 4789 0.00082974
4789 4790 0.00077019
6240 4790 0.00077019
6365 4790 0.00077019
3121 5237 0.00046987
3328 5237 0.00046987
3329 5237 0.00046987
3122 5269 0.01509
5270 5269 0.01509
6233 5269 0.01509
2753 5270 0.00040336
3327 5270 0.00040336
5237 5270 0.00040336
3335 5822 0.00016385
5823 5822 0.00016385
5831 5822 0.00016385
6967 5822 0.00016385
5822 5823 0.00027175
6963 5823 0.00027175
7102 5823 0.00027175
7104 5823 0.00027175
5824 5825 0.00019543
6964 5825 0.00019543
7100 5825 0.00019543
5825 5831 0.00017673
5826 5831 0.00017673
5830 5831 0.00017673
2352 5832 0.00023073
2355 5832 0.00023073
5269 5832 0.00023073
3139 6111 0.00020205
3910 6111 0.00020205
6112 6111 0.00020205
548 6225 0.00016128
6226 6225 0.00016128
6227 6225 0.00016128
6230 6225 0.00016128
3333 6226 0.00037852
3336 6226 0.00037852
6225 6226 0.00037852
3907 6227 0.002495
4019 6227 0.002495
6228 6227 0.002495
6358 6227 0.002495
548 6228 0.0066052
6226 6228 0.0066052
6227 6228 0.0066052
6230 6228 0.0066052
548 6229 0.0016076
6226 6229 0.0016076
6227 6229 0.0016076
6230 6229 0.0016076
6229 6230 0.0027005
6979 6230 0.0027005
7063 6230 0.0027005
4020 6231 0.20875
6232 6231 0.20875
6351 6231 0.20875
6231 6232 0.0015998
6234 6232 0.0015998
6354 6232 0.0015998
6231 6233 0.015403
6234 6233 0.015403
6354 6233 0.015403
3122 6234 0.00033077
5270 6234 0.00033077
6233 6234 0.00033077
2071 6237 0.00097552
6238 6237 0.00097552
6239 6237 0.00097552
996 6238 0.006313
3119 6238 0.006313
4790 6238 0.006313
6237 6238 0.006313
4789 6239 0.0010541
6240 6239 0.0010541
6365 6239 0.0010541
2071 6240 0.0002866
6238 6240 0.0002866
6239 6240 0.0002866
950 6351 0.013718
6352 6351 0.013718
6353 6351 0.013718
6356 6351 0.013718
4020 6352 0.81272
6232 6352 0.81272
6351 6352 0.81272
2354 6353 0.0090248
2357 6353 0.0090248
948 6354 0.001645
951 6354 0.001645
6355 6354 0.001645
6231 6355 0.19372
6234 6355 0.19372
6354 6355 0.19372
950 6357 1.0001
6352 6357 1.0001
6353 6357 1.0001
6356 6357 1.0001
995 6358 0.018281
6359 6358 0.018281
6360 6358 0.018281
3907 6359 0.030958
4019 6359 0.030958
6228 6359 0.030958
6358 6359 0.030958
6357 6360 0.96001
6361 6360 0.96001
995 6361 0.0024268
6359 6361 0.0024268
6360 6361 0.0024268
6357 6362 0.042512
6361 6362 0.042512
6363 6364 0.001629
6943 6364 0.001629
7165 6364 0.001629
2364 6365 0.00074905
2367 6365 0.00074905
6366 6365 0.00074905
6367 6365 0.00074905
3140 6371 0.0019068
6372 6371 0.0019068
6373 6371 0.0019068
6407 6371 0.0019068
2078 6372 0.00031821
2358 6372 0.00031821
2361 6372 0.00031821
6371 6372 0.00031821
3143 6373 0.00031548
3146 6373 0.00031548
6374 6373 0.00031548
6375 6373 0.00031548
3140 6374 0.00011502
6372 6374 0.00011502
6373 6374 0.00011502
6407 6374 0.00011502
6376 6375 0.00012866
6377 6375 0.00012866
6417 6375 0.00012866
6111 6395 0.00024512
6396 6395 0.00024512
6397 6395 0.00024512
6406 6395 0.00024512
4788 6407 0.0015581
6408 6407 0.0015581
6409 6407 0.0015581
6364 6409 0.0016095
6410 6409 0.0016095
6411 6409 0.0016095
6416 6417 0.00011321
6418 6417 0.00011321
6419 6417 0.00011321
3304 6419 0.00017863
6420 6419 0.00017863
6421 6419 0.00017863
3138 6421 0.00018541
5832 6421 0.00018541
6422 6421 0.00018541
6939 6938 0.00044349
7067 6938 0.00044349
7163 6938 0.00044349
7164 6938 0.00044349
6938 6939 0.0003058
6941 6939 0.0003058
6949 6939 0.0003058
6940 6941 0.00038311
6942 6941 0.00038311
6945 6941 0.00038311
6947 6941 0.00038311
6363 6942 0.00038311
6943 6942 0.00038311
7165 6942 0.00038311
6938 6948 0.00054073
6941 6948 0.00054073
6949 6948 0.00054073
6948 6949 0.00011773
6950 6949 0.00011773
6953 6949 0.00011773
6948 6952 0.00054073
6950 6952 0.00054073
6953 6952 0.00054073
6952 6953 0.00011773
7161 6953 0.00011773
7162 6953 0.00011773
5824 6963 0.00010951
6964 6963 0.00010951
7100 6963 0.00010951
5822 6964 0.00011164
6963 6964 0.00011164
7102 6964 0.00011164
7104 6964 0.00011164
6969 6971 0.00085268
6972 6971 0.00085268
6975 6971 0.00085268
7066 6971 0.00085268
6971 6972 0.00080217
6974 6972 0.00080217
7064 6972 0.00080217
6971 6973 0.0012543
6974 6973 0.0012543
7064 6973 0.0012543
6973 6974 0.00074727
6976 6974 0.00074727
6978 6974 0.00074727
6973 6975 0.0014111
6976 6975 0.0014111
6978 6975 0.0014111
6969 6976 0.00038014
6972 6976 0.00038014
6975 6976 0.00038014
7066 6976 0.00038014
6973 6977 0.00059524
6976 6977 0.00059524
6978 6977 0.00059524
3320 6978 0.0011192
6977 6978 0.0011192
7096 6978 0.0011192
6980 6979 0.0020761
7065 6979 0.0020761
7098 6979 0.0020761
6229 6980 0.00052678
6979 6980 0.00052678
7063 6980 0.00052678
6971 7063 0.0010407
6974 7063 0.0010407
7064 7063 0.0010407
6229 7064 0.0014972
6979 7064 0.0014972
7063 7064 0.0014972
6969 7065 0.0014138
6972 7065 0.0014138
6975 7065 0.0014138
7066 7065 0.0014138
6980 7066 0.00043337
7065 7066 0.00043337
7098 7066 0.00043337
547 7093 0.0014728
2073 7093 0.0014728
7094 7093 0.0014728
3319 7094 0.00024306
5985 7094 0.00024306
7093 7094 0.00024306
7095 7094 0.00024306
3320 7095 0.00023581
6977 7095 0.00023581
7096 7095 0.00023581
3319 7096 0.0014794
5985 7096 0.0014794
7093 7096 0.0014794
7095 7096 0.0014794
6980 7097 0.00031079
7065 7097 0.00031079
7098 7097 0.00031079
3321 7098 0.0008797
3322 7098 0.0008797
7097 7098 0.0008797
3325 7100 0.00020582
3326 7100 0.00020582
7099 7100 0.00020582
5822 7103 0.00016214
6963 7103 0.00016214
7102 7103 0.00016214
7104 7103 0.00016214
3323 7104 0.00020683
3324 7104 0.00020683
7103 7104 0.00020683
6952 7160 0.00046139
7161 7160 0.00046139
7162 7160 0.00046139
2356 7161 0.0020663
2359 7161 0.0020663
6362 7161 0.0020663
7160 7161 0.0020663
6939 7162 0.00015516
7067 7162 0.00015516
7163 7162 0.00015516
7164 7162 0.00015516
6952 7163 0.0021831
7161 7163 0.0021831
7162 7163 0.0021831
6939 7165 0.0019329
7067 7165 0.0019329
7163 7165 0.0019329
7164 7165 0.0019329
