548 547 0.0022212
6226 547 0.0022212
6227 547 0.0022212
6230 547 0.0022212
547 548 0.0062205
2073 548 0.0062205
7094 548 0.0062205
948 950 0.0093998
951 950 0.0093998
6355 950 0.0093998
950 951 0.0037663
6352 951 0.0037663
6353 951 0.0037663
6356 951 0.0037663
995 994 0.11193
6359 994 0.11193
6360 994 0.11193
994 995 0.02675
997 995 0.02675
2076 995 0.02675
2077 995 0.02675
994 996 0.019369
997 996 0.019369
2076 996 0.019369
2077 996 0.019369
996 997 0.15404
3119 997 0.15404
4790 997 0.15404
6237 997 0.15404
2072 2071 0.0044148
2074 2071 0.0044148
2075 2071 0.0044148
3906 2071 0.0044148
2071 2072 0.048426
6238 2072 0.048426
6239 2072 0.048426
2072 2073 0.0080083
2074 2073 0.0080083
2075 2073 0.0080083
3906 2073 0.0080083
547 2074 0.0024894
2073 2074 0.0024894
7094 2074 0.0024894
994 2075 0.031157
997 2075 0.031157
2076 2075 0.031157
2077 2075 0.031157
2072 2076 0.058604
2074 2076 0.058604
2075 2076 0.058604
3906 2076 0.058604
2078 2077 0.76437
2358 2077 0.76437
2361 2077 0.76437
6371 2077 0.76437
994 2078 0.011668
997 2078 0.011668
2076 2078 0.011668
2077 2078 0.011668
2353 2352 0.0017246
3337 2352 0.0017246
2352 2353 0.0025169
2355 2353 0.0025169
5269 2353 0.0025169
2352 2354 0.97973
2355 2354 0.97973
5269 2354 0.97973
2354 2356 0.84249
2357 2356 0.84249
2356 2357 0.00049188
2359 2357 0.00049188
6362 2357 0.00049188
7160 2357 0.00049188
2356 2358 0.89666
2359 2358 0.89666
6362 2358 0.89666
7160 2358 0.89666
2078 2359 0.00068618
2358 2359 0.00068618
2361 2359 0.00068618
6371 2359 0.00068618
2078 2360 0.17848
2358 2360 0.17848
2361 2360 0.17848
6371 2360 0.17848
2360 2361 0.0030363
2363 2361 0.0030363
3120 2361 0.0030363
2360 2362 0.010922
2363 2362 0.010922
3120 2362 0.010922
2362 2363 0.0036099
2365 2363 0.0036099
6395 2363 0.0036099
2362 2364 0.010718
2365 2364 0.010718
6395 2364 0.010718
2364 2365 0.00030317
2367 2365 0.00030317
6366 2365 0.00030317
6367 2365 0.00030317
2364 2366 0.00013607
2367 2366 0.00013607
6366 2366 0.00013607
6367 2366 0.00013607
3109 3111 0.00011412
3112 3111 0.00011412
3313 3111 0.00011412
3314 3111 0.00011412
3118 3117 0.00015184
6390 3117 0.00015184
6391 3117 0.00015184
2360 3119 0.17024
2363 3119 0.17024
3120 3119 0.17024
996 3120 0.0021103
3119 3120 0.0021103
4790 3120 0.0021103
6237 3120 0.0021103
3121 3122 0.0021547
3328 3122 0.0021547
3329 3122 0.0021547
3124 3123 0.00090293
3307 3123 0.00090293
3308 3123 0.00090293
3637 3123 0.00090293
3123 3125 0.00086963
3126 3125 0.00086963
3312 3125 0.00086963
3125 3127 0.00076632
3128 3127 0.00076632
5949 3127 0.00076632
3127 3129 0.00029022
3130 3129 0.00029022
6380 3129 0.00029022
6381 3129 0.00029022
3129 3131 0.00012653
3132 3131 0.00012653
6105 3131 0.00012653
6108 3131 0.00012653
3136 3135 0.0010691
3305 3135 0.0010691
3306 3135 0.0010691
3138 3137 0.0018604
5832 3137 0.0018604
6422 3137 0.0018604
3140 3139 0.0029669
6372 3139 0.0029669
6373 3139 0.0029669
6407 3139 0.0029669
3139 3140 0.0024328
3910 3140 0.0024328
6112 3140 0.0024328
3142 3141 0.006353
6414 3141 0.006353
6415 3141 0.006353
3141 3142 0.00021104
3144 3142 0.00021104
4787 3142 0.00021104
3141 3143 0.0064712
3144 3143 0.0064712
4787 3143 0.0064712
3143 3144 0.00055555
3146 3144 0.00055555
6374 3144 0.00055555
6375 3144 0.00055555
3143 3145 0.0027865
3146 3145 0.0027865
6374 3145 0.0027865
6375 3145 0.0027865
3145 3146 0.00035529
3148 3146 0.00035529
3911 3146 0.00035529
6109 3146 0.00035529
3145 3147 0.0012179
3148 3147 0.0012179
3911 3147 0.0012179
6109 3147 0.0012179
3147 3148 0.00017355
5951 3148 0.00017355
6398 3148 0.00017355
6399 3148 0.00017355
3136 3304 0.00023439
3305 3304 0.00023439
3306 3304 0.00023439
3304 3305 0.00099612
6420 3305 0.00099612
6421 3305 0.00099612
3124 3306 0.00044529
3307 3306 0.00044529
3308 3306 0.00044529
3637 3306 0.00044529
3136 3307 0.00016197
3305 3307 0.00016197
3306 3307 0.00016197
3316 3317 0.00011343
7005 3317 0.00011343
7008 3317 0.00011343
7088 3317 0.00011343
3319 3318 0.00012257
5985 3318 0.00012257
7093 3318 0.00012257
7095 3318 0.00012257
3318 3319 0.00021683
6983 3319 0.00021683
7092 3319 0.00021683
3321 3320 0.00026943
3322 3320 0.00026943
7097 3320 0.00026943
3320 3321 0.0011811
6977 3321 0.0011811
7096 3321 0.0011811
3323 3322 0.00022522
3324 3322 0.00022522
7103 3322 0.00022522
3321 3323 0.00033724
3322 3323 0.00033724
7097 3323 0.00033724
3325 3324 0.00019292
3326 3324 0.00019292
7099 3324 0.00019292
3323 3325 0.00025297
3324 3325 0.00025297
7103 3325 0.00025297
2753 3326 0.00023711
3327 3326 0.00023711
5237 3326 0.00023711
2353 3328 0.0027679
3337 3328 0.0027679
3333 3335 0.00015606
3336 3335 0.00015606
6225 3335 0.00015606
3335 3336 0.00034934
5823 3336 0.00034934
5831 3336 0.00034934
6967 3336 0.00034934
3137 3337 0.0019757
3302 3337 0.0019757
3338 3337 0.0019757
3343 3338 0.00023018
3639 3338 0.00023018
3962 3338 0.00023018
3638 3637 0.0012647
3640 3637 0.0012647
5268 3637 0.0012647
3638 3639 0.00017745
3640 3639 0.00017745
5268 3639 0.00017745
3907 3906 0.022138
4019 3906 0.022138
6228 3906 0.022138
6358 3906 0.022138
2072 3907 0.033183
2074 3907 0.033183
2075 3907 0.033183
3906 3907 0.033183
3145 3910 0.0019445
3148 3910 0.0019445
3911 3910 0.0019445
6109 3910 0.0019445
3139 3911 0.00046014
3910 3911 0.00046014
6112 3911 0.00046014
4020 4019 0.033573
6232 4019 0.033573
6351 4019 0.033573
3907 4020 0.003431
4019 4020 0.003431
6228 4020 0.003431
6358 4020 0.003431
4788 4787 0.0019115
6408 4787 0.0019115
6409 4787 0.0019115
3141 4788 0.0021378
3144 4788 0.0021378
4787 4788 0.0021378
996 4789 0.0045577
3119 4789 0.0045577
4790 4789 0.0045577
6237 4789 0.0045577
4789 4790 0.0091988
6240 4790 0.0091988
6365 4790 0.0091988
3121 5237 0.00069466
3328 5237 0.00069466
3329 5237 0.00069466
3138 5268 0.0014698
5832 5268 0.0014698
6422 5268 0.0014698
3122 5269 1.0049
5270 5269 1.0049
6233 5269 1.0049
2753 5270 0.00054352
3327 5270 0.00054352
5237 5270 0.00054352
3335 5822 0.00017658
5823 5822 0.00017658
5831 5822 0.00017658
6967 5822 0.00017658
5822 5823 0.00031025
6963 5823 0.00031025
7102 5823 0.00031025
7104 5823 0.00031025
5824 5825 0.00022337
6964 5825 0.00022337
7100 5825 0.00022337
5825 5831 0.00020082
5826 5831 0.00020082
5830 5831 0.00020082
2352 5832 0.02443
2355 5832 0.02443
5269 5832 0.02443
3125 5948 0.00018951
3128 5948 0.00018951
5949 5948 0.00018951
3147 5950 0.00031363
5951 5950 0.00031363
6398 5950 0.00031363
6399 5950 0.00031363
3135 5952 0.0011753
5948 5952 0.0011753
5953 5952 0.0011753
3129 6107 0.00021432
3132 6107 0.00021432
6105 6107 0.00021432
6108 6107 0.00021432
6107 6109 0.00020873
6110 6109 0.00020873
6114 6109 0.00020873
3145 6110 0.00011123
3148 6110 0.00011123
3911 6110 0.00011123
6109 6110 0.00011123
3139 6111 0.0028329
3910 6111 0.0028329
6112 6111 0.0028329
6111 6112 0.00081444
6396 6112 0.00081444
6397 6112 0.00081444
6406 6112 0.00081444
6107 6113 0.00011952
6110 6113 0.00011952
6114 6113 0.00011952
548 6225 0.00015972
6226 6225 0.00015972
6227 6225 0.00015972
6230 6225 0.00015972
3333 6226 0.00042288
3336 6226 0.00042288
6225 6226 0.00042288
3907 6227 0.0031825
4019 6227 0.0031825
6228 6227 0.0031825
6358 6227 0.0031825
548 6228 0.0089654
6226 6228 0.0089654
6227 6228 0.0089654
6230 6228 0.0089654
548 6229 0.0015487
6226 6229 0.0015487
6227 6229 0.0015487
6230 6229 0.0015487
6229 6230 0.0030691
6979 6230 0.0030691
7063 6230 0.0030691
4020 6231 0.012193
6232 6231 0.012193
6351 6231 0.012193
6231 6232 0.0042543
6234 6232 0.0042543
6354 6232 0.0042543
6231 6233 0.0041197
6234 6233 0.0041197
6354 6233 0.0041197
3122 6234 0.0018144
5270 6234 0.0018144
6233 6234 0.0018144
2071 6237 0.0058001
6238 6237 0.0058001
6239 6237 0.0058001
996 6238 0.043907
3119 6238 0.043907
4790 6238 0.043907
6237 6238 0.043907
4789 6239 0.0076378
6240 6239 0.0076378
6365 6239 0.0076378
2071 6240 0.0017339
6238 6240 0.0017339
6239 6240 0.0017339
950 6351 0.041226
6352 6351 0.041226
6353 6351 0.041226
6356 6351 0.041226
4020 6352 0.0031451
6232 6352 0.0031451
6351 6352 0.0031451
2354 6353 0.1377
2357 6353 0.1377
948 6354 0.0037663
951 6354 0.0037663
6355 6354 0.0037663
6231 6355 0.0093998
6234 6355 0.0093998
6354 6355 0.0093998
6357 6356 0.00015032
6361 6356 0.00015032
950 6357 0.1054
6352 6357 0.1054
6353 6357 0.1054
6356 6357 0.1054
995 6358 0.0082552
6359 6358 0.0082552
6360 6358 0.0082552
3907 6359 0.055226
4019 6359 0.055226
6228 6359 0.055226
6358 6359 0.055226
6357 6360 0.070252
6361 6360 0.070252
995 6361 0.032042
6359 6361 0.032042
6360 6361 0.032042
6357 6362 0.06704
6361 6362 0.06704
6364 6363 0.0011085
6410 6363 0.0011085
6411 6363 0.0011085
6363 6364 0.014179
6943 6364 0.014179
7165 6364 0.014179
2364 6365 0.010784
2367 6365 0.010784
6366 6365 0.010784
6367 6365 0.010784
4789 6366 0.00023934
6240 6366 0.00023934
6365 6366 0.00023934
3117 6367 0.00024651
5957 6367 0.00024651
6368 6367 0.00024651
6369 6367 0.00024651
3140 6371 0.036379
6372 6371 0.036379
6373 6371 0.036379
6407 6371 0.036379
2078 6372 0.0041989
2358 6372 0.0041989
2361 6372 0.0041989
6371 6372 0.0041989
3143 6373 0.018275
3146 6373 0.018275
6374 6373 0.018275
6375 6373 0.018275
3140 6374 0.0015342
6372 6374 0.0015342
6373 6374 0.0015342
6407 6374 0.0015342
6376 6375 0.013297
6377 6375 0.013297
6417 6375 0.013297
5952 6377 0.0017643
6378 6377 0.0017643
6379 6377 0.0017643
3127 6379 0.00062743
3130 6379 0.00062743
6380 6379 0.00062743
6381 6379 0.00062743
5950 6390 0.00013121
6389 6390 0.00013121
6405 6390 0.00013121
6111 6395 0.0036993
6396 6395 0.0036993
6397 6395 0.0036993
6406 6395 0.0036993
2362 6396 0.00059703
2365 6396 0.00059703
6395 6396 0.00059703
3147 6397 0.0011753
5951 6397 0.0011753
6398 6397 0.0011753
6399 6397 0.0011753
6111 6398 0.00025725
6396 6398 0.00025725
6397 6398 0.00025725
6406 6398 0.00025725
3909 6399 0.00017559
6113 6399 0.00017559
6400 6399 0.00017559
6401 6399 0.00017559
5950 6406 0.00025924
6389 6406 0.00025924
6405 6406 0.00025924
4788 6407 0.01745
6408 6407 0.01745
6409 6407 0.01745
3140 6408 0.0014775
6372 6408 0.0014775
6373 6408 0.0014775
6407 6408 0.0014775
6364 6409 0.016453
6410 6409 0.016453
6411 6409 0.016453
4788 6410 0.00070679
6408 6410 0.00070679
6409 6410 0.00070679
5834 6411 0.0033642
6412 6411 0.0033642
6413 6411 0.0033642
6364 6412 0.00068815
6410 6412 0.00068815
6411 6412 0.00068815
3142 6413 0.0033642
6414 6413 0.0033642
6415 6413 0.0033642
5834 6414 0.00068815
6412 6414 0.00068815
6413 6414 0.00068815
6416 6415 0.0090868
6418 6415 0.0090868
6419 6415 0.0090868
3142 6416 0.00026883
6414 6416 0.00026883
6415 6416 0.00026883
6416 6417 0.011602
6418 6417 0.011602
6419 6417 0.011602
3304 6419 0.020397
6420 6419 0.020397
6421 6419 0.020397
3138 6421 0.021175
5832 6421 0.021175
6422 6421 0.021175
6939 6938 0.003611
7067 6938 0.003611
7163 6938 0.003611
7164 6938 0.003611
6938 6939 0.0025832
6941 6939 0.0025832
6949 6939 0.0025832
6938 6940 0.0008338
6941 6940 0.0008338
6949 6940 0.0008338
6940 6941 0.0032252
6942 6941 0.0032252
6945 6941 0.0032252
6947 6941 0.0032252
6363 6942 0.0032252
6943 6942 0.0032252
7165 6942 0.0032252
6940 6943 0.0008338
6942 6943 0.0008338
6945 6943 0.0008338
6947 6943 0.0008338
6938 6948 0.0044001
6941 6948 0.0044001
6949 6948 0.0044001
6948 6949 0.0009809
6950 6949 0.0009809
6953 6949 0.0009809
6948 6952 0.0044001
6950 6952 0.0044001
6953 6952 0.0044001
6952 6953 0.0009809
7161 6953 0.0009809
7162 6953 0.0009809
5824 6963 0.00013147
6964 6963 0.00013147
7100 6963 0.00013147
5822 6964 0.00012198
6963 6964 0.00012198
7102 6964 0.00012198
7104 6964 0.00012198
3335 6968 0.00011061
5823 6968 0.00011061
5831 6968 0.00011061
6967 6968 0.00011061
6969 6971 0.0010737
6972 6971 0.0010737
6975 6971 0.0010737
7066 6971 0.0010737
6971 6972 0.0008038
6974 6972 0.0008038
7064 6972 0.0008038
6971 6973 0.0015191
6974 6973 0.0015191
7064 6973 0.0015191
6973 6974 0.00098708
6976 6974 0.00098708
6978 6974 0.00098708
6973 6975 0.0017455
6976 6975 0.0017455
6978 6975 0.0017455
6969 6976 0.00049269
6972 6976 0.00049269
6975 6976 0.00049269
7066 6976 0.00049269
6973 6977 0.00094615
6976 6977 0.00094615
6978 6977 0.00094615
3320 6978 0.001667
6977 6978 0.001667
7096 6978 0.001667
6980 6979 0.0023373
7065 6979 0.0023373
7098 6979 0.0023373
6229 6980 0.00055473
6979 6980 0.00055473
7063 6980 0.00055473
3318 6984 0.00011514
6983 6984 0.00011514
7092 6984 0.00011514
6985 6987 0.00010214
6988 6987 0.00010214
6989 6987 0.00010214
6993 6997 0.00010804
6996 6997 0.00010804
6998 6997 0.00010804
7001 6997 0.00010804
2366 7005 0.00010626
7006 7005 0.00010626
7086 7005 0.00010626
6971 7063 0.0012769
6974 7063 0.0012769
7064 7063 0.0012769
6229 7064 0.001539
6979 7064 0.001539
7063 7064 0.001539
6969 7065 0.0015157
6972 7065 0.0015157
6975 7065 0.0015157
7066 7065 0.0015157
6980 7066 0.00053278
7065 7066 0.00053278
7098 7066 0.00053278
3317 7090 0.00010974
5238 7090 0.00010974
7089 7090 0.00010974
6997 7092 0.0001992
7090 7092 0.0001992
7091 7092 0.0001992
547 7093 0.0023282
2073 7093 0.0023282
7094 7093 0.0023282
3319 7094 0.00080853
5985 7094 0.00080853
7093 7094 0.00080853
7095 7094 0.00080853
3320 7095 0.00067873
6977 7095 0.00067873
7096 7095 0.00067873
3319 7096 0.0023112
5985 7096 0.0023112
7093 7096 0.0023112
7095 7096 0.0023112
6980 7097 0.00035269
7065 7097 0.00035269
7098 7097 0.00035269
3321 7098 0.0011524
3322 7098 0.0011524
7097 7098 0.0011524
3325 7100 0.00024732
3326 7100 0.00024732
7099 7100 0.00024732
6965 7102 0.00011061
6968 7102 0.00011061
7101 7102 0.00011061
5822 7103 0.00018692
6963 7103 0.00018692
7102 7103 0.00018692
7104 7103 0.00018692
3323 7104 0.0002389
3324 7104 0.0002389
7103 7104 0.0002389
6952 7160 0.0043537
7161 7160 0.0043537
7162 7160 0.0043537
2356 7161 0.017424
2359 7161 0.017424
6362 7161 0.017424
7160 7161 0.017424
6939 7162 0.0019813
7067 7162 0.0019813
7163 7162 0.0019813
7164 7162 0.0019813
6952 7163 0.018471
7161 7163 0.018471
7162 7163 0.018471
6363 7164 0.0011459
6943 7164 0.0011459
7165 7164 0.0011459
6939 7165 0.016608
7067 7165 0.016608
7163 7165 0.016608
7164 7165 0.016608
