86 85 0.066049
89 85 0.066049
6576 85 0.066049
85 86 0.0030987
3724 86 0.0030987
3725 86 0.0030987
88 87 0.68527
90 87 0.68527
773 87 0.68527
6568 87 0.68527
87 88 0.0058436
3728 88 0.0058436
3729 88 0.0058436
88 89 0.032756
90 89 0.032756
773 89 0.032756
6568 89 0.032756
86 90 0.023162
89 90 0.023162
6576 90 0.023162
92 91 0.029318
4557 91 0.029318
6569 91 0.029318
91 92 0.059649
3732 92 0.059649
3733 92 0.059649
98 97 0.064985
3704 97 0.064985
3705 97 0.064985
97 98 0.0001954
412 98 0.0001954
6566 98 0.0001954
100 99 0.00053995
102 99 0.00053995
4555 99 0.00053995
99 100 0.0037286
366 100 0.0037286
3737 100 0.0037286
100 101 0.0066785
102 101 0.0066785
4555 101 0.0066785
101 102 0.0015432
367 102 0.0015432
3738 102 0.0015432
107 108 0.00035578
390 108 0.00035578
391 108 0.00035578
110 109 0.006983
5717 109 0.006983
6560 109 0.006983
109 110 0.0059186
782 110 0.0059186
784 110 0.0059186
112 111 0.00096228
424 111 0.00096228
425 111 0.00096228
6552 111 0.00096228
111 112 0.0050051
387 112 0.0050051
394 112 0.0050051
114 113 0.0014203
422 113 0.0014203
423 113 0.0014203
6550 113 0.0014203
113 114 0.0063221
384 114 0.0063221
385 114 0.0063221
116 115 0.0026514
420 115 0.0026514
421 115 0.0026514
1584 115 0.0026514
115 116 0.0079621
382 116 0.0079621
383 116 0.0079621
118 117 0.0023122
3219 117 0.0023122
5730 117 0.0023122
117 118 0.0037328
6612 118 0.0037328
6615 118 0.0037328
134 133 0.00096728
3708 133 0.00096728
3709 133 0.00096728
133 134 0.0077184
3052 134 0.0077184
99 365 0.00021939
366 365 0.00021939
3737 365 0.00021939
365 366 0.0057392
3722 366 0.0057392
3723 366 0.0057392
368 367 0.00067495
371 367 0.00067495
376 367 0.00067495
101 368 0.0081415
367 368 0.0081415
3738 368 0.0081415
370 369 0.006703
372 369 0.006703
369 370 0.00074808
374 370 0.00074808
375 370 0.00074808
370 371 0.00074808
372 371 0.00074808
368 372 0.006703
371 372 0.006703
376 372 0.006703
369 373 0.0133
374 373 0.0133
375 373 0.0133
373 374 0.0058339
3730 374 0.0058339
3731 374 0.0058339
368 375 0.0069534
371 375 0.0069534
376 375 0.0069534
369 376 0.0054417
374 376 0.0054417
375 376 0.0054417
377 378 0.00086043
399 378 0.00086043
378 380 0.00086043
379 380 0.00086043
115 381 0.00014905
382 381 0.00014905
383 381 0.00014905
381 382 0.01856
400 382 0.01856
401 382 0.01856
413 382 0.01856
113 383 0.00016597
384 383 0.00016597
385 383 0.00016597
115 384 0.013266
382 384 0.013266
383 384 0.013266
380 385 0.0003202
386 385 0.0003202
393 385 0.0003202
113 386 0.0085184
384 386 0.0085184
385 386 0.0085184
111 388 0.0050425
387 388 0.0050425
394 388 0.0050425
388 390 0.00047164
389 390 0.00047164
3717 390 0.00047164
6554 390 0.00047164
107 392 0.00012767
390 392 0.00012767
391 392 0.00012767
380 394 0.0091058
386 394 0.0091058
393 394 0.0091058
392 396 0.00012767
395 396 0.00012767
998 396 0.00012767
108 398 0.00047022
396 398 0.00047022
397 398 0.00047022
381 399 0.00086043
400 399 0.00086043
401 399 0.00086043
413 399 0.00086043
402 401 0.0048466
403 401 0.0048466
418 401 0.0048466
419 401 0.0048466
381 402 0.0077308
400 402 0.0077308
401 402 0.0077308
413 402 0.0077308
404 403 0.0088228
405 403 0.0088228
6570 403 0.0088228
6573 403 0.0088228
402 404 0.029765
403 404 0.029765
418 404 0.029765
419 404 0.029765
97 411 0.064985
412 411 0.064985
6566 411 0.064985
411 412 0.0001954
3734 412 0.0001954
3735 412 0.0001954
414 413 0.022311
415 413 0.022311
417 413 0.022311
381 414 0.00016688
400 414 0.00016688
401 414 0.00016688
413 414 0.00016688
416 415 0.11771
3096 415 0.11771
7148 415 0.11771
414 416 0.00015734
415 416 0.00015734
417 416 0.00015734
402 417 0.00085919
403 417 0.00085919
418 417 0.00085919
419 417 0.00085919
414 418 0.096268
415 418 0.096268
417 418 0.096268
116 419 0.0011461
420 419 0.0011461
421 419 0.0011461
1584 419 0.0011461
402 420 0.078497
403 420 0.078497
418 420 0.078497
419 420 0.078497
114 421 0.00099303
422 421 0.00099303
423 421 0.00099303
6550 421 0.00099303
116 422 0.057501
420 422 0.057501
421 422 0.057501
1584 422 0.057501
112 423 0.00071573
424 423 0.00071573
425 423 0.00071573
6552 423 0.00071573
114 424 0.049628
422 424 0.049628
423 424 0.049628
6550 424 0.049628
426 425 0.00035801
3720 425 0.00035801
3721 425 0.00035801
4661 425 0.00035801
112 426 0.034107
424 426 0.034107
425 426 0.034107
6552 426 0.034107
428 427 0.12297
429 427 0.12297
3089 427 0.12297
5680 427 0.12297
427 428 0.00011352
431 428 0.00011352
3097 428 0.00011352
2279 431 0.0022619
5674 431 0.0022619
7273 431 0.0022619
427 432 0.014509
431 432 0.014509
3097 432 0.014509
554 553 0.0057293
1525 553 0.0057293
2824 553 0.0057293
553 554 0.010934
3702 554 0.010934
3703 554 0.010934
774 773 0.61506
775 773 0.61506
88 774 0.00037027
90 774 0.00037027
773 774 0.00037027
6568 774 0.00037027
776 775 0.61506
6574 775 0.61506
774 776 0.00037027
775 776 0.00037027
109 781 0.006983
782 781 0.006983
784 781 0.006983
781 782 0.0059186
3700 782 0.0059186
3701 782 0.0059186
432 1127 0.14731
5692 1127 0.14731
1521 1520 0.0040845
6558 1520 0.0040845
6561 1520 0.0040845
1520 1521 0.0017121
1523 1521 0.0017121
2825 1521 0.0017121
1520 1522 0.0019002
1523 1522 0.0019002
2825 1522 0.0019002
1522 1523 0.0012939
2821 1523 0.0012939
2827 1523 0.0012939
554 1524 0.0097455
1525 1524 0.0097455
2824 1524 0.0097455
1524 1525 0.0027748
1968 1525 0.0027748
2820 1525 0.0027748
1527 1526 0.00065069
1967 1526 0.00065069
2822 1526 0.00065069
1526 1527 0.00093764
2826 1527 0.00093764
1540 1541 0.8503
4516 1541 0.8503
5699 1541 0.8503
6610 1541 0.8503
1538 1542 0.85189
1541 1542 0.85189
1543 1542 0.85189
5703 1542 0.85189
1566 1568 0.004248
1569 1568 0.004248
5716 1568 0.004248
1568 1569 0.0076849
1571 1569 0.0076849
3699 1569 0.0076849
1568 1570 0.0013271
1571 1570 0.0013271
3699 1570 0.0013271
1570 1571 0.25048
1573 1571 0.25048
3092 1571 0.25048
1570 1572 0.49353
1573 1572 0.49353
3092 1572 0.49353
1572 1573 0.00022662
7223 1573 0.00022662
408 1574 0.49353
1575 1574 0.49353
7224 1574 0.49353
1574 1575 0.00022662
1577 1575 0.00022662
6571 1575 0.00022662
1574 1576 0.010319
1577 1576 0.010319
6571 1576 0.010319
1576 1577 0.15026
7149 1577 0.15026
1578 1580 0.0090021
1581 1580 0.0090021
4558 1580 0.0090021
1580 1581 0.053
1583 1581 0.053
6572 1581 0.053
6575 1581 0.053
1580 1582 0.017193
1583 1582 0.017193
6572 1582 0.017193
6575 1582 0.017193
1582 1583 0.021694
1585 1583 0.021694
4524 1583 0.021694
1582 1584 0.0039018
1585 1584 0.0039018
4524 1584 0.0039018
116 1585 0.030055
420 1585 0.030055
421 1585 0.030055
1584 1585 0.030055
1691 1693 0.00055072
1694 1693 0.00055072
3194 1693 0.00055072
1524 1967 0.0098648
1968 1967 0.0098648
2820 1967 0.0098648
1527 1968 0.0025746
1967 1968 0.0025746
2822 1968 0.0025746
1972 1971 0.0027438
3706 1971 0.0027438
3707 1971 0.0027438
3736 1971 0.0027438
1969 1972 0.010321
1971 1972 0.010321
2823 1972 0.010321
1973 1974 0.00019601
3048 1974 0.00019601
1976 1975 0.14812
6155 1975 0.14812
6617 1975 0.14812
1542 2808 0.85189
2809 2808 0.85189
1522 2820 0.0014285
2821 2820 0.0014285
2827 2820 0.0014285
1524 2821 0.0011091
1968 2821 0.0011091
2820 2821 0.0011091
1969 2822 0.0027438
1971 2822 0.0027438
2823 2822 0.0027438
1527 2823 0.010321
1967 2823 0.010321
2822 2823 0.010321
1520 2824 0.0038443
1523 2824 0.0038443
2825 2824 0.0038443
554 2825 0.0020782
1525 2825 0.0020782
2824 2825 0.0020782
1522 2826 0.00093764
2821 2826 0.00093764
2827 2826 0.00093764
1526 2827 0.00065069
2826 2827 0.00065069
3047 3048 0.00019601
6556 3048 0.00019601
6559 3048 0.00019601
133 3051 0.00096728
3052 3051 0.00096728
3051 3052 0.0077184
3710 3052 0.0077184
3711 3052 0.0077184
428 3090 0.0019183
429 3090 0.0019183
3089 3090 0.0019183
5680 3090 0.0019183
1975 3092 0.74249
3091 3092 0.74249
5682 3092 0.74249
5693 3092 0.74249
3093 3094 0.85189
5684 3094 0.85189
1127 3096 0.25751
3095 3096 0.25751
3098 3096 0.25751
1127 3097 0.0010233
3095 3097 0.0010233
3098 3097 0.0010233
427 3098 0.11163
431 3098 0.11163
3097 3098 0.11163
3195 3194 0.00055072
4521 3194 0.00055072
6601 3194 0.00055072
3215 3214 0.14811
5729 3214 0.14811
6614 3214 0.14811
118 3218 0.0022909
3219 3218 0.0022909
5730 3218 0.0022909
3218 3219 0.0024835
5727 3219 0.0024835
5728 3219 0.0024835
781 3699 0.00023405
3700 3699 0.00023405
3701 3699 0.00023405
1568 3700 0.24595
1571 3700 0.24595
3699 3700 0.24595
781 3702 0.24684
3700 3702 0.24684
3701 3702 0.24684
553 3704 0.24163
3702 3704 0.24163
3703 3704 0.24163
1972 3705 0.0044452
3706 3705 0.0044452
3707 3705 0.0044452
3736 3705 0.0044452
98 3706 0.18123
3704 3706 0.18123
3705 3706 0.18123
134 3707 0.0084702
3708 3707 0.0084702
3709 3707 0.0084702
1972 3708 0.0084276
3706 3708 0.0084276
3707 3708 0.0084276
3736 3708 0.0084276
3051 3709 0.0010845
3710 3709 0.0010845
3711 3709 0.0010845
134 3710 0.007793
3708 3710 0.007793
3709 3710 0.007793
2146 3711 0.00013486
3712 3711 0.00013486
4663 3711 0.00013486
7113 3711 0.00013486
388 3718 0.0046464
389 3718 0.0046464
3717 3718 0.0046464
6554 3718 0.0046464
398 3720 0.005093
3718 3720 0.005093
3719 3720 0.005093
426 3722 0.038836
3720 3722 0.038836
3721 3722 0.038836
4661 3722 0.038836
85 3723 0.002393
3724 3723 0.002393
3725 3723 0.002393
365 3724 0.035628
3722 3724 0.035628
3723 3724 0.035628
3726 3725 0.0023339
3727 3725 0.0023339
4556 3725 0.0023339
85 3726 0.098519
3724 3726 0.098519
3725 3726 0.098519
87 3727 0.0077879
3728 3727 0.0077879
3729 3727 0.0077879
3726 3728 0.10203
3727 3728 0.10203
4556 3728 0.10203
373 3729 0.25335
3730 3729 0.25335
3731 3729 0.25335
87 3730 0.027018
3728 3730 0.027018
3729 3730 0.027018
91 3731 0.24468
3732 3731 0.24468
3733 3731 0.24468
373 3732 0.025819
3730 3732 0.025819
3731 3732 0.025819
411 3733 0.24948
3734 3733 0.24948
3735 3733 0.24948
91 3734 0.00028197
3732 3734 0.00028197
3733 3734 0.00028197
1972 3735 0.1878
3706 3735 0.1878
3707 3735 0.1878
3736 3735 0.1878
411 3736 0.0033975
3734 3736 0.0033975
3735 3736 0.0033975
101 3737 0.0001711
367 3737 0.0001711
3738 3737 0.0001711
99 3738 0.0025024
366 3738 0.0025024
3737 3738 0.0025024
1540 4515 0.14985
4516 4515 0.14985
5699 4515 0.14985
6610 4515 0.14985
1582 4523 0.023215
1585 4523 0.023215
4524 4523 0.023215
4523 4524 0.0015632
4526 4524 0.0015632
6551 4524 0.0015632
4523 4525 0.036126
4526 4525 0.036126
6551 4525 0.036126
4525 4526 0.0019762
6553 4526 0.0019762
6577 4526 0.0019762
3726 4555 0.006779
3727 4555 0.006779
4556 4555 0.006779
100 4556 0.0048323
102 4556 0.0048323
4555 4556 0.0048323
1578 4557 0.053
1581 4557 0.053
4558 4557 0.053
92 4558 0.0090021
4557 4558 0.0090021
6569 4558 0.0090021
4713 4714 0.00013283
5725 4714 0.00013283
5726 4714 0.00013283
4714 4716 0.00012528
4715 4716 0.00012528
4734 4716 0.00012528
4716 4718 0.00012485
4717 4718 0.00012485
4736 4718 0.00012485
3090 5674 0.0019151
5675 5674 0.0019151
5676 5674 0.0019151
7150 5674 0.0019151
3094 5680 0.12476
5681 5680 0.12476
5683 5680 0.12476
3094 5682 0.73005
5681 5682 0.73005
5683 5682 0.73005
1975 5683 0.0029
3091 5683 0.0029
5682 5683 0.0029
5693 5683 0.0029
2808 5684 0.85189
5685 5684 0.85189
5686 5684 0.85189
1975 5692 0.13419
3091 5692 0.13419
5682 5692 0.13419
5693 5692 0.13419
432 5693 0.0013887
5692 5693 0.0013887
5694 5695 1.0001
5696 5695 1.0001
5698 5695 1.0001
1540 5698 0.0001215
4516 5698 0.0001215
5699 5698 0.0001215
6610 5698 0.0001215
1538 5702 0.0007363
1541 5702 0.0007363
1543 5702 0.0007363
5703 5702 0.0007363
1693 5703 0.0024192
5702 5703 0.0024192
5705 5703 0.0024192
1693 5704 0.00070362
5702 5704 0.00070362
5705 5704 0.00070362
5704 5705 0.0019097
5707 5705 0.0019097
5731 5705 0.0019097
6600 5705 0.0019097
5704 5706 0.00011997
5707 5706 0.00011997
5731 5706 0.00011997
6600 5706 0.00011997
4718 5707 0.0001551
4719 5707 0.0001551
5706 5707 0.0001551
5709 5707 0.0001551
110 5716 0.004248
5717 5716 0.004248
6560 5716 0.004248
1566 5717 0.0076849
1569 5717 0.0076849
5716 5717 0.0076849
3218 5726 0.00014631
5727 5726 0.00014631
5728 5726 0.00014631
3215 5728 0.0025733
5729 5728 0.0025733
6614 5728 0.0025733
3218 5729 0.0023038
5727 5729 0.0023038
5728 5729 0.0023038
5704 5730 0.00032205
5707 5730 0.00032205
5731 5730 0.00032205
6600 5730 0.00032205
118 5731 0.0019353
3219 5731 0.0019353
5730 5731 0.0019353
3214 6155 0.14813
6156 6155 0.14813
7264 6155 0.14813
4523 6550 0.0020101
4526 6550 0.0020101
6551 6550 0.0020101
114 6551 0.014508
422 6551 0.014508
423 6551 0.014508
6550 6551 0.014508
4525 6552 0.0015996
6553 6552 0.0015996
6577 6552 0.0015996
112 6553 0.020806
424 6553 0.020806
425 6553 0.020806
6552 6553 0.020806
1974 6556 0.00019601
6557 6556 0.00019601
3047 6558 0.00024945
6556 6558 0.00024945
6559 6558 0.00024945
1521 6559 0.00024945
6558 6559 0.00024945
6561 6559 0.00024945
1521 6560 0.0018177
6558 6560 0.0018177
6561 6560 0.0018177
110 6561 0.0041902
5717 6561 0.0041902
6560 6561 0.0041902
92 6568 0.08874
4557 6568 0.08874
6569 6568 0.08874
88 6569 0.014412
90 6569 0.014412
773 6569 0.014412
6568 6569 0.014412
1574 6570 0.63357
1577 6570 0.63357
6571 6570 0.63357
404 6571 0.00031735
405 6571 0.00031735
6570 6571 0.00031735
6573 6571 0.00031735
404 6572 0.65465
405 6572 0.65465
6570 6572 0.65465
6573 6572 0.65465
1580 6573 0.00045461
1583 6573 0.00045461
6572 6573 0.00045461
6575 6573 0.00045461
1580 6574 0.61506
1583 6574 0.61506
6572 6574 0.61506
6575 6574 0.61506
776 6575 0.00037027
6574 6575 0.00037027
4525 6576 0.054463
6553 6576 0.054463
6577 6576 0.054463
86 6577 0.0011067
89 6577 0.0011067
6576 6577 0.0011067
3195 6600 0.00011
4521 6600 0.00011
6601 6600 0.00011
5704 6601 0.00055226
5707 6601 0.00055226
5731 6601 0.00055226
6600 6601 0.00055226
5695 6608 1.0001
6609 6608 1.0001
6608 6610 1.0001
6611 6610 1.0001
4515 6612 0.14985
5700 6612 0.14985
6613 6612 0.14985
117 6614 0.14838
6612 6614 0.14838
6615 6614 0.14838
1976 6616 0.00010345
6155 6616 0.00010345
6617 6616 0.00010345
1576 7148 0.010319
7149 7148 0.010319
416 7149 0.15026
3096 7149 0.15026
7148 7149 0.15026
1572 7222 0.49353
7223 7222 0.49353
7222 7223 0.00022662
7225 7223 0.00022662
7222 7224 0.49353
7225 7224 0.49353
408 7225 0.00022662
1575 7225 0.00022662
7224 7225 0.00022662
7272 7273 0.00038063
7274 7273 0.00038063
1127 7274 0.00042168
3095 7274 0.00042168
3098 7274 0.00042168
