6878 434 0.00043924
548 547 0.020647
6226 547 0.020647
6227 547 0.020647
6230 547 0.020647
547 548 0.089818
2073 548 0.089818
7094 548 0.089818
942 943 0.00050753
945 943 0.00050753
5898 943 0.00050753
7252 943 0.00050753
942 944 0.00014769
945 944 0.00014769
5898 944 0.00014769
7252 944 0.00014769
944 945 0.0044322
947 945 0.0044322
4210 945 0.0044322
946 947 0.006473
6707 947 0.006473
948 950 0.0013094
951 950 0.0013094
6355 950 0.0013094
995 994 0.19356
6359 994 0.19356
6360 994 0.19356
994 995 0.012356
997 995 0.012356
2076 995 0.012356
2077 995 0.012356
994 996 0.040562
997 996 0.040562
2076 996 0.040562
2077 996 0.040562
996 997 0.11074
3119 997 0.11074
4790 997 0.11074
6237 997 0.11074
434 1126 0.00043938
5089 1126 0.00043938
1227 1226 0.0012669
7040 1226 0.0012669
7075 1226 0.0012669
7079 1226 0.0012669
1226 1227 0.00024676
1536 1227 0.00024676
4200 1227 0.00024676
1226 1537 0.00059725
1536 1537 0.00059725
4200 1537 0.00059725
1654 1653 0.0010996
2340 1653 0.0010996
2343 1653 0.0010996
1653 1654 0.00038672
7054 1654 0.00038672
7076 1654 0.00038672
1656 1655 0.00085328
5746 1655 0.00085328
5748 1655 0.00085328
1657 1658 0.00050753
4219 1658 0.00050753
4817 1658 0.00050753
2072 2071 0.038657
2074 2071 0.038657
2075 2071 0.038657
3906 2071 0.038657
2071 2072 0.057121
6238 2072 0.057121
6239 2072 0.057121
2072 2073 0.0074122
2074 2073 0.0074122
2075 2073 0.0074122
3906 2073 0.0074122
547 2074 0.7481
2073 2074 0.7481
7094 2074 0.7481
994 2075 0.0095885
997 2075 0.0095885
2076 2075 0.0095885
2077 2075 0.0095885
2072 2076 0.745
2074 2076 0.745
2075 2076 0.745
3906 2076 0.745
2078 2077 0.055541
2358 2077 0.055541
2361 2077 0.055541
6371 2077 0.055541
994 2078 0.042327
997 2078 0.042327
2076 2078 0.042327
2077 2078 0.042327
2327 2326 0.0001182
4708 2326 0.0001182
5968 2326 0.0001182
2326 2327 0.00011307
7259 2327 0.00011307
2328 2329 0.019784
7257 2329 0.019784
2330 2331 0.019994
2333 2331 0.019994
5975 2331 0.019994
2332 2333 0.019917
2335 2333 0.019917
4216 2333 0.019917
2334 2335 0.023525
2337 2335 0.023525
5977 2335 0.023525
7152 2335 0.023525
2336 2337 0.027082
2339 2337 0.027082
4709 2337 0.027082
2338 2339 0.026561
2341 2339 0.026561
4198 2339 0.026561
1654 2341 0.02911
2340 2341 0.02911
2343 2341 0.02911
2342 2343 0.029823
7057 2343 0.029823
7074 2343 0.029823
2344 2346 0.00010623
2347 2346 0.00010623
5906 2346 0.00010623
2349 2348 0.00020615
5903 2348 0.00020615
5986 2348 0.00020615
7105 2348 0.00020615
2348 2349 0.67908
5239 2349 0.67908
5739 2349 0.67908
2351 2350 0.026037
4656 2350 0.026037
7014 2350 0.026037
7087 2350 0.026037
2350 2351 0.00077096
5671 2351 0.00077096
5836 2351 0.00077096
2352 2354 0.0011844
2355 2354 0.0011844
5269 2354 0.0011844
2354 2356 0.0010185
2357 2356 0.0010185
2356 2357 0.00042203
2359 2357 0.00042203
6362 2357 0.00042203
7160 2357 0.00042203
2356 2358 0.042145
2359 2358 0.042145
6362 2358 0.042145
7160 2358 0.042145
2078 2359 0.001338
2358 2359 0.001338
2361 2359 0.001338
6371 2359 0.001338
2078 2360 0.047442
2358 2360 0.047442
2361 2360 0.047442
6371 2360 0.047442
2360 2361 0.018009
2363 2361 0.018009
3120 2361 0.018009
2360 2362 0.0052066
2363 2362 0.0052066
3120 2362 0.0052066
2362 2363 0.028964
2365 2363 0.028964
6395 2363 0.028964
2362 2364 0.0051458
2365 2364 0.0051458
6395 2364 0.0051458
2364 2365 0.028348
2367 2365 0.028348
6366 2365 0.028348
6367 2365 0.028348
2364 2366 0.00011589
2367 2366 0.00011589
6366 2366 0.00011589
6367 2366 0.00011589
2366 2367 0.05759
7006 2367 0.05759
7086 2367 0.05759
3118 3117 0.00020678
6390 3117 0.00020678
6391 3117 0.00020678
3117 3118 0.00028922
5957 3118 0.00028922
6368 3118 0.00028922
6369 3118 0.00028922
2360 3119 0.060414
2363 3119 0.060414
3120 3119 0.060414
996 3120 0.0072238
3119 3120 0.0072238
4790 3120 0.0072238
6237 3120 0.0072238
3140 3139 0.0016472
6372 3139 0.0016472
6373 3139 0.0016472
6407 3139 0.0016472
3139 3140 0.0018417
3910 3140 0.0018417
6112 3140 0.0018417
3142 3141 0.00014684
6414 3141 0.00014684
6415 3141 0.00014684
3141 3143 0.00071766
3144 3143 0.00071766
4787 3143 0.00071766
3143 3144 0.00011345
3146 3144 0.00011345
6374 3144 0.00011345
6375 3144 0.00011345
3143 3145 0.0010208
3146 3145 0.0010208
6374 3145 0.0010208
6375 3145 0.0010208
3145 3146 0.00034937
3148 3146 0.00034937
3911 3146 0.00034937
6109 3146 0.00034937
3145 3147 0.00055211
3148 3147 0.00055211
3911 3147 0.00055211
6109 3147 0.00055211
3147 3148 0.00031924
5951 3148 0.00031924
6398 3148 0.00031924
6399 3148 0.00031924
3317 3316 0.019346
5238 3316 0.019346
7089 3316 0.019346
3316 3317 0.014028
7005 3317 0.014028
7008 3317 0.014028
7088 3317 0.014028
3319 3318 0.019643
5985 3318 0.019643
7093 3318 0.019643
7095 3318 0.019643
3318 3319 0.23724
6983 3319 0.23724
7092 3319 0.23724
3321 3320 0.0019454
3322 3320 0.0019454
7097 3320 0.0019454
3320 3321 0.057068
6977 3321 0.057068
7096 3321 0.057068
3323 3322 0.0010168
3324 3322 0.0010168
7103 3322 0.0010168
3321 3323 0.0088229
3322 3323 0.0088229
7097 3323 0.0088229
3325 3324 0.00020898
3326 3324 0.00020898
7099 3324 0.00020898
3323 3325 0.0049648
3324 3325 0.0049648
7103 3325 0.0049648
3325 3327 0.0015347
3326 3327 0.0015347
7099 3327 0.0015347
3331 3332 0.00092936
5827 3332 0.00092936
5829 3332 0.00092936
3332 3333 0.00092936
3334 3333 0.00092936
3333 3335 0.00070041
3336 3335 0.00070041
6225 3335 0.00070041
3335 3336 0.0061197
5823 3336 0.0061197
5831 3336 0.0061197
6967 3336 0.0061197
4199 3791 0.0032578
5395 3791 0.0032578
5396 3792 0.97313
5397 3792 0.97313
3791 3793 0.0011027
3790 3795 0.96997
3794 3795 0.96997
7083 3795 0.96997
3907 3906 0.049334
4019 3906 0.049334
6228 3906 0.049334
6358 3906 0.049334
2072 3907 0.073076
2074 3907 0.073076
2075 3907 0.073076
3906 3907 0.073076
3145 3910 0.00077062
3148 3910 0.00077062
3911 3910 0.00077062
6109 3910 0.00077062
3139 3911 0.00035983
3910 3911 0.00035983
6112 3911 0.00035983
4020 4019 0.00096817
6232 4019 0.00096817
6351 4019 0.00096817
3907 4020 0.0058953
4019 4020 0.0058953
6228 4020 0.0058953
6358 4020 0.0058953
4165 4164 0.00082897
4166 4164 0.00082897
5929 4164 0.00082897
5972 4164 0.00082897
4167 4166 0.00055856
4168 4166 0.00055856
5923 4166 0.00055856
5926 4166 0.00055856
4169 4168 0.00017479
4193 4168 0.00017479
4194 4168 0.00017479
4183 4182 0.00011386
4184 4182 0.00011386
5928 4182 0.00011386
4185 4184 0.00011735
4186 4184 0.00011735
5922 4184 0.00011735
4187 4186 0.00010369
4188 4186 0.00010369
4195 4186 0.00010369
4189 4188 0.00010312
4190 4188 0.00010312
5918 4188 0.00010312
4192 4193 0.00017234
5919 4193 0.00017234
5980 4193 0.00017234
7116 4199 0.0029779
2338 4200 0.0025536
2341 4200 0.0025536
4198 4200 0.0025536
4204 4205 0.00054614
4206 4205 0.00054614
4207 4205 0.00054614
4211 4205 0.00054614
4205 4206 0.00094875
5741 4206 0.00094875
5742 4206 0.00094875
4201 4207 0.00073909
4208 4207 0.00073909
4209 4207 0.00073909
5909 4207 0.00073909
4204 4208 0.00059511
4206 4208 0.00059511
4207 4208 0.00059511
4211 4208 0.00059511
944 4209 0.0022733
947 4209 0.0022733
4210 4209 0.0022733
4204 4212 0.00059812
4206 4212 0.00059812
4207 4212 0.00059812
4211 4212 0.00059812
4212 4213 0.00059812
4214 4213 0.00059812
2332 4215 0.0036617
2335 4215 0.0036617
4216 4215 0.0036617
4217 4218 0.002884
6727 4218 0.002884
4220 4219 0.00050753
4222 4219 0.00050753
943 4222 0.00050753
4221 4222 0.00050753
4815 4222 0.00050753
4223 4224 0.029825
6896 4224 0.029825
7081 4224 0.029825
4228 4227 0.029805
4229 4227 0.029805
6893 4227 0.029805
4657 4656 0.053246
5663 4656 0.053246
5665 4656 0.053246
6736 4658 0.053675
6737 4659 0.00026564
1537 4709 0.00061689
4710 4709 0.00061689
4788 4787 0.00062506
6408 4787 0.00062506
6409 4787 0.00062506
3141 4788 0.00011942
3144 4788 0.00011942
4787 4788 0.00011942
996 4789 0.008403
3119 4789 0.008403
4790 4789 0.008403
6237 4789 0.008403
4789 4790 0.034244
6240 4790 0.034244
6365 4790 0.034244
5064 5063 0.00030101
5240 5063 0.00030101
4659 5064 0.91972
5065 5064 0.91972
3792 5065 0.91945
1128 5091 0.00042658
5092 5091 0.00042658
5093 5092 0.00042637
5088 5093 0.0004285
5094 5093 0.0004285
1126 5094 0.00036006
2348 5238 0.22657
5239 5238 0.22657
5739 5238 0.22657
3317 5239 0.0036483
5238 5239 0.0036483
7089 5239 0.0036483
5064 5241 0.91942
5240 5241 0.91942
3122 5269 0.0012115
5270 5269 0.0012115
6233 5269 0.0012115
2753 5270 0.0015514
3327 5270 0.0015514
5237 5270 0.0015514
5390 5389 0.00033912
5877 5389 0.00033912
5992 5389 0.00033912
1512 5392 0.00033912
5391 5392 0.00033912
5876 5392 0.00033912
5063 5395 0.00027993
3791 5396 0.0021551
3793 5397 0.97097
5993 5397 0.97097
7115 5397 0.97097
4658 5663 0.053253
4658 5664 0.00042162
2350 5669 0.000265
5671 5669 0.000265
5836 5669 0.000265
2350 5670 0.025853
5671 5670 0.025853
5836 5670 0.025853
5670 5671 0.0007946
6385 5671 0.0007946
7085 5671 0.0007946
5241 5739 0.90183
5738 5739 0.90183
7218 5739 0.90183
5740 5741 0.017675
7219 5741 0.017675
4213 5742 0.00013605
5743 5742 0.00013605
5744 5742 0.00013605
4205 5743 0.017354
5741 5743 0.017354
5742 5743 0.017354
1655 5744 0.0001376
5745 5744 0.0001376
5901 5744 0.0001376
5904 5744 0.0001376
4213 5745 0.017902
5743 5745 0.017902
5744 5745 0.017902
1658 5746 0.00085328
5747 5746 0.00085328
5907 5746 0.00085328
5984 5746 0.00085328
3335 5822 0.0015617
5823 5822 0.0015617
5831 5822 0.0015617
6967 5822 0.0015617
5822 5823 0.0058396
6963 5823 0.0058396
7102 5823 0.0058396
7104 5823 0.0058396
5825 5824 0.00017792
5826 5824 0.00017792
5830 5824 0.00017792
5824 5825 0.0030922
6964 5825 0.0030922
7100 5825 0.0030922
5825 5827 0.00092936
5826 5827 0.00092936
5830 5827 0.00092936
3335 5830 0.00063029
5823 5830 0.00063029
5831 5830 0.00063029
6967 5830 0.00063029
5825 5831 0.0026838
5826 5831 0.0026838
5830 5831 0.0026838
5091 5837 0.00038125
5838 5837 0.00038125
5389 5876 0.00033912
5875 5876 0.00033912
5994 5876 0.00033912
5795 5889 0.00010094
5887 5889 0.00010094
5890 5889 0.00010094
4163 5891 0.00085659
4164 5891 0.00085659
5889 5891 0.00085659
5892 5891 0.00085659
5792 5893 0.00088288
5891 5893 0.00088288
5894 5893 0.00088288
2329 5895 0.020605
5896 5895 0.020605
7254 5895 0.020605
7258 5895 0.020605
942 5897 0.024404
945 5897 0.024404
5898 5897 0.024404
7252 5897 0.024404
5897 5899 0.02416
5900 5899 0.02416
5983 5899 0.02416
5899 5900 0.00014404
5902 5900 0.00014404
5910 5900 0.00014404
5899 5901 0.026195
5902 5901 0.026195
5910 5901 0.026195
1655 5902 0.00013579
5745 5902 0.00013579
5901 5902 0.00013579
5904 5902 0.00013579
1655 5903 0.044827
5745 5903 0.044827
5901 5903 0.044827
5904 5903 0.044827
2349 5904 0.00017324
5903 5904 0.00017324
5986 5904 0.00017324
7105 5904 0.00017324
5899 5909 0.00010313
5902 5909 0.00010313
5910 5909 0.00010313
4201 5910 0.0021459
4208 5910 0.0021459
4209 5910 0.0021459
5909 5910 0.0021459
5917 5919 0.00072542
5920 5919 0.00072542
5978 5919 0.00072542
4167 5924 0.00012456
4168 5924 0.00012456
5923 5924 0.00012456
5926 5924 0.00012456
5925 5926 0.00050403
5976 5926 0.00050403
5979 5926 0.00050403
5927 5929 0.00012714
5930 5929 0.00012714
5974 5929 0.00012714
3147 5950 0.00033693
5951 5950 0.00033693
6398 5950 0.00033693
6399 5950 0.00033693
5950 5951 0.00021582
6389 5951 0.00021582
6405 5951 0.00021582
3117 5956 0.00058591
5957 5956 0.00058591
6368 5956 0.00058591
6369 5956 0.00058591
5956 5957 0.0012989
6386 5957 0.0012989
6387 5957 0.0012989
5790 5968 0.00010038
5791 5968 0.00010038
5932 5968 0.00010038
5969 5968 0.00010038
4165 5971 0.00022356
4166 5971 0.00022356
5929 5971 0.00022356
5972 5971 0.00022356
2331 5972 0.00042788
4196 5972 0.00042788
5971 5972 0.00042788
7256 5972 0.00042788
5925 5975 0.0005205
5976 5975 0.0005205
5979 5975 0.0005205
2330 5976 0.00042014
2333 5976 0.00042014
5975 5976 0.00042014
2334 5978 0.00075283
2337 5978 0.00075283
5977 5978 0.00075283
7152 5978 0.00075283
4192 5979 0.0005953
5919 5979 0.0005953
5980 5979 0.0005953
1658 5983 0.00021704
5747 5983 0.00021704
5907 5983 0.00021704
5984 5983 0.00021704
5897 5984 0.00058605
5900 5984 0.00058605
5983 5984 0.00058605
2349 5985 0.72371
5903 5985 0.72371
5986 5985 0.72371
7105 5985 0.72371
5392 5992 0.00033912
5393 5992 0.00033912
5991 5992 0.00033912
5389 5993 0.00038247
5875 5993 0.00038247
5994 5993 0.00038247
3793 5994 0.00038244
5993 5994 0.00038244
7115 5994 0.00038244
3139 6111 0.0015366
3910 6111 0.0015366
6112 6111 0.0015366
6111 6112 0.0013203
6396 6112 0.0013203
6397 6112 0.0013203
6406 6112 0.0013203
548 6225 0.0006418
6226 6225 0.0006418
6227 6225 0.0006418
6230 6225 0.0006418
3333 6226 0.0069218
3336 6226 0.0069218
6225 6226 0.0069218
3907 6227 0.0010625
4019 6227 0.0010625
6228 6227 0.0010625
6358 6227 0.0010625
548 6228 0.20011
6226 6228 0.20011
6227 6228 0.20011
6230 6228 0.20011
548 6229 0.0027499
6226 6229 0.0027499
6227 6229 0.0027499
6230 6229 0.0027499
6229 6230 0.12635
6979 6230 0.12635
7063 6230 0.12635
4020 6231 0.0016049
6232 6231 0.0016049
6351 6231 0.0016049
6231 6232 0.00070678
6234 6232 0.00070678
6354 6232 0.00070678
6231 6233 0.00042315
6234 6233 0.00042315
6354 6233 0.00042315
3122 6234 0.00075661
5270 6234 0.00075661
6233 6234 0.00075661
2071 6237 0.035937
6238 6237 0.035937
6239 6237 0.035937
996 6238 0.044793
3119 6238 0.044793
4790 6238 0.044793
6237 6238 0.044793
4789 6239 0.018979
6240 6239 0.018979
6365 6239 0.018979
2071 6240 0.0093704
6238 6240 0.0093704
6239 6240 0.0093704
950 6351 0.00049106
6352 6351 0.00049106
6353 6351 0.00049106
6356 6351 0.00049106
4020 6352 0.00452
6232 6352 0.00452
6351 6352 0.00452
2354 6353 0.00056152
2357 6353 0.00056152
6231 6355 0.0013094
6234 6355 0.0013094
6354 6355 0.0013094
6357 6356 0.00019081
6361 6356 0.00019081
950 6357 0.0060129
6352 6357 0.0060129
6353 6357 0.0060129
6356 6357 0.0060129
995 6358 0.001315
6359 6358 0.001315
6360 6358 0.001315
3907 6359 0.21918
4019 6359 0.21918
6228 6359 0.21918
6358 6359 0.21918
6357 6360 0.0040078
6361 6360 0.0040078
995 6361 0.040673
6359 6361 0.040673
6360 6361 0.040673
6357 6362 0.042488
6361 6362 0.042488
6364 6363 0.00012557
6410 6363 0.00012557
6411 6363 0.00012557
6363 6364 0.0024023
6943 6364 0.0024023
7165 6364 0.0024023
2364 6365 0.036152
2367 6365 0.036152
6366 6365 0.036152
6367 6365 0.036152
4789 6366 0.00070269
6240 6366 0.00070269
6365 6366 0.00070269
3117 6367 0.0020624
5957 6367 0.0020624
6368 6367 0.0020624
6369 6367 0.0020624
2364 6368 0.00088533
2367 6368 0.00088533
6366 6368 0.00088533
6367 6368 0.00088533
5954 6369 0.00081567
6370 6369 0.00081567
6388 6369 0.00081567
7111 6369 0.00081567
3117 6370 0.00026919
5957 6370 0.00026919
6368 6370 0.00026919
6369 6370 0.00026919
3140 6371 0.0048533
6372 6371 0.0048533
6373 6371 0.0048533
6407 6371 0.0048533
2078 6372 0.0030131
2358 6372 0.0030131
2361 6372 0.0030131
6371 6372 0.0030131
3143 6373 0.0010415
3146 6373 0.0010415
6374 6373 0.0010415
6375 6373 0.0010415
3140 6374 0.0010322
6372 6374 0.0010322
6373 6374 0.0010322
6407 6374 0.0010322
6376 6375 0.00010106
6377 6375 0.00010106
6417 6375 0.00010106
5956 6385 0.00069914
6386 6385 0.00069914
6387 6385 0.00069914
5670 6386 0.001581
6385 6386 0.001581
7085 6386 0.001581
5954 6387 0.00032959
6370 6387 0.00032959
6388 6387 0.00032959
7111 6387 0.00032959
5956 6388 0.00049839
6386 6388 0.00049839
6387 6388 0.00049839
3118 6389 0.00027031
6390 6389 0.00027031
6391 6389 0.00027031
5950 6390 0.00018153
6389 6390 0.00018153
6405 6390 0.00018153
6111 6395 0.0021207
6396 6395 0.0021207
6397 6395 0.0021207
6406 6395 0.0021207
2362 6396 0.0015649
2365 6396 0.0015649
6395 6396 0.0015649
3147 6397 0.0006417
5951 6397 0.0006417
6398 6397 0.0006417
6399 6397 0.0006417
6111 6398 0.0005121
6396 6398 0.0005121
6397 6398 0.0005121
6406 6398 0.0005121
3909 6399 0.00011206
6113 6399 0.00011206
6400 6399 0.00011206
6401 6399 0.00011206
6111 6405 0.00017895
6396 6405 0.00017895
6397 6405 0.00017895
6406 6405 0.00017895
5950 6406 0.00038884
6389 6406 0.00038884
6405 6406 0.00038884
4788 6407 0.002337
6408 6407 0.002337
6409 6407 0.002337
3140 6408 0.00070053
6372 6408 0.00070053
6373 6408 0.00070053
6407 6408 0.00070053
6364 6409 0.0023555
6410 6409 0.0023555
6411 6409 0.0023555
4788 6410 0.00021339
6408 6410 0.00021339
6409 6410 0.00021339
6364 6412 0.00015721
6410 6412 0.00015721
6411 6412 0.00015721
5834 6414 0.00015721
6412 6414 0.00015721
6413 6414 0.00015721
4218 6707 0.006473
6706 6707 0.006473
6724 6707 0.006473
4215 6724 0.0036617
6725 6724 0.0036617
6726 6727 0.002884
7153 6727 0.002884
6879 6736 0.053675
6880 6737 0.00026564
5662 6878 0.00043924
5664 6878 0.00043924
3792 6879 0.053675
433 6880 0.00026564
5669 6880 0.00026564
4224 6893 0.029825
4225 6893 0.029825
6894 6893 0.029825
4223 6895 0.97026
6896 6895 0.97026
7081 6895 0.97026
6939 6938 0.00060939
7067 6938 0.00060939
7163 6938 0.00060939
7164 6938 0.00060939
6938 6939 0.00043334
6941 6939 0.00043334
6949 6939 0.00043334
6938 6940 0.00014097
6941 6940 0.00014097
6949 6940 0.00014097
6940 6941 0.00053943
6942 6941 0.00053943
6945 6941 0.00053943
6947 6941 0.00053943
6363 6942 0.00053943
6943 6942 0.00053943
7165 6942 0.00053943
6940 6943 0.00014097
6942 6943 0.00014097
6945 6943 0.00014097
6947 6943 0.00014097
6938 6948 0.00074071
6941 6948 0.00074071
6949 6948 0.00074071
6948 6949 0.00016619
6950 6949 0.00016619
6953 6949 0.00016619
6948 6952 0.00074071
6950 6952 0.00074071
6953 6952 0.00074071
6952 6953 0.00016619
7161 6953 0.00016619
7162 6953 0.00016619
5824 6963 0.0018773
6964 6963 0.0018773
7100 6963 0.0018773
5822 6964 0.0015619
6963 6964 0.0015619
7102 6964 0.0015619
7104 6964 0.0015619
6965 6967 0.00067769
6968 6967 0.00067769
7101 6967 0.00067769
3335 6968 0.0015898
5823 6968 0.0015898
5831 6968 0.0015898
6967 6968 0.0015898
6969 6971 0.040682
6972 6971 0.040682
6975 6971 0.040682
7066 6971 0.040682
6971 6972 0.016189
6974 6972 0.016189
7064 6972 0.016189
6971 6973 0.036341
6974 6973 0.036341
7064 6973 0.036341
6973 6974 0.05224
6976 6974 0.05224
6978 6974 0.05224
6973 6975 0.071563
6976 6975 0.071563
6978 6975 0.071563
6969 6976 0.01118
6972 6976 0.01118
6975 6976 0.01118
7066 6976 0.01118
6973 6977 0.022234
6976 6977 0.022234
6978 6977 0.022234
3320 6978 0.098516
6977 6978 0.098516
7096 6978 0.098516
6980 6979 0.085353
7065 6979 0.085353
7098 6979 0.085353
6229 6980 0.0021469
6979 6980 0.0021469
7063 6980 0.0021469
6982 6981 0.030451
6984 6981 0.030451
6986 6981 0.030451
6981 6982 0.0085384
6990 6982 0.0085384
6982 6983 0.029758
6984 6983 0.029758
6986 6983 0.029758
3318 6984 0.050428
6983 6984 0.050428
7092 6984 0.050428
6982 6985 0.031094
6984 6985 0.031094
6986 6985 0.031094
6985 6986 0.032337
6988 6986 0.032337
6989 6986 0.032337
6985 6987 0.046709
6988 6987 0.046709
6989 6987 0.046709
6987 6988 0.026039
6992 6988 0.026039
6994 6988 0.026039
6981 6989 0.030451
6990 6989 0.030451
6985 6990 0.0085384
6988 6990 0.0085384
6989 6990 0.0085384
6987 6991 0.048837
6992 6991 0.048837
6994 6991 0.048837
6991 6992 0.0097964
6995 6992 0.0097964
7000 6992 0.0097964
6987 6993 0.026816
6992 6993 0.026816
6994 6993 0.026816
6993 6994 0.045187
6996 6994 0.045187
6998 6994 0.045187
7001 6994 0.045187
6993 6995 0.023516
6996 6995 0.023516
6998 6995 0.023516
7001 6995 0.023516
6991 6996 0.043012
6995 6996 0.043012
7000 6996 0.043012
6993 6997 0.058932
6996 6997 0.058932
6998 6997 0.058932
7001 6997 0.058932
6997 6998 0.038262
7090 6998 0.038262
7091 6998 0.038262
6991 6999 0.023431
6995 6999 0.023431
7000 6999 0.023431
6999 7000 0.0038863
7002 7000 0.0038863
7004 7000 0.0038863
6999 7001 0.023431
7002 7001 0.023431
7004 7001 0.023431
6993 7002 0.0038863
6996 7002 0.0038863
6998 7002 0.0038863
7001 7002 0.0038863
2366 7005 0.00051251
7006 7005 0.00051251
7086 7005 0.00051251
3316 7006 0.03381
7005 7006 0.03381
7008 7006 0.03381
7088 7006 0.03381
6895 7016 0.00041864
7017 7016 0.00041864
7084 7016 0.00041864
7016 7018 1.0001
7019 7018 1.0001
7026 7018 1.0001
7021 7020 0.00037669
7023 7020 0.00037669
7025 7020 0.00037669
7036 7020 0.00037669
7020 7021 0.00025117
7032 7021 0.00025117
7035 7021 0.00025117
7021 7022 0.00027061
7023 7022 0.00027061
7025 7022 0.00027061
7036 7022 0.00027061
7022 7023 0.00016504
7029 7023 0.00016504
7031 7023 0.00016504
7033 7023 0.00016504
7021 7024 0.00037439
7023 7024 0.00037439
7025 7024 0.00037439
7036 7024 0.00037439
7024 7025 0.00045599
7027 7025 0.00045599
7077 7025 0.00045599
7080 7025 0.00045599
7016 7027 0.00033766
7019 7027 0.00033766
7026 7027 0.00033766
1230 7031 0.00041772
7030 7031 0.00041772
7078 7031 0.00041772
7022 7032 0.00052954
7029 7032 0.00052954
7031 7032 0.00052954
7033 7032 0.00052954
7020 7034 0.00066658
7032 7034 0.00066658
7035 7034 0.00066658
7034 7036 0.00038896
7037 7036 0.00038896
7039 7036 0.00038896
7021 7037 0.00023947
7023 7037 0.00023947
7025 7037 0.00023947
7036 7037 0.00023947
7034 7038 0.0005878
7037 7038 0.0005878
7039 7038 0.0005878
7038 7039 0.00011679
7041 7039 0.00011679
7043 7039 0.00011679
7038 7040 0.00058746
7041 7040 0.00058746
7043 7040 0.00058746
1227 7041 0.00011732
7040 7041 0.00011732
7075 7041 0.00011732
7079 7041 0.00011732
6971 7063 0.061187
6974 7063 0.061187
7064 7063 0.061187
6229 7064 0.020795
6979 7064 0.020795
7063 7064 0.020795
6969 7065 0.048602
6972 7065 0.048602
6975 7065 0.048602
7066 7065 0.048602
6980 7066 0.012712
7065 7066 0.012712
7098 7066 0.012712
4227 7074 0.029823
5937 7074 0.029823
7073 7074 0.029823
1653 7075 0.0010983
7054 7075 0.0010983
7076 7075 0.0010983
1227 7076 0.00038462
7040 7076 0.00038462
7075 7076 0.00038462
7079 7076 0.00038462
7024 7078 0.00041772
7027 7078 0.00041772
7077 7078 0.00041772
7080 7078 0.00041772
7024 7079 0.00047348
7027 7079 0.00047348
7077 7079 0.00047348
7080 7079 0.00047348
1227 7080 0.00063723
7040 7080 0.00063723
7075 7080 0.00063723
7079 7080 0.00063723
4811 7081 1.0001
7018 7081 1.0001
7082 7081 1.0001
6895 7083 0.96987
7017 7083 0.96987
7084 7083 0.96987
2366 7085 0.0012253
7006 7085 0.0012253
7086 7085 0.0012253
5670 7086 0.025402
6385 7086 0.025402
7085 7086 0.025402
3316 7087 0.0035455
7005 7087 0.0035455
7008 7087 0.0035455
7088 7087 0.0035455
2351 7088 0.031525
4656 7088 0.031525
7014 7088 0.031525
7087 7088 0.031525
6997 7089 0.0031582
7090 7089 0.0031582
7091 7089 0.0031582
3317 7090 0.22076
5238 7090 0.22076
7089 7090 0.22076
3318 7091 0.0062994
6983 7091 0.0062994
7092 7091 0.0062994
6997 7092 0.24457
7090 7092 0.24457
7091 7092 0.24457
547 7093 0.0059801
2073 7093 0.0059801
7094 7093 0.0059801
3319 7094 0.81584
5985 7094 0.81584
7093 7094 0.81584
7095 7094 0.81584
3320 7095 0.013279
6977 7095 0.013279
7096 7095 0.013279
3319 7096 0.14468
5985 7096 0.14468
7093 7096 0.14468
7095 7096 0.14468
6980 7097 0.0031728
7065 7097 0.0031728
7098 7097 0.0031728
3321 7098 0.050489
3322 7098 0.050489
7097 7098 0.050489
5824 7099 0.00040011
6964 7099 0.00040011
7100 7099 0.00040011
3325 7100 0.0036298
3326 7100 0.0036298
7099 7100 0.0036298
5822 7101 0.00067769
6963 7101 0.00067769
7102 7101 0.00067769
7104 7101 0.00067769
6965 7102 0.0015898
6968 7102 0.0015898
7101 7102 0.0015898
5822 7103 0.0021334
6963 7103 0.0021334
7102 7103 0.0021334
7104 7103 0.0021334
3323 7104 0.0051837
3324 7104 0.0051837
7103 7104 0.0051837
6961 7105 0.00014687
7106 7105 0.00014687
7107 7105 0.00014687
2346 7107 0.00014687
6960 7107 0.00014687
7108 7107 0.00014687
5837 7111 0.00038125
6927 7111 0.00038125
7069 7111 0.00038125
7112 7111 0.00038125
3795 7115 0.96997
7117 7116 0.0029779
1226 7117 0.0029779
1536 7117 0.0029779
4200 7117 0.0029779
2334 7153 0.002884
2337 7153 0.002884
5977 7153 0.002884
7152 7153 0.002884
6952 7160 0.00068177
7161 7160 0.00068177
7162 7160 0.00068177
2356 7161 0.0029585
2359 7161 0.0029585
6362 7161 0.0029585
7160 7161 0.0029585
6939 7162 0.00028207
7067 7162 0.00028207
7163 7162 0.00028207
7164 7162 0.00028207
6952 7163 0.0031333
7161 7163 0.0031333
7162 7163 0.0031333
6363 7164 0.0001389
6943 7164 0.0001389
7165 7164 0.0001389
6939 7165 0.0028141
7067 7165 0.0028141
7163 7165 0.0028141
7164 7165 0.0028141
5241 7219 0.017675
5738 7219 0.017675
7218 7219 0.017675
5895 7252 0.020605
7253 7252 0.020605
5893 7254 0.00088288
7255 7254 0.00088288
2331 7257 0.019784
4196 7257 0.019784
5971 7257 0.019784
7256 7257 0.019784
2326 7258 0.0001182
7259 7258 0.0001182
2329 7259 0.00011307
5896 7259 0.00011307
7254 7259 0.00011307
7258 7259 0.00011307
