86 85 0.0023237
89 85 0.0023237
6576 85 0.0023237
85 86 0.032052
3724 86 0.032052
3725 86 0.032052
88 87 0.00043114
90 87 0.00043114
773 87 0.00043114
6568 87 0.00043114
87 88 0.011254
3728 88 0.011254
3729 88 0.011254
88 89 0.0025479
90 89 0.0025479
773 89 0.0025479
6568 89 0.0025479
86 90 0.0060723
89 90 0.0060723
6576 90 0.0060723
91 92 0.0017637
3732 92 0.0017637
3733 92 0.0017637
100 99 0.00065071
102 99 0.00065071
4555 99 0.00065071
99 100 0.0032281
366 100 0.0032281
3737 100 0.0032281
100 101 0.00032804
102 101 0.00032804
4555 101 0.00032804
101 102 0.0010763
367 102 0.0010763
3738 102 0.0010763
108 107 0.0057556
396 107 0.0057556
397 107 0.0057556
107 108 0.070656
390 108 0.070656
391 108 0.070656
112 111 0.024028
424 111 0.024028
425 111 0.024028
6552 111 0.024028
111 112 0.014308
387 112 0.014308
394 112 0.014308
114 113 0.025959
422 113 0.025959
423 113 0.025959
6550 113 0.025959
113 114 0.012602
384 114 0.012602
385 114 0.012602
116 115 0.018319
420 115 0.018319
421 115 0.018319
1584 115 0.018319
115 116 0.017082
382 116 0.017082
383 116 0.017082
99 365 0.00074349
366 365 0.00074349
3737 365 0.00074349
365 366 0.0045082
3722 366 0.0045082
3723 366 0.0045082
101 368 0.00048505
367 368 0.00048505
3738 368 0.00048505
370 369 0.00014152
372 369 0.00014152
368 372 0.00014152
371 372 0.00014152
376 372 0.00014152
369 373 0.00050223
374 373 0.00050223
375 373 0.00050223
368 375 0.00037779
371 375 0.00037779
376 375 0.00037779
378 377 0.0032931
379 377 0.0032931
377 378 0.0010127
399 378 0.0010127
380 379 0.0032931
386 379 0.0032931
393 379 0.0032931
378 380 0.0010127
379 380 0.0010127
115 381 0.033354
382 381 0.033354
383 381 0.033354
381 382 0.009797
400 382 0.009797
401 382 0.009797
413 382 0.009797
113 383 0.032505
384 383 0.032505
385 383 0.032505
115 384 0.010185
382 384 0.010185
383 384 0.010185
380 385 0.022876
386 385 0.022876
393 385 0.022876
113 386 0.013913
384 386 0.013913
385 386 0.013913
388 387 0.014579
389 387 0.014579
3717 387 0.014579
6554 387 0.014579
111 388 1.0131
387 388 1.0131
394 388 1.0131
107 389 0.0059871
390 389 0.0059871
391 389 0.0059871
388 390 0.095518
389 390 0.095518
3717 390 0.095518
6554 390 0.095518
392 391 0.0016749
395 391 0.0016749
998 391 0.0016749
107 392 0.026305
390 392 0.026305
391 392 0.026305
111 393 0.024418
387 393 0.024418
394 393 0.024418
380 394 0.013174
386 394 0.013174
393 394 0.013174
108 395 0.0016749
396 395 0.0016749
397 395 0.0016749
392 396 0.026305
395 396 0.026305
998 396 0.026305
398 397 0.0021696
3718 397 0.0021696
3719 397 0.0021696
108 398 0.091701
396 398 0.091701
397 398 0.091701
381 399 0.0010127
400 399 0.0010127
401 399 0.0010127
413 399 0.0010127
377 400 0.0032931
399 400 0.0032931
402 401 0.025015
403 401 0.025015
418 401 0.025015
419 401 0.025015
381 402 0.021734
400 402 0.021734
401 402 0.021734
413 402 0.021734
404 403 0.0040455
405 403 0.0040455
6570 403 0.0040455
6573 403 0.0040455
402 404 0.011068
403 404 0.011068
418 404 0.011068
419 404 0.011068
414 413 0.0095258
415 413 0.0095258
417 413 0.0095258
381 414 0.038644
400 414 0.038644
401 414 0.038644
413 414 0.038644
416 415 0.00026277
3096 415 0.00026277
7148 415 0.00026277
414 416 0.38349
415 416 0.38349
417 416 0.38349
402 417 0.35447
403 417 0.35447
418 417 0.35447
419 417 0.35447
414 418 0.0003663
415 418 0.0003663
417 418 0.0003663
116 419 0.36487
420 419 0.36487
421 419 0.36487
1584 419 0.36487
402 420 0.00045633
403 420 0.00045633
418 420 0.00045633
419 420 0.00045633
114 421 0.36369
422 421 0.36369
423 421 0.36369
6550 421 0.36369
116 422 0.0016597
420 422 0.0016597
421 422 0.0016597
1584 422 0.0016597
112 423 0.37334
424 423 0.37334
425 423 0.37334
6552 423 0.37334
114 424 0.0072104
422 424 0.0072104
423 424 0.0072104
6550 424 0.0072104
426 425 0.39033
3720 425 0.39033
3721 425 0.39033
4661 425 0.39033
112 426 0.019543
424 426 0.019543
425 426 0.019543
6552 426 0.019543
428 427 0.00013089
429 427 0.00013089
3089 427 0.00013089
5680 427 0.00013089
427 428 0.013307
431 428 0.013307
3097 428 0.013307
2279 431 0.00088081
5674 431 0.00088081
7273 431 0.00088081
427 432 0.006602
431 432 0.006602
3097 432 0.006602
5835 433 0.00019292
548 547 0.0029528
6226 547 0.0029528
6227 547 0.0029528
6230 547 0.0029528
547 548 0.0058155
2073 548 0.0058155
7094 548 0.0058155
88 774 0.013779
90 774 0.013779
773 774 0.013779
6568 774 0.013779
774 776 0.013779
775 776 0.013779
948 950 0.0076581
951 950 0.0076581
6355 950 0.0076581
950 951 0.0016066
6352 951 0.0016066
6353 951 0.0016066
6356 951 0.0016066
995 994 0.063204
6359 994 0.063204
6360 994 0.063204
994 995 0.020959
997 995 0.020959
2076 995 0.020959
2077 995 0.020959
994 996 0.2584
997 996 0.2584
2076 996 0.2584
2077 996 0.2584
996 997 0.035491
3119 997 0.035491
4790 997 0.035491
6237 997 0.035491
434 1126 0.00012223
5089 1126 0.00012223
432 1127 0.0072976
5692 1127 0.0072976
6874 1128 0.0078663
5085 1129 0.00021531
5267 1129 0.00021531
1528 1530 0.0045963
1531 1530 0.0045963
3303 1530 0.0045963
1530 1531 0.044344
1533 1531 0.044344
2850 1531 0.044344
1530 1532 0.0050509
1533 1532 0.0050509
2850 1532 0.0050509
1532 1533 0.028759
2851 1533 0.028759
3339 1533 0.028759
1568 1570 0.00020955
1571 1570 0.00020955
3699 1570 0.00020955
1572 1573 0.00068422
7223 1573 0.00068422
1574 1575 0.00068422
1577 1575 0.00068422
6571 1575 0.00068422
1574 1576 0.030862
1577 1576 0.030862
6571 1576 0.030862
1576 1577 0.00020356
7149 1577 0.00020356
1578 1580 0.0023629
1581 1580 0.0023629
4558 1580 0.0023629
1580 1582 0.0018877
1583 1582 0.0018877
6572 1582 0.0018877
6575 1582 0.0018877
1582 1583 0.010151
1585 1583 0.010151
4524 1583 0.010151
1582 1584 0.010363
1585 1584 0.010363
4524 1584 0.010363
116 1585 0.0067455
420 1585 0.0067455
421 1585 0.0067455
1584 1585 0.0067455
2072 2071 0.031924
2074 2071 0.031924
2075 2071 0.031924
3906 2071 0.031924
2071 2072 0.052893
6238 2072 0.052893
6239 2072 0.052893
2072 2073 0.0072008
2074 2073 0.0072008
2075 2073 0.0072008
3906 2073 0.0072008
547 2074 0.0057635
2073 2074 0.0057635
7094 2074 0.0057635
994 2075 0.031185
997 2075 0.031185
2076 2075 0.031185
2077 2075 0.031185
2072 2076 0.061596
2074 2076 0.061596
2075 2076 0.061596
3906 2076 0.061596
2078 2077 0.19307
2358 2077 0.19307
2361 2077 0.19307
6371 2077 0.19307
994 2078 0.042821
997 2078 0.042821
2076 2078 0.042821
2077 2078 0.042821
2348 2349 0.00031782
5239 2349 0.00031782
5739 2349 0.00031782
2351 2350 0.0039264
4656 2350 0.0039264
7014 2350 0.0039264
7087 2350 0.0039264
2350 2351 0.0016198
5671 2351 0.0016198
5836 2351 0.0016198
2353 2352 0.32494
3337 2352 0.32494
2352 2354 0.33787
2355 2354 0.33787
5269 2354 0.33787
2354 2356 0.28879
2357 2356 0.28879
2356 2357 0.0010921
2359 2357 0.0010921
6362 2357 0.0010921
7160 2357 0.0010921
2356 2358 0.33169
2359 2358 0.33169
6362 2358 0.33169
7160 2358 0.33169
2078 2359 0.0029885
2358 2359 0.0029885
2361 2359 0.0029885
6371 2359 0.0029885
2078 2360 0.34452
2358 2360 0.34452
2361 2360 0.34452
6371 2360 0.34452
2360 2361 0.011598
2363 2361 0.011598
3120 2361 0.011598
2360 2362 0.025533
2363 2362 0.025533
3120 2362 0.025533
2362 2363 0.11878
2365 2363 0.11878
6395 2363 0.11878
2362 2364 0.03269
2365 2364 0.03269
6395 2364 0.03269
2364 2365 0.082528
2367 2365 0.082528
6366 2365 0.082528
6367 2365 0.082528
2364 2366 0.00063395
2367 2366 0.00063395
6366 2366 0.00063395
6367 2366 0.00063395
2366 2367 0.083743
7006 2367 0.083743
7086 2367 0.083743
1530 2849 0.017673
1533 2849 0.017673
2850 2849 0.017673
600 2850 0.033711
2849 2850 0.033711
3344 2850 0.033711
3345 2850 0.033711
3085 3086 0.0077694
3088 3086 0.0077694
5398 3086 0.0077694
3087 3088 0.007719
7151 3088 0.007719
428 3090 0.013374
429 3090 0.013374
3089 3090 0.013374
5680 3090 0.013374
1570 3091 0.00086464
1573 3091 0.00086464
3092 3091 0.00086464
416 3095 0.41389
3096 3095 0.41389
7148 3095 0.41389
1127 3097 0.019361
3095 3097 0.019361
3098 3097 0.019361
427 3098 0.00046333
431 3098 0.00046333
3097 3098 0.00046333
3105 3106 0.00010716
5399 3106 0.00010716
5963 3106 0.00010716
3107 3109 0.0065134
3110 3109 0.0065134
3309 3109 0.0065134
3310 3109 0.0065134
3109 3111 0.010257
3112 3111 0.010257
3313 3111 0.010257
3314 3111 0.010257
3111 3113 0.0058517
3114 3113 0.0058517
6382 3113 0.0058517
6383 3113 0.0058517
3113 3115 0.0029664
3116 3115 0.0029664
6106 3115 0.0029664
3118 3117 0.0078371
6390 3117 0.0078371
6391 3117 0.0078371
3117 3118 0.0086978
5957 3118 0.0086978
6368 3118 0.0086978
6369 3118 0.0086978
2360 3119 0.43346
2363 3119 0.43346
3120 3119 0.43346
996 3120 0.0072932
3119 3120 0.0072932
4790 3120 0.0072932
6237 3120 0.0072932
3121 3122 0.042748
3328 3122 0.042748
3329 3122 0.042748
3124 3123 0.085723
3307 3123 0.085723
3308 3123 0.085723
3637 3123 0.085723
3123 3124 0.00034642
3126 3124 0.00034642
3312 3124 0.00034642
3123 3125 0.081926
3126 3125 0.081926
3312 3125 0.081926
3125 3126 0.00033099
3128 3126 0.00033099
5949 3126 0.00033099
3125 3127 0.070225
3128 3127 0.070225
5949 3127 0.070225
3127 3128 0.00034278
3130 3128 0.00034278
6380 3128 0.00034278
6381 3128 0.00034278
3127 3129 0.033102
3130 3129 0.033102
6380 3129 0.033102
6381 3129 0.033102
3129 3130 0.00093778
3132 3130 0.00093778
6105 3130 0.00093778
6108 3130 0.00093778
3129 3131 0.019486
3132 3131 0.019486
6105 3131 0.019486
6108 3131 0.019486
3131 3132 0.0015051
3134 3132 0.0015051
6402 3132 0.0015051
6403 3132 0.0015051
3131 3133 0.012793
3134 3133 0.012793
6402 3133 0.012793
6403 3133 0.012793
3133 3134 0.0041385
5955 3134 0.0041385
6394 3134 0.0041385
3136 3135 0.023016
3305 3135 0.023016
3306 3135 0.023016
3135 3136 0.0019426
5948 3136 0.0019426
5953 3136 0.0019426
3138 3137 0.0028625
5832 3137 0.0028625
6422 3137 0.0028625
3137 3138 0.073739
3302 3138 0.073739
3338 3138 0.073739
3140 3139 0.011758
6372 3139 0.011758
6373 3139 0.011758
6407 3139 0.011758
3139 3140 0.015639
3910 3140 0.015639
6112 3140 0.015639
3142 3141 0.027425
6414 3141 0.027425
6415 3141 0.027425
3141 3142 0.0015124
3144 3142 0.0015124
4787 3142 0.0015124
3141 3143 0.025259
3144 3143 0.025259
4787 3143 0.025259
3143 3144 0.0046223
3146 3144 0.0046223
6374 3144 0.0046223
6375 3144 0.0046223
3143 3145 0.018461
3146 3145 0.018461
6374 3145 0.018461
6375 3145 0.018461
3145 3146 0.0068982
3148 3146 0.0068982
3911 3146 0.0068982
6109 3146 0.0068982
3145 3147 0.014579
3148 3147 0.014579
3911 3147 0.014579
6109 3147 0.014579
3147 3148 0.0034922
5951 3148 0.0034922
6398 3148 0.0034922
6399 3148 0.0034922
1528 3302 0.044344
1531 3302 0.044344
3303 3302 0.044344
3137 3303 0.0045963
3302 3303 0.0045963
3338 3303 0.0045963
3136 3304 0.021739
3305 3304 0.021739
3306 3304 0.021739
3304 3305 0.0037227
6420 3305 0.0037227
6421 3305 0.0037227
3124 3306 0.040922
3307 3306 0.040922
3308 3306 0.040922
3637 3306 0.040922
3136 3307 0.0018331
3305 3307 0.0018331
3306 3307 0.0018331
3124 3309 0.0065134
3307 3309 0.0065134
3308 3309 0.0065134
3637 3309 0.0065134
3109 3312 0.0014662
3112 3312 0.0014662
3313 3312 0.0014662
3314 3312 0.0014662
3123 3313 0.0052475
3126 3313 0.0052475
3312 3313 0.0052475
3316 3317 0.0022062
7005 3317 0.0022062
7008 3317 0.0022062
7088 3317 0.0022062
3319 3318 0.00021567
5985 3318 0.00021567
7093 3318 0.00021567
7095 3318 0.00021567
3318 3319 0.0023222
6983 3319 0.0023222
7092 3319 0.0023222
3321 3320 0.0015507
3322 3320 0.0015507
7097 3320 0.0015507
3320 3321 0.0015137
6977 3321 0.0015137
7096 3321 0.0015137
3323 3322 0.0028002
3324 3322 0.0028002
7103 3322 0.0028002
3321 3323 0.00039225
3322 3323 0.00039225
7097 3323 0.00039225
3325 3324 0.003168
3326 3324 0.003168
7099 3324 0.003168
3323 3325 0.00062712
3324 3325 0.00062712
7103 3325 0.00062712
2753 3326 0.0042152
3327 3326 0.0042152
5237 3326 0.0042152
3325 3327 0.00021055
3326 3327 0.00021055
7099 3327 0.00021055
2353 3328 0.054589
3337 3328 0.054589
3331 3332 0.00027299
5827 3332 0.00027299
5829 3332 0.00027299
3332 3333 0.00027299
3334 3333 0.00027299
3333 3335 0.00017033
3336 3335 0.00017033
6225 3335 0.00017033
3335 3336 0.0015102
5823 3336 0.0015102
5831 3336 0.0015102
6967 3336 0.0015102
3137 3337 0.37947
3302 3337 0.37947
3338 3337 0.37947
3343 3338 0.4106
3639 3338 0.4106
3962 3338 0.4106
3340 3339 0.028759
3342 3339 0.028759
3960 3339 0.028759
1532 3340 0.0050509
2851 3340 0.0050509
3339 3340 0.0050509
3340 3341 0.0050509
3342 3341 0.0050509
3960 3341 0.0050509
3341 3342 0.028759
3346 3342 0.028759
4684 3342 0.028759
600 3343 0.54539
2849 3343 0.54539
3344 3343 0.54539
3345 3343 0.54539
3341 3345 0.56143
3346 3345 0.56143
4684 3345 0.56143
73 3347 0.001593
3348 3347 0.001593
3349 3347 0.001593
3347 3348 0.0016017
3354 3348 0.0016017
4683 3348 0.0016017
3350 3349 0.001593
3351 3349 0.001593
3363 3349 0.001593
73 3350 0.0016017
3348 3350 0.0016017
3349 3350 0.0016017
3352 3351 0.00053449
3366 3351 0.00053449
3691 3351 0.00053449
3350 3352 0.0012731
3351 3352 0.0012731
3363 3352 0.0012731
3353 3354 0.58513
3355 3354 0.58513
7220 3354 0.58513
3356 3355 0.00016583
4554 3355 0.00016583
5855 3355 0.00016583
3353 3356 0.00016583
3355 3356 0.00016583
7220 3356 0.00016583
3364 3363 0.0010839
3365 3363 0.0010839
3367 3363 0.0010839
3350 3364 0.00035399
3351 3364 0.00035399
3363 3364 0.00035399
3352 3365 0.0009373
3366 3365 0.0009373
3691 3365 0.0009373
3364 3366 0.00049707
3365 3366 0.00049707
3367 3366 0.00049707
3368 3367 0.00033365
3369 3367 0.00033365
3665 3367 0.00033365
3370 3369 0.00032199
3692 3369 0.00032199
3693 3369 0.00032199
3638 3637 0.13107
3640 3637 0.13107
5268 3637 0.13107
3124 3638 0.000161
3307 3638 0.000161
3308 3638 0.000161
3637 3638 0.000161
3638 3639 0.00051314
3640 3639 0.00051314
5268 3639 0.00051314
3343 3640 0.13615
3639 3640 0.13615
3962 3640 0.13615
3352 3692 0.00034955
3366 3692 0.00034955
3691 3692 0.00034955
781 3699 0.00020293
3700 3699 0.00020293
3701 3699 0.00020293
553 3701 0.00020589
3702 3701 0.00020589
3703 3701 0.00020589
98 3703 0.0002009
3704 3703 0.0002009
3705 3703 0.0002009
1972 3705 0.00016683
3706 3705 0.00016683
3707 3705 0.00016683
3736 3705 0.00016683
1972 3708 0.0001189
3706 3708 0.0001189
3707 3708 0.0001189
3736 3708 0.0001189
134 3710 0.00011492
3708 3710 0.00011492
3709 3710 0.00011492
3051 3712 0.00011766
3710 3712 0.00011766
3711 3712 0.00011766
398 3717 0.012593
3718 3717 0.012593
3719 3717 0.012593
388 3718 0.92154
389 3718 0.92154
3717 3718 0.92154
6554 3718 0.92154
426 3719 0.00014453
3720 3719 0.00014453
3721 3719 0.00014453
4661 3719 0.00014453
398 3720 0.99862
3718 3720 0.99862
3719 3720 0.99862
365 3721 0.0051769
3722 3721 0.0051769
3723 3721 0.0051769
426 3722 0.047735
3720 3722 0.047735
3721 3722 0.047735
4661 3722 0.047735
85 3723 0.0045699
3724 3723 0.0045699
3725 3723 0.0045699
365 3724 0.043363
3722 3724 0.043363
3723 3724 0.043363
3726 3725 0.0035272
3727 3725 0.0035272
4556 3725 0.0035272
85 3726 0.012592
3724 3726 0.012592
3725 3726 0.012592
87 3727 0.00052128
3728 3727 0.00052128
3729 3727 0.00052128
3726 3728 0.012912
3727 3728 0.012912
4556 3728 0.012912
373 3729 0.00046695
3730 3729 0.00046695
3731 3729 0.00046695
87 3730 0.0020348
3728 3730 0.0020348
3729 3730 0.0020348
373 3732 0.0020537
3730 3732 0.0020537
3731 3732 0.0020537
91 3734 0.00032983
3732 3734 0.00032983
3733 3734 0.00032983
411 3736 0.00028126
3734 3736 0.00028126
3735 3736 0.00028126
101 3737 0.00014286
367 3737 0.00014286
3738 3737 0.00014286
99 3738 0.0013302
366 3738 0.0013302
3737 3738 0.0013302
3907 3906 0.035887
4019 3906 0.035887
6228 3906 0.035887
6358 3906 0.035887
2072 3907 0.025008
2074 3907 0.025008
2075 3907 0.025008
3906 3907 0.025008
3909 3908 0.0030766
6113 3908 0.0030766
6400 3908 0.0030766
6401 3908 0.0030766
3908 3909 0.00306
6392 3909 0.00306
6393 3909 0.00306
3145 3910 0.016535
3148 3910 0.016535
3911 3910 0.016535
6109 3910 0.016535
3139 3911 0.0023232
3910 3911 0.0023232
6112 3911 0.0023232
4685 3962 0.00085682
5086 3962 0.00085682
6876 3963 0.00065475
1129 3964 0.00013852
3963 3964 0.00013852
4020 4019 0.044625
6232 4019 0.044625
6351 4019 0.044625
3907 4020 0.0021946
4019 4020 0.0021946
6228 4020 0.0021946
6358 4020 0.0021946
1582 4523 0.00036237
1585 4523 0.00036237
4524 4523 0.00036237
4523 4524 0.012243
4526 4524 0.012243
6551 4524 0.012243
4523 4525 0.0011201
4526 4525 0.0011201
6551 4525 0.0011201
4525 4526 0.022257
6553 4526 0.022257
6577 4526 0.022257
3726 4555 0.00055784
3727 4555 0.00055784
4556 4555 0.00055784
100 4556 0.0038835
102 4556 0.0038835
4555 4556 0.0038835
92 4558 0.0023629
4557 4558 0.0023629
6569 4558 0.0023629
4657 4656 0.0078682
5663 4656 0.0078682
5665 4656 0.0078682
6737 4659 0.0002385
426 4660 0.58513
3720 4660 0.58513
3721 4660 0.58513
4661 4660 0.58513
2146 4662 0.00012634
3712 4662 0.00012634
4663 4662 0.00012634
7113 4662 0.00012634
3347 4684 0.58512
3354 4684 0.58512
4683 4684 0.58512
4788 4787 0.0053909
6408 4787 0.0053909
6409 4787 0.0053909
3141 4788 0.010667
3144 4788 0.010667
4787 4788 0.010667
996 4789 0.014134
3119 4789 0.014134
4790 4789 0.014134
6237 4789 0.014134
4789 4790 0.27136
6240 4790 0.27136
6365 4790 0.27136
4659 5064 0.00023857
5065 5064 0.00023857
4685 5085 0.00013958
5086 5085 0.00013958
5087 5086 0.00099634
5271 5086 0.00099634
1129 5087 0.00073154
3963 5087 0.00073154
7272 5088 0.40689
7274 5088 0.40689
5090 5089 0.00010783
5091 5090 0.040975
5838 5090 0.040975
1128 5091 0.4142
5092 5091 0.4142
5093 5092 0.40633
5088 5093 0.40699
5094 5093 0.40699
1126 5094 0.0001007
3121 5237 0.011905
3328 5237 0.011905
3329 5237 0.011905
3317 5239 0.00014787
5238 5239 0.00014787
7089 5239 0.00014787
5064 5241 0.00023849
5240 5241 0.00023849
3638 5267 0.007942
3640 5267 0.007942
5268 5267 0.007942
3138 5268 0.00321
5832 5268 0.00321
6422 5268 0.00321
3122 5269 0.015458
5270 5269 0.015458
6233 5269 0.015458
2753 5270 0.0079001
3327 5270 0.0079001
5237 5270 0.0079001
3964 5271 0.00026486
6738 5271 0.00026486
5666 5665 0.0078682
5667 5665 0.0078682
3086 5667 0.0078826
5668 5667 0.0078826
5964 5667 0.0078826
2350 5670 0.04346
5671 5670 0.04346
5836 5670 0.04346
5670 5671 0.00052456
6385 5671 0.00052456
7085 5671 0.00052456
3090 5674 0.0066623
5675 5674 0.0066623
5676 5674 0.0066623
7150 5674 0.0066623
2279 5675 0.0012002
5674 5675 0.0012002
7273 5675 0.0012002
3090 5677 0.00016629
5675 5677 0.00016629
5676 5677 0.00016629
7150 5677 0.00016629
3094 5680 0.00018548
5681 5680 0.00018548
5683 5680 0.00018548
1975 5683 0.00018548
3091 5683 0.00018548
5682 5683 0.00018548
5693 5683 0.00018548
1975 5692 0.00077971
3091 5692 0.00077971
5682 5692 0.00077971
5693 5692 0.00077971
5241 5739 0.00023409
5738 5739 0.00023409
7218 5739 0.00023409
3335 5822 0.0005006
5823 5822 0.0005006
5831 5822 0.0005006
6967 5822 0.0005006
5822 5823 0.0013094
6963 5823 0.0013094
7102 5823 0.0013094
7104 5823 0.0013094
5824 5825 0.0011095
6964 5825 0.0011095
7100 5825 0.0011095
5825 5827 0.00027299
5826 5827 0.00027299
5830 5827 0.00027299
3335 5830 0.00014516
5823 5830 0.00014516
5831 5830 0.00014516
6967 5830 0.00014516
5825 5831 0.00095697
5826 5831 0.00095697
5830 5831 0.00095697
2352 5832 0.0025231
2355 5832 0.0025231
5269 5832 0.0025231
6877 5835 0.040867
5835 5836 0.040674
5091 5837 0.37331
5838 5837 0.37331
3125 5948 0.014693
3128 5948 0.014693
5949 5948 0.014693
3135 5949 0.0029796
5948 5949 0.0029796
5953 5949 0.0029796
3147 5950 0.0042975
5951 5950 0.0042975
6398 5950 0.0042975
6399 5950 0.0042975
5950 5951 0.0043466
6389 5951 0.0043466
6405 5951 0.0043466
3135 5952 0.034273
5948 5952 0.034273
5953 5952 0.034273
5952 5953 0.0014867
6378 5953 0.0014867
6379 5953 0.0014867
3133 5954 0.012596
5955 5954 0.012596
6394 5954 0.012596
5954 5955 0.0095376
6370 5955 0.0095376
6388 5955 0.0095376
7111 5955 0.0095376
3117 5956 0.0074075
5957 5956 0.0074075
6368 5956 0.0074075
6369 5956 0.0074075
5956 5957 0.043118
6386 5957 0.043118
6387 5957 0.043118
5677 5963 0.00015935
5678 5963 0.00015935
5962 5963 0.00015935
3103 5964 0.00011394
3106 5964 0.00011394
5965 5964 0.00011394
2349 5985 0.00032478
5903 5985 0.00032478
5986 5985 0.00032478
7105 5985 0.00032478
3113 6105 0.0038388
3116 6105 0.0038388
6106 6105 0.0038388
3129 6106 0.00094843
3132 6106 0.00094843
6105 6106 0.00094843
6108 6106 0.00094843
3129 6107 0.017904
3132 6107 0.017904
6105 6107 0.017904
6108 6107 0.017904
6107 6108 0.00082955
6110 6108 0.00082955
6114 6108 0.00082955
6107 6109 0.015073
6110 6109 0.015073
6114 6109 0.015073
3145 6110 0.0013374
3148 6110 0.0013374
3911 6110 0.0013374
6109 6110 0.0013374
3139 6111 0.016126
3910 6111 0.016126
6112 6111 0.016126
6111 6112 0.0057956
6396 6112 0.0057956
6397 6112 0.0057956
6406 6112 0.0057956
6107 6113 0.0051861
6110 6113 0.0051861
6114 6113 0.0051861
3909 6114 0.0018472
6113 6114 0.0018472
6400 6114 0.0018472
6401 6114 0.0018472
548 6225 0.00014968
6226 6225 0.00014968
6227 6225 0.00014968
6230 6225 0.00014968
3333 6226 0.0017464
3336 6226 0.0017464
6225 6226 0.0017464
3907 6227 0.003018
4019 6227 0.003018
6228 6227 0.003018
6358 6227 0.003018
548 6228 0.010886
6226 6228 0.010886
6227 6228 0.010886
6230 6228 0.010886
548 6229 0.0015452
6226 6229 0.0015452
6227 6229 0.0015452
6230 6229 0.0015452
6229 6230 0.0049534
6979 6230 0.0049534
7063 6230 0.0049534
4020 6231 0.0046859
6232 6231 0.0046859
6351 6231 0.0046859
6231 6232 0.03376
6234 6232 0.03376
6354 6232 0.03376
6231 6233 0.0015624
6234 6233 0.0015624
6354 6233 0.0015624
3122 6234 0.036688
5270 6234 0.036688
6233 6234 0.036688
2071 6237 0.12792
6238 6237 0.12792
6239 6237 0.12792
996 6238 0.034218
3119 6238 0.034218
4790 6238 0.034218
6237 6238 0.034218
4789 6239 0.12024
6240 6239 0.12024
6365 6239 0.12024
2071 6240 0.0055702
6238 6240 0.0055702
6239 6240 0.0055702
950 6351 0.018422
6352 6351 0.018422
6353 6351 0.018422
6356 6351 0.018422
4020 6352 0.005066
6232 6352 0.005066
6351 6352 0.005066
2354 6353 0.050111
2357 6353 0.050111
948 6354 0.0016066
951 6354 0.0016066
6355 6354 0.0016066
6231 6355 0.0076581
6234 6355 0.0076581
6354 6355 0.0076581
6357 6356 0.00014548
6361 6356 0.00014548
950 6357 0.042952
6352 6357 0.042952
6353 6357 0.042952
6356 6357 0.042952
995 6358 0.0063276
6359 6358 0.0063276
6360 6358 0.0063276
3907 6359 0.045746
4019 6359 0.045746
6228 6359 0.045746
6358 6359 0.045746
6357 6360 0.028133
6361 6360 0.028133
995 6361 0.025306
6359 6361 0.025306
6360 6361 0.025306
6357 6362 0.03998
6361 6362 0.03998
6364 6363 0.0067945
6410 6363 0.0067945
6411 6363 0.0067945
6363 6364 0.0057765
6943 6364 0.0057765
7165 6364 0.0057765
2364 6365 0.37233
2367 6365 0.37233
6366 6365 0.37233
6367 6365 0.37233
4789 6366 0.00043904
6240 6366 0.00043904
6365 6366 0.00043904
3117 6367 0.33986
5957 6367 0.33986
6368 6367 0.33986
6369 6367 0.33986
2364 6368 0.0012345
2367 6368 0.0012345
6366 6368 0.0012345
6367 6368 0.0012345
5954 6369 0.30626
6370 6369 0.30626
6388 6369 0.30626
7111 6369 0.30626
3117 6370 0.0024833
5957 6370 0.0024833
6368 6370 0.0024833
6369 6370 0.0024833
3140 6371 0.15924
6372 6371 0.15924
6373 6371 0.15924
6407 6371 0.15924
2078 6372 0.0047674
2358 6372 0.0047674
2361 6372 0.0047674
6371 6372 0.0047674
3143 6373 0.13469
3146 6373 0.13469
6374 6373 0.13469
6375 6373 0.13469
3140 6374 0.002753
6372 6374 0.002753
6373 6374 0.002753
6407 6374 0.002753
6376 6375 0.12305
6377 6375 0.12305
6417 6375 0.12305
3143 6376 0.00018357
3146 6376 0.00018357
6374 6376 0.00018357
6375 6376 0.00018357
5952 6377 0.075482
6378 6377 0.075482
6379 6377 0.075482
6376 6378 0.0005168
6377 6378 0.0005168
6417 6378 0.0005168
3127 6379 0.043938
3130 6379 0.043938
6380 6379 0.043938
6381 6379 0.043938
5952 6380 0.0017586
6378 6380 0.0017586
6379 6380 0.0017586
3111 6381 0.0062599
3114 6381 0.0062599
6382 6381 0.0062599
6383 6381 0.0062599
3127 6382 0.0017982
3130 6382 0.0017982
6380 6382 0.0017982
6381 6382 0.0017982
5956 6385 0.039027
6386 6385 0.039027
6387 6385 0.039027
5670 6386 0.0022281
6385 6386 0.0022281
7085 6386 0.0022281
5954 6387 0.07366
6370 6387 0.07366
6388 6387 0.07366
7111 6387 0.07366
5956 6388 0.0011505
6386 6388 0.0011505
6387 6388 0.0011505
3118 6389 0.0089911
6390 6389 0.0089911
6391 6389 0.0089911
5950 6390 0.002517
6389 6390 0.002517
6405 6390 0.002517
3908 6391 0.0090172
6392 6391 0.0090172
6393 6391 0.0090172
3118 6392 0.0034039
6390 6392 0.0034039
6391 6392 0.0034039
3133 6393 0.0085591
5955 6393 0.0085591
6394 6393 0.0085591
3908 6394 0.0029623
6392 6394 0.0029623
6393 6394 0.0029623
6111 6395 0.045863
6396 6395 0.045863
6397 6395 0.045863
6406 6395 0.045863
2362 6396 0.0024534
2365 6396 0.0024534
6395 6396 0.0024534
3147 6397 0.028464
5951 6397 0.028464
6398 6397 0.028464
6399 6397 0.028464
6111 6398 0.0018098
6396 6398 0.0018098
6397 6398 0.0018098
6406 6398 0.0018098
3909 6399 0.016559
6113 6399 0.016559
6400 6399 0.016559
6401 6399 0.016559
3147 6400 0.0010404
5951 6400 0.0010404
6398 6400 0.0010404
6399 6400 0.0010404
3131 6401 0.013422
3134 6401 0.013422
6402 6401 0.013422
6403 6401 0.013422
3909 6402 0.0012256
6113 6402 0.0012256
6400 6402 0.0012256
6401 6402 0.0012256
3115 6403 0.0029664
5959 6403 0.0029664
6404 6403 0.0029664
6111 6405 0.00089126
6396 6405 0.00089126
6397 6405 0.00089126
6406 6405 0.00089126
5950 6406 0.0073162
6389 6406 0.0073162
6405 6406 0.0073162
4788 6407 0.025172
6408 6407 0.025172
6409 6407 0.025172
3140 6408 0.0065232
6372 6408 0.0065232
6373 6408 0.0065232
6407 6408 0.0065232
6364 6409 0.017198
6410 6409 0.017198
6411 6409 0.017198
4788 6410 0.0038254
6408 6410 0.0038254
6409 6410 0.0038254
5834 6411 0.015934
6412 6411 0.015934
6413 6411 0.015934
6364 6412 0.001543
6410 6412 0.001543
6411 6412 0.001543
3142 6413 0.015934
6414 6413 0.015934
6415 6413 0.015934
5834 6414 0.001543
6412 6414 0.001543
6413 6414 0.001543
6416 6415 0.041623
6418 6415 0.041623
6419 6415 0.041623
3142 6416 0.0013187
6414 6416 0.0013187
6415 6416 0.0013187
6416 6417 0.049023
6418 6417 0.049023
6419 6417 0.049023
6376 6418 0.0011213
6377 6418 0.0011213
6417 6418 0.0011213
3304 6419 0.088455
6420 6419 0.088455
6421 6419 0.088455
6416 6420 0.00024967
6418 6420 0.00024967
6419 6420 0.00024967
3138 6421 0.073479
5832 6421 0.073479
6422 6421 0.073479
3304 6422 0.0032899
6420 6422 0.0032899
6421 6422 0.0032899
4523 6550 0.013192
4526 6550 0.013192
6551 6550 0.013192
114 6551 0.0039359
422 6551 0.0039359
423 6551 0.0039359
6550 6551 0.0039359
4525 6552 0.017395
6553 6552 0.017395
6577 6552 0.017395
112 6553 0.012328
424 6553 0.012328
425 6553 0.012328
6552 6553 0.012328
92 6568 0.00072927
4557 6568 0.00072927
6569 6568 0.00072927
88 6569 0.0013894
90 6569 0.0013894
773 6569 0.0013894
6568 6569 0.0013894
404 6571 0.031335
405 6571 0.031335
6570 6571 0.031335
6573 6571 0.031335
1580 6573 0.024341
1583 6573 0.024341
6572 6573 0.024341
6575 6573 0.024341
776 6575 0.013779
6574 6575 0.013779
4525 6576 0.0027029
6553 6576 0.0027029
6577 6576 0.0027029
86 6577 0.028907
89 6577 0.028907
6576 6577 0.028907
6880 6737 0.0002385
4662 6738 0.00012634
6739 6738 0.00012634
5085 6873 0.0078663
5267 6873 0.0078663
6873 6874 0.0078663
5093 6875 0.00065475
6875 6876 0.00065475
5090 6877 0.040867
433 6880 0.0002385
5669 6880 0.0002385
6939 6938 0.0020557
7067 6938 0.0020557
7163 6938 0.0020557
7164 6938 0.0020557
6938 6939 0.0016007
6941 6939 0.0016007
6949 6939 0.0016007
6938 6940 0.00039102
6941 6940 0.00039102
6949 6940 0.00039102
6940 6941 0.0021996
6942 6941 0.0021996
6945 6941 0.0021996
6947 6941 0.0021996
6363 6942 0.0021996
6943 6942 0.0021996
7165 6942 0.0021996
6940 6943 0.00039102
6942 6943 0.00039102
6945 6943 0.00039102
6947 6943 0.00039102
6938 6948 0.0027204
6941 6948 0.0027204
6949 6948 0.0027204
6948 6949 0.00045683
6950 6949 0.00045683
6953 6949 0.00045683
6948 6952 0.0027204
6950 6952 0.0027204
6953 6952 0.0027204
6952 6953 0.00045683
7161 6953 0.00045683
7162 6953 0.00045683
5824 6963 0.00079505
6964 6963 0.00079505
7100 6963 0.00079505
5822 6964 0.00039997
6963 6964 0.00039997
7102 6964 0.00039997
7104 6964 0.00039997
6965 6967 0.000153
6968 6967 0.000153
7101 6967 0.000153
3335 6968 0.00043375
5823 6968 0.00043375
5831 6968 0.00043375
6967 6968 0.00043375
6969 6971 0.0015754
6972 6971 0.0015754
6975 6971 0.0015754
7066 6971 0.0015754
6971 6972 0.0010309
6974 6972 0.0010309
7064 6972 0.0010309
6971 6973 0.0020679
6974 6973 0.0020679
7064 6973 0.0020679
6973 6974 0.0014546
6976 6974 0.0014546
6978 6974 0.0014546
6973 6975 0.0024477
6976 6975 0.0024477
6978 6975 0.0024477
6969 6976 0.00079707
6972 6976 0.00079707
6975 6976 0.00079707
7066 6976 0.00079707
6973 6977 0.0014083
6976 6977 0.0014083
6978 6977 0.0014083
3320 6978 0.0024456
6977 6978 0.0024456
7096 6978 0.0024456
6980 6979 0.004048
7065 6979 0.004048
7098 6979 0.004048
6229 6980 0.00057085
6979 6980 0.00057085
7063 6980 0.00057085
6982 6981 0.00030519
6984 6981 0.00030519
6986 6981 0.00030519
6982 6983 0.00029544
6984 6983 0.00029544
6986 6983 0.00029544
3318 6984 0.00050768
6983 6984 0.00050768
7092 6984 0.00050768
6982 6985 0.00031299
6984 6985 0.00031299
6986 6985 0.00031299
6985 6986 0.00032118
6988 6986 0.00032118
6989 6986 0.00032118
6985 6987 0.00046949
6988 6987 0.00046949
6989 6987 0.00046949
6987 6988 0.00025724
6992 6988 0.00025724
6994 6988 0.00025724
6981 6989 0.00030519
6990 6989 0.00030519
6987 6991 0.00048688
6992 6991 0.00048688
6994 6991 0.00048688
6987 6993 0.00026897
6992 6993 0.00026897
6994 6993 0.00026897
6993 6994 0.00044702
6996 6994 0.00044702
6998 6994 0.00044702
7001 6994 0.00044702
6993 6995 0.00023185
6996 6995 0.00023185
6998 6995 0.00023185
7001 6995 0.00023185
6991 6996 0.00042858
6995 6996 0.00042858
7000 6996 0.00042858
6993 6997 0.00058845
6996 6997 0.00058845
6998 6997 0.00058845
7001 6997 0.00058845
6997 6998 0.0003762
7090 6998 0.0003762
7091 6998 0.0003762
6991 6999 0.00023198
6995 6999 0.00023198
7000 6999 0.00023198
6999 7001 0.00023198
7002 7001 0.00023198
7004 7001 0.00023198
2366 7005 0.00094263
7006 7005 0.00094263
7086 7005 0.00094263
3316 7006 0.0043169
7005 7006 0.0043169
7008 7006 0.0043169
7088 7006 0.0043169
6971 7063 0.0018631
6974 7063 0.0018631
7064 7063 0.0018631
6229 7064 0.001932
6979 7064 0.001932
7063 7064 0.001932
6969 7065 0.0020326
6972 7065 0.0020326
6975 7065 0.0020326
7066 7065 0.0020326
6980 7066 0.00092642
7065 7066 0.00092642
7098 7066 0.00092642
2366 7085 0.00037145
7006 7085 0.00037145
7086 7085 0.00037145
5670 7086 0.080106
6385 7086 0.080106
7085 7086 0.080106
2351 7088 0.0055984
4656 7088 0.0055984
7014 7088 0.0055984
7087 7088 0.0055984
3317 7090 0.0021441
5238 7090 0.0021441
7089 7090 0.0021441
6997 7092 0.0023899
7090 7092 0.0023899
7091 7092 0.0023899
547 7093 0.002279
2073 7093 0.002279
7094 7093 0.002279
3319 7094 0.0037045
5985 7094 0.0037045
7093 7094 0.0037045
7095 7094 0.0037045
3320 7095 0.0017793
6977 7095 0.0017793
7096 7095 0.0017793
3319 7096 0.0027796
5985 7096 0.0027796
7093 7096 0.0027796
7095 7096 0.0027796
6980 7097 0.00038662
7065 7097 0.00038662
7098 7097 0.00038662
3321 7098 0.0027576
3322 7098 0.0027576
7097 7098 0.0027576
3325 7100 0.0015623
3326 7100 0.0015623
7099 7100 0.0015623
5822 7101 0.000153
6963 7101 0.000153
7102 7101 0.000153
7104 7101 0.000153
6965 7102 0.00043375
6968 7102 0.00043375
7101 7102 0.00043375
5822 7103 0.00078413
6963 7103 0.00078413
7102 7103 0.00078413
7104 7103 0.00078413
3323 7104 0.00091708
3324 7104 0.00091708
7103 7104 0.00091708
5837 7111 0.37331
6927 7111 0.37331
7069 7111 0.37331
7112 7111 0.37331
1576 7148 0.030862
7149 7148 0.030862
416 7149 0.00020356
3096 7149 0.00020356
7148 7149 0.00020356
3090 7151 0.007719
5675 7151 0.007719
5676 7151 0.007719
7150 7151 0.007719
6952 7160 0.0082323
7161 7160 0.0082323
7162 7160 0.0082323
2356 7161 0.0072142
2359 7161 0.0072142
6362 7161 0.0072142
7160 7161 0.0072142
6939 7162 0.006601
7067 7162 0.006601
7163 7162 0.006601
7164 7162 0.006601
6952 7163 0.0078465
7161 7163 0.0078465
7162 7163 0.0078465
6363 7164 0.0062289
6943 7164 0.0062289
7165 7164 0.0062289
6939 7165 0.0070194
7067 7165 0.0070194
7163 7165 0.0070194
7164 7165 0.0070194
4660 7220 0.58513
7221 7220 0.58513
7222 7223 0.00068422
7225 7223 0.00068422
408 7225 0.00068422
1575 7225 0.00068422
7224 7225 0.00068422
2279 7272 0.0063008
5674 7272 0.0063008
7273 7272 0.0063008
7272 7273 0.0016981
7274 7273 0.0016981
1127 7274 0.40229
3095 7274 0.40229
3098 7274 0.40229
