548 547 0.0066381
6226 547 0.0066381
6227 547 0.0066381
6230 547 0.0066381
547 548 0.0094221
2073 548 0.0094221
7094 548 0.0094221
948 950 0.019572
951 950 0.019572
6355 950 0.019572
950 951 0.0041175
6352 951 0.0041175
6353 951 0.0041175
6356 951 0.0041175
995 994 0.13054
6359 994 0.13054
6360 994 0.13054
994 995 0.02548
997 995 0.02548
2076 995 0.02548
2077 995 0.02548
994 996 0.38079
997 996 0.38079
2076 996 0.38079
2077 996 0.38079
996 997 0.03107
3119 997 0.03107
4790 997 0.03107
6237 997 0.03107
2072 2071 0.06406
2074 2071 0.06406
2075 2071 0.06406
3906 2071 0.06406
2071 2072 0.04485
6238 2072 0.04485
6239 2072 0.04485
2072 2073 0.011865
2074 2073 0.011865
2075 2073 0.011865
3906 2073 0.011865
547 2074 0.0093352
2073 2074 0.0093352
7094 2074 0.0093352
994 2075 0.042352
997 2075 0.042352
2076 2075 0.042352
2077 2075 0.042352
2072 2076 0.079405
2074 2076 0.079405
2075 2076 0.079405
3906 2076 0.079405
2078 2077 0.25471
2358 2077 0.25471
2361 2077 0.25471
6371 2077 0.25471
994 2078 0.047095
997 2078 0.047095
2076 2078 0.047095
2077 2078 0.047095
2353 2352 0.85693
3337 2352 0.85693
2352 2353 0.0001244
2355 2353 0.0001244
5269 2353 0.0001244
2352 2354 0.89076
2355 2354 0.89076
5269 2354 0.89076
2354 2356 0.76138
2357 2356 0.76138
2356 2357 0.0004797
2359 2357 0.0004797
6362 2357 0.0004797
7160 2357 0.0004797
2356 2358 0.82474
2359 2358 0.82474
6362 2358 0.82474
7160 2358 0.82474
2078 2359 0.00044663
2358 2359 0.00044663
2361 2359 0.00044663
6371 2359 0.00044663
2078 2360 0.62519
2358 2360 0.62519
2361 2360 0.62519
6371 2360 0.62519
2360 2361 0.0012656
2363 2361 0.0012656
3120 2361 0.0012656
2360 2362 0.038582
2363 2362 0.038582
3120 2362 0.038582
2362 2363 0.0068108
2365 2363 0.0068108
6395 2363 0.0068108
2362 2364 0.039149
2365 2364 0.039149
6395 2364 0.039149
2364 2365 0.00068493
2367 2365 0.00068493
6366 2365 0.00068493
6367 2365 0.00068493
2364 2366 0.00020632
2367 2366 0.00020632
6366 2366 0.00020632
6367 2366 0.00020632
2366 2367 0.00021229
7006 2367 0.00021229
7086 2367 0.00021229
3118 3117 0.00042289
6390 3117 0.00042289
6391 3117 0.00042289
2360 3119 0.59598
2363 3119 0.59598
3120 3119 0.59598
996 3120 0.0038238
3119 3120 0.0038238
4790 3120 0.0038238
6237 3120 0.0038238
3122 3121 0.00016293
5270 3121 0.00016293
6233 3121 0.00016293
3121 3122 0.11271
3328 3122 0.11271
3329 3122 0.11271
3124 3123 0.00028116
3307 3123 0.00028116
3308 3123 0.00028116
3637 3123 0.00028116
3123 3125 0.00026968
3126 3125 0.00026968
3312 3125 0.00026968
3125 3127 0.00025034
3128 3127 0.00025034
5949 3127 0.00025034
3127 3129 0.00016397
3130 3129 0.00016397
6380 3129 0.00016397
6381 3129 0.00016397
3129 3131 0.00012168
3132 3131 0.00012168
6105 3131 0.00012168
6108 3131 0.00012168
3131 3133 0.0001119
3134 3133 0.0001119
6402 3133 0.0001119
6403 3133 0.0001119
3136 3135 0.00027572
3305 3135 0.00027572
3306 3135 0.00027572
3138 3137 0.0006815
5832 3137 0.0006815
6422 3137 0.0006815
3140 3139 0.0059711
6372 3139 0.0059711
6373 3139 0.0059711
6407 3139 0.0059711
3139 3140 0.001167
3910 3140 0.001167
6112 3140 0.001167
3142 3141 0.0018381
6414 3141 0.0018381
6415 3141 0.0018381
3141 3143 0.0023947
3144 3143 0.0023947
4787 3143 0.0023947
3143 3144 0.00020072
3146 3144 0.00020072
6374 3144 0.00020072
6375 3144 0.00020072
3143 3145 0.0023931
3146 3145 0.0023931
6374 3145 0.0023931
6375 3145 0.0023931
3145 3146 0.00017516
3148 3146 0.00017516
3911 3146 0.00017516
6109 3146 0.00017516
3145 3147 0.0017233
3148 3147 0.0017233
3911 3147 0.0017233
6109 3147 0.0017233
3147 3148 0.0001129
5951 3148 0.0001129
6398 3148 0.0001129
6399 3148 0.0001129
3304 3305 0.00026613
6420 3305 0.00026613
6421 3305 0.00026613
3124 3306 0.00011664
3307 3306 0.00011664
3308 3306 0.00011664
3637 3306 0.00011664
3316 3317 0.0001349
7005 3317 0.0001349
7008 3317 0.0001349
7088 3317 0.0001349
3319 3318 0.00044818
5985 3318 0.00044818
7093 3318 0.00044818
7095 3318 0.00044818
3318 3319 0.00051998
6983 3319 0.00051998
7092 3319 0.00051998
3321 3320 0.0039805
3322 3320 0.0039805
7097 3320 0.0039805
3320 3321 0.0026145
6977 3321 0.0026145
7096 3321 0.0026145
3323 3322 0.007336
3324 3322 0.007336
7103 3322 0.007336
3321 3323 0.00076783
3322 3323 0.00076783
7097 3323 0.00076783
3325 3324 0.0083412
3326 3324 0.0083412
7099 3324 0.0083412
3323 3325 0.0014879
3324 3325 0.0014879
7103 3325 0.0014879
2753 3326 0.011111
3327 3326 0.011111
5237 3326 0.011111
3325 3327 0.00050303
3326 3327 0.00050303
7099 3327 0.00050303
2353 3328 0.14392
3337 3328 0.14392
3331 3332 0.0006763
5827 3332 0.0006763
5829 3332 0.0006763
3332 3333 0.0006763
3334 3333 0.0006763
3333 3335 0.00037687
3336 3335 0.00037687
6225 3335 0.00037687
3335 3336 0.0037764
5823 3336 0.0037764
5831 3336 0.0037764
6967 3336 0.0037764
3137 3337 1.0007
3302 3337 1.0007
3338 3337 1.0007
3638 3637 0.00037248
3640 3637 0.00037248
5268 3637 0.00037248
3907 3906 0.088099
4019 3906 0.088099
6228 3906 0.088099
6358 3906 0.088099
2072 3907 0.029307
2074 3907 0.029307
2075 3907 0.029307
3906 3907 0.029307
3909 3908 0.00010957
6113 3908 0.00010957
6400 3908 0.00010957
6401 3908 0.00010957
3145 3910 0.0011367
3148 3910 0.0011367
3911 3910 0.0011367
6109 3910 0.0011367
3139 3911 0.00060682
3910 3911 0.00060682
6112 3911 0.00060682
4020 4019 0.11675
6232 4019 0.11675
6351 4019 0.11675
3907 4020 0.0034761
4019 4020 0.0034761
6228 4020 0.0034761
6358 4020 0.0034761
4788 4787 0.0010784
6408 4787 0.0010784
6409 4787 0.0010784
3141 4788 0.0006388
3144 4788 0.0006388
4787 4788 0.0006388
996 4789 0.017589
3119 4789 0.017589
4790 4789 0.017589
6237 4789 0.017589
4789 4790 0.037426
6240 4790 0.037426
6365 4790 0.037426
3121 5237 0.031382
3328 5237 0.031382
3329 5237 0.031382
3138 5268 0.00048439
5832 5268 0.00048439
6422 5268 0.00048439
3122 5269 0.040501
5270 5269 0.040501
6233 5269 0.040501
2753 5270 0.020773
3327 5270 0.020773
5237 5270 0.020773
3335 5822 0.0012335
5823 5822 0.0012335
5831 5822 0.0012335
6967 5822 0.0012335
5822 5823 0.0032631
6963 5823 0.0032631
7102 5823 0.0032631
7104 5823 0.0032631
5824 5825 0.00281
6964 5825 0.00281
7100 5825 0.00281
5825 5827 0.0006763
5826 5827 0.0006763
5830 5827 0.0006763
3335 5830 0.00034756
5823 5830 0.00034756
5831 5830 0.00034756
6967 5830 0.00034756
5825 5831 0.00242
5826 5831 0.00242
5830 5831 0.00242
2352 5832 0.0065638
2355 5832 0.0065638
5269 5832 0.0065638
3147 5950 0.00050982
5951 5950 0.00050982
6398 5950 0.00050982
6399 5950 0.00050982
3135 5952 0.00029801
5948 5952 0.00029801
5953 5952 0.00029801
3133 5954 0.0001185
5955 5954 0.0001185
6394 5954 0.0001185
3117 5956 0.00013599
5957 5956 0.00013599
6368 5956 0.00013599
6369 5956 0.00013599
3145 6110 0.0001564
3148 6110 0.0001564
3911 6110 0.0001564
6109 6110 0.0001564
3139 6111 0.0058527
3910 6111 0.0058527
6112 6111 0.0058527
6111 6112 0.00051868
6396 6112 0.00051868
6397 6112 0.00051868
6406 6112 0.00051868
6107 6113 0.00014833
6110 6113 0.00014833
6114 6113 0.00014833
548 6225 0.00032131
6226 6225 0.00032131
6227 6225 0.00032131
6230 6225 0.00032131
3333 6226 0.0043615
3336 6226 0.0043615
6225 6226 0.0043615
3907 6227 0.0068915
4019 6227 0.0068915
6228 6227 0.0068915
6358 6227 0.0068915
548 6228 0.020153
6226 6228 0.020153
6227 6228 0.020153
6230 6228 0.020153
548 6229 0.0034864
6226 6229 0.0034864
6227 6229 0.0034864
6230 6229 0.0034864
6229 6230 0.0099238
6979 6230 0.0099238
7063 6230 0.0099238
4020 6231 0.011532
6232 6231 0.011532
6351 6231 0.011532
6231 6232 0.088893
6234 6232 0.088893
6354 6232 0.088893
6231 6233 0.0038845
6234 6233 0.0038845
6354 6233 0.0038845
3122 6234 0.096699
5270 6234 0.096699
6233 6234 0.096699
2071 6237 0.081056
6238 6237 0.081056
6239 6237 0.081056
996 6238 0.042769
3119 6238 0.042769
4790 6238 0.042769
6237 6238 0.042769
4789 6239 0.028501
6240 6239 0.028501
6365 6239 0.028501
2071 6240 0.0094244
6238 6240 0.0094244
6239 6240 0.0094244
950 6351 0.047542
6352 6351 0.047542
6353 6351 0.047542
6356 6351 0.047542
4020 6352 0.011627
6232 6352 0.011627
6351 6352 0.011627
2354 6353 0.12984
2357 6353 0.12984
948 6354 0.0041175
951 6354 0.0041175
6355 6354 0.0041175
6231 6355 0.019572
6234 6355 0.019572
6354 6355 0.019572
6357 6356 0.00019808
6361 6356 0.00019808
950 6357 0.10957
6352 6357 0.10957
6353 6357 0.10957
6356 6357 0.10957
995 6358 0.012964
6359 6358 0.012964
6360 6358 0.012964
3907 6359 0.080709
4019 6359 0.080709
6228 6359 0.080709
6358 6359 0.080709
6357 6360 0.071769
6361 6360 0.071769
995 6361 0.034456
6359 6361 0.034456
6360 6361 0.034456
6357 6362 0.072062
6361 6362 0.072062
6364 6363 0.00048436
6410 6363 0.00048436
6411 6363 0.00048436
6363 6364 0.0091526
6943 6364 0.0091526
7165 6364 0.0091526
2364 6365 0.039519
2367 6365 0.039519
6366 6365 0.039519
6367 6365 0.039519
4789 6366 0.00060525
6240 6366 0.00060525
6365 6366 0.00060525
3117 6367 0.00060785
5957 6367 0.00060785
6368 6367 0.00060785
6369 6367 0.00060785
2364 6368 0.0001647
2367 6368 0.0001647
6366 6368 0.0001647
6367 6368 0.0001647
5954 6369 0.00015603
6370 6369 0.00015603
6388 6369 0.00015603
7111 6369 0.00015603
3140 6371 0.013985
6372 6371 0.013985
6373 6371 0.013985
6407 6371 0.013985
2078 6372 0.0067449
2358 6372 0.0067449
2361 6372 0.0067449
6371 6372 0.0067449
3143 6373 0.004997
3146 6373 0.004997
6374 6373 0.004997
6375 6373 0.004997
3140 6374 0.0017161
6372 6374 0.0017161
6373 6374 0.0017161
6407 6374 0.0017161
6376 6375 0.0033437
6377 6375 0.0033437
6417 6375 0.0033437
5952 6377 0.00044051
6378 6377 0.00044051
6379 6377 0.00044051
3127 6379 0.00015895
3130 6379 0.00015895
6380 6379 0.00015895
6381 6379 0.00015895
5956 6385 0.00015933
6386 6385 0.00015933
6387 6385 0.00015933
5950 6390 0.00037097
6389 6390 0.00037097
6405 6390 0.00037097
3908 6391 0.00011716
6392 6391 0.00011716
6393 6391 0.00011716
6111 6395 0.0073603
6396 6395 0.0073603
6397 6395 0.0073603
6406 6395 0.0073603
2362 6396 0.00066746
2365 6396 0.00066746
6395 6396 0.00066746
3147 6397 0.0016237
5951 6397 0.0016237
6398 6397 0.0016237
6399 6397 0.0016237
6111 6398 0.00037772
6396 6398 0.00037772
6397 6398 0.00037772
6406 6398 0.00037772
3909 6399 0.00017108
6113 6399 0.00017108
6400 6399 0.00017108
6401 6399 0.00017108
3147 6400 0.00011177
5951 6400 0.00011177
6398 6400 0.00011177
6399 6400 0.00011177
6111 6405 0.00020676
6396 6405 0.00020676
6397 6405 0.00020676
6406 6405 0.00020676
5950 6406 0.00031972
6389 6406 0.00031972
6405 6406 0.00031972
4788 6407 0.0095801
6408 6407 0.0095801
6409 6407 0.0095801
3140 6408 0.00081692
6372 6408 0.00081692
6373 6408 0.00081692
6407 6408 0.00081692
6364 6409 0.009567
6410 6409 0.009567
6411 6409 0.009567
4788 6410 0.00036421
6408 6410 0.00036421
6409 6410 0.00036421
5834 6411 0.00092177
6412 6411 0.00092177
6413 6411 0.00092177
6364 6412 0.00038724
6410 6412 0.00038724
6411 6412 0.00038724
3142 6413 0.00092177
6414 6413 0.00092177
6415 6413 0.00092177
5834 6414 0.00038724
6412 6414 0.00038724
6413 6414 0.00038724
6416 6415 0.0024108
6418 6415 0.0024108
6419 6415 0.0024108
3142 6416 0.00012188
6414 6416 0.00012188
6415 6416 0.00012188
6416 6417 0.0029317
6418 6417 0.0029317
6419 6417 0.0029317
3304 6419 0.0052123
6420 6419 0.0052123
6421 6419 0.0052123
3138 6421 0.0054209
5832 6421 0.0054209
6422 6421 0.0054209
6939 6938 0.0029048
7067 6938 0.0029048
7163 6938 0.0029048
7164 6938 0.0029048
6938 6939 0.0019379
6941 6939 0.0019379
6949 6939 0.0019379
6938 6940 0.00058164
6941 6940 0.00058164
6949 6940 0.00058164
6940 6941 0.0024845
6942 6941 0.0024845
6945 6941 0.0024845
6947 6941 0.0024845
6363 6942 0.0024845
6943 6942 0.0024845
7165 6942 0.0024845
6940 6943 0.00058164
6942 6943 0.00058164
6945 6943 0.00058164
6947 6943 0.00058164
6938 6948 0.0035931
6941 6948 0.0035931
6949 6948 0.0035931
6948 6949 0.00072341
6950 6949 0.00072341
6953 6949 0.00072341
6948 6952 0.0035931
6950 6952 0.0035931
6953 6952 0.0035931
6952 6953 0.00072341
7161 6953 0.00072341
7162 6953 0.00072341
5824 6963 0.0020308
6964 6963 0.0020308
7100 6963 0.0020308
5822 6964 0.00098893
6963 6964 0.00098893
7102 6964 0.00098893
7104 6964 0.00098893
6965 6967 0.00038045
6968 6967 0.00038045
7101 6967 0.00038045
3335 6968 0.001083
5823 6968 0.001083
5831 6968 0.001083
6967 6968 0.001083
6969 6971 0.0030886
6972 6971 0.0030886
6975 6971 0.0030886
7066 6971 0.0030886
6971 6972 0.0021691
6974 6972 0.0021691
7064 6972 0.0021691
6971 6973 0.0042931
6974 6973 0.0042931
7064 6973 0.0042931
6973 6974 0.0026239
6976 6974 0.0026239
6978 6974 0.0026239
6973 6975 0.0046397
6976 6975 0.0046397
6978 6975 0.0046397
6969 6976 0.0017354
6972 6976 0.0017354
6975 6976 0.0017354
7066 6976 0.0017354
6973 6977 0.002978
6976 6977 0.002978
6978 6977 0.002978
3320 6978 0.0042132
6977 6978 0.0042132
7096 6978 0.0042132
6980 6979 0.0084598
7065 6979 0.0084598
7098 6979 0.0084598
6229 6980 0.0012727
6979 6980 0.0012727
7063 6980 0.0012727
6982 6981 0.00019968
6984 6981 0.00019968
6986 6981 0.00019968
6982 6983 0.00014481
6984 6983 0.00014481
6986 6983 0.00014481
3318 6984 0.00037399
6983 6984 0.00037399
7092 6984 0.00037399
6982 6985 0.00022867
6984 6985 0.00022867
6986 6985 0.00022867
6985 6986 0.00015823
6988 6986 0.00015823
6989 6986 0.00015823
6985 6987 0.00032929
6988 6987 0.00032929
6989 6987 0.00032929
6987 6988 0.00010011
6992 6988 0.00010011
6994 6988 0.00010011
6981 6989 0.00019968
6990 6989 0.00019968
6987 6991 0.00026611
6992 6991 0.00026611
6994 6991 0.00026611
6987 6993 0.00017715
6992 6993 0.00017715
6994 6993 0.00017715
6993 6994 0.00018107
6996 6994 0.00018107
6998 6994 0.00018107
7001 6994 0.00018107
6991 6996 0.00022957
6995 6996 0.00022957
7000 6996 0.00022957
6993 6997 0.00033608
6996 6997 0.00033608
6998 6997 0.00033608
7001 6997 0.00033608
6997 6998 0.0001069
7090 6998 0.0001069
7091 6998 0.0001069
2366 7005 0.00012915
7006 7005 0.00012915
7086 7005 0.00012915
6971 7063 0.0034565
6974 7063 0.0034565
7064 7063 0.0034565
6229 7064 0.0042062
6979 7064 0.0042062
7063 7064 0.0042062
6969 7065 0.0040252
6972 7065 0.0040252
6975 7065 0.0040252
7066 7065 0.0040252
6980 7066 0.0020403
7065 7066 0.0020403
7098 7066 0.0020403
5670 7086 0.00017088
6385 7086 0.00017088
7085 7086 0.00017088
3317 7090 0.00013362
5238 7090 0.00013362
7089 7090 0.00013362
3318 7091 0.00014255
6983 7091 0.00014255
7092 7091 0.00014255
6997 7092 0.00044354
7090 7092 0.00044354
7091 7092 0.00044354
547 7093 0.0040893
2073 7093 0.0040893
7094 7093 0.0040893
3319 7094 0.004344
5985 7094 0.004344
7093 7094 0.004344
7095 7094 0.004344
3320 7095 0.0042059
6977 7095 0.0042059
7096 7095 0.0042059
3319 7096 0.0040752
5985 7096 0.0040752
7093 7096 0.0040752
7095 7096 0.0040752
6980 7097 0.00083977
7065 7097 0.00083977
7098 7097 0.00083977
3321 7098 0.006042
3322 7098 0.006042
7097 7098 0.006042
5824 7099 0.00024102
6964 7099 0.00024102
7100 7099 0.00024102
3325 7100 0.003996
3326 7100 0.003996
7099 7100 0.003996
5822 7101 0.00038045
6963 7101 0.00038045
7102 7101 0.00038045
7104 7101 0.00038045
6965 7102 0.001083
6968 7102 0.001083
7101 7102 0.001083
5822 7103 0.0019744
6963 7103 0.0019744
7102 7103 0.0019744
7104 7103 0.0019744
3323 7104 0.0022596
3324 7104 0.0022596
7103 7104 0.0022596
6952 7160 0.0035762
7161 7160 0.0035762
7162 7160 0.0035762
2356 7161 0.012244
2359 7161 0.012244
6362 7161 0.012244
7160 7161 0.012244
6939 7162 0.0013827
7067 7162 0.0013827
7163 7162 0.0013827
7164 7162 0.0013827
6952 7163 0.012921
7161 7163 0.012921
7162 7163 0.012921
6363 7164 0.00058691
6943 7164 0.00058691
7165 7164 0.00058691
6939 7165 0.011158
7067 7165 0.011158
7163 7165 0.011158
7164 7165 0.011158
