381 402 0.00011613
400 402 0.00011613
401 402 0.00011613
413 402 0.00011613
414 413 0.00014521
415 413 0.00014521
417 413 0.00014521
416 415 0.00023705
3096 415 0.00023705
7148 415 0.00023705
414 416 0.00016518
415 416 0.00016518
417 416 0.00016518
402 417 0.00015071
403 417 0.00015071
418 417 0.00015071
419 417 0.00015071
428 427 0.064949
429 427 0.064949
3089 427 0.064949
5680 427 0.064949
427 428 0.011517
431 428 0.011517
3097 428 0.011517
2279 431 0.0030054
5674 431 0.0030054
7273 431 0.0030054
427 432 0.021064
431 432 0.021064
3097 432 0.021064
5835 433 0.00044869
548 547 0.00057379
6226 547 0.00057379
6227 547 0.00057379
6230 547 0.00057379
547 548 0.0022042
2073 548 0.0022042
7094 548 0.0022042
948 950 0.00022642
951 950 0.00022642
6355 950 0.00022642
995 994 0.014805
6359 994 0.014805
6360 994 0.014805
994 995 0.0083657
997 995 0.0083657
2076 995 0.0083657
2077 995 0.0083657
994 996 0.078255
997 996 0.078255
2076 996 0.078255
2077 996 0.078255
996 997 0.04191
3119 997 0.04191
4790 997 0.04191
6237 997 0.04191
434 1126 0.00031521
5089 1126 0.00031521
432 1127 0.90296
5692 1127 0.90296
6874 1128 0.00022606
1576 1577 0.00010846
7149 1577 0.00010846
2072 2071 0.0058735
2074 2071 0.0058735
2075 2071 0.0058735
3906 2071 0.0058735
2071 2072 0.062418
6238 2072 0.062418
6239 2072 0.062418
2072 2073 0.0021642
2074 2073 0.0021642
2075 2073 0.0021642
3906 2073 0.0021642
547 2074 0.0060391
2073 2074 0.0060391
7094 2074 0.0060391
994 2075 0.0074693
997 2075 0.0074693
2076 2075 0.0074693
2077 2075 0.0074693
2072 2076 0.055416
2074 2076 0.055416
2075 2076 0.055416
3906 2076 0.055416
2078 2077 0.025395
2358 2077 0.025395
2361 2077 0.025395
6371 2077 0.025395
994 2078 0.043436
997 2078 0.043436
2076 2078 0.043436
2077 2078 0.043436
2348 2349 0.00081368
5239 2349 0.00081368
5739 2349 0.00081368
2351 2350 0.01748
4656 2350 0.01748
7014 2350 0.01748
7087 2350 0.01748
2350 2351 0.0037832
5671 2351 0.0037832
5836 2351 0.0037832
2353 2352 0.00088265
3337 2352 0.00088265
2352 2354 0.0010045
2355 2354 0.0010045
5269 2354 0.0010045
2354 2356 0.00085863
2357 2356 0.00085863
2356 2357 0.0003996
2359 2357 0.0003996
6362 2357 0.0003996
7160 2357 0.0003996
2356 2358 0.011282
2359 2358 0.011282
6362 2358 0.011282
7160 2358 0.011282
2078 2359 0.0014487
2358 2359 0.0014487
2361 2359 0.0014487
6371 2359 0.0014487
2078 2360 0.054969
2358 2360 0.054969
2361 2360 0.054969
6371 2360 0.054969
2360 2361 0.020016
2363 2361 0.020016
3120 2361 0.020016
2360 2362 0.01278
2363 2362 0.01278
3120 2362 0.01278
2362 2363 0.20673
2365 2363 0.20673
6395 2363 0.20673
2362 2364 0.016645
2365 2364 0.016645
6395 2364 0.016645
2364 2365 0.19082
2367 2365 0.19082
6366 2365 0.19082
6367 2365 0.19082
2364 2366 0.0011337
2367 2366 0.0011337
6366 2366 0.0011337
6367 2366 0.0011337
2366 2367 0.20635
7006 2367 0.20635
7086 2367 0.20635
3085 3086 0.034793
3088 3086 0.034793
5398 3086 0.034793
3087 3088 0.034605
7151 3088 0.034605
428 3090 0.064832
429 3090 0.064832
3089 3090 0.064832
5680 3090 0.064832
1570 3091 1.0001
1573 3091 1.0001
3092 3091 1.0001
416 3095 0.00023956
3096 3095 0.00023956
7148 3095 0.00023956
1127 3096 0.00034478
3095 3096 0.00034478
3098 3096 0.00034478
1127 3097 0.015909
3095 3097 0.015909
3098 3097 0.015909
427 3098 0.051283
431 3098 0.051283
3097 3098 0.051283
3105 3106 0.00045048
5399 3106 0.00045048
5963 3106 0.00045048
3111 3113 0.00020043
3114 3113 0.00020043
6382 3113 0.00020043
6383 3113 0.00020043
3113 3115 0.00057681
3116 3115 0.00057681
6106 3115 0.00057681
3115 3116 0.00015692
5959 3116 0.00015692
6404 3116 0.00015692
3118 3117 0.0088427
6390 3117 0.0088427
6391 3117 0.0088427
3117 3118 0.019753
5957 3118 0.019753
6368 3118 0.019753
6369 3118 0.019753
2360 3119 0.24063
2363 3119 0.24063
3120 3119 0.24063
996 3120 0.011735
3119 3120 0.011735
4790 3120 0.011735
6237 3120 0.011735
3121 3122 0.00012109
3328 3122 0.00012109
3329 3122 0.00012109
3124 3123 0.00010438
3307 3123 0.00010438
3308 3123 0.00010438
3637 3123 0.00010438
3123 3125 0.0001063
3126 3125 0.0001063
3312 3125 0.0001063
3125 3127 0.00011498
3128 3127 0.00011498
5949 3127 0.00011498
3127 3129 0.00011943
3130 3129 0.00011943
6380 3129 0.00011943
6381 3129 0.00011943
3129 3130 0.00089113
3132 3130 0.00089113
6105 3130 0.00089113
6108 3130 0.00089113
3129 3131 0.00073658
3132 3131 0.00073658
6105 3131 0.00073658
6108 3131 0.00073658
3131 3132 0.0028553
3134 3132 0.0028553
6402 3132 0.0028553
6403 3132 0.0028553
3131 3133 0.0021829
3134 3133 0.0021829
6402 3133 0.0021829
6403 3133 0.0021829
3133 3134 0.0095966
5955 3134 0.0095966
6394 3134 0.0095966
3137 3138 0.00017749
3302 3138 0.00017749
3338 3138 0.00017749
3140 3139 0.0029825
6372 3139 0.0029825
6373 3139 0.0029825
6407 3139 0.0029825
3139 3140 0.0068017
3910 3140 0.0068017
6112 3140 0.0068017
3142 3141 0.00021591
6414 3141 0.00021591
6415 3141 0.00021591
3141 3142 0.00012901
3144 3142 0.00012901
4787 3142 0.00012901
3141 3143 0.00091821
3144 3143 0.00091821
4787 3143 0.00091821
3143 3144 0.00037184
3146 3144 0.00037184
6374 3144 0.00037184
6375 3144 0.00037184
3143 3145 0.0016421
3146 3145 0.0016421
6374 3145 0.0016421
6375 3145 0.0016421
3145 3146 0.0030966
3148 3146 0.0030966
3911 3146 0.0030966
6109 3146 0.0030966
3145 3147 0.002642
3148 3147 0.002642
3911 3147 0.002642
6109 3147 0.002642
3147 3148 0.0038216
5951 3148 0.0038216
6398 3148 0.0038216
6399 3148 0.0038216
3316 3317 0.0069458
7005 3317 0.0069458
7008 3317 0.0069458
7088 3317 0.0069458
3318 3319 0.006736
6983 3319 0.006736
7092 3319 0.006736
3320 3321 0.00092977
6977 3321 0.00092977
7096 3321 0.00092977
3321 3323 0.00016122
3322 3323 0.00016122
7097 3323 0.00016122
2353 3328 0.00015463
3337 3328 0.00015463
3335 3336 0.00012159
5823 3336 0.00012159
5831 3336 0.00012159
6967 3336 0.00012159
3137 3337 0.0010308
3302 3337 0.0010308
3338 3337 0.0010308
3343 3338 0.0012061
3639 3338 0.0012061
3962 3338 0.0012061
3638 3637 0.00014889
3640 3637 0.00014889
5268 3637 0.00014889
3343 3640 0.00015052
3639 3640 0.00015052
3962 3640 0.00015052
3907 3906 0.0024892
4019 3906 0.0024892
6228 3906 0.0024892
6358 3906 0.0024892
2072 3907 0.014962
2074 3907 0.014962
2075 3907 0.014962
3906 3907 0.014962
3909 3908 0.0018035
6113 3908 0.0018035
6400 3908 0.0018035
6401 3908 0.0018035
3908 3909 0.0053057
6392 3909 0.0053057
6393 3909 0.0053057
3145 3910 0.0031244
3148 3910 0.0031244
3911 3910 0.0031244
6109 3910 0.0031244
3139 3911 0.001691
3910 3911 0.001691
6112 3911 0.001691
4685 3962 0.0013372
5086 3962 0.0013372
6876 3963 0.0015525
1129 3964 0.00024757
3963 3964 0.00024757
4020 4019 0.0003203
6232 4019 0.0003203
6351 4019 0.0003203
3907 4020 0.00088043
4019 4020 0.00088043
6228 4020 0.00088043
6358 4020 0.00088043
4657 4656 0.035204
5663 4656 0.035204
5665 4656 0.035204
6737 4659 0.00058724
4788 4787 0.0007775
6408 4787 0.0007775
6409 4787 0.0007775
3141 4788 0.00031803
3144 4788 0.00031803
4787 4788 0.00031803
996 4789 0.0095543
3119 4789 0.0095543
4790 4789 0.0095543
6237 4789 0.0095543
4789 4790 0.56742
6240 4790 0.56742
6365 4790 0.56742
4659 5064 0.00058741
5065 5064 0.00058741
4685 5085 0.00021784
5086 5085 0.00021784
5087 5086 0.0015549
5271 5086 0.0015549
1129 5087 0.0013074
3963 5087 0.0013074
7272 5088 0.96478
7274 5088 0.96478
5090 5089 0.0002508
5091 5090 0.0953
5838 5090 0.0953
1128 5091 0.96371
5092 5091 0.96371
5093 5092 0.96349
5088 5093 0.96504
5094 5093 0.96504
1126 5094 0.00025967
2348 5238 0.00015774
5239 5238 0.00015774
5739 5238 0.00015774
3317 5239 0.00039544
5238 5239 0.00039544
7089 5239 0.00039544
5064 5241 0.00058721
5240 5241 0.00058721
3122 5269 0.00013061
5270 5269 0.00013061
6233 5269 0.00013061
3964 5271 0.00024761
6738 5271 0.00024761
3105 5398 0.00036611
5399 5398 0.00036611
5963 5398 0.00036611
3085 5399 0.00017124
3088 5399 0.00017124
5398 5399 0.00017124
5666 5665 0.035204
5667 5665 0.035204
3086 5667 0.035268
5668 5667 0.035268
5964 5667 0.035268
2350 5669 0.00013854
5671 5669 0.00013854
5836 5669 0.00013854
2350 5670 0.1094
5671 5670 0.1094
5836 5670 0.1094
5670 5671 0.0012363
6385 5671 0.0012363
7085 5671 0.0012363
3090 5674 0.032295
5675 5674 0.032295
5676 5674 0.032295
7150 5674 0.032295
2279 5675 0.0027999
5674 5675 0.0027999
7273 5675 0.0027999
3090 5677 0.0006742
5675 5677 0.0006742
5676 5677 0.0006742
7150 5677 0.0006742
3094 5680 0.11821
5681 5680 0.11821
5683 5680 0.11821
1975 5683 0.11821
3091 5683 0.11821
5682 5683 0.11821
5693 5683 0.11821
1975 5692 0.88217
3091 5692 0.88217
5682 5692 0.88217
5693 5692 0.88217
432 5693 0.00026815
5692 5693 0.00026815
5241 5739 0.00057627
5738 5739 0.00057627
7218 5739 0.00057627
5822 5823 0.0001137
6963 5823 0.0001137
7102 5823 0.0001137
7104 5823 0.0001137
6877 5835 0.09505
5835 5836 0.094601
5091 5837 0.86857
5838 5837 0.86857
5837 5838 0.00015757
6927 5838 0.00015757
7069 5838 0.00015757
7112 5838 0.00015757
3147 5950 0.002731
5951 5950 0.002731
6398 5950 0.002731
6399 5950 0.002731
5950 5951 0.0080033
6389 5951 0.0080033
6405 5951 0.0080033
3133 5954 0.0074031
5955 5954 0.0074031
6394 5954 0.0074031
5954 5955 0.022184
6370 5955 0.022184
6388 5955 0.022184
7111 5955 0.022184
3117 5956 0.016323
5957 5956 0.016323
6368 5956 0.016323
6369 5956 0.016323
5956 5957 0.098185
6386 5957 0.098185
6387 5957 0.098185
5677 5963 0.00064607
5678 5963 0.00064607
5962 5963 0.00064607
3103 5964 0.000478
3106 5964 0.000478
5965 5964 0.000478
2349 5985 0.00082699
5903 5985 0.00082699
5986 5985 0.00082699
7105 5985 0.00082699
3113 6105 0.00024837
3116 6105 0.00024837
6106 6105 0.00024837
3129 6106 0.00054422
3132 6106 0.00054422
6105 6106 0.00054422
6108 6106 0.00054422
3129 6107 0.0017511
3132 6107 0.0017511
6105 6107 0.0017511
6108 6107 0.0017511
6107 6108 0.0006999
6110 6108 0.0006999
6114 6108 0.0006999
6107 6109 0.002527
6110 6109 0.002527
6114 6109 0.002527
3145 6110 0.00081872
3148 6110 0.00081872
3911 6110 0.00081872
6109 6110 0.00081872
3139 6111 0.0037461
3910 6111 0.0037461
6112 6111 0.0037461
6111 6112 0.0061319
6396 6112 0.0061319
6397 6112 0.0061319
6406 6112 0.0061319
6107 6113 0.001073
6110 6113 0.001073
6114 6113 0.001073
3909 6114 0.0017301
6113 6114 0.0017301
6400 6114 0.0017301
6401 6114 0.0017301
3333 6226 0.00014076
3336 6226 0.00014076
6225 6226 0.00014076
3907 6227 0.00037284
4019 6227 0.00037284
6228 6227 0.00037284
6358 6227 0.00037284
548 6228 0.0039788
6226 6228 0.0039788
6227 6228 0.0039788
6230 6228 0.0039788
548 6229 0.00021326
6226 6229 0.00021326
6227 6229 0.00021326
6230 6229 0.00021326
6229 6230 0.0020758
6979 6230 0.0020758
7063 6230 0.0020758
4020 6231 0.00028421
6232 6231 0.00028421
6351 6231 0.00028421
6231 6232 0.00013061
6234 6232 0.00013061
6354 6232 0.00013061
3122 6234 0.00012003
5270 6234 0.00012003
6233 6234 0.00012003
2071 6237 0.19972
6238 6237 0.19972
6239 6237 0.19972
996 6238 0.022837
3119 6238 0.022837
4790 6238 0.022837
6237 6238 0.022837
4789 6239 0.23558
6240 6239 0.23558
6365 6239 0.23558
2071 6240 0.0021447
6238 6240 0.0021447
6239 6240 0.0021447
950 6351 0.00026152
6352 6351 0.00026152
6353 6351 0.00026152
6356 6351 0.00026152
4020 6352 0.00066804
6232 6352 0.00066804
6351 6352 0.00066804
2354 6353 0.00052517
2357 6353 0.00052517
6231 6355 0.00022642
6234 6355 0.00022642
6354 6355 0.00022642
950 6357 0.001183
6352 6357 0.001183
6353 6357 0.001183
6356 6357 0.001183
995 6358 0.0010587
6359 6358 0.0010587
6360 6358 0.0010587
3907 6359 0.016577
4019 6359 0.016577
6228 6359 0.016577
6358 6359 0.016577
6357 6360 0.00077482
6361 6360 0.00077482
995 6361 0.0098538
6359 6361 0.0098538
6360 6361 0.0098538
6357 6362 0.010205
6361 6362 0.010205
6364 6363 0.00026807
6410 6363 0.00026807
6411 6363 0.00026807
6363 6364 0.0010994
6943 6364 0.0010994
7165 6364 0.0010994
2364 6365 0.79156
2367 6365 0.79156
6366 6365 0.79156
6367 6365 0.79156
4789 6366 0.00025851
6240 6366 0.00025851
6365 6366 0.00025851
3117 6367 0.76305
5957 6367 0.76305
6368 6367 0.76305
6369 6367 0.76305
2364 6368 0.0027926
2367 6368 0.0027926
6366 6368 0.0027926
6367 6368 0.0027926
5954 6369 0.6949
6370 6369 0.6949
6388 6369 0.6949
7111 6369 0.6949
3117 6370 0.0055873
5957 6370 0.0055873
6368 6370 0.0055873
6369 6370 0.0055873
3140 6371 0.010871
6372 6371 0.010871
6373 6371 0.010871
6407 6371 0.010871
2078 6372 0.0037912
2358 6372 0.0037912
2361 6372 0.0037912
6371 6372 0.0037912
3143 6373 0.0044317
3146 6373 0.0044317
6374 6373 0.0044317
6375 6373 0.0044317
3140 6374 0.0014551
6372 6374 0.0014551
6373 6374 0.0014551
6407 6374 0.0014551
6376 6375 0.001046
6377 6375 0.001046
6417 6375 0.001046
5952 6377 0.00083154
6378 6377 0.00083154
6379 6377 0.00083154
3127 6379 0.00077701
3130 6379 0.00077701
6380 6379 0.00077701
6381 6379 0.00077701
3111 6381 0.00010392
3114 6381 0.00010392
6382 6381 0.00010392
6383 6381 0.00010392
3127 6382 0.00018146
3130 6382 0.00018146
6380 6382 0.00018146
6381 6382 0.00018146
5956 6385 0.088069
6386 6385 0.088069
6387 6385 0.088069
5670 6386 0.0056077
6385 6386 0.0056077
7085 6386 0.0056077
5954 6387 0.16706
6370 6387 0.16706
6388 6387 0.16706
7111 6387 0.16706
5956 6388 0.0027393
6386 6388 0.0027393
6387 6388 0.0027393
3118 6389 0.016829
6390 6389 0.016829
6391 6389 0.016829
5950 6390 0.0020539
6389 6390 0.0020539
6405 6390 0.0020539
3908 6391 0.011409
6392 6391 0.011409
6393 6391 0.011409
3118 6392 0.0075441
6390 6392 0.0075441
6391 6392 0.0075441
3133 6393 0.013292
5955 6393 0.013292
6394 6393 0.013292
3908 6394 0.0059249
6392 6394 0.0059249
6393 6394 0.0059249
6111 6395 0.024663
6396 6395 0.024663
6397 6395 0.024663
6406 6395 0.024663
2362 6396 0.0048927
2365 6396 0.0048927
6395 6396 0.0048927
3147 6397 0.015489
5951 6397 0.015489
6398 6397 0.015489
6399 6397 0.015489
6111 6398 0.0028368
6396 6398 0.0028368
6397 6398 0.0028368
6406 6398 0.0028368
3909 6399 0.0099553
6113 6399 0.0099553
6400 6399 0.0099553
6401 6399 0.0099553
3147 6400 0.0013954
5951 6400 0.0013954
6398 6400 0.0013954
6399 6400 0.0013954
3131 6401 0.0074076
3134 6401 0.0074076
6402 6401 0.0074076
6403 6401 0.0074076
3909 6402 0.0016928
6113 6402 0.0016928
6400 6402 0.0016928
6401 6402 0.0016928
3115 6403 0.00057681
5959 6403 0.00057681
6404 6403 0.00057681
3131 6404 0.00015692
3134 6404 0.00015692
6402 6404 0.00015692
6403 6404 0.00015692
6111 6405 0.0012007
6396 6405 0.0012007
6397 6405 0.0012007
6406 6405 0.0012007
5950 6406 0.010704
6389 6406 0.010704
6405 6406 0.010704
4788 6407 0.0013322
6408 6407 0.0013322
6409 6407 0.0013322
3140 6408 0.0010485
6372 6408 0.0010485
6373 6408 0.0010485
6407 6408 0.0010485
6364 6409 0.001128
6410 6409 0.001128
6411 6409 0.001128
4788 6410 0.00038478
6408 6410 0.00038478
6409 6410 0.00038478
6364 6412 0.00016969
6410 6412 0.00016969
6411 6412 0.00016969
5834 6414 0.00016969
6412 6414 0.00016969
6413 6414 0.00016969
6416 6415 0.0001174
6418 6415 0.0001174
6419 6415 0.0001174
3142 6416 0.00011865
6414 6416 0.00011865
6415 6416 0.00011865
6416 6417 0.00022815
6418 6417 0.00022815
6419 6417 0.00022815
3304 6419 0.00020874
6420 6419 0.00020874
6421 6419 0.00020874
3138 6421 0.00019045
5832 6421 0.00019045
6422 6421 0.00019045
6880 6737 0.00058724
5085 6873 0.00022606
5267 6873 0.00022606
6873 6874 0.00022606
5093 6875 0.0015525
6875 6876 0.0015525
5090 6877 0.09505
433 6880 0.00058724
5669 6880 0.00058724
6939 6938 0.00035612
7067 6938 0.00035612
7163 6938 0.00035612
7164 6938 0.00035612
6938 6939 0.000245
6941 6939 0.000245
6949 6939 0.000245
6940 6941 0.00031886
6942 6941 0.00031886
6945 6941 0.00031886
6947 6941 0.00031886
6363 6942 0.00031886
6943 6942 0.00031886
7165 6942 0.00031886
6938 6948 0.00044625
6941 6948 0.00044625
6949 6948 0.00044625
6948 6952 0.00044625
6950 6952 0.00044625
6953 6952 0.00044625
6969 6971 0.00069353
6972 6971 0.00069353
6975 6971 0.00069353
7066 6971 0.00069353
6971 6972 0.00031541
6974 6972 0.00031541
7064 6972 0.00031541
6971 6973 0.00069114
6974 6973 0.00069114
7064 6973 0.00069114
6973 6974 0.00083098
6976 6974 0.00083098
6978 6974 0.00083098
6973 6975 0.0011958
6976 6975 0.0011958
6978 6975 0.0011958
6969 6976 0.00021694
6972 6976 0.00021694
6975 6976 0.00021694
7066 6976 0.00021694
6973 6977 0.00043733
6976 6977 0.00043733
6978 6977 0.00043733
3320 6978 0.0015561
6977 6978 0.0015561
7096 6978 0.0015561
6980 6979 0.0014383
7065 6979 0.0014383
7098 6979 0.0014383
6982 6981 0.00070047
6984 6981 0.00070047
6986 6981 0.00070047
6981 6982 0.00021492
6990 6982 0.00021492
6982 6983 0.00074631
6984 6983 0.00074631
6986 6983 0.00074631
3318 6984 0.0011064
6983 6984 0.0011064
7092 6984 0.0011064
6982 6985 0.00068476
6984 6985 0.00068476
6986 6985 0.00068476
6985 6986 0.0008102
6988 6986 0.0008102
6989 6986 0.0008102
6985 6987 0.0010465
6988 6987 0.0010465
6989 6987 0.0010465
6987 6988 0.00068636
6992 6988 0.00068636
6994 6988 0.00068636
6981 6989 0.00070047
6990 6989 0.00070047
6985 6990 0.00021492
6988 6990 0.00021492
6989 6990 0.00021492
6987 6991 0.0011913
6992 6991 0.0011913
6994 6991 0.0011913
6991 6992 0.00026414
6995 6992 0.00026414
7000 6992 0.00026414
6987 6993 0.00061571
6992 6993 0.00061571
6994 6993 0.00061571
6993 6994 0.0011827
6996 6994 0.0011827
6998 6994 0.0011827
7001 6994 0.0011827
6993 6995 0.00063559
6996 6995 0.00063559
6998 6995 0.00063559
7001 6995 0.00063559
6991 6996 0.0010552
6995 6996 0.0010552
7000 6996 0.0010552
6993 6997 0.0014194
6996 6997 0.0014194
6998 6997 0.0014194
7001 6997 0.0014194
6997 6998 0.0010593
7090 6998 0.0010593
7091 6998 0.0010593
6991 6999 0.00061038
6995 6999 0.00061038
7000 6999 0.00061038
6999 7000 0.00010287
7002 7000 0.00010287
7004 7000 0.00010287
6999 7001 0.00061038
7002 7001 0.00061038
7004 7001 0.00061038
6993 7002 0.00010287
6996 7002 0.00010287
6998 7002 0.00010287
7001 7002 0.00010287
2366 7005 0.0020169
7006 7005 0.0020169
7086 7005 0.0020169
3316 7006 0.016613
7005 7006 0.016613
7008 7006 0.016613
7088 7006 0.016613
6971 7063 0.00098441
6974 7063 0.00098441
7064 7063 0.00098441
6229 7064 0.00046645
6979 7064 0.00046645
7063 7064 0.00046645
6969 7065 0.00084212
6972 7065 0.00084212
6975 7065 0.00084212
7066 7065 0.00084212
6980 7066 0.00024135
7065 7066 0.00024135
7098 7066 0.00024135
2366 7085 0.00093359
7006 7085 0.00093359
7086 7085 0.00093359
5670 7086 0.19155
6385 7086 0.19155
7085 7086 0.19155
2351 7088 0.021584
4656 7088 0.021584
7014 7088 0.021584
7087 7088 0.021584
3317 7090 0.0067068
5238 7090 0.0067068
7089 7090 0.0067068
6997 7092 0.007061
7090 7092 0.007061
7091 7092 0.007061
547 7093 0.00062579
2073 7093 0.00062579
7094 7093 0.00062579
3319 7094 0.0061311
5985 7094 0.0061311
7093 7094 0.0061311
7095 7094 0.0061311
3320 7095 0.00028347
6977 7095 0.00028347
7096 7095 0.00028347
3319 7096 0.002276
5985 7096 0.002276
7093 7096 0.002276
7095 7096 0.002276
3321 7098 0.00082955
3322 7098 0.00082955
7097 7098 0.00082955
5837 7111 0.86857
6927 7111 0.86857
7069 7111 0.86857
7112 7111 0.86857
5954 7112 0.00015757
6370 7112 0.00015757
6388 7112 0.00015757
7111 7112 0.00015757
416 7149 0.00010846
3096 7149 0.00010846
7148 7149 0.00010846
3090 7151 0.034605
5675 7151 0.034605
5676 7151 0.034605
7150 7151 0.034605
6952 7160 0.00062285
7161 7160 0.00062285
7162 7160 0.00062285
2356 7161 0.0014542
2359 7161 0.0014542
6362 7161 0.0014542
7160 7161 0.0014542
6939 7162 0.00035138
7067 7162 0.00035138
7163 7162 0.00035138
7164 7162 0.00035138
6952 7163 0.0015421
7161 7163 0.0015421
7162 7163 0.0015421
6363 7164 0.00026
6943 7164 0.00026
7165 7164 0.00026
6939 7165 0.0013396
7067 7165 0.0013396
7163 7165 0.0013396
7164 7165 0.0013396
2279 7272 0.030505
5674 7272 0.030505
7273 7272 0.030505
7272 7273 0.0039604
7274 7273 0.0039604
1127 7274 0.93823
3095 7274 0.93823
3098 7274 0.93823
