86 85 0.15589
89 85 0.15589
6576 85 0.15589
85 86 0.0066812
3724 86 0.0066812
3725 86 0.0066812
88 87 0.18129
90 87 0.18129
773 87 0.18129
6568 87 0.18129
87 88 0.01392
3728 88 0.01392
3729 88 0.01392
88 89 0.082782
90 89 0.082782
773 89 0.082782
6568 89 0.082782
86 90 0.0069283
89 90 0.0069283
6576 90 0.0069283
92 91 0.023156
4557 91 0.023156
6569 91 0.023156
91 92 0.027821
3732 92 0.027821
3733 92 0.027821
98 97 0.048987
3704 97 0.048987
3705 97 0.048987
97 98 0.00014669
412 98 0.00014669
6566 98 0.00014669
100 99 0.14914
102 99 0.14914
4555 99 0.14914
99 100 0.011852
366 100 0.011852
3737 100 0.011852
100 101 0.035766
102 101 0.035766
4555 101 0.035766
101 102 0.027062
367 102 0.027062
3738 102 0.027062
108 107 0.0002862
396 107 0.0002862
397 107 0.0002862
107 108 0.0043736
390 108 0.0043736
391 108 0.0043736
110 109 0.0052353
5717 109 0.0052353
6560 109 0.0052353
109 110 0.0042937
782 110 0.0042937
784 110 0.0042937
112 111 0.011582
424 111 0.011582
425 111 0.011582
6552 111 0.011582
111 112 0.030074
387 112 0.030074
394 112 0.030074
114 113 0.012302
422 113 0.012302
423 113 0.012302
6550 113 0.012302
113 114 0.035986
384 114 0.035986
385 114 0.035986
116 115 0.019409
420 115 0.019409
421 115 0.019409
1584 115 0.019409
115 116 0.029276
382 116 0.029276
383 116 0.029276
134 133 0.00072917
3708 133 0.00072917
3709 133 0.00072917
133 134 0.0058179
3052 134 0.0058179
99 365 0.00013392
366 365 0.00013392
3737 365 0.00013392
365 366 0.81709
3722 366 0.81709
3723 366 0.81709
368 367 0.043227
371 367 0.043227
376 367 0.043227
101 368 0.006175
367 368 0.006175
3738 368 0.006175
370 369 0.0066505
372 369 0.0066505
369 370 0.0093384
374 370 0.0093384
375 370 0.0093384
370 371 0.0093384
372 371 0.0093384
368 372 0.0066505
371 372 0.0066505
376 372 0.0066505
369 373 0.0088173
374 373 0.0088173
375 373 0.0088173
373 374 0.04587
3730 374 0.04587
3731 374 0.04587
368 375 0.0048262
371 375 0.0048262
376 375 0.0048262
369 376 0.03919
374 376 0.03919
375 376 0.03919
377 378 0.0066665
399 378 0.0066665
378 380 0.0066665
379 380 0.0066665
115 381 0.00064675
382 381 0.00064675
383 381 0.00064675
381 382 0.10828
400 382 0.10828
401 382 0.10828
413 382 0.10828
113 383 0.00064241
384 383 0.00064241
385 383 0.00064241
115 384 0.098411
382 384 0.098411
383 384 0.098411
380 385 0.0016458
386 385 0.0016458
393 385 0.0016458
113 386 0.075731
384 386 0.075731
385 386 0.075731
388 387 0.00021838
389 387 0.00021838
3717 387 0.00021838
6554 387 0.00021838
111 388 0.062434
387 388 0.062434
394 388 0.062434
107 389 0.00020903
390 389 0.00020903
391 389 0.00020903
388 390 0.0057895
389 390 0.0057895
3717 390 0.0057895
6554 390 0.0057895
107 392 0.0015605
390 392 0.0015605
391 392 0.0015605
111 393 0.00029782
387 393 0.00029782
394 393 0.00029782
380 394 0.081005
386 394 0.081005
393 394 0.081005
392 396 0.0015605
395 396 0.0015605
998 396 0.0015605
398 397 0.00020462
3718 397 0.00020462
3719 397 0.00020462
108 398 0.0057851
396 398 0.0057851
397 398 0.0057851
381 399 0.0066665
400 399 0.0066665
401 399 0.0066665
413 399 0.0066665
402 401 0.028777
403 401 0.028777
418 401 0.028777
419 401 0.028777
381 402 0.022808
400 402 0.022808
401 402 0.022808
413 402 0.022808
404 403 0.048703
405 403 0.048703
6570 403 0.048703
6573 403 0.048703
402 404 0.013632
403 404 0.013632
418 404 0.013632
419 404 0.013632
97 411 0.048987
412 411 0.048987
6566 411 0.048987
411 412 0.00014669
3734 412 0.00014669
3735 412 0.00014669
414 413 0.10891
415 413 0.10891
417 413 0.10891
381 414 0.00061875
400 414 0.00061875
401 414 0.00061875
413 414 0.00061875
416 415 0.49624
3096 415 0.49624
7148 415 0.49624
402 417 0.0035996
403 417 0.0035996
418 417 0.0035996
419 417 0.0035996
414 418 0.39147
415 418 0.39147
417 418 0.39147
116 419 0.0037993
420 419 0.0037993
421 419 0.0037993
1584 419 0.0037993
402 420 0.42077
403 420 0.42077
418 420 0.42077
419 420 0.42077
114 421 0.0032704
422 421 0.0032704
423 421 0.0032704
6550 421 0.0032704
116 422 0.43096
420 422 0.43096
421 422 0.43096
1584 422 0.43096
112 423 0.0030225
424 423 0.0030225
425 423 0.0030225
6552 423 0.0030225
114 424 0.44411
422 424 0.44411
423 424 0.44411
6550 424 0.44411
426 425 0.0015841
3720 425 0.0015841
3721 425 0.0015841
4661 425 0.0015841
112 426 0.43957
424 426 0.43957
425 426 0.43957
6552 426 0.43957
428 427 0.29371
429 427 0.29371
3089 427 0.29371
5680 427 0.29371
427 428 0.00018412
431 428 0.00018412
3097 428 0.00018412
2279 431 0.0051324
5674 431 0.0051324
7273 431 0.0051324
427 432 0.032278
431 432 0.032278
3097 432 0.032278
554 553 0.0043145
1525 553 0.0043145
2824 553 0.0043145
553 554 0.0082284
3702 554 0.0082284
3703 554 0.0082284
774 773 0.21332
775 773 0.21332
88 774 0.0009471
90 774 0.0009471
773 774 0.0009471
6568 774 0.0009471
776 775 0.21332
6574 775 0.21332
774 776 0.0009471
775 776 0.0009471
109 781 0.0052353
782 781 0.0052353
784 781 0.0052353
781 782 0.0042937
3700 782 0.0042937
3701 782 0.0042937
432 1127 0.25898
5692 1127 0.25898
1521 1520 0.0030772
6558 1520 0.0030772
6561 1520 0.0030772
1520 1521 0.0012765
1523 1521 0.0012765
2825 1521 0.0012765
1520 1522 0.0014322
1523 1522 0.0014322
2825 1522 0.0014322
1522 1523 0.00097307
2821 1523 0.00097307
2827 1523 0.00097307
554 1524 0.0073448
1525 1524 0.0073448
2824 1524 0.0073448
1524 1525 0.0020894
1968 1525 0.0020894
2820 1525 0.0020894
1527 1526 0.0004899
1967 1526 0.0004899
2822 1526 0.0004899
1526 1527 0.00070679
2826 1527 0.00070679
1538 1542 1
1541 1542 1
1543 1542 1
5703 1542 1
1566 1568 0.0030272
1569 1568 0.0030272
5716 1568 0.0030272
1568 1569 0.0057695
1571 1569 0.0057695
3699 1569 0.0057695
1568 1570 0.00079106
1571 1570 0.00079106
3699 1570 0.00079106
1570 1571 0.18863
1573 1571 0.18863
3092 1571 0.18863
1570 1572 0.28771
1573 1572 0.28771
3092 1572 0.28771
1572 1573 0.0001979
7223 1573 0.0001979
408 1574 0.28771
1575 1574 0.28771
7224 1574 0.28771
1574 1575 0.0001979
1577 1575 0.0001979
6571 1575 0.0001979
1574 1576 0.044867
1577 1576 0.044867
6571 1576 0.044867
1576 1577 0.073311
7149 1577 0.073311
1578 1580 0.0049632
1581 1580 0.0049632
4558 1580 0.0049632
1580 1581 0.031152
1583 1581 0.031152
6572 1581 0.031152
6575 1581 0.031152
1580 1582 0.052619
1583 1582 0.052619
6572 1582 0.052619
6575 1582 0.052619
1582 1583 0.010291
1585 1583 0.010291
4524 1583 0.010291
1582 1584 0.029156
1585 1584 0.029156
4524 1584 0.029156
116 1585 0.028304
420 1585 0.028304
421 1585 0.028304
1584 1585 0.028304
1524 1967 0.0074362
1968 1967 0.0074362
2820 1967 0.0074362
1527 1968 0.0019386
1967 1968 0.0019386
2822 1968 0.0019386
1972 1971 0.002066
3706 1971 0.002066
3707 1971 0.002066
3736 1971 0.002066
1969 1972 0.0077805
1971 1972 0.0077805
2823 1972 0.0077805
1973 1974 0.00014693
3048 1974 0.00014693
1542 2808 1
2809 2808 1
1522 2820 0.0010766
2821 2820 0.0010766
2827 2820 0.0010766
1524 2821 0.00083431
1968 2821 0.00083431
2820 2821 0.00083431
1969 2822 0.002066
1971 2822 0.002066
2823 2822 0.002066
1527 2823 0.0077805
1967 2823 0.0077805
2822 2823 0.0077805
1520 2824 0.0028956
1523 2824 0.0028956
2825 2824 0.0028956
554 2825 0.001554
1525 2825 0.001554
2824 2825 0.001554
1522 2826 0.00070679
2821 2826 0.00070679
2827 2826 0.00070679
1526 2827 0.0004899
2826 2827 0.0004899
3047 3048 0.00014693
6556 3048 0.00014693
6559 3048 0.00014693
133 3051 0.00072917
3052 3051 0.00072917
3051 3052 0.0058179
3710 3052 0.0058179
3711 3052 0.0058179
428 3090 0.0044875
429 3090 0.0044875
3089 3090 0.0044875
5680 3090 0.0044875
1975 3092 0.47543
3091 3092 0.47543
5682 3092 0.47543
5693 3092 0.47543
3093 3094 1
5684 3094 1
1127 3096 0.52463
3095 3096 0.52463
3098 3096 0.52463
1127 3097 0.0016906
3095 3097 0.0016906
3098 3097 0.0016906
427 3098 0.26807
431 3098 0.26807
3097 3098 0.26807
781 3699 0.00013994
3700 3699 0.00013994
3701 3699 0.00013994
1568 3700 0.18523
1571 3700 0.18523
3699 3700 0.18523
781 3702 0.18607
3700 3702 0.18607
3701 3702 0.18607
553 3704 0.18216
3702 3704 0.18216
3703 3704 0.18216
1972 3705 0.0033455
3706 3705 0.0033455
3707 3705 0.0033455
3736 3705 0.0033455
98 3706 0.13663
3704 3706 0.13663
3705 3706 0.13663
134 3707 0.0063821
3708 3707 0.0063821
3709 3707 0.0063821
1972 3708 0.0063533
3706 3708 0.0063533
3707 3708 0.0063533
3736 3708 0.0063533
3051 3709 0.00081504
3710 3709 0.00081504
3711 3709 0.00081504
134 3710 0.005875
3708 3710 0.005875
3709 3710 0.005875
398 3717 0.00094112
3718 3717 0.00094112
3719 3717 0.00094112
388 3718 0.057576
389 3718 0.057576
3717 3718 0.057576
6554 3718 0.057576
426 3719 0.00090244
3720 3719 0.00090244
3721 3719 0.00090244
4661 3719 0.00090244
398 3720 0.063118
3718 3720 0.063118
3719 3720 0.063118
365 3721 0.00045933
3722 3721 0.00045933
3723 3721 0.00045933
426 3722 0.50068
3720 3722 0.50068
3721 3722 0.50068
4661 3722 0.50068
85 3723 0.3339
3724 3723 0.3339
3725 3723 0.3339
365 3724 0.017163
3722 3724 0.017163
3723 3724 0.017163
3726 3725 0.20445
3727 3725 0.20445
4556 3725 0.20445
85 3726 0.03692
3724 3726 0.03692
3725 3726 0.03692
87 3727 0.3237
3728 3727 0.3237
3729 3727 0.3237
3726 3728 0.010185
3727 3728 0.010185
4556 3728 0.010185
373 3729 0.17089
3730 3729 0.17089
3731 3729 0.17089
87 3730 0.024741
3728 3730 0.024741
3729 3730 0.024741
91 3731 0.1952
3732 3731 0.1952
3733 3731 0.1952
373 3732 0.011998
3730 3732 0.011998
3731 3732 0.011998
411 3733 0.18807
3734 3733 0.18807
3735 3733 0.18807
91 3734 0.00020997
3732 3734 0.00020997
3733 3734 0.00020997
1972 3735 0.14158
3706 3735 0.14158
3707 3735 0.14158
3736 3735 0.14158
411 3736 0.0025566
3734 3736 0.0025566
3735 3736 0.0025566
101 3737 0.063592
367 3737 0.063592
3738 3737 0.063592
99 3738 0.017836
366 3738 0.017836
3737 3738 0.017836
1582 4523 0.046861
1585 4523 0.046861
4524 4523 0.046861
4523 4524 0.0053838
4526 4524 0.0053838
6551 4524 0.0053838
4523 4525 0.066194
4526 4525 0.066194
6551 4525 0.066194
4525 4526 0.014427
6553 4526 0.014427
6577 4526 0.014427
3726 4555 0.1603
3727 4555 0.1603
4556 4555 0.1603
100 4556 0.014312
102 4556 0.014312
4555 4556 0.014312
1578 4557 0.031152
1581 4557 0.031152
4558 4557 0.031152
92 4558 0.0049632
4557 4558 0.0049632
6569 4558 0.0049632
3090 5674 0.0044799
5675 5674 0.0044799
5676 5674 0.0044799
7150 5674 0.0044799
3094 5680 0.29797
5681 5680 0.29797
5683 5680 0.29797
3094 5682 0.70258
5681 5682 0.70258
5683 5682 0.70258
1975 5683 0.00053051
3091 5683 0.00053051
5682 5683 0.00053051
5693 5683 0.00053051
2808 5684 1
5685 5684 1
5686 5684 1
1975 5692 0.22805
3091 5692 0.22805
5682 5692 0.22805
5693 5692 0.22805
432 5693 0.0013537
5692 5693 0.0013537
110 5716 0.0030272
5717 5716 0.0030272
6560 5716 0.0030272
1566 5717 0.0057695
1569 5717 0.0057695
5716 5717 0.0057695
4523 6550 0.017736
4526 6550 0.017736
6551 6550 0.017736
114 6551 0.028026
422 6551 0.028026
423 6551 0.028026
6550 6551 0.028026
4525 6552 0.020187
6553 6552 0.020187
6577 6552 0.020187
112 6553 0.041772
424 6553 0.041772
425 6553 0.041772
6552 6553 0.041772
1974 6556 0.00014693
6557 6556 0.00014693
3047 6558 0.00018699
6556 6558 0.00018699
6559 6558 0.00018699
1521 6559 0.00018699
6558 6559 0.00018699
6561 6559 0.00018699
1521 6560 0.0013552
6558 6560 0.0013552
6561 6560 0.0013552
110 6561 0.0031559
5717 6561 0.0031559
6560 6561 0.0031559
92 6568 0.040855
4557 6568 0.040855
6569 6568 0.040855
88 6569 0.010001
90 6569 0.010001
773 6569 0.010001
6568 6569 0.010001
1574 6570 0.31729
1577 6570 0.31729
6571 6570 0.31729
404 6571 0.0013275
405 6571 0.0013275
6570 6571 0.0013275
6573 6571 0.0013275
404 6572 0.2833
405 6572 0.2833
6570 6572 0.2833
6573 6572 0.2833
1580 6573 0.0024145
1583 6573 0.0024145
6572 6573 0.0024145
6575 6573 0.0024145
1580 6574 0.21332
1583 6574 0.21332
6572 6574 0.21332
6575 6574 0.21332
776 6575 0.0009471
6574 6575 0.0009471
4525 6576 0.085485
6553 6576 0.085485
6577 6576 0.085485
86 6577 0.012132
89 6577 0.012132
6576 6577 0.012132
1576 7148 0.044867
7149 7148 0.044867
416 7149 0.073311
3096 7149 0.073311
7148 7149 0.073311
1572 7222 0.28771
7223 7222 0.28771
7222 7223 0.0001979
7225 7223 0.0001979
7222 7224 0.28771
7225 7224 0.28771
408 7225 0.0001979
1575 7225 0.0001979
7224 7225 0.0001979
7272 7273 0.00071234
7274 7273 0.00071234
1127 7274 0.00075643
3095 7274 0.00075643
3098 7274 0.00075643
