1227 1226 0.97811
7040 1226 0.97811
7075 1226 0.97811
7079 1226 0.97811
1226 1227 0.00060587
1536 1227 0.00060587
4200 1227 0.00060587
1226 1537 0.0014734
1536 1537 0.0014734
4200 1537 0.0014734
1653 1654 0.022541
7054 1654 0.022541
7076 1654 0.022541
2336 2338 0.0014694
2339 2338 0.0014694
4709 2338 0.0014694
1654 2341 0.022562
2340 2341 0.022562
2343 2341 0.022562
2338 4200 0.023976
2341 4200 0.023976
4198 4200 0.023976
1537 4709 0.0014735
4710 4709 0.0014735
7021 7020 0.31039
7023 7020 0.31039
7025 7020 0.31039
7036 7020 0.31039
7020 7021 0.2605
7032 7021 0.2605
7035 7021 0.2605
7021 7022 0.30431
7023 7022 0.30431
7025 7022 0.30431
7036 7022 0.30431
7022 7023 0.11912
7029 7023 0.11912
7031 7023 0.11912
7033 7023 0.11912
7021 7024 0.41829
7023 7024 0.41829
7025 7024 0.41829
7036 7024 0.41829
7024 7025 0.12678
7027 7025 0.12678
7077 7025 0.12678
7080 7025 0.12678
7022 7030 0.035027
7029 7030 0.035027
7031 7030 0.035027
7033 7030 0.035027
1230 7031 0.23815
7030 7031 0.23815
7078 7031 0.23815
7022 7032 0.4454
7029 7032 0.4454
7031 7032 0.4454
7033 7032 0.4454
7020 7033 0.057089
7032 7033 0.057089
7035 7033 0.057089
7020 7034 0.56278
7032 7034 0.56278
7035 7034 0.56278
7034 7035 0.12458
7037 7035 0.12458
7039 7035 0.12458
7034 7036 0.63863
7037 7036 0.63863
7039 7036 0.63863
7021 7037 0.11204
7023 7037 0.11204
7025 7037 0.11204
7036 7037 0.11204
7034 7038 0.42798
7037 7038 0.42798
7039 7038 0.42798
7038 7039 0.51637
7041 7039 0.51637
7043 7039 0.51637
7038 7040 0.91551
7041 7040 0.91551
7043 7040 0.91551
1227 7041 0.0043627
7040 7041 0.0043627
7075 7041 0.0043627
7079 7041 0.0043627
7038 7042 0.00049322
7041 7042 0.00049322
7043 7042 0.00049322
7042 7043 1
7045 7043 1
7042 7044 0.00049322
7045 7044 0.00049322
7044 7045 1
7047 7045 1
7044 7046 0.00049322
7047 7046 0.00049322
7046 7047 1
7049 7047 1
7046 7048 0.00049322
7049 7048 0.00049322
7048 7049 1
7051 7049 1
7048 7050 0.00049325
7051 7050 0.00049325
7050 7051 1
7053 7051 1
7050 7052 0.00049325
7053 7052 0.00049325
7052 7054 0.00049325
7055 7054 0.00049325
1653 7075 0.00047519
7054 7075 0.00047519
7076 7075 0.00047519
1227 7076 0.022485
7040 7076 0.022485
7075 7076 0.022485
7079 7076 0.022485
1230 7077 0.035027
7030 7077 0.035027
7078 7077 0.035027
7024 7078 0.23815
7027 7078 0.23815
7077 7078 0.23815
7080 7078 0.23815
7024 7079 0.26839
7027 7079 0.26839
7077 7079 0.26839
7080 7079 0.26839
1227 7080 0.18002
7040 7080 0.18002
7075 7080 0.18002
7079 7080 0.18002
