2221 2222 0.99999
3164 2222 0.99999
4014 2222 0.99999
2250 2249 0.0033143
4008 2249 0.0033143
6857 2249 0.0033143
2249 2250 0.0034106
2252 2250 0.0034106
4010 2250 0.0034106
2249 2251 0.018505
2252 2251 0.018505
4010 2251 0.018505
2251 2252 0.0069319
2254 2252 0.0069319
4011 2252 0.0069319
2253 2254 0.98842
2256 2254 0.98842
4015 2254 0.98842
2255 2256 0.98842
2258 2256 0.98842
2814 2256 0.98842
2257 2258 1
2260 2258 1
2812 2258 1
2751 2750 0.0033148
4004 2750 0.0033148
4009 2750 0.0033148
125 2751 0.0034047
2750 2751 0.0034047
4005 2751 0.0034047
1721 2814 0.0026715
2815 2814 0.0026715
4001 2814 0.0026715
2255 2815 0.014251
2258 2815 0.014251
2814 2815 0.014251
127 4001 0.0026715
4002 4001 0.0026715
4003 4001 0.0026715
1721 4002 0.014251
2815 4002 0.014251
4001 4002 0.014251
2751 4003 0.0026715
4004 4003 0.0026715
4009 4003 0.0026715
127 4004 0.014251
4002 4004 0.014251
4003 4004 0.014251
123 4005 0.0034047
4006 4005 0.0034047
4007 4005 0.0034047
125 4006 0.0033148
2750 4006 0.0033148
4005 4006 0.0033148
2250 4007 0.0034047
4008 4007 0.0034047
6857 4007 0.0034047
123 4008 0.0033148
4006 4008 0.0033148
4007 4008 0.0033148
2249 4009 0.0036418
2252 4009 0.0036418
4010 4009 0.0036418
2751 4010 0.015311
4004 4010 0.015311
4009 4010 0.015311
2251 4012 0.99999
2254 4012 0.99999
4011 4012 0.99999
3162 4014 0.99999
4012 4014 0.99999
4013 4014 0.99999
