52 51 0.0013849
1744 51 0.0013849
1745 51 0.0013849
51 52 0.00094689
2161 52 0.00094689
2163 52 0.00094689
54 53 0.0071928
1742 53 0.0071928
1743 53 0.0071928
53 54 0.0011796
2159 54 0.0011796
2160 54 0.0011796
64 63 0.0050175
506 63 0.0050175
6061 63 0.0050175
66 65 0.0010417
499 65 0.0010417
502 65 0.0010417
63 69 0.0036527
70 69 0.0036527
503 69 0.0036527
72 71 0.007881
505 71 0.007881
508 71 0.007881
67 221 0.0056717
71 221 0.0056717
222 221 0.0056717
3393 221 0.0056717
221 222 0.00013739
3390 222 0.00013739
6064 222 0.00013739
224 223 0.014764
823 223 0.014764
826 223 0.014764
223 224 0.0046982
226 224 0.0046982
495 224 0.0046982
223 225 0.034674
226 225 0.034674
495 225 0.034674
236 235 0.00024339
819 235 0.00024339
4580 235 0.00024339
251 252 0.00010971
254 252 0.00010971
1077 252 0.00010971
1078 252 0.00010971
251 253 0.00045711
254 253 0.00045711
1077 253 0.00045711
1078 253 0.00045711
253 254 0.0031125
256 254 0.0031125
436 254 0.0031125
1086 254 0.0031125
253 255 0.0027517
256 255 0.0027517
436 255 0.0027517
1086 255 0.0027517
255 256 0.0041375
258 256 0.0041375
6050 256 0.0041375
267 268 0.01714
7247 268 0.01714
270 269 0.0027551
6049 269 0.0027551
7246 269 0.0027551
269 270 0.021263
272 270 0.021263
469 270 0.021263
269 271 0.79534
272 271 0.79534
469 271 0.79534
271 272 0.00023299
274 272 0.00023299
435 272 0.00023299
271 273 0.79712
274 273 0.79712
435 273 0.79712
273 274 0.00062562
276 274 0.00062562
467 274 0.00062562
273 275 0.9482
276 275 0.9482
467 275 0.9482
275 277 0.16497
278 277 0.16497
6428 277 0.16497
277 279 0.16497
280 279 0.16497
1737 279 0.16497
282 281 0.15742
1741 281 0.15742
6704 281 0.15742
253 435 0.0077989
256 435 0.0077989
436 435 0.0077989
1086 435 0.0077989
271 436 0.0064185
274 436 0.0064185
435 436 0.0064185
456 458 0.00032477
457 458 0.00032477
6055 458 0.00032477
468 467 0.15172
831 467 0.15172
834 467 0.15172
470 469 0.81374
825 469 0.81374
828 469 0.81374
269 470 0.0001169
272 470 0.0001169
469 470 0.0001169
496 495 0.024748
821 495 0.024748
824 495 0.024748
223 496 0.00013961
226 496 0.00013961
495 496 0.00013961
66 500 0.00041484
499 500 0.00041484
502 500 0.00041484
501 502 0.0014281
504 502 0.0014281
6059 502 0.0014281
63 504 0.0014281
70 504 0.0014281
503 504 0.0014281
72 506 0.0050175
505 506 0.0050175
508 506 0.0050175
507 508 0.012845
3372 508 0.012845
6057 508 0.012845
513 514 0.0004763
6441 514 0.0004763
524 523 0.0001441
1965 523 0.0001441
2884 523 0.0001441
548 547 0.00015022
6226 547 0.00015022
6227 547 0.00015022
6230 547 0.00015022
557 558 0.16196
6037 558 0.16196
6465 558 0.16196
523 563 0.0010858
564 563 0.0010858
6447 563 0.0010858
563 564 0.00029942
2888 564 0.00029942
4801 564 0.00029942
566 565 0.029907
2878 565 0.029907
6439 565 0.029907
568 567 0.068811
4174 567 0.068811
6435 567 0.068811
567 568 0.0013996
1467 568 0.0013996
570 569 0.3996
6429 569 0.3996
6432 569 0.3996
249 598 0.00056513
599 598 0.00056513
1074 598 0.00056513
2275 598 0.00056513
598 599 0.00010088
1083 599 0.00010088
1084 599 0.00010088
728 727 0.015284
3375 727 0.015284
4693 727 0.015284
727 728 0.00077617
731 728 0.00077617
7126 728 0.00077617
732 731 0.016595
798 731 0.016595
7216 731 0.016595
727 732 0.00017812
731 732 0.00017812
7126 732 0.00017812
733 734 0.030929
7127 734 0.030929
735 738 0.010823
737 738 0.010823
740 738 0.010823
739 740 0.01081
2885 740 0.01081
5251 740 0.01081
796 795 0.00068188
2875 795 0.00068188
3441 795 0.00068188
732 797 0.00079118
798 797 0.00079118
7216 797 0.00079118
822 821 1
496 823 0.97546
821 823 0.97546
824 823 0.97546
224 825 0.96533
823 825 0.96533
826 825 0.96533
470 827 0.15172
825 827 0.15172
828 827 0.15172
477 829 0.15172
827 829 0.15172
830 829 0.15172
479 831 0.15172
829 831 0.15172
832 831 0.15172
942 944 0.001188
945 944 0.001188
5898 944 0.001188
7252 944 0.001188
944 946 0.0012012
947 946 0.0012012
4210 946 0.0012012
565 981 0.040983
980 981 0.040983
983 981 0.040983
982 983 0.011079
985 983 0.011079
2889 983 0.011079
984 985 0.011079
987 985 0.011079
2891 985 0.011079
2893 985 0.011079
986 987 0.011079
2895 987 0.011079
4802 987 0.011079
1075 1074 0.00059115
1076 1074 0.00059115
1089 1074 0.00059115
249 1075 0.00015236
599 1075 0.00015236
1074 1075 0.00015236
2275 1075 0.00015236
251 1076 0.0030246
254 1076 0.0030246
1077 1076 0.0030246
1078 1076 0.0030246
1075 1077 0.00045974
1076 1077 0.00045974
1089 1077 0.00045974
1085 1084 0.00012474
1087 1084 0.00012474
1088 1084 0.00012474
598 1085 0.00064873
1083 1085 0.00064873
1084 1085 0.00064873
1085 1086 0.0035388
1087 1086 0.0035388
1088 1086 0.0035388
253 1087 0.00088867
256 1087 0.00088867
436 1087 0.00088867
1086 1087 0.00088867
1075 1088 0.0029386
1076 1088 0.0029386
1089 1088 0.0029386
1085 1089 0.00081245
1087 1089 0.00081245
1088 1089 0.00081245
1111 1110 0.0045364
1476 1110 0.0045364
6069 1110 0.0045364
1110 1111 0.00012813
2880 1111 0.00012813
2881 1111 0.00012813
1466 1117 0.0014175
2325 1117 0.0014175
1226 1227 0.71957
1536 1227 0.71957
4200 1227 0.71957
1233 1232 0.0011705
5580 1232 0.0011705
5582 1232 0.0011705
567 1466 0.07727
1467 1466 0.07727
1468 1467 0.0098585
5934 1467 0.0098585
1117 1468 0.0002096
2345 1468 0.0002096
1477 1476 0.0021324
3381 1476 0.0021324
3388 1476 0.0021324
1111 1477 0.00049675
1476 1477 0.00049675
6069 1477 0.00049675
1537 1536 0.0024585
4710 1536 0.0024585
1226 1537 0.00063646
1536 1537 0.00063646
4200 1537 0.00063646
1654 1653 0.28543
2340 1653 0.28543
2343 1653 0.28543
1653 1654 0.0049465
7054 1654 0.0049465
7076 1654 0.0049465
54 1741 0.0019089
1742 1741 0.0019089
1743 1741 0.0019089
282 1742 0.0094218
1741 1742 0.0094218
6704 1742 0.0094218
52 1743 0.0010832
1744 1743 0.0010832
1745 1743 0.0010832
54 1744 0.0025828
1742 1744 0.0025828
1743 1744 0.0025828
1746 1745 0.00037787
1747 1745 0.00037787
52 1746 0.0014396
1744 1746 0.0014396
1745 1746 0.0014396
1748 1747 0.00037787
1749 1747 0.00037787
2162 1747 0.00037787
1746 1748 0.0014396
1747 1748 0.0014396
1750 1749 0.001179
1752 1749 0.001179
2158 1749 0.001179
1748 1750 0.0027589
1749 1750 0.0027589
2162 1750 0.0027589
1750 1751 0.0094937
1752 1751 0.0094937
2158 1751 0.0094937
1751 1752 0.0019808
4538 1752 0.0019808
6275 1752 0.0019808
6277 1752 0.0019808
281 1754 0.0049051
1753 1754 0.0049051
6278 1754 0.0049051
1756 1755 0.0034551
1757 1755 0.0034551
2157 1755 0.0034551
1759 1760 0.0034551
1765 1760 0.0034551
6276 1760 0.0034551
1766 1765 0.002518
3587 1765 0.002518
3590 1765 0.002518
1759 1766 0.00048016
1765 1766 0.00048016
6276 1766 0.00048016
571 1779 0.0028858
1780 1779 0.0028858
1781 1779 0.0028858
1779 1780 0.00038721
3663 1780 0.00038721
5769 1780 0.00038721
1782 1781 0.0028858
1783 1781 0.0028858
1803 1781 0.0028858
571 1782 0.00038721
1780 1782 0.00038721
1781 1782 0.00038721
1804 1803 0.0028417
2284 1803 0.0028417
6475 1803 0.0028417
1782 1804 0.00033618
1783 1804 0.00033618
1803 1804 0.00033618
1760 2157 0.0034551
1761 2157 0.0034551
2156 2157 0.0034551
53 2158 0.0070958
2159 2158 0.0070958
2160 2158 0.0070958
1750 2159 0.0011629
1752 2159 0.0011629
2158 2159 0.0011629
51 2160 0.0009515
2161 2160 0.0009515
2163 2160 0.0009515
53 2161 0.0010318
2159 2161 0.0010318
2160 2161 0.0010318
51 2162 0.0014606
2161 2162 0.0014606
2163 2162 0.0014606
1748 2163 0.00094235
1749 2163 0.00094235
2162 2163 0.00094235
252 2273 0.00010971
2274 2273 0.00010971
4689 2273 0.00010971
1067 2275 0.00010995
2273 2275 0.00010995
2276 2275 0.00010995
1466 2324 0.075862
2325 2324 0.075862
2327 2326 0.092698
4708 2326 0.092698
5968 2326 0.092698
2326 2327 0.0001535
7259 2327 0.0001535
2329 2328 0.17912
5896 2328 0.17912
7254 2328 0.17912
7258 2328 0.17912
2328 2329 0.00026035
7257 2329 0.00026035
2331 2330 0.413
4196 2330 0.413
5971 2330 0.413
7256 2330 0.413
2330 2331 0.00015953
2333 2331 0.00015953
5975 2331 0.00015953
2330 2332 0.57366
2333 2332 0.57366
5975 2332 0.57366
2332 2334 0.57356
2335 2334 0.57356
4216 2334 0.57356
2334 2336 0.71134
2337 2336 0.71134
5977 2336 0.71134
7152 2336 0.71134
2336 2338 0.71051
2339 2338 0.71051
4709 2338 0.71051
2338 2340 0.28543
2341 2340 0.28543
4198 2340 0.28543
1654 2341 0.004951
2340 2341 0.004951
2343 2341 0.004951
1117 2344 0.0012083
2345 2344 0.0012083
2344 2346 0.00095405
2347 2346 0.00095405
5906 2346 0.00095405
2349 2348 0.0020407
5903 2348 0.0020407
5986 2348 0.0020407
7105 2348 0.0020407
2632 2633 0.00037773
5782 2633 0.00037773
5883 2633 0.00037773
5886 2633 0.00037773
2640 2637 0.093575
4087 2637 0.093575
5732 2637 0.093575
2637 2638 0.16531
2641 2638 0.16531
4085 2640 0.093568
4085 2641 0.071739
2633 2643 0.00035865
2635 2643 0.00035865
2644 2643 0.00035865
6717 2646 0.16526
2752 2753 0.0011709
7251 2753 0.0011709
797 2875 0.00041228
2876 2875 0.00041228
4596 2875 0.00041228
796 2876 0.00015844
2875 2876 0.00015844
3441 2876 0.00015844
2877 2878 0.014581
2882 2878 0.014581
6443 2878 0.014581
6446 2878 0.014581
1110 2879 0.00037167
2880 2879 0.00037167
2881 2879 0.00037167
734 2880 0.010896
2879 2880 0.010896
5252 2880 0.010896
1110 2882 0.014951
2880 2882 0.014951
2881 2882 0.014951
2883 2884 0.0001441
6445 2884 0.0001441
6448 2884 0.0001441
739 2886 0.010313
2885 2886 0.010313
5251 2886 0.010313
2886 2888 0.010313
2887 2888 0.010313
2901 2888 0.010313
738 2914 0.00050341
2913 2914 0.00050341
5577 2914 0.00050341
3319 3318 0.00040621
5985 3318 0.00040621
7093 3318 0.00040621
7095 3318 0.00040621
3321 3320 0.00079562
3322 3320 0.00079562
7097 3320 0.00079562
3323 3322 0.00097248
3324 3322 0.00097248
7103 3322 0.00097248
3325 3324 0.00094369
3326 3324 0.00094369
7099 3324 0.00094369
2753 3326 0.0010851
3327 3326 0.0010851
5237 3326 0.0010851
3335 3336 0.000105
5823 3336 0.000105
5831 3336 0.000105
6967 3336 0.000105
225 3372 0.012845
2186 3372 0.012845
3371 3372 0.012845
4692 3372 0.012845
497 3373 0.00041484
500 3373 0.00041484
3374 3373 0.00041484
3376 3375 0.0024947
3377 3375 0.0024947
3389 3375 0.0024947
4613 3375 0.0024947
728 3376 0.0098315
3375 3376 0.0098315
4693 3376 0.0098315
3378 3377 0.0011352
3379 3377 0.0011352
6063 3377 0.0011352
3376 3378 0.0086171
3377 3378 0.0086171
3389 3378 0.0086171
4613 3378 0.0086171
3380 3379 0.00023625
3387 3379 0.00023625
6065 3379 0.00023625
3378 3380 0.010335
3379 3380 0.010335
6063 3380 0.010335
3382 3381 0.00011516
3383 3381 0.00011516
6067 3381 0.00011516
1477 3382 0.013215
3381 3382 0.013215
3388 3382 0.013215
3382 3384 0.015763
3383 3384 0.015763
6067 3384 0.015763
3380 3388 0.014802
3387 3388 0.014802
6065 3388 0.014802
221 3389 0.0038147
3390 3389 0.0038147
6064 3389 0.0038147
3376 3390 0.00089682
3377 3390 0.00089682
3389 3390 0.00089682
4613 3390 0.00089682
65 3392 0.0023288
3391 3392 0.0023288
3396 3392 0.0023288
69 3393 0.00027617
3394 3393 0.00027617
3395 3393 0.00027617
6066 3393 0.00027617
67 3394 0.0026079
71 3394 0.0026079
222 3394 0.0026079
3393 3394 0.0026079
65 3395 0.00016333
3391 3395 0.00016333
3396 3395 0.00016333
69 3396 0.0014451
3394 3396 0.0014451
3395 3396 0.0014451
6066 3396 0.0014451
458 3397 0.017128
3398 3397 0.017128
3399 3397 0.017128
3400 3399 0.016827
4579 3399 0.016827
7244 3399 0.016827
268 3401 0.017139
3402 3401 0.017139
5255 3401 0.017139
3436 3441 0.00044044
3442 3441 0.00044044
3443 3441 0.00044044
4595 3441 0.00044044
1754 3587 0.0049051
3585 3587 0.0049051
3588 3587 0.0049051
1766 3589 0.0028443
3587 3589 0.0028443
3590 3589 0.0028443
2909 3898 0.00050343
3899 3898 0.00050343
6135 3898 0.00050343
5770 4085 0.16531
5772 4085 0.16531
4163 4162 0.0083098
4164 4162 0.0083098
5889 4162 0.0083098
5892 4162 0.0083098
4162 4163 0.094677
4171 4163 0.094677
5793 4163 0.094677
4165 4164 0.0070131
4166 4164 0.0070131
5929 4164 0.0070131
5972 4164 0.0070131
4163 4165 0.27352
4164 4165 0.27352
5889 4165 0.27352
5892 4165 0.27352
4167 4166 0.016329
4168 4166 0.016329
5923 4166 0.016329
5926 4166 0.016329
4165 4167 0.1963
4166 4167 0.1963
5929 4167 0.1963
5972 4167 0.1963
4169 4168 0.013033
4193 4168 0.013033
4194 4168 0.013033
4167 4169 0.05378
4168 4169 0.05378
5923 4169 0.05378
5926 4169 0.05378
4162 4170 0.016303
4171 4170 0.016303
5793 4170 0.016303
4170 4171 0.031034
4173 4171 0.031034
5933 4171 0.031034
4170 4172 0.0023809
4173 4172 0.0023809
5933 4172 0.0023809
4172 4173 0.035298
5797 4173 0.035298
4175 4174 0.0004747
4176 4174 0.0004747
5784 4174 0.0004747
5785 4174 0.0004747
568 4175 0.17552
4174 4175 0.17552
6435 4175 0.17552
4177 4176 0.0028955
4178 4176 0.0028955
5970 4176 0.0028955
4175 4177 0.16608
4176 4177 0.16608
5784 4177 0.16608
5785 4177 0.16608
4179 4178 0.0017699
4180 4178 0.0017699
4177 4179 0.16959
4178 4179 0.16959
5970 4179 0.16959
4181 4180 0.03037
4182 4180 0.03037
5885 4180 0.03037
5888 4180 0.03037
4179 4181 0.12299
4180 4181 0.12299
4183 4182 0.011003
4184 4182 0.011003
5928 4182 0.011003
4181 4183 0.39662
4182 4183 0.39662
5885 4183 0.39662
5888 4183 0.39662
4185 4184 0.02254
4186 4184 0.02254
5922 4184 0.02254
4183 4185 0.24163
4184 4185 0.24163
5928 4185 0.24163
4187 4186 0.007238
4188 4186 0.007238
4195 4186 0.007238
4185 4187 0.17244
4186 4187 0.17244
5922 4187 0.17244
4189 4188 0.00059641
4190 4188 0.00059641
5918 4188 0.00059641
4187 4189 0.15822
4188 4189 0.15822
4195 4189 0.15822
4191 4190 0.0024563
4666 4190 0.0024563
6469 4190 0.0024563
4189 4191 0.12332
4190 4191 0.12332
5918 4191 0.12332
4169 4192 0.056929
4193 4192 0.056929
4194 4192 0.056929
4192 4193 0.0086029
5919 4193 0.0086029
5980 4193 0.0086029
4187 4194 0.020072
4188 4194 0.020072
4195 4194 0.020072
4169 4195 0.012493
4193 4195 0.012493
4194 4195 0.012493
5771 4198 0.28769
5881 4198 0.28769
2338 4200 0.71769
2341 4200 0.71769
4198 4200 0.71769
2332 4215 0.00082627
2335 4215 0.00082627
4216 4215 0.00082627
4215 4216 0.00069874
6725 4216 0.00069874
4218 4217 0.0013583
6706 4217 0.0013583
6724 4217 0.0013583
3384 4382 0.015347
4379 4382 0.015347
4381 4382 0.015347
6442 4382 0.015347
1751 4537 0.15876
4538 4537 0.15876
6275 4537 0.15876
6277 4537 0.15876
3400 4580 0.00032522
4579 4580 0.00032522
7244 4580 0.00032522
797 4595 0.00047302
2876 4595 0.00047302
4596 4595 0.00047302
795 4597 0.00070271
3577 4597 0.00070271
4598 4597 0.00070271
4615 4597 0.00070271
1763 4599 0.0028443
3589 4599 0.0028443
4600 4599 0.0028443
3376 4612 0.0027975
3377 4612 0.0027975
3389 4612 0.0027975
4613 4612 0.0027975
2646 4664 0.15825
5774 4664 0.15825
5775 4664 0.15825
4191 4665 0.1117
4666 4665 0.1117
6469 4665 0.1117
4664 4666 0.0023094
4665 4666 0.0023094
225 4691 0.021845
2186 4691 0.021845
3371 4691 0.021845
4692 4691 0.021845
729 4693 0.021845
4691 4693 0.021845
4694 4693 0.021845
3189 4708 0.077416
4707 4708 0.077416
5981 4708 0.077416
7130 4708 0.077416
1537 4709 0.00073361
4710 4709 0.00073361
5063 4710 0.0025557
563 4802 0.011079
2888 4802 0.011079
4801 4802 0.011079
569 4805 0.0084419
4806 4805 0.0084419
5884 4805 0.0084419
4805 4806 0.054315
6431 4806 0.054315
6434 4806 0.054315
5064 5063 0.0025647
5240 5063 0.0025647
5068 5067 0.00010037
6463 5067 0.00010037
3317 5239 0.00039877
5238 5239 0.00039877
7089 5239 0.00039877
5241 5240 0.0025486
5738 5240 0.0025486
7218 5240 0.0025486
4597 5251 0.021098
5250 5251 0.021098
5253 5251 0.021098
4597 5252 0.00013051
5250 5252 0.00013051
5253 5252 0.00013051
734 5253 0.020531
2879 5253 0.020531
5252 5253 0.020531
738 5576 0.010324
2913 5576 0.010324
5577 5576 0.010324
5576 5578 0.01032
5579 5578 0.01032
1233 5581 0.0091563
5580 5581 0.0091563
5582 5581 0.0091563
5578 5582 0.01032
5583 5582 0.01032
5584 5582 0.01032
2348 5738 0.0024368
5239 5738 0.0024368
5739 5738 0.0024368
4205 5740 0.00011286
5741 5740 0.00011286
5742 5740 0.00011286
853 5765 0.00012464
1809 5765 0.00012464
6822 5766 0.0029955
2190 5768 0.0028709
5767 5768 0.0028709
6464 5768 0.0028709
558 5769 0.16245
5766 5769 0.16245
6474 5769 0.16245
1779 5770 0.16493
3663 5770 0.16493
5769 5770 0.16493
4664 5771 0.26765
4665 5771 0.26765
6467 5772 0.00037739
2646 5773 0.020382
5774 5773 0.020382
5775 5773 0.020382
5773 5774 0.00033752
5880 5774 0.00033752
5776 5775 0.013039
6468 5775 0.013039
5780 5779 0.0021356
5781 5779 0.0021356
5786 5779 0.0021356
981 5780 0.13857
5779 5780 0.13857
6433 5780 0.13857
6436 5780 0.13857
2632 5781 0.004985
5782 5781 0.004985
5883 5781 0.004985
5886 5781 0.004985
5780 5782 0.11025
5781 5782 0.11025
5786 5782 0.11025
4175 5783 0.043324
4176 5783 0.043324
5784 5783 0.043324
5785 5783 0.043324
5783 5784 0.00029265
5788 5784 0.00029265
5796 5784 0.00029265
5780 5785 0.03248
5781 5785 0.03248
5786 5785 0.03248
4175 5786 0.0013068
4176 5786 0.0013068
5784 5786 0.0013068
5785 5786 0.0013068
5783 5787 0.0086081
5788 5787 0.0086081
5796 5787 0.0086081
5787 5788 0.0031252
5914 5788 0.0031252
5915 5788 0.0031252
5790 5789 0.0043967
5791 5789 0.0043967
5932 5789 0.0043967
5969 5789 0.0043967
5789 5790 0.0083985
5911 5790 0.0083985
5913 5790 0.0083985
5982 5790 0.0083985
5792 5791 0.008499
5891 5791 0.008499
5894 5791 0.008499
5790 5792 0.015476
5791 5792 0.015476
5932 5792 0.015476
5969 5792 0.015476
5794 5793 0.071637
5931 5793 0.071637
5795 5794 0.02313
5887 5794 0.02313
5890 5794 0.02313
5794 5795 0.026694
5931 5795 0.026694
4172 5796 0.0017329
5797 5796 0.0017329
5783 5797 0.039281
5788 5797 0.039281
5796 5797 0.039281
5824 5825 0.00011475
6964 5825 0.00011475
7100 5825 0.00011475
5825 5831 0.00010213
5826 5831 0.00010213
5830 5831 0.00010213
5773 5879 0.020382
5880 5879 0.020382
5879 5880 0.00033752
5882 5880 0.00033752
5879 5881 0.020382
5882 5881 0.020382
5771 5882 0.00033752
5881 5882 0.00033752
569 5883 0.4458
4806 5883 0.4458
5884 5883 0.4458
2632 5884 0.00041954
5782 5884 0.00041954
5883 5884 0.00041954
5886 5884 0.00041954
2632 5885 0.55052
5782 5885 0.55052
5883 5885 0.55052
5886 5885 0.55052
4181 5886 0.00021963
4182 5886 0.00021963
5885 5886 0.00021963
5888 5886 0.00021963
4181 5887 0.27106
4182 5887 0.27106
5885 5887 0.27106
5888 5887 0.27106
5795 5888 0.01377
5887 5888 0.01377
5890 5888 0.01377
5795 5889 0.27316
5887 5889 0.27316
5890 5889 0.27316
4163 5890 0.012302
4164 5890 0.012302
5889 5890 0.012302
5892 5890 0.012302
4163 5891 0.090967
4164 5891 0.090967
5889 5891 0.090967
5892 5891 0.090967
5792 5892 0.010246
5891 5892 0.010246
5894 5892 0.010246
5792 5893 0.091199
5891 5893 0.091199
5894 5893 0.091199
5893 5894 0.0034995
7255 5894 0.0034995
2329 5895 0.0015125
5896 5895 0.0015125
7254 5895 0.0015125
7258 5895 0.0015125
5895 5896 0.00013151
7253 5896 0.00013151
942 5897 0.00034544
945 5897 0.00034544
5898 5897 0.00034544
7252 5897 0.00034544
5897 5898 0.00013536
5900 5898 0.00013536
5983 5898 0.00013536
5897 5899 0.00037096
5900 5899 0.00037096
5983 5899 0.00037096
5899 5901 0.00033707
5902 5901 0.00033707
5910 5901 0.00033707
1655 5903 0.00031079
5745 5903 0.00031079
5901 5903 0.00031079
5904 5903 0.00031079
2344 5905 0.00027865
2347 5905 0.00027865
5906 5905 0.00027865
719 5907 0.00017703
5908 5907 0.00017703
7109 5907 0.00017703
5787 5913 0.0086081
5914 5913 0.0086081
5915 5913 0.0086081
5789 5914 0.0031252
5911 5914 0.0031252
5913 5914 0.0031252
5982 5914 0.0031252
4189 5917 0.038811
4190 5917 0.038811
5918 5917 0.038811
5917 5918 0.0020496
5920 5918 0.0020496
5978 5918 0.0020496
5917 5919 0.0054643
5920 5919 0.0054643
5978 5919 0.0054643
4192 5920 0.10522
5919 5920 0.10522
5980 5920 0.10522
4185 5921 0.086912
4186 5921 0.086912
5922 5921 0.086912
5921 5922 0.03303
5924 5922 0.03303
5973 5922 0.03303
5921 5923 0.11668
5924 5923 0.11668
5973 5923 0.11668
4167 5924 0.043708
4168 5924 0.043708
5923 5924 0.043708
5926 5924 0.043708
4167 5925 0.21819
4168 5925 0.21819
5923 5925 0.21819
5926 5925 0.21819
5925 5926 0.0059967
5976 5926 0.0059967
5979 5926 0.0059967
4183 5927 0.18049
4184 5927 0.18049
5928 5927 0.18049
5927 5928 0.013958
5930 5928 0.013958
5974 5928 0.013958
5927 5929 0.17249
5930 5929 0.17249
5974 5929 0.17249
4165 5930 0.025043
4166 5930 0.025043
5929 5930 0.025043
5972 5930 0.025043
4179 5931 0.075201
4180 5931 0.075201
4170 5932 0.022401
4173 5932 0.022401
5933 5932 0.022401
5790 5933 0.004214
5791 5933 0.004214
5932 5933 0.004214
5969 5933 0.004214
3898 5934 0.0096502
5581 5934 0.0096502
5935 5934 0.0096502
5790 5968 0.021835
5791 5968 0.021835
5932 5968 0.021835
5969 5968 0.021835
2327 5969 0.0066244
4708 5969 0.0066244
5968 5969 0.0066244
4172 5970 0.0046313
5797 5970 0.0046313
4165 5971 0.23756
4166 5971 0.23756
5929 5971 0.23756
5972 5971 0.23756
2331 5972 0.0035762
4196 5972 0.0035762
5971 5972 0.0035762
7256 5972 0.0035762
5927 5973 0.056986
5930 5973 0.056986
5974 5973 0.056986
5921 5974 0.037899
5924 5974 0.037899
5973 5974 0.037899
5925 5975 0.17649
5976 5975 0.17649
5979 5975 0.17649
2330 5976 0.01573
2333 5976 0.01573
5975 5976 0.01573
5917 5977 0.14188
5920 5977 0.14188
5978 5977 0.14188
2334 5978 0.0053551
2337 5978 0.0053551
5977 5978 0.0053551
7152 5978 0.0053551
4192 5979 0.015849
5919 5979 0.015849
5980 5979 0.015849
5925 5980 0.067284
5976 5980 0.067284
5979 5980 0.067284
5789 5981 0.0089602
5911 5981 0.0089602
5913 5981 0.0089602
5982 5981 0.0089602
3189 5982 0.0074791
4707 5982 0.0074791
5981 5982 0.0074791
7130 5982 0.0074791
1658 5983 0.00013725
5747 5983 0.00013725
5907 5983 0.00013725
5984 5983 0.00013725
3319 5986 0.00079063
5985 5986 0.00079063
7093 5986 0.00079063
7095 5986 0.00079063
1755 6037 0.16208
4537 6037 0.16208
6038 6037 0.16208
255 6049 0.002772
258 6049 0.002772
6050 6049 0.002772
270 6050 0.0041565
6049 6050 0.0041565
7246 6050 0.0041565
235 6055 0.00024752
460 6055 0.00024752
6056 6055 0.00024752
221 6063 0.0047342
3390 6063 0.0047342
6064 6063 0.0047342
3378 6064 0.0021178
3379 6064 0.0021178
6063 6064 0.0021178
69 6065 0.0047796
3394 6065 0.0047796
3395 6065 0.0047796
6066 6065 0.0047796
3380 6066 0.00014267
3387 6066 0.00014267
6065 6066 0.00014267
3373 6067 0.0027193
3392 6067 0.0027193
6068 6067 0.0027193
61 6069 0.0027975
4612 6069 0.0027975
6070 6069 0.0027975
2911 6129 0.00050341
2914 6129 0.00050341
6130 6129 0.00050341
2903 6131 0.00050341
6129 6131 0.00050341
6132 6131 0.00050341
2905 6133 0.00050578
6131 6133 0.00050578
6134 6133 0.00050578
2907 6135 0.00050343
6133 6135 0.00050343
6136 6135 0.00050343
3333 6226 0.00011991
3336 6226 0.00011991
6225 6226 0.00011991
1759 6275 0.0021736
1765 6275 0.0021736
6276 6275 0.0021736
1751 6276 0.0035277
4538 6276 0.0035277
6275 6276 0.0035277
6277 6276 0.0035277
281 6277 0.15269
1753 6277 0.15269
6278 6277 0.15269
1751 6278 0.00017621
4538 6278 0.00017621
6275 6278 0.00017621
6277 6278 0.00017621
275 6427 0.78329
278 6427 0.78329
6428 6427 0.78329
5736 6429 0.78329
6427 6429 0.78329
6430 6429 0.78329
570 6431 0.3838
6429 6431 0.3838
6432 6431 0.3838
4805 6433 0.33861
6431 6433 0.33861
6434 6433 0.33861
981 6434 0.0006995
5779 6434 0.0006995
6433 6434 0.0006995
6436 6434 0.0006995
981 6435 0.24257
5779 6435 0.24257
6433 6435 0.24257
6436 6435 0.24257
568 6436 0.00011787
4174 6436 0.00011787
6435 6436 0.00011787
3385 6439 0.015347
4382 6439 0.015347
6437 6439 0.015347
6440 6439 0.015347
3384 6441 0.0004763
4379 6441 0.0004763
4381 6441 0.0004763
6442 6441 0.0004763
514 6443 0.0004763
6444 6443 0.0004763
2877 6445 0.0010105
2882 6445 0.0010105
6443 6445 0.0010105
6446 6445 0.0010105
2883 6446 0.0002241
6445 6446 0.0002241
6448 6446 0.0002241
2883 6447 0.00099127
6445 6447 0.00099127
6448 6447 0.00099127
523 6448 0.00030217
564 6448 0.00030217
6447 6448 0.00030217
2190 6463 0.00012464
5767 6463 0.00012464
6464 6463 0.00012464
6747 6464 0.0029955
2749 6465 0.0028851
4599 6465 0.0028851
2642 6467 0.00040166
2643 6467 0.00040166
4191 6468 0.013045
4666 6468 0.013045
6469 6468 0.013045
2336 6469 0.001573
2339 6469 0.001573
4709 6469 0.001573
1804 6474 0.00033618
2284 6474 0.00033618
6475 6474 0.00033618
558 6475 0.0028418
5766 6475 0.0028418
6474 6475 0.0028418
279 6704 0.16497
6705 6704 0.16497
946 6706 0.0012012
6707 6706 0.0012012
2638 6717 0.16526
4215 6724 0.00082627
6725 6724 0.00082627
4218 6725 0.00069874
6706 6725 0.00069874
6724 6725 0.00069874
4217 6726 0.0013583
6727 6726 0.0013583
557 6747 0.0029955
6037 6747 0.0029955
6465 6747 0.0029955
580 6822 0.0029955
5765 6822 0.0029955
5768 6822 0.0029955
5905 6954 0.00011081
6955 6954 0.00011081
7110 6954 0.00011081
6954 6960 0.00011081
6957 6960 0.00011081
6959 6960 0.00011081
5824 6963 0.00011133
6964 6963 0.00011133
7100 6963 0.00011133
6969 6971 0.00010921
6972 6971 0.00010921
6975 6971 0.00010921
7066 6971 0.00010921
6971 6973 0.00020096
6974 6973 0.00020096
7064 6973 0.00020096
6973 6975 0.00010932
6976 6975 0.00010932
6978 6975 0.00010932
6969 6976 0.00012966
6972 6976 0.00012966
6975 6976 0.00012966
7066 6976 0.00012966
6973 6977 0.00026846
6976 6977 0.00026846
6978 6977 0.00026846
6980 6979 0.00015226
7065 6979 0.00015226
7098 6979 0.00015226
7021 7020 0.080455
7023 7020 0.080455
7025 7020 0.080455
7036 7020 0.080455
7020 7021 0.050148
7032 7021 0.050148
7035 7021 0.050148
7021 7022 0.058036
7023 7022 0.058036
7025 7022 0.058036
7036 7022 0.058036
7022 7023 0.030302
7029 7023 0.030302
7031 7023 0.030302
7033 7023 0.030302
7021 7024 0.072277
7023 7024 0.072277
7025 7024 0.072277
7036 7024 0.072277
7024 7025 0.092016
7027 7025 0.092016
7077 7025 0.092016
7080 7025 0.092016
7022 7030 0.0057846
7029 7030 0.0057846
7031 7030 0.0057846
7033 7030 0.0057846
1230 7031 0.075597
7030 7031 0.075597
7078 7031 0.075597
7022 7032 0.10538
7029 7032 0.10538
7031 7032 0.10538
7033 7032 0.10538
7020 7033 0.00783
7032 7033 0.00783
7035 7033 0.00783
7020 7034 0.14004
7032 7034 0.14004
7035 7034 0.14004
7034 7035 0.012183
7037 7035 0.012183
7039 7035 0.012183
7034 7036 0.088514
7037 7036 0.088514
7039 7036 0.088514
7021 7037 0.050212
7023 7037 0.050212
7025 7037 0.050212
7036 7037 0.050212
7034 7038 0.12754
7037 7038 0.12754
7039 7038 0.12754
7038 7039 0.03799
7041 7039 0.03799
7043 7039 0.03799
7038 7040 0.12747
7041 7040 0.12747
7043 7040 0.12747
1227 7041 0.038309
7040 7041 0.038309
7075 7041 0.038309
7079 7041 0.038309
7038 7042 0.00070959
7041 7042 0.00070959
7043 7042 0.00070959
7042 7043 0.00031907
7045 7043 0.00031907
7042 7044 0.00070959
7045 7044 0.00070959
7044 7045 0.00031907
7047 7045 0.00031907
7044 7046 0.00070959
7047 7046 0.00070959
7046 7047 0.00031907
7049 7047 0.00031907
7046 7048 0.00070959
7049 7048 0.00070959
7048 7049 0.00031907
7051 7049 0.00031907
7048 7050 0.00070959
7051 7050 0.00070959
7050 7051 0.00031907
7053 7051 0.00031907
7050 7052 0.00070959
7053 7052 0.00070959
7052 7053 0.00031907
7055 7053 0.00031907
7052 7054 0.00070959
7055 7054 0.00070959
1653 7055 0.00031907
7054 7055 0.00031907
7076 7055 0.00031907
6229 7064 0.0001358
6979 7064 0.0001358
7063 7064 0.0001358
6980 7066 0.00013979
7065 7066 0.00013979
7098 7066 0.00013979
1653 7075 0.28584
7054 7075 0.28584
7076 7075 0.28584
1227 7076 0.0049727
7040 7076 0.0049727
7075 7076 0.0049727
7079 7076 0.0049727
1230 7077 0.0057846
7030 7077 0.0057846
7078 7077 0.0057846
7024 7078 0.075597
7027 7078 0.075597
7077 7078 0.075597
7080 7078 0.075597
7024 7079 0.045919
7027 7079 0.045919
7077 7079 0.045919
7080 7079 0.045919
1227 7080 0.13544
7040 7080 0.13544
7075 7080 0.13544
7079 7080 0.13544
6997 7089 0.00039892
7090 7089 0.00039892
7091 7089 0.00039892
3318 7091 0.00037493
6983 7091 0.00037493
7092 7091 0.00037493
547 7093 0.00021015
2073 7093 0.00021015
7094 7093 0.00021015
3320 7095 0.00098208
6977 7095 0.00098208
7096 7095 0.00098208
3321 7098 0.00023242
3322 7098 0.00023242
7097 7098 0.00023242
3325 7100 0.00019476
3326 7100 0.00019476
7099 7100 0.00019476
5822 7103 0.00013432
6963 7103 0.00013432
7102 7103 0.00013432
7104 7103 0.00013432
6961 7105 0.0010325
7106 7105 0.0010325
7107 7105 0.0010325
2346 7107 0.0010325
6960 7107 0.0010325
7108 7107 0.0010325
5905 7109 0.00017703
6955 7109 0.00017703
7110 7109 0.00017703
727 7127 0.030929
731 7127 0.030929
7126 7127 0.030929
2324 7130 0.075862
7131 7130 0.075862
6726 7152 0.0013583
7153 7152 0.0013583
3397 7214 0.017128
7215 7214 0.017128
7214 7216 0.017128
7217 7216 0.017128
5740 7218 0.00011286
7219 7218 0.00011286
3401 7244 0.017139
7245 7244 0.017139
270 7247 0.01714
6049 7247 0.01714
7246 7247 0.01714
1232 7248 0.0011705
7249 7248 0.0011705
1235 7251 0.0011709
7248 7251 0.0011709
7250 7251 0.0011709
5895 7252 0.0015125
7253 7252 0.0015125
942 7253 0.00013151
945 7253 0.00013151
5898 7253 0.00013151
7252 7253 0.00013151
5893 7254 0.091199
7255 7254 0.091199
2329 7255 0.0034995
5896 7255 0.0034995
7254 7255 0.0034995
7258 7255 0.0034995
2328 7256 0.17912
7257 7256 0.17912
2331 7257 0.00026035
4196 7257 0.00026035
5971 7257 0.00026035
7256 7257 0.00026035
2326 7258 0.092698
7259 7258 0.092698
2329 7259 0.0001535
5896 7259 0.0001535
7254 7259 0.0001535
7258 7259 0.0001535
