521 522 0.00025384
3424 522 0.00025384
3890 522 0.00025384
563 564 0.00019436
2888 564 0.00019436
4801 564 0.00019436
727 732 0.00010441
731 732 0.00010441
7126 732 0.00010441
734 733 0.0001107
2879 733 0.0001107
5252 733 0.0001107
522 735 1.0003
736 735 1.0003
3419 735 1.0003
3434 735 1.0003
735 738 1.0002
737 738 1.0002
740 738 1.0002
735 739 0.00041095
737 739 0.00041095
740 739 0.00041095
739 740 0.00036615
2885 740 0.00036615
5251 740 0.00036615
796 795 0.00010508
2875 795 0.00010508
3441 795 0.00010508
732 797 0.00010438
798 797 0.00010438
7216 797 0.00010438
1466 1117 0.00012412
2325 1117 0.00012412
567 1466 0.00012412
1467 1466 0.00012412
1468 1467 0.00011957
5934 1467 0.00011957
1117 1468 0.00012415
2345 1468 0.00012415
5576 1966 0.00025281
5579 1966 0.00025281
1110 2879 0.00015754
2880 2879 0.00015754
2881 2879 0.00015754
2877 2881 0.00015569
2882 2881 0.00015569
6443 2881 0.00015569
6446 2881 0.00015569
739 2886 0.00020163
2885 2886 0.00020163
5251 2886 0.00020163
2886 2888 0.00020163
2887 2888 0.00020163
2901 2888 0.00020163
2911 2913 0.00039126
2914 2913 0.00039126
6130 2913 0.00039126
738 2914 0.0046894
2913 2914 0.0046894
5577 2914 0.0046894
1966 3424 0.00025281
3423 3424 0.00025281
2909 3898 0.0046631
3899 3898 0.0046631
6135 3898 0.0046631
3898 3899 0.00036501
5581 3899 0.00036501
5935 3899 0.00036501
795 4597 0.00011129
3577 4597 0.00011129
4598 4597 0.00011129
4615 4597 0.00011129
739 5250 0.00020956
2885 5250 0.00020956
5251 5250 0.00020956
4597 5251 0.00030604
5250 5251 0.00030604
5253 5251 0.00030604
4597 5252 0.00014032
5250 5252 0.00014032
5253 5252 0.00014032
734 5253 0.00019523
2879 5253 0.00019523
5252 5253 0.00019523
738 5576 0.99595
2913 5576 0.99595
5577 5576 0.99595
5576 5578 0.9957
5579 5578 0.9957
3898 5580 0.0047808
5581 5580 0.0047808
5935 5580 0.0047808
1233 5581 0.00047807
5580 5581 0.00047807
5582 5581 0.00047807
5578 5582 0.99566
5583 5582 0.99566
5584 5582 0.99566
3898 5934 0.00011928
5581 5934 0.00011928
5935 5934 0.00011928
1468 5935 0.00012387
5934 5935 0.00012387
2911 6129 0.0046894
2914 6129 0.0046894
6130 6129 0.0046894
2903 6130 0.00039126
6129 6130 0.00039126
6132 6130 0.00039126
2903 6131 0.0046894
6129 6131 0.0046894
6132 6131 0.0046894
2905 6132 0.00039126
6131 6132 0.00039126
6134 6132 0.00039126
2905 6133 0.0047084
6131 6133 0.0047084
6134 6133 0.0047084
2907 6134 0.0003642
6133 6134 0.0003642
6136 6134 0.0003642
2907 6135 0.0046631
6133 6135 0.0046631
6136 6135 0.0046631
2909 6136 0.00036501
3899 6136 0.00036501
6135 6136 0.00036501
2883 6446 0.00015382
6445 6446 0.00015382
6448 6446 0.00015382
523 6448 0.00019016
564 6448 0.00019016
6447 6448 0.00019016
733 7126 0.0001107
7127 7126 0.0001107
