5835 433 0.00078843
6878 434 0.00046877
548 547 0.00032577
6226 547 0.00032577
6227 547 0.00032577
6230 547 0.00032577
434 1126 0.00046902
5089 1126 0.00046902
1226 1227 0.96906
1536 1227 0.96906
4200 1227 0.96906
1537 1536 0.93794
4710 1536 0.93794
1654 1653 0.02603
2340 1653 0.02603
2343 1653 0.02603
1653 1654 0.0063618
7054 1654 0.0063618
7076 1654 0.0063618
2071 2072 0.00012718
6238 2072 0.00012718
6239 2072 0.00012718
2072 2073 0.00026928
2074 2073 0.00026928
2075 2073 0.00026928
3906 2073 0.00026928
994 2075 0.00011319
997 2075 0.00011319
2076 2075 0.00011319
2077 2075 0.00011319
1126 2279 0.00010767
2329 2328 0.0001367
5896 2328 0.0001367
7254 2328 0.0001367
7258 2328 0.0001367
2331 2330 0.00014869
4196 2330 0.00014869
5971 2330 0.00014869
7256 2330 0.00014869
2330 2332 0.00022666
2333 2332 0.00022666
5975 2332 0.00022666
2332 2334 0.00025493
2335 2334 0.00025493
4216 2334 0.00025493
2334 2336 0.00039531
2337 2336 0.00039531
5977 2336 0.00039531
7152 2336 0.00039531
2336 2337 0.0001184
2339 2337 0.0001184
4709 2337 0.0001184
2336 2338 0.049547
2339 2338 0.049547
4709 2338 0.049547
2338 2340 0.025005
2341 2340 0.025005
4198 2340 0.025005
1654 2341 0.0064828
2340 2341 0.0064828
2343 2341 0.0064828
2342 2343 0.0011498
7057 2343 0.0011498
7074 2343 0.0011498
2349 2348 0.0036686
5903 2348 0.0036686
5986 2348 0.0036686
7105 2348 0.0036686
2348 2349 0.00045904
5239 2349 0.00045904
5739 2349 0.00045904
2351 2350 0.85134
4656 2350 0.85134
7014 2350 0.85134
7087 2350 0.85134
2350 2351 0.0019255
5671 2351 0.0019255
5836 2351 0.0019255
2360 2362 0.0001238
2363 2362 0.0001238
3120 2362 0.0001238
2362 2363 0.00011467
2365 2363 0.00011467
6395 2363 0.00011467
2362 2364 0.00013635
2365 2364 0.00013635
6395 2364 0.00013635
2364 2365 0.00014114
2367 2365 0.00014114
6366 2365 0.00014114
6367 2365 0.00014114
2364 2366 0.00028135
2367 2366 0.00028135
6366 2366 0.00028135
6367 2366 0.00028135
2366 2367 0.001126
7006 2367 0.001126
7086 2367 0.001126
3085 3086 0.99523
3088 3086 0.99523
5398 3086 0.99523
3087 3088 1.0001
7151 3088 1.0001
3105 3106 0.0048408
5399 3106 0.0048408
5963 3106 0.0048408
3316 3317 0.096768
7005 3317 0.096768
7008 3317 0.096768
7088 3317 0.096768
3319 3318 0.00077481
5985 3318 0.00077481
7093 3318 0.00077481
7095 3318 0.00077481
3318 3319 0.0040635
6983 3319 0.0040635
7092 3319 0.0040635
3320 3321 0.00061152
6977 3321 0.00061152
7096 3321 0.00061152
4199 3791 0.012767
5395 3791 0.012767
5396 3792 0.00028894
5397 3792 0.00028894
3791 3793 0.012575
3793 3794 0.012486
5993 3794 0.012486
7115 3794 0.012486
5771 4198 0.000181
5881 4198 0.000181
2338 4200 0.031203
2341 4200 0.031203
4198 4200 0.031203
4223 4224 0.0011485
6896 4224 0.0011485
7081 4224 0.0011485
4228 4227 0.0011478
4229 4227 0.0011478
6893 4227 0.0011478
4657 4656 0.99956
5663 4656 0.99956
5665 4656 0.99956
6737 4659 0.90316
4191 4665 0.00014006
4666 4665 0.00014006
6469 4665 0.00014006
1537 4709 0.049535
4710 4709 0.049535
5063 4710 0.98739
4789 4790 0.00011719
6240 4790 0.00011719
6365 4790 0.00011719
5064 5063 1.0001
5240 5063 1.0001
4659 5064 0.90345
5065 5064 0.90345
3792 5065 0.00028886
5091 5090 0.00087915
5838 5090 0.00087915
1128 5091 0.00044533
5092 5091 0.00044533
5093 5092 0.00044516
5088 5093 0.00044527
5094 5093 0.00044527
1126 5094 0.00036135
3317 5239 0.093478
5238 5239 0.093478
7089 5239 0.093478
5241 5240 0.096859
5738 5240 0.096859
7218 5240 0.096859
5064 5241 0.0002081
5240 5241 0.0002081
5063 5395 0.01271
3791 5396 0.00019114
3085 5399 0.0048802
3088 5399 0.0048802
5398 5399 0.0048802
5666 5662 0.00046877
5667 5662 0.00046877
5666 5665 0.99955
5667 5665 0.99955
3086 5667 1
5668 5667 1
5964 5667 1
2350 5669 0.90237
5671 5669 0.90237
5836 5669 0.90237
2350 5670 0.0036389
5671 5670 0.0036389
5836 5670 0.0036389
5670 5671 0.056505
6385 5671 0.056505
7085 5671 0.056505
2348 5738 0.096766
5239 5738 0.096766
5739 5738 0.096766
5241 5739 0.00015827
5738 5739 0.00015827
7218 5739 0.00015827
4205 5740 0.00013309
5741 5740 0.00013309
5742 5740 0.00013309
4213 5742 0.00013387
5743 5742 0.00013387
5744 5742 0.00013387
1655 5744 0.00013171
5745 5744 0.00013171
5901 5744 0.00013171
5904 5744 0.00013171
4664 5771 0.00017126
4665 5771 0.00017126
6877 5835 0.00087889
5837 5838 0.00045218
6927 5838 0.00045218
7069 5838 0.00045218
7112 5838 0.00045218
5895 5896 0.00014217
7253 5896 0.00014217
5897 5898 0.00016743
5900 5898 0.00016743
5983 5898 0.00016743
5899 5900 0.00017284
5902 5900 0.00017284
5910 5900 0.00017284
1655 5902 0.00018586
5745 5902 0.00018586
5901 5902 0.00018586
5904 5902 0.00018586
2349 5904 0.0003167
5903 5904 0.0003167
5986 5904 0.0003167
7105 5904 0.0003167
3117 5956 0.00058628
5957 5956 0.00058628
6368 5956 0.00058628
6369 5956 0.00058628
5956 5957 0.00017039
6386 5957 0.00017039
6387 5957 0.00017039
3103 5964 0.0048473
3106 5964 0.0048473
5965 5964 0.0048473
5917 5977 0.00010592
5920 5977 0.00010592
5978 5977 0.00010592
2349 5985 0.00038356
5903 5985 0.00038356
5986 5985 0.00038356
7105 5985 0.00038356
3319 5986 0.0038265
5985 5986 0.0038265
7093 5986 0.0038265
7095 5986 0.0038265
548 6228 0.00010178
6226 6228 0.00010178
6227 6228 0.00010178
6230 6228 0.00010178
6229 6230 0.00034684
6979 6230 0.00034684
7063 6230 0.00034684
4789 6239 0.00011056
6240 6239 0.00011056
6365 6239 0.00011056
2364 6365 0.00021931
2367 6365 0.00021931
6366 6365 0.00021931
6367 6365 0.00021931
3117 6367 0.00011629
5957 6367 0.00011629
6368 6367 0.00011629
6369 6367 0.00011629
2364 6368 0.00078795
2367 6368 0.00078795
6366 6368 0.00078795
6367 6368 0.00078795
3117 6370 0.00031407
5957 6370 0.00031407
6368 6370 0.00031407
6369 6370 0.00031407
5956 6385 0.00070435
6386 6385 0.00070435
6387 6385 0.00070435
5670 6386 0.00044783
6385 6386 0.00044783
7085 6386 0.00044783
5954 6387 0.00015434
6370 6387 0.00015434
6388 6387 0.00015434
7111 6387 0.00015434
5956 6388 0.00031371
6386 6388 0.00031371
6387 6388 0.00031371
2336 6469 0.00026793
2339 6469 0.00026793
4709 6469 0.00026793
6880 6737 0.90316
5090 6877 0.00087889
5662 6878 0.00046877
5664 6878 0.00046877
433 6880 0.90316
5669 6880 0.90316
4224 6893 0.0011485
4225 6893 0.0011485
6894 6893 0.0011485
6895 6896 0.002805
7017 6896 0.002805
7084 6896 0.002805
6969 6971 0.00068712
6972 6971 0.00068712
6975 6971 0.00068712
7066 6971 0.00068712
6971 6972 0.00019479
6974 6972 0.00019479
7064 6972 0.00019479
6971 6973 0.00093758
6974 6973 0.00093758
7064 6973 0.00093758
6973 6974 0.00023144
6976 6974 0.00023144
6978 6974 0.00023144
6973 6975 0.00087207
6976 6975 0.00087207
6978 6975 0.00087207
6969 6976 0.00035273
6972 6976 0.00035273
6975 6976 0.00035273
7066 6976 0.00035273
6973 6977 0.0010122
6976 6977 0.0010122
6978 6977 0.0010122
3320 6978 0.00082545
6977 6978 0.00082545
7096 6978 0.00082545
6980 6979 0.00055914
7065 6979 0.00055914
7098 6979 0.00055914
6982 6981 0.0021219
6984 6981 0.0021219
6986 6981 0.0021219
6981 6982 0.00035276
6990 6982 0.00035276
6982 6983 0.0010798
6984 6983 0.0010798
6986 6983 0.0010798
3318 6984 0.0037312
6983 6984 0.0037312
7092 6984 0.0037312
6982 6985 0.0024713
6984 6985 0.0024713
6986 6985 0.0024713
6985 6986 0.001589
6988 6986 0.001589
6989 6986 0.001589
6985 6987 0.0039501
6988 6987 0.0039501
6989 6987 0.0039501
6987 6988 0.0012987
6992 6988 0.0012987
6994 6988 0.0012987
6981 6989 0.0021219
6990 6989 0.0021219
6985 6990 0.00035276
6988 6990 0.00035276
6989 6990 0.00035276
6987 6991 0.0042715
6992 6991 0.0042715
6994 6991 0.0042715
6991 6992 0.00068871
6995 6992 0.00068871
7000 6992 0.00068871
6987 6993 0.0024592
6992 6993 0.0024592
6994 6993 0.0024592
6993 6994 0.0033905
6996 6994 0.0033905
6998 6994 0.0033905
7001 6994 0.0033905
6993 6995 0.0019385
6996 6995 0.0019385
6998 6995 0.0019385
7001 6995 0.0019385
6991 6996 0.0038536
6995 6996 0.0038536
7000 6996 0.0038536
6993 6997 0.005827
6996 6997 0.005827
6998 6997 0.005827
7001 6997 0.005827
6997 6998 0.0031756
7090 6998 0.0031756
7091 6998 0.0031756
6991 6999 0.002017
6995 6999 0.002017
7000 6999 0.002017
6999 7000 0.00034931
7002 7000 0.00034931
7004 7000 0.00034931
6999 7001 0.002017
7002 7001 0.002017
7004 7001 0.002017
6993 7002 0.00034931
6996 7002 0.00034931
6998 7002 0.00034931
7001 7002 0.00034931
2366 7005 0.0027771
7006 7005 0.0027771
7086 7005 0.0027771
3316 7006 0.056231
7005 7006 0.056231
7008 7006 0.056231
7088 7006 0.056231
6895 7016 0.0097018
7017 7016 0.0097018
7084 7016 0.0097018
4811 7019 0.0016623
7018 7019 0.0016623
7082 7019 0.0016623
7021 7020 0.26137
7023 7020 0.26137
7025 7020 0.26137
7036 7020 0.26137
7020 7021 0.28427
7032 7021 0.28427
7035 7021 0.28427
7021 7022 0.29893
7023 7022 0.29893
7025 7022 0.29893
7036 7022 0.29893
7022 7023 0.15884
7029 7023 0.15884
7031 7023 0.15884
7033 7023 0.15884
7021 7024 0.53765
7023 7024 0.53765
7025 7024 0.53765
7036 7024 0.53765
7024 7025 0.24823
7027 7025 0.24823
7077 7025 0.24823
7080 7025 0.24823
7016 7027 0.011348
7019 7027 0.011348
7026 7027 0.011348
7022 7030 0.12124
7029 7030 0.12124
7031 7030 0.12124
7033 7030 0.12124
1230 7031 0.32514
7030 7031 0.32514
7078 7031 0.32514
7022 7032 0.42292
7029 7032 0.42292
7031 7032 0.42292
7033 7032 0.42292
7020 7033 0.078933
7032 7033 0.078933
7035 7033 0.078933
7020 7034 0.41801
7032 7034 0.41801
7035 7034 0.41801
7034 7035 0.096915
7037 7035 0.096915
7039 7035 0.096915
7034 7036 0.49316
7037 7036 0.49316
7039 7036 0.49316
7021 7037 0.086549
7023 7037 0.086549
7025 7037 0.086549
7036 7037 0.086549
7034 7038 0.17914
7037 7038 0.17914
7039 7038 0.17914
7038 7039 0.26466
7041 7039 0.26466
7043 7039 0.26466
7038 7040 0.17884
7041 7040 0.17884
7043 7040 0.17884
1227 7041 0.26539
7040 7041 0.26539
7075 7041 0.26539
7079 7041 0.26539
7038 7042 0.0013031
7041 7042 0.0013031
7043 7042 0.0013031
7042 7043 0.00027469
7045 7043 0.00027469
7042 7044 0.0013031
7045 7044 0.0013031
7044 7045 0.00027468
7047 7045 0.00027468
7044 7046 0.0013031
7047 7046 0.0013031
7046 7047 0.00027468
7049 7047 0.00027468
7046 7048 0.0013031
7049 7048 0.0013031
7048 7049 0.00027468
7051 7049 0.00027468
7048 7050 0.0013031
7051 7050 0.0013031
7050 7051 0.00027468
7053 7051 0.00027468
7050 7052 0.0013031
7053 7052 0.0013031
7052 7053 0.00027468
7055 7053 0.00027468
7052 7054 0.0013031
7055 7054 0.0013031
1653 7055 0.00027468
7054 7055 0.00027468
7076 7055 0.00027468
6971 7063 0.00019676
6974 7063 0.00019676
7064 7063 0.00019676
6229 7064 0.00041058
6979 7064 0.00041058
7063 7064 0.00041058
6969 7065 0.00035986
6972 7065 0.00035986
6975 7065 0.00035986
7066 7065 0.00035986
6980 7066 0.00033284
7065 7066 0.00033284
7098 7066 0.00033284
4227 7074 0.0011498
5937 7074 0.0011498
7073 7074 0.0011498
1653 7075 0.027265
7054 7075 0.027265
7076 7075 0.027265
1227 7076 0.0065682
7040 7076 0.0065682
7075 7076 0.0065682
7079 7076 0.0065682
1230 7077 0.0035637
7030 7077 0.0035637
7078 7077 0.0035637
7024 7078 1.2075
7027 7078 1.2075
7077 7078 1.2075
7080 7078 1.2075
7024 7079 0.0046335
7027 7079 0.0046335
7077 7079 0.0046335
7080 7079 0.0046335
1227 7080 0.90778
7040 7080 0.90778
7075 7080 0.90778
7079 7080 0.90778
4223 7082 0.0016623
6896 7082 0.0016623
7081 7082 0.0016623
3790 7084 0.012478
3794 7084 0.012478
7083 7084 0.012478
2366 7085 0.055948
7006 7085 0.055948
7086 7085 0.055948
5670 7086 0.0033386
6385 7086 0.0033386
7085 7086 0.0033386
3316 7087 0.00026399
7005 7087 0.00026399
7008 7087 0.00026399
7088 7087 0.00026399
2351 7088 0.1504
4656 7088 0.1504
7014 7088 0.1504
7087 7088 0.1504
6997 7089 0.0057209
7090 7089 0.0057209
7091 7089 0.0057209
3317 7090 0.0090096
5238 7090 0.0090096
7089 7090 0.0090096
3318 7091 0.0013464
6983 7091 0.0013464
7092 7091 0.0013464
6997 7092 0.0072866
7090 7092 0.0072866
7091 7092 0.0072866
547 7093 0.00058095
2073 7093 0.00058095
7094 7093 0.00058095
3320 7095 0.00099125
6977 7095 0.00099125
7096 7095 0.00099125
3319 7096 0.0013223
5985 7096 0.0013223
7093 7096 0.0013223
7095 7096 0.0013223
3321 7098 0.00056096
3322 7098 0.00056096
7097 7098 0.00056096
5954 7112 0.00045218
6370 7112 0.00045218
6388 7112 0.00045218
7111 7112 0.00045218
3090 7151 1.0001
5675 7151 1.0001
5676 7151 1.0001
7150 7151 1.0001
5740 7218 0.00013309
7219 7218 0.00013309
942 7253 0.00014217
945 7253 0.00014217
5898 7253 0.00014217
7252 7253 0.00014217
2328 7256 0.0001367
7257 7256 0.0001367
