524 523 0.00014207
1965 523 0.00014207
2884 523 0.00014207
523 563 0.0010966
564 563 0.0010966
6447 563 0.0010966
563 564 0.00033431
2888 564 0.00033431
4801 564 0.00033431
565 566 0.0046648
980 566 0.0046648
983 566 0.0046648
568 567 0.93204
4174 567 0.93204
6435 567 0.93204
569 570 1.0002
4806 570 1.0002
5884 570 1.0002
733 734 0.00010242
7127 734 0.00010242
735 738 0.064486
737 738 0.064486
740 738 0.064486
739 740 0.064462
2885 740 0.064462
5251 740 0.064462
981 980 0.064389
5779 980 0.064389
6433 980 0.064389
6436 980 0.064389
565 982 0.059725
980 982 0.059725
983 982 0.059725
982 984 0.059725
985 984 0.059725
2889 984 0.059725
984 986 0.059725
987 986 0.059725
2891 986 0.059725
2893 986 0.059725
1466 1117 0.93759
2325 1117 0.93759
1233 1232 0.96557
5580 1232 0.96557
5582 1232 0.96557
1235 1234 0.96596
7248 1234 0.96596
7250 1234 0.96596
1237 1236 0.94447
3902 1236 0.94447
6118 1236 0.94447
1236 1237 0.00058274
1243 1237 0.00058274
6115 1237 0.00058274
1238 1239 0.00071725
1250 1239 0.00071725
6121 1239 0.00071725
1239 1241 0.026151
1240 1241 0.026151
1244 1241 0.026151
6125 1241 0.026151
1236 1242 0.00045613
1243 1242 0.00045613
6115 1242 0.00045613
1241 1243 0.056566
1242 1243 0.056566
3900 1243 0.056566
567 1466 0.93421
1467 1466 0.93421
1468 1467 0.0021726
5934 1467 0.0021726
1117 1468 0.93732
2345 1468 0.93732
1466 2324 0.0015227
2325 2324 0.0015227
2324 2325 0.0049027
7131 2325 0.0049027
2327 2326 0.0002486
4708 2326 0.0002486
5968 2326 0.0002486
2326 2327 0.00039594
7259 2327 0.00039594
1117 2344 0.0018511
2345 2344 0.0018511
2344 2345 0.0015805
2347 2345 0.0015805
5906 2345 0.0015805
2344 2346 0.0016512
2347 2346 0.0016512
5906 2346 0.0016512
2346 2347 0.0001839
6960 2347 0.0001839
7108 2347 0.0001839
2753 2752 0.00093248
3327 2752 0.00093248
5237 2752 0.00093248
2752 2753 0.00053999
7251 2753 0.00053999
566 2877 0.0045856
2878 2877 0.0045856
6439 2877 0.0045856
1110 2879 0.0038747
2880 2879 0.0038747
2881 2879 0.0038747
2877 2881 0.0038469
2882 2881 0.0038469
6443 2881 0.0038469
6446 2881 0.0038469
2883 2884 0.00014207
6445 2884 0.00014207
6448 2884 0.00014207
2886 2885 0.060489
2887 2885 0.060489
2901 2885 0.060489
563 2887 0.060489
2888 2887 0.060489
4801 2887 0.060489
2911 2913 0.00064611
2914 2913 0.00064611
6130 2913 0.00064611
738 2914 0.00026327
2913 2914 0.00026327
5577 2914 0.00026327
3122 3121 0.00028076
5270 3121 0.00028076
6233 3121 0.00028076
3320 3321 0.00033756
6977 3321 0.00033756
7096 3321 0.00033756
3321 3323 0.00037832
3322 3323 0.00037832
7097 3323 0.00037832
3323 3325 0.00067746
3324 3325 0.00067746
7103 3325 0.00067746
2753 3326 0.00025675
3327 3326 0.00025675
5237 3326 0.00025675
3325 3327 0.00064156
3326 3327 0.00064156
7099 3327 0.00064156
2909 3898 0.00026598
3899 3898 0.00026598
6135 3898 0.00026598
3898 3899 0.00064882
5581 3899 0.00064882
5935 3899 0.00064882
1246 3900 0.031166
3901 3900 0.031166
3903 3900 0.031166
6127 3900 0.031166
1241 3901 0.0011252
1242 3901 0.0011252
3900 3901 0.0011252
1246 3902 0.0066225
3901 3902 0.0066225
3903 3902 0.0066225
6127 3902 0.0066225
1237 3903 0.028696
3902 3903 0.028696
6118 3903 0.028696
4163 4162 0.00037896
4164 4162 0.00037896
5889 4162 0.00037896
5892 4162 0.00037896
4162 4163 0.00037739
4171 4163 0.00037739
5793 4163 0.00037739
4165 4164 0.00011195
4166 4164 0.00011195
5929 4164 0.00011195
5972 4164 0.00011195
4163 4165 0.00016058
4164 4165 0.00016058
5889 4165 0.00016058
5892 4165 0.00016058
4162 4170 0.00088564
4171 4170 0.00088564
5793 4170 0.00088564
4170 4171 0.00015225
4173 4171 0.00015225
5933 4171 0.00015225
4170 4172 0.00047365
4173 4172 0.00047365
5933 4172 0.00047365
4172 4173 0.00065894
5797 4173 0.00065894
4175 4174 0.0045865
4176 4174 0.0045865
5784 4174 0.0045865
5785 4174 0.0045865
568 4175 0.0061807
4174 4175 0.0061807
6435 4175 0.0061807
4177 4176 0.0014852
4178 4176 0.0014852
5970 4176 0.0014852
4175 4177 0.0012416
4176 4177 0.0012416
5784 4177 0.0012416
5785 4177 0.0012416
4179 4178 0.00059732
4180 4178 0.00059732
4177 4179 0.0012653
4178 4179 0.0012653
5970 4179 0.0012653
4181 4180 0.00076222
4182 4180 0.00076222
5885 4180 0.00076222
5888 4180 0.00076222
4179 4181 0.00057346
4180 4181 0.00057346
4183 4182 0.00011863
4184 4182 0.00011863
5928 4182 0.00011863
4181 4183 0.00013689
4182 4183 0.00013689
5885 4183 0.00013689
5888 4183 0.00013689
2327 4707 0.0015198
4708 4707 0.0015198
5968 4707 0.0015198
3189 4708 0.001172
4707 4708 0.001172
5981 4708 0.001172
7130 4708 0.001172
986 4801 0.059725
2895 4801 0.059725
4802 4801 0.059725
569 4805 0.0010177
4806 4805 0.0010177
5884 4805 0.0010177
4805 4806 0.0015829
6431 4806 0.0015829
6434 4806 0.0015829
3121 5237 0.00030529
3328 5237 0.00030529
3329 5237 0.00030529
4597 5251 0.0039824
5250 5251 0.0039824
5253 5251 0.0039824
734 5253 0.003973
2879 5253 0.003973
5252 5253 0.003973
2753 5270 0.00029762
3327 5270 0.00029762
5237 5270 0.00029762
738 5576 0.064871
2913 5576 0.064871
5577 5576 0.064871
5576 5578 0.064854
5579 5578 0.064854
3898 5580 0.93479
5581 5580 0.93479
5935 5580 0.93479
5578 5582 0.054476
5583 5582 0.054476
5584 5582 0.054476
1233 5583 0.023666
5580 5583 0.023666
5582 5583 0.023666
5578 5585 0.034036
5583 5585 0.034036
5584 5585 0.034036
5780 5779 0.0038514
5781 5779 0.0038514
5786 5779 0.0038514
981 5780 0.0054275
5779 5780 0.0054275
6433 5780 0.0054275
6436 5780 0.0054275
2632 5781 0.0012157
5782 5781 0.0012157
5883 5781 0.0012157
5886 5781 0.0012157
5780 5782 0.0016516
5781 5782 0.0016516
5786 5782 0.0016516
4175 5783 0.0032627
4176 5783 0.0032627
5784 5783 0.0032627
5785 5783 0.0032627
5783 5784 0.00028452
5788 5784 0.00028452
5796 5784 0.00028452
5780 5785 0.0038696
5781 5785 0.0038696
5786 5785 0.0038696
4175 5786 0.0027293
4176 5786 0.0027293
5784 5786 0.0027293
5785 5786 0.0027293
5783 5787 0.0022049
5788 5787 0.0022049
5796 5787 0.0022049
5787 5788 0.00032375
5914 5788 0.00032375
5915 5788 0.00032375
5790 5789 0.0014669
5791 5789 0.0014669
5932 5789 0.0014669
5969 5789 0.0014669
5789 5790 0.00031591
5911 5790 0.00031591
5913 5790 0.00031591
5982 5790 0.00031591
5792 5791 0.00060524
5891 5791 0.00060524
5894 5791 0.00060524
5790 5792 0.00017242
5791 5792 0.00017242
5932 5792 0.00017242
5969 5792 0.00017242
5794 5793 0.00073182
5931 5793 0.00073182
5795 5794 0.00016859
5887 5794 0.00016859
5890 5794 0.00016859
5794 5795 0.00029353
5931 5795 0.00029353
4172 5796 0.00037981
5797 5796 0.00037981
5783 5797 0.0014768
5788 5797 0.0014768
5796 5797 0.0014768
5819 5818 0.033342
5821 5818 0.033342
6123 5818 0.033342
5819 5820 0.00071725
5821 5820 0.00071725
6123 5820 0.00071725
3335 5822 0.00018765
5823 5822 0.00018765
5831 5822 0.00018765
6967 5822 0.00018765
5824 5825 0.00019529
6964 5825 0.00019529
7100 5825 0.00019529
5825 5831 0.00018945
5826 5831 0.00018945
5830 5831 0.00018945
569 5883 0.0013585
4806 5883 0.0013585
5884 5883 0.0013585
2632 5884 0.001027
5782 5884 0.001027
5883 5884 0.001027
5886 5884 0.001027
2632 5885 0.0010899
5782 5885 0.0010899
5883 5885 0.0010899
5886 5885 0.0010899
4181 5886 0.00032246
4182 5886 0.00032246
5885 5886 0.00032246
5888 5886 0.00032246
4181 5887 0.00086421
4182 5887 0.00086421
5885 5887 0.00086421
5888 5887 0.00086421
5795 5888 0.00030374
5887 5888 0.00030374
5890 5888 0.00030374
5795 5889 0.00088635
5887 5889 0.00088635
5890 5889 0.00088635
4163 5890 0.00020095
4164 5890 0.00020095
5889 5890 0.00020095
5892 5890 0.00020095
4163 5891 0.00078959
4164 5891 0.00078959
5889 5891 0.00078959
5892 5891 0.00078959
5792 5892 0.00015439
5891 5892 0.00015439
5894 5892 0.00015439
5792 5893 0.0003891
5891 5893 0.0003891
5894 5893 0.0003891
5893 5894 0.00018671
7255 5894 0.00018671
2329 5895 0.00012721
5896 5895 0.00012721
7254 5895 0.00012721
7258 5895 0.00012721
942 5897 0.00012275
945 5897 0.00012275
5898 5897 0.00012275
7252 5897 0.00012275
5897 5899 0.00012478
5900 5899 0.00012478
5983 5899 0.00012478
5899 5901 0.00012514
5902 5901 0.00012514
5910 5901 0.00012514
1655 5903 0.00013828
5745 5903 0.00013828
5901 5903 0.00013828
5904 5903 0.00013828
2344 5905 0.00024125
2347 5905 0.00024125
5906 5905 0.00024125
5905 5906 0.0014379
6955 5906 0.0014379
7110 5906 0.0014379
5787 5913 0.0022049
5914 5913 0.0022049
5915 5913 0.0022049
5789 5914 0.00032375
5911 5914 0.00032375
5913 5914 0.00032375
5982 5914 0.00032375
4183 5927 0.00012363
4184 5927 0.00012363
5928 5927 0.00012363
5927 5929 0.00012372
5930 5929 0.00012372
5974 5929 0.00012372
4179 5931 0.00085677
4180 5931 0.00085677
4170 5932 0.0011309
4173 5932 0.0011309
5933 5932 0.0011309
5790 5933 0.00021217
5791 5933 0.00021217
5932 5933 0.00021217
5969 5933 0.00021217
1468 5935 0.93515
5934 5935 0.93515
5790 5968 0.0011798
5791 5968 0.0011798
5932 5968 0.0011798
5969 5968 0.0011798
2327 5969 0.00097931
4708 5969 0.00097931
5968 5969 0.00097931
4172 5970 0.00091167
5797 5970 0.00091167
5789 5981 0.0035088
5911 5981 0.0035088
5913 5981 0.0035088
5982 5981 0.0035088
3189 5982 0.00047664
4707 5982 0.00047664
5981 5982 0.00047664
7130 5982 0.00047664
2349 5985 0.00038838
5903 5985 0.00038838
5986 5985 0.00038838
7105 5985 0.00038838
1234 6118 0.96596
5816 6118 0.96596
6117 6118 0.96596
5820 6121 0.00071725
6122 6121 0.00071725
5265 6123 0.034036
5585 6123 0.034036
6124 6123 0.034036
5818 6125 0.025451
6126 6125 0.025451
6128 6125 0.025451
5818 6127 0.013305
6126 6127 0.013305
6128 6127 0.013305
1246 6128 0.0053382
3901 6128 0.0053382
3903 6128 0.0053382
6127 6128 0.0053382
2911 6129 0.00026327
2914 6129 0.00026327
6130 6129 0.00026327
2903 6130 0.00064611
6129 6130 0.00064611
6132 6130 0.00064611
2903 6131 0.00026327
6129 6131 0.00026327
6132 6131 0.00026327
2905 6132 0.00064611
6131 6132 0.00064611
6134 6132 0.00064611
2905 6133 0.00026829
6131 6133 0.00026829
6134 6133 0.00026829
2907 6134 0.00064208
6133 6134 0.00064208
6136 6134 0.00064208
2907 6135 0.00026598
6133 6135 0.00026598
6136 6135 0.00026598
2909 6136 0.00064882
3899 6136 0.00064882
6135 6136 0.00064882
570 6431 1.0002
6429 6431 1.0002
6432 6431 1.0002
4805 6433 0.99959
6431 6433 0.99959
6434 6433 0.99959
981 6435 0.93367
5779 6435 0.93367
6433 6435 0.93367
6436 6435 0.93367
2877 6445 0.0010476
2882 6445 0.0010476
6443 6445 0.0010476
6446 6445 0.0010476
2883 6446 0.00028537
6445 6446 0.00028537
6448 6446 0.00028537
2883 6447 0.0010168
6445 6447 0.0010168
6448 6447 0.0010168
523 6448 0.00034798
564 6448 0.00034798
6447 6448 0.00034798
5905 6954 0.00021085
6955 6954 0.00021085
7110 6954 0.00021085
6954 6955 0.0014204
6957 6955 0.0014204
6959 6955 0.0014204
2346 6959 0.0014204
6960 6959 0.0014204
7108 6959 0.0014204
6954 6960 0.00021085
6957 6960 0.00021085
6959 6960 0.00021085
5824 6963 0.00021882
6964 6963 0.00021882
7100 6963 0.00021882
5822 6964 0.00014653
6963 6964 0.00014653
7102 6964 0.00014653
7104 6964 0.00014653
6973 6975 0.00010448
6976 6975 0.00010448
6978 6975 0.00010448
3319 7096 0.00036582
5985 7096 0.00036582
7093 7096 0.00036582
7095 7096 0.00036582
5824 7099 0.0001134
6964 7099 0.0001134
7100 7099 0.0001134
3325 7100 0.00034949
3326 7100 0.00034949
7099 7100 0.00034949
5822 7103 0.00035012
6963 7103 0.00035012
7102 7103 0.00035012
7104 7103 0.00035012
6961 7105 0.0002585
7106 7105 0.0002585
7107 7105 0.0002585
2346 7107 0.0002585
6960 7107 0.0002585
7108 7107 0.0002585
727 7127 0.00010242
731 7127 0.00010242
7126 7127 0.00010242
2324 7130 0.0015227
7131 7130 0.0015227
3189 7131 0.0049027
4707 7131 0.0049027
5981 7131 0.0049027
7130 7131 0.0049027
1232 7248 0.96557
7249 7248 0.96557
2752 7250 0.00093248
7251 7250 0.00093248
1235 7251 0.00054
7248 7251 0.00054
7250 7251 0.00054
5895 7252 0.00012721
7253 7252 0.00012721
5893 7254 0.0003891
7255 7254 0.0003891
2329 7255 0.00018671
5896 7255 0.00018671
7254 7255 0.00018671
7258 7255 0.00018671
2326 7258 0.0002486
7259 7258 0.0002486
2329 7259 0.00039594
5896 7259 0.00039594
7254 7259 0.00039594
7258 7259 0.00039594
