942 944 0.0020811
945 944 0.0020811
5898 944 0.0020811
7252 944 0.0020811
944 946 0.002102
947 946 0.002102
4210 946 0.002102
1226 1227 0.50106
1536 1227 0.50106
4200 1227 0.50106
1537 1536 0.00044279
4710 1536 0.00044279
1226 1537 0.00060521
1536 1537 0.00060521
4200 1537 0.00060521
1654 1653 0.50242
2340 1653 0.50242
2343 1653 0.50242
1653 1654 0.0034923
7054 1654 0.0034923
7076 1654 0.0034923
2327 2326 0.0042726
4708 2326 0.0042726
5968 2326 0.0042726
2326 2327 0.00081946
7259 2327 0.00081946
2329 2328 0.016897
5896 2328 0.016897
7254 2328 0.016897
7258 2328 0.016897
2328 2329 0.0063133
7257 2329 0.0063133
2331 2330 0.97742
4196 2330 0.97742
5971 2330 0.97742
7256 2330 0.97742
2330 2332 0.96852
2333 2332 0.96852
5975 2332 0.96852
2332 2334 0.96839
2335 2334 0.96839
4216 2334 0.96839
2334 2336 0.99587
2337 2336 0.99587
5977 2336 0.99587
7152 2336 0.99587
2336 2338 0.99452
2339 2338 0.99452
4709 2338 0.99452
2338 2340 0.50245
2341 2340 0.50245
4198 2340 0.50245
1654 2341 0.0034955
2340 2341 0.0034955
2343 2341 0.0034955
2349 2348 0.0003599
5903 2348 0.0003599
5986 2348 0.0003599
7105 2348 0.0003599
4163 4162 0.0029895
4164 4162 0.0029895
5889 4162 0.0029895
5892 4162 0.0029895
4162 4163 0.002422
4171 4163 0.002422
5793 4163 0.002422
4165 4164 0.016039
4166 4164 0.016039
5929 4164 0.016039
5972 4164 0.016039
4163 4165 0.0059704
4164 4165 0.0059704
5889 4165 0.0059704
5892 4165 0.0059704
4167 4166 0.0096312
4168 4166 0.0096312
5923 4166 0.0096312
5926 4166 0.0096312
4165 4167 0.030493
4166 4167 0.030493
5929 4167 0.030493
5972 4167 0.030493
4169 4168 0.0041153
4193 4168 0.0041153
4194 4168 0.0041153
4167 4169 0.0083825
4168 4169 0.0083825
5923 4169 0.0083825
5926 4169 0.0083825
4162 4170 0.003235
4171 4170 0.003235
5793 4170 0.003235
4170 4171 0.00047323
4173 4171 0.00047323
5933 4171 0.00047323
4170 4172 0.00039574
4173 4172 0.00039574
5933 4172 0.00039574
4172 4173 0.00015809
5797 4173 0.00015809
4177 4176 0.00010398
4178 4176 0.00010398
5970 4176 0.00010398
4177 4179 0.00011563
4178 4179 0.00011563
5970 4179 0.00011563
4181 4180 0.001258
4182 4180 0.001258
5885 4180 0.001258
5888 4180 0.001258
4183 4182 0.0038864
4184 4182 0.0038864
5928 4182 0.0038864
4181 4183 0.00080243
4182 4183 0.00080243
5885 4183 0.00080243
5888 4183 0.00080243
4185 4184 0.0039998
4186 4184 0.0039998
5922 4184 0.0039998
4183 4185 0.0033421
4184 4185 0.0033421
5928 4185 0.0033421
4187 4186 0.0014217
4188 4186 0.0014217
4195 4186 0.0014217
4185 4187 0.004168
4186 4187 0.004168
5922 4187 0.004168
4189 4188 0.00031671
4190 4188 0.00031671
5918 4188 0.00031671
4187 4189 0.0045489
4188 4189 0.0045489
4195 4189 0.0045489
4191 4190 0.00070528
4666 4190 0.00070528
6469 4190 0.00070528
4189 4191 0.0043645
4190 4191 0.0043645
5918 4191 0.0043645
4169 4192 0.0071203
4193 4192 0.0071203
4194 4192 0.0071203
4192 4193 0.0043392
5919 4193 0.0043392
5980 4193 0.0043392
4187 4194 0.0006645
4188 4194 0.0006645
4195 4194 0.0006645
4169 4195 0.0021505
4193 4195 0.0021505
4194 4195 0.0021505
4197 4196 1
5771 4198 0.0056405
5881 4198 0.0056405
2338 4200 0.50121
2341 4200 0.50121
4198 4200 0.50121
2332 4215 0.0013393
2335 4215 0.0013393
4216 4215 0.0013393
4215 4216 0.0012018
6725 4216 0.0012018
4218 4217 0.0022711
6706 4217 0.0022711
6724 4217 0.0022711
2646 4664 0.00057092
5774 4664 0.00057092
5775 4664 0.00057092
4191 4665 0.0049076
4666 4665 0.0049076
6469 4665 0.0049076
2327 4707 0.00014892
4708 4707 0.00014892
5968 4707 0.00014892
3189 4708 0.00085355
4707 4708 0.00085355
5981 4708 0.00085355
7130 4708 0.00085355
1537 4709 0.00062855
4710 4709 0.00062855
5063 4710 0.00046613
5064 5063 0.00047213
5240 5063 0.00047213
5241 5240 0.00046997
5738 5240 0.00046997
7218 5240 0.00046997
2348 5738 0.00037367
5239 5738 0.00037367
5739 5738 0.00037367
4664 5771 0.0054692
4665 5771 0.0054692
2646 5773 0.00017827
5774 5773 0.00017827
5775 5773 0.00017827
5776 5775 0.00074217
6468 5775 0.00074217
5783 5787 0.00029155
5788 5787 0.00029155
5796 5787 0.00029155
5790 5789 0.00072586
5791 5789 0.00072586
5932 5789 0.00072586
5969 5789 0.00072586
5789 5790 0.00021725
5911 5790 0.00021725
5913 5790 0.00021725
5982 5790 0.00021725
5792 5791 0.0022531
5891 5791 0.0022531
5894 5791 0.0022531
5790 5792 0.0015201
5791 5792 0.0015201
5932 5792 0.0015201
5969 5792 0.0015201
5794 5793 0.0021943
5931 5793 0.0021943
5795 5794 0.0014079
5887 5794 0.0014079
5890 5794 0.0014079
5794 5795 0.00043045
5931 5795 0.00043045
4172 5796 0.00028932
5797 5796 0.00028932
5783 5797 0.00017567
5788 5797 0.00017567
5796 5797 0.00017567
5773 5879 0.00017827
5880 5879 0.00017827
5879 5881 0.00017827
5882 5881 0.00017827
4181 5887 0.0030878
4182 5887 0.0030878
5885 5887 0.0030878
5888 5887 0.0030878
5795 5888 0.0011836
5887 5888 0.0011836
5890 5888 0.0011836
5795 5889 0.0032026
5887 5889 0.0032026
5890 5889 0.0032026
4163 5890 0.0022758
4164 5890 0.0022758
5889 5890 0.0022758
5892 5890 0.0022758
4163 5891 0.013252
4164 5891 0.013252
5889 5891 0.013252
5892 5891 0.013252
5792 5892 0.0028247
5891 5892 0.0028247
5894 5892 0.0028247
5792 5893 0.012936
5891 5893 0.012936
5894 5893 0.012936
5893 5894 0.0032411
7255 5894 0.0032411
2329 5895 0.0025813
5896 5895 0.0025813
7254 5895 0.0025813
7258 5895 0.0025813
942 5897 0.00048568
945 5897 0.00048568
5898 5897 0.00048568
7252 5897 0.00048568
5897 5899 0.00047477
5900 5899 0.00047477
5983 5899 0.00047477
5899 5901 0.00042248
5902 5901 0.00042248
5910 5901 0.00042248
1655 5903 0.0003687
5745 5903 0.0003687
5901 5903 0.0003687
5904 5903 0.0003687
5787 5913 0.00029155
5914 5913 0.00029155
5915 5913 0.00029155
4189 5917 0.0018127
4190 5917 0.0018127
5918 5917 0.0018127
5917 5918 0.0012397
5920 5918 0.0012397
5978 5918 0.0012397
5917 5919 0.0081242
5920 5919 0.0081242
5978 5919 0.0081242
4192 5920 0.032829
5919 5920 0.032829
5980 5920 0.032829
4185 5921 0.0022007
4186 5921 0.0022007
5922 5921 0.0022007
5921 5922 0.0056046
5924 5922 0.0056046
5973 5922 0.0056046
5921 5923 0.0067603
5924 5923 0.0067603
5973 5923 0.0067603
4167 5924 0.010328
4168 5924 0.010328
5923 5924 0.010328
5926 5924 0.010328
4167 5925 0.02637
4168 5925 0.02637
5923 5925 0.02637
5926 5925 0.02637
5925 5926 0.013344
5976 5926 0.013344
5979 5926 0.013344
4183 5927 0.0036544
4184 5927 0.0036544
5928 5927 0.0036544
5927 5928 0.0060807
5930 5928 0.0060807
5974 5928 0.0060807
5927 5929 0.0095676
5930 5929 0.0095676
5974 5929 0.0095676
4165 5930 0.01183
4166 5930 0.01183
5929 5930 0.01183
5972 5930 0.01183
4179 5931 0.0012169
4180 5931 0.0012169
4170 5932 0.0029525
4173 5932 0.0029525
5933 5932 0.0029525
5790 5933 0.0004284
5791 5933 0.0004284
5932 5933 0.0004284
5969 5933 0.0004284
5790 5968 0.0034994
5791 5968 0.0034994
5932 5968 0.0034994
5969 5968 0.0034994
2327 5969 0.00075086
4708 5969 0.00075086
5968 5969 0.00075086
4172 5970 0.000124
5797 5970 0.000124
4165 5971 0.01722
4166 5971 0.01722
5929 5971 0.01722
5972 5971 0.01722
2331 5972 0.050412
4196 5972 0.050412
5971 5972 0.050412
7256 5972 0.050412
5927 5973 0.006924
5930 5973 0.006924
5974 5973 0.006924
5921 5974 0.007088
5924 5974 0.007088
5973 5974 0.007088
5925 5975 0.028121
5976 5975 0.028121
5979 5975 0.028121
2330 5976 0.037018
2333 5976 0.037018
5975 5976 0.037018
5917 5977 0.034193
5920 5977 0.034193
5978 5977 0.034193
2334 5978 0.0089151
2337 5978 0.0089151
5977 5978 0.0089151
7152 5978 0.0089151
4192 5979 0.0088746
5919 5979 0.0088746
5980 5979 0.0088746
5925 5980 0.030798
5976 5980 0.030798
5979 5980 0.030798
5789 5981 0.00084548
5911 5981 0.00084548
5913 5981 0.00084548
5982 5981 0.00084548
3189 5982 0.00014465
4707 5982 0.00014465
5981 5982 0.00014465
7130 5982 0.00014465
4191 6468 0.00074255
4666 6468 0.00074255
6469 6468 0.00074255
2336 6469 0.0019816
2339 6469 0.0019816
4709 6469 0.0019816
946 6706 0.002102
6707 6706 0.002102
4215 6724 0.0013393
6725 6724 0.0013393
4218 6725 0.0012018
6706 6725 0.0012018
6724 6725 0.0012018
4217 6726 0.0022711
6727 6726 0.0022711
7021 7020 0.25909
7023 7020 0.25909
7025 7020 0.25909
7036 7020 0.25909
7020 7021 0.26946
7032 7021 0.26946
7035 7021 0.26946
7021 7022 0.2832
7023 7022 0.2832
7025 7022 0.2832
7036 7022 0.2832
7022 7023 0.15654
7029 7023 0.15654
7031 7023 0.15654
7033 7023 0.15654
7021 7024 0.50086
7023 7024 0.50086
7025 7024 0.50086
7036 7024 0.50086
7024 7025 0.26805
7027 7025 0.26805
7077 7025 0.26805
7080 7025 0.26805
7016 7027 0.00012092
7019 7027 0.00012092
7026 7027 0.00012092
7022 7030 0.11224
7029 7030 0.11224
7031 7030 0.11224
7033 7030 0.11224
1230 7031 0.32836
7030 7031 0.32836
7078 7031 0.32836
7022 7032 0.4131
7029 7032 0.4131
7031 7032 0.4131
7033 7032 0.4131
7020 7033 0.070323
7032 7033 0.070323
7035 7033 0.070323
7020 7034 0.4116
7032 7034 0.4116
7035 7034 0.4116
7034 7035 0.079197
7037 7035 0.079197
7039 7035 0.079197
7034 7036 0.43968
7037 7036 0.43968
7039 7036 0.43968
7021 7037 0.090599
7023 7037 0.090599
7025 7037 0.090599
7036 7037 0.090599
7034 7038 0.18032
7037 7038 0.18032
7039 7038 0.18032
7038 7039 0.197
7041 7039 0.197
7043 7039 0.197
7038 7040 0.18021
7041 7040 0.18021
7043 7040 0.18021
1227 7041 0.19673
7040 7041 0.19673
7075 7041 0.19673
7079 7041 0.19673
7038 7042 0.0010584
7041 7042 0.0010584
7043 7042 0.0010584
7042 7043 0.0012202
7045 7043 0.0012202
7042 7044 0.0010584
7045 7044 0.0010584
7044 7045 0.0012202
7047 7045 0.0012202
7044 7046 0.0010584
7047 7046 0.0010584
7046 7047 0.0012202
7049 7047 0.0012202
7046 7048 0.0010584
7049 7048 0.0010584
7048 7049 0.0012202
7051 7049 0.0012202
7048 7050 0.0010584
7051 7050 0.0010584
7050 7051 0.0012202
7053 7051 0.0012202
7050 7052 0.0010584
7053 7052 0.0010584
7052 7053 0.0012202
7055 7053 0.0012202
7052 7054 0.0010584
7055 7054 0.0010584
1653 7055 0.0012202
7054 7055 0.0012202
7076 7055 0.0012202
1653 7075 0.50237
7054 7075 0.50237
7076 7075 0.50237
1227 7076 0.0036026
7040 7076 0.0036026
7075 7076 0.0036026
7079 7076 0.0036026
1230 7077 0.0032991
7030 7077 0.0032991
7078 7077 0.0032991
7024 7078 1.2194
7027 7078 1.2194
7077 7078 1.2194
7080 7078 1.2194
7024 7079 0.0041307
7027 7079 0.0041307
7077 7079 0.0041307
7080 7079 0.0041307
1227 7080 0.98735
7040 7080 0.98735
7075 7080 0.98735
7079 7080 0.98735
6726 7152 0.0022711
7153 7152 0.0022711
5895 7252 0.0025813
7253 7252 0.0025813
5893 7254 0.012936
7255 7254 0.012936
2329 7255 0.0032411
5896 7255 0.0032411
7254 7255 0.0032411
7258 7255 0.0032411
2328 7256 0.016897
7257 7256 0.016897
2331 7257 0.0063133
4196 7257 0.0063133
5971 7257 0.0063133
7256 7257 0.0063133
2326 7258 0.0042726
7259 7258 0.0042726
2329 7259 0.00081946
5896 7259 0.00081946
7254 7259 0.00081946
7258 7259 0.00081946
