330 329 0.00095354
629 329 0.00095354
6320 329 0.00095354
6323 329 0.00095354
329 330 0.00095354
4474 330 0.00095354
4477 330 0.00095354
332 331 0.00024964
333 331 0.00024964
628 331 0.00024964
331 332 0.00074422
630 332 0.00074422
6319 332 0.00074422
338 337 0.0019317
340 337 0.0019317
337 338 0.00065712
2744 338 0.00065712
6317 338 0.00065712
338 339 0.00065712
340 339 0.00065712
339 340 0.0019317
633 340 0.0019317
2743 340 0.0019317
606 607 0.53952
5519 607 0.53952
616 617 0.31047
5475 617 0.31047
5478 617 0.31047
617 618 0.31047
619 618 0.31047
6327 618 0.31047
620 621 0.99992
5480 621 0.99992
623 622 0.45576
4470 622 0.45576
330 628 0.00024964
629 628 0.00024964
6320 628 0.00024964
6323 628 0.00024964
332 629 0.00074422
333 629 0.00074422
628 629 0.00074422
339 632 0.0025096
633 632 0.0025096
2743 632 0.0025096
632 633 0.0025096
4479 633 0.0025096
6315 633 0.0025096
637 636 0.99992
6236 636 0.99992
6342 636 0.99992
7146 636 0.99992
695 694 0.0052432
697 694 0.0052432
2741 694 0.0052432
694 695 0.0001853
2019 695 0.0001853
5296 695 0.0001853
5302 695 0.0001853
695 696 0.011417
697 696 0.011417
2741 696 0.011417
696 697 0.00025616
701 697 0.00025616
5299 697 0.00025616
699 698 0.0015178
2018 698 0.0015178
5301 698 0.0015178
696 700 0.016278
701 700 0.016278
5299 700 0.016278
1311 1310 0.00044451
6901 1310 0.00044451
699 2017 0.001568
2018 2017 0.001568
5301 2017 0.001568
2017 2018 0.00047132
5295 2018 0.00047132
5298 2018 0.00047132
2295 2294 1
5471 2294 1
6764 2294 1
2742 2741 0.016579
4237 2741 0.016579
4240 2741 0.016579
695 2742 0.00035985
697 2742 0.00035985
2741 2742 0.00035985
337 2743 0.0019317
2744 2743 0.0019317
6317 2743 0.0019317
339 2744 0.00065712
633 2744 0.00065712
2743 2744 0.00065712
702 4235 1
4233 4235 1
4236 4235 1
4235 4237 1
4238 4237 1
4483 4237 1
2742 4239 0.98379
4237 4239 0.98379
4240 4239 0.98379
4239 4241 0.98379
4242 4241 0.98379
4481 4241 0.98379
321 4244 0.99992
4243 4244 0.99992
4466 4244 0.99992
4241 4251 0.0001107
4252 4251 0.0001107
6730 4251 0.0001107
4245 4252 0.016322
4251 4252 0.016322
4282 4252 0.016322
4245 4281 0.0001107
4251 4281 0.0001107
4282 4281 0.0001107
700 4282 0.016322
4280 4282 0.016322
4281 4282 0.016322
4465 4466 0.99992
6729 4466 0.99992
654 4468 0.99992
4244 4468 0.99992
4467 4468 0.99992
4469 4470 0.45576
5559 4470 0.45576
5560 4470 0.45576
622 4472 0.45576
4471 4472 0.45576
4473 4474 0.45576
6733 4474 0.45576
624 4476 0.45576
4472 4476 0.45576
4475 4476 0.45576
329 4478 0.45576
4474 4478 0.45576
4477 4478 0.45576
632 4480 0.45576
4479 4480 0.45576
6315 4480 0.45576
4697 4698 0.99992
4700 4698 0.99992
4706 4698 0.99992
319 4700 0.99992
4468 4700 0.99992
4699 4700 0.99992
4696 4702 0.99992
4701 4702 0.99992
4704 4702 0.99992
4698 4704 0.99992
4703 4704 0.99992
4936 4704 0.99992
4924 4923 0.0046329
5520 4923 0.0046329
5555 4923 0.0046329
694 5295 0.0027736
2019 5295 0.0027736
5296 5295 0.0027736
5302 5295 0.0027736
2017 5296 0.00023845
5295 5296 0.00023845
5298 5296 0.00023845
2017 5297 0.0038893
5295 5297 0.0038893
5298 5297 0.0038893
698 5298 0.00025742
5297 5298 0.00025742
5300 5298 0.00025742
698 5299 0.0052684
5297 5299 0.0052684
5300 5299 0.0052684
696 5300 0.00021054
701 5300 0.00021054
5299 5300 0.00021054
694 5301 0.0025703
2019 5301 0.0025703
5296 5301 0.0025703
5302 5301 0.0025703
1310 5449 0.00044766
2631 5449 0.00044766
5448 5449 0.00044766
5446 5451 0.00044766
5449 5451 0.00044766
5450 5451 0.00044766
5453 5452 0.99961
5454 5452 0.99961
5654 5452 0.99961
5453 5455 0.00044451
5454 5455 0.00044451
5654 5455 0.00044451
618 5472 0.99992
5473 5472 0.99992
6766 5472 0.99992
616 5474 0.68945
5475 5474 0.68945
5478 5474 0.68945
621 5476 0.99992
5477 5476 0.99992
5488 5476 0.99992
5476 5478 0.99992
5479 5478 0.99992
5490 5478 0.99992
636 5480 0.99992
5481 5480 0.99992
5482 5480 0.99992
5518 5519 0.53952
5521 5519 0.53952
5556 5519 0.53952
5518 5520 0.0010822
5521 5520 0.0010822
5556 5520 0.0010822
4924 5521 0.079407
5520 5521 0.079407
5555 5521 0.079407
5543 5545 0.0019248
5544 5545 0.0019248
5547 5545 0.0019248
5546 5547 0.0018913
5548 5547 0.0018913
5552 5547 0.0018913
5546 5549 0.0027134
5548 5549 0.0027134
5552 5549 0.0027134
4923 5552 0.0045992
5551 5552 0.0045992
5553 5552 0.0045992
4924 5554 0.00089041
5520 5554 0.00089041
5555 5554 0.00089041
5554 5555 0.083848
5557 5555 0.083848
5561 5555 0.083848
5554 5556 0.46122
5557 5556 0.46122
5561 5556 0.46122
4702 5559 0.99992
4933 5559 0.99992
5558 5559 0.99992
4469 5561 0.54422
5559 5561 0.54422
5560 5561 0.54422
1828 5654 1
2294 5654 1
5655 5654 1
341 6236 0.45576
4480 6236 0.45576
6235 6236 0.45576
335 6315 0.45576
4478 6315 0.45576
6316 6315 0.45576
330 6319 0.00074422
629 6319 0.00074422
6320 6319 0.00074422
6323 6319 0.00074422
331 6320 0.00024964
630 6320 0.00024964
6319 6320 0.00024964
607 6342 0.54415
6341 6342 0.54415
6344 6342 0.54415
5545 6344 0.0046346
5549 6344 0.0046346
6343 6344 0.0046346
6728 6729 0.99992
6731 6729 0.99992
4241 6731 0.99992
4252 6731 0.99992
6730 6731 0.99992
4476 6733 0.45576
6326 6733 0.45576
6732 6733 0.45576
5472 6762 0.99992
6763 6762 0.99992
6762 6764 0.99992
6765 6764 0.99992
5474 6766 0.68945
6767 6766 0.68945
5455 6897 0.00044451
6898 6897 0.00044451
6897 6901 0.00044451
6899 6901 0.00044451
6902 6901 0.00044451
