2 1 0.00019825
1225 1 0.00019825
4679 1 0.00019825
330 329 0.00094853
629 329 0.00094853
6320 329 0.00094853
6323 329 0.00094853
329 330 0.00094853
4474 330 0.00094853
4477 330 0.00094853
332 331 0.00024832
333 331 0.00024832
628 331 0.00024832
331 332 0.00074031
630 332 0.00074031
6319 332 0.00074031
338 337 0.0019215
340 337 0.0019215
337 338 0.00065366
2744 338 0.00065366
6317 338 0.00065366
338 339 0.00065366
340 339 0.00065366
339 340 0.0019215
633 340 0.0019215
2743 340 0.0019215
606 607 0.53668
5519 607 0.53668
616 617 0.30884
5475 617 0.30884
5478 617 0.30884
617 618 0.30884
619 618 0.30884
6327 618 0.30884
620 621 0.99466
5480 621 0.99466
623 622 0.45337
4470 622 0.45337
330 628 0.00024832
629 628 0.00024832
6320 628 0.00024832
6323 628 0.00024832
332 629 0.00074031
333 629 0.00074031
628 629 0.00074031
339 632 0.0024964
633 632 0.0024964
2743 632 0.0024964
632 633 0.0024964
4479 633 0.0024964
6315 633 0.0024964
637 636 0.99466
6236 636 0.99466
6342 636 0.99466
7146 636 0.99466
695 694 0.0017963
697 694 0.0017963
2741 694 0.0017963
695 696 0.0039047
697 696 0.0039047
2741 696 0.0039047
696 697 0.00010043
701 697 0.00010043
5299 697 0.00010043
699 698 0.00053718
2018 698 0.00053718
5301 698 0.00053718
696 700 0.0055918
701 700 0.0055918
5299 700 0.0055918
702 703 0.0053353
4233 703 0.0053353
4236 703 0.0053353
714 713 0.0019669
4676 713 0.0019669
723 724 0.00018905
6920 724 0.00018905
5085 1129 0.0053311
5267 1129 0.0053311
2277 1225 0.00017024
5109 1225 0.00017024
1311 1310 0.00044442
6901 1310 0.00044442
1283 1707 0.0012193
1708 1707 0.0012193
4653 1707 0.0012193
4677 1708 0.0012193
1826 1827 0.0051371
3149 1827 0.0051371
3152 1827 0.0051371
699 2017 0.00054437
2018 2017 0.00054437
5301 2017 0.00054437
2017 2018 0.00017929
5295 2018 0.00017929
5298 2018 0.00017929
6872 2051 0.0052563
2146 2147 0.0051795
3712 2147 0.0051795
4663 2147 0.0051795
7113 2147 0.0051795
2148 2149 0.0053611
6795 2149 0.0053611
2150 2151 0.0053396
6797 2151 0.0053396
2152 2153 0.0053396
6824 2153 0.0053396
2154 2155 0.0053401
6809 2155 0.0053401
1805 2277 0.00017071
2278 2277 0.00017071
4682 2277 0.00017071
680 2280 0.0053359
2281 2280 0.0053359
5278 2280 0.0053359
2295 2294 0.9998
5471 2294 0.9998
6764 2294 0.9998
2628 2629 0.00019871
7181 2629 0.00019871
1 2631 0.00019872
2466 2631 0.00019872
2630 2631 0.00019872
2742 2741 0.0056694
4237 2741 0.0056694
4240 2741 0.0056694
695 2742 0.00013685
697 2742 0.00013685
2741 2742 0.00013685
337 2743 0.0019215
2744 2743 0.0019215
6317 2743 0.0019215
339 2744 0.00065366
633 2744 0.00065366
2743 2744 0.00065366
3150 3149 0.005143
4674 3149 0.005143
7178 3149 0.005143
3343 3640 0.00019279
3639 3640 0.00019279
3962 3640 0.00019279
4685 3962 0.00022783
5086 3962 0.00022783
1129 3964 0.0053242
3963 3964 0.0053242
4235 4236 0.0053355
4238 4236 0.0053355
4483 4236 0.0053355
2742 4238 0.0053355
4237 4238 0.0053355
4240 4238 0.0053355
2742 4239 0.00012256
4237 4239 0.00012256
4240 4239 0.00012256
4239 4240 0.010991
4242 4240 0.010991
4481 4240 0.010991
4239 4241 0.98916
4242 4241 0.98916
4481 4241 0.98916
321 4244 0.99466
4243 4244 0.99466
4466 4244 0.99466
4241 4251 0.0001113
4252 4251 0.0001113
6730 4251 0.0001113
4245 4252 0.0056385
4251 4252 0.0056385
4282 4252 0.0056385
4245 4281 0.0001113
4251 4281 0.0001113
4282 4281 0.0001113
700 4282 0.0056385
4280 4282 0.0056385
4281 4282 0.0056385
4465 4466 0.99466
6729 4466 0.99466
654 4468 0.99466
4244 4468 0.99466
4467 4468 0.99466
4469 4470 0.45337
5559 4470 0.45337
5560 4470 0.45337
622 4472 0.45337
4471 4472 0.45337
4473 4474 0.45337
6733 4474 0.45337
624 4476 0.45337
4472 4476 0.45337
4475 4476 0.45337
329 4478 0.45337
4474 4478 0.45337
4477 4478 0.45337
632 4480 0.45337
4479 4480 0.45337
6315 4480 0.45337
4482 4481 1
6844 4655 0.0041214
4662 4663 0.0053228
6739 4663 0.0053228
1827 4671 0.0051435
2656 4671 0.0051435
4672 4671 0.0051435
1312 4674 0.0053417
2155 4674 0.0053417
4673 4674 0.0053417
4675 4676 0.0052507
5281 4676 0.0052507
6740 4677 0.0053407
2629 4682 0.00015802
4681 4682 0.00015802
5113 4682 0.00015802
6742 4685 0.0053407
4697 4698 0.99466
4700 4698 0.99466
4706 4698 0.99466
319 4700 0.99466
4468 4700 0.99466
4699 4700 0.99466
4696 4702 0.99466
4701 4702 0.99466
4704 4702 0.99466
4698 4704 0.99466
4703 4704 0.99466
4936 4704 0.99466
4924 4923 0.0046085
5520 4923 0.0046085
5555 4923 0.0046085
4685 5085 0.0051213
5086 5085 0.0051213
3638 5267 0.00021014
3640 5267 0.00021014
5268 5267 0.00021014
678 5278 0.0053359
2282 5278 0.0053359
5279 5278 0.0053359
5286 5278 0.0053359
2280 5281 0.0052651
5280 5281 0.0052651
5282 5281 0.0052651
4301 5286 0.0053353
5285 5286 0.0053353
5288 5286 0.0053353
789 5288 0.0053353
4299 5288 0.0053353
5287 5288 0.0053353
5290 5288 0.0053353
703 5290 0.0053353
4303 5290 0.0053353
5289 5290 0.0053353
694 5295 0.00095068
2019 5295 0.00095068
5296 5295 0.00095068
5302 5295 0.00095068
2017 5297 0.0013391
5295 5297 0.0013391
5298 5297 0.0013391
698 5298 0.00010938
5297 5298 0.00010938
5300 5298 0.00010938
698 5299 0.0018276
5297 5299 0.0018276
5300 5299 0.0018276
694 5301 0.00088222
2019 5301 0.00088222
5296 5301 0.00088222
5302 5301 0.00088222
1310 5449 0.00064271
2631 5449 0.00064271
5448 5449 0.00064271
5446 5451 0.00064271
5449 5451 0.00064271
5450 5451 0.00064271
5453 5452 0.99941
5454 5452 0.99941
5654 5452 0.99941
5453 5455 0.00044442
5454 5455 0.00044442
5654 5455 0.00044442
5462 5463 0.0051423
6768 5463 0.0051423
952 5465 0.0051423
5463 5465 0.0051423
5464 5465 0.0051423
5460 5467 0.0051423
5465 5467 0.0051423
5466 5467 0.0051423
5458 5469 0.0051423
5467 5469 0.0051423
5468 5469 0.0051423
5456 5471 0.0051424
5469 5471 0.0051424
5470 5471 0.0051424
618 5472 0.99466
5473 5472 0.99466
6766 5472 0.99466
616 5474 0.68582
5475 5474 0.68582
5478 5474 0.68582
621 5476 0.99466
5477 5476 0.99466
5488 5476 0.99466
5476 5478 0.99466
5479 5478 0.99466
5490 5478 0.99466
636 5480 0.99466
5481 5480 0.99466
5482 5480 0.99466
5518 5519 0.53668
5521 5519 0.53668
5556 5519 0.53668
5518 5520 0.0010765
5521 5520 0.0010765
5556 5520 0.0010765
4924 5521 0.07899
5520 5521 0.07899
5555 5521 0.07899
5543 5545 0.0019148
5544 5545 0.0019148
5547 5545 0.0019148
5546 5547 0.0018814
5548 5547 0.0018814
5552 5547 0.0018814
5546 5549 0.0026992
5548 5549 0.0026992
5552 5549 0.0026992
4923 5552 0.004575
5551 5552 0.004575
5553 5552 0.004575
4924 5554 0.00088574
5520 5554 0.00088574
5555 5554 0.00088574
5554 5555 0.083407
5557 5555 0.083407
5561 5555 0.083407
5554 5556 0.4588
5557 5556 0.4588
5561 5556 0.4588
4702 5559 0.99466
4933 5559 0.99466
5558 5559 0.99466
4469 5561 0.54136
5559 5561 0.54136
5560 5561 0.54136
1828 5654 0.9998
2294 5654 0.9998
5655 5654 0.9998
341 6236 0.45337
4480 6236 0.45337
6235 6236 0.45337
335 6315 0.45337
4478 6315 0.45337
6316 6315 0.45337
330 6319 0.00074031
629 6319 0.00074031
6320 6319 0.00074031
6323 6319 0.00074031
331 6320 0.00024832
630 6320 0.00024832
6319 6320 0.00024832
607 6342 0.54129
6341 6342 0.54129
6344 6342 0.54129
5545 6344 0.0046103
5549 6344 0.0046103
6343 6344 0.0046103
714 6683 0.0032841
4676 6683 0.0032841
713 6684 0.0019722
2050 6684 0.0019722
2052 6684 0.0019722
6728 6729 0.99466
6731 6729 0.99466
4241 6731 0.99466
4252 6731 0.99466
6730 6731 0.99466
4476 6733 0.45337
6326 6733 0.45337
6732 6733 0.45337
4677 6735 0.0041214
3964 6739 0.0053228
6738 6739 0.0053228
7172 6740 0.0053407
1707 6742 0.0053407
4655 6742 0.0053407
5472 6762 0.99466
6763 6762 0.99466
6762 6764 0.99466
6765 6764 0.99466
5474 6766 0.68582
6767 6766 0.68582
6769 6768 0.0051435
7281 6768 0.0051435
724 6795 0.0053611
2147 6795 0.0053611
6794 6795 0.0053611
6796 6797 0.0053396
7183 6797 0.0053396
549 6809 0.0053401
2153 6809 0.0053401
2864 6809 0.0053401
6808 6809 0.0053401
2151 6824 0.0053396
3649 6824 0.0053396
3652 6824 0.0053396
6823 6824 0.0053396
6825 6826 0.00019871
7179 6826 0.00019871
6735 6844 0.0041214
6843 6844 0.0041214
6683 6872 0.0052563
6684 6872 0.0052563
5455 6897 0.00044442
6898 6897 0.00044442
6897 6901 0.00044442
6899 6901 0.00044442
6902 6901 0.00044442
3713 6920 0.0001684
6921 6920 0.0001684
7114 6920 0.0001684
2146 7114 0.00016409
3712 7114 0.00016409
4663 7114 0.00016409
7113 7114 0.00016409
7173 7172 0.0053407
2051 7173 0.0053407
5084 7173 0.0053407
3150 7179 0.00019871
4674 7179 0.00019871
7178 7179 0.00019871
6826 7181 0.00019871
7180 7181 0.00019871
7182 7183 0.0053396
7185 7183 0.0053396
7184 7185 0.0053396
7288 7185 0.0053396
4671 7281 0.0051435
7282 7281 0.0051435
2149 7288 0.0053396
7287 7288 0.0053396
