1 2 0.99998
2466 2 0.99998
2630 2 0.99998
1124 1123 0.99398
5099 1123 0.99398
5102 1123 0.99398
2277 1225 0.0017913
5109 1225 0.0017913
1301 1300 0.0025334
2463 1300 0.0025334
5146 1300 0.0025334
1300 1301 0.0057131
1371 1301 0.0057131
2464 1301 0.0057131
1346 1345 0.03393
1383 1345 0.03393
6665 1345 0.03393
1345 1346 0.25176
5364 1346 0.25176
5599 1346 0.25176
1348 1347 0.0082647
1395 1347 0.0082647
5815 1347 0.0082647
1347 1348 0.000959
5378 1348 0.000959
1361 1362 0.0023763
1377 1362 0.0023763
1380 1362 0.0023763
1363 1364 0.0015069
1379 1364 0.0015069
1382 1364 0.0015069
1364 1365 0.0015069
1366 1365 0.0015069
1391 1365 0.0015069
1368 1367 0.00039278
1387 1367 0.00039278
1389 1367 0.00039278
1367 1368 0.14947
3068 1368 0.14947
1372 1371 0.00050263
1381 1371 0.00050263
5173 1371 0.00050263
1300 1372 0.0033554
1371 1372 0.0033554
2464 1372 0.0033554
1363 1380 0.0023763
1379 1380 0.0023763
1382 1380 0.0023763
1372 1382 0.0038521
1381 1382 0.0038521
5173 1382 0.0038521
1384 1383 0.26948
5361 1383 0.26948
5598 1383 0.26948
1346 1384 0.12312
1383 1384 0.12312
6665 1384 0.12312
1386 1385 0.000184
5359 1385 0.000184
5362 1385 0.000184
1369 1386 0.39907
1385 1386 0.39907
5369 1386 0.39907
1388 1387 0.00039278
5370 1387 0.00039278
6669 1387 0.00039278
1368 1388 0.14947
1387 1388 0.14947
1389 1388 0.14947
1434 1433 0.0015164
2455 1433 0.0015164
5808 1433 0.0015164
1433 1434 0.00053597
1844 1434 0.00053597
2456 1434 0.00053597
1808 1805 0.0014324
4680 1805 0.0014324
5101 1805 0.0014324
1808 1807 0.012246
4680 1807 0.012246
5101 1807 0.012246
1807 1808 0.025948
5115 1808 0.025948
1853 1852 0.00016816
5060 1852 0.00016816
5618 1852 0.00016816
1805 2277 0.0017669
2278 2277 0.0017669
4682 2277 0.0017669
2457 2456 0.00054316
5812 2456 0.00054316
6662 2456 0.00054316
1433 2457 0.0015726
1844 2457 0.0015726
2456 2457 0.0015726
1397 2458 0.60035
2459 2458 0.60035
6666 2458 0.60035
2458 2459 0.0030862
5373 2459 0.0030862
6663 2459 0.0030862
6664 2459 0.0030862
1123 2460 0.85103
2461 2460 0.85103
3067 2460 0.85103
3069 2460 0.85103
2460 2461 0.0039589
6667 2461 0.0039589
6668 2461 0.0039589
1301 2462 0.0057131
2463 2462 0.0057131
5146 2462 0.0057131
2462 2463 0.0025334
3070 2463 0.0025334
5172 2463 0.0025334
2465 2464 0.0060593
5097 2464 0.0060593
2467 2466 0.00040867
5614 2466 0.00040867
5617 2466 0.00040867
1 2467 0.00043489
2466 2467 0.00043489
2630 2467 0.00043489
1310 2630 1
2631 2630 1
5448 2630 1
1367 3067 0.00039278
3068 3067 0.00039278
1123 3068 0.14947
2461 3068 0.14947
3067 3068 0.14947
3069 3068 0.14947
2462 3069 0.0074552
3070 3069 0.0074552
5172 3069 0.0074552
1123 3070 0.0052715
2461 3070 0.0052715
3067 3070 0.0052715
3069 3070 0.0052715
2 4680 0.98774
1225 4680 0.98774
4679 4680 0.98774
1805 4681 0.00020942
2278 4681 0.00020942
4682 4681 0.00020942
2629 4682 0.00054223
4681 4682 0.00054223
5113 4682 0.00054223
1853 5059 0.0001922
5060 5059 0.0001922
5618 5059 0.0001922
2736 5060 0.00012262
5059 5060 0.00012262
5606 5060 0.00012262
5609 5060 0.00012262
5114 5069 0.026284
5116 5069 0.026284
5098 5097 0.0060848
5104 5097 0.0060848
5100 5098 0.0060881
5136 5098 0.0060881
1124 5100 0.0060592
5099 5100 0.0060592
5102 5100 0.0060592
1808 5102 1
4680 5102 1
5101 5102 1
5106 5105 0.00011276
5137 5105 0.00011276
2 5113 0.014035
1225 5113 0.014035
4679 5113 0.014035
2629 5114 0.013702
4681 5114 0.013702
5113 5114 0.013702
5069 5115 0.026284
1807 5116 0.012582
5115 5116 0.012582
1372 5172 0.0021091
1381 5172 0.0021091
5173 5172 0.0021091
2462 5173 0.0031051
3070 5173 0.0031051
5172 5173 0.0031051
1362 5357 0.0023763
5355 5357 0.0023763
5358 5357 0.0023763
1365 5359 0.0038637
5357 5359 0.0038637
5360 5359 0.0038637
1386 5361 0.40285
5359 5361 0.40285
5362 5361 0.40285
1384 5362 0.00011389
5361 5362 0.00011389
5598 5362 0.00011389
1345 5363 0.050034
5364 5363 0.050034
5599 5363 0.050034
5363 5364 0.011485
5810 5364 0.011485
5813 5364 0.011485
1388 5369 0.39907
5370 5369 0.39907
6669 5369 0.39907
1369 5370 0.000184
1385 5370 0.000184
5369 5370 0.000184
5371 5373 0.0085785
5374 5373 0.0085785
5375 5373 0.0085785
2458 5374 0.0085785
5373 5374 0.0085785
6663 5374 0.0085785
6664 5374 0.0085785
5376 5375 0.0085785
5377 5375 0.0085785
5814 5375 0.0085785
5371 5376 0.0085785
5374 5376 0.0085785
5375 5376 0.0085785
1347 5377 0.0082647
5378 5377 0.0082647
5376 5378 0.000959
5377 5378 0.000959
5814 5378 0.000959
1345 5598 0.014367
5364 5598 0.014367
5599 5598 0.014367
1384 5599 0.27074
5361 5599 0.27074
5598 5599 0.27074
1852 5606 0.00016816
5604 5606 0.00016816
5607 5606 0.00016816
2736 5608 0.00021717
5059 5608 0.00021717
5606 5608 0.00021717
5609 5608 0.00021717
1865 5614 0.00027105
5608 5614 0.00027105
5615 5614 0.00027105
2467 5615 0.00011396
5614 5615 0.00011396
5617 5615 0.00011396
2467 5616 0.00032648
5614 5616 0.00032648
5617 5616 0.00032648
1814 5617 0.00014316
5616 5617 0.00014316
5619 5617 0.00014316
1814 5618 0.00032648
5616 5618 0.00032648
5619 5618 0.00032648
1853 5619 0.00014316
5060 5619 0.00014316
5618 5619 0.00014316
5806 5808 0.0014915
5809 5808 0.0014915
5811 5808 0.0014915
1434 5809 0.00046278
2455 5809 0.00046278
5808 5809 0.00046278
5806 5810 0.00046278
5809 5810 0.00046278
5811 5810 0.00046278
5363 5811 0.0014915
5810 5811 0.0014915
5813 5811 0.0014915
5363 5812 0.049538
5810 5812 0.049538
5813 5812 0.049538
2457 5813 0.012017
5812 5813 0.012017
6662 5813 0.012017
1348 5814 0.000959
1395 5814 0.000959
5815 5814 0.000959
5376 5815 0.0082647
5377 5815 0.0082647
5814 5815 0.0082647
2458 6662 0.012339
5373 6662 0.012339
6663 6662 0.012339
6664 6662 0.012339
2457 6663 0.050888
5812 6663 0.050888
6662 6663 0.050888
1346 6664 0.0030865
1383 6664 0.0030865
6665 6664 0.0030865
2458 6665 0.6389
5373 6665 0.6389
6663 6665 0.6389
6664 6665 0.6389
2460 6666 0.60035
6667 6666 0.60035
6668 6666 0.60035
1397 6667 0.0030862
2459 6667 0.0030862
6666 6667 0.0030862
1388 6668 0.036411
5370 6668 0.036411
6669 6668 0.036411
2460 6669 0.28622
6667 6669 0.28622
6668 6669 0.28622
