971 970 0.3778
4670 970 0.3778
5226 970 0.3778
1469 1116 0.00077465
4997 1116 0.00077465
1470 1469 0.00077361
6536 1469 0.00077361
1471 1470 0.00077361
5435 1470 0.00077361
1116 1471 0.00058348
2373 1471 0.00058348
1515 1514 0.0037478
2096 1514 0.0037478
4667 1514 0.0037478
5384 1514 0.0037478
1514 1515 0.37467
2848 1515 0.37467
1932 1933 0.00019055
1934 1933 0.00019055
6745 1933 0.00019055
7198 1933 0.00019055
1935 1934 0.00012036
1936 1934 0.00012036
1942 1934 0.00012036
1932 1935 0.0078516
1934 1935 0.0078516
6745 1935 0.0078516
7198 1935 0.0078516
1931 1941 0.00019066
1933 1941 0.00019066
1940 1941 0.00019066
1943 1942 0.00012036
1944 1942 0.00012036
5379 1942 0.00012036
5386 1942 0.00012036
1935 1943 0.0078516
1936 1943 0.0078516
1942 1943 0.0078516
2095 2094 0.00058172
4668 2094 0.00058172
5224 2094 0.00058172
2094 2095 0.0007729
2372 2095 0.0007729
5222 2095 0.0007729
1116 2372 0.0007729
2373 2372 0.0007729
2094 2373 0.00058172
2372 2373 0.00058172
5222 2373 0.00058172
970 2848 0.37781
6534 2848 0.37781
3790 3789 0.99283
3794 3789 0.99283
7083 3789 0.99283
4199 3791 0.00010455
5395 3791 0.00010455
3791 3793 1.0001
3793 3794 0.99346
5993 3794 0.99346
7115 3794 0.99346
3790 3795 0.00060546
3794 3795 0.00060546
7083 3795 0.00060546
2095 4667 0.61443
4668 4667 0.61443
5224 4667 0.61443
1515 4668 0.00022742
2096 4668 0.00022742
4667 4668 0.00022742
5384 4668 0.00022742
971 4669 0.00061067
4670 4669 0.00061067
5226 4669 0.00061067
4669 4670 0.37152
5402 4670 0.37152
5405 4670 0.37152
5225 5224 0.61424
5403 5224 0.61424
2095 5225 0.00022818
4668 5225 0.00022818
5224 5225 0.00022818
1514 5226 0.0068884
2848 5226 0.0068884
1943 5380 0.014886
1944 5380 0.014886
5379 5380 0.014886
5386 5380 0.014886
1946 5382 0.014886
5380 5382 0.014886
5381 5382 0.014886
5227 5384 0.014886
5382 5384 0.014886
5383 5384 0.014886
5385 5386 0.0071548
5387 5386 0.0071548
5394 5386 0.0071548
5389 5390 0.0016798
5875 5390 0.0016798
5994 5390 0.0016798
1512 5392 0.0055657
5391 5392 0.0055657
5876 5392 0.0055657
5392 5394 0.0071548
5393 5394 0.0071548
5991 5394 0.0071548
5400 5401 0.98492
6746 5401 0.98492
5225 5402 0.059449
5403 5402 0.059449
5401 5403 0.67347
5404 5403 0.67347
4669 5404 0.005957
5402 5404 0.005957
5405 5404 0.005957
5401 5405 0.31742
5404 5405 0.31742
1941 5423 0.00019066
5418 5423 0.00019066
5422 5423 0.00019066
5423 5427 0.00019066
5424 5427 0.00019066
5426 5427 0.00019066
5427 5435 0.00019066
5430 5435 0.00019066
5434 5435 0.00019066
5389 5876 0.0055657
5875 5876 0.0055657
5994 5876 0.0055657
5390 5991 0.0016798
5877 5991 0.0016798
5992 5991 0.0016798
3793 5994 0.0072119
5993 5994 0.0072119
7115 5994 0.0072119
1932 6746 0.98492
1934 6746 0.98492
6745 6746 0.98492
7198 6746 0.98492
6828 6827 0.99283
7200 6827 0.99283
6895 6896 0.00047764
7017 6896 0.00047764
7084 6896 0.00047764
7016 7017 0.00046364
7019 7017 0.00046364
7026 7017 0.00046364
4811 7019 0.00046186
7018 7019 0.00046186
7082 7019 0.00046186
4223 7082 0.00046186
6896 7082 0.00046186
7081 7082 0.00046186
6895 7083 0.00052363
7017 7083 0.00052363
7084 7083 0.00052363
3790 7084 0.00054352
3794 7084 0.00054352
7083 7084 0.00054352
3795 7115 0.00060546
6827 7198 0.99283
7199 7198 0.99283
3789 7200 0.99283
7201 7200 0.99283
