2 1 0.00017843
1225 1 0.00017843
4679 1 0.00017843
1 2 0.0034932
2466 2 0.0034932
2630 2 0.0034932
88 87 0.0003279
90 87 0.0003279
773 87 0.0003279
6568 87 0.0003279
91 92 0.00036446
3732 92 0.00036446
3733 92 0.00036446
98 97 0.087611
3704 97 0.087611
3705 97 0.087611
97 98 0.0097625
412 98 0.0097625
6566 98 0.0097625
110 109 0.0034401
5717 109 0.0034401
6560 109 0.0034401
109 110 0.034131
782 110 0.034131
784 110 0.034131
134 133 0.0019986
3708 133 0.0019986
3709 133 0.0019986
133 134 0.083764
3052 134 0.083764
97 411 0.087611
412 411 0.087611
6566 411 0.087611
411 412 0.0097625
3734 412 0.0097625
3735 412 0.0097625
554 553 0.0073534
1525 553 0.0073534
2824 553 0.0073534
553 554 0.36588
3702 554 0.36588
3703 554 0.36588
596 597 0.99697
6222 597 0.99697
6224 597 0.99697
5260 723 0.37025
723 724 0.26467
6920 724 0.26467
109 781 0.0034401
782 781 0.0034401
784 781 0.0034401
781 782 0.034131
3700 782 0.034131
3701 782 0.034131
1142 1141 0.0030627
5079 1141 0.0030627
6798 1141 0.0030627
2277 1225 0.34496
5109 1225 0.34496
5462 1312 0.0019416
6768 1312 0.0019416
1332 1331 0.00011699
1405 1331 0.00011699
5061 1331 0.00011699
5124 1331 0.00011699
1331 1332 0.0034382
1414 1332 0.0034382
5110 1332 0.0034382
5111 1332 0.0034382
1406 1405 0.00011699
1812 1405 0.00011699
1864 1405 0.00011699
1332 1406 0.0034382
1405 1406 0.0034382
5061 1406 0.0034382
5124 1406 0.0034382
1521 1520 0.037115
6558 1520 0.037115
6561 1520 0.037115
1520 1521 0.0046992
1523 1521 0.0046992
2825 1521 0.0046992
1520 1522 0.21328
1523 1522 0.21328
2825 1522 0.21328
1522 1523 0.018461
2821 1523 0.018461
2827 1523 0.018461
554 1524 0.22417
1525 1524 0.22417
2824 1524 0.22417
1524 1525 0.028053
1968 1525 0.028053
2820 1525 0.028053
1527 1526 0.33314
1967 1526 0.33314
2822 1526 0.33314
1526 1527 0.00038623
2826 1527 0.00038623
1566 1568 0.0017804
1569 1568 0.0017804
5716 1568 0.0017804
1568 1569 0.0035056
1571 1569 0.0035056
3699 1569 0.0035056
1570 1571 0.0013053
1573 1571 0.0013053
3092 1571 0.0013053
1659 1660 0.00053321
3213 1660 0.00053321
4560 1660 0.00053321
1808 1805 0.0029862
4680 1805 0.0029862
5101 1805 0.0029862
1808 1807 0.00010932
4680 1807 0.00010932
5101 1807 0.00010932
1807 1808 0.0010205
5115 1808 0.0010205
1308 1812 0.00021204
1813 1812 0.00021204
2735 1812 0.00021204
1406 1813 0.00093239
1812 1813 0.00093239
1864 1813 0.00093239
1826 1827 0.0019415
3149 1827 0.0019415
3152 1827 0.0019415
1853 1852 0.0002723
5060 1852 0.0002723
5618 1852 0.0002723
1852 1853 0.00039252
5604 1853 0.00039252
5607 1853 0.00039252
1406 1865 0.002684
1812 1865 0.002684
1864 1865 0.002684
1524 1967 0.045138
1968 1967 0.045138
2820 1967 0.045138
1527 1968 0.32145
1967 1968 0.32145
2822 1968 0.32145
1972 1971 0.60919
3706 1971 0.60919
3707 1971 0.60919
3736 1971 0.60919
1969 1972 0.00013097
1971 1972 0.00013097
2823 1972 0.00013097
1974 1973 0.00053777
6557 1973 0.00053777
1973 1974 0.0016315
3048 1974 0.0016315
1976 1975 0.0013013
6155 1975 0.0013013
6617 1975 0.0013013
2135 2134 0.00039289
2142 2134 0.00039289
2400 2134 0.00039289
2818 2134 0.00039289
2134 2136 0.00044214
2137 2136 0.00044214
6215 2136 0.00044214
2139 2138 0.00055863
2140 2138 0.00055863
3613 2138 0.00055863
724 2146 0.89316
2147 2146 0.89316
6794 2146 0.89316
2149 2148 0.63007
7287 2148 0.63007
2148 2149 0.0016421
6795 2149 0.0016421
2151 2150 0.99867
3649 2150 0.99867
3652 2150 0.99867
6823 2150 0.99867
549 2152 0.99937
2153 2152 0.99937
2864 2152 0.99937
6808 2152 0.99937
1312 2154 0.99999
2155 2154 0.99999
4673 2154 0.99999
1805 2277 0.0010204
2278 2277 0.0010204
4682 2277 0.0010204
2277 2278 0.65273
5109 2278 0.65273
2467 2466 0.0034951
5614 2466 0.0034951
5617 2466 0.0034951
1 2467 0.00017073
2466 2467 0.00017073
2630 2467 0.00017073
2629 2628 0.99997
4681 2628 0.99997
5113 2628 0.99997
2736 2735 0.00021204
5059 2735 0.00021204
5606 2735 0.00021204
5609 2735 0.00021204
1308 2736 0.00093239
1813 2736 0.00093239
2735 2736 0.00093239
2138 2817 0.00014558
2816 2817 0.00014558
2819 2817 0.00014558
2138 2818 0.00041829
2816 2818 0.00041829
2819 2818 0.00041829
1522 2820 0.0078192
2821 2820 0.0078192
2827 2820 0.0078192
1524 2821 0.48024
1968 2821 0.48024
2820 2821 0.48024
1969 2822 0.60919
1971 2822 0.60919
2823 2822 0.60919
1527 2823 0.00013097
1967 2823 0.00013097
2822 2823 0.00013097
1520 2824 0.018679
1523 2824 0.018679
2825 2824 0.018679
554 2825 0.18109
1525 2825 0.18109
2824 2825 0.18109
1522 2826 0.00038623
2821 2826 0.00038623
2827 2826 0.00038623
1526 2827 0.33314
2826 2827 0.33314
1676 2853 0.00027187
2854 2853 0.00027187
3661 2853 0.00027187
549 2863 0.00055863
2153 2863 0.00055863
2864 2863 0.00055863
6808 2863 0.00055863
1973 3047 0.00053777
3048 3047 0.00053777
3047 3048 0.0016315
6556 3048 0.0016315
6559 3048 0.0016315
133 3051 0.0019986
3052 3051 0.0019986
3051 3052 0.083764
3710 3052 0.083764
3711 3052 0.083764
3054 3053 0.0012922
3685 3053 0.0012922
3053 3054 0.00016956
3682 3054 0.00016956
3683 3054 0.00016956
1975 3092 0.0013019
3091 3092 0.0013019
5682 3092 0.0013019
5693 3092 0.0013019
3150 3149 0.0019448
4674 3149 0.0019448
7178 3149 0.0019448
3212 3213 0.00056201
3651 3213 0.00056201
3654 3213 0.00056201
2828 3611 0.00055863
2863 3611 0.00055863
3612 3611 0.00055863
2830 3613 0.00055863
3611 3613 0.00055863
3614 3613 0.00055863
2151 3651 0.0012115
3649 3651 0.0012115
3652 3651 0.0012115
6823 3651 0.0012115
3212 3652 0.00048001
3651 3652 0.00048001
3654 3652 0.00048001
3212 3653 0.00065698
3651 3653 0.00065698
3654 3653 0.00065698
3653 3654 0.00046817
3656 3654 0.00046817
6210 3654 0.00046817
3653 3655 0.00033523
3656 3655 0.00033523
6210 3655 0.00033523
3655 3656 0.00040908
3658 3656 0.00040908
6205 3656 0.00040908
3655 3657 0.00028505
3658 3657 0.00028505
6205 3657 0.00028505
1662 3659 0.00027024
3657 3659 0.00027024
3660 3659 0.00027024
3659 3661 0.00028212
3662 3661 0.00028212
6218 3661 0.00028212
3668 3670 0.00016476
3669 3670 0.00016476
6478 3670 0.00016476
3670 3680 0.00015853
3679 3680 0.00015853
5851 3680 0.00015853
3053 3681 0.00019021
3682 3681 0.00019021
3683 3681 0.00019021
3680 3682 0.00016682
3681 3682 0.00016682
3689 3682 0.00016682
6479 3682 0.00016682
3684 3683 0.00030669
3686 3683 0.00030669
3687 3683 0.00030669
3053 3684 0.001406
3682 3684 0.001406
3683 3684 0.001406
3684 3685 0.0012922
3686 3685 0.0012922
3687 3685 0.0012922
3054 3686 0.00016956
3685 3686 0.00016956
3688 3687 0.0014904
3714 3687 0.0014904
3715 3687 0.0014904
3684 3688 0.001467
3686 3688 0.001467
3687 3688 0.001467
781 3699 0.0031421
3700 3699 0.0031421
3701 3699 0.0031421
1568 3700 0.0027187
1571 3700 0.0027187
3699 3700 0.0027187
553 3701 0.036405
3702 3701 0.036405
3703 3701 0.036405
781 3702 0.0052905
3700 3702 0.0052905
3701 3702 0.0052905
98 3703 0.39693
3704 3703 0.39693
3705 3703 0.39693
553 3704 0.0072955
3702 3704 0.0072955
3703 3704 0.0072955
1972 3705 0.47757
3706 3705 0.47757
3707 3705 0.47757
3736 3705 0.47757
98 3706 0.010081
3704 3706 0.010081
3705 3706 0.010081
134 3707 0.99908
3708 3707 0.99908
3709 3707 0.99908
1972 3708 0.00038035
3706 3708 0.00038035
3707 3708 0.00038035
3736 3708 0.00038035
3051 3709 0.92085
3710 3709 0.92085
3711 3709 0.92085
134 3710 0.0039227
3708 3710 0.0039227
3709 3710 0.0039227
2146 3711 0.99875
3712 3711 0.99875
4663 3711 0.99875
7113 3711 0.99875
3688 3713 0.0015179
3714 3713 0.0015179
3715 3713 0.0015179
3713 3714 0.0014942
6921 3714 0.0014942
7114 3714 0.0014942
373 3729 0.00010724
3730 3729 0.00010724
3731 3729 0.00010724
87 3730 0.00038703
3728 3730 0.00038703
3729 3730 0.00038703
91 3731 0.00014482
3732 3731 0.00014482
3733 3731 0.00014482
373 3732 0.00045013
3730 3732 0.00045013
3731 3732 0.00045013
411 3733 0.00049406
3734 3733 0.00049406
3735 3733 0.00049406
91 3734 0.0004957
3732 3734 0.0004957
3733 3734 0.0004957
1972 3735 0.010159
3706 3735 0.010159
3707 3735 0.010159
3736 3735 0.010159
411 3736 0.088009
3734 3736 0.088009
3735 3736 0.088009
1827 4671 0.001932
2656 4671 0.001932
4672 4671 0.001932
3150 4673 0.99805
4674 4673 0.99805
7178 4673 0.99805
1808 4679 0.00029115
4680 4679 0.00029115
5101 4679 0.00029115
2 4680 0.0023661
1225 4680 0.0023661
4679 4680 0.0023661
1805 4681 0.6552
2278 4681 0.6552
4682 4681 0.6552
2629 4682 0.00049873
4681 4682 0.00049873
5113 4682 0.00049873
4855 4853 0.0091951
5587 4853 0.0091951
4855 4854 0.0052874
5587 4854 0.0052874
4864 4856 0.20683
6887 4856 0.20683
4853 4858 1.0092
4857 4858 1.0092
4860 4858 1.0092
4859 4860 1
4862 4860 1
5586 4860 1
4859 4861 0.00095478
4862 4861 0.00095478
5586 4861 0.00095478
4861 4862 0.79413
6888 4862 0.79413
4863 4864 1
4866 4864 1
4865 4866 1.0091
4867 4866 1.0091
4898 4866 1.0091
4871 4867 0.014873
4880 4867 0.014873
4869 4868 0.1502
4879 4868 0.1502
4896 4869 0.15596
4899 4869 0.15596
4871 4870 0.00071778
4880 4870 0.00071778
4870 4871 0.0064865
4872 4871 0.0064865
4875 4871 0.0064865
4870 4874 0.00071778
4872 4874 0.00071778
4875 4874 0.00071778
4874 4875 0.0064865
4877 4875 0.0064865
4878 4875 0.0064865
4869 4878 0.0064865
4879 4878 0.0064865
4874 4879 0.00071778
4877 4879 0.00071778
4878 4879 0.00071778
4863 4880 0.009104
4866 4880 0.009104
4905 4881 0.10444
4908 4881 0.10444
4902 4882 0.0073997
7176 4882 0.0073997
4882 4883 0.016139
4887 4883 0.016139
4881 4884 0.095702
4886 4884 0.095702
4881 4885 0.0091941
4886 4885 0.0091941
4885 4886 0.00045447
4889 4886 0.00045447
4892 4886 0.00045447
4888 4887 0.0091941
4891 4887 0.0091941
4894 4887 0.0091941
4882 4888 0.00045447
4887 4888 0.00045447
4885 4891 0.0091941
4889 4891 0.0091941
4892 4891 0.0091941
4888 4892 0.00045447
4891 4892 0.00045447
4894 4892 0.00045447
4895 4896 1
7175 4896 1
4865 4897 0.00021636
4867 4897 0.00021636
4898 4897 0.00021636
4868 4898 0.99445
4897 4898 0.99445
4900 4898 0.99445
4868 4899 0.0012239
4897 4899 0.0012239
4900 4899 0.0012239
4896 4900 0.84526
4899 4900 0.84526
4883 4902 1.0074
4901 4902 1.0074
4904 4902 1.0074
4884 4904 0.99132
4903 4904 0.99132
4906 4904 0.99132
4884 4905 0.00041788
4903 4905 0.00041788
4906 4905 0.00041788
4905 4906 0.89598
4908 4906 0.89598
4907 4908 1
6890 4908 1
4911 4912 1
1853 5059 0.00011543
5060 5059 0.00011543
5618 5059 0.00011543
2736 5060 0.0008089
5059 5060 0.0008089
5606 5060 0.0008089
5609 5060 0.0008089
5114 5069 0.0010404
5116 5069 0.0010404
1139 5076 0.0029919
5077 5076 0.0029919
5126 5076 0.0029919
6223 5076 0.0029919
1331 5109 0.99668
1414 5109 0.99668
5110 5109 0.99668
5111 5109 0.99668
597 5111 0.99999
1141 5111 0.99999
5112 5111 0.99999
5128 5111 0.99999
2 5113 0.3462
1225 5113 0.3462
4679 5113 0.3462
2629 5114 0.00092956
4681 5114 0.00092956
5113 5114 0.00092956
5069 5115 0.0010339
1807 5116 0.00012276
5115 5116 0.00012276
4854 5126 0.0052874
5127 5126 0.0052874
2149 5260 0.37025
7287 5260 0.37025
4856 5586 0.20683
4858 5587 0.01445
6221 5587 0.01445
1852 5606 0.00027329
5604 5606 0.00027329
5607 5606 0.00027329
2736 5607 0.0003904
5059 5607 0.0003904
5606 5607 0.0003904
5609 5607 0.0003904
2736 5608 0.00040715
5059 5608 0.00040715
5606 5608 0.00040715
5609 5608 0.00040715
1865 5609 0.00049739
5608 5609 0.00049739
5615 5609 0.00049739
1865 5614 0.0025851
5608 5614 0.0025851
5615 5614 0.0025851
2467 5616 0.00015351
5614 5616 0.00015351
5617 5616 0.00015351
1814 5617 0.0009672
5616 5617 0.0009672
5619 5617 0.0009672
1814 5618 0.00015351
5616 5618 0.00015351
5619 5618 0.00015351
1853 5619 0.0009672
5060 5619 0.0009672
5618 5619 0.0009672
110 5716 0.0017804
5717 5716 0.0017804
6560 5716 0.0017804
1566 5717 0.0035056
1569 5717 0.0035056
5716 5717 0.0035056
3214 6155 0.00075535
6156 6155 0.00075535
7264 6155 0.00075535
6158 6157 0.00075222
7266 6157 0.00075222
7268 6157 0.00075222
2444 6159 0.00075418
6160 6159 0.00075418
6161 6159 0.00075418
3204 6161 0.00075795
6162 6161 0.00075795
6163 6161 0.00075795
3950 6163 0.00073256
6164 6163 0.00073256
6165 6163 0.00073256
2136 6165 0.00069616
2853 6165 0.00069616
3220 6165 0.00069616
6166 6165 0.00069616
6206 6205 0.00037003
6209 6205 0.00037003
6211 6205 0.00037003
3655 6206 0.00010737
3658 6206 0.00010737
6205 6206 0.00010737
3653 6209 0.00037003
3656 6209 0.00037003
6210 6209 0.00037003
6206 6210 0.00010737
6209 6210 0.00010737
6211 6210 0.00010737
6216 6218 0.00011057
6217 6218 0.00011057
6595 6218 0.00011057
4858 6222 0.99479
6221 6222 0.99479
596 6223 0.0018439
6222 6223 0.0018439
6224 6223 0.0018439
1139 6224 0.0040646
5077 6224 0.0040646
5126 6224 0.0040646
6223 6224 0.0040646
3680 6478 0.00016772
3681 6478 0.00016772
3689 6478 0.00016772
6479 6478 0.00016772
1974 6556 0.0016315
6557 6556 0.0016315
3047 6557 0.00053777
6556 6557 0.00053777
6559 6557 0.00053777
3047 6558 0.0020763
6556 6558 0.0020763
6559 6558 0.0020763
1521 6559 0.0020763
6558 6559 0.0020763
6561 6559 0.0020763
1521 6560 0.0037509
6558 6560 0.0037509
6561 6560 0.0037509
110 6561 0.036167
5717 6561 0.036167
6560 6561 0.036167
92 6568 0.00033652
4557 6568 0.00033652
6569 6568 0.00033652
2817 6595 0.00014558
6594 6595 0.00014558
6150 6617 0.00054655
6616 6617 0.00054655
6619 6617 0.00054655
6152 6619 0.00053792
6618 6619 0.00053792
6621 6619 0.00053792
5718 6621 0.00054409
6620 6621 0.00054409
6623 6621 0.00054409
6622 6623 0.00054409
7229 6623 0.00054409
6769 6768 0.001932
7281 6768 0.001932
2148 6794 0.63007
6795 6794 0.63007
724 6795 0.0016421
2147 6795 0.0016421
6794 6795 0.0016421
2150 6796 0.99867
6797 6796 0.99867
5076 6798 0.0029919
6799 6798 0.0029919
2154 6808 0.99999
6809 6808 0.99999
2152 6823 0.99937
6824 6823 0.99937
6826 6825 0.99997
7180 6825 0.99997
4910 6846 1
4912 6846 1
6845 6846 1
4861 6887 0.00095478
6888 6887 0.00095478
4864 6888 0.79413
6887 6888 0.79413
6846 6890 1
6889 6890 1
3713 6920 0.035114
6921 6920 0.035114
7114 6920 0.035114
723 6921 0.14069
6920 6921 0.14069
3713 7113 0.14151
6921 7113 0.14151
7114 7113 0.14151
2146 7114 0.035908
3712 7114 0.035908
4663 7114 0.035908
7113 7114 0.035908
7156 7157 0.00054409
7159 7157 0.00054409
1660 7159 0.00054409
6196 7159 0.00054409
7158 7159 0.00054409
7174 7175 1
7177 7175 1
4902 7177 1
7176 7177 1
6825 7178 0.99997
7179 7178 0.99997
2628 7180 0.99997
7181 7180 0.99997
6796 7182 0.99867
7183 7182 0.99867
7182 7184 0.99867
7185 7184 0.99867
7228 7229 0.00054409
7231 7229 0.00054409
7157 7231 0.00054409
7230 7231 0.00054409
6157 7264 0.00075222
7265 7264 0.00075222
6159 7268 0.00075418
7269 7268 0.00075418
4671 7281 0.001932
7282 7281 0.001932
7184 7287 0.99867
7288 7287 0.99867
