57 58 0.00055891
60 58 0.00055891
4610 58 0.00055891
57 59 0.0005022
60 59 0.0005022
4610 59 0.0005022
59 60 0.0062382
3420 60 0.0062382
3421 60 0.0062382
64 63 0.00013346
506 63 0.00013346
6061 63 0.00013346
63 64 0.00015389
70 64 0.00015389
503 64 0.00015389
65 66 0.0001254
3391 66 0.0001254
3396 66 0.0001254
63 69 0.00025847
70 69 0.00025847
503 69 0.00025847
69 70 0.00015275
3394 70 0.00015275
3395 70 0.00015275
6066 70 0.00015275
72 71 0.00020987
505 71 0.00020987
508 71 0.00020987
67 72 0.00016966
71 72 0.00016966
222 72 0.00016966
3393 72 0.00016966
67 221 0.0020809
71 221 0.0020809
222 221 0.0020809
3393 221 0.0020809
221 222 0.0024758
3390 222 0.0024758
6064 222 0.0024758
66 501 0.00014906
499 501 0.00014906
502 501 0.00014906
501 503 0.00014906
504 503 0.00014906
6059 503 0.00014906
64 505 0.00015389
506 505 0.00015389
6061 505 0.00015389
72 506 0.00013346
505 506 0.00013346
508 506 0.00013346
507 508 0.00010469
3372 508 0.00010469
6057 508 0.00010469
514 513 0.024434
6444 513 0.024434
521 522 0.99638
3424 522 0.99638
3890 522 0.99638
524 523 0.0036111
1965 523 0.0036111
2884 523 0.0036111
523 524 0.0029379
564 524 0.0029379
6447 524 0.0029379
563 564 0.03689
2888 564 0.03689
4801 564 0.03689
565 566 0.0027179
980 566 0.0027179
983 566 0.0027179
517 594 0.00024759
595 594 0.00024759
3437 594 0.00024759
3440 594 0.00024759
594 595 0.00043877
3408 595 0.00043877
3413 595 0.00043877
728 727 0.00080519
3375 727 0.00080519
4693 727 0.00080519
727 728 0.18791
731 728 0.18791
7126 728 0.18791
732 731 0.0069795
798 731 0.0069795
7216 731 0.0069795
727 732 0.0043767
731 732 0.0043767
7126 732 0.0043767
734 733 0.1868
2879 733 0.1868
5252 733 0.1868
733 734 0.002302
7127 734 0.002302
522 735 0.99761
736 735 0.99761
3419 735 0.99761
3434 735 0.99761
735 738 0.00029288
737 738 0.00029288
740 738 0.00029288
735 739 0.99733
737 739 0.99733
740 739 0.99733
762 763 0.00084402
764 763 0.00084402
3428 763 0.00084402
763 764 0.00032944
3426 764 0.00032944
796 795 0.0030171
2875 795 0.0030171
3441 795 0.0030171
795 796 0.0042316
3577 796 0.0042316
4598 796 0.0042316
4615 796 0.0042316
732 797 0.0043695
798 797 0.0043695
7216 797 0.0043695
797 798 0.0069723
2876 798 0.0069723
4596 798 0.0069723
982 983 0.002695
985 983 0.002695
2889 983 0.002695
984 985 0.002695
987 985 0.002695
2891 985 0.002695
2893 985 0.002695
986 987 0.002695
2895 987 0.002695
4802 987 0.002695
1110 1111 0.77818
2880 1111 0.77818
2881 1111 0.77818
1111 1477 0.79233
1476 1477 0.79233
6069 1477 0.79233
5576 1966 0.00025281
5579 1966 0.00025281
797 2875 0.0018056
2876 2875 0.0018056
4596 2875 0.0018056
796 2876 0.0060122
2875 2876 0.0060122
3441 2876 0.0060122
566 2877 0.00040132
2878 2877 0.00040132
6439 2877 0.00040132
2877 2878 0.0080525
2882 2878 0.0080525
6443 2878 0.0080525
6446 2878 0.0080525
1110 2879 0.00028974
2880 2879 0.00028974
2881 2879 0.00028974
734 2880 0.77364
2879 2880 0.77364
5252 2880 0.77364
2877 2881 0.02384
2882 2881 0.02384
6443 2881 0.02384
6446 2881 0.02384
1110 2882 0.019083
2880 2882 0.019083
2881 2882 0.019083
524 2883 0.0029379
1965 2883 0.0029379
2884 2883 0.0029379
2883 2884 0.0036111
6445 2884 0.0036111
6448 2884 0.0036111
739 2886 0.03955
2885 2886 0.03955
5251 2886 0.03955
2886 2888 0.03955
2887 2888 0.03955
2901 2888 0.03955
225 3372 0.00010469
2186 3372 0.00010469
3371 3372 0.00010469
4692 3372 0.00010469
3376 3375 0.0008067
3377 3375 0.0008067
3389 3375 0.0008067
4613 3375 0.0008067
728 3376 0.18789
3375 3376 0.18789
4693 3376 0.18789
3378 3377 0.0046414
3379 3377 0.0046414
6063 3377 0.0046414
3376 3378 0.17757
3377 3378 0.17757
3389 3378 0.17757
4613 3378 0.17757
3380 3379 0.0057281
3387 3379 0.0057281
6065 3379 0.0057281
3378 3380 0.17826
3379 3380 0.17826
6063 3380 0.17826
3382 3381 0.034868
3383 3381 0.034868
6067 3381 0.034868
1477 3382 0.0016306
3381 3382 0.0016306
3388 3382 0.0016306
3384 3383 0.034795
4379 3383 0.034795
4381 3383 0.034795
6442 3383 0.034795
1477 3387 0.0064965
3381 3387 0.0064965
3388 3387 0.0064965
3380 3388 0.18099
3387 3388 0.18099
6065 3388 0.18099
221 3389 0.020519
3390 3389 0.020519
6064 3389 0.020519
3376 3390 0.020513
3377 3390 0.020513
3389 3390 0.020513
4613 3390 0.020513
3373 3391 0.0017523
3392 3391 0.0017523
6068 3391 0.0017523
65 3392 0.00025213
3391 3392 0.00025213
3396 3392 0.00025213
69 3393 0.0019453
3394 3393 0.0019453
3395 3393 0.0019453
6066 3393 0.0019453
67 3394 0.0023804
71 3394 0.0023804
222 3394 0.0023804
3393 3394 0.0023804
65 3395 0.0017134
3391 3395 0.0017134
3396 3395 0.0017134
69 3396 0.0002908
3394 3396 0.0002908
3395 3396 0.0002908
6066 3396 0.0002908
594 3407 0.0004945
3408 3407 0.0004945
3413 3407 0.0004945
3407 3408 0.00029228
3573 3408 0.00029228
3576 3408 0.00029228
3410 3409 0.00027181
3411 3409 0.00027181
3439 3409 0.00027181
3569 3409 0.00027181
3409 3410 0.00045604
3414 3410 0.00045604
6452 3410 0.00045604
3409 3413 0.00058164
3414 3413 0.00058164
6452 3413 0.00058164
594 3414 0.00018824
3408 3414 0.00018824
3413 3414 0.00018824
58 3417 0.00055891
519 3417 0.00055891
3418 3417 0.00055891
59 3419 0.00050221
3420 3419 0.00050221
3421 3419 0.00050221
522 3420 0.0062382
736 3420 0.0062382
3419 3420 0.0062382
3434 3420 0.0062382
1966 3424 1.0003
3423 3424 1.0003
763 3425 0.00084402
3426 3425 0.00084402
3425 3426 0.00032944
3430 3426 0.00032944
3891 3426 0.00032944
762 3427 0.00032944
764 3427 0.00032944
3428 3427 0.00032944
3427 3428 0.00084402
3429 3428 0.00084402
6139 3428 0.00084402
6461 3428 0.00084402
3425 3429 0.010992
3430 3429 0.010992
3891 3429 0.010992
3427 3430 0.0066055
3429 3430 0.0066055
6139 3430 0.0066055
6461 3430 0.0066055
522 3433 0.0077208
736 3433 0.0077208
3419 3433 0.0077208
3434 3433 0.0077208
561 3434 0.014683
3433 3434 0.014683
6459 3434 0.014683
6462 3434 0.014683
3436 3435 0.00047075
3442 3435 0.00047075
3443 3435 0.00047075
4595 3435 0.00047075
3435 3436 0.001859
3438 3436 0.001859
3571 3436 0.001859
3574 3436 0.001859
3435 3437 0.00040014
3438 3437 0.00040014
3571 3437 0.00040014
3574 3437 0.00040014
517 3438 0.00077555
595 3438 0.00077555
3437 3438 0.00077555
3440 3438 0.00077555
517 3439 0.00025285
595 3439 0.00025285
3437 3439 0.00025285
3440 3439 0.00025285
3410 3440 0.00049947
3411 3440 0.00049947
3439 3440 0.00049947
3569 3440 0.00049947
3436 3441 0.0047259
3442 3441 0.0047259
3443 3441 0.0047259
4595 3441 0.0047259
796 3442 0.0017337
2875 3442 0.0017337
3441 3442 0.0017337
3435 3573 0.0003463
3438 3573 0.0003463
3571 3573 0.0003463
3574 3573 0.0003463
3407 3574 0.0013591
3573 3574 0.0013591
3576 3574 0.0013591
3407 3575 0.00050809
3573 3575 0.00050809
3576 3575 0.00050809
3575 3576 0.0013187
3578 3576 0.0013187
4617 3576 0.0013187
3575 3577 0.0017048
3578 3577 0.0017048
4617 3577 0.0017048
795 3578 0.0004473
3577 3578 0.0004473
4598 3578 0.0004473
4615 3578 0.0004473
3425 3890 0.007251
3430 3890 0.007251
3891 3890 0.007251
521 3891 0.011123
3424 3891 0.011123
3890 3891 0.011123
3385 4381 0.010372
4382 4381 0.010372
6437 4381 0.010372
6440 4381 0.010372
797 4595 0.0044367
2876 4595 0.0044367
4596 4595 0.0044367
3436 4596 0.0028328
3442 4596 0.0028328
3443 4596 0.0028328
4595 4596 0.0028328
795 4597 0.0039775
3577 4597 0.0039775
4598 4597 0.0039775
4615 4597 0.0039775
4597 4598 0.0039344
5250 4598 0.0039344
5253 4598 0.0039344
4611 4610 0.0005163
6455 4610 0.0005163
6458 4610 0.0005163
57 4611 0.005729
60 4611 0.005729
4610 4611 0.005729
3376 4612 0.02429
3377 4612 0.02429
3389 4612 0.02429
4613 4612 0.02429
61 4613 0.010134
4612 4613 0.010134
6070 4613 0.010134
4616 4617 0.0021328
6451 4617 0.0021328
6454 4617 0.0021328
729 4692 0.00010471
4691 4692 0.00010471
4694 4692 0.00010471
728 4694 0.00010471
3375 4694 0.00010471
4693 4694 0.00010471
563 4802 0.002695
2888 4802 0.002695
4801 4802 0.002695
739 5250 0.95786
2885 5250 0.95786
5251 5250 0.95786
4597 5252 0.95789
5250 5252 0.95789
5253 5252 0.95789
738 5576 0.00028983
2913 5576 0.00028983
5577 5576 0.00028983
221 6063 0.020791
3390 6063 0.020791
6064 6063 0.020791
3378 6064 0.021192
3379 6064 0.021192
6063 6064 0.021192
69 6065 0.0039904
3394 6065 0.0039904
3395 6065 0.0039904
6066 6065 0.0039904
3380 6066 0.0020269
3387 6066 0.0020269
6065 6066 0.0020269
3373 6067 0.000255
3392 6067 0.000255
6068 6067 0.000255
3382 6068 0.0018037
3383 6068 0.0018037
6067 6068 0.0018037
61 6069 0.02429
4612 6069 0.02429
6070 6069 0.02429
1111 6070 0.010134
1476 6070 0.010134
6069 6070 0.010134
566 6440 0.010372
2878 6440 0.010372
6439 6440 0.010372
513 6442 0.024434
6441 6442 0.024434
2877 6444 0.024434
2882 6444 0.024434
6443 6444 0.024434
6446 6444 0.024434
2877 6445 0.0001145
2882 6445 0.0001145
6443 6445 0.0001145
6446 6445 0.0001145
2883 6446 0.036941
6445 6446 0.036941
6448 6446 0.036941
523 6448 0.037567
564 6448 0.037567
6447 6448 0.037567
4616 6452 0.00063986
6451 6452 0.00063986
6454 6452 0.00063986
3416 6454 0.0026933
3417 6454 0.0026933
6453 6454 0.0026933
6456 6454 0.0026933
3416 6455 0.00039773
3417 6455 0.00039773
6453 6455 0.00039773
6456 6455 0.00039773
4611 6456 0.0025202
6455 6456 0.0025202
6458 6456 0.0025202
4611 6457 0.0052536
6455 6457 0.0052536
6458 6457 0.0052536
6071 6458 0.0021634
6457 6458 0.0021634
6460 6458 0.0021634
6071 6459 0.0052536
6457 6459 0.0052536
6460 6459 0.0052536
561 6460 0.0021634
3433 6460 0.0021634
6459 6460 0.0021634
6462 6460 0.0021634
561 6461 0.0067516
3433 6461 0.0067516
6459 6461 0.0067516
6462 6461 0.0067516
3427 6462 0.010623
3429 6462 0.010623
6139 6462 0.010623
6461 6462 0.010623
733 7126 0.1868
7127 7126 0.1868
727 7127 0.002302
731 7127 0.002302
7126 7127 0.002302
