88 87 0.00037218
90 87 0.00037218
773 87 0.00037218
6568 87 0.00037218
91 92 0.00041271
3732 92 0.00041271
3733 92 0.00041271
98 97 0.10276
3704 97 0.10276
3705 97 0.10276
97 98 0.0073554
412 98 0.0073554
6566 98 0.0073554
110 109 0.002037
5717 109 0.002037
6560 109 0.002037
109 110 0.00278
782 110 0.00278
784 110 0.00278
134 133 0.0020006
3708 133 0.0020006
3709 133 0.0020006
133 134 0.083849
3052 134 0.083849
97 411 0.10276
412 411 0.10276
6566 411 0.10276
411 412 0.0073554
3734 412 0.0073554
3735 412 0.0073554
554 553 0.0090141
1525 553 0.0090141
2824 553 0.0090141
553 554 0.18196
3702 554 0.18196
3703 554 0.18196
5260 723 0.37063
723 724 0.26494
6920 724 0.26494
109 781 0.002037
782 781 0.002037
784 781 0.002037
781 782 0.00278
3700 782 0.00278
3701 782 0.00278
1521 1520 0.0024742
6558 1520 0.0024742
6561 1520 0.0024742
1520 1521 0.0022088
1523 1521 0.0022088
2825 1521 0.0022088
1520 1522 0.0076586
1523 1522 0.0076586
2825 1522 0.0076586
1522 1523 0.015433
2821 1523 0.015433
2827 1523 0.015433
554 1524 0.19021
1525 1524 0.19021
2824 1524 0.19021
1524 1525 0.009223
1968 1525 0.009223
2820 1525 0.009223
1527 1526 0.03559
1967 1526 0.03559
2822 1526 0.03559
1526 1527 0.00094401
2826 1527 0.00094401
1566 1568 0.00077372
1569 1568 0.00077372
5716 1568 0.00077372
1568 1569 0.00029612
1571 1569 0.00029612
3699 1569 0.00029612
1570 1571 0.00027901
1573 1571 0.00027901
3092 1571 0.00027901
1659 1660 0.00018106
3213 1660 0.00018106
4560 1660 0.00018106
1524 1967 0.0048853
1968 1967 0.0048853
2820 1967 0.0048853
1527 1968 0.79703
1967 1968 0.79703
2822 1968 0.79703
1972 1971 0.82687
3706 1971 0.82687
3707 1971 0.82687
3736 1971 0.82687
1973 1974 0.00012206
3048 1974 0.00012206
1976 1975 0.00027822
6155 1975 0.00027822
6617 1975 0.00027822
724 2146 0.89407
2147 2146 0.89407
6794 2146 0.89407
2149 2148 0.63071
7287 2148 0.63071
2148 2149 0.0016438
6795 2149 0.0016438
2151 2150 0.9997
3649 2150 0.9997
3652 2150 0.9997
6823 2150 0.9997
1522 2820 0.036478
2821 2820 0.036478
2827 2820 0.036478
1524 2821 0.0096054
1968 2821 0.0096054
2820 2821 0.0096054
1969 2822 0.82687
1971 2822 0.82687
2823 2822 0.82687
1520 2824 0.016075
1523 2824 0.016075
2825 2824 0.016075
554 2825 0.0080354
1525 2825 0.0080354
2824 2825 0.0080354
1522 2826 0.00094401
2821 2826 0.00094401
2827 2826 0.00094401
1526 2827 0.03559
2826 2827 0.03559
3047 3048 0.00012206
6556 3048 0.00012206
6559 3048 0.00012206
133 3051 0.0020006
3052 3051 0.0020006
3051 3052 0.083849
3710 3052 0.083849
3711 3052 0.083849
3054 3053 0.0012935
3685 3053 0.0012935
3053 3054 0.00016973
3682 3054 0.00016973
3683 3054 0.00016973
1975 3092 0.00027815
3091 3092 0.00027815
5682 3092 0.00027815
5693 3092 0.00027815
3212 3213 0.00019904
3651 3213 0.00019904
3654 3213 0.00019904
2151 3651 0.00066678
3649 3651 0.00066678
3652 3651 0.00066678
6823 3651 0.00066678
3212 3652 0.00038827
3651 3652 0.00038827
3654 3652 0.00038827
3212 3653 0.00047066
3651 3653 0.00047066
3654 3653 0.00047066
3653 3654 0.00037266
3656 3654 0.00037266
6210 3654 0.00037266
3653 3655 0.00017802
3656 3655 0.00017802
6210 3655 0.00017802
3655 3656 0.00031251
3658 3656 0.00031251
6205 3656 0.00031251
3668 3670 0.00016493
3669 3670 0.00016493
6478 3670 0.00016493
3670 3680 0.0001587
3679 3680 0.0001587
5851 3680 0.0001587
3053 3681 0.00019041
3682 3681 0.00019041
3683 3681 0.00019041
3680 3682 0.00016699
3681 3682 0.00016699
3689 3682 0.00016699
6479 3682 0.00016699
3684 3683 0.00030701
3686 3683 0.00030701
3687 3683 0.00030701
3053 3684 0.0014074
3682 3684 0.0014074
3683 3684 0.0014074
3684 3685 0.0012935
3686 3685 0.0012935
3687 3685 0.0012935
3054 3686 0.00016973
3685 3686 0.00016973
3688 3687 0.001492
3714 3687 0.001492
3715 3687 0.001492
3684 3688 0.0014685
3686 3688 0.0014685
3687 3688 0.0014685
781 3699 0.00027937
3700 3699 0.00027937
3701 3699 0.00027937
1568 3700 0.0010322
1571 3700 0.0010322
3699 3700 0.0010322
553 3701 0.0029972
3702 3701 0.0029972
3703 3701 0.0029972
781 3702 0.0030071
3700 3702 0.0030071
3701 3702 0.0030071
98 3703 0.18268
3704 3703 0.18268
3705 3703 0.18268
553 3704 0.0097489
3702 3704 0.0097489
3703 3704 0.0097489
1972 3705 0.28194
3706 3705 0.28194
3707 3705 0.28194
3736 3705 0.28194
98 3706 0.013593
3704 3706 0.013593
3705 3706 0.013593
134 3707 1.0001
3708 3707 1.0001
3709 3707 1.0001
1972 3708 0.00038044
3706 3708 0.00038044
3707 3708 0.00038044
3736 3708 0.00038044
3051 3709 0.9218
3710 3709 0.9218
3711 3709 0.9218
134 3710 0.0039265
3708 3710 0.0039265
3709 3710 0.0039265
2146 3711 0.99978
3712 3711 0.99978
4663 3711 0.99978
7113 3711 0.99978
3688 3713 0.0015191
3714 3713 0.0015191
3715 3713 0.0015191
3713 3714 0.0014957
6921 3714 0.0014957
7114 3714 0.0014957
373 3729 0.00012106
3730 3729 0.00012106
3731 3729 0.00012106
87 3730 0.00043929
3728 3730 0.00043929
3729 3730 0.00043929
91 3731 0.00016374
3732 3731 0.00016374
3733 3731 0.00016374
373 3732 0.00051093
3730 3732 0.00051093
3731 3732 0.00051093
411 3733 0.00055921
3734 3733 0.00055921
3735 3733 0.00055921
91 3734 0.0005626
3732 3734 0.0005626
3733 3734 0.0005626
1972 3735 0.0078211
3706 3735 0.0078211
3707 3735 0.0078211
3736 3735 0.0078211
411 3736 0.10323
3734 3736 0.10323
3735 3736 0.10323
2149 5260 0.37063
7287 5260 0.37063
110 5716 0.00077372
5717 5716 0.00077372
6560 5716 0.00077372
1566 5717 0.00029612
1569 5717 0.00029612
5716 5717 0.00029612
6206 6205 0.00032622
6209 6205 0.00032622
6211 6205 0.00032622
3653 6209 0.00032622
3656 6209 0.00032622
6210 6209 0.00032622
3680 6478 0.0001679
3681 6478 0.0001679
3689 6478 0.0001679
6479 6478 0.0001679
1974 6556 0.00012206
6557 6556 0.00012206
3047 6558 0.00015533
6556 6558 0.00015533
6559 6558 0.00015533
1521 6559 0.00015533
6558 6559 0.00015533
6561 6559 0.00015533
1521 6560 0.0021539
6558 6560 0.0021539
6561 6560 0.0021539
110 6561 0.0024193
5717 6561 0.0024193
6560 6561 0.0024193
92 6568 0.00038172
4557 6568 0.00038172
6569 6568 0.00038172
6150 6617 0.0001805
6616 6617 0.0001805
6619 6617 0.0001805
6152 6619 0.00017879
6618 6619 0.00017879
6621 6619 0.00017879
5718 6621 0.00018358
6620 6621 0.00018358
6623 6621 0.00018358
6622 6623 0.00018358
7229 6623 0.00018358
2148 6794 0.63071
6795 6794 0.63071
724 6795 0.0016438
2147 6795 0.0016438
6794 6795 0.0016438
2150 6796 0.9997
6797 6796 0.9997
2152 6823 1
6824 6823 1
3713 6920 0.03515
6921 6920 0.03515
7114 6920 0.03515
723 6921 0.14084
6920 6921 0.14084
3713 7113 0.14165
6921 7113 0.14165
7114 7113 0.14165
2146 7114 0.035944
3712 7114 0.035944
4663 7114 0.035944
7113 7114 0.035944
7156 7157 0.00018358
7159 7157 0.00018358
1660 7159 0.00018358
6196 7159 0.00018358
7158 7159 0.00018358
6796 7182 0.9997
7183 7182 0.9997
7182 7184 0.9997
7185 7184 0.9997
7228 7229 0.00018358
7231 7229 0.00018358
7157 7231 0.00018358
7230 7231 0.00018358
7184 7287 0.9997
7288 7287 0.9997
