86 85 0.0023812
89 85 0.0023812
6576 85 0.0023812
85 86 0.00029862
3724 86 0.00029862
3725 86 0.00029862
88 87 0.013844
90 87 0.013844
773 87 0.013844
6568 87 0.013844
87 88 0.0003879
3728 88 0.0003879
3729 88 0.0003879
88 89 0.00067143
90 89 0.00067143
773 89 0.00067143
6568 89 0.00067143
86 90 0.0024162
89 90 0.0024162
6576 90 0.0024162
92 91 0.022311
4557 91 0.022311
6569 91 0.022311
91 92 0.00065009
3732 92 0.00065009
3733 92 0.00065009
98 97 0.018512
3704 97 0.018512
3705 97 0.018512
97 98 0.0030251
412 98 0.0030251
6566 98 0.0030251
99 100 0.00017874
366 100 0.00017874
3737 100 0.00017874
100 101 0.0001411
102 101 0.0001411
4555 101 0.0001411
110 109 0.023087
5717 109 0.023087
6560 109 0.023087
109 110 0.050559
782 110 0.050559
784 110 0.050559
111 112 0.00041131
387 112 0.00041131
394 112 0.00041131
114 113 0.00010901
422 113 0.00010901
423 113 0.00010901
6550 113 0.00010901
113 114 0.0005617
384 114 0.0005617
385 114 0.0005617
116 115 0.00020339
420 115 0.00020339
421 115 0.00020339
1584 115 0.00020339
115 116 0.0011326
382 116 0.0011326
383 116 0.0011326
134 133 0.00030164
3708 133 0.00030164
3709 133 0.00030164
133 134 0.0054466
3052 134 0.0054466
365 366 0.00028307
3722 366 0.00028307
3723 366 0.00028307
101 368 0.000211
367 368 0.000211
3738 368 0.000211
369 373 0.00026328
374 373 0.00026328
375 373 0.00026328
368 375 0.00017085
371 375 0.00017085
376 375 0.00017085
381 382 0.0020086
400 382 0.0020086
401 382 0.0020086
413 382 0.0020086
115 384 0.0010832
382 384 0.0010832
383 384 0.0010832
113 386 0.00064104
384 386 0.00064104
385 386 0.00064104
111 388 0.00033873
387 388 0.00033873
394 388 0.00033873
380 394 0.00068395
386 394 0.00068395
393 394 0.00068395
402 401 0.00046319
403 401 0.00046319
418 401 0.00046319
419 401 0.00046319
381 402 0.0011972
400 402 0.0011972
401 402 0.0011972
413 402 0.0011972
404 403 0.00031151
405 403 0.00031151
6570 403 0.00031151
6573 403 0.00031151
402 404 0.0053782
403 404 0.0053782
418 404 0.0053782
419 404 0.0053782
97 411 0.018512
412 411 0.018512
6566 411 0.018512
411 412 0.0030251
3734 412 0.0030251
3735 412 0.0030251
414 413 0.0028216
415 413 0.0028216
417 413 0.0028216
416 415 0.015757
3096 415 0.015757
7148 415 0.015757
414 416 0.00010012
415 416 0.00010012
417 416 0.00010012
402 417 0.00016672
403 417 0.00016672
418 417 0.00016672
419 417 0.00016672
414 418 0.01303
415 418 0.01303
417 418 0.01303
116 419 0.000167
420 419 0.000167
421 419 0.000167
1584 419 0.000167
402 420 0.0086976
403 420 0.0086976
418 420 0.0086976
419 420 0.0086976
114 421 0.00015169
422 421 0.00015169
423 421 0.00015169
6550 421 0.00015169
116 422 0.0042782
420 422 0.0042782
421 422 0.0042782
1584 422 0.0042782
114 424 0.0035003
422 424 0.0035003
423 424 0.0035003
6550 424 0.0035003
112 426 0.0021161
424 426 0.0021161
425 426 0.0021161
6552 426 0.0021161
428 427 0.016526
429 427 0.016526
3089 427 0.016526
5680 427 0.016526
427 428 0.062886
431 428 0.062886
3097 428 0.062886
2279 431 0.92091
5674 431 0.92091
7273 431 0.92091
427 432 0.7808
431 432 0.7808
3097 432 0.7808
6878 434 0.00013174
554 553 0.0060979
1525 553 0.0060979
2824 553 0.0060979
553 554 0.62696
3702 554 0.62696
3703 554 0.62696
723 724 0.00031385
6920 724 0.00031385
774 773 0.017407
775 773 0.017407
776 775 0.017407
6574 775 0.017407
109 781 0.023087
782 781 0.023087
784 781 0.023087
781 782 0.050559
3700 782 0.050559
3701 782 0.050559
996 997 0.000126
3119 997 0.000126
4790 997 0.000126
6237 997 0.000126
434 1126 0.99276
5089 1126 0.99276
432 1127 0.033932
5692 1127 0.033932
5085 1129 0.0071771
5267 1129 0.0071771
1521 1520 0.089146
6558 1520 0.089146
6561 1520 0.089146
1520 1521 0.0057917
1523 1521 0.0057917
2825 1521 0.0057917
1520 1522 0.065685
1523 1522 0.065685
2825 1522 0.065685
1522 1523 0.019138
2821 1523 0.019138
2827 1523 0.019138
554 1524 0.66132
1525 1524 0.66132
2824 1524 0.66132
1524 1525 0.0036486
1968 1525 0.0036486
2820 1525 0.0036486
1527 1526 0.0268
1967 1526 0.0268
2822 1526 0.0268
1526 1527 0.0051236
2826 1527 0.0051236
1566 1568 0.011069
1569 1568 0.011069
5716 1568 0.011069
1568 1569 0.066951
1571 1569 0.066951
3699 1569 0.066951
1570 1571 0.91537
1573 1571 0.91537
3092 1571 0.91537
1570 1572 0.00061375
1573 1572 0.00061375
3092 1572 0.00061375
1572 1573 0.087102
7223 1573 0.087102
408 1574 0.00061375
1575 1574 0.00061375
7224 1574 0.00061375
1574 1575 0.087102
1577 1575 0.087102
6571 1575 0.087102
1576 1577 0.11046
7149 1577 0.11046
1578 1580 0.00023622
1581 1580 0.00023622
4558 1580 0.00023622
1580 1581 0.016264
1583 1581 0.016264
6572 1581 0.016264
6575 1581 0.016264
1580 1582 0.00046879
1583 1582 0.00046879
6572 1582 0.00046879
6575 1582 0.00046879
1582 1583 0.0048627
1585 1583 0.0048627
4524 1583 0.0048627
1582 1584 0.00013436
1585 1584 0.00013436
4524 1584 0.00013436
116 1585 0.0054677
420 1585 0.0054677
421 1585 0.0054677
1584 1585 0.0054677
1524 1967 0.016035
1968 1967 0.016035
2820 1967 0.016035
1527 1968 0.29014
1967 1968 0.29014
2822 1968 0.29014
1972 1971 0.29606
3706 1971 0.29606
3707 1971 0.29606
3736 1971 0.29606
1969 1972 0.00028122
1971 1972 0.00028122
2823 1972 0.00028122
1974 1973 0.00083144
6557 1973 0.00083144
1973 1974 0.0025224
3048 1974 0.0025224
724 2146 0.00031198
2147 2146 0.00031198
6794 2146 0.00031198
1126 2279 0.96087
2350 2351 0.00015742
5671 2351 0.00015742
5836 2351 0.00015742
2354 2355 0.00055787
2357 2355 0.00055787
2356 2357 0.00056607
2359 2357 0.00056607
6362 2357 0.00056607
7160 2357 0.00056607
2078 2359 0.00050836
2358 2359 0.00050836
2361 2359 0.00050836
6371 2359 0.00050836
2360 2361 0.00047601
2363 2361 0.00047601
3120 2361 0.00047601
2362 2363 0.00045924
2365 2363 0.00045924
6395 2363 0.00045924
2364 2365 0.0004976
2367 2365 0.0004976
6366 2365 0.0004976
6367 2365 0.0004976
2366 2367 0.00036385
7006 2367 0.00036385
7086 2367 0.00036385
1522 2820 0.083321
2821 2820 0.083321
2827 2820 0.083321
1524 2821 0.015097
1968 2821 0.015097
2820 2821 0.015097
1969 2822 0.29606
1971 2822 0.29606
2823 2822 0.29606
1527 2823 0.00028122
1967 2823 0.00028122
2822 2823 0.00028122
1520 2824 0.06161
1523 2824 0.06161
2825 2824 0.06161
554 2825 0.024803
1525 2825 0.024803
2824 2825 0.024803
1522 2826 0.0051236
2821 2826 0.0051236
2827 2826 0.0051236
1526 2827 0.0268
2826 2827 0.0268
1973 3047 0.00083144
3048 3047 0.00083144
3047 3048 0.0025224
6556 3048 0.0025224
6559 3048 0.0025224
133 3051 0.00030164
3052 3051 0.00030164
3051 3052 0.0054466
3710 3052 0.0054466
3711 3052 0.0054466
3085 3087 0.00024416
3088 3087 0.00024416
5398 3087 0.00024416
3090 3089 0.042569
5675 3089 0.042569
5676 3089 0.042569
7150 3089 0.042569
428 3090 0.0069103
429 3090 0.0069103
3089 3090 0.0069103
5680 3090 0.0069103
1975 3092 0.8289
3091 3092 0.8289
5682 3092 0.8289
5693 3092 0.8289
1127 3096 0.12607
3095 3096 0.12607
3098 3096 0.12607
1127 3097 0.0053964
3095 3097 0.0053964
3098 3097 0.0053964
427 3098 0.099153
431 3098 0.099153
3097 3098 0.099153
3107 3109 0.00011249
3110 3109 0.00011249
3309 3109 0.00011249
3310 3109 0.00011249
3109 3110 0.00041638
3112 3110 0.00041638
3313 3110 0.00041638
3314 3110 0.00041638
3111 3112 0.0006914
3114 3112 0.0006914
6382 3112 0.0006914
6383 3112 0.0006914
3111 3113 0.00011772
3114 3113 0.00011772
6382 3113 0.00011772
6383 3113 0.00011772
3113 3114 0.00064696
3116 3114 0.00064696
6106 3114 0.00064696
3113 3115 0.00012494
3116 3115 0.00012494
6106 3115 0.00012494
3115 3116 0.00041668
5959 3116 0.00041668
6404 3116 0.00041668
3117 3118 0.00060398
5957 3118 0.00060398
6368 3118 0.00060398
6369 3118 0.00060398
3123 3124 0.0058355
3126 3124 0.0058355
3312 3124 0.0058355
3125 3126 0.0055329
3128 3126 0.0055329
5949 3126 0.0055329
3127 3128 0.0055805
3130 3128 0.0055805
6380 3128 0.0055805
6381 3128 0.0055805
3129 3130 0.0059319
3132 3130 0.0059319
6105 3130 0.0059319
6108 3130 0.0059319
3131 3132 0.0059341
3134 3132 0.0059341
6402 3132 0.0059341
6403 3132 0.0059341
3133 3134 0.006237
5955 3134 0.006237
6394 3134 0.006237
3135 3136 0.00035777
5948 3136 0.00035777
5953 3136 0.00035777
3139 3140 0.00011888
3910 3140 0.00011888
6112 3140 0.00011888
3141 3142 0.00010981
3144 3142 0.00010981
4787 3142 0.00010981
3143 3144 0.00010178
3146 3144 0.00010178
6374 3144 0.00010178
6375 3144 0.00010178
3145 3146 0.00024829
3148 3146 0.00024829
3911 3146 0.00024829
6109 3146 0.00024829
3147 3148 0.00023322
5951 3148 0.00023322
6398 3148 0.00023322
6399 3148 0.00023322
3136 3304 0.00014372
3305 3304 0.00014372
3306 3304 0.00014372
3136 3307 0.00034197
3305 3307 0.00034197
3306 3307 0.00034197
3107 3308 0.00041638
3110 3308 0.00041638
3309 3308 0.00041638
3310 3308 0.00041638
3124 3309 0.00011249
3307 3309 0.00011249
3308 3309 0.00011249
3637 3309 0.00011249
3109 3312 0.00045332
3112 3312 0.00045332
3313 3312 0.00045332
3314 3312 0.00045332
3123 3313 0.00014525
3126 3313 0.00014525
3312 3313 0.00014525
3343 3344 0.00034113
3639 3344 0.00034113
3962 3344 0.00034113
600 3346 0.00034576
2849 3346 0.00034576
3344 3346 0.00034576
3345 3346 0.00034576
3347 3353 0.00028896
3354 3353 0.00028896
4683 3353 0.00028896
3124 3638 0.0064018
3307 3638 0.0064018
3308 3638 0.0064018
3637 3638 0.0064018
3638 3639 0.00035066
3640 3639 0.00035066
5268 3639 0.00035066
1568 3700 0.85953
1571 3700 0.85953
3699 3700 0.85953
553 3701 0.00025805
3702 3701 0.00025805
3703 3701 0.00025805
781 3702 0.83227
3700 3702 0.83227
3701 3702 0.83227
98 3703 0.013688
3704 3703 0.013688
3705 3703 0.013688
553 3704 0.22484
3702 3704 0.22484
3703 3704 0.22484
1972 3705 0.019533
3706 3705 0.019533
3707 3705 0.019533
3736 3705 0.019533
98 3706 0.2152
3704 3706 0.2152
3705 3706 0.2152
134 3707 0.046637
3708 3707 0.046637
3709 3707 0.046637
1972 3708 0.0018647
3706 3708 0.0018647
3707 3708 0.0018647
3736 3708 0.0018647
3051 3709 0.041511
3710 3709 0.041511
3711 3709 0.041511
134 3710 0.0018843
3708 3710 0.0018843
3709 3710 0.0018843
2146 3711 0.044795
3712 3711 0.044795
4663 3711 0.044795
7113 3711 0.044795
388 3718 0.00031219
389 3718 0.00031219
3717 3718 0.00031219
6554 3718 0.00031219
398 3720 0.00034376
3718 3720 0.00034376
3719 3720 0.00034376
426 3722 0.0026598
3720 3722 0.0026598
3721 3722 0.0026598
4661 3722 0.0026598
365 3724 0.0024361
3722 3724 0.0024361
3723 3724 0.0024361
85 3726 0.0045084
3724 3726 0.0045084
3725 3726 0.0045084
87 3727 0.000114
3728 3727 0.000114
3729 3727 0.000114
3726 3728 0.0046495
3727 3728 0.0046495
4556 3728 0.0046495
87 3730 0.018046
3728 3730 0.018046
3729 3730 0.018046
373 3732 0.018255
3730 3732 0.018255
3731 3732 0.018255
91 3734 0.039913
3732 3734 0.039913
3733 3734 0.039913
1972 3735 0.00069265
3706 3735 0.00069265
3707 3735 0.00069265
3736 3735 0.00069265
411 3736 0.056037
3734 3736 0.056037
3735 3736 0.056037
99 3738 0.0001141
366 3738 0.0001141
3737 3738 0.0001141
3908 3909 0.00035416
6392 3909 0.00035416
6393 3909 0.00035416
6876 3963 0.037611
1129 3964 0.044724
3963 3964 0.044724
1582 4523 0.0011804
1585 4523 0.0011804
4524 4523 0.0011804
4523 4524 0.00024099
4526 4524 0.00024099
6551 4524 0.00024099
4523 4525 0.002288
4526 4525 0.002288
6551 4525 0.002288
4525 4526 0.00017893
6553 4526 0.00017893
6577 4526 0.00017893
3726 4555 0.00013216
3727 4555 0.00013216
4556 4555 0.00013216
100 4556 0.00020666
102 4556 0.00020666
4555 4556 0.00020666
1578 4557 0.016264
1581 4557 0.016264
4558 4557 0.016264
92 4558 0.00023622
4557 4558 0.00023622
6569 4558 0.00023622
2351 4657 0.00017597
4656 4657 0.00017597
7014 4657 0.00017597
7087 4657 0.00017597
4660 4661 0.00028895
7221 4661 0.00028895
4662 4663 0.044711
6739 4663 0.044711
3341 4683 0.00034912
3346 4683 0.00034912
4684 4683 0.00034912
4789 4790 0.00013709
6240 4790 0.00013709
6365 4790 0.00013709
7272 5088 0.0059739
7274 5088 0.0059739
5090 5089 0.99263
5091 5090 0.99307
5838 5090 0.99307
1128 5091 0.0002562
5092 5091 0.0002562
5093 5092 0.00025335
5088 5093 0.037865
5094 5093 0.037865
1126 5094 0.031891
3638 5267 0.0071166
3640 5267 0.0071166
5268 5267 0.0071166
3138 5268 0.0010522
5832 5268 0.0010522
6422 5268 0.0010522
3105 5398 0.00015238
5399 5398 0.00015238
5963 5398 0.00015238
5666 5662 0.00013103
5667 5662 0.00013103
4657 5666 0.00017603
5663 5666 0.00017603
5665 5666 0.00017603
2350 5670 0.00035059
5671 5670 0.00035059
5836 5670 0.00035059
3090 5674 0.0069281
5675 5674 0.0069281
5676 5674 0.0069281
7150 5674 0.0069281
2279 5675 0.042541
5674 5675 0.042541
7273 5675 0.042541
3090 5677 0.00016136
5675 5677 0.00016136
5676 5677 0.00016136
7150 5677 0.00016136
3094 5680 0.0017224
5681 5680 0.0017224
5683 5680 0.0017224
428 5681 0.083741
429 5681 0.083741
3089 5681 0.083741
5680 5681 0.083741
3094 5682 0.083752
5681 5682 0.083752
5683 5682 0.083752
1975 5683 0.001724
3091 5683 0.001724
5682 5683 0.001724
5693 5683 0.001724
432 5693 0.74693
5692 5693 0.74693
110 5716 0.011069
5717 5716 0.011069
6560 5716 0.011069
1566 5717 0.066951
1569 5717 0.066951
5716 5717 0.066951
2352 5832 0.00061876
2355 5832 0.00061876
5269 5832 0.00061876
6877 5835 0.00044542
5835 5836 0.00044335
5837 5838 0.99282
6927 5838 0.99282
7069 5838 0.99282
7112 5838 0.99282
3125 5948 0.00016786
3128 5948 0.00016786
5949 5948 0.00016786
3135 5949 0.00011709
5948 5949 0.00011709
5953 5949 0.00011709
5950 5951 0.00019842
6389 5951 0.00019842
6405 5951 0.00019842
5952 5953 0.00031026
6378 5953 0.00031026
6379 5953 0.00031026
3133 5954 0.00023865
5955 5954 0.00023865
6394 5954 0.00023865
5954 5955 0.0064303
6370 5955 0.0064303
6388 5955 0.0064303
7111 5955 0.0064303
3117 5956 0.00032322
5957 5956 0.00032322
6368 5956 0.00032322
6369 5956 0.00032322
5956 5957 0.0021684
6386 5957 0.0021684
6387 5957 0.0021684
5677 5963 0.00015963
5678 5963 0.00015963
5962 5963 0.00015963
3113 6105 0.00020107
3116 6105 0.00020107
6106 6105 0.00020107
3129 6106 0.00043857
3132 6106 0.00043857
6105 6106 0.00043857
6108 6106 0.00043857
6107 6108 0.00030499
6110 6108 0.00030499
6114 6108 0.00030499
6111 6112 0.00011836
6396 6112 0.00011836
6397 6112 0.00011836
6406 6112 0.00011836
3909 6114 0.00028158
6113 6114 0.00028158
6400 6114 0.00028158
6401 6114 0.00028158
2364 6365 0.00021106
2367 6365 0.00021106
6366 6365 0.00021106
6367 6365 0.00021106
3117 6367 0.00058615
5957 6367 0.00058615
6368 6367 0.00058615
6369 6367 0.00058615
2364 6368 0.00021075
2367 6368 0.00021075
6366 6368 0.00021075
6367 6368 0.00021075
5954 6369 0.0012447
6370 6369 0.0012447
6388 6369 0.0012447
7111 6369 0.0012447
3117 6370 0.0021511
5957 6370 0.0021511
6368 6370 0.0021511
6369 6370 0.0021511
3140 6374 0.00012844
6372 6374 0.00012844
6373 6374 0.00012844
6407 6374 0.00012844
3143 6376 0.00025175
3146 6376 0.00025175
6374 6376 0.00025175
6375 6376 0.00025175
5952 6377 0.00010647
6378 6377 0.00010647
6379 6377 0.00010647
6376 6378 0.00013244
6377 6378 0.00013244
6417 6378 0.00013244
3127 6379 0.00035156
3130 6379 0.00035156
6380 6379 0.00035156
6381 6379 0.00035156
3111 6381 0.00025806
3114 6381 0.00025806
6382 6381 0.00025806
6383 6381 0.00025806
3127 6382 0.00034077
3130 6382 0.00034077
6380 6382 0.00034077
6381 6382 0.00034077
5956 6385 0.00029031
6386 6385 0.00029031
6387 6385 0.00029031
5670 6386 0.00023731
6385 6386 0.00023731
7085 6386 0.00023731
5954 6387 0.0023689
6370 6387 0.0023689
6388 6387 0.0023689
7111 6387 0.0023689
5956 6388 0.0004707
6386 6388 0.0004707
6387 6388 0.0004707
3118 6389 0.00026883
6390 6389 0.00026883
6391 6389 0.00026883
3908 6391 0.00010466
6392 6391 0.00010466
6393 6391 0.00010466
3118 6392 0.00041286
6390 6392 0.00041286
6391 6392 0.00041286
3133 6393 0.00032206
5955 6393 0.00032206
6394 6393 0.00032206
3908 6394 0.00030177
6392 6394 0.00030177
6393 6394 0.00030177
3909 6399 0.00011506
6113 6399 0.00011506
6400 6399 0.00011506
6401 6399 0.00011506
3131 6401 0.0001899
3134 6401 0.0001899
6402 6401 0.0001899
6403 6401 0.0001899
3909 6402 0.00022184
6113 6402 0.00022184
6400 6402 0.00022184
6401 6402 0.00022184
3115 6403 0.00012494
5959 6403 0.00012494
6404 6403 0.00012494
3131 6404 0.00041668
3134 6404 0.00041668
6402 6404 0.00041668
6403 6404 0.00041668
3142 6416 0.00014112
6414 6416 0.00014112
6415 6416 0.00014112
6376 6418 0.00021561
6377 6418 0.00021561
6417 6418 0.00021561
6416 6420 0.00035255
6418 6420 0.00035255
6419 6420 0.00035255
3304 6422 0.00044616
6420 6422 0.00044616
6421 6422 0.00044616
4523 6550 0.00012385
4526 6550 0.00012385
6551 6550 0.00012385
114 6551 0.0012935
422 6551 0.0012935
423 6551 0.0012935
6550 6551 0.0012935
112 6553 0.0017887
424 6553 0.0017887
425 6553 0.0017887
6552 6553 0.0017887
1974 6556 0.0025224
6557 6556 0.0025224
3047 6557 0.00083144
6556 6557 0.00083144
6559 6557 0.00083144
3047 6558 0.0032101
6556 6558 0.0032101
6559 6558 0.0032101
1521 6559 0.0032101
6558 6559 0.0032101
6561 6559 0.0032101
1521 6560 0.0059858
6558 6560 0.0059858
6561 6560 0.0059858
110 6561 0.08934
5717 6561 0.08934
6560 6561 0.08934
92 6568 0.0013113
4557 6568 0.0013113
6569 6568 0.0013113
88 6569 0.0069445
90 6569 0.0069445
773 6569 0.0069445
6568 6569 0.0069445
1574 6570 0.025018
1577 6570 0.025018
6571 6570 0.025018
404 6571 0.0011057
405 6571 0.0011057
6570 6571 0.0011057
6573 6571 0.0011057
404 6572 0.029144
405 6572 0.029144
6570 6572 0.029144
6573 6572 0.029144
1580 6573 0.00016522
1583 6573 0.00016522
6572 6573 0.00016522
6575 6573 0.00016522
1580 6574 0.017407
1583 6574 0.017407
6572 6574 0.017407
6575 6574 0.017407
4525 6576 0.0038761
6553 6576 0.0038761
6577 6576 0.0038761
3964 6739 0.044711
6738 6739 0.044711
5093 6875 0.037611
6875 6876 0.037611
5090 6877 0.00044542
5662 6878 0.00013174
5664 6878 0.00013174
3713 6920 0.00028023
6921 6920 0.00028023
7114 6920 0.00028023
7070 6929 1
6929 7069 1
7070 7069 1
5670 7086 0.00037638
6385 7086 0.00037638
7085 7086 0.00037638
5837 7111 0.0098539
6927 7111 0.0098539
7069 7111 0.0098539
7112 7111 0.0098539
5954 7112 0.0026704
6370 7112 0.0026704
6388 7112 0.0026704
7111 7112 0.0026704
2146 7114 0.00028508
3712 7114 0.00028508
4663 7114 0.00028508
7113 7114 0.00028508
416 7149 0.11046
3096 7149 0.11046
7148 7149 0.11046
3087 7150 0.00024416
7151 7150 0.00024416
3353 7221 0.00028895
3355 7221 0.00028895
7220 7221 0.00028895
1572 7222 0.00061375
7223 7222 0.00061375
7222 7223 0.087102
7225 7223 0.087102
7222 7224 0.00061375
7225 7224 0.00061375
408 7225 0.087102
1575 7225 0.087102
7224 7225 0.087102
2279 7272 0.0053229
5674 7272 0.0053229
7273 7272 0.0053229
7272 7273 0.00098055
7274 7273 0.00098055
1127 7274 0.0016316
3095 7274 0.0016316
3098 7274 0.0016316
