88 87 0.00044681
90 87 0.00044681
773 87 0.00044681
6568 87 0.00044681
92 91 0.00058665
4557 91 0.00058665
6569 91 0.00058665
98 97 0.027604
3704 97 0.027604
3705 97 0.027604
97 98 0.0015253
412 98 0.0015253
6566 98 0.0015253
110 109 0.021362
5717 109 0.021362
6560 109 0.021362
109 110 0.046636
782 110 0.046636
784 110 0.046636
118 117 0.00055627
3219 117 0.00055627
5730 117 0.00055627
134 133 0.0005021
3708 133 0.0005021
3709 133 0.0005021
133 134 0.014843
3052 134 0.014843
310 309 0.5178
2653 309 0.5178
2655 309 0.5178
309 310 0.00080585
2145 310 0.00080585
5494 310 0.00080585
97 411 0.027604
412 411 0.027604
6566 411 0.027604
411 412 0.0015253
3734 412 0.0015253
3735 412 0.0015253
416 415 0.0001591
3096 415 0.0001591
7148 415 0.0001591
414 418 0.00013159
415 418 0.00013159
417 418 0.00013159
428 427 0.00025889
429 427 0.00025889
3089 427 0.00025889
5680 427 0.00025889
427 432 0.00039441
431 432 0.00039441
3097 432 0.00039441
554 553 0.0063132
1525 553 0.0063132
2824 553 0.0063132
553 554 0.59293
3702 554 0.59293
3703 554 0.59293
5260 723 0.059163
723 724 0.042309
6920 724 0.042309
774 773 0.0004988
775 773 0.0004988
776 775 0.0004988
6574 775 0.0004988
109 781 0.021362
782 781 0.021362
784 781 0.021362
781 782 0.046636
3700 782 0.046636
3701 782 0.046636
432 1127 0.0013594
5692 1127 0.0013594
5462 1312 0.0069897
6768 1312 0.0069897
1521 1520 0.081991
6558 1520 0.081991
6561 1520 0.081991
1520 1521 0.0055178
1523 1521 0.0055178
2825 1521 0.0055178
1520 1522 0.060976
1523 1522 0.060976
2825 1522 0.060976
1522 1523 0.018855
2821 1523 0.018855
2827 1523 0.018855
554 1524 0.62505
1525 1524 0.62505
2824 1524 0.62505
1524 1525 0.0040793
1968 1525 0.0040793
2820 1525 0.0040793
1527 1526 0.027481
1967 1526 0.027481
2822 1526 0.027481
1526 1527 0.0047855
2826 1527 0.0047855
1540 1541 0.00031048
4516 1541 0.00031048
5699 1541 0.00031048
6610 1541 0.00031048
1538 1542 0.0019243
1541 1542 0.0019243
1543 1542 0.0019243
5703 1542 0.0019243
1566 1568 0.010225
1569 1568 0.010225
5716 1568 0.010225
1568 1569 0.061423
1571 1569 0.061423
3699 1569 0.061423
1570 1571 0.83942
1573 1571 0.83942
3092 1571 0.83942
1570 1572 0.00062155
1573 1572 0.00062155
3092 1572 0.00062155
1572 1573 0.00081853
7223 1573 0.00081853
408 1574 0.00062155
1575 1574 0.00062155
7224 1574 0.00062155
1574 1575 0.00081853
1577 1575 0.00081853
6571 1575 0.00081853
1576 1577 0.0010367
7149 1577 0.0010367
1580 1581 0.000425
1583 1581 0.000425
6572 1581 0.000425
6575 1581 0.000425
1659 1660 0.00045526
3213 1660 0.00045526
4560 1660 0.00045526
1662 1661 0.00061029
3657 1661 0.00061029
3660 1661 0.00061029
1661 1662 0.0011862
1664 1662 0.0011862
6204 1662 0.0011862
1661 1663 0.00056349
1664 1663 0.00056349
6204 1663 0.00056349
1663 1665 0.00016462
1666 1665 0.00016462
6183 1665 0.00016462
1665 1667 0.00017703
1668 1667 0.00017703
6198 1667 0.00017703
1670 1669 0.00018836
6171 1669 0.00018836
7226 1669 0.00018836
1669 1671 0.00018836
1672 1671 0.00018836
6169 1671 0.00018836
1671 1673 0.0040807
1674 1673 0.0040807
3202 1673 0.0040807
1673 1674 0.00055576
3205 1674 0.00055576
6167 1674 0.00055576
1676 1675 0.0051008
2854 1675 0.0051008
3661 1675 0.0051008
1675 1676 0.00058974
3203 1676 0.00058974
6201 1676 0.00058974
1688 1687 0.00010191
4517 1687 0.00010191
6605 1687 0.00010191
1724 1723 0.00033547
3608 1723 0.00033547
4753 1723 0.00033547
1727 1728 0.00068677
1730 1728 0.00068677
4758 1728 0.00068677
1729 1730 0.00054991
4756 1730 0.00054991
6076 1730 0.00054991
1827 1826 0.00094708
2656 1826 0.00094708
4672 1826 0.00094708
1826 1827 0.0012223
3149 1827 0.0012223
3152 1827 0.0012223
1524 1967 0.015172
1968 1967 0.015172
2820 1967 0.015172
1527 1968 0.32939
1967 1968 0.32939
2822 1968 0.32939
1972 1971 0.33718
3706 1971 0.33718
3707 1971 0.33718
3736 1971 0.33718
1969 1972 0.00026579
1971 1972 0.00026579
2823 1972 0.00026579
1974 1973 0.0007663
6557 1973 0.0007663
1973 1974 0.0023248
3048 1974 0.0023248
1976 1975 0.83849
6155 1975 0.83849
6617 1975 0.83849
2135 2134 0.91171
2142 2134 0.91171
2400 2134 0.91171
2818 2134 0.91171
2134 2135 0.00019353
2137 2135 0.00019353
6215 2135 0.00019353
2134 2136 0.87577
2137 2136 0.87577
6215 2136 0.87577
2136 2137 0.00030263
2853 2137 0.00030263
3220 2137 0.00030263
6166 2137 0.00030263
2138 2139 0.011674
2816 2139 0.011674
2819 2139 0.011674
2143 2142 0.96211
2404 2142 0.96211
7285 2142 0.96211
309 2144 0.4867
2145 2144 0.4867
5494 2144 0.4867
2144 2145 0.0008846
7139 2145 0.0008846
724 2146 0.14273
2147 2146 0.14273
6794 2146 0.14273
2149 2148 0.10068
7287 2148 0.10068
2148 2149 0.00026371
6795 2149 0.00026371
2151 2150 0.15958
3649 2150 0.15958
3652 2150 0.15958
6823 2150 0.15958
549 2152 0.049554
2153 2152 0.049554
2864 2152 0.049554
6808 2152 0.049554
1312 2154 0.037893
2155 2154 0.037893
4673 2154 0.037893
2135 2401 0.034662
2142 2401 0.034662
2400 2401 0.034662
2818 2401 0.034662
2401 2407 0.034662
2402 2407 0.034662
2406 2407 0.034662
2440 2442 0.00044632
2443 2442 0.00044632
5710 2442 0.00044632
5713 2442 0.00044632
2442 2443 0.0014182
2445 2443 0.0014182
5720 2443 0.0014182
2442 2444 0.00047322
2445 2444 0.00047322
5720 2444 0.00047322
2444 2445 0.0047367
6160 2445 0.0047367
6161 2445 0.0047367
2648 2647 0.96211
2649 2647 0.96211
7140 2647 0.96211
2650 2649 0.48251
2651 2649 0.48251
2654 2649 0.48251
2648 2650 0.0062192
2649 2650 0.0062192
7140 2650 0.0062192
2650 2653 0.0062192
2651 2653 0.0062192
2654 2653 0.0062192
310 2654 0.48251
2653 2654 0.48251
2655 2654 0.48251
1827 2655 1
2656 2655 1
4672 2655 1
310 2656 0.0067173
2653 2656 0.0067173
2655 2656 0.0067173
2746 2745 0.00031832
5708 2745 0.00031832
5711 2745 0.00031832
6604 2745 0.00031832
2745 2746 0.00029955
2748 2746 0.00029955
4735 2746 0.00029955
2745 2747 0.00020191
2748 2747 0.00020191
4735 2747 0.00020191
2747 2748 0.00040836
3217 2748 0.00040836
4733 2748 0.00040836
1542 2808 0.0019243
2809 2808 0.0019243
2817 2816 0.0071708
6594 2816 0.0071708
2138 2817 0.011499
2816 2817 0.011499
2819 2817 0.011499
2138 2818 0.0069504
2816 2818 0.0069504
2819 2818 0.0069504
2135 2819 0.022943
2142 2819 0.022943
2400 2819 0.022943
2818 2819 0.022943
1522 2820 0.079493
2821 2820 0.079493
2827 2820 0.079493
1524 2821 0.014676
1968 2821 0.014676
2820 2821 0.014676
1969 2822 0.33718
1971 2822 0.33718
2823 2822 0.33718
1527 2823 0.00026579
1967 2823 0.00026579
2822 2823 0.00026579
1520 2824 0.057873
1523 2824 0.057873
2825 2824 0.057873
554 2825 0.023521
1525 2825 0.023521
2824 2825 0.023521
1522 2826 0.0047855
2821 2826 0.0047855
2827 2826 0.0047855
1526 2827 0.027481
2826 2827 0.027481
1676 2853 0.0059894
2854 2853 0.0059894
3661 2853 0.0059894
2136 2854 0.079643
2853 2854 0.079643
3220 2854 0.079643
6166 2854 0.079643
2828 2864 0.011674
2863 2864 0.011674
3612 2864 0.011674
2865 2866 0.00069158
6077 2866 0.00069158
6080 2866 0.00069158
1973 3047 0.0007663
3048 3047 0.0007663
3047 3048 0.0023248
6556 3048 0.0023248
6559 3048 0.0023248
133 3051 0.0005021
3052 3051 0.0005021
3051 3052 0.014843
3710 3052 0.014843
3711 3052 0.014843
3054 3053 0.00020689
3685 3053 0.00020689
1975 3092 0.83922
3091 3092 0.83922
5682 3092 0.83922
5693 3092 0.83922
3093 3094 0.0019243
5684 3094 0.0019243
1127 3096 0.001183
3095 3096 0.001183
3098 3096 0.001183
1127 3097 0.00021695
3095 3097 0.00021695
3098 3097 0.00021695
1826 3150 0.030905
3149 3150 0.030905
3152 3150 0.030905
3151 3152 0.031179
3154 3152 0.031179
5499 3152 0.031179
5500 3152 0.031179
1675 3202 0.0038984
3203 3202 0.0038984
6201 3202 0.0038984
1671 3203 0.00052505
1674 3203 0.00052505
3202 3203 0.00052505
1673 3204 0.0040807
3205 3204 0.0040807
6167 3204 0.0040807
3204 3205 0.00055576
6162 3205 0.00055576
6163 3205 0.00055576
3210 3211 0.00028961
6184 3211 0.00028961
6185 3211 0.00028961
1659 3212 0.00041312
3213 3212 0.00041312
4560 3212 0.00041312
3212 3213 0.0004843
3651 3213 0.0004843
3654 3213 0.0004843
3215 3214 0.0039044
5729 3214 0.0039044
6614 3214 0.0039044
3214 3215 0.00055303
6156 3215 0.00055303
7264 3215 0.00055303
2747 3216 0.00012823
3217 3216 0.00012823
4733 3216 0.00012823
3216 3217 0.000832
5721 3217 0.000832
5722 3217 0.000832
118 3218 0.0002187
3219 3218 0.0002187
5730 3218 0.0002187
3218 3219 0.00047644
5727 3219 0.00047644
5728 3219 0.00047644
3221 3220 0.023748
6081 3220 0.023748
6213 3220 0.023748
6592 3220 0.023748
2136 3221 0.017732
2853 3221 0.017732
3220 3221 0.017732
6166 3221 0.017732
3607 3608 0.00034146
3610 3608 0.00034146
4757 3608 0.00034146
2866 3610 0.00050529
3609 3610 0.00050529
4755 3610 0.00050529
2830 3612 0.011674
3611 3612 0.011674
3614 3612 0.011674
2139 3614 0.011674
2140 3614 0.011674
3613 3614 0.011674
3212 3652 0.11006
3651 3652 0.11006
3654 3652 0.11006
3653 3654 0.11015
3656 3654 0.11015
6210 3654 0.11015
3653 3655 0.00015557
3656 3655 0.00015557
6210 3655 0.00015557
3655 3656 0.10712
3658 3656 0.10712
6205 3656 0.10712
3655 3657 0.00060186
3658 3657 0.00060186
6205 3657 0.00060186
1662 3658 0.1107
3657 3658 0.1107
3660 3658 0.1107
1662 3659 0.00088987
3657 3659 0.00088987
3660 3659 0.00088987
3659 3660 0.11041
3662 3660 0.11041
6218 3660 0.11041
3659 3661 0.0057741
3662 3661 0.0057741
6218 3661 0.0057741
1676 3662 0.074917
2854 3662 0.074917
3661 3662 0.074917
3053 3684 0.00022512
3682 3684 0.00022512
3683 3684 0.00022512
3684 3685 0.00020689
3686 3685 0.00020689
3687 3685 0.00020689
3688 3687 0.00023863
3714 3687 0.00023863
3715 3687 0.00023863
3684 3688 0.00023491
3686 3688 0.00023491
3687 3688 0.00023491
1568 3700 0.78829
1571 3700 0.78829
3699 3700 0.78829
553 3701 0.00053237
3702 3701 0.00053237
3703 3701 0.00053237
781 3702 0.76348
3700 3702 0.76348
3701 3702 0.76348
98 3703 0.030642
3704 3703 0.030642
3705 3703 0.030642
553 3704 0.20697
3702 3704 0.20697
3703 3704 0.20697
1972 3705 0.047102
3706 3705 0.047102
3707 3705 0.047102
3736 3705 0.047102
98 3706 0.19735
3704 3706 0.19735
3705 3706 0.19735
134 3707 0.16125
3708 3707 0.16125
3709 3707 0.16125
1972 3708 0.001653
3706 3708 0.001653
3707 3708 0.001653
3736 3708 0.001653
3051 3709 0.14735
3710 3709 0.14735
3711 3709 0.14735
134 3710 0.0020991
3708 3710 0.0020991
3709 3710 0.0020991
2146 3711 0.15962
3712 3711 0.15962
4663 3711 0.15962
7113 3711 0.15962
3688 3713 0.00024735
3714 3713 0.00024735
3715 3713 0.00024735
3713 3714 0.00023915
6921 3714 0.00023915
7114 3714 0.00023915
87 3730 0.00051429
3728 3730 0.00051429
3729 3730 0.00051429
373 3732 0.00053259
3730 3732 0.00053259
3731 3732 0.00053259
411 3733 0.00011565
3734 3733 0.00011565
3735 3733 0.00011565
91 3734 0.0011003
3732 3734 0.0011003
3733 3734 0.0011003
1972 3735 0.0015593
3706 3735 0.0015593
3707 3735 0.0015593
3736 3735 0.0015593
411 3736 0.028622
3734 3736 0.028622
3735 3736 0.028622
3951 3950 0.028276
6079 3950 0.028276
6082 3950 0.028276
3950 3951 0.00070988
6164 3951 0.00070988
6165 3951 0.00070988
4515 4516 0.00030985
5700 4516 0.00030985
6613 4516 0.00030985
1578 4557 0.000425
1581 4557 0.000425
4558 4557 0.000425
3207 4560 0.00035511
4559 4560 0.00035511
4562 4560 0.00035511
3209 4562 0.000327
3211 4562 0.000327
4561 4562 0.000327
1827 4671 0.0069897
2656 4671 0.0069897
4672 4671 0.0069897
3150 4673 0.030905
4674 4673 0.030905
7178 4673 0.030905
4714 4713 0.00081612
4715 4713 0.00081612
4734 4713 0.00081612
4716 4715 0.00039758
4717 4715 0.00039758
4736 4715 0.00039758
4714 4716 0.00013252
4715 4716 0.00013252
4734 4716 0.00013252
4718 4717 0.00029467
4719 4717 0.00029467
5706 4717 0.00029467
5709 4717 0.00029467
4716 4718 0.00025482
4717 4718 0.00025482
4736 4718 0.00025482
3198 4719 0.00011455
4720 4719 0.00011455
4721 4719 0.00011455
2747 4734 0.00053588
3217 4734 0.00053588
4733 4734 0.00053588
2745 4736 0.00028569
2748 4736 0.00028569
4735 4736 0.00028569
2866 4756 0.00022335
3609 4756 0.00022335
4755 4756 0.00022335
3607 4758 0.00018817
3610 4758 0.00018817
4757 4758 0.00018817
777 4783 0.00021429
4784 4783 0.00021429
6149 4783 0.00021429
1685 4784 0.0065456
4783 4784 0.0065456
6151 4784 0.0065456
6154 4784 0.0065456
2149 5260 0.059163
7287 5260 0.059163
309 5495 0.031179
2145 5495 0.031179
5494 5495 0.031179
35 5497 0.031179
5495 5497 0.031179
5496 5497 0.031179
1313 5499 0.031179
5497 5499 0.031179
5498 5499 0.031179
3094 5680 0.00026618
5681 5680 0.00026618
5683 5680 0.00026618
3094 5682 0.0019577
5681 5682 0.0019577
5683 5682 0.0019577
1975 5683 0.00026196
3091 5683 0.00026196
5682 5683 0.00026196
5693 5683 0.00026196
2808 5684 0.0019243
5685 5684 0.0019243
5686 5684 0.0019243
1975 5692 0.0013423
3091 5692 0.0013423
5682 5692 0.0013423
5693 5692 0.0013423
432 5693 0.0003773
5692 5693 0.0003773
1693 5703 0.0016751
5702 5703 0.0016751
5705 5703 0.0016751
5704 5705 0.0015966
5707 5705 0.0015966
5731 5705 0.0015966
6600 5705 0.0015966
4718 5707 0.0018564
4719 5707 0.0018564
5706 5707 0.0018564
5709 5707 0.0018564
2746 5709 0.0018224
5708 5709 0.0018224
5711 5709 0.0018224
6604 5709 0.0018224
2440 5711 0.0019198
2443 5711 0.0019198
5710 5711 0.0019198
5713 5711 0.0019198
1725 5713 0.00098235
1728 5713 0.00098235
5712 5713 0.00098235
5715 5713 0.00098235
1723 5715 0.00033462
4749 5715 0.00033462
5714 5715 0.00033462
110 5716 0.010225
5717 5716 0.010225
6560 5716 0.010225
1566 5717 0.061423
1569 5717 0.061423
5716 5717 0.061423
2442 5721 0.0033782
2445 5721 0.0033782
5720 5721 0.0033782
3216 5723 0.0026143
5721 5723 0.0026143
5722 5723 0.0026143
5723 5725 0.0026143
5724 5725 0.0026143
6606 5725 0.0026143
4713 5727 0.0033642
5725 5727 0.0033642
5726 5727 0.0033642
3215 5728 0.00023152
5729 5728 0.00023152
6614 5728 0.00023152
3218 5729 0.003324
5727 5729 0.003324
5728 5729 0.003324
5704 5730 0.00033428
5707 5730 0.00033428
5731 5730 0.00033428
6600 5730 0.00033428
4747 6076 0.00042941
6075 6076 0.00042941
6078 6076 0.00042941
2865 6078 0.00042941
6077 6078 0.00042941
6080 6078 0.00042941
3951 6080 0.0010931
6079 6080 0.0010931
6082 6080 0.0010931
3951 6081 0.00020379
6079 6081 0.00020379
6082 6081 0.00020379
3221 6082 0.028782
6081 6082 0.028782
6213 6082 0.028782
6592 6082 0.028782
6150 6149 0.00017925
6616 6149 0.00017925
6619 6149 0.00017925
777 6150 0.0065106
4784 6150 0.0065106
6149 6150 0.0065106
6152 6151 0.00061349
6618 6151 0.00061349
6621 6151 0.00061349
1685 6152 0.014129
4783 6152 0.014129
6151 6152 0.014129
6154 6152 0.014129
1685 6153 0.00068099
4783 6153 0.00068099
6151 6153 0.00068099
6154 6153 0.00068099
6153 6154 0.020528
7267 6154 0.020528
3214 6155 0.81817
6156 6155 0.81817
7264 6155 0.81817
6158 6157 0.81482
7266 6157 0.81482
7268 6157 0.81482
2444 6159 0.83466
6160 6159 0.83466
6161 6159 0.83466
3204 6161 0.83892
6162 6161 0.83892
6163 6161 0.83892
3950 6163 0.8354
6164 6163 0.8354
6165 6163 0.8354
2136 6165 0.80834
2853 6165 0.80834
3220 6165 0.80834
6166 6165 0.80834
3950 6166 0.00050964
6164 6166 0.00050964
6165 6166 0.00050964
1663 6184 0.00041744
1666 6184 0.00041744
6183 6184 0.00041744
3210 6186 0.00014156
6184 6186 0.00014156
6185 6186 0.00014156
3201 6188 0.0001351
6186 6188 0.0001351
6187 6188 0.0001351
3208 6190 0.00010384
6188 6190 0.00010384
6189 6190 0.00010384
6176 6192 0.00010429
6190 6192 0.00010429
6191 6192 0.00010429
3206 6194 0.00010615
6192 6194 0.00010615
6193 6194 0.00010615
1680 6196 0.00010821
6194 6196 0.00010821
6195 6196 0.00010821
1678 6201 0.0001102
6202 6201 0.0001102
6203 6201 0.0001102
1675 6202 0.0012478
3203 6202 0.0012478
6201 6202 0.0012478
1661 6203 0.00011527
1664 6203 0.00011527
6204 6203 0.00011527
1678 6204 0.0011965
6202 6204 0.0011965
6203 6204 0.0011965
6206 6205 0.011239
6209 6205 0.011239
6211 6205 0.011239
3655 6206 0.01437
3658 6206 0.01437
6205 6206 0.01437
3653 6209 0.011239
3656 6209 0.011239
6210 6209 0.011239
6206 6210 0.01437
6209 6210 0.01437
6211 6210 0.01437
2407 6213 0.034662
2408 6213 0.034662
6214 6213 0.034662
6216 6215 0.0057724
6217 6215 0.0057724
6595 6215 0.0057724
2134 6216 0.041823
2137 6216 0.041823
6215 6216 0.041823
3659 6217 0.0046151
3662 6217 0.0046151
6218 6217 0.0046151
6216 6218 0.044995
6217 6218 0.044995
6595 6218 0.044995
1974 6556 0.0023248
6557 6556 0.0023248
3047 6557 0.0007663
6556 6557 0.0007663
6559 6557 0.0007663
3047 6558 0.0029586
6556 6558 0.0029586
6559 6558 0.0029586
1521 6559 0.0029586
6558 6559 0.0029586
6561 6559 0.0029586
1521 6560 0.0056907
6558 6560 0.0056907
6561 6560 0.0056907
110 6561 0.082163
5717 6561 0.082163
6560 6561 0.082163
92 6568 0.00011066
4557 6568 0.00011066
6569 6568 0.00011066
88 6569 0.0001852
90 6569 0.0001852
773 6569 0.0001852
6568 6569 0.0001852
1574 6570 0.00083812
1577 6570 0.00083812
6571 6570 0.00083812
404 6572 0.00087361
405 6572 0.00087361
6570 6572 0.00087361
6573 6572 0.00087361
1580 6574 0.0004988
1583 6574 0.0004988
6572 6574 0.0004988
6575 6574 0.0004988
6216 6594 0.0071708
6217 6594 0.0071708
6595 6594 0.0071708
2817 6595 0.011499
6594 6595 0.011499
2746 6605 0.00010981
5708 6605 0.00010981
5711 6605 0.00010981
6604 6605 0.00010981
117 6613 0.00030985
6612 6613 0.00030985
6615 6613 0.00030985
117 6614 0.00060293
6612 6614 0.00060293
6615 6614 0.00060293
3215 6615 0.00034405
5729 6615 0.00034405
6614 6615 0.00034405
1976 6616 0.0005304
6155 6616 0.0005304
6617 6616 0.0005304
6150 6617 0.020858
6616 6617 0.020858
6619 6617 0.020858
6150 6618 0.00059736
6616 6618 0.00059736
6619 6618 0.00059736
6152 6619 0.014594
6618 6619 0.014594
6621 6619 0.014594
5718 6621 0.00048829
6620 6621 0.00048829
6623 6621 0.00048829
6622 6623 0.00048228
7229 6623 0.00048228
6769 6768 0.0069897
7281 6768 0.0069897
2148 6794 0.10068
6795 6794 0.10068
724 6795 0.00026371
2147 6795 0.00026371
6794 6795 0.00026371
2150 6796 0.15958
6797 6796 0.15958
2154 6808 0.037893
6809 6808 0.037893
2152 6823 0.049554
6824 6823 0.049554
3713 6920 0.0056276
6921 6920 0.0056276
7114 6920 0.0056276
723 6921 0.022481
6920 6921 0.022481
3713 7113 0.022617
6921 7113 0.022617
7114 7113 0.022617
2146 7114 0.0057546
3712 7114 0.0057546
4663 7114 0.0057546
7113 7114 0.0057546
2144 7138 0.4867
7139 7138 0.4867
7138 7139 0.0008846
7141 7139 0.0008846
7138 7140 0.4867
7141 7140 0.4867
2648 7141 0.0008846
2649 7141 0.0008846
7140 7141 0.0008846
416 7149 0.0010367
3096 7149 0.0010367
7148 7149 0.0010367
7156 7157 0.00048228
7159 7157 0.00048228
1660 7159 0.00048228
6196 7159 0.00048228
7158 7159 0.00048228
6796 7182 0.15958
7183 7182 0.15958
7182 7184 0.15958
7185 7184 0.15958
1572 7222 0.00062155
7223 7222 0.00062155
7222 7223 0.00081853
7225 7223 0.00081853
7222 7224 0.00062155
7225 7224 0.00062155
408 7225 0.00081853
1575 7225 0.00081853
7224 7225 0.00081853
1667 7226 0.00017703
7227 7226 0.00017703
7228 7229 0.00048228
7231 7229 0.00048228
7157 7231 0.00048228
7230 7231 0.00048228
6157 7264 0.81482
7265 7264 0.81482
6153 7266 0.00068099
7267 7266 0.00068099
6158 7267 0.020528
7266 7267 0.020528
7268 7267 0.020528
6159 7268 0.83466
7269 7268 0.83466
4671 7281 0.0069897
7282 7281 0.0069897
2647 7285 0.96211
7286 7285 0.96211
7184 7287 0.15958
7288 7287 0.15958
