86 85 0.1397
89 85 0.1397
6576 85 0.1397
85 86 0.0079628
3724 86 0.0079628
3725 86 0.0079628
88 87 0.095507
90 87 0.095507
773 87 0.095507
6568 87 0.095507
87 88 0.0085783
3728 88 0.0085783
3729 88 0.0085783
88 89 0.041643
90 89 0.041643
773 89 0.041643
6568 89 0.041643
86 90 0.0087737
89 90 0.0087737
6576 90 0.0087737
92 91 0.013319
4557 91 0.013319
6569 91 0.013319
91 92 0.0075481
3732 92 0.0075481
3733 92 0.0075481
98 97 0.0010958
3704 97 0.0010958
3705 97 0.0010958
100 99 0.073681
102 99 0.073681
4555 99 0.073681
99 100 0.013302
366 100 0.013302
3737 100 0.013302
100 101 0.017385
102 101 0.017385
4555 101 0.017385
101 102 0.019909
367 102 0.019909
3738 102 0.019909
108 107 0.00045195
396 107 0.00045195
397 107 0.00045195
107 108 0.006818
390 108 0.006818
391 108 0.006818
112 111 0.017316
424 111 0.017316
425 111 0.017316
6552 111 0.017316
111 112 0.047101
387 112 0.047101
394 112 0.047101
114 113 0.018482
422 113 0.018482
423 113 0.018482
6550 113 0.018482
113 114 0.05679
384 114 0.05679
385 114 0.05679
116 115 0.027916
420 115 0.027916
421 115 0.027916
1584 115 0.027916
115 116 0.047187
382 116 0.047187
383 116 0.047187
133 134 0.00028094
3052 134 0.00028094
266 265 0.0893
2057 265 0.0893
2062 265 0.0893
265 266 0.045786
857 266 0.045786
2994 266 0.045786
267 268 0.00027923
7247 268 0.00027923
269 270 0.00027358
272 270 0.00027358
469 270 0.00027358
271 272 0.00027656
274 272 0.00027656
435 272 0.00027656
273 274 0.00028239
276 274 0.00028239
467 274 0.00028239
275 276 0.00028372
278 276 0.00028372
6428 276 0.00028372
277 278 0.0018278
280 278 0.0018278
1737 278 0.0018278
279 280 0.0018278
6705 280 0.0018278
281 282 0.001737
1753 282 0.001737
6278 282 0.001737
365 366 0.93539
3722 366 0.93539
3723 366 0.93539
368 367 0.010468
371 367 0.010468
376 367 0.010468
101 368 0.0036493
367 368 0.0036493
3738 368 0.0036493
370 369 0.0022271
372 369 0.0022271
369 370 0.0022775
374 370 0.0022775
375 370 0.0022775
370 371 0.0022775
372 371 0.0022775
368 372 0.0022271
371 372 0.0022271
376 372 0.0022271
369 373 0.0039872
374 373 0.0039872
375 373 0.0039872
373 374 0.010805
3730 374 0.010805
3731 374 0.010805
368 375 0.0027045
371 375 0.0027045
376 375 0.0027045
369 376 0.0094725
374 376 0.0094725
375 376 0.0094725
377 378 0.010331
399 378 0.010331
378 380 0.010331
379 380 0.010331
115 381 0.00094835
382 381 0.00094835
383 381 0.00094835
381 382 0.17467
400 382 0.17467
401 382 0.17467
413 382 0.17467
113 383 0.00098042
384 383 0.00098042
385 383 0.00098042
115 384 0.15543
382 384 0.15543
383 384 0.15543
380 385 0.0025391
386 385 0.0025391
393 385 0.0025391
113 386 0.11868
384 386 0.11868
385 386 0.11868
388 387 0.00034818
389 387 0.00034818
3717 387 0.00034818
6554 387 0.00034818
111 388 0.096969
387 388 0.096969
394 388 0.096969
107 389 0.00033001
390 389 0.00033001
391 389 0.00033001
388 390 0.0090248
389 390 0.0090248
3717 390 0.0090248
6554 390 0.0090248
392 391 0.0001064
395 391 0.0001064
998 391 0.0001064
107 392 0.0024352
390 392 0.0024352
391 392 0.0024352
111 393 0.00045
387 393 0.00045
394 393 0.00045
380 394 0.12686
386 394 0.12686
393 394 0.12686
108 395 0.0001064
396 395 0.0001064
397 395 0.0001064
392 396 0.0024352
395 396 0.0024352
998 396 0.0024352
398 397 0.00032586
3718 397 0.00032586
3719 397 0.00032586
108 398 0.0090207
396 398 0.0090207
397 398 0.0090207
381 399 0.010331
400 399 0.010331
401 399 0.010331
413 399 0.010331
402 401 0.040471
403 401 0.040471
418 401 0.040471
419 401 0.040471
381 402 0.038173
400 402 0.038173
401 402 0.038173
413 402 0.038173
404 403 0.023527
405 403 0.023527
6570 403 0.023527
6573 403 0.023527
402 404 0.022902
403 404 0.022902
418 404 0.022902
419 404 0.022902
97 411 0.0010958
412 411 0.0010958
6566 411 0.0010958
414 413 0.18256
415 413 0.18256
417 413 0.18256
381 414 0.00087437
400 414 0.00087437
401 414 0.00087437
413 414 0.00087437
416 415 0.83606
3096 415 0.83606
7148 415 0.83606
414 416 0.00011219
415 416 0.00011219
417 416 0.00011219
402 417 0.0051195
403 417 0.0051195
418 417 0.0051195
419 417 0.0051195
414 418 0.65938
415 418 0.65938
417 418 0.65938
116 419 0.0057064
420 419 0.0057064
421 419 0.0057064
1584 419 0.0057064
402 420 0.6583
403 420 0.6583
418 420 0.6583
419 420 0.6583
114 421 0.0051212
422 421 0.0051212
423 421 0.0051212
6550 421 0.0051212
116 422 0.65183
420 422 0.65183
421 422 0.65183
1584 422 0.65183
112 423 0.0048392
424 423 0.0048392
425 423 0.0048392
6552 423 0.0048392
114 424 0.66939
422 424 0.66939
423 424 0.66939
6550 424 0.66939
426 425 0.0033911
3720 425 0.0033911
3721 425 0.0033911
4661 425 0.0033911
112 426 0.65438
424 426 0.65438
425 426 0.65438
6552 426 0.65438
428 427 0.057774
429 427 0.057774
3089 427 0.057774
5680 427 0.057774
427 428 0.0074454
431 428 0.0074454
3097 428 0.0074454
2279 431 0.92801
5674 431 0.92801
7273 431 0.92801
427 432 0.22171
431 432 0.22171
3097 432 0.22171
6878 434 0.94973
548 547 0.00034183
6226 547 0.00034183
6227 547 0.00034183
6230 547 0.00034183
547 548 0.0023385
2073 548 0.0023385
7094 548 0.0023385
553 554 0.00012695
3702 554 0.00012695
3703 554 0.00012695
558 557 0.0022725
5766 557 0.0022725
6474 557 0.0022725
557 558 0.00031855
6037 558 0.00031855
6465 558 0.00031855
568 567 0.0037329
4174 567 0.0037329
6435 567 0.0037329
574 573 0.07426
864 573 0.07426
2197 573 0.07426
573 574 0.0031988
2058 574 0.0031988
2059 574 0.0031988
3761 574 0.0031988
5067 579 0.011799
6033 579 0.011799
732 731 0.00026758
798 731 0.00026758
7216 731 0.00026758
733 734 0.00027155
7127 734 0.00027155
735 738 0.00059816
737 738 0.00059816
740 738 0.00059816
739 740 0.00059758
2885 740 0.00059758
5251 740 0.00059758
774 773 0.11097
775 773 0.11097
88 774 0.0007854
90 774 0.0007854
773 774 0.0007854
6568 774 0.0007854
776 775 0.11097
6574 775 0.11097
774 776 0.0007854
775 776 0.0007854
5764 853 1.0064
6814 853 1.0064
854 855 0.99976
2981 855 0.99976
6816 855 0.99976
265 856 0.0097186
857 856 0.0097186
2994 856 0.0097186
856 857 0.71883
3776 857 0.71883
3778 857 0.71883
942 943 0.00025943
945 943 0.00025943
5898 943 0.00025943
7252 943 0.00025943
942 944 0.00010331
945 944 0.00010331
5898 944 0.00010331
7252 944 0.00010331
944 945 0.00099562
947 945 0.00099562
4210 945 0.00099562
946 947 0.0014431
6707 947 0.0014431
948 950 0.00015041
951 950 0.00015041
6355 950 0.00015041
950 951 0.00017485
6352 951 0.00017485
6353 951 0.00017485
6356 951 0.00017485
981 980 0.00031433
5779 980 0.00031433
6433 980 0.00031433
6436 980 0.00031433
565 982 0.00029157
980 982 0.00029157
983 982 0.00029157
982 984 0.00029157
985 984 0.00029157
2889 984 0.00029157
984 986 0.00029157
987 986 0.00029157
2891 986 0.00029157
2893 986 0.00029157
995 994 0.00071369
6359 994 0.00071369
6360 994 0.00071369
994 995 0.00098832
997 995 0.00098832
2076 995 0.00098832
2077 995 0.00098832
994 996 0.00078458
997 996 0.00078458
2076 996 0.00078458
2077 996 0.00078458
996 997 0.00063189
3119 997 0.00063189
4790 997 0.00063189
6237 997 0.00063189
1466 1117 0.0050791
2325 1117 0.0050791
434 1126 0.9501
5089 1126 0.9501
432 1127 0.21287
5692 1127 0.21287
5085 1129 0.00035376
5267 1129 0.00035376
1227 1226 0.033083
7040 1226 0.033083
7075 1226 0.033083
7079 1226 0.033083
1226 1227 0.025874
1536 1227 0.025874
4200 1227 0.025874
1233 1232 0.0053784
5580 1232 0.0053784
5582 1232 0.0053784
567 1466 0.0037448
1467 1466 0.0037448
1117 1468 0.0047928
2345 1468 0.0047928
554 1524 0.00011334
1525 1524 0.00011334
2824 1524 0.00011334
1528 1530 0.003836
1531 1530 0.003836
3303 1530 0.003836
1530 1532 0.00044515
1533 1532 0.00044515
2850 1532 0.00044515
1226 1537 0.00068411
1536 1537 0.00068411
4200 1537 0.00068411
1570 1571 0.0028583
1573 1571 0.0028583
3092 1571 0.0028583
1570 1572 0.0039543
1573 1572 0.0039543
3092 1572 0.0039543
1572 1573 0.00036472
7223 1573 0.00036472
408 1574 0.0039543
1575 1574 0.0039543
7224 1574 0.0039543
1574 1575 0.00036472
1577 1575 0.00036472
6571 1575 0.00036472
1574 1576 0.0027876
1577 1576 0.0027876
6571 1576 0.0027876
1576 1577 0.1353
7149 1577 0.1353
1578 1580 0.0023523
1581 1580 0.0023523
4558 1580 0.0023523
1580 1581 0.017739
1583 1581 0.017739
6572 1581 0.017739
6575 1581 0.017739
1580 1582 0.026035
1583 1582 0.026035
6572 1582 0.026035
6575 1582 0.026035
1582 1583 0.016128
1585 1583 0.016128
4524 1583 0.016128
1582 1584 0.019311
1585 1584 0.019311
4524 1584 0.019311
116 1585 0.044467
420 1585 0.044467
421 1585 0.044467
1584 1585 0.044467
1654 1653 0.015658
2340 1653 0.015658
2343 1653 0.015658
1653 1654 0.0066014
7054 1654 0.0066014
7076 1654 0.0066014
1656 1655 0.00042931
5746 1655 0.00042931
5748 1655 0.00042931
1657 1658 0.00025943
4219 1658 0.00025943
4817 1658 0.00025943
1768 1767 0.00020736
1961 1767 0.00020736
6471 1767 0.00020736
1767 1769 0.00020736
1770 1769 0.00020736
6250 1769 0.00020736
1769 1773 0.00020736
1771 1773 0.00020736
1774 1773 0.00020736
1773 1775 0.00021533
1776 1775 0.00021533
1792 1775 0.00021533
1775 1777 0.00021533
1778 1777 0.00021533
4813 1777 0.00021533
571 1779 0.006782
1780 1779 0.006782
1781 1779 0.006782
1779 1780 0.0023781
3663 1780 0.0023781
5769 1780 0.0023781
1782 1781 0.006782
1783 1781 0.006782
1803 1781 0.006782
571 1782 0.0023781
1780 1782 0.0023781
1781 1782 0.0023781
1784 1783 0.00039287
1785 1783 0.00039287
1801 1783 0.00039287
1782 1784 0.00040012
1783 1784 0.00040012
1803 1784 0.00040012
1786 1785 0.00013795
1787 1785 0.00013795
5989 1785 0.00013795
1784 1786 0.00031966
1785 1786 0.00031966
1801 1786 0.00031966
1793 1801 0.0002669
1802 1801 0.0002669
5990 1801 0.0002669
1804 1803 0.006476
2284 1803 0.006476
6475 1803 0.006476
1782 1804 0.0020648
1783 1804 0.0020648
1803 1804 0.0020648
4601 1809 0.021134
5066 1809 0.021134
1960 1961 0.00024052
1963 1961 0.00024052
4384 1961 0.00024052
1524 1967 0.00011496
1968 1967 0.00011496
2820 1967 0.00011496
1969 1972 0.0001202
1971 1972 0.0001202
2823 1972 0.0001202
2056 2055 0.17489
2060 2055 0.17489
2196 2055 0.17489
4603 2055 0.17489
2055 2056 0.081958
3760 2056 0.081958
3762 2056 0.081958
573 2057 0.29219
2058 2057 0.29219
2059 2057 0.29219
3761 2057 0.29219
266 2058 0.0012982
2057 2058 0.0012982
2062 2058 0.0012982
2056 2059 0.25278
2060 2059 0.25278
2196 2059 0.25278
4603 2059 0.25278
573 2060 0.018175
2058 2060 0.018175
2059 2060 0.018175
3761 2060 0.018175
266 2061 0.24754
2057 2061 0.24754
2062 2061 0.24754
2061 2062 0.00015912
3039 2062 0.00015912
3042 2062 0.00015912
2072 2071 0.00069248
2074 2071 0.00069248
2075 2071 0.00069248
3906 2071 0.00069248
2071 2072 0.00061541
6238 2072 0.00061541
6239 2072 0.00061541
2072 2073 0.0002217
2074 2073 0.0002217
2075 2073 0.0002217
3906 2073 0.0002217
547 2074 0.0075571
2073 2074 0.0075571
7094 2074 0.0075571
994 2075 0.00030537
997 2075 0.00030537
2076 2075 0.00030537
2077 2075 0.00030537
2072 2076 0.0052087
2074 2076 0.0052087
2075 2076 0.0052087
3906 2076 0.0052087
2078 2077 0.00016451
2358 2077 0.00016451
2361 2077 0.00016451
6371 2077 0.00016451
994 2078 0.0046405
997 2078 0.0046405
2076 2078 0.0046405
2077 2078 0.0046405
574 2196 0.0031988
864 2196 0.0031988
2197 2196 0.0031988
2056 2197 0.07426
2060 2197 0.07426
2196 2197 0.07426
4603 2197 0.07426
1126 2279 0.94721
2324 2325 0.0013688
7131 2325 0.0013688
2327 2326 0.00059725
4708 2326 0.00059725
5968 2326 0.00059725
2326 2327 0.00062253
7259 2327 0.00062253
2329 2328 0.00010093
5896 2328 0.00010093
7254 2328 0.00010093
7258 2328 0.00010093
2328 2329 0.0065509
7257 2329 0.0065509
2331 2330 0.00033044
4196 2330 0.00033044
5971 2330 0.00033044
7256 2330 0.00033044
2330 2331 0.0048888
2333 2331 0.0048888
5975 2331 0.0048888
2330 2332 0.00082861
2333 2332 0.00082861
5975 2332 0.00082861
2332 2333 0.0037884
2335 2333 0.0037884
4216 2333 0.0037884
2332 2334 0.00075447
2335 2334 0.00075447
4216 2334 0.00075447
2334 2335 0.0044373
2337 2335 0.0044373
5977 2335 0.0044373
7152 2335 0.0044373
2334 2336 0.0089886
2337 2336 0.0089886
5977 2336 0.0089886
7152 2336 0.0089886
2336 2337 0.0038955
2339 2337 0.0038955
4709 2337 0.0038955
2336 2338 0.0095278
2339 2338 0.0095278
4709 2338 0.0095278
2338 2339 0.0038463
2341 2339 0.0038463
4198 2339 0.0038463
2338 2340 0.018736
2341 2340 0.018736
4198 2340 0.018736
1654 2341 0.006543
2340 2341 0.006543
2343 2341 0.006543
1654 2342 0.0031421
2340 2342 0.0031421
2343 2342 0.0031421
1117 2344 0.00030611
2345 2344 0.00030611
2344 2346 0.0002656
2347 2346 0.0002656
5906 2346 0.0002656
2349 2348 0.00024931
5903 2348 0.00024931
5986 2348 0.00024931
7105 2348 0.00024931
2348 2349 0.00058999
5239 2349 0.00058999
5739 2349 0.00058999
2351 2350 0.00012136
4656 2350 0.00012136
7014 2350 0.00012136
7087 2350 0.00012136
2354 2355 0.0056007
2357 2355 0.0056007
2356 2357 0.0056832
2359 2357 0.0056832
6362 2357 0.0056832
7160 2357 0.0056832
2356 2358 0.00033431
2359 2358 0.00033431
6362 2358 0.00033431
7160 2358 0.00033431
2078 2359 0.0031096
2358 2359 0.0031096
2361 2359 0.0031096
6371 2359 0.0031096
2078 2360 0.00049433
2358 2360 0.00049433
2361 2360 0.00049433
6371 2360 0.00049433
2360 2361 0.0007366
2363 2361 0.0007366
3120 2361 0.0007366
2360 2362 0.00018547
2363 2362 0.00018547
3120 2362 0.00018547
2362 2363 0.00022295
2365 2363 0.00022295
6395 2363 0.00022295
2364 2365 0.00017193
2367 2365 0.00017193
6366 2365 0.00017193
6367 2365 0.00017193
2366 2367 0.00018694
7006 2367 0.00018694
7086 2367 0.00018694
2633 2632 0.0074063
2635 2632 0.0074063
2644 2632 0.0074063
6716 2634 0.0002006
2634 2635 0.00018284
2636 2635 0.00018284
2640 2637 0.56519
4087 2637 0.56519
5732 2637 0.56519
2637 2638 0.99836
2641 2638 0.99836
2638 2639 0.0073951
4085 2640 0.56498
4085 2641 0.43317
2639 2642 0.0074885
2645 2642 0.0074885
2642 2644 0.0072997
2643 2644 0.0072997
6717 2646 0.99097
3664 2749 0.000263
6466 2749 0.000263
2752 2753 0.0053788
7251 2753 0.0053788
1527 2823 0.0001202
1967 2823 0.0001202
2822 2823 0.0001202
1530 2849 0.0035809
1533 2849 0.0035809
2850 2849 0.0035809
600 2850 0.00018032
2849 2850 0.00018032
3344 2850 0.00018032
3345 2850 0.00018032
2886 2885 0.00029569
2887 2885 0.00029569
2901 2885 0.00029569
563 2887 0.00029569
2888 2887 0.00029569
4801 2887 0.00029569
855 2987 0.99976
2983 2987 0.99976
2988 2987 0.99976
3583 2987 0.99976
2990 2989 0.75342
2991 2989 0.75342
2993 2989 0.75342
2989 2990 0.0010322
3038 2990 0.0010322
3040 2990 0.0010322
2990 2992 0.00024052
2991 2992 0.00024052
2993 2992 0.00024052
265 2993 0.75364
857 2993 0.75364
2994 2993 0.75364
2990 2994 0.0010178
2991 2994 0.0010178
2993 2994 0.0010178
2996 2995 0.61874
2997 2995 0.61874
4602 2995 0.61874
2995 2996 0.017344
3759 2996 0.017344
3775 2996 0.017344
2998 2997 1
3764 2997 1
3770 2997 1
2989 3037 0.99976
3038 3037 0.99976
3040 3037 0.99976
2989 3039 0.00015912
3038 3039 0.00015912
3040 3039 0.00015912
2061 3040 0.24754
3039 3040 0.24754
3042 3040 0.24754
3051 3052 0.00028094
3710 3052 0.00028094
3711 3052 0.00028094
3086 3085 0.027946
5668 3085 0.027946
5964 3085 0.027946
3085 3087 0.027834
3088 3087 0.027834
5398 3087 0.027834
3090 3089 0.054794
5675 3089 0.054794
5676 3089 0.054794
7150 3089 0.054794
428 3090 0.006866
429 3090 0.006866
3089 3090 0.006866
5680 3090 0.006866
1975 3092 0.0065301
3091 3092 0.0065301
5682 3092 0.0065301
5693 3092 0.0065301
1127 3096 0.96847
3095 3096 0.96847
3098 3096 0.96847
1127 3097 0.0013728
3095 3097 0.0013728
3098 3097 0.0013728
427 3098 0.758
431 3098 0.758
3097 3098 0.758
3103 3105 0.00038811
3106 3105 0.00038811
5965 3105 0.00038811
2360 3119 0.00040949
2363 3119 0.00040949
3120 3119 0.00040949
996 3120 0.00061428
3119 3120 0.00061428
4790 3120 0.00061428
6237 3120 0.00061428
3123 3124 0.00096307
3126 3124 0.00096307
3312 3124 0.00096307
3125 3126 0.00085997
3128 3126 0.00085997
5949 3126 0.00085997
3127 3128 0.00070219
3130 3128 0.00070219
6380 3128 0.00070219
6381 3128 0.00070219
3129 3130 0.00026572
3132 3130 0.00026572
6105 3130 0.00026572
6108 3130 0.00026572
3131 3132 0.00011773
3134 3132 0.00011773
6402 3132 0.00011773
6403 3132 0.00011773
3135 3136 0.00031696
5948 3136 0.00031696
5953 3136 0.00031696
3138 3137 0.0036912
5832 3137 0.0036912
6422 3137 0.0036912
3140 3139 0.00021906
6372 3139 0.00021906
6373 3139 0.00021906
6407 3139 0.00021906
3139 3140 0.00014877
3910 3140 0.00014877
6112 3140 0.00014877
3141 3142 0.00032259
3144 3142 0.00032259
4787 3142 0.00032259
3143 3144 0.00023605
3146 3144 0.00023605
6374 3144 0.00023605
6375 3144 0.00023605
3143 3145 0.00019295
3146 3145 0.00019295
6374 3145 0.00019295
6375 3145 0.00019295
3145 3146 0.00011827
3148 3146 0.00011827
3911 3146 0.00011827
6109 3146 0.00011827
3137 3303 0.003836
3302 3303 0.003836
3338 3303 0.003836
3136 3304 0.00014472
3305 3304 0.00014472
3306 3304 0.00014472
3304 3305 0.0006119
6420 3305 0.0006119
6421 3305 0.0006119
3124 3306 0.00011012
3307 3306 0.00011012
3308 3306 0.00011012
3637 3306 0.00011012
3136 3307 0.00086389
3305 3307 0.00086389
3306 3307 0.00086389
3109 3312 0.00012691
3112 3312 0.00012691
3313 3312 0.00012691
3314 3312 0.00012691
3317 3316 0.00078766
5238 3316 0.00078766
7089 3316 0.00078766
3319 3318 0.00071456
5985 3318 0.00071456
7093 3318 0.00071456
7095 3318 0.00071456
3318 3319 0.0008525
6983 3319 0.0008525
7092 3319 0.0008525
3320 3321 0.0054488
6977 3321 0.0054488
7096 3321 0.0054488
3321 3323 0.0052203
3322 3323 0.0052203
7097 3323 0.0052203
3323 3325 0.0061754
3324 3325 0.0061754
7103 3325 0.0061754
2753 3326 0.00010567
3327 3326 0.00010567
5237 3326 0.00010567
3325 3327 0.0055307
3326 3327 0.0055307
7099 3327 0.0055307
3333 3335 0.00042899
3336 3335 0.00042899
6225 3335 0.00042899
3335 3336 0.00015412
5823 3336 0.00015412
5831 3336 0.00015412
6967 3336 0.00015412
3343 3338 0.00017698
3639 3338 0.00017698
3962 3338 0.00017698
1532 3340 0.00044515
2851 3340 0.00044515
3339 3340 0.00044515
3340 3341 0.00044515
3342 3341 0.00044515
3960 3341 0.00044515
3343 3344 0.019077
3639 3344 0.019077
3962 3344 0.019077
600 3346 0.022442
2849 3346 0.022442
3344 3346 0.022442
3345 3346 0.022442
3347 3353 0.022871
3354 3353 0.022871
4683 3353 0.022871
458 3397 0.00027935
3398 3397 0.00027935
3399 3397 0.00027935
3400 3399 0.00027442
4579 3399 0.00027442
7244 3399 0.00027442
268 3401 0.00027935
3402 3401 0.00027935
5255 3401 0.00027935
3615 3616 0.00021608
7263 3616 0.00021608
1777 3618 0.00021608
3617 3618 0.00021608
3620 3618 0.00021608
3638 3637 0.0001812
3640 3637 0.0001812
5268 3637 0.0001812
3124 3638 0.001813
3307 3638 0.001813
3308 3638 0.001813
3637 3638 0.001813
3638 3639 0.017915
3640 3639 0.017915
5268 3639 0.017915
1779 3664 0.00026262
3663 3664 0.00026262
5769 3664 0.00026262
1568 3700 0.0028071
1571 3700 0.0028071
3699 3700 0.0028071
781 3702 0.0028202
3700 3702 0.0028202
3701 3702 0.0028202
553 3704 0.0027699
3702 3704 0.0027699
3703 3704 0.0027699
1972 3705 0.00040527
3706 3705 0.00040527
3707 3705 0.00040527
3736 3705 0.00040527
98 3706 0.0020924
3704 3706 0.0020924
3705 3706 0.0020924
134 3707 0.0023356
3708 3707 0.0023356
3709 3707 0.0023356
1972 3708 0.00010322
3706 3708 0.00010322
3707 3708 0.00010322
3736 3708 0.00010322
3051 3709 0.0020711
3710 3709 0.0020711
3711 3709 0.0020711
134 3710 0.00010343
3708 3710 0.00010343
3709 3710 0.00010343
2146 3711 0.0022336
3712 3711 0.0022336
4663 3711 0.0022336
7113 3711 0.0022336
398 3717 0.0015028
3718 3717 0.0015028
3719 3717 0.0015028
388 3718 0.089429
389 3718 0.089429
3717 3718 0.089429
6554 3718 0.089429
426 3719 0.0014496
3720 3719 0.0014496
3721 3719 0.0014496
4661 3719 0.0014496
398 3720 0.098071
3718 3720 0.098071
3719 3720 0.098071
365 3721 0.00025956
3722 3721 0.00025956
3723 3721 0.00025956
426 3722 0.77074
3720 3722 0.77074
3721 3722 0.77074
4661 3722 0.77074
85 3723 0.19115
3724 3723 0.19115
3725 3723 0.19115
365 3724 0.026307
3722 3724 0.026307
3723 3724 0.026307
3726 3725 0.074101
3727 3725 0.074101
4556 3725 0.074101
85 3726 0.040998
3724 3726 0.040998
3725 3726 0.040998
87 3727 0.10222
3728 3727 0.10222
3729 3727 0.10222
3726 3728 0.011261
3727 3728 0.011261
4556 3728 0.011261
373 3729 0.018863
3730 3729 0.018863
3731 3729 0.018863
87 3730 0.014834
3728 3730 0.014834
3729 3730 0.014834
91 3731 0.01801
3732 3731 0.01801
3733 3731 0.01801
373 3732 0.0071621
3730 3732 0.0071621
3731 3732 0.0071621
411 3733 0.0052
3734 3733 0.0052
3735 3733 0.0052
91 3734 0.00012274
3732 3734 0.00012274
3733 3734 0.00012274
1972 3735 0.0041608
3706 3735 0.0041608
3707 3735 0.0041608
3736 3735 0.0041608
411 3736 0.00016198
3734 3736 0.00016198
3735 3736 0.00016198
101 3737 0.022901
367 3737 0.022901
3738 3737 0.022901
99 3738 0.018607
366 3738 0.018607
3737 3738 0.018607
2055 3759 0.1822
3760 3759 0.1822
3762 3759 0.1822
2995 3760 0.074486
3759 3760 0.074486
3775 3760 0.074486
2055 3761 0.075795
3760 3761 0.075795
3762 3761 0.075795
573 3762 0.09057
2058 3762 0.09057
2059 3762 0.09057
3761 3762 0.09057
3763 3764 0.40351
3766 3764 0.40351
3768 3764 0.40351
3767 3768 0.40351
3769 3768 0.40351
3772 3768 0.40351
3767 3770 0.59649
3769 3770 0.59649
3772 3770 0.59649
3771 3772 1
3774 3772 1
856 3775 0.0097186
3776 3775 0.0097186
3778 3775 0.0097186
2995 3776 0.71883
3759 3776 0.71883
3775 3776 0.71883
4199 3791 0.974
5395 3791 0.974
5396 3792 0.97898
5397 3792 0.97898
3791 3793 0.32966
3793 3794 0.027311
5993 3794 0.027311
7115 3794 0.027311
3790 3795 0.032295
3794 3795 0.032295
7083 3795 0.032295
3907 3906 0.00048299
4019 3906 0.00048299
6228 3906 0.00048299
6358 3906 0.00048299
2072 3907 0.002838
2074 3907 0.002838
2075 3907 0.002838
3906 3907 0.002838
3139 3911 0.00015529
3910 3911 0.00015529
6112 3911 0.00015529
4685 3962 0.0013051
5086 3962 0.0013051
6876 3963 0.0031879
1129 3964 0.0024401
3963 3964 0.0024401
3907 4020 0.0032288
4019 4020 0.0032288
6228 4020 0.0032288
6358 4020 0.0032288
2844 4084 0.00021608
3616 4084 0.00021608
4083 4084 0.00021608
5770 4085 0.99815
5772 4085 0.99815
4084 4087 0.00021608
4086 4087 0.00021608
5987 4087 0.00021608
4163 4162 0.00069923
4164 4162 0.00069923
5889 4162 0.00069923
5892 4162 0.00069923
4162 4163 0.00057884
4171 4163 0.00057884
5793 4163 0.00057884
4165 4164 0.0026004
4166 4164 0.0026004
5929 4164 0.0026004
5972 4164 0.0026004
4163 4165 0.00062199
4164 4165 0.00062199
5889 4165 0.00062199
5892 4165 0.00062199
4167 4166 0.0020268
4168 4166 0.0020268
5923 4166 0.0020268
5926 4166 0.0020268
4165 4167 0.00051652
4166 4167 0.00051652
5929 4167 0.00051652
5972 4167 0.00051652
4169 4168 0.0012015
4193 4168 0.0012015
4194 4168 0.0012015
4167 4169 0.00016462
4168 4169 0.00016462
5923 4169 0.00016462
5926 4169 0.00016462
4162 4170 0.0010091
4171 4170 0.0010091
5793 4170 0.0010091
4170 4172 0.00020042
4173 4172 0.00020042
5933 4172 0.00020042
4175 4174 0.00071439
4176 4174 0.00071439
5784 4174 0.00071439
5785 4174 0.00071439
4177 4176 0.00069527
4178 4176 0.00069527
5970 4176 0.00069527
4179 4178 0.00064016
4180 4178 0.00064016
4181 4180 0.0014106
4182 4180 0.0014106
5885 4180 0.0014106
5888 4180 0.0014106
4183 4182 0.0027265
4184 4182 0.0027265
5928 4182 0.0027265
4181 4183 0.00050668
4182 4183 0.00050668
5885 4183 0.00050668
5888 4183 0.00050668
4185 4184 0.0042152
4186 4184 0.0042152
5922 4184 0.0042152
4183 4185 0.00014008
4184 4185 0.00014008
5928 4185 0.00014008
4187 4186 0.0060894
4188 4186 0.0060894
4195 4186 0.0060894
4189 4188 0.0073789
4190 4188 0.0073789
5918 4188 0.0073789
4191 4190 0.017228
4666 4190 0.017228
6469 4190 0.017228
4169 4192 0.00053021
4193 4192 0.00053021
4194 4192 0.00053021
4192 4193 0.00026928
5919 4193 0.00026928
5980 4193 0.00026928
4187 4194 0.0014096
4188 4194 0.0014096
4195 4194 0.0014096
4169 4195 0.00011176
4193 4195 0.00011176
4194 4195 0.00011176
5771 4198 0.97368
5881 4198 0.97368
7116 4199 0.97369
2338 4200 0.96717
2341 4200 0.96717
4198 4200 0.96717
4204 4205 0.00015829
4206 4205 0.00015829
4207 4205 0.00015829
4211 4205 0.00015829
4201 4207 0.00021182
4208 4207 0.00021182
4209 4207 0.00021182
5909 4207 0.00021182
944 4209 0.00058024
947 4209 0.00058024
4210 4209 0.00058024
2332 4215 0.00073341
2335 4215 0.00073341
4216 4215 0.00073341
4217 4218 0.00073769
6727 4218 0.00073769
4220 4219 0.00025943
4222 4219 0.00025943
943 4222 0.00025943
4221 4222 0.00025943
4815 4222 0.00025943
4224 4223 0.0031401
4225 4223 0.0031401
6894 4223 0.0031401
4227 4228 0.0031418
5937 4228 0.0031418
7073 4228 0.0031418
4383 4384 0.00024052
4386 4384 0.00024052
2992 4386 0.00024052
4385 4386 0.00024052
1582 4523 0.043028
1585 4523 0.043028
4524 4523 0.043028
4523 4524 0.0079644
4526 4524 0.0079644
6551 4524 0.0079644
4523 4525 0.075676
4526 4525 0.075676
6551 4525 0.075676
4525 4526 0.020147
6553 4526 0.020147
6577 4526 0.020147
1755 4538 0.0018953
4537 4538 0.0018953
6038 4538 0.0018953
3726 4555 0.072237
3727 4555 0.072237
4556 4555 0.072237
100 4556 0.014382
102 4556 0.014382
4555 4556 0.014382
1578 4557 0.017739
1581 4557 0.017739
4558 4557 0.017739
92 4558 0.0023523
4557 4558 0.0023523
6569 4558 0.0023523
579 4601 0.011799
6810 4601 0.011799
2056 4602 0.0055078
2060 4602 0.0055078
2196 4602 0.0055078
4603 4602 0.0055078
2996 4603 0.40411
2997 4603 0.40411
4602 4603 0.40411
4657 4656 0.0001708
5663 4656 0.0001708
5665 4656 0.0001708
2351 4657 0.00069688
4656 4657 0.00069688
7014 4657 0.00069688
7087 4657 0.00069688
6736 4658 0.97744
4660 4661 0.022873
7221 4661 0.022873
4662 4663 0.0022315
6739 4663 0.0022315
2646 4664 0.89071
5774 4664 0.89071
5775 4664 0.89071
4664 4666 0.019227
4665 4666 0.019227
3341 4683 0.022872
3346 4683 0.022872
4684 4683 0.022872
2327 4707 0.00095177
4708 4707 0.00095177
5968 4707 0.00095177
3189 4708 0.00013991
4707 4708 0.00013991
5981 4708 0.00013991
7130 4708 0.00013991
1537 4709 0.00068422
4710 4709 0.00068422
4788 4787 0.00017392
6408 4787 0.00017392
6409 4787 0.00017392
996 4789 0.0001574
3119 4789 0.0001574
4790 4789 0.0001574
6237 4789 0.0001574
4789 4790 0.00016042
6240 4790 0.00016042
6365 4790 0.00016042
986 4801 0.00029157
2895 4801 0.00029157
4802 4801 0.00029157
569 4805 0.00019415
4806 4805 0.00019415
5884 4805 0.00019415
5064 5063 0.00030439
5240 5063 0.00030439
4659 5064 0.0015388
5065 5064 0.0015388
3792 5065 0.0015383
5067 5066 0.015989
6033 5066 0.015989
5068 5067 0.016484
6463 5067 0.016484
853 5068 0.02745
1809 5068 0.02745
5087 5086 0.0013101
5271 5086 0.0013101
1129 5087 0.0011016
3963 5087 0.0011016
7272 5088 0.0005495
7274 5088 0.0005495
5090 5089 0.00036801
5091 5090 0.00036833
5838 5090 0.00036833
1128 5091 0.00025393
5092 5091 0.00025393
5093 5092 0.00025226
5088 5093 0.0034402
5094 5093 0.0034402
1126 5094 0.0028907
2348 5238 0.00095938
5239 5238 0.00095938
5739 5238 0.00095938
5064 5241 0.001256
5240 5241 0.001256
4597 5251 0.00030215
5250 5251 0.00030215
5253 5251 0.00030215
734 5253 0.00029067
2879 5253 0.00029067
5252 5253 0.00029067
3638 5267 0.00035036
3640 5267 0.00035036
5268 5267 0.00035036
3138 5268 0.016627
5832 5268 0.016627
6422 5268 0.016627
3122 5269 0.014128
5270 5269 0.014128
6233 5269 0.014128
2753 5270 0.01086
3327 5270 0.01086
5237 5270 0.01086
3964 5271 0.0002086
6738 5271 0.0002086
5390 5389 0.00011687
5877 5389 0.00011687
5992 5389 0.00011687
1512 5392 0.00011688
5391 5392 0.00011688
5876 5392 0.00011688
5063 5395 0.00030301
3791 5396 0.64434
3793 5397 0.33464
5993 5397 0.33464
7115 5397 0.33464
3105 5398 0.00028066
5399 5398 0.00028066
5963 5398 0.00028066
3085 5399 0.00040028
3088 5399 0.00040028
5398 5399 0.00040028
738 5576 0.00059832
2913 5576 0.00059832
5577 5576 0.00059832
5576 5578 0.00059817
5579 5578 0.00059817
3898 5580 0.004781
5581 5580 0.004781
5935 5580 0.004781
5578 5582 0.00059799
5583 5582 0.00059799
5584 5582 0.00059799
5666 5662 0.038244
5667 5662 0.038244
4658 5663 0.065956
4658 5664 0.91149
4657 5666 0.066482
5663 5666 0.066482
5665 5666 0.066482
5666 5668 0.028285
5667 5668 0.028285
2350 5670 0.00012121
5671 5670 0.00012121
5836 5670 0.00012121
3090 5674 0.011471
5675 5674 0.011471
5676 5674 0.011471
7150 5674 0.011471
2279 5675 0.031161
5674 5675 0.031161
7273 5675 0.031161
5677 5676 0.00060717
5678 5676 0.00060717
5962 5676 0.00060717
3090 5677 0.00015574
5675 5677 0.00015574
5676 5677 0.00015574
7150 5677 0.00015574
3094 5680 0.0035772
5681 5680 0.0035772
5683 5680 0.0035772
428 5681 0.0011774
429 5681 0.0011774
3089 5681 0.0011774
5680 5681 0.0011774
3094 5682 0.0011775
5681 5682 0.0011775
5683 5682 0.0011775
1975 5683 0.0035772
3091 5683 0.0035772
5682 5683 0.0035772
5693 5683 0.0035772
1975 5692 0.00046375
3091 5692 0.00046375
5682 5692 0.00046375
5693 5692 0.00046375
432 5693 0.0092981
5692 5693 0.0092981
5241 5739 0.0012699
5738 5739 0.0012699
7218 5739 0.0012699
4205 5743 0.00015746
5741 5743 0.00015746
5742 5743 0.00015746
4213 5745 0.00022585
5743 5745 0.00022585
5744 5745 0.00022585
1658 5746 0.00042931
5747 5746 0.00042931
5907 5746 0.00042931
5984 5746 0.00042931
4601 5764 0.0066545
5066 5764 0.0066545
853 5765 1.0001
1809 5765 1.0001
6822 5766 1.0001
580 5767 0.00032238
5765 5767 0.00032238
5768 5767 0.00032238
2190 5768 0.00037288
5767 5768 0.00037288
6464 5768 0.00037288
558 5769 0.99382
5766 5769 0.99382
6474 5769 0.99382
1779 5770 0.99797
3663 5770 0.99797
5769 5770 0.99797
4664 5771 0.87157
4665 5771 0.87157
6467 5772 0.00017796
2646 5773 0.10322
5774 5773 0.10322
5775 5773 0.10322
5773 5774 0.0011075
5880 5774 0.0011075
5776 5775 0.0020201
6468 5775 0.0020201
2646 5776 0.0001628
5774 5776 0.0001628
5775 5776 0.0001628
5780 5779 0.0017338
5781 5779 0.0017338
5786 5779 0.0017338
2632 5781 0.001882
5782 5781 0.001882
5883 5781 0.001882
5886 5781 0.001882
4175 5783 0.00016186
4176 5783 0.00016186
5784 5783 0.00016186
5785 5783 0.00016186
5780 5785 0.00017421
5781 5785 0.00017421
5786 5785 0.00017421
5783 5787 0.00021351
5788 5787 0.00021351
5796 5787 0.00021351
5790 5789 0.00036302
5791 5789 0.00036302
5932 5789 0.00036302
5969 5789 0.00036302
5792 5791 0.00058774
5891 5791 0.00058774
5894 5791 0.00058774
5790 5792 0.00031804
5791 5792 0.00031804
5932 5792 0.00031804
5969 5792 0.00031804
5794 5793 0.00084635
5931 5793 0.00084635
5795 5794 0.00037102
5887 5794 0.00037102
5890 5794 0.00037102
5794 5795 0.00031969
5931 5795 0.00031969
4172 5796 0.00016411
5797 5796 0.00016411
3335 5822 0.0010981
5823 5822 0.0010981
5831 5822 0.0010981
6967 5822 0.0010981
5822 5823 0.00051596
6963 5823 0.00051596
7102 5823 0.00051596
7104 5823 0.00051596
5825 5824 0.00024689
5826 5824 0.00024689
5830 5824 0.00024689
5824 5825 0.0009637
6964 5825 0.0009637
7100 5825 0.0009637
3335 5830 0.00026011
5823 5830 0.00026011
5831 5830 0.00026011
6967 5830 0.00026011
5825 5831 0.00094035
5826 5831 0.00094035
5830 5831 0.00094035
2352 5832 0.019644
2355 5832 0.019644
5269 5832 0.019644
5837 5838 0.00012491
6927 5838 0.00012491
7069 5838 0.00012491
7112 5838 0.00012491
5389 5876 0.00011688
5875 5876 0.00011688
5994 5876 0.00011688
5773 5879 0.10322
5880 5879 0.10322
5879 5880 0.0011075
5882 5880 0.0011075
5879 5881 0.10322
5882 5881 0.10322
5771 5882 0.0011075
5881 5882 0.0011075
2632 5884 0.00016005
5782 5884 0.00016005
5883 5884 0.00016005
5886 5884 0.00016005
2632 5885 0.0054625
5782 5885 0.0054625
5883 5885 0.0054625
5886 5885 0.0054625
4181 5887 0.006383
4182 5887 0.006383
5885 5887 0.006383
5888 5887 0.006383
5795 5888 0.00012753
5887 5888 0.00012753
5890 5888 0.00012753
5795 5889 0.0063509
5887 5889 0.0063509
5890 5889 0.0063509
4163 5890 0.00014677
4164 5890 0.00014677
5889 5890 0.00014677
5892 5890 0.00014677
4163 5891 0.0081279
4164 5891 0.0081279
5889 5891 0.0081279
5892 5891 0.0081279
5792 5893 0.0078532
5891 5893 0.0078532
5894 5893 0.0078532
2329 5895 0.014219
5896 5895 0.014219
7254 5895 0.014219
7258 5895 0.014219
942 5897 0.014855
945 5897 0.014855
5898 5897 0.014855
7252 5897 0.014855
5897 5899 0.014682
5900 5899 0.014682
5983 5899 0.014682
5899 5901 0.015048
5902 5901 0.015048
5910 5901 0.015048
1655 5903 0.015637
5745 5903 0.015637
5901 5903 0.015637
5904 5903 0.015637
4201 5910 0.00042757
4208 5910 0.00042757
4209 5910 0.00042757
5909 5910 0.00042757
5787 5913 0.00021351
5914 5913 0.00021351
5915 5913 0.00021351
4189 5917 0.009875
4190 5917 0.009875
5918 5917 0.009875
5917 5919 0.00077372
5920 5919 0.00077372
5978 5919 0.00077372
4192 5920 0.00041727
5919 5920 0.00041727
5980 5920 0.00041727
4185 5921 0.0023454
4186 5921 0.0023454
5922 5921 0.0023454
5921 5922 0.00038647
5924 5922 0.00038647
5973 5922 0.00038647
5921 5923 0.001895
5924 5923 0.001895
5973 5923 0.001895
4167 5924 0.00044053
4168 5924 0.00044053
5923 5924 0.00044053
5926 5924 0.00044053
4167 5925 0.0012793
4168 5925 0.0012793
5923 5925 0.0012793
5926 5925 0.0012793
5925 5926 0.00029815
5976 5926 0.00029815
5979 5926 0.00029815
4183 5927 0.0021466
4184 5927 0.0021466
5928 5927 0.0021466
5927 5928 0.00029123
5930 5928 0.00029123
5974 5928 0.00029123
5927 5929 0.0025775
5930 5929 0.0025775
5974 5929 0.0025775
4165 5930 0.00021774
4166 5930 0.00021774
5929 5930 0.00021774
5972 5930 0.00021774
4179 5931 0.00079502
4180 5931 0.00079502
4170 5932 0.00086555
4173 5932 0.00086555
5933 5932 0.00086555
1468 5935 0.0047809
5934 5935 0.0047809
3135 5949 0.00018672
5948 5949 0.00018672
5953 5949 0.00018672
5952 5953 0.00042886
6378 5953 0.00042886
6379 5953 0.00042886
3105 5962 0.00058222
5399 5962 0.00058222
5963 5962 0.00058222
5677 5963 0.0001542
5678 5963 0.0001542
5962 5963 0.0001542
3086 5965 0.00041171
5668 5965 0.00041171
5964 5965 0.00041171
5790 5968 0.00083782
5791 5968 0.00083782
5932 5968 0.00083782
5969 5968 0.00083782
4165 5971 0.0020547
4166 5971 0.0020547
5929 5971 0.0020547
5972 5971 0.0020547
2331 5972 0.0001631
4196 5972 0.0001631
5971 5972 0.0001631
7256 5972 0.0001631
5927 5973 0.00039184
5930 5973 0.00039184
5974 5973 0.00039184
5921 5974 0.00089624
5924 5974 0.00089624
5973 5974 0.00089624
5925 5975 0.0017767
5976 5975 0.0017767
5979 5975 0.0017767
2330 5976 0.00017815
2333 5976 0.00017815
5975 5976 0.00017815
5917 5977 0.0096661
5920 5977 0.0096661
5978 5977 0.0096661
2334 5978 0.00017184
2337 5978 0.00017184
5977 5978 0.00017184
7152 5978 0.00017184
4192 5979 0.00088135
5919 5979 0.00088135
5980 5979 0.00088135
5925 5980 0.00026396
5976 5980 0.00026396
5979 5980 0.00026396
5789 5981 0.00053185
5911 5981 0.00053185
5913 5981 0.00053185
5982 5981 0.00053185
1658 5983 0.00011711
5747 5983 0.00011711
5907 5983 0.00011711
5984 5983 0.00011711
5897 5984 0.00029431
5900 5984 0.00029431
5983 5984 0.00029431
2349 5985 0.016272
5903 5985 0.016272
5986 5985 0.016272
7105 5985 0.016272
1786 5990 0.00024683
1787 5990 0.00024683
5989 5990 0.00024683
5392 5992 0.00011687
5393 5992 0.00011687
5991 5992 0.00011687
5389 5993 0.0001318
5875 5993 0.0001318
5994 5993 0.0001318
3793 5994 0.0001318
5993 5994 0.0001318
7115 5994 0.0001318
4541 6033 0.011304
6034 6033 0.011304
5068 6034 0.011304
6463 6034 0.011304
557 6038 0.001919
6037 6038 0.001919
6465 6038 0.001919
6107 6108 0.00015579
6110 6108 0.00015579
6114 6108 0.00015579
3145 6110 0.00014741
3148 6110 0.00014741
3911 6110 0.00014741
6109 6110 0.00014741
3139 6111 0.00010166
3910 6111 0.00010166
6112 6111 0.00010166
548 6225 0.00040531
6226 6225 0.00040531
6227 6225 0.00040531
6230 6225 0.00040531
3333 6226 0.00016701
3336 6226 0.00016701
6225 6226 0.00016701
548 6228 0.0037378
6226 6228 0.0037378
6227 6228 0.0037378
6230 6228 0.0037378
548 6229 0.00029942
6226 6229 0.00029942
6227 6229 0.00029942
6230 6229 0.00029942
6229 6230 0.0021895
6979 6230 0.0021895
7063 6230 0.0021895
4020 6231 0.003299
6232 6231 0.003299
6351 6231 0.003299
6231 6233 0.0033418
6234 6233 0.0033418
6354 6233 0.0033418
2071 6237 0.000589
6238 6237 0.000589
6239 6237 0.000589
996 6238 0.00053991
3119 6238 0.00053991
4790 6238 0.00053991
6237 6238 0.00053991
4789 6239 0.00014055
6240 6239 0.00014055
6365 6239 0.00014055
2071 6240 0.00016853
6238 6240 0.00016853
6239 6240 0.00016853
1751 6278 0.0017768
4538 6278 0.0017768
6275 6278 0.0017768
6277 6278 0.0017768
950 6351 0.00028724
6352 6351 0.00028724
6353 6351 0.00028724
6356 6351 0.00028724
4020 6352 0.00021894
6232 6352 0.00021894
6351 6352 0.00021894
2354 6353 0.00014354
2357 6353 0.00014354
948 6354 0.00017485
951 6354 0.00017485
6355 6354 0.00017485
6231 6355 0.00015041
6234 6355 0.00015041
6354 6355 0.00015041
6357 6356 0.00017008
6361 6356 0.00017008
950 6357 0.00022087
6352 6357 0.00022087
6353 6357 0.00022087
6356 6357 0.00022087
995 6358 0.0001853
6359 6358 0.0001853
6360 6358 0.0001853
3907 6359 0.0029807
4019 6359 0.0029807
6228 6359 0.0029807
6358 6359 0.0029807
995 6361 0.0031364
6359 6361 0.0031364
6360 6361 0.0031364
6357 6362 0.0031208
6361 6362 0.0031208
6363 6364 0.0002721
6943 6364 0.0002721
7165 6364 0.0002721
4789 6366 0.00010559
6240 6366 0.00010559
6365 6366 0.00010559
2364 6368 0.00011238
2367 6368 0.00011238
6366 6368 0.00011238
6367 6368 0.00011238
3117 6370 0.00010204
5957 6370 0.00010204
6368 6370 0.00010204
6369 6370 0.00010204
3140 6371 0.00013111
6372 6371 0.00013111
6373 6371 0.00013111
6407 6371 0.00013111
2078 6372 0.0020741
2358 6372 0.0020741
2361 6372 0.0020741
6371 6372 0.0020741
3140 6374 0.0017046
6372 6374 0.0017046
6373 6374 0.0017046
6407 6374 0.0017046
3143 6376 0.0014552
3146 6376 0.0014552
6374 6376 0.0014552
6375 6376 0.0014552
6376 6378 0.00091589
6377 6378 0.00091589
6417 6378 0.00091589
5952 6380 0.00051748
6378 6380 0.00051748
6379 6380 0.00051748
2362 6396 0.00014382
2365 6396 0.00014382
6395 6396 0.00014382
6111 6398 0.00010645
6396 6398 0.00010645
6397 6398 0.00010645
6406 6398 0.00010645
4788 6407 0.00011497
6408 6407 0.00011497
6409 6407 0.00011497
3140 6408 0.00032339
6372 6408 0.00032339
6373 6408 0.00032339
6407 6408 0.00032339
6364 6409 0.00014753
6410 6409 0.00014753
6411 6409 0.00014753
4788 6410 0.00020154
6408 6410 0.00020154
6409 6410 0.00020154
6364 6412 0.00028622
6410 6412 0.00028622
6411 6412 0.00028622
5834 6414 0.00028622
6412 6414 0.00028622
6413 6414 0.00028622
3142 6416 0.00058912
6414 6416 0.00058912
6415 6416 0.00058912
6376 6418 0.00057113
6377 6418 0.00057113
6417 6418 0.00057113
6416 6420 0.0011399
6418 6420 0.0011399
6419 6420 0.0011399
3138 6421 0.00037878
5832 6421 0.00037878
6422 6421 0.00037878
3304 6422 0.0010364
6420 6422 0.0010364
6421 6422 0.0010364
275 6427 0.0015442
278 6427 0.0015442
6428 6427 0.0015442
5736 6429 0.0015442
6427 6429 0.0015442
6430 6429 0.0015442
570 6431 0.0014702
6429 6431 0.0014702
6432 6431 0.0014702
4805 6433 0.0016585
6431 6433 0.0016585
6434 6433 0.0016585
981 6435 0.0030644
5779 6435 0.0030644
6433 6435 0.0030644
6436 6435 0.0030644
2190 6463 0.00033856
5767 6463 0.00033856
6464 6463 0.00033856
6747 6464 0.00038907
2749 6465 0.00028004
4599 6465 0.00028004
2642 6467 0.00018944
2643 6467 0.00018944
4191 6468 0.0020579
4666 6468 0.0020579
6469 6468 0.0020579
1804 6474 0.0020963
2284 6474 0.0020963
6475 6474 0.0020963
558 6475 0.0064744
5766 6475 0.0064744
6474 6475 0.0064744
4523 6550 0.022271
4526 6550 0.022271
6551 6550 0.022271
114 6551 0.042737
422 6551 0.042737
423 6551 0.042737
6550 6551 0.042737
4525 6552 0.020186
6553 6552 0.020186
6577 6552 0.020186
112 6553 0.063527
424 6553 0.063527
425 6553 0.063527
6552 6553 0.063527
92 6568 0.015506
4557 6568 0.015506
6569 6568 0.015506
88 6569 0.0058892
90 6569 0.0058892
773 6569 0.0058892
6568 6569 0.0058892
1574 6570 0.13829
1577 6570 0.13829
6571 6570 0.13829
404 6571 0.0021936
405 6571 0.0021936
6570 6571 0.0021936
6573 6571 0.0021936
404 6572 0.139
405 6572 0.139
6570 6572 0.139
6573 6572 0.139
1580 6573 0.0035206
1583 6573 0.0035206
6572 6573 0.0035206
6575 6573 0.0035206
1580 6574 0.11097
1583 6574 0.11097
6572 6574 0.11097
6575 6574 0.11097
776 6575 0.0007854
6574 6575 0.0007854
4525 6576 0.10905
6553 6576 0.10905
6577 6576 0.10905
86 6577 0.010177
89 6577 0.010177
6576 6577 0.010177
282 6705 0.0018278
1741 6705 0.0018278
6704 6705 0.0018278
4218 6707 0.0014431
6706 6707 0.0014431
6724 6707 0.0014431
5776 6716 0.0002006
6468 6716 0.0002006
2638 6717 0.99097
4215 6724 0.00073341
6725 6724 0.00073341
6726 6727 0.00073769
7153 6727 0.00073769
6879 6736 0.97744
3964 6739 0.0022315
6738 6739 0.0022315
557 6747 0.00038907
6037 6747 0.00038907
6465 6747 0.00038907
2987 6814 0.99976
6815 6814 0.99976
3037 6816 0.99976
6817 6816 0.99976
580 6822 1.0001
5765 6822 1.0001
5768 6822 1.0001
5093 6875 0.0031879
6875 6876 0.0031879
5662 6878 0.94973
5664 6878 0.94973
3792 6879 0.97744
4228 6894 0.0031401
4229 6894 0.0031401
6893 6894 0.0031401
4223 6895 0.0032407
6896 6895 0.0032407
7081 6895 0.0032407
6939 6938 0.00017049
7067 6938 0.00017049
7163 6938 0.00017049
7164 6938 0.00017049
6938 6939 0.00010022
6941 6939 0.00010022
6949 6939 0.00010022
6940 6941 0.00013788
6942 6941 0.00013788
6945 6941 0.00013788
6947 6941 0.00013788
6363 6942 0.00013788
6943 6942 0.00013788
7165 6942 0.00013788
6938 6948 0.00021877
6941 6948 0.00021877
6949 6948 0.00021877
6948 6952 0.00021877
6950 6952 0.00021877
6953 6952 0.00021877
5824 6963 0.00092546
6964 6963 0.00092546
7100 6963 0.00092546
5822 6964 0.00093056
6963 6964 0.00093056
7102 6964 0.00093056
7104 6964 0.00093056
3335 6968 0.00047239
5823 6968 0.00047239
5831 6968 0.00047239
6967 6968 0.00047239
6969 6971 0.0013156
6972 6971 0.0013156
6975 6971 0.0013156
7066 6971 0.0013156
6971 6972 0.00058635
6974 6972 0.00058635
7064 6972 0.00058635
6971 6973 0.0014625
6974 6973 0.0014625
7064 6973 0.0014625
6973 6974 0.0011847
6976 6974 0.0011847
6978 6974 0.0011847
6973 6975 0.0023991
6976 6975 0.0023991
6978 6975 0.0023991
6969 6976 0.00045433
6972 6976 0.00045433
6975 6976 0.00045433
7066 6976 0.00045433
6973 6977 0.0011034
6976 6977 0.0011034
6978 6977 0.0011034
3320 6978 0.0027703
6977 6978 0.0027703
7096 6978 0.0027703
6980 6979 0.001879
7065 6979 0.001879
7098 6979 0.001879
6229 6980 0.00044035
6979 6980 0.00044035
7063 6980 0.00044035
6982 6981 0.00029259
6984 6981 0.00029259
6986 6981 0.00029259
6982 6983 0.00021512
6984 6983 0.00021512
6986 6983 0.00021512
3318 6984 0.00054486
6983 6984 0.00054486
7092 6984 0.00054486
6982 6985 0.00033379
6984 6985 0.00033379
6986 6985 0.00033379
6985 6986 0.00023568
6988 6986 0.00023568
6989 6986 0.00023568
6985 6987 0.0004824
6988 6987 0.0004824
6989 6987 0.0004824
6987 6988 0.00015266
6992 6988 0.00015266
6994 6988 0.00015266
6981 6989 0.00029259
6990 6989 0.00029259
6987 6991 0.00039663
6992 6991 0.00039663
6994 6991 0.00039663
6987 6993 0.00026096
6992 6993 0.00026096
6994 6993 0.00026096
6993 6994 0.00027651
6996 6994 0.00027651
6998 6994 0.00027651
7001 6994 0.00027651
6993 6995 0.00012211
6996 6995 0.00012211
6998 6995 0.00012211
7001 6995 0.00012211
6991 6996 0.00034288
6995 6996 0.00034288
7000 6996 0.00034288
6993 6997 0.00050069
6996 6997 0.00050069
6998 6997 0.00050069
7001 6997 0.00050069
6997 6998 0.00017095
7090 6998 0.00017095
7091 6998 0.00017095
6991 6999 0.00014714
6995 6999 0.00014714
7000 6999 0.00014714
6999 7001 0.00014714
7002 7001 0.00014714
7004 7001 0.00014714
3316 7006 0.00014804
7005 7006 0.00014804
7008 7006 0.00014804
7088 7006 0.00014804
7016 7017 0.0017742
7019 7017 0.0017742
7026 7017 0.0017742
7016 7018 0.00010989
7019 7018 0.00010989
7026 7018 0.00010989
7021 7020 0.014114
7023 7020 0.014114
7025 7020 0.014114
7036 7020 0.014114
7020 7021 0.0092005
7032 7021 0.0092005
7035 7021 0.0092005
7021 7022 0.010457
7023 7022 0.010457
7025 7022 0.010457
7036 7022 0.010457
7022 7023 0.0054929
7029 7023 0.0054929
7031 7023 0.0054929
7033 7023 0.0054929
7021 7024 0.013749
7023 7024 0.013749
7025 7024 0.013749
7036 7024 0.013749
7024 7025 0.015586
7027 7025 0.015586
7077 7025 0.015586
7080 7025 0.015586
7024 7026 0.0018532
7027 7026 0.0018532
7077 7026 0.0018532
7080 7026 0.0018532
7022 7030 0.0010405
7029 7030 0.0010405
7031 7030 0.0010405
7033 7030 0.0010405
1230 7031 0.013388
7030 7031 0.013388
7078 7031 0.013388
7022 7032 0.018774
7029 7032 0.018774
7031 7032 0.018774
7033 7032 0.018774
7020 7033 0.0014628
7032 7033 0.0014628
7035 7033 0.0014628
7020 7034 0.024586
7032 7034 0.024586
7035 7034 0.024586
7034 7035 0.0023614
7037 7035 0.0023614
7039 7035 0.0023614
7034 7036 0.016537
7037 7036 0.016537
7039 7036 0.016537
7021 7037 0.0084973
7023 7037 0.0084973
7025 7037 0.0084973
7036 7037 0.0084973
7034 7038 0.021804
7037 7038 0.021804
7039 7038 0.021804
7038 7039 0.0076189
7041 7039 0.0076189
7043 7039 0.0076189
7038 7040 0.021798
7041 7040 0.021798
7043 7040 0.021798
1227 7041 0.0076551
7040 7041 0.0076551
7075 7041 0.0076551
7079 7041 0.0076551
6971 7063 0.0012622
6974 7063 0.0012622
7064 7063 0.0012622
6229 7064 0.00081074
6979 7064 0.00081074
7063 7064 0.00081074
6969 7065 0.0016949
6972 7065 0.0016949
6975 7065 0.0016949
7066 7065 0.0016949
6980 7066 0.00047942
7065 7066 0.00047942
7098 7066 0.00047942
2342 7073 0.0031421
7057 7073 0.0031421
7074 7073 0.0031421
1653 7075 0.015694
7054 7075 0.015694
7076 7075 0.015694
1227 7076 0.0065962
7040 7076 0.0065962
7075 7076 0.0065962
7079 7076 0.0065962
1230 7077 0.0010405
7030 7077 0.0010405
7078 7077 0.0010405
7024 7078 0.013388
7027 7078 0.013388
7077 7078 0.013388
7080 7078 0.013388
7024 7079 0.0081291
7027 7079 0.0081291
7077 7079 0.0081291
7080 7079 0.0081291
1227 7080 0.024161
7040 7080 0.024161
7075 7080 0.024161
7079 7080 0.024161
4811 7081 0.00010989
7018 7081 0.00010989
7082 7081 0.00010989
6895 7083 0.0050046
7017 7083 0.0050046
7084 7083 0.0050046
3316 7087 0.00070588
7005 7087 0.00070588
7008 7087 0.00070588
7088 7087 0.00070588
6997 7089 0.00018559
7090 7089 0.00018559
7091 7089 0.00018559
3317 7090 0.00032353
5238 7090 0.00032353
7089 7090 0.00032353
3318 7091 0.00028866
6983 7091 0.00028866
7092 7091 0.00028866
6997 7092 0.00075634
7090 7092 0.00075634
7091 7092 0.00075634
547 7093 0.00030612
2073 7093 0.00030612
7094 7093 0.00030612
3319 7094 0.0096382
5985 7094 0.0096382
7093 7094 0.0096382
7095 7094 0.0096382
3320 7095 0.0001383
6977 7095 0.0001383
7096 7095 0.0001383
3319 7096 0.0072151
5985 7096 0.0072151
7093 7096 0.0072151
7095 7096 0.0072151
6980 7097 0.0010686
7065 7097 0.0010686
7098 7097 0.0010686
3321 7098 0.0012917
3322 7098 0.0012917
7097 7098 0.0012917
5824 7099 0.00075119
6964 7099 0.00075119
7100 7099 0.00075119
3325 7100 0.0014629
3326 7100 0.0014629
7099 7100 0.0014629
6965 7102 0.00047239
6968 7102 0.00047239
7101 7102 0.00047239
5822 7103 0.0017094
6963 7103 0.0017094
7102 7103 0.0017094
7104 7103 0.0017094
3323 7104 0.00075937
3324 7104 0.00075937
7103 7104 0.00075937
6961 7105 0.00029465
7106 7105 0.00029465
7107 7105 0.00029465
2346 7107 0.00029465
6960 7107 0.00029465
7108 7107 0.00029465
5954 7112 0.00012491
6370 7112 0.00012491
6388 7112 0.00012491
7111 7112 0.00012491
3795 7115 0.032295
7117 7116 0.97369
1226 7117 0.97369
1536 7117 0.97369
4200 7117 0.97369
727 7127 0.00027155
731 7127 0.00027155
7126 7127 0.00027155
3189 7131 0.0013688
4707 7131 0.0013688
5981 7131 0.0013688
7130 7131 0.0013688
1576 7148 0.0027876
7149 7148 0.0027876
416 7149 0.1353
3096 7149 0.1353
7148 7149 0.1353
3087 7150 0.027834
7151 7150 0.027834
2334 7153 0.00073769
2337 7153 0.00073769
5977 7153 0.00073769
7152 7153 0.00073769
6952 7160 0.00027112
7161 7160 0.00027112
7162 7160 0.00027112
2356 7161 0.00050041
2359 7161 0.00050041
6362 7161 0.00050041
7160 7161 0.00050041
6939 7162 0.00010923
7067 7162 0.00010923
7163 7162 0.00010923
7164 7162 0.00010923
6952 7163 0.00052291
7161 7163 0.00052291
7162 7163 0.00052291
6939 7165 0.00039386
7067 7165 0.00039386
7163 7165 0.00039386
7164 7165 0.00039386
3397 7214 0.00027935
7215 7214 0.00027935
7214 7216 0.00027935
7217 7216 0.00027935
3353 7221 0.022873
3355 7221 0.022873
7220 7221 0.022873
1572 7222 0.0039543
7223 7222 0.0039543
7222 7223 0.00036472
7225 7223 0.00036472
7222 7224 0.0039543
7225 7224 0.0039543
408 7225 0.00036472
1575 7225 0.00036472
7224 7225 0.00036472
3401 7244 0.00027935
7245 7244 0.00027935
270 7247 0.00027923
6049 7247 0.00027923
7246 7247 0.00027923
1232 7248 0.0053784
7249 7248 0.0053784
1235 7251 0.0053788
7248 7251 0.0053788
7250 7251 0.0053788
5895 7252 0.014219
7253 7252 0.014219
5893 7254 0.0078532
7255 7254 0.0078532
2328 7256 0.00010093
7257 7256 0.00010093
2331 7257 0.0065509
4196 7257 0.0065509
5971 7257 0.0065509
7256 7257 0.0065509
2326 7258 0.00059725
7259 7258 0.00059725
2329 7259 0.00062253
5896 7259 0.00062253
7254 7259 0.00062253
7258 7259 0.00062253
954 7263 0.00021608
3618 7263 0.00021608
7260 7263 0.00021608
7262 7263 0.00021608
2279 7272 0.00048896
5674 7272 0.00048896
7273 7272 0.00048896
7272 7273 0.00097824
7274 7273 0.00097824
1127 7274 0.0010388
3095 7274 0.0010388
3098 7274 0.0010388
