88 87 0.0004496
90 87 0.0004496
773 87 0.0004496
6568 87 0.0004496
92 91 0.00060605
4557 91 0.00060605
6569 91 0.00060605
98 97 0.024786
3704 97 0.024786
3705 97 0.024786
97 98 0.0013068
412 98 0.0013068
6566 98 0.0013068
110 109 0.022086
5717 109 0.022086
6560 109 0.022086
109 110 0.04828
782 110 0.04828
784 110 0.04828
118 117 0.00057712
3219 117 0.00057712
5730 117 0.00057712
134 133 0.00044594
3708 133 0.00044594
3709 133 0.00044594
133 134 0.012257
3052 134 0.012257
309 310 0.0016694
2145 310 0.0016694
5494 310 0.0016694
97 411 0.024786
412 411 0.024786
6566 411 0.024786
411 412 0.0013068
3734 412 0.0013068
3735 412 0.0013068
416 415 0.00016505
3096 415 0.00016505
7148 415 0.00016505
414 418 0.00013652
415 418 0.00013652
417 418 0.00013652
428 427 0.00026859
429 427 0.00026859
3089 427 0.00026859
5680 427 0.00026859
427 432 0.00040919
431 432 0.00040919
3097 432 0.00040919
554 553 0.006212
1525 553 0.006212
2824 553 0.006212
553 554 0.60834
3702 554 0.60834
3703 554 0.60834
5260 723 0.047488
723 724 0.033964
6920 724 0.033964
774 773 0.00051627
775 773 0.00051627
776 775 0.00051627
6574 775 0.00051627
109 781 0.022086
782 781 0.022086
784 781 0.022086
781 782 0.04828
3700 782 0.04828
3701 782 0.04828
432 1127 0.0014103
5692 1127 0.0014103
5462 1312 0.0014317
6768 1312 0.0014317
1521 1520 0.084971
6558 1520 0.084971
6561 1520 0.084971
1520 1521 0.0056419
1523 1521 0.0056419
2825 1521 0.0056419
1520 1522 0.062974
1523 1522 0.062974
2825 1522 0.062974
1522 1523 0.018983
2821 1523 0.018983
2827 1523 0.018983
554 1524 0.64135
1525 1524 0.64135
2824 1524 0.64135
1524 1525 0.0038865
1968 1525 0.0038865
2820 1525 0.0038865
1527 1526 0.027177
1967 1526 0.027177
2822 1526 0.027177
1526 1527 0.0049294
2826 1527 0.0049294
1540 1541 0.00032212
4516 1541 0.00032212
5699 1541 0.00032212
6610 1541 0.00032212
1538 1542 0.0019964
1541 1542 0.0019964
1543 1542 0.0019964
5703 1542 0.0019964
1566 1568 0.01058
1569 1568 0.01058
5716 1568 0.01058
1568 1569 0.063715
1571 1569 0.063715
3699 1569 0.063715
1570 1571 0.87088
1573 1571 0.87088
3092 1571 0.87088
1570 1572 0.00064471
1573 1572 0.00064471
3092 1572 0.00064471
1572 1573 0.00084917
7223 1573 0.00084917
408 1574 0.00064471
1575 1574 0.00064471
7224 1574 0.00064471
1574 1575 0.00084917
1577 1575 0.00084917
6571 1575 0.00084917
1576 1577 0.0010756
7149 1577 0.0010756
1580 1581 0.00044069
1583 1581 0.00044069
6572 1581 0.00044069
6575 1581 0.00044069
1659 1660 0.00046553
3213 1660 0.00046553
4560 1660 0.00046553
1662 1661 0.00063283
3657 1661 0.00063283
3660 1661 0.00063283
1661 1662 0.0012306
1664 1662 0.0012306
6204 1662 0.0012306
1661 1663 0.00058433
1664 1663 0.00058433
6204 1663 0.00058433
1663 1665 0.00017069
1666 1665 0.00017069
6183 1665 0.00017069
1665 1667 0.00018357
1668 1667 0.00018357
6198 1667 0.00018357
1670 1669 0.00019528
6171 1669 0.00019528
7226 1669 0.00019528
1669 1671 0.00019528
1672 1671 0.00019528
6169 1671 0.00019528
1671 1673 0.0042333
1674 1673 0.0042333
3202 1673 0.0042333
1673 1674 0.00057659
3205 1674 0.00057659
6167 1674 0.00057659
1676 1675 0.0052918
2854 1675 0.0052918
3661 1675 0.0052918
1675 1676 0.00061181
3203 1676 0.00061181
6201 1676 0.00061181
1688 1687 0.00010573
4517 1687 0.00010573
6605 1687 0.00010573
1724 1723 0.00034804
3608 1723 0.00034804
4753 1723 0.00034804
1727 1728 0.0007125
1730 1728 0.0007125
4758 1728 0.0007125
1729 1730 0.00057052
4756 1730 0.00057052
6076 1730 0.00057052
1827 1826 0.00023386
2656 1826 0.00023386
4672 1826 0.00023386
1524 1967 0.015558
1968 1967 0.015558
2820 1967 0.015558
1527 1968 0.31186
1967 1968 0.31186
2822 1968 0.31186
1972 1971 0.31882
3706 1971 0.31882
3707 1971 0.31882
3736 1971 0.31882
1969 1972 0.00027265
1971 1972 0.00027265
2823 1972 0.00027265
1974 1973 0.00079352
6557 1973 0.00079352
1973 1974 0.0024074
3048 1974 0.0024074
1976 1975 0.86991
6155 1975 0.86991
6617 1975 0.86991
2135 2134 0.94589
2142 2134 0.94589
2400 2134 0.94589
2818 2134 0.94589
2134 2135 0.00020077
2137 2135 0.00020077
6215 2135 0.00020077
2134 2136 0.9086
2137 2136 0.9086
6215 2136 0.9086
2136 2137 0.00031396
2853 2137 0.00031396
3220 2137 0.00031396
6166 2137 0.00031396
2138 2139 0.012111
2816 2139 0.012111
2819 2139 0.012111
2143 2142 0.99818
2404 2142 0.99818
7285 2142 0.99818
2144 2145 0.0018333
7139 2145 0.0018333
724 2146 0.11457
2147 2146 0.11457
6794 2146 0.11457
2149 2148 0.080809
7287 2148 0.080809
2148 2149 0.00021198
6795 2149 0.00021198
2151 2150 0.12808
3649 2150 0.12808
3652 2150 0.12808
6823 2150 0.12808
549 2152 0.013933
2153 2152 0.013933
2864 2152 0.013933
6808 2152 0.013933
1312 2154 0.0018228
2155 2154 0.0018228
4673 2154 0.0018228
2135 2401 0.035961
2142 2401 0.035961
2400 2401 0.035961
2818 2401 0.035961
2401 2407 0.035961
2402 2407 0.035961
2406 2407 0.035961
2440 2442 0.00046305
2443 2442 0.00046305
5710 2442 0.00046305
5713 2442 0.00046305
2442 2443 0.0014713
2445 2443 0.0014713
5720 2443 0.0014713
2442 2444 0.00049096
2445 2444 0.00049096
5720 2444 0.00049096
2444 2445 0.0049142
6160 2445 0.0049142
6161 2445 0.0049142
2648 2647 0.99818
2649 2647 0.99818
7140 2647 0.99818
2650 2649 1
2651 2649 1
2654 2649 1
310 2656 0.0016587
2653 2656 0.0016587
2655 2656 0.0016587
2746 2745 0.00033025
5708 2745 0.00033025
5711 2745 0.00033025
6604 2745 0.00033025
2745 2746 0.00031078
2748 2746 0.00031078
4735 2746 0.00031078
2745 2747 0.00020948
2748 2747 0.00020948
4735 2747 0.00020948
2747 2748 0.00042367
3217 2748 0.00042367
4733 2748 0.00042367
1542 2808 0.0019964
2809 2808 0.0019964
2817 2816 0.0074396
6594 2816 0.0074396
2138 2817 0.011927
2816 2817 0.011927
2819 2817 0.011927
2138 2818 0.0072053
2816 2818 0.0072053
2819 2818 0.0072053
2135 2819 0.023803
2142 2819 0.023803
2400 2819 0.023803
2818 2819 0.023803
1522 2820 0.081105
2821 2820 0.081105
2827 2820 0.081105
1524 2821 0.014866
1968 2821 0.014866
2820 2821 0.014866
1969 2822 0.31882
1971 2822 0.31882
2823 2822 0.31882
1527 2823 0.00027265
1967 2823 0.00027265
2822 2823 0.00027265
1520 2824 0.059439
1523 2824 0.059439
2825 2824 0.059439
554 2825 0.024101
1525 2825 0.024101
2824 2825 0.024101
1522 2826 0.0049294
2821 2826 0.0049294
2827 2826 0.0049294
1526 2827 0.027177
2826 2827 0.027177
1676 2853 0.0062105
2854 2853 0.0062105
3661 2853 0.0062105
2136 2854 0.082629
2853 2854 0.082629
3220 2854 0.082629
6166 2854 0.082629
2828 2864 0.012111
2863 2864 0.012111
3612 2864 0.012111
2865 2866 0.0007175
6077 2866 0.0007175
6080 2866 0.0007175
1973 3047 0.00079352
3048 3047 0.00079352
3047 3048 0.0024074
6556 3048 0.0024074
6559 3048 0.0024074
133 3051 0.00044594
3052 3051 0.00044594
3051 3052 0.012257
3710 3052 0.012257
3711 3052 0.012257
3054 3053 0.00016616
3685 3053 0.00016616
1975 3092 0.87067
3091 3092 0.87067
5682 3092 0.87067
5693 3092 0.87067
3093 3094 0.0019964
5684 3094 0.0019964
1127 3096 0.0012274
3095 3096 0.0012274
3098 3096 0.0012274
1127 3097 0.00022508
3095 3097 0.00022508
3098 3097 0.00022508
1826 3150 0.00039141
3149 3150 0.00039141
3152 3150 0.00039141
3151 3152 0.00016409
3154 3152 0.00016409
5499 3152 0.00016409
5500 3152 0.00016409
1675 3202 0.0040444
3203 3202 0.0040444
6201 3202 0.0040444
1671 3203 0.00054472
1674 3203 0.00054472
3202 3203 0.00054472
1673 3204 0.0042333
3205 3204 0.0042333
6167 3204 0.0042333
3204 3205 0.00057659
6162 3205 0.00057659
6163 3205 0.00057659
3210 3211 0.00030031
6184 3211 0.00030031
6185 3211 0.00030031
1659 3212 0.0004279
3213 3212 0.0004279
4560 3212 0.0004279
3212 3213 0.00049498
3651 3213 0.00049498
3654 3213 0.00049498
3215 3214 0.0040507
5729 3214 0.0040507
6614 3214 0.0040507
3214 3215 0.00057376
6156 3215 0.00057376
7264 3215 0.00057376
2747 3216 0.00013304
3217 3216 0.00013304
4733 3216 0.00013304
3216 3217 0.00086319
5721 3217 0.00086319
5722 3217 0.00086319
118 3218 0.00022689
3219 3218 0.00022689
5730 3218 0.00022689
3218 3219 0.00049429
5727 3219 0.00049429
5728 3219 0.00049429
3221 3220 0.024638
6081 3220 0.024638
6213 3220 0.024638
6592 3220 0.024638
2136 3221 0.018397
2853 3221 0.018397
3220 3221 0.018397
6166 3221 0.018397
3607 3608 0.00035425
3610 3608 0.00035425
4757 3608 0.00035425
2866 3610 0.00052423
3609 3610 0.00052423
4755 3610 0.00052423
2830 3612 0.012111
3611 3612 0.012111
3614 3612 0.012111
2139 3614 0.012111
2140 3614 0.012111
3613 3614 0.012111
3212 3652 0.11417
3651 3652 0.11417
3654 3652 0.11417
3653 3654 0.11426
3656 3654 0.11426
6210 3654 0.11426
3653 3655 0.00015472
3656 3655 0.00015472
6210 3655 0.00015472
3655 3656 0.11112
3658 3656 0.11112
6205 3656 0.11112
3655 3657 0.00062067
3658 3657 0.00062067
6205 3657 0.00062067
1662 3658 0.11485
3657 3658 0.11485
3660 3658 0.11485
1662 3659 0.00091977
3657 3659 0.00091977
3660 3659 0.00091977
3659 3660 0.11455
3662 3660 0.11455
6218 3660 0.11455
3659 3661 0.005987
3662 3661 0.005987
6218 3661 0.005987
1676 3662 0.077725
2854 3662 0.077725
3661 3662 0.077725
3053 3684 0.00018081
3682 3684 0.00018081
3683 3684 0.00018081
3684 3685 0.00016616
3686 3685 0.00016616
3687 3685 0.00016616
3688 3687 0.00019165
3714 3687 0.00019165
3715 3687 0.00019165
3684 3688 0.00018866
3686 3688 0.00018866
3687 3688 0.00018866
1568 3700 0.8178
1571 3700 0.8178
3699 3700 0.8178
553 3701 0.00043998
3702 3701 0.00043998
3703 3701 0.00043998
781 3702 0.79198
3700 3702 0.79198
3701 3702 0.79198
98 3703 0.024943
3704 3703 0.024943
3705 3703 0.024943
553 3704 0.21436
3702 3704 0.21436
3703 3704 0.21436
1972 3705 0.0383
3706 3705 0.0383
3707 3705 0.0383
3736 3705 0.0383
98 3706 0.20424
3704 3706 0.20424
3705 3706 0.20424
134 3707 0.12981
3708 3707 0.12981
3709 3707 0.12981
1972 3708 0.0017007
3706 3708 0.0017007
3707 3708 0.0017007
3736 3708 0.0017007
3051 3709 0.11832
3710 3709 0.11832
3711 3709 0.11832
134 3710 0.0020306
3708 3710 0.0020306
3709 3710 0.0020306
2146 3711 0.12813
3712 3711 0.12813
4663 3711 0.12813
7113 3711 0.12813
3688 3713 0.00019967
3714 3713 0.00019967
3715 3713 0.00019967
3713 3714 0.00019205
6921 3714 0.00019205
7114 3714 0.00019205
87 3730 0.0005171
3728 3730 0.0005171
3729 3730 0.0005171
373 3732 0.00053341
3730 3732 0.00053341
3731 3732 0.00053341
91 3734 0.0011204
3732 3734 0.0011204
3733 3734 0.0011204
1972 3735 0.0013246
3706 3735 0.0013246
3707 3735 0.0013246
3736 3735 0.0013246
411 3736 0.025826
3734 3736 0.025826
3735 3736 0.025826
3951 3950 0.029336
6079 3950 0.029336
6082 3950 0.029336
3950 3951 0.00073649
6164 3951 0.00073649
6165 3951 0.00073649
4515 4516 0.00032146
5700 4516 0.00032146
6613 4516 0.00032146
1578 4557 0.00044069
1581 4557 0.00044069
4558 4557 0.00044069
3207 4560 0.00036811
4559 4560 0.00036811
4562 4560 0.00036811
3209 4562 0.00033906
3211 4562 0.00033906
4561 4562 0.00033906
1827 4671 0.0014317
2656 4671 0.0014317
4672 4671 0.0014317
3150 4673 0.00039141
4674 4673 0.00039141
7178 4673 0.00039141
4714 4713 0.00084671
4715 4713 0.00084671
4734 4713 0.00084671
4716 4715 0.00041248
4717 4715 0.00041248
4736 4715 0.00041248
4714 4716 0.00013749
4715 4716 0.00013749
4734 4716 0.00013749
4718 4717 0.00030572
4719 4717 0.00030572
5706 4717 0.00030572
5709 4717 0.00030572
4716 4718 0.00026437
4717 4718 0.00026437
4736 4718 0.00026437
3198 4719 0.00011884
4720 4719 0.00011884
4721 4719 0.00011884
2747 4734 0.00055597
3217 4734 0.00055597
4733 4734 0.00055597
2745 4736 0.0002964
2748 4736 0.0002964
4735 4736 0.0002964
2866 4756 0.00023172
3609 4756 0.00023172
4755 4756 0.00023172
3607 4758 0.00019522
3610 4758 0.00019522
4757 4758 0.00019522
777 4783 0.0002223
4784 4783 0.0002223
6149 4783 0.0002223
1685 4784 0.0067909
4783 4784 0.0067909
6151 4784 0.0067909
6154 4784 0.0067909
2149 5260 0.047488
7287 5260 0.047488
309 5495 0.00016409
2145 5495 0.00016409
5494 5495 0.00016409
35 5497 0.00016409
5495 5497 0.00016409
5496 5497 0.00016409
1313 5499 0.00016409
5497 5499 0.00016409
5498 5499 0.00016409
3094 5680 0.00027615
5681 5680 0.00027615
5683 5680 0.00027615
3094 5682 0.0020311
5681 5682 0.0020311
5683 5682 0.0020311
1975 5683 0.00027178
3091 5683 0.00027178
5682 5683 0.00027178
5693 5683 0.00027178
2808 5684 0.0019964
5685 5684 0.0019964
5686 5684 0.0019964
1975 5692 0.0013926
3091 5692 0.0013926
5682 5692 0.0013926
5693 5692 0.0013926
432 5693 0.00039144
5692 5693 0.00039144
1693 5703 0.0017378
5702 5703 0.0017378
5705 5703 0.0017378
5704 5705 0.0016564
5707 5705 0.0016564
5731 5705 0.0016564
6600 5705 0.0016564
4718 5707 0.001926
4719 5707 0.001926
5706 5707 0.001926
5709 5707 0.001926
2746 5709 0.0018907
5708 5709 0.0018907
5711 5709 0.0018907
6604 5709 0.0018907
2440 5711 0.0019918
2443 5711 0.0019918
5710 5711 0.0019918
5713 5711 0.0019918
1725 5713 0.0010192
1728 5713 0.0010192
5712 5713 0.0010192
5715 5713 0.0010192
1723 5715 0.00034716
4749 5715 0.00034716
5714 5715 0.00034716
110 5716 0.01058
5717 5716 0.01058
6560 5716 0.01058
1566 5717 0.063715
1569 5717 0.063715
5716 5717 0.063715
2442 5721 0.0035048
2445 5721 0.0035048
5720 5721 0.0035048
3216 5723 0.0027122
5721 5723 0.0027122
5722 5723 0.0027122
5723 5725 0.0027122
5724 5725 0.0027122
6606 5725 0.0027122
4713 5727 0.0034903
5725 5727 0.0034903
5726 5727 0.0034903
3215 5728 0.0002402
5729 5728 0.0002402
6614 5728 0.0002402
3218 5729 0.0034486
5727 5729 0.0034486
5728 5729 0.0034486
5704 5730 0.00034681
5707 5730 0.00034681
5731 5730 0.00034681
6600 5730 0.00034681
4747 6076 0.0004455
6075 6076 0.0004455
6078 6076 0.0004455
2865 6078 0.0004455
6077 6078 0.0004455
6080 6078 0.0004455
3951 6080 0.0011341
6079 6080 0.0011341
6082 6080 0.0011341
3951 6081 0.00021143
6079 6081 0.00021143
6082 6081 0.00021143
3221 6082 0.029861
6081 6082 0.029861
6213 6082 0.029861
6592 6082 0.029861
6150 6149 0.00018596
6616 6149 0.00018596
6619 6149 0.00018596
777 6150 0.0067545
4784 6150 0.0067545
6149 6150 0.0067545
6152 6151 0.00063624
6618 6151 0.00063624
6621 6151 0.00063624
1685 6152 0.014658
4783 6152 0.014658
6151 6152 0.014658
6154 6152 0.014658
1685 6153 0.00070631
4783 6153 0.00070631
6151 6153 0.00070631
6154 6153 0.00070631
6153 6154 0.021297
7267 6154 0.021297
3214 6155 0.84883
6156 6155 0.84883
7264 6155 0.84883
6158 6157 0.84535
7266 6157 0.84535
7268 6157 0.84535
2444 6159 0.86594
6160 6159 0.86594
6161 6159 0.86594
3204 6161 0.87037
6162 6161 0.87037
6163 6161 0.87037
3950 6163 0.86671
6164 6163 0.86671
6165 6163 0.86671
2136 6165 0.83864
2853 6165 0.83864
3220 6165 0.83864
6166 6165 0.83864
3950 6166 0.00052873
6164 6166 0.00052873
6165 6166 0.00052873
1663 6184 0.00043288
1666 6184 0.00043288
6183 6184 0.00043288
3210 6186 0.00014674
6184 6186 0.00014674
6185 6186 0.00014674
3201 6188 0.00014004
6186 6188 0.00014004
6187 6188 0.00014004
3208 6190 0.00010751
6188 6190 0.00010751
6189 6190 0.00010751
6176 6192 0.00010798
6190 6192 0.00010798
6191 6192 0.00010798
3206 6194 0.00010954
6192 6194 0.00010954
6193 6194 0.00010954
1680 6196 0.00011166
6194 6196 0.00011166
6195 6196 0.00011166
1678 6201 0.00011427
6202 6201 0.00011427
6203 6201 0.00011427
1675 6202 0.0012946
3203 6202 0.0012946
6201 6202 0.0012946
1661 6203 0.00011952
1664 6203 0.00011952
6204 6203 0.00011952
1678 6204 0.0012413
6202 6204 0.0012413
6203 6204 0.0012413
6206 6205 0.011647
6209 6205 0.011647
6211 6205 0.011647
3655 6206 0.014905
3658 6206 0.014905
6205 6206 0.014905
3653 6209 0.011647
3656 6209 0.011647
6210 6209 0.011647
6206 6210 0.014905
6209 6210 0.014905
6211 6210 0.014905
2407 6213 0.035961
2408 6213 0.035961
6214 6213 0.035961
6216 6215 0.0059881
6217 6215 0.0059881
6595 6215 0.0059881
2134 6216 0.043391
2137 6216 0.043391
6215 6216 0.043391
3659 6217 0.0047879
3662 6217 0.0047879
6218 6217 0.0047879
6216 6218 0.046678
6217 6218 0.046678
6595 6218 0.046678
1974 6556 0.0024074
6557 6556 0.0024074
3047 6557 0.00079352
6556 6557 0.00079352
6559 6557 0.00079352
3047 6558 0.0030637
6556 6558 0.0030637
6559 6558 0.0030637
1521 6559 0.0030637
6558 6559 0.0030637
6561 6559 0.0030637
1521 6560 0.0058233
6558 6560 0.0058233
6561 6560 0.0058233
110 6561 0.085153
5717 6561 0.085153
6560 6561 0.085153
92 6568 0.0001005
4557 6568 0.0001005
6569 6568 0.0001005
88 6569 0.00018972
90 6569 0.00018972
773 6569 0.00018972
6568 6569 0.00018972
1574 6570 0.0008694
1577 6570 0.0008694
6571 6570 0.0008694
404 6572 0.00090621
405 6572 0.00090621
6570 6572 0.00090621
6573 6572 0.00090621
1580 6574 0.00051627
1583 6574 0.00051627
6572 6574 0.00051627
6575 6574 0.00051627
6216 6594 0.0074396
6217 6594 0.0074396
6595 6594 0.0074396
2817 6595 0.011927
6594 6595 0.011927
2746 6605 0.00011393
5708 6605 0.00011393
5711 6605 0.00011393
6604 6605 0.00011393
117 6613 0.00032146
6612 6613 0.00032146
6615 6613 0.00032146
117 6614 0.00062552
6612 6614 0.00062552
6615 6614 0.00062552
3215 6615 0.00035694
5729 6615 0.00035694
6614 6615 0.00035694
1976 6616 0.00055028
6155 6616 0.00055028
6617 6616 0.00055028
6150 6617 0.021633
6616 6617 0.021633
6619 6617 0.021633
6150 6618 0.00061974
6616 6618 0.00061974
6619 6618 0.00061974
6152 6619 0.015134
6618 6619 0.015134
6621 6619 0.015134
5718 6621 0.0004997
6620 6621 0.0004997
6623 6621 0.0004997
6622 6623 0.00049346
7229 6623 0.00049346
6769 6768 0.0014317
7281 6768 0.0014317
2148 6794 0.080809
6795 6794 0.080809
724 6795 0.00021198
2147 6795 0.00021198
6794 6795 0.00021198
2150 6796 0.12808
6797 6796 0.12808
2154 6808 0.0018228
6809 6808 0.0018228
2152 6823 0.013933
6824 6823 0.013933
3713 6920 0.0045209
6921 6920 0.0045209
7114 6920 0.0045209
723 6921 0.018045
6920 6921 0.018045
3713 7113 0.018155
6921 7113 0.018155
7114 7113 0.018155
2146 7114 0.0046229
3712 7114 0.0046229
4663 7114 0.0046229
7113 7114 0.0046229
7138 7139 0.0018333
7141 7139 0.0018333
2648 7141 0.0018333
2649 7141 0.0018333
7140 7141 0.0018333
416 7149 0.0010756
3096 7149 0.0010756
7148 7149 0.0010756
7156 7157 0.00049346
7159 7157 0.00049346
1660 7159 0.00049346
6196 7159 0.00049346
7158 7159 0.00049346
6796 7182 0.12808
7183 7182 0.12808
7182 7184 0.12808
7185 7184 0.12808
1572 7222 0.00064471
7223 7222 0.00064471
7222 7223 0.00084917
7225 7223 0.00084917
7222 7224 0.00064471
7225 7224 0.00064471
408 7225 0.00084917
1575 7225 0.00084917
7224 7225 0.00084917
1667 7226 0.00018357
7227 7226 0.00018357
7228 7229 0.00049346
7231 7229 0.00049346
7157 7231 0.00049346
7230 7231 0.00049346
6157 7264 0.84535
7265 7264 0.84535
6153 7266 0.00070631
7267 7266 0.00070631
6158 7267 0.021297
7266 7267 0.021297
7268 7267 0.021297
6159 7268 0.86594
7269 7268 0.86594
4671 7281 0.0014317
7282 7281 0.0014317
2647 7285 0.99818
7286 7285 0.99818
7184 7287 0.12808
7288 7287 0.12808
