98 97 0.0007839
3704 97 0.0007839
3705 97 0.0007839
110 109 0.047144
5717 109 0.047144
6560 109 0.047144
109 110 0.00016084
782 110 0.00016084
784 110 0.00016084
133 134 0.00010917
3052 134 0.00010917
97 411 0.0007839
412 411 0.0007839
6566 411 0.0007839
554 553 0.0031094
1525 553 0.0031094
2824 553 0.0031094
553 554 0.036289
3702 554 0.036289
3703 554 0.036289
109 781 0.047144
782 781 0.047144
784 781 0.047144
781 782 0.00016084
3700 782 0.00016084
3701 782 0.00016084
1521 1520 0.95361
6558 1520 0.95361
6561 1520 0.95361
1520 1521 0.00046772
1523 1521 0.00046772
2825 1521 0.00046772
1520 1522 0.92893
1523 1522 0.92893
2825 1522 0.92893
1522 1523 0.0017474
2821 1523 0.0017474
2827 1523 0.0017474
554 1524 0.060117
1525 1524 0.060117
2824 1524 0.060117
1524 1525 0.00098183
1968 1525 0.00098183
2820 1525 0.00098183
1527 1526 0.085173
1967 1526 0.085173
2822 1526 0.085173
1526 1527 0.00044519
2826 1527 0.00044519
1566 1568 0.00011274
1569 1568 0.00011274
5716 1568 0.00011274
1568 1569 0.00023946
1571 1569 0.00023946
3699 1569 0.00023946
1524 1967 0.072851
1968 1967 0.072851
2820 1967 0.072851
1527 1968 0.0018004
1967 1968 0.0018004
2822 1968 0.0018004
1972 1971 0.013756
3706 1971 0.013756
3707 1971 0.013756
3736 1971 0.013756
1974 1973 0.0075266
6557 1973 0.0075266
1973 1974 0.022834
3048 1974 0.022834
1522 2820 0.030678
2821 2820 0.030678
2827 2820 0.030678
1524 2821 0.018763
1968 2821 0.018763
2820 2821 0.018763
1969 2822 0.013756
1971 2822 0.013756
2823 2822 0.013756
1520 2824 0.041708
1523 2824 0.041708
2825 2824 0.041708
554 2825 0.015752
1525 2825 0.015752
2824 2825 0.015752
1522 2826 0.91728
2821 2826 0.91728
2827 2826 0.91728
1526 2827 0.0020061
2826 2827 0.0020061
1973 3047 0.0075266
3048 3047 0.0075266
3047 3048 0.022834
6556 3048 0.022834
6559 3048 0.022834
3051 3052 0.00010917
3710 3052 0.00010917
3711 3052 0.00010917
781 3699 0.00023996
3700 3699 0.00023996
3701 3699 0.00023996
1568 3700 0.00011276
1571 3700 0.00011276
3699 3700 0.00011276
553 3701 0.00014194
3702 3701 0.00014194
3703 3701 0.00014194
781 3702 0.046998
3700 3702 0.046998
3701 3702 0.046998
98 3703 0.00015752
3704 3703 0.00015752
3705 3703 0.00015752
553 3704 0.013834
3702 3704 0.013834
3703 3704 0.013834
1972 3705 0.00021161
3706 3705 0.00021161
3707 3705 0.00021161
3736 3705 0.00021161
98 3706 0.01313
3704 3706 0.01313
3705 3706 0.01313
134 3707 0.00011926
3708 3707 0.00011926
3709 3707 0.00011926
1972 3708 0.00011926
3706 3708 0.00011926
3707 3708 0.00011926
3736 3708 0.00011926
134 3710 0.00011028
3708 3710 0.00011028
3709 3710 0.00011028
411 3736 0.00078581
3734 3736 0.00078581
3735 3736 0.00078581
110 5716 0.00011274
5717 5716 0.00011274
6560 5716 0.00011274
1566 5717 1.0002
1569 5717 1.0002
5716 5717 1.0002
1974 6556 0.022834
6557 6556 0.022834
3047 6557 0.0075266
6556 6557 0.0075266
6559 6557 0.0075266
3047 6558 0.029059
6556 6558 0.029059
6559 6558 0.029059
1521 6559 0.029059
6558 6559 0.029059
6561 6559 0.029059
1521 6560 0.00092569
6558 6560 0.00092569
6561 6560 0.00092569
110 6561 0.95407
5717 6561 0.95407
6560 6561 0.95407
