86 85 0.0005885
89 85 0.0005885
6576 85 0.0005885
85 86 0.00086567
3724 86 0.00086567
3725 86 0.00086567
88 87 0.00080262
90 87 0.00080262
773 87 0.00080262
6568 87 0.00080262
87 88 0.00084054
3728 88 0.00084054
3729 88 0.00084054
88 89 0.0002038
90 89 0.0002038
773 89 0.0002038
6568 89 0.0002038
86 90 0.0012865
89 90 0.0012865
6576 90 0.0012865
92 91 0.00098362
4557 91 0.00098362
6569 91 0.00098362
91 92 0.00042403
3732 92 0.00042403
3733 92 0.00042403
98 97 0.028257
3704 97 0.028257
3705 97 0.028257
97 98 0.010655
412 98 0.010655
6566 98 0.010655
99 100 0.00033518
366 100 0.00033518
3737 100 0.00033518
100 101 0.00010835
102 101 0.00010835
4555 101 0.00010835
110 109 0.0025805
5717 109 0.0025805
6560 109 0.0025805
109 110 0.21682
782 110 0.21682
784 110 0.21682
112 111 0.00035555
424 111 0.00035555
425 111 0.00035555
6552 111 0.00035555
111 112 0.0002254
387 112 0.0002254
394 112 0.0002254
114 113 0.00032769
422 113 0.00032769
423 113 0.00032769
6550 113 0.00032769
113 114 0.00016331
384 114 0.00016331
385 114 0.00016331
116 115 0.0001976
420 115 0.0001976
421 115 0.0001976
1584 115 0.0001976
115 116 0.00025289
382 116 0.00025289
383 116 0.00025289
134 133 0.0011525
3708 133 0.0011525
3709 133 0.0011525
133 134 0.048157
3052 134 0.048157
365 366 0.00052831
3722 366 0.00052831
3723 366 0.00052831
101 368 0.00023072
367 368 0.00023072
3738 368 0.00023072
369 373 0.00025718
374 373 0.00025718
375 373 0.00025718
368 375 0.00018328
371 375 0.00018328
376 375 0.00018328
115 381 0.00029304
382 381 0.00029304
383 381 0.00029304
381 382 0.00015556
400 382 0.00015556
401 382 0.00015556
413 382 0.00015556
113 383 0.00033432
384 383 0.00033432
385 383 0.00033432
115 384 0.00014155
382 384 0.00014155
383 384 0.00014155
380 385 0.00025194
386 385 0.00025194
393 385 0.00025194
113 386 0.00022354
384 386 0.00022354
385 386 0.00022354
388 387 0.00018583
389 387 0.00018583
3717 387 0.00018583
6554 387 0.00018583
111 388 0.00027023
387 388 0.00027023
394 388 0.00027023
111 393 0.00026423
387 393 0.00026423
394 393 0.00026423
380 394 0.00021848
386 394 0.00021848
393 394 0.00021848
402 401 0.00020219
403 401 0.00020219
418 401 0.00020219
419 401 0.00020219
381 402 0.00038464
400 402 0.00038464
401 402 0.00038464
413 402 0.00038464
402 404 0.0018755
403 404 0.0018755
418 404 0.0018755
419 404 0.0018755
97 411 0.028257
412 411 0.028257
6566 411 0.028257
411 412 0.010655
3734 412 0.010655
3735 412 0.010655
414 413 0.00022624
415 413 0.00022624
417 413 0.00022624
381 414 0.00019863
400 414 0.00019863
401 414 0.00019863
413 414 0.00019863
416 415 0.00050685
3096 415 0.00050685
7148 415 0.00050685
414 416 0.0017276
415 416 0.0017276
417 416 0.0017276
402 417 0.0016878
403 417 0.0016878
418 417 0.0016878
419 417 0.0016878
414 418 0.00043945
415 418 0.00043945
417 418 0.00043945
116 419 0.0029951
420 419 0.0029951
421 419 0.0029951
1584 419 0.0029951
114 421 0.0037419
422 421 0.0037419
423 421 0.0037419
6550 421 0.0037419
112 423 0.0041703
424 423 0.0041703
425 423 0.0041703
6552 423 0.0041703
114 424 0.00010368
422 424 0.00010368
423 424 0.00010368
6550 424 0.00010368
426 425 0.0053025
3720 425 0.0053025
3721 425 0.0053025
4661 425 0.0053025
112 426 0.00012109
424 426 0.00012109
425 426 0.00012109
6552 426 0.00012109
428 427 0.044776
429 427 0.044776
3089 427 0.044776
5680 427 0.044776
427 428 0.020121
431 428 0.020121
3097 428 0.020121
2279 431 0.28293
5674 431 0.28293
7273 431 0.28293
427 432 0.28014
431 432 0.28014
3097 432 0.28014
6878 434 0.14647
548 547 0.034313
6226 547 0.034313
6227 547 0.034313
6230 547 0.034313
547 548 0.0078881
2073 548 0.0078881
7094 548 0.0078881
554 553 0.0101
1525 553 0.0101
2824 553 0.0101
553 554 0.051301
3702 554 0.051301
3703 554 0.051301
5260 723 0.00067444
723 724 0.0037975
6920 724 0.0037975
774 773 0.00013994
775 773 0.00013994
88 774 0.00070665
90 774 0.00070665
773 774 0.00070665
6568 774 0.00070665
776 775 0.00013994
6574 775 0.00013994
774 776 0.00070665
775 776 0.00070665
109 781 0.0025805
782 781 0.0025805
784 781 0.0025805
781 782 0.21682
3700 782 0.21682
3701 782 0.21682
948 950 0.0022018
951 950 0.0022018
6355 950 0.0022018
950 951 0.0015199
6352 951 0.0015199
6353 951 0.0015199
6356 951 0.0015199
995 994 0.024784
6359 994 0.024784
6360 994 0.024784
994 995 0.003475
997 995 0.003475
2076 995 0.003475
2077 995 0.003475
994 996 0.033306
997 996 0.033306
2076 996 0.033306
2077 996 0.033306
996 997 0.0038096
3119 997 0.0038096
4790 997 0.0038096
6237 997 0.0038096
434 1126 0.27594
5089 1126 0.27594
432 1127 0.009123
5692 1127 0.009123
6874 1128 0.031573
5085 1129 0.57247
5267 1129 0.57247
1521 1520 0.00012937
6558 1520 0.00012937
6561 1520 0.00012937
1520 1521 0.070017
1523 1521 0.070017
2825 1521 0.070017
1520 1522 0.00011025
1523 1522 0.00011025
2825 1522 0.00011025
1522 1523 0.018745
2821 1523 0.018745
2827 1523 0.018745
554 1524 0.0053706
1525 1524 0.0053706
2824 1524 0.0053706
1524 1525 0.015423
1968 1525 0.015423
2820 1525 0.015423
1527 1526 0.0079511
1967 1526 0.0079511
2822 1526 0.0079511
1528 1530 0.0060158
1531 1530 0.0060158
3303 1530 0.0060158
1530 1532 0.00033081
1533 1532 0.00033081
2850 1532 0.00033081
1566 1568 0.0036439
1569 1568 0.0036439
5716 1568 0.0036439
1568 1569 0.71952
1571 1569 0.71952
3699 1569 0.71952
1570 1571 0.41982
1573 1571 0.41982
3092 1571 0.41982
1572 1573 0.041041
7223 1573 0.041041
1574 1575 0.041041
1577 1575 0.041041
6571 1575 0.041041
1576 1577 0.037433
7149 1577 0.037433
1578 1580 0.00017185
1581 1580 0.00017185
4558 1580 0.00017185
1580 1581 0.00017752
1583 1581 0.00017752
6572 1581 0.00017752
6575 1581 0.00017752
1582 1583 0.0012432
1585 1583 0.0012432
4524 1583 0.0012432
116 1585 0.00091849
420 1585 0.00091849
421 1585 0.00091849
1584 1585 0.00091849
1524 1967 0.0012217
1968 1967 0.0012217
2820 1967 0.0012217
1527 1968 0.021992
1967 1968 0.021992
2822 1968 0.021992
1972 1971 0.028837
3706 1971 0.028837
3707 1971 0.028837
3736 1971 0.028837
1969 1972 0.00015095
1971 1972 0.00015095
2823 1972 0.00015095
1974 1973 0.00017369
6557 1973 0.00017369
1973 1974 0.00052696
3048 1974 0.00052696
2072 2071 0.048687
2074 2071 0.048687
2075 2071 0.048687
3906 2071 0.048687
2071 2072 0.0044663
6238 2072 0.0044663
6239 2072 0.0044663
2072 2073 0.0056136
2074 2073 0.0056136
2075 2073 0.0056136
3906 2073 0.0056136
547 2074 0.055271
2073 2074 0.055271
7094 2074 0.055271
994 2075 0.0048127
997 2075 0.0048127
2076 2075 0.0048127
2077 2075 0.0048127
2072 2076 0.037741
2074 2076 0.037741
2075 2076 0.037741
3906 2076 0.037741
2078 2077 0.0028509
2358 2077 0.0028509
2361 2077 0.0028509
6371 2077 0.0028509
994 2078 0.027592
997 2078 0.027592
2076 2078 0.027592
2077 2078 0.027592
724 2146 0.0037749
2147 2146 0.0037749
6794 2146 0.0037749
2146 2147 0.00065188
3712 2147 0.00065188
4663 2147 0.00065188
7113 2147 0.00065188
2148 2149 0.00067453
6795 2149 0.00067453
1126 2279 0.27582
2349 2348 0.024271
5903 2348 0.024271
5986 2348 0.024271
7105 2348 0.024271
2348 2349 0.0012268
5239 2349 0.0012268
5739 2349 0.0012268
2351 2350 0.0031662
4656 2350 0.0031662
7014 2350 0.0031662
7087 2350 0.0031662
2350 2351 0.011354
5671 2351 0.011354
5836 2351 0.011354
2353 2352 0.00040835
3337 2352 0.00040835
2352 2353 0.00049435
2355 2353 0.00049435
5269 2353 0.00049435
2352 2354 0.0060574
2355 2354 0.0060574
5269 2354 0.0060574
2354 2355 0.021001
2357 2355 0.021001
2354 2356 0.0031586
2357 2356 0.0031586
2356 2357 0.02135
2359 2357 0.02135
6362 2357 0.02135
7160 2357 0.02135
2356 2358 0.013261
2359 2358 0.013261
6362 2358 0.013261
7160 2358 0.013261
2078 2359 0.0071356
2358 2359 0.0071356
2361 2359 0.0071356
6371 2359 0.0071356
2078 2360 0.025708
2358 2360 0.025708
2361 2360 0.025708
6371 2360 0.025708
2360 2361 0.0019425
2363 2361 0.0019425
3120 2361 0.0019425
2360 2362 0.035235
2363 2362 0.035235
3120 2362 0.035235
2362 2363 0.00050155
2365 2363 0.00050155
6395 2363 0.00050155
2362 2364 0.03335
2365 2364 0.03335
6395 2364 0.03335
2364 2365 0.00054112
2367 2365 0.00054112
6366 2365 0.00054112
6367 2365 0.00054112
2364 2366 0.023531
2367 2366 0.023531
6366 2366 0.023531
6367 2366 0.023531
2366 2367 0.005283
7006 2367 0.005283
7086 2367 0.005283
1522 2820 0.00045454
2821 2820 0.00045454
2827 2820 0.00045454
1524 2821 0.011172
1968 2821 0.011172
2820 2821 0.011172
1969 2822 0.028837
1971 2822 0.028837
2823 2822 0.028837
1527 2823 0.00015095
1967 2823 0.00015095
2822 2823 0.00015095
1520 2824 0.0012721
1523 2824 0.0012721
2825 2824 0.0012721
554 2825 0.052525
1525 2825 0.052525
2824 2825 0.052525
1526 2827 0.0079511
2826 2827 0.0079511
1530 2849 0.0058282
1533 2849 0.0058282
2850 2849 0.0058282
600 2850 0.0001399
2849 2850 0.0001399
3344 2850 0.0001399
3345 2850 0.0001399
1973 3047 0.00017369
3048 3047 0.00017369
3047 3048 0.00052696
6556 3048 0.00052696
6559 3048 0.00052696
133 3051 0.0011525
3052 3051 0.0011525
3051 3052 0.048157
3710 3052 0.048157
3711 3052 0.048157
3054 3053 0.00013363
3685 3053 0.00013363
3086 3085 0.13757
5668 3085 0.13757
5964 3085 0.13757
3085 3087 0.13659
3088 3087 0.13659
5398 3087 0.13659
3090 3089 0.13451
5675 3089 0.13451
5676 3089 0.13451
7150 3089 0.13451
428 3090 0.002102
429 3090 0.002102
3089 3090 0.002102
5680 3090 0.002102
1975 3092 0.37879
3091 3092 0.37879
5682 3092 0.37879
5693 3092 0.37879
416 3095 0.00024099
3096 3095 0.00024099
7148 3095 0.00024099
1127 3096 0.036425
3095 3096 0.036425
3098 3096 0.036425
1127 3097 0.0021754
3095 3097 0.0021754
3098 3097 0.0021754
427 3098 0.029625
431 3098 0.029625
3097 3098 0.029625
3103 3104 0.00011825
3106 3104 0.00011825
5965 3104 0.00011825
3103 3105 0.0018396
3106 3105 0.0018396
5965 3105 0.0018396
3105 3106 0.0003466
5399 3106 0.0003466
5963 3106 0.0003466
3107 3109 0.00084951
3110 3109 0.00084951
3309 3109 0.00084951
3310 3109 0.00084951
3109 3110 0.00015644
3112 3110 0.00015644
3313 3110 0.00015644
3314 3110 0.00015644
3109 3111 0.0002084
3112 3111 0.0002084
3313 3111 0.0002084
3314 3111 0.0002084
3111 3112 0.0001279
3114 3112 0.0001279
6382 3112 0.0001279
6383 3112 0.0001279
3111 3113 0.00014811
3114 3113 0.00014811
6382 3113 0.00014811
6383 3113 0.00014811
3113 3115 0.00011688
3116 3115 0.00011688
6106 3115 0.00011688
3118 3117 0.0029488
6390 3117 0.0029488
6391 3117 0.0029488
3117 3118 0.00083848
5957 3118 0.00083848
6368 3118 0.00083848
6369 3118 0.00083848
2360 3119 0.0051277
2363 3119 0.0051277
3120 3119 0.0051277
996 3120 0.016096
3119 3120 0.016096
4790 3120 0.016096
6237 3120 0.016096
3122 3121 0.0016057
5270 3121 0.0016057
6233 3121 0.0016057
3121 3122 0.00040106
3328 3122 0.00040106
3329 3122 0.00040106
3124 3123 0.0010134
3307 3123 0.0010134
3308 3123 0.0010134
3637 3123 0.0010134
3123 3124 0.0021689
3126 3124 0.0021689
3312 3124 0.0021689
3123 3125 0.00087515
3126 3125 0.00087515
3312 3125 0.00087515
3125 3126 0.0014181
3128 3126 0.0014181
5949 3126 0.0014181
3125 3127 0.0004724
3128 3127 0.0004724
5949 3127 0.0004724
3127 3128 0.0010035
3130 3128 0.0010035
6380 3128 0.0010035
6381 3128 0.0010035
3127 3129 0.0007577
3130 3129 0.0007577
6380 3129 0.0007577
6381 3129 0.0007577
3129 3130 0.00030972
3132 3130 0.00030972
6105 3130 0.00030972
6108 3130 0.00030972
3129 3131 0.0014529
3132 3131 0.0014529
6105 3131 0.0014529
6108 3131 0.0014529
3131 3132 0.00011362
3134 3132 0.00011362
6402 3132 0.00011362
6403 3132 0.00011362
3131 3133 0.0032872
3134 3133 0.0032872
6402 3133 0.0032872
6403 3133 0.0032872
3136 3135 0.00038119
3305 3135 0.00038119
3306 3135 0.00038119
3135 3136 0.00092436
5948 3136 0.00092436
5953 3136 0.00092436
3138 3137 0.0062107
5832 3137 0.0062107
6422 3137 0.0062107
3137 3138 0.0004868
3302 3138 0.0004868
3338 3138 0.0004868
3140 3139 0.0032439
6372 3139 0.0032439
6373 3139 0.0032439
6407 3139 0.0032439
3139 3140 0.00043434
3910 3140 0.00043434
6112 3140 0.00043434
3142 3141 0.0002071
6414 3141 0.0002071
6415 3141 0.0002071
3141 3142 0.00068709
3144 3142 0.00068709
4787 3142 0.00068709
3141 3143 0.00053841
3144 3143 0.00053841
4787 3143 0.00053841
3143 3144 0.00050365
3146 3144 0.00050365
6374 3144 0.00050365
6375 3144 0.00050365
3143 3145 0.0024191
3146 3145 0.0024191
6374 3145 0.0024191
6375 3145 0.0024191
3145 3146 0.00021994
3148 3146 0.00021994
3911 3146 0.00021994
6109 3146 0.00021994
3145 3147 0.0020912
3148 3147 0.0020912
3911 3147 0.0020912
6109 3147 0.0020912
3147 3148 0.00025684
5951 3148 0.00025684
6398 3148 0.00025684
6399 3148 0.00025684
3137 3303 0.0060158
3302 3303 0.0060158
3338 3303 0.0060158
3136 3304 0.002562
3305 3304 0.002562
3306 3304 0.002562
3304 3305 0.0057735
6420 3305 0.0057735
6421 3305 0.0057735
3124 3306 0.0024612
3307 3306 0.0024612
3308 3306 0.0024612
3637 3306 0.0024612
3136 3307 0.0062159
3305 3307 0.0062159
3306 3307 0.0062159
3107 3308 0.00015644
3110 3308 0.00015644
3309 3308 0.00015644
3310 3308 0.00015644
3124 3309 0.00084951
3307 3309 0.00084951
3308 3309 0.00084951
3637 3309 0.00084951
3109 3312 0.00080934
3112 3312 0.00080934
3313 3312 0.00080934
3314 3312 0.00080934
3123 3313 0.00019678
3126 3313 0.00019678
3312 3313 0.00019678
3317 3316 0.27728
5238 3316 0.27728
7089 3316 0.27728
3319 3318 0.26181
5985 3318 0.26181
7093 3318 0.26181
7095 3318 0.26181
3318 3319 0.0045613
6983 3319 0.0045613
7092 3319 0.0045613
3321 3320 0.17985
3322 3320 0.17985
7097 3320 0.17985
3320 3321 0.079627
6977 3321 0.079627
7096 3321 0.079627
3323 3322 0.014255
3324 3322 0.014255
7103 3322 0.014255
3321 3323 0.64831
3322 3323 0.64831
7097 3323 0.64831
3325 3324 0.0029382
3326 3324 0.0029382
7099 3324 0.0029382
3323 3325 0.69441
3324 3325 0.69441
7103 3325 0.69441
3325 3327 0.58533
3326 3327 0.58533
7099 3327 0.58533
2353 3328 0.00054139
3337 3328 0.00054139
3332 3331 0.0010371
3334 3331 0.0010371
3331 3332 0.011435
5827 3332 0.011435
5829 3332 0.011435
3332 3333 0.011435
3334 3333 0.011435
3333 3334 0.0010371
3336 3334 0.0010371
6225 3334 0.0010371
3333 3335 0.0080058
3336 3335 0.0080058
6225 3335 0.0080058
3335 3336 0.046388
5823 3336 0.046388
5831 3336 0.046388
6967 3336 0.046388
3137 3337 0.00045539
3302 3337 0.00045539
3338 3337 0.00045539
3343 3338 0.00073418
3639 3338 0.00073418
3962 3338 0.00073418
1532 3340 0.00033081
2851 3340 0.00033081
3339 3340 0.00033081
3340 3341 0.00033081
3342 3341 0.00033081
3960 3341 0.00033081
600 3343 0.0036416
2849 3343 0.0036416
3344 3343 0.0036416
3345 3343 0.0036416
3343 3344 0.011249
3639 3344 0.011249
3962 3344 0.011249
600 3346 0.013356
2849 3346 0.013356
3344 3346 0.013356
3345 3346 0.013356
3347 3348 0.0023349
3354 3348 0.0023349
4683 3348 0.0023349
73 3350 0.0023349
3348 3350 0.0023349
3349 3350 0.0023349
3350 3352 0.0022005
3351 3352 0.0022005
3363 3352 0.0022005
3347 3353 0.01128
3354 3353 0.01128
4683 3353 0.01128
3350 3364 0.00017769
3351 3364 0.00017769
3363 3364 0.00017769
3352 3365 0.00016125
3366 3365 0.00016125
3691 3365 0.00016125
3364 3368 0.00024577
3365 3368 0.00024577
3367 3368 0.00024577
3370 3369 0.00014915
3692 3369 0.00014915
3693 3369 0.00014915
3638 3637 0.0038221
3640 3637 0.0038221
5268 3637 0.0038221
3124 3638 0.0080392
3307 3638 0.0080392
3308 3638 0.0080392
3637 3638 0.0080392
3638 3639 0.011722
3640 3639 0.011722
5268 3639 0.011722
3343 3640 0.0035588
3639 3640 0.0035588
3962 3640 0.0035588
3368 3666 0.00033566
3369 3666 0.00033566
3665 3666 0.00033566
3666 3668 0.00038096
3667 3668 0.00038096
5843 3668 0.00038096
3668 3670 0.00013768
3669 3670 0.00013768
6478 3670 0.00013768
3674 3673 0.00015589
3696 3673 0.00015589
3697 3673 0.00015589
3670 3680 0.000191
3679 3680 0.000191
5851 3680 0.000191
3680 3682 0.00054051
3681 3682 0.00054051
3689 3682 0.00054051
6479 3682 0.00054051
3053 3684 0.00059626
3682 3684 0.00059626
3683 3684 0.00059626
3684 3685 0.00013363
3686 3685 0.00013363
3687 3685 0.00013363
3688 3687 0.00011091
3714 3687 0.00011091
3715 3687 0.00011091
3684 3688 0.0006361
3686 3688 0.0006361
3687 3688 0.0006361
3352 3692 0.0021194
3366 3692 0.0021194
3691 3692 0.0021194
3370 3694 0.0020007
3692 3694 0.0020007
3693 3694 0.0020007
3694 3696 0.001952
3695 3696 0.001952
6563 3696 0.001952
3674 3698 0.0018058
3696 3698 0.0018058
3697 3698 0.0018058
781 3699 0.31904
3700 3699 0.31904
3701 3699 0.31904
1568 3700 0.022972
1571 3700 0.022972
3699 3700 0.022972
553 3701 0.51185
3702 3701 0.51185
3703 3701 0.51185
781 3702 0.0015422
3700 3702 0.0015422
3701 3702 0.0015422
98 3703 0.55208
3704 3703 0.55208
3705 3703 0.55208
553 3704 0.00057279
3702 3704 0.00057279
3703 3704 0.00057279
1972 3705 0.56973
3706 3705 0.56973
3707 3705 0.56973
3736 3705 0.56973
98 3706 0.00062098
3704 3706 0.00062098
3705 3706 0.00062098
134 3707 0.57402
3708 3707 0.57402
3709 3707 0.57402
1972 3708 0.00025558
3706 3708 0.00025558
3707 3708 0.00025558
3736 3708 0.00025558
3051 3709 0.52905
3710 3709 0.52905
3711 3709 0.52905
134 3710 0.0022879
3708 3710 0.0022879
3709 3710 0.0022879
2146 3711 0.5738
3712 3711 0.5738
4663 3711 0.5738
7113 3711 0.5738
3688 3713 0.0024106
3714 3713 0.0024106
3715 3713 0.0024106
3642 3715 0.0018058
3698 3715 0.0018058
3716 3715 0.0018058
398 3717 0.00023992
3718 3717 0.00023992
3719 3717 0.00023992
388 3718 0.0002562
389 3718 0.0002562
3717 3718 0.0002562
6554 3718 0.0002562
426 3719 0.00025975
3720 3719 0.00025975
3721 3719 0.00025975
4661 3719 0.00025975
398 3720 0.00034415
3718 3720 0.00034415
3719 3720 0.00034415
426 3722 0.0061866
3720 3722 0.0061866
3721 3722 0.0061866
4661 3722 0.0061866
365 3724 0.0056819
3722 3724 0.0056819
3723 3724 0.0056819
85 3726 0.0054139
3724 3726 0.0054139
3725 3726 0.0054139
3726 3728 0.0057071
3727 3728 0.0057071
4556 3728 0.0057071
87 3730 0.0057243
3728 3730 0.0057243
3729 3730 0.0057243
373 3732 0.0059502
3730 3732 0.0059502
3731 3732 0.0059502
411 3733 0.00024885
3734 3733 0.00024885
3735 3733 0.00024885
91 3734 0.0066762
3732 3734 0.0066762
3733 3734 0.0066762
1972 3735 0.0093745
3706 3735 0.0093745
3707 3735 0.0093745
3736 3735 0.0093745
411 3736 0.033404
3734 3736 0.033404
3735 3736 0.033404
99 3738 0.00020132
366 3738 0.00020132
3737 3738 0.00020132
4199 3791 0.0032246
5395 3791 0.0032246
5396 3792 0.0032246
5397 3792 0.0032246
3791 3793 0.0010914
3907 3906 0.035941
4019 3906 0.035941
6228 3906 0.035941
6358 3906 0.035941
2072 3907 0.0084498
2074 3907 0.0084498
2075 3907 0.0084498
3906 3907 0.0084498
3909 3908 0.0011938
6113 3908 0.0011938
6400 3908 0.0011938
6401 3908 0.0011938
3908 3909 0.0001831
6392 3909 0.0001831
6393 3909 0.0001831
3145 3910 0.00038886
3148 3910 0.00038886
3911 3910 0.00038886
6109 3910 0.00038886
3139 3911 0.0014113
3910 3911 0.0014113
6112 3911 0.0014113
4685 3962 0.00017892
5086 3962 0.00017892
1129 3964 0.57161
3963 3964 0.57161
4020 4019 0.0035304
6232 4019 0.0035304
6351 4019 0.0035304
3907 4020 0.015802
4019 4020 0.015802
6228 4020 0.015802
6358 4020 0.015802
4523 4524 0.00041782
4526 4524 0.00041782
6551 4524 0.00041782
4523 4525 0.00021783
4526 4525 0.00021783
6551 4525 0.00021783
4525 4526 0.00039694
6553 4526 0.00039694
6577 4526 0.00039694
100 4556 0.00037967
102 4556 0.00037967
4555 4556 0.00037967
1578 4557 0.00017752
1581 4557 0.00017752
4558 4557 0.00017752
92 4558 0.00017185
4557 4558 0.00017185
6569 4558 0.00017185
2351 4657 0.28241
4656 4657 0.28241
7014 4657 0.28241
7087 4657 0.28241
6736 4658 0.0032221
4660 4661 0.01128
7221 4661 0.01128
4662 4663 0.57143
6739 4663 0.57143
3341 4683 0.013611
3346 4683 0.013611
4684 4683 0.013611
4788 4787 0.00060349
6408 4787 0.00060349
6409 4787 0.00060349
996 4789 0.030437
3119 4789 0.030437
4790 4789 0.030437
6237 4789 0.030437
4789 4790 0.0018307
6240 4790 0.0018307
6365 4790 0.0018307
5064 5063 0.0032242
5240 5063 0.0032242
4685 5085 0.00092938
5086 5085 0.00092938
5087 5086 0.0011082
5271 5086 0.0011082
1129 5087 0.00093185
3963 5087 0.00093185
5090 5089 0.12947
5091 5090 0.12952
5838 5090 0.12952
1128 5091 0.031645
5092 5091 0.031645
5088 5093 0.00014877
5094 5093 0.00014877
1126 5094 0.00012157
3121 5237 0.001746
3328 5237 0.001746
3329 5237 0.001746
2348 5238 0.022316
5239 5238 0.022316
5739 5238 0.022316
3317 5239 0.0023262
5238 5239 0.0023262
7089 5239 0.0023262
5241 5240 0.0032091
5738 5240 0.0032091
7218 5240 0.0032091
2149 5260 0.00067444
7287 5260 0.00067444
3638 5267 0.60311
3640 5267 0.60311
5268 5267 0.60311
3138 5268 0.60706
5832 5268 0.60706
6422 5268 0.60706
3122 5269 0.59912
5270 5269 0.59912
6233 5269 0.59912
2753 5270 0.58702
3327 5270 0.58702
5237 5270 0.58702
3964 5271 0.00017645
6738 5271 0.00017645
5063 5395 0.0032098
3791 5396 0.0021332
3793 5397 0.0010914
5993 5397 0.0010914
7115 5397 0.0010914
3105 5398 0.00085341
5399 5398 0.00085341
5963 5398 0.00085341
3085 5399 0.0018356
3088 5399 0.0018356
5398 5399 0.0018356
5666 5662 0.14349
5667 5662 0.14349
4658 5663 0.00024354
4658 5664 0.0029785
4657 5666 0.28265
5663 5666 0.28265
5665 5666 0.28265
5666 5668 0.1392
5667 5668 0.1392
2350 5670 0.003187
5671 5670 0.003187
5836 5670 0.003187
5670 5671 0.011365
6385 5671 0.011365
7085 5671 0.011365
3090 5674 0.019178
5675 5674 0.019178
5676 5674 0.019178
7150 5674 0.019178
2279 5675 0.01243
5674 5675 0.01243
7273 5675 0.01243
5677 5676 0.002795
5678 5676 0.002795
5962 5676 0.002795
3090 5677 0.00020532
5675 5677 0.00020532
5676 5677 0.00020532
7150 5677 0.00020532
5672 5678 0.00011827
5679 5678 0.00011827
5960 5678 0.00011827
3094 5680 0.00057647
5681 5680 0.00057647
5683 5680 0.00057647
428 5681 0.10833
429 5681 0.10833
3089 5681 0.10833
5680 5681 0.10833
3094 5682 0.10834
5681 5682 0.10834
5683 5682 0.10834
1975 5683 0.00057703
3091 5683 0.00057703
5682 5683 0.00057703
5693 5683 0.00057703
432 5693 0.27107
5692 5693 0.27107
110 5716 0.2844
5717 5716 0.2844
6560 5716 0.2844
1566 5717 0.00027673
1569 5717 0.00027673
5716 5717 0.00027673
2348 5738 0.0031808
5239 5738 0.0031808
5739 5738 0.0031808
5241 5739 0.00012593
5738 5739 0.00012593
7218 5739 0.00012593
4205 5740 0.00015485
5741 5740 0.00015485
5742 5740 0.00015485
4213 5742 0.00016784
5743 5742 0.00016784
5744 5742 0.00016784
1655 5744 0.0001728
5745 5744 0.0001728
5901 5744 0.0001728
5904 5744 0.0001728
3335 5822 0.091116
5823 5822 0.091116
5831 5822 0.091116
6967 5822 0.091116
5822 5823 0.085979
6963 5823 0.085979
7102 5823 0.085979
7104 5823 0.085979
5825 5824 0.017746
5826 5824 0.017746
5830 5824 0.017746
5824 5825 0.11309
6964 5825 0.11309
7100 5825 0.11309
3331 5826 0.0010371
5827 5826 0.0010371
5829 5826 0.0010371
5825 5827 0.011435
5826 5827 0.011435
5830 5827 0.011435
3335 5830 0.022197
5823 5830 0.022197
5831 5830 0.022197
6967 5830 0.022197
5825 5831 0.10714
5826 5831 0.10714
5830 5831 0.10714
2352 5832 0.61398
2355 5832 0.61398
5269 5832 0.61398
5837 5838 0.097919
6927 5838 0.097919
7069 5838 0.097919
7112 5838 0.097919
1655 5903 0.0001122
5745 5903 0.0001122
5901 5903 0.0001122
5904 5903 0.0001122
2349 5904 0.0002493
5903 5904 0.0002493
5986 5904 0.0002493
7105 5904 0.0002493
3125 5948 0.00050989
3128 5948 0.00050989
5949 5948 0.00050989
3135 5949 0.00052179
5948 5949 0.00052179
5953 5949 0.00052179
3147 5950 0.0022226
5951 5950 0.0022226
6398 5950 0.0022226
6399 5950 0.0022226
5950 5951 0.00027278
6389 5951 0.00027278
6405 5951 0.00027278
3135 5952 0.00016236
5948 5952 0.00016236
5953 5952 0.00016236
5952 5953 0.00071743
6378 5953 0.00071743
6379 5953 0.00071743
3133 5954 0.0054307
5955 5954 0.0054307
6394 5954 0.0054307
3117 5956 0.0099306
5957 5956 0.0099306
6368 5956 0.0099306
6369 5956 0.0099306
5956 5957 0.0047327
6386 5957 0.0047327
6387 5957 0.0047327
3101 5960 0.0001088
3104 5960 0.0001088
5961 5960 0.0001088
3105 5962 0.0026793
5399 5962 0.0026793
5963 5962 0.0026793
5677 5963 0.00020402
5678 5963 0.00020402
5962 5963 0.00020402
3103 5964 0.00034518
3106 5964 0.00034518
5965 5964 0.00034518
3086 5965 0.0019526
5668 5965 0.0019526
5964 5965 0.0019526
2349 5985 0.0012917
5903 5985 0.0012917
5986 5985 0.0012917
7105 5985 0.0012917
3319 5986 0.024465
5985 5986 0.024465
7093 5986 0.024465
7095 5986 0.024465
3113 6105 0.00010451
3116 6105 0.00010451
6106 6105 0.00010451
3129 6106 0.00010295
3132 6106 0.00010295
6105 6106 0.00010295
6108 6106 0.00010295
6107 6108 0.00093881
6110 6108 0.00093881
6114 6108 0.00093881
3145 6110 0.0014144
3148 6110 0.0014144
3911 6110 0.0014144
6109 6110 0.0014144
3139 6111 0.0022226
3910 6111 0.0022226
6112 6111 0.0022226
6111 6112 0.00043549
6396 6112 0.00043549
6397 6112 0.00043549
6406 6112 0.00043549
6107 6113 0.00064731
6110 6113 0.00064731
6114 6113 0.00064731
3909 6114 0.00014981
6113 6114 0.00014981
6400 6114 0.00014981
6401 6114 0.00014981
548 6225 0.0018791
6226 6225 0.0018791
6227 6225 0.0018791
6230 6225 0.0018791
3333 6226 0.050659
3336 6226 0.050659
6225 6226 0.050659
3907 6227 0.00085175
4019 6227 0.00085175
6228 6227 0.00085175
6358 6227 0.00085175
548 6228 0.085504
6226 6228 0.085504
6227 6228 0.085504
6230 6228 0.085504
548 6229 0.013588
6226 6229 0.013588
6227 6229 0.013588
6230 6229 0.013588
6229 6230 0.075885
6979 6230 0.075885
7063 6230 0.075885
4020 6231 0.017834
6232 6231 0.017834
6351 6231 0.017834
6231 6232 0.0038413
6234 6232 0.0038413
6354 6232 0.0038413
6231 6233 0.018439
6234 6233 0.018439
6354 6233 0.018439
3122 6234 0.0051274
5270 6234 0.0051274
6233 6234 0.0051274
2071 6237 0.017073
6238 6237 0.017073
6239 6237 0.017073
996 6238 0.0069951
3119 6238 0.0069951
4790 6238 0.0069951
6237 6238 0.0069951
4789 6239 0.0022252
6240 6239 0.0022252
6365 6239 0.0022252
2071 6240 0.036367
6238 6240 0.036367
6239 6240 0.036367
950 6351 0.0038611
6352 6351 0.0038611
6353 6351 0.0038611
6356 6351 0.0038611
4020 6352 0.0021396
6232 6352 0.0021396
6351 6352 0.0021396
2354 6353 0.003248
2357 6353 0.003248
948 6354 0.0015199
951 6354 0.0015199
6355 6354 0.0015199
6231 6355 0.0022018
6234 6355 0.0022018
6354 6355 0.0022018
6357 6356 0.00094354
6361 6356 0.00094354
950 6357 0.0031519
6352 6357 0.0031519
6353 6357 0.0031519
6356 6357 0.0031519
995 6358 0.0010842
6359 6358 0.0010842
6360 6358 0.0010842
3907 6359 0.045974
4019 6359 0.045974
6228 6359 0.045974
6358 6359 0.045974
6357 6360 0.0012411
6361 6360 0.0012411
995 6361 0.024822
6359 6361 0.024822
6360 6361 0.024822
6357 6362 0.02579
6361 6362 0.02579
6364 6363 0.00014805
6410 6363 0.00014805
6411 6363 0.00014805
6363 6364 0.0016209
6943 6364 0.0016209
7165 6364 0.0016209
2364 6365 0.00091179
2367 6365 0.00091179
6366 6365 0.00091179
6367 6365 0.00091179
4789 6366 0.06366
6240 6366 0.06366
6365 6366 0.06366
2364 6368 0.0774
2367 6368 0.0774
6366 6368 0.0774
6367 6368 0.0774
5954 6369 0.00015295
6370 6369 0.00015295
6388 6369 0.00015295
7111 6369 0.00015295
3117 6370 0.074374
5957 6370 0.074374
6368 6370 0.074374
6369 6370 0.074374
3140 6371 0.00085745
6372 6371 0.00085745
6373 6371 0.00085745
6407 6371 0.00085745
2078 6372 0.0079578
2358 6372 0.0079578
2361 6372 0.0079578
6371 6372 0.0079578
3143 6373 0.0002716
3146 6373 0.0002716
6374 6373 0.0002716
6375 6373 0.0002716
3140 6374 0.0047716
6372 6374 0.0047716
6373 6374 0.0047716
6407 6374 0.0047716
6376 6375 0.00022318
6377 6375 0.00022318
6417 6375 0.00022318
3143 6376 0.0025588
3146 6376 0.0025588
6374 6376 0.0025588
6375 6376 0.0025588
5952 6377 0.00015791
6378 6377 0.00015791
6379 6377 0.00015791
6376 6378 0.0017131
6377 6378 0.0017131
6417 6378 0.0017131
3127 6379 0.00020079
3130 6379 0.00020079
6380 6379 0.00020079
6381 6379 0.00020079
5952 6380 0.0012009
6378 6380 0.0012009
6379 6380 0.0012009
3111 6381 0.00017363
3114 6381 0.00017363
6382 6381 0.00017363
6383 6381 0.00017363
3127 6382 0.00019467
3130 6382 0.00019467
6380 6382 0.00019467
6381 6382 0.00019467
5956 6385 0.0012231
6386 6385 0.0012231
6387 6385 0.0012231
5670 6386 0.014306
6385 6386 0.014306
7085 6386 0.014306
5954 6387 0.0025929
6370 6387 0.0025929
6388 6387 0.0025929
7111 6387 0.0025929
5956 6388 0.020873
6386 6388 0.020873
6387 6388 0.020873
3118 6389 0.00012918
6390 6389 0.00012918
6391 6389 0.00012918
5950 6390 0.003361
6389 6390 0.003361
6405 6390 0.003361
3908 6391 0.00052824
6392 6391 0.00052824
6393 6391 0.00052824
3118 6392 0.0016497
6390 6392 0.0016497
6391 6392 0.0016497
3133 6393 0.00014742
5955 6393 0.00014742
6394 6393 0.00014742
3908 6394 0.0022796
6392 6394 0.0022796
6393 6394 0.0022796
6111 6395 0.0014173
6396 6395 0.0014173
6397 6395 0.0014173
6406 6395 0.0014173
2362 6396 0.0033426
2365 6396 0.0033426
6395 6396 0.0033426
3147 6397 0.00046903
5951 6397 0.00046903
6398 6397 0.00046903
6399 6397 0.00046903
6111 6398 0.0028994
6396 6398 0.0028994
6397 6398 0.0028994
6406 6398 0.0028994
3909 6399 0.00010222
6113 6399 0.00010222
6400 6399 0.00010222
6401 6399 0.00010222
3147 6400 0.0024171
5951 6400 0.0024171
6398 6400 0.0024171
6399 6400 0.0024171
3909 6402 0.0018845
6113 6402 0.0018845
6400 6402 0.0018845
6401 6402 0.0018845
3115 6403 0.00011688
5959 6403 0.00011688
6404 6403 0.00011688
6111 6405 0.0015775
6396 6405 0.0015775
6397 6405 0.0015775
6406 6405 0.0015775
5950 6406 0.00029546
6389 6406 0.00029546
6405 6406 0.00029546
4788 6407 0.0010061
6408 6407 0.0010061
6409 6407 0.0010061
3140 6408 0.00079686
6372 6408 0.00079686
6373 6408 0.00079686
6407 6408 0.00079686
6364 6409 0.0011776
6410 6409 0.0011776
6411 6409 0.0011776
4788 6410 0.00045364
6408 6410 0.00045364
6409 6410 0.00045364
6364 6412 0.00080338
6410 6412 0.00080338
6411 6412 0.00080338
5834 6414 0.00080338
6412 6414 0.00080338
6413 6414 0.00080338
6416 6415 0.00015972
6418 6415 0.00015972
6419 6415 0.00015972
3142 6416 0.0013886
6414 6416 0.0013886
6415 6416 0.0013886
6416 6417 0.0003777
6418 6417 0.0003777
6419 6417 0.0003777
6376 6418 0.0011582
6377 6418 0.0011582
6417 6418 0.0011582
3304 6419 0.0004778
6420 6419 0.0004778
6421 6419 0.0004778
6416 6420 0.0024872
6418 6420 0.0024872
6419 6420 0.0024872
3138 6421 0.00589
5832 6421 0.00589
6422 6421 0.00589
3304 6422 0.0046879
6420 6422 0.0046879
6421 6422 0.0046879
3668 6479 0.00032421
3669 6479 0.00032421
6478 6479 0.00032421
4523 6550 0.00011902
4526 6550 0.00011902
6551 6550 0.00011902
114 6551 0.00031954
422 6551 0.00031954
423 6551 0.00031954
6550 6551 0.00031954
112 6553 0.001061
424 6553 0.001061
425 6553 0.001061
6552 6553 0.001061
1974 6556 0.00052696
6557 6556 0.00052696
3047 6557 0.00017369
6556 6557 0.00017369
6559 6557 0.00017369
3047 6558 0.00067062
6556 6558 0.00067062
6559 6558 0.00067062
1521 6559 0.00067062
6558 6559 0.00067062
6561 6559 0.00067062
1521 6560 0.070388
6558 6560 0.070388
6561 6560 0.070388
110 6561 0.00050035
5717 6561 0.00050035
6560 6561 0.00050035
92 6568 0.00034232
4557 6568 0.00034232
6569 6568 0.00034232
88 6569 0.00089625
90 6569 0.00089625
773 6569 0.00089625
6568 6569 0.00089625
404 6571 0.0036789
405 6571 0.0036789
6570 6571 0.0036789
6573 6571 0.0036789
1580 6573 0.0018593
1583 6573 0.0018593
6572 6573 0.0018593
6575 6573 0.0018593
1580 6574 0.00013994
1583 6574 0.00013994
6572 6574 0.00013994
6575 6574 0.00013994
776 6575 0.00070665
6574 6575 0.00070665
4525 6576 0.0010018
6553 6576 0.0010018
6577 6576 0.0010018
86 6577 0.00019624
89 6577 0.00019624
6576 6577 0.00019624
6879 6736 0.0032221
3964 6739 0.57143
6738 6739 0.57143
724 6795 0.00067453
2147 6795 0.00067453
6794 6795 0.00067453
5085 6873 0.031573
5267 6873 0.031573
6873 6874 0.031573
5662 6878 0.14647
5664 6878 0.14647
3792 6879 0.0032221
3713 6920 0.0033794
6921 6920 0.0033794
7114 6920 0.0033794
723 6921 0.00025628
6920 6921 0.00025628
6939 6938 0.00091058
7067 6938 0.00091058
7163 6938 0.00091058
7164 6938 0.00091058
6938 6939 0.00054175
6941 6939 0.00054175
6949 6939 0.00054175
6938 6940 0.00013345
6941 6940 0.00013345
6949 6940 0.00013345
6940 6941 0.00073745
6942 6941 0.00073745
6945 6941 0.00073745
6947 6941 0.00073745
6363 6942 0.00073745
6943 6942 0.00073745
7165 6942 0.00073745
6940 6943 0.00013345
6942 6943 0.00013345
6945 6943 0.00013345
6947 6943 0.00013345
6938 6948 0.0011619
6941 6948 0.0011619
6949 6948 0.0011619
6948 6949 0.00018904
6950 6949 0.00018904
6953 6949 0.00018904
6948 6952 0.0011619
6950 6952 0.0011619
6953 6952 0.0011619
6952 6953 0.00018904
7161 6953 0.00018904
7162 6953 0.00018904
5824 6963 0.10686
6964 6963 0.10686
7100 6963 0.10686
5822 6964 0.096002
6963 6964 0.096002
7102 6964 0.096002
7104 6964 0.096002
6965 6967 0.014121
6968 6967 0.014121
7101 6967 0.014121
3335 6968 0.055549
5823 6968 0.055549
5831 6968 0.055549
6967 6968 0.055549
6969 6971 0.10797
6972 6971 0.10797
6975 6971 0.10797
7066 6971 0.10797
6971 6972 0.018241
6974 6972 0.018241
7064 6972 0.018241
6971 6973 0.10704
6974 6973 0.10704
7064 6973 0.10704
6973 6974 0.036333
6976 6974 0.036333
6978 6974 0.036333
6973 6975 0.062196
6976 6975 0.062196
6978 6975 0.062196
6969 6976 0.19491
6972 6976 0.19491
6975 6976 0.19491
7066 6976 0.19491
6973 6977 0.23716
6976 6977 0.23716
6978 6977 0.23716
3320 6978 0.033735
6977 6978 0.033735
7096 6978 0.033735
6980 6979 0.05596
7065 6979 0.05596
7098 6979 0.05596
6229 6980 1.0127
6979 6980 1.0127
7063 6980 1.0127
6982 6981 0.012089
6984 6981 0.012089
6986 6981 0.012089
6981 6982 0.0012631
6990 6982 0.0012631
6982 6983 0.0039273
6984 6983 0.0039273
6986 6983 0.0039273
3318 6984 0.025653
6983 6984 0.025653
7092 6984 0.025653
6982 6985 0.016788
6984 6985 0.016788
6986 6985 0.016788
6985 6986 0.0058882
6988 6986 0.0058882
6989 6986 0.0058882
6985 6987 0.02517
6988 6987 0.02517
6989 6987 0.02517
6987 6988 0.0034437
6992 6988 0.0034437
6994 6988 0.0034437
6981 6989 0.012089
6990 6989 0.012089
6985 6990 0.0012631
6988 6990 0.0012631
6989 6990 0.0012631
6987 6991 0.018657
6992 6991 0.018657
6994 6991 0.018657
6991 6992 0.0015365
6995 6992 0.0015365
7000 6992 0.0015365
6987 6993 0.014222
6992 6993 0.014222
6994 6993 0.014222
6993 6994 0.0096171
6996 6994 0.0096171
6998 6994 0.0096171
7001 6994 0.0096171
6993 6995 0.0042575
6996 6995 0.0042575
6998 6995 0.0042575
7001 6995 0.0042575
6991 6996 0.016349
6995 6996 0.016349
7000 6996 0.016349
6993 6997 0.027207
6996 6997 0.027207
6998 6997 0.027207
7001 6997 0.027207
6997 6998 0.0054814
7090 6998 0.0054814
7091 6998 0.0054814
6991 6999 0.0059448
6995 6999 0.0059448
7000 6999 0.0059448
6999 7000 0.00091585
7002 7000 0.00091585
7004 7000 0.00091585
6999 7001 0.0059448
7002 7001 0.0059448
7004 7001 0.0059448
6993 7002 0.00091585
6996 7002 0.00091585
6998 7002 0.00091585
7001 7002 0.00091585
2366 7005 0.0065819
7006 7005 0.0065819
7086 7005 0.0065819
3316 7006 0.0095951
7005 7006 0.0095951
7008 7006 0.0095951
7088 7006 0.0095951
6971 7063 0.04894
6974 7063 0.04894
7064 7063 0.04894
6229 7064 0.02992
6979 7064 0.02992
7063 7064 0.02992
6969 7065 0.038392
6972 7065 0.038392
6975 7065 0.038392
7066 7065 0.038392
6980 7066 0.26084
7065 7066 0.26084
7098 7066 0.26084
2366 7085 0.023013
7006 7085 0.023013
7086 7085 0.023013
5670 7086 0.0017518
6385 7086 0.0017518
7085 7086 0.0017518
3316 7087 0.27471
7005 7087 0.27471
7008 7087 0.27471
7088 7087 0.27471
2351 7088 0.00048666
4656 7088 0.00048666
7014 7088 0.00048666
7087 7088 0.00048666
6997 7089 0.25739
7090 7089 0.25739
7091 7089 0.25739
3317 7090 0.00014749
5238 7090 0.00014749
7089 7090 0.00014749
3318 7091 0.24195
6983 7091 0.24195
7092 7091 0.24195
6997 7092 0.0064334
7090 7092 0.0064334
7091 7092 0.0064334
547 7093 0.02292
2073 7093 0.02292
7094 7093 0.02292
3319 7094 0.046152
5985 7094 0.046152
7093 7094 0.046152
7095 7094 0.046152
3320 7095 0.31633
6977 7095 0.31633
7096 7095 0.31633
3319 7096 0.012681
5985 7096 0.012681
7093 7096 0.012681
7095 7096 0.012681
6980 7097 0.7778
7065 7097 0.7778
7098 7097 0.7778
3321 7098 0.043521
3322 7098 0.043521
7097 7098 0.043521
5824 7099 0.067403
6964 7099 0.067403
7100 7099 0.067403
3325 7100 0.17361
3326 7100 0.17361
7099 7100 0.17361
5822 7101 0.014121
6963 7101 0.014121
7102 7101 0.014121
7104 7101 0.014121
6965 7102 0.055549
6968 7102 0.055549
7101 7102 0.055549
5822 7103 0.17047
6963 7103 0.17047
7102 7103 0.17047
7104 7103 0.17047
3323 7104 0.11304
3324 7104 0.11304
7103 7104 0.11304
5954 7112 0.097919
6370 7112 0.097919
6388 7112 0.097919
7111 7112 0.097919
3713 7113 0.0026026
6921 7113 0.0026026
7114 7113 0.0026026
2146 7114 0.0033949
3712 7114 0.0033949
4663 7114 0.0033949
7113 7114 0.0033949
416 7149 0.037433
3096 7149 0.037433
7148 7149 0.037433
3087 7150 0.13659
7151 7150 0.13659
6952 7160 0.0013446
7161 7160 0.0013446
7162 7160 0.0013446
2356 7161 0.0028174
2359 7161 0.0028174
6362 7161 0.0028174
7160 7161 0.0028174
6939 7162 0.00050147
7067 7162 0.00050147
7163 7162 0.00050147
7164 7162 0.00050147
6952 7163 0.0029471
7161 7163 0.0029471
7162 7163 0.0029471
6363 7164 0.00019349
6943 7164 0.00019349
7165 7164 0.00019349
6939 7165 0.0022703
7067 7165 0.0022703
7163 7165 0.0022703
7164 7165 0.0022703
5740 7218 0.00015485
7219 7218 0.00015485
3353 7221 0.01128
3355 7221 0.01128
7220 7221 0.01128
7222 7223 0.041041
7225 7223 0.041041
408 7225 0.041041
1575 7225 0.041041
7224 7225 0.041041
7272 7273 0.00038529
7274 7273 0.00038529
1127 7274 0.00038867
3095 7274 0.00038867
3098 7274 0.00038867
