86 85 0.00093264
89 85 0.00093264
6576 85 0.00093264
85 86 0.0013793
3724 86 0.0013793
3725 86 0.0013793
88 87 0.0012489
90 87 0.0012489
773 87 0.0012489
6568 87 0.0012489
87 88 0.0013388
3728 88 0.0013388
3729 88 0.0013388
88 89 0.00032337
90 89 0.00032337
773 89 0.00032337
6568 89 0.00032337
86 90 0.0020441
89 90 0.0020441
6576 90 0.0020441
92 91 0.0015182
4557 91 0.0015182
6569 91 0.0015182
91 92 0.00067512
3732 92 0.00067512
3733 92 0.00067512
98 97 0.045165
3704 97 0.045165
3705 97 0.045165
97 98 0.017011
412 98 0.017011
6566 98 0.017011
99 100 0.000534
366 100 0.000534
3737 100 0.000534
100 101 0.00017248
102 101 0.00017248
4555 101 0.00017248
101 102 0.00012878
367 102 0.00012878
3738 102 0.00012878
107 108 0.00011233
390 108 0.00011233
391 108 0.00011233
110 109 0.0039237
5717 109 0.0039237
6560 109 0.0039237
109 110 0.32007
782 110 0.32007
784 110 0.32007
112 111 0.00056656
424 111 0.00056656
425 111 0.00056656
6552 111 0.00056656
111 112 0.00035702
387 112 0.00035702
394 112 0.00035702
114 113 0.00052159
422 113 0.00052159
423 113 0.00052159
6550 113 0.00052159
113 114 0.00025445
384 114 0.00025445
385 114 0.00025445
116 115 0.00031239
420 115 0.00031239
421 115 0.00031239
1584 115 0.00031239
115 116 0.00037667
382 116 0.00037667
383 116 0.00037667
134 133 0.0018423
3708 133 0.0018423
3709 133 0.0018423
133 134 0.077016
3052 134 0.077016
365 366 0.00084168
3722 366 0.00084168
3723 366 0.00084168
101 368 0.00036744
367 368 0.00036744
3738 368 0.00036744
370 369 0.00012478
372 369 0.00012478
368 372 0.00012478
371 372 0.00012478
376 372 0.00012478
369 373 0.00040958
374 373 0.00040958
375 373 0.00040958
368 375 0.00029189
371 375 0.00029189
376 375 0.00029189
115 381 0.00046543
382 381 0.00046543
383 381 0.00046543
381 382 0.00021498
400 382 0.00021498
401 382 0.00021498
413 382 0.00021498
113 383 0.00053206
384 383 0.00053206
385 383 0.00053206
115 384 0.00021733
382 384 0.00021733
383 384 0.00021733
380 385 0.0004009
386 385 0.0004009
393 385 0.0004009
113 386 0.00035332
384 386 0.00035332
385 386 0.00035332
388 387 0.00029624
389 387 0.00029624
3717 387 0.00029624
6554 387 0.00029624
111 388 0.00042981
387 388 0.00042981
394 388 0.00042981
388 390 0.00014901
389 390 0.00014901
3717 390 0.00014901
6554 390 0.00014901
111 393 0.00042113
387 393 0.00042113
394 393 0.00042113
380 394 0.00034515
386 394 0.00034515
393 394 0.00034515
108 398 0.00015498
396 398 0.00015498
397 398 0.00015498
402 401 0.00030987
403 401 0.00030987
418 401 0.00030987
419 401 0.00030987
381 402 0.00050621
400 402 0.00050621
401 402 0.00050621
413 402 0.00050621
402 404 0.0024145
403 404 0.0024145
418 404 0.0024145
419 404 0.0024145
97 411 0.045165
412 411 0.045165
6566 411 0.045165
411 412 0.017011
3734 412 0.017011
3735 412 0.017011
414 413 0.00022811
415 413 0.00022811
417 413 0.00022811
381 414 0.0003106
400 414 0.0003106
401 414 0.0003106
413 414 0.0003106
414 416 0.0027069
415 416 0.0027069
417 416 0.0027069
402 417 0.0026451
403 417 0.0026451
418 417 0.0026451
419 417 0.0026451
414 418 0.00012002
415 418 0.00012002
417 418 0.00012002
116 419 0.0047549
420 419 0.0047549
421 419 0.0047549
1584 419 0.0047549
114 421 0.0059598
422 421 0.0059598
423 421 0.0059598
6550 421 0.0059598
112 423 0.0066472
424 423 0.0066472
425 423 0.0066472
6552 423 0.0066472
114 424 0.0001551
422 424 0.0001551
423 424 0.0001551
6550 424 0.0001551
426 425 0.0084536
3720 425 0.0084536
3721 425 0.0084536
4661 425 0.0084536
112 426 0.00018772
424 426 0.00018772
425 426 0.00018772
6552 426 0.00018772
428 427 0.0013963
429 427 0.0013963
3089 427 0.0013963
5680 427 0.0013963
427 428 0.0043842
431 428 0.0043842
3097 428 0.0043842
2279 431 0.060959
5674 431 0.060959
7273 431 0.060959
427 432 0.053905
431 432 0.053905
3097 432 0.053905
6878 434 0.0012543
547 548 0.00011922
2073 548 0.00011922
7094 548 0.00011922
554 553 0.016107
1525 553 0.016107
2824 553 0.016107
553 554 0.080781
3702 554 0.080781
3703 554 0.080781
5260 723 0.0010787
723 724 0.0060735
6920 724 0.0060735
774 773 0.00018276
775 773 0.00018276
88 774 0.0011242
90 774 0.0011242
773 774 0.0011242
6568 774 0.0011242
776 775 0.00018276
6574 775 0.00018276
774 776 0.0011242
775 776 0.0011242
109 781 0.0039237
782 781 0.0039237
784 781 0.0039237
781 782 0.32007
3700 782 0.32007
3701 782 0.32007
948 950 0.00041934
951 950 0.00041934
6355 950 0.00041934
950 951 0.0028848
6352 951 0.0028848
6353 951 0.0028848
6356 951 0.0028848
995 994 0.00074365
6359 994 0.00074365
6360 994 0.00074365
994 995 0.0011016
997 995 0.0011016
2076 995 0.0011016
2077 995 0.0011016
994 996 0.0018247
997 996 0.0018247
2076 996 0.0018247
2077 996 0.0018247
996 997 0.00092047
3119 997 0.00092047
4790 997 0.00092047
6237 997 0.00092047
434 1126 0.063152
5089 1126 0.063152
432 1127 0.0017588
5692 1127 0.0017588
6874 1128 0.050505
5085 1129 0.91573
5267 1129 0.91573
1521 1520 0.00017765
6558 1520 0.00017765
6561 1520 0.00017765
1520 1521 0.11067
1523 1521 0.11067
2825 1521 0.11067
1520 1522 0.00016967
1523 1522 0.00016967
2825 1522 0.00016967
1522 1523 0.029816
2821 1523 0.029816
2827 1523 0.029816
554 1524 0.0084557
1525 1524 0.0084557
2824 1524 0.0084557
1524 1525 0.024626
1968 1525 0.024626
2820 1525 0.024626
1527 1526 0.012675
1967 1526 0.012675
2822 1526 0.012675
1528 1530 0.009599
1531 1530 0.009599
3303 1530 0.009599
1530 1532 0.00052765
1533 1532 0.00052765
2850 1532 0.00052765
1566 1568 0.0054691
1569 1568 0.0054691
5716 1568 0.0054691
1568 1569 0.57883
1571 1569 0.57883
3699 1569 0.57883
1570 1571 0.072173
1573 1571 0.072173
3092 1571 0.072173
1572 1573 0.013578
7223 1573 0.013578
1574 1575 0.013578
1577 1575 0.013578
6571 1575 0.013578
1576 1577 0.0083955
7149 1577 0.0083955
1578 1580 0.00027229
1581 1580 0.00027229
4558 1580 0.00027229
1580 1581 0.00024628
1583 1581 0.00024628
6572 1581 0.00024628
6575 1581 0.00024628
1582 1583 0.0019044
1585 1583 0.0019044
4524 1583 0.0019044
1582 1584 0.00012012
1585 1584 0.00012012
4524 1584 0.00012012
116 1585 0.0013876
420 1585 0.0013876
421 1585 0.0013876
1584 1585 0.0013876
1524 1967 0.0019253
1968 1967 0.0019253
2820 1967 0.0019253
1527 1968 0.035121
1967 1968 0.035121
2822 1968 0.035121
1972 1971 0.046055
3706 1971 0.046055
3707 1971 0.046055
3736 1971 0.046055
1969 1972 0.00023776
1971 1972 0.00023776
2823 1972 0.00023776
1974 1973 0.00025378
6557 1973 0.00025378
1973 1974 0.00076993
3048 1974 0.00076993
2072 2071 0.0007243
2074 2071 0.0007243
2075 2071 0.0007243
3906 2071 0.0007243
2071 2072 0.00053392
6238 2072 0.00053392
6239 2072 0.00053392
2072 2073 0.00027646
2074 2073 0.00027646
2075 2073 0.00027646
3906 2073 0.00027646
994 2075 0.00095526
997 2075 0.00095526
2076 2075 0.00095526
2077 2075 0.00095526
2072 2076 0.00051101
2074 2076 0.00051101
2075 2076 0.00051101
3906 2076 0.00051101
2078 2077 0.002823
2358 2077 0.002823
2361 2077 0.002823
6371 2077 0.002823
994 2078 0.0011166
997 2078 0.0011166
2076 2078 0.0011166
2077 2078 0.0011166
724 2146 0.0060372
2147 2146 0.0060372
6794 2146 0.0060372
2146 2147 0.0010426
3712 2147 0.0010426
4663 2147 0.0010426
7113 2147 0.0010426
2148 2149 0.0010789
6795 2149 0.0010789
1126 2279 0.063124
2350 2351 0.0013506
5671 2351 0.0013506
5836 2351 0.0013506
2353 2352 1.0007
3337 2352 1.0007
2352 2354 0.027114
2355 2354 0.027114
5269 2354 0.027114
2354 2355 0.0023747
2357 2355 0.0023747
2354 2356 0.014138
2357 2356 0.014138
2356 2357 0.0024142
2359 2357 0.0024142
6362 2357 0.0024142
7160 2357 0.0024142
2356 2358 0.014164
2359 2358 0.014164
6362 2358 0.014164
7160 2358 0.014164
2078 2359 0.00057071
2358 2359 0.00057071
2361 2359 0.00057071
6371 2359 0.00057071
2078 2360 0.01079
2358 2360 0.01079
2361 2360 0.01079
6371 2360 0.01079
2360 2361 0.00013593
2363 2361 0.00013593
3120 2361 0.00013593
2360 2362 0.0093028
2363 2362 0.0093028
3120 2362 0.0093028
2362 2364 0.0087908
2365 2364 0.0087908
6395 2364 0.0087908
2364 2366 0.0037025
2367 2366 0.0037025
6366 2366 0.0037025
6367 2366 0.0037025
2366 2367 0.0001333
7006 2367 0.0001333
7086 2367 0.0001333
1522 2820 0.00071958
2821 2820 0.00071958
2827 2820 0.00071958
1524 2821 0.017744
1968 2821 0.017744
2820 2821 0.017744
1969 2822 0.046055
1971 2822 0.046055
2823 2822 0.046055
1527 2823 0.00023776
1967 2823 0.00023776
2822 2823 0.00023776
1520 2824 0.0019999
1523 2824 0.0019999
2825 2824 0.0019999
554 2825 0.082845
1525 2825 0.082845
2824 2825 0.082845
1526 2827 0.012675
2826 2827 0.012675
1530 2849 0.0092998
1533 2849 0.0092998
2850 2849 0.0092998
600 2850 0.00022301
2849 2850 0.00022301
3344 2850 0.00022301
3345 2850 0.00022301
1973 3047 0.00025378
3048 3047 0.00025378
3047 3048 0.00076993
6556 3048 0.00076993
6559 3048 0.00076993
133 3051 0.0018423
3052 3051 0.0018423
3051 3052 0.077016
3710 3052 0.077016
3711 3052 0.077016
3054 3053 0.00021339
3685 3053 0.00021339
3053 3054 0.00013708
3682 3054 0.00013708
3683 3054 0.00013708
3086 3085 0.0011972
5668 3085 0.0011972
5964 3085 0.0011972
3085 3087 0.0011983
3088 3087 0.0011983
5398 3087 0.0011983
3090 3089 0.0039023
5675 3089 0.0039023
5676 3089 0.0039023
7150 3089 0.0039023
428 3090 0.00045773
429 3090 0.00045773
3089 3090 0.00045773
5680 3090 0.00045773
1975 3092 0.058598
3091 3092 0.058598
5682 3092 0.058598
5693 3092 0.058598
416 3095 0.00037453
3096 3095 0.00037453
7148 3095 0.00037453
1127 3096 0.006123
3095 3096 0.006123
3098 3096 0.006123
1127 3097 0.00073834
3095 3097 0.00073834
3098 3097 0.00073834
427 3098 0.004805
431 3098 0.004805
3097 3098 0.004805
3107 3109 0.0013034
3110 3109 0.0013034
3309 3109 0.0013034
3310 3109 0.0013034
3109 3110 0.00016492
3112 3110 0.00016492
3313 3110 0.00016492
3314 3110 0.00016492
3109 3111 0.0003057
3112 3111 0.0003057
3313 3111 0.0003057
3314 3111 0.0003057
3111 3113 0.00013085
3114 3113 0.00013085
6382 3113 0.00013085
6383 3113 0.00013085
3118 3117 0.00075853
6390 3117 0.00075853
6391 3117 0.00075853
2360 3119 0.0021243
2363 3119 0.0021243
3120 3119 0.0021243
996 3120 0.00068128
3119 3120 0.00068128
4790 3120 0.00068128
6237 3120 0.00068128
3124 3123 0.0016037
3307 3123 0.0016037
3308 3123 0.0016037
3637 3123 0.0016037
3123 3124 0.0021088
3126 3124 0.0021088
3312 3124 0.0021088
3123 3125 0.0013827
3126 3125 0.0013827
3312 3125 0.0013827
3125 3126 0.00098613
3128 3126 0.00098613
5949 3126 0.00098613
3125 3127 0.00070253
3128 3127 0.00070253
5949 3127 0.00070253
3127 3128 0.00054873
3130 3128 0.00054873
6380 3128 0.00054873
6381 3128 0.00054873
3127 3129 0.00063416
3130 3129 0.00063416
6380 3129 0.00063416
6381 3129 0.00063416
3129 3130 0.00012051
3132 3130 0.00012051
6105 3130 0.00012051
6108 3130 0.00012051
3129 3131 0.00080798
3132 3131 0.00080798
6105 3131 0.00080798
6108 3131 0.00080798
3131 3133 0.0012842
3134 3133 0.0012842
6402 3133 0.0012842
6403 3133 0.0012842
3136 3135 0.00058887
3305 3135 0.00058887
3306 3135 0.00058887
3135 3136 0.00098847
5948 3136 0.00098847
5953 3136 0.00098847
3138 3137 0.0099104
5832 3137 0.0099104
6422 3137 0.0099104
3137 3138 0.00077618
3302 3138 0.00077618
3338 3138 0.00077618
3140 3139 0.00078533
6372 3139 0.00078533
6373 3139 0.00078533
6407 3139 0.00078533
3139 3140 0.00012066
3910 3140 0.00012066
6112 3140 0.00012066
3142 3141 0.00021371
6414 3141 0.00021371
6415 3141 0.00021371
3141 3142 0.00026528
3144 3142 0.00026528
4787 3142 0.00026528
3141 3143 0.00028826
3144 3143 0.00028826
4787 3143 0.00028826
3143 3144 0.00020675
3146 3144 0.00020675
6374 3144 0.00020675
6375 3144 0.00020675
3143 3145 0.00069628
3146 3145 0.00069628
6374 3145 0.00069628
6375 3145 0.00069628
3145 3147 0.00057811
3148 3147 0.00057811
3911 3147 0.00057811
6109 3147 0.00057811
3137 3303 0.009599
3302 3303 0.009599
3338 3303 0.009599
3136 3304 0.0039961
3305 3304 0.0039961
3306 3304 0.0039961
3304 3305 0.0088453
6420 3305 0.0088453
6421 3305 0.0088453
3124 3306 0.0039284
3307 3306 0.0039284
3308 3306 0.0039284
3637 3306 0.0039284
3136 3307 0.0091772
3305 3307 0.0091772
3306 3307 0.0091772
3107 3308 0.00016492
3110 3308 0.00016492
3309 3308 0.00016492
3310 3308 0.00016492
3124 3309 0.0013034
3307 3309 0.0013034
3308 3309 0.0013034
3637 3309 0.0013034
3109 3312 0.0011767
3112 3312 0.0011767
3313 3312 0.0011767
3314 3312 0.0011767
3123 3313 0.00027506
3126 3313 0.00027506
3312 3313 0.00027506
3317 3316 0.0001669
5238 3316 0.0001669
7089 3316 0.0001669
3319 3318 0.00014224
5985 3318 0.00014224
7093 3318 0.00014224
7095 3318 0.00014224
3323 3325 0.0001133
3324 3325 0.0001133
7103 3325 0.0001133
3325 3327 0.00010686
3326 3327 0.00010686
7099 3327 0.00010686
3137 3337 0.00072662
3302 3337 0.00072662
3338 3337 0.00072662
3343 3338 0.0011706
3639 3338 0.0011706
3962 3338 0.0011706
1532 3340 0.00052765
2851 3340 0.00052765
3339 3340 0.00052765
3340 3341 0.00052765
3342 3341 0.00052765
3960 3341 0.00052765
600 3343 0.0058107
2849 3343 0.0058107
3344 3343 0.0058107
3345 3343 0.0058107
3343 3344 0.017932
3639 3344 0.017932
3962 3344 0.017932
600 3346 0.021294
2849 3346 0.021294
3344 3346 0.021294
3345 3346 0.021294
3347 3348 0.0037226
3354 3348 0.0037226
4683 3348 0.0037226
73 3350 0.0037226
3348 3350 0.0037226
3349 3350 0.0037226
3350 3352 0.0035083
3351 3352 0.0035083
3363 3352 0.0035083
3347 3353 0.017984
3354 3353 0.017984
4683 3353 0.017984
3350 3364 0.00028329
3351 3364 0.00028329
3363 3364 0.00028329
3352 3365 0.00025708
3366 3365 0.00025708
3691 3365 0.00025708
3364 3366 0.00012999
3365 3366 0.00012999
3367 3366 0.00012999
3364 3368 0.00039184
3365 3368 0.00039184
3367 3368 0.00039184
3370 3369 0.0002378
3692 3369 0.0002378
3693 3369 0.0002378
3638 3637 0.0061265
3640 3637 0.0061265
5268 3637 0.0061265
3124 3638 0.010742
3307 3638 0.010742
3308 3638 0.010742
3637 3638 0.010742
3638 3639 0.018685
3640 3639 0.018685
5268 3639 0.018685
3343 3640 0.0056788
3639 3640 0.0056788
3962 3640 0.0056788
3368 3666 0.00053515
3369 3666 0.00053515
3665 3666 0.00053515
3666 3668 0.00060737
3667 3668 0.00060737
5843 3668 0.00060737
3668 3670 0.00021955
3669 3670 0.00021955
6478 3670 0.00021955
3672 3671 0.00013881
3673 3671 0.00013881
3675 3671 0.00013881
3674 3673 0.00024855
3696 3673 0.00024855
3697 3673 0.00024855
3672 3676 0.0001178
3673 3676 0.0001178
3675 3676 0.0001178
3670 3680 0.00030455
3679 3680 0.00030455
5851 3680 0.00030455
3680 3682 0.00086179
3681 3682 0.00086179
3689 3682 0.00086179
6479 3682 0.00086179
3053 3684 0.00095101
3682 3684 0.00095101
3683 3684 0.00095101
3684 3685 0.00021339
3686 3685 0.00021339
3687 3685 0.00021339
3054 3686 0.00013708
3685 3686 0.00013708
3688 3687 0.00017722
3714 3687 0.00017722
3715 3687 0.00017722
3684 3688 0.0010145
3686 3688 0.0010145
3687 3688 0.0010145
3676 3689 0.0001178
3677 3689 0.0001178
3690 3689 0.0001178
3352 3692 0.003379
3366 3692 0.003379
3691 3692 0.003379
3370 3694 0.0031898
3692 3694 0.0031898
3693 3694 0.0031898
3694 3696 0.0031121
3695 3696 0.0031121
6563 3696 0.0031121
3674 3698 0.002879
3696 3698 0.002879
3697 3698 0.002879
781 3699 0.51
3700 3699 0.51
3701 3699 0.51
1568 3700 0.0087913
1571 3700 0.0087913
3699 3700 0.0087913
553 3701 0.81848
3702 3701 0.81848
3703 3701 0.81848
781 3702 0.0011247
3700 3702 0.0011247
3701 3702 0.0011247
98 3703 0.88286
3704 3703 0.88286
3705 3703 0.88286
553 3704 0.00082922
3702 3704 0.00082922
3703 3704 0.00082922
1972 3705 0.91111
3706 3705 0.91111
3707 3705 0.91111
3736 3705 0.91111
98 3706 0.00092895
3704 3706 0.00092895
3705 3706 0.00092895
134 3707 0.91809
3708 3707 0.91809
3709 3707 0.91809
1972 3708 0.00040073
3706 3708 0.00040073
3707 3708 0.00040073
3736 3708 0.00040073
3051 3709 0.84617
3710 3709 0.84617
3711 3709 0.84617
134 3710 0.0036519
3708 3710 0.0036519
3709 3710 0.0036519
2146 3711 0.91774
3712 3711 0.91774
4663 3711 0.91774
7113 3711 0.91774
3688 3713 0.0038438
3714 3713 0.0038438
3715 3713 0.0038438
3713 3714 0.00012788
6921 3714 0.00012788
7114 3714 0.00012788
3642 3715 0.002879
3698 3715 0.002879
3716 3715 0.002879
398 3717 0.00038247
3718 3717 0.00038247
3719 3717 0.00038247
388 3718 0.00040753
389 3718 0.00040753
3717 3718 0.00040753
6554 3718 0.00040753
426 3719 0.00041408
3720 3719 0.00041408
3721 3719 0.00041408
4661 3719 0.00041408
398 3720 0.00054765
3718 3720 0.00054765
3719 3720 0.00054765
426 3722 0.0098574
3720 3722 0.0098574
3721 3722 0.0098574
4661 3722 0.0098574
365 3724 0.0090532
3722 3724 0.0090532
3723 3724 0.0090532
85 3726 0.0086212
3724 3726 0.0086212
3725 3726 0.0086212
3726 3728 0.0090884
3727 3728 0.0090884
4556 3728 0.0090884
373 3729 0.00013319
3730 3729 0.00013319
3731 3729 0.00013319
87 3730 0.0090868
3728 3730 0.0090868
3729 3730 0.0090868
91 3731 0.00013171
3732 3731 0.00013171
3733 3731 0.00013171
373 3732 0.0094466
3730 3732 0.0094466
3731 3732 0.0094466
411 3733 0.00039792
3734 3733 0.00039792
3735 3733 0.00039792
91 3734 0.010556
3732 3734 0.010556
3733 3734 0.010556
1972 3735 0.014991
3706 3735 0.014991
3707 3735 0.014991
3736 3735 0.014991
411 3736 0.053302
3734 3736 0.053302
3735 3736 0.053302
99 3738 0.00032072
366 3738 0.00032072
3737 3738 0.00032072
3907 3906 0.00061369
4019 3906 0.00061369
6228 3906 0.00061369
6358 3906 0.00061369
2072 3907 0.00063049
2074 3907 0.00063049
2075 3907 0.00063049
3906 3907 0.00063049
3909 3908 0.00032077
6113 3908 0.00032077
6400 3908 0.00032077
6401 3908 0.00032077
3145 3910 0.0001135
3148 3910 0.0001135
3911 3910 0.0001135
6109 3910 0.0001135
3139 3911 0.00034493
3910 3911 0.00034493
6112 3911 0.00034493
4685 3962 0.00028618
5086 3962 0.00028618
1129 3964 0.91426
3963 3964 0.91426
4020 4019 0.00067675
6232 4019 0.00067675
6351 4019 0.00067675
3907 4020 0.00064924
4019 4020 0.00064924
6228 4020 0.00064924
6358 4020 0.00064924
4523 4524 0.00066259
4526 4524 0.00066259
6551 4524 0.00066259
4523 4525 0.000341
4526 4525 0.000341
6551 4525 0.000341
4525 4526 0.00063118
6553 4526 0.00063118
6577 4526 0.00063118
3726 4555 0.00013105
3727 4555 0.00013105
4556 4555 0.00013105
100 4556 0.00060487
102 4556 0.00060487
4555 4556 0.00060487
1578 4557 0.00024628
1581 4557 0.00024628
4558 4557 0.00024628
92 4558 0.00027229
4557 4558 0.00027229
6569 4558 0.00027229
2351 4657 0.0024581
4656 4657 0.0024581
7014 4657 0.0024581
7087 4657 0.0024581
4660 4661 0.017984
7221 4661 0.017984
4662 4663 0.91397
6739 4663 0.91397
3341 4683 0.0217
3346 4683 0.0217
4684 4683 0.0217
4788 4787 0.00020179
6408 4787 0.00020179
6409 4787 0.00020179
996 4789 0.0020491
3119 4789 0.0020491
4790 4789 0.0020491
6237 4789 0.0020491
4789 4790 0.00017151
6240 4790 0.00017151
6365 4790 0.00017151
4685 5085 0.0014865
5086 5085 0.0014865
5087 5086 0.0017724
5271 5086 0.0017724
1129 5087 0.0014904
3963 5087 0.0014904
5090 5089 0.061898
5091 5090 0.061921
5838 5090 0.061921
1128 5091 0.050521
5092 5091 0.050521
2149 5260 0.0010787
7287 5260 0.0010787
3638 5267 0.96475
3640 5267 0.96475
5268 5267 0.96475
3138 5268 0.97314
5832 5268 0.97314
6422 5268 0.97314
3122 5269 0.011029
5270 5269 0.011029
6233 5269 0.011029
2753 5270 0.00020163
3327 5270 0.00020163
5237 5270 0.00020163
3964 5271 0.00028223
6738 5271 0.00028223
5666 5662 0.0012505
5667 5662 0.0012505
4657 5666 0.0024585
5663 5666 0.0024585
5665 5666 0.0024585
5666 5668 0.0012108
5667 5668 0.0012108
5670 5671 0.0013475
6385 5671 0.0013475
7085 5671 0.0013475
3090 5674 0.00060667
5675 5674 0.00060667
5676 5674 0.00060667
7150 5674 0.00060667
2279 5675 0.0028433
5674 5675 0.0028433
7273 5675 0.0028433
3094 5680 0.00011714
5681 5680 0.00011714
5683 5680 0.00011714
428 5681 0.0065496
429 5681 0.0065496
3089 5681 0.0065496
5680 5681 0.0065496
3094 5682 0.0065503
5681 5682 0.0065503
5683 5682 0.0065503
1975 5683 0.00011726
3091 5683 0.00011726
5682 5683 0.00011726
5693 5683 0.00011726
432 5693 0.05216
5692 5693 0.05216
110 5716 0.42686
5717 5716 0.42686
6560 5716 0.42686
1566 5717 0.00022262
1569 5717 0.00022262
5716 5717 0.00022262
2352 5832 0.98693
2355 5832 0.98693
5269 5832 0.98693
5837 5838 0.01147
6927 5838 0.01147
7069 5838 0.01147
7112 5838 0.01147
5852 5851 0.00013881
5853 5851 0.00013881
3671 5853 0.00013881
5854 5853 0.00013881
3125 5948 0.00077606
3128 5948 0.00077606
5949 5948 0.00077606
3135 5949 0.00053333
5948 5949 0.00053333
5953 5949 0.00053333
3147 5950 0.00057814
5951 5950 0.00057814
6398 5950 0.00057814
6399 5950 0.00057814
3135 5952 0.00025027
5948 5952 0.00025027
5953 5952 0.00025027
5952 5953 0.00040713
6378 5953 0.00040713
6379 5953 0.00040713
3133 5954 0.0017221
5955 5954 0.0017221
6394 5954 0.0017221
3117 5956 0.0011348
5957 5956 0.0011348
6368 5956 0.0011348
6369 5956 0.0011348
5956 5957 0.00061553
6386 5957 0.00061553
6387 5957 0.00061553
6107 6108 0.00025286
6110 6108 0.00025286
6114 6108 0.00025286
3145 6110 0.00037245
3148 6110 0.00037245
3911 6110 0.00037245
6109 6110 0.00037245
3139 6111 0.00054386
3910 6111 0.00054386
6112 6111 0.00054386
6111 6112 0.00011063
6396 6112 0.00011063
6397 6112 0.00011063
6406 6112 0.00011063
6107 6113 0.00018693
6110 6113 0.00018693
6114 6113 0.00018693
3907 6227 0.00018005
4019 6227 0.00018005
6228 6227 0.00018005
6358 6227 0.00018005
548 6228 0.00015187
6226 6228 0.00015187
6227 6228 0.00015187
6230 6228 0.00015187
548 6229 0.00011169
6226 6229 0.00011169
6227 6229 0.00011169
6230 6229 0.00011169
4020 6231 0.0084318
6232 6231 0.0084318
6351 6231 0.0084318
6231 6233 0.01084
6234 6233 0.01084
6354 6233 0.01084
2071 6237 0.00038967
6238 6237 0.00038967
6239 6237 0.00038967
996 6238 0.00085931
3119 6238 0.00085931
4790 6238 0.00085931
6237 6238 0.00085931
4789 6239 0.00021789
6240 6239 0.00021789
6365 6239 0.00021789
2071 6240 0.0008779
6238 6240 0.0008779
6239 6240 0.0008779
950 6351 0.0084718
6352 6351 0.0084718
6353 6351 0.0084718
6356 6351 0.0084718
2354 6353 0.013015
2357 6353 0.013015
948 6354 0.0028848
951 6354 0.0028848
6355 6354 0.0028848
6231 6355 0.00041934
6234 6355 0.00041934
6354 6355 0.00041934
950 6357 0.0021979
6352 6357 0.0021979
6353 6357 0.0021979
6356 6357 0.0021979
995 6358 0.00058144
6359 6358 0.00058144
6360 6358 0.00058144
3907 6359 0.00059757
4019 6359 0.00059757
6228 6359 0.00059757
6358 6359 0.00059757
6357 6360 0.00086542
6361 6360 0.00086542
995 6361 0.0012395
6359 6361 0.0012395
6360 6361 0.0012395
6357 6362 0.0025249
6361 6362 0.0025249
6363 6364 0.0007353
6943 6364 0.0007353
7165 6364 0.0007353
2364 6365 0.00023302
2367 6365 0.00023302
6366 6365 0.00023302
6367 6365 0.00023302
4789 6366 0.0027707
6240 6366 0.0027707
6365 6366 0.0027707
2364 6368 0.0077566
2367 6368 0.0077566
6366 6368 0.0077566
6367 6368 0.0077566
3117 6370 0.0079233
5957 6370 0.0079233
6368 6370 0.0079233
6369 6370 0.0079233
3140 6371 0.00045218
6372 6371 0.00045218
6373 6371 0.00045218
6407 6371 0.00045218
2078 6372 0.001685
2358 6372 0.001685
2361 6372 0.001685
6371 6372 0.001685
3143 6373 0.00021933
3146 6373 0.00021933
6374 6373 0.00021933
6375 6373 0.00021933
3140 6374 0.0010687
6372 6374 0.0010687
6373 6374 0.0010687
6407 6374 0.0010687
6376 6375 0.00031977
6377 6375 0.00031977
6417 6375 0.00031977
3143 6376 0.0006139
3146 6376 0.0006139
6374 6376 0.0006139
6375 6376 0.0006139
5952 6377 0.00023416
6378 6377 0.00023416
6379 6377 0.00023416
6376 6378 0.00062737
6377 6378 0.00062737
6417 6378 0.00062737
3127 6379 0.00027806
3130 6379 0.00027806
6380 6379 0.00027806
6381 6379 0.00027806
5952 6380 0.00051441
6378 6380 0.00051441
6379 6380 0.00051441
3111 6381 0.0002389
3114 6381 0.0002389
6382 6381 0.0002389
6383 6381 0.0002389
3127 6382 0.0001154
3130 6382 0.0001154
6380 6382 0.0001154
6381 6382 0.0001154
5956 6385 0.00014833
6386 6385 0.00014833
6387 6385 0.00014833
5670 6386 0.0014402
6385 6386 0.0014402
7085 6386 0.0014402
5954 6387 0.00041128
6370 6387 0.00041128
6388 6387 0.00041128
7111 6387 0.00041128
5956 6388 0.0022225
6386 6388 0.0022225
6387 6388 0.0022225
5950 6390 0.0008504
6389 6390 0.0008504
6405 6390 0.0008504
3908 6391 0.00014819
6392 6391 0.00014819
6393 6391 0.00014819
3118 6392 0.00031011
6390 6392 0.00031011
6391 6392 0.00031011
3908 6394 0.0004885
6392 6394 0.0004885
6393 6394 0.0004885
6111 6395 0.00035568
6396 6395 0.00035568
6397 6395 0.00035568
6406 6395 0.00035568
2362 6396 0.00080124
2365 6396 0.00080124
6395 6396 0.00080124
3147 6397 0.00013078
5951 6397 0.00013078
6398 6397 0.00013078
6399 6397 0.00013078
6111 6398 0.00070138
6396 6398 0.00070138
6397 6398 0.00070138
6406 6398 0.00070138
3147 6400 0.00060332
5951 6400 0.00060332
6398 6400 0.00060332
6399 6400 0.00060332
3909 6402 0.00047939
6113 6402 0.00047939
6400 6402 0.00047939
6401 6402 0.00047939
6111 6405 0.00038341
6396 6405 0.00038341
6397 6405 0.00038341
6406 6405 0.00038341
4788 6407 0.00048919
6408 6407 0.00048919
6409 6407 0.00048919
3140 6408 0.00020795
6372 6408 0.00020795
6373 6408 0.00020795
6407 6408 0.00020795
6364 6409 0.00056057
6410 6409 0.00056057
6411 6409 0.00056057
4788 6410 0.00014623
6408 6410 0.00014623
6409 6410 0.00014623
6364 6412 0.00032061
6410 6412 0.00032061
6411 6412 0.00032061
5834 6414 0.00032061
6412 6414 0.00032061
6413 6414 0.00032061
6416 6415 0.0002527
6418 6415 0.0002527
6419 6415 0.0002527
3142 6416 0.00054531
6414 6416 0.00054531
6415 6416 0.00054531
6416 6417 0.00053844
6418 6417 0.00053844
6419 6417 0.00053844
6376 6418 0.00043935
6377 6418 0.00043935
6417 6418 0.00043935
3304 6419 0.00076777
6420 6419 0.00076777
6421 6419 0.00076777
6416 6420 0.00096129
6418 6420 0.00096129
6419 6420 0.00096129
3138 6421 0.0094675
5832 6421 0.0094675
6422 6421 0.0094675
3304 6422 0.0048118
6420 6422 0.0048118
6421 6422 0.0048118
3668 6479 0.0005169
3669 6479 0.0005169
6478 6479 0.0005169
4523 6550 0.00018913
4526 6550 0.00018913
6551 6550 0.00018913
114 6551 0.00050396
422 6551 0.00050396
423 6551 0.00050396
6550 6551 0.00050396
4525 6552 0.00012141
6553 6552 0.00012141
6577 6552 0.00012141
112 6553 0.0016856
424 6553 0.0016856
425 6553 0.0016856
6552 6553 0.0016856
1974 6556 0.00076993
6557 6556 0.00076993
3047 6557 0.00025378
6556 6557 0.00025378
6559 6557 0.00025378
3047 6558 0.00097983
6556 6558 0.00097983
6559 6558 0.00097983
1521 6559 0.00097983
6558 6559 0.00097983
6561 6559 0.00097983
1521 6560 0.11118
6558 6560 0.11118
6561 6560 0.11118
110 6561 0.00068466
5717 6561 0.00068466
6560 6561 0.00068466
92 6568 0.0005433
4557 6568 0.0005433
6569 6568 0.0005433
88 6569 0.0014124
90 6569 0.0014124
773 6569 0.0014124
6568 6569 0.0014124
404 6571 0.0052304
405 6571 0.0052304
6570 6571 0.0052304
6573 6571 0.0052304
1580 6573 0.002894
1583 6573 0.002894
6572 6573 0.002894
6575 6573 0.002894
1580 6574 0.00018276
1583 6574 0.00018276
6572 6574 0.00018276
6575 6574 0.00018276
776 6575 0.0011242
6574 6575 0.0011242
4525 6576 0.0015866
6553 6576 0.0015866
6577 6576 0.0015866
86 6577 0.00031259
89 6577 0.00031259
6576 6577 0.00031259
3964 6739 0.91397
6738 6739 0.91397
724 6795 0.0010789
2147 6795 0.0010789
6794 6795 0.0010789
5085 6873 0.050505
5267 6873 0.050505
6873 6874 0.050505
5662 6878 0.0012543
5664 6878 0.0012543
3713 6920 0.0054047
6921 6920 0.0054047
7114 6920 0.0054047
723 6921 0.0004099
6920 6921 0.0004099
6939 6938 0.00041344
7067 6938 0.00041344
7163 6938 0.00041344
7164 6938 0.00041344
6938 6939 0.00024632
6941 6939 0.00024632
6949 6939 0.00024632
6940 6941 0.00033553
6942 6941 0.00033553
6945 6941 0.00033553
6947 6941 0.00033553
6363 6942 0.00033553
6943 6942 0.00033553
7165 6942 0.00033553
6938 6948 0.00052785
6941 6948 0.00052785
6949 6948 0.00052785
6948 6952 0.00052785
6950 6952 0.00052785
6953 6952 0.00052785
2366 7005 0.0010236
7006 7005 0.0010236
7086 7005 0.0010236
2366 7085 0.0027267
7006 7085 0.0027267
7086 7085 0.0027267
5670 7086 0.00011832
6385 7086 0.00011832
7085 7086 0.00011832
3316 7087 0.001179
7005 7087 0.001179
7008 7087 0.001179
7088 7087 0.001179
6997 7089 0.00014331
7090 7089 0.00014331
7091 7089 0.00014331
3318 7091 0.00013189
6983 7091 0.00013189
7092 7091 0.00013189
547 7093 0.00019686
2073 7093 0.00019686
7094 7093 0.00019686
5954 7112 0.01147
6370 7112 0.01147
6388 7112 0.01147
7111 7112 0.01147
3713 7113 0.004151
6921 7113 0.004151
7114 7113 0.004151
2146 7114 0.0054299
3712 7114 0.0054299
4663 7114 0.0054299
7113 7114 0.0054299
416 7149 0.0083955
3096 7149 0.0083955
7148 7149 0.0083955
3087 7150 0.0011983
7151 7150 0.0011983
6952 7160 0.00062209
7161 7160 0.00062209
7162 7160 0.00062209
2356 7161 0.0012775
2359 7161 0.0012775
6362 7161 0.0012775
7160 7161 0.0012775
6939 7162 0.00023911
7067 7162 0.00023911
7163 7162 0.00023911
7164 7162 0.00023911
6952 7163 0.0013366
7161 7163 0.0013366
7162 7163 0.0013366
6939 7165 0.0010299
7067 7165 0.0010299
7163 7165 0.0010299
7164 7165 0.0010299
3353 7221 0.017984
3355 7221 0.017984
7220 7221 0.017984
7222 7223 0.013578
7225 7223 0.013578
408 7225 0.013578
1575 7225 0.013578
7224 7225 0.013578
