10 9 1.0001
1054 9 1.0001
2200 9 1.0001
24 23 0.00081024
894 23 0.00081024
1646 23 0.00081024
6003 23 0.00081024
23 24 0.0018885
26 24 0.0018885
1614 24 0.0018885
23 25 0.00037975
26 25 0.00037975
1614 25 0.00037975
25 26 0.00088257
2202 26 0.00088257
2536 26 0.00088257
895 894 0.0064642
896 894 0.0064642
1652 894 0.0064642
2534 894 0.0064642
24 895 0.0041299
894 895 0.0041299
1646 895 0.0041299
6003 895 0.0041299
897 896 0.00020604
898 896 0.00020604
2532 896 0.00020604
6007 896 0.00020604
895 897 0.00055899
896 897 0.00055899
1652 897 0.00055899
2534 897 0.00055899
923 922 0.0067823
924 922 0.0067823
4823 922 0.0067823
922 923 0.0012584
1062 923 0.0012584
1649 923 0.0012584
925 924 0.005278
4822 924 0.005278
4825 924 0.005278
923 925 0.0011578
924 925 0.0011578
4823 925 0.0011578
927 926 0.00018901
1644 926 0.00018901
4531 926 0.00018901
929 928 0.0022821
2213 928 0.0022821
4821 928 0.0022821
928 929 0.00024395
931 929 0.00024395
1643 929 0.00024395
4826 929 0.00024395
928 930 0.0014951
931 930 0.0014951
1643 930 0.0014951
4826 930 0.0014951
41 931 0.00020889
926 931 0.00020889
930 931 0.00020889
4824 931 0.00020889
932 934 0.00010313
935 934 0.00010313
1609 934 0.00010313
934 936 0.00030145
937 936 0.00030145
6006 936 0.00030145
936 938 0.00021687
939 938 0.00021687
1611 938 0.00021687
1055 1054 0.00055633
2083 1054 0.00055633
10 1055 0.00077703
1054 1055 0.00077703
2200 1055 0.00077703
1056 1057 0.00015105
2209 1057 0.00015105
2214 1057 0.00015105
9 1062 0.99451
1063 1062 0.99451
2210 1062 0.99451
1608 1609 0.0001029
2531 1609 0.0001029
6008 1609 0.0001029
936 1610 0.00027154
939 1610 0.00027154
1611 1610 0.00027154
1610 1611 0.00019308
2527 1611 0.00019308
2528 1611 0.00019308
6004 1611 0.00019308
938 1612 0.00018163
941 1612 0.00018163
1613 1612 0.00018163
1612 1614 0.0011799
1615 1614 0.0011799
2525 1614 0.0011799
2526 1614 0.0011799
23 1615 0.00027579
26 1615 0.00027579
1614 1615 0.00027579
23 1616 0.00032867
26 1616 0.00032867
1614 1616 0.00032867
928 1644 0.00020191
931 1644 0.00020191
1643 1644 0.00020191
4826 1644 0.00020191
24 1645 0.0094136
894 1645 0.0094136
1646 1645 0.0094136
6003 1645 0.0094136
1645 1646 0.0049952
1648 1646 0.0049952
1645 1647 0.0094136
1648 1647 0.0094136
1647 1648 0.0049952
1650 1648 0.0049952
1651 1648 0.0049952
922 1650 1
1062 1650 1
1649 1650 1
895 1651 0.0034423
896 1651 0.0034423
1652 1651 0.0034423
2534 1651 0.0034423
1647 1652 0.007874
1650 1652 0.007874
1651 1652 0.007874
2080 2079 0.00077287
7234 2079 0.00077287
2081 2080 0.00077827
2207 2080 0.00077827
2082 2081 0.00077827
2206 2081 0.00077827
1055 2082 0.00077827
2083 2082 0.00077827
2079 2083 0.00055758
2201 2083 0.00055758
1616 2200 1.0003
6248 2200 1.0003
25 2201 0.0003786
2202 2201 0.0003786
2536 2201 0.0003786
2079 2202 0.00059389
2201 2202 0.00059389
9 2209 0.005772
1063 2209 0.005772
2210 2209 0.005772
1056 2210 0.0001534
2209 2210 0.0001534
2214 2210 0.0001534
1056 2213 0.0056402
2209 2213 0.0056402
2214 2213 0.0056402
929 2214 0.00011743
2213 2214 0.00011743
4821 2214 0.00011743
1612 2524 0.00033674
1615 2524 0.00033674
2525 2524 0.00033674
2526 2524 0.00033674
2524 2525 0.00011064
2537 2525 0.00011064
2538 2525 0.00011064
1610 2526 0.0013118
2527 2526 0.0013118
2528 2526 0.0013118
6004 2526 0.0013118
1612 2527 0.00030892
1615 2527 0.00030892
2525 2527 0.00030892
2526 2527 0.00030892
2529 2528 0.0023619
2530 2528 0.0023619
2535 2528 0.0023619
6005 2528 0.0023619
1610 2529 0.00043172
2527 2529 0.00043172
2528 2529 0.00043172
6004 2529 0.00043172
1608 2530 0.00052006
2531 2530 0.00052006
6008 2530 0.00052006
2529 2531 0.00015989
2530 2531 0.00015989
2535 2531 0.00015989
6005 2531 0.00015989
2529 2534 0.00058106
2530 2534 0.00058106
2535 2534 0.00058106
6005 2534 0.00058106
895 2535 0.0023254
896 2535 0.0023254
1652 2535 0.0023254
2534 2535 0.0023254
2524 2536 0.00036514
2537 2536 0.00036514
2538 2536 0.00036514
925 4821 0.00061487
4822 4821 0.00061487
4825 4821 0.00061487
929 4822 0.0040995
2213 4822 0.0040995
4821 4822 0.0040995
41 4823 0.001623
926 4823 0.001623
930 4823 0.001623
4824 4823 0.001623
923 4824 0.0002193
924 4824 0.0002193
4823 4824 0.0002193
928 4825 0.0013993
931 4825 0.0013993
1643 4825 0.0013993
4826 4825 0.0013993
925 4826 0.00076369
4822 4826 0.00076369
4825 4826 0.00076369
1610 6003 0.0025301
2527 6003 0.0025301
2528 6003 0.0025301
6004 6003 0.0025301
24 6004 0.0015243
894 6004 0.0015243
1646 6004 0.0015243
6003 6004 0.0015243
2529 6006 0.00026092
2530 6006 0.00026092
2535 6006 0.00026092
6005 6006 0.00026092
1608 6007 0.0001122
2531 6007 0.0001122
6008 6007 0.0001122
897 6008 0.0005595
898 6008 0.0005595
2532 6008 0.0005595
6007 6008 0.0005595
6247 6248 1
