548 547 0.59106
6226 547 0.59106
6227 547 0.59106
6230 547 0.59106
547 548 0.0028589
2073 548 0.0028589
7094 548 0.0028589
943 942 0.00017828
4221 942 0.00017828
4815 942 0.00017828
942 943 0.046008
945 943 0.046008
5898 943 0.046008
7252 943 0.046008
944 945 0.0015079
947 945 0.0015079
4210 945 0.0015079
948 950 0.00035364
951 950 0.00035364
6355 950 0.00035364
995 994 0.0085342
6359 994 0.0085342
6360 994 0.0085342
994 995 0.00052606
997 995 0.00052606
2076 995 0.00052606
2077 995 0.00052606
994 996 0.0017447
997 996 0.0017447
2076 996 0.0017447
2077 996 0.0017447
996 997 0.00055548
3119 997 0.00055548
4790 997 0.00055548
6237 997 0.00055548
1656 1655 0.0041327
5746 1655 0.0041327
5748 1655 0.0041327
1655 1656 0.34932
5745 1656 0.34932
5901 1656 0.34932
5904 1656 0.34932
1658 1657 0.00017828
5747 1657 0.00017828
5907 1657 0.00017828
5984 1657 0.00017828
1657 1658 0.046008
4219 1658 0.046008
4817 1658 0.046008
2072 2071 0.00038705
2074 2071 0.00038705
2075 2071 0.00038705
3906 2071 0.00038705
2071 2072 0.002133
6238 2072 0.002133
6239 2072 0.002133
2072 2073 0.056171
2074 2073 0.056171
2075 2073 0.056171
3906 2073 0.056171
547 2074 0.0017203
2073 2074 0.0017203
7094 2074 0.0017203
994 2075 0.009276
997 2075 0.009276
2076 2075 0.009276
2077 2075 0.009276
2072 2076 0.0012876
2074 2076 0.0012876
2075 2076 0.0012876
3906 2076 0.0012876
2078 2077 0.0016462
2358 2077 0.0016462
2361 2077 0.0016462
6371 2077 0.0016462
994 2078 0.00047676
997 2078 0.00047676
2076 2078 0.00047676
2077 2078 0.00047676
2344 2346 0.00038686
2347 2346 0.00038686
5906 2346 0.00038686
2346 2347 0.0035572
6960 2347 0.0035572
7108 2347 0.0035572
2349 2348 0.00045443
5903 2348 0.00045443
5986 2348 0.00045443
7105 2348 0.00045443
2348 2349 0.0039368
5239 2349 0.0039368
5739 2349 0.0039368
2352 2354 0.00060359
2355 2354 0.00060359
5269 2354 0.00060359
2354 2356 0.00032467
2357 2356 0.00032467
2356 2358 0.0017931
2359 2358 0.0017931
6362 2358 0.0017931
7160 2358 0.0017931
2078 2360 0.00073421
2358 2360 0.00073421
2361 2360 0.00073421
6371 2360 0.00073421
2360 2362 0.00014438
2363 2362 0.00014438
3120 2362 0.00014438
2362 2364 0.00014451
2365 2364 0.00014451
6395 2364 0.00014451
2364 2366 0.00011951
2367 2366 0.00011951
6366 2366 0.00011951
6367 2366 0.00011951
2360 3119 0.00066322
2363 3119 0.00066322
3120 3119 0.00066322
996 3120 0.00012323
3119 3120 0.00012323
4790 3120 0.00012323
6237 3120 0.00012323
3122 3121 0.00015724
5270 3121 0.00015724
6233 3121 0.00015724
3316 3317 0.00011892
7005 3317 0.00011892
7008 3317 0.00011892
7088 3317 0.00011892
3319 3318 0.0099403
5985 3318 0.0099403
7093 3318 0.0099403
7095 3318 0.0099403
3318 3319 0.0060886
6983 3319 0.0060886
7092 3319 0.0060886
3321 3320 0.22176
3322 3320 0.22176
7097 3320 0.22176
3320 3321 0.052657
6977 3321 0.052657
7096 3321 0.052657
3323 3322 0.22395
3324 3322 0.22395
7103 3322 0.22395
3321 3323 0.014474
3322 3323 0.014474
7097 3323 0.014474
3325 3324 0.058174
3326 3324 0.058174
7099 3324 0.058174
3323 3325 0.084338
3324 3325 0.084338
7103 3325 0.084338
2753 3326 0.00015727
3327 3326 0.00015727
5237 3326 0.00015727
3325 3327 0.0045742
3326 3327 0.0045742
7099 3327 0.0045742
3332 3331 0.001969
3334 3331 0.001969
3331 3332 0.11107
5827 3332 0.11107
5829 3332 0.11107
3332 3333 0.11107
3334 3333 0.11107
3333 3334 0.001969
3336 3334 0.001969
6225 3334 0.001969
3333 3335 0.020854
3336 3335 0.020854
6225 3335 0.020854
3335 3336 0.69786
5823 3336 0.69786
5831 3336 0.69786
6967 3336 0.69786
3907 3906 0.046633
4019 3906 0.046633
6228 3906 0.046633
6358 3906 0.046633
2072 3907 0.0019164
2074 3907 0.0019164
2075 3907 0.0019164
3906 3907 0.0019164
4020 4019 0.0038945
6232 4019 0.0038945
6351 4019 0.0038945
3907 4020 0.00056237
4019 4020 0.00056237
6228 4020 0.00056237
6358 4020 0.00056237
4205 4206 0.0014838
5741 4206 0.0014838
5742 4206 0.0014838
4204 4208 0.0018121
4206 4208 0.0018121
4207 4208 0.0018121
4211 4208 0.0018121
4201 4210 0.0015079
4208 4210 0.0015079
4209 4210 0.0015079
5909 4210 0.0015079
4212 4211 0.0004973
4214 4211 0.0004973
4204 4212 0.00016301
4206 4212 0.00016301
4207 4212 0.00016301
4211 4212 0.00016301
4212 4213 0.00016301
4214 4213 0.00016301
4213 4214 0.0004973
5743 4214 0.0004973
5744 4214 0.0004973
4220 4219 0.046008
4222 4219 0.046008
1657 4220 0.00017828
4219 4220 0.00017828
4817 4220 0.00017828
4220 4221 0.00017828
4222 4221 0.00017828
943 4222 0.046008
4221 4222 0.046008
4815 4222 0.046008
996 4789 0.00029121
3119 4789 0.00029121
4790 4789 0.00029121
6237 4789 0.00029121
4789 4790 0.00011544
6240 4790 0.00011544
6365 4790 0.00011544
3121 5237 0.00017107
3328 5237 0.00017107
3329 5237 0.00017107
3317 5239 0.0040586
5238 5239 0.0040586
7089 5239 0.0040586
3122 5269 0.00063171
5270 5269 0.00063171
6233 5269 0.00063171
2753 5270 0.0045684
3327 5270 0.0045684
5237 5270 0.0045684
2348 5738 0.00049542
5239 5738 0.00049542
5739 5738 0.00049542
5740 5741 0.00049459
7219 5741 0.00049459
4213 5742 0.0014001
5743 5742 0.0014001
5744 5742 0.0014001
4205 5743 0.0004446
5741 5743 0.0004446
5742 5743 0.0004446
1655 5744 0.0018701
5745 5744 0.0018701
5901 5744 0.0018701
5904 5744 0.0018701
4213 5745 0.0005803
5743 5745 0.0005803
5744 5745 0.0005803
1658 5746 0.0041327
5747 5746 0.0041327
5907 5746 0.0041327
5984 5746 0.0041327
1656 5747 0.34932
5746 5747 0.34932
5748 5747 0.34932
3335 5822 0.22045
5823 5822 0.22045
5831 5822 0.22045
6967 5822 0.22045
5822 5823 0.1593
6963 5823 0.1593
7102 5823 0.1593
7104 5823 0.1593
5825 5824 0.049465
5826 5824 0.049465
5830 5824 0.049465
5824 5825 0.14201
6964 5825 0.14201
7100 5825 0.14201
3331 5826 0.001969
5827 5826 0.001969
5829 5826 0.001969
5825 5827 0.11107
5826 5827 0.11107
5830 5827 0.11107
3335 5830 0.14312
5823 5830 0.14312
5831 5830 0.14312
6967 5830 0.14312
5825 5831 0.12657
5826 5831 0.12657
5830 5831 0.12657
942 5897 0.00081559
945 5897 0.00081559
5898 5897 0.00081559
7252 5897 0.00081559
5897 5898 0.045195
5900 5898 0.045195
5983 5898 0.045195
5899 5900 0.64376
5902 5900 0.64376
5910 5900 0.64376
5899 5901 0.00017044
5902 5901 0.00017044
5910 5901 0.00017044
1655 5902 0.64354
5745 5902 0.64354
5901 5902 0.64354
5904 5902 0.64354
2349 5904 0.98986
5903 5904 0.98986
5986 5904 0.98986
7105 5904 0.98986
2344 5905 0.0036063
2347 5905 0.0036063
5906 5905 0.0036063
5905 5906 0.00038471
6955 5906 0.00038471
7110 5906 0.00038471
719 5907 0.0099886
5908 5907 0.0099886
7109 5907 0.0099886
1658 5908 0.00029769
5747 5908 0.00029769
5907 5908 0.00029769
5984 5908 0.00029769
5899 5909 0.0010801
5902 5909 0.0010801
5910 5909 0.0010801
4201 5910 0.0013769
4208 5910 0.0013769
4209 5910 0.0013769
5909 5910 0.0013769
1658 5983 0.0011641
5747 5983 0.0011641
5907 5983 0.0011641
5984 5983 0.0011641
5897 5984 0.60045
5900 5984 0.60045
5983 5984 0.60045
2349 5985 0.00012519
5903 5985 0.00012519
5986 5985 0.00012519
7105 5985 0.00012519
3319 5986 0.99613
5985 5986 0.99613
7093 5986 0.99613
7095 5986 0.99613
548 6225 0.00052154
6226 6225 0.00052154
6227 6225 0.00052154
6230 6225 0.00052154
3333 6226 0.78663
3336 6226 0.78663
6225 6226 0.78663
3907 6227 0.0034861
4019 6227 0.0034861
6228 6227 0.0034861
6358 6227 0.0034861
548 6228 0.05366
6226 6228 0.05366
6227 6228 0.05366
6230 6228 0.05366
548 6229 0.20166
6226 6229 0.20166
6227 6229 0.20166
6230 6229 0.20166
6229 6230 0.053922
6979 6230 0.053922
7063 6230 0.053922
4020 6231 0.00019936
6232 6231 0.00019936
6351 6231 0.00019936
6231 6232 0.0036697
6234 6232 0.0036697
6354 6232 0.0036697
3122 6234 0.0038265
5270 6234 0.0038265
6233 6234 0.0038265
2071 6237 0.00031139
6238 6237 0.00031139
6239 6237 0.00031139
996 6238 0.0018649
3119 6238 0.0018649
4790 6238 0.0018649
6237 6238 0.0018649
4789 6239 0.00030951
6240 6239 0.00030951
6365 6239 0.00030951
2071 6240 0.000117
6238 6240 0.000117
6239 6240 0.000117
950 6351 0.00037647
6352 6351 0.00037647
6353 6351 0.00037647
6356 6351 0.00037647
4020 6352 0.00051469
6232 6352 0.00051469
6351 6352 0.00051469
2354 6353 0.00032024
2357 6353 0.00032024
6231 6355 0.00035364
6234 6355 0.00035364
6354 6355 0.00035364
950 6357 0.0008454
6352 6357 0.0008454
6353 6357 0.0008454
6356 6357 0.0008454
995 6358 0.00094139
6359 6358 0.00094139
6360 6358 0.00094139
3907 6359 0.0097303
4019 6359 0.0097303
6228 6359 0.0097303
6358 6359 0.0097303
6357 6360 0.00074386
6361 6360 0.00074386
995 6361 0.0015246
6359 6361 0.0015246
6360 6361 0.0015246
6357 6362 0.0015559
6361 6362 0.0015559
5905 6954 0.00012507
6955 6954 0.00012507
7110 6954 0.00012507
6954 6955 0.0065944
6957 6955 0.0065944
6959 6955 0.0065944
2346 6959 0.0065944
6960 6959 0.0065944
7108 6959 0.0065944
6954 6960 0.00012507
6957 6960 0.00012507
6959 6960 0.00012507
5824 6963 0.064317
6964 6963 0.064317
7100 6963 0.064317
5822 6964 0.13512
6963 6964 0.13512
7102 6964 0.13512
7104 6964 0.13512
6966 6965 1
6965 6967 0.81244
6968 6967 0.81244
7101 6967 0.81244
3335 6968 0.057732
5823 6968 0.057732
5831 6968 0.057732
6967 6968 0.057732
6969 6971 0.09263
6972 6971 0.09263
6975 6971 0.09263
7066 6971 0.09263
6971 6972 0.055757
6974 6972 0.055757
7064 6972 0.055757
6971 6973 0.21634
6974 6973 0.21634
7064 6973 0.21634
6973 6974 0.020924
6976 6974 0.020924
6978 6974 0.020924
6973 6975 0.1033
6976 6975 0.1033
6978 6975 0.1033
6969 6976 0.095998
6972 6976 0.095998
6975 6976 0.095998
7066 6976 0.095998
6973 6977 0.24529
6976 6977 0.24529
6978 6977 0.24529
3320 6978 0.05718
6977 6978 0.05718
7096 6978 0.05718
6980 6979 0.096244
7065 6979 0.096244
7098 6979 0.096244
6229 6980 0.08544
6979 6980 0.08544
7063 6980 0.08544
6982 6981 0.0029827
6984 6981 0.0029827
6986 6981 0.0029827
6981 6982 0.00057722
6990 6982 0.00057722
6982 6983 0.0020389
6984 6983 0.0020389
6986 6983 0.0020389
3318 6984 0.0056794
6983 6984 0.0056794
7092 6984 0.0056794
6982 6985 0.0034837
6984 6985 0.0034837
6986 6985 0.0034837
6985 6986 0.0022487
6988 6986 0.0022487
6989 6986 0.0022487
6985 6987 0.0050119
6988 6987 0.0050119
6989 6987 0.0050119
6987 6988 0.0013715
6992 6988 0.0013715
6994 6988 0.0013715
6981 6989 0.0029827
6990 6989 0.0029827
6985 6990 0.00057722
6988 6990 0.00057722
6989 6990 0.00057722
6987 6991 0.003935
6992 6991 0.003935
6994 6991 0.003935
6991 6992 0.00044669
6995 6992 0.00044669
7000 6992 0.00044669
6987 6993 0.0026901
6992 6993 0.0026901
6994 6993 0.0026901
6993 6994 0.002538
6996 6994 0.002538
6998 6994 0.002538
7001 6994 0.002538
6993 6995 0.0010625
6996 6995 0.0010625
6998 6995 0.0010625
7001 6995 0.0010625
6991 6996 0.0033902
6995 6996 0.0033902
7000 6996 0.0033902
6993 6997 0.0050373
6996 6997 0.0050373
6998 6997 0.0050373
7001 6997 0.0050373
6997 6998 0.0013968
7090 6998 0.0013968
7091 6998 0.0013968
6991 6999 0.001366
6995 6999 0.001366
7000 6999 0.001366
6999 7000 0.00020542
7002 7000 0.00020542
7004 7000 0.00020542
6999 7001 0.001366
7002 7001 0.001366
7004 7001 0.001366
6993 7002 0.00020542
6996 7002 0.00020542
6998 7002 0.00020542
7001 7002 0.00020542
2366 7005 0.00010932
7006 7005 0.00010932
7086 7005 0.00010932
6971 7063 0.021783
6974 7063 0.021783
7064 7063 0.021783
6229 7064 0.18032
6979 7064 0.18032
7063 7064 0.18032
6969 7065 0.060729
6972 7065 0.060729
6975 7065 0.060729
7066 7065 0.060729
6980 7066 0.090298
7065 7066 0.090298
7098 7066 0.090298
6997 7089 0.0040346
7090 7089 0.0040346
7091 7089 0.0040346
3317 7090 0.00018292
5238 7090 0.00018292
7089 7090 0.00018292
3318 7091 0.0050738
6983 7091 0.0050738
7092 7091 0.0050738
6997 7092 0.0048626
7090 7092 0.0048626
7091 7092 0.0048626
547 7093 0.64363
2073 7093 0.64363
7094 7093 0.64363
3319 7094 0.00097515
5985 7094 0.00097515
7093 7094 0.00097515
7095 7094 0.00097515
3320 7095 0.42372
6977 7095 0.42372
7096 7095 0.42372
3319 7096 0.066511
5985 7096 0.066511
7093 7096 0.066511
7095 7096 0.066511
6980 7097 0.053843
7065 7097 0.053843
7098 7097 0.053843
3321 7098 0.094215
3322 7098 0.094215
7097 7098 0.094215
5824 7099 0.060211
6964 7099 0.060211
7100 7099 0.060211
3325 7100 0.081957
3326 7100 0.081957
7099 7100 0.081957
5822 7101 0.0098362
6963 7101 0.0098362
7102 7101 0.0098362
7104 7101 0.0098362
6965 7102 0.25512
6968 7102 0.25512
7101 7102 0.25512
5822 7103 0.24843
6963 7103 0.24843
7102 7103 0.24843
7104 7103 0.24843
3323 7104 0.012797
3324 7104 0.012797
7103 7104 0.012797
6961 7105 0.00014556
7106 7105 0.00014556
7107 7105 0.00014556
2349 7106 0.0097852
5903 7106 0.0097852
5986 7106 0.0097852
7105 7106 0.0097852
2346 7107 0.00014556
6960 7107 0.00014556
7108 7107 0.00014556
6961 7108 0.0097852
7106 7108 0.0097852
7107 7108 0.0097852
5905 7109 0.0099886
6955 7109 0.0099886
7110 7109 0.0099886
719 7110 0.00029769
5908 7110 0.00029769
7109 7110 0.00029769
5241 7219 0.00049459
5738 7219 0.00049459
7218 7219 0.00049459
