53 54 0.00014074
2159 54 0.00014074
2160 54 0.00014074
282 281 0.00017646
1741 281 0.00017646
6704 281 0.00017646
557 558 0.96512
6037 558 0.96512
6465 558 0.96512
5067 579 0.00069968
6033 579 0.00069968
5764 853 0.00034332
6814 853 0.00034332
54 1741 0.00017646
1742 1741 0.00017646
1743 1741 0.00017646
1750 1749 0.00011443
1752 1749 0.00011443
2158 1749 0.00011443
1750 1751 0.0001085
1752 1751 0.0001085
2158 1751 0.0001085
1751 1752 0.00025793
4538 1752 0.00025793
6275 1752 0.00025793
6277 1752 0.00025793
281 1754 0.00083242
1753 1754 0.00083242
6278 1754 0.00083242
1756 1755 0.0024522
1757 1755 0.0024522
2157 1755 0.0024522
1755 1756 0.00051774
4537 1756 0.00051774
6038 1756 0.00051774
1760 1759 0.00051774
1761 1759 0.00051774
2156 1759 0.00051774
1759 1760 0.0024522
1765 1760 0.0024522
6276 1760 0.0024522
1766 1765 0.00042851
3587 1765 0.00042851
3590 1765 0.00042851
1759 1766 0.00053477
1765 1766 0.00053477
6276 1766 0.00053477
1779 1780 0.59493
3663 1780 0.59493
5769 1780 0.59493
571 1782 0.59493
1780 1782 0.59493
1781 1782 0.59493
1782 1784 0.99997
1783 1784 0.99997
1803 1784 0.99997
1786 1785 0.0060182
1787 1785 0.0060182
5989 1785 0.0060182
1784 1786 0.038904
1785 1786 0.038904
1801 1786 0.038904
1788 1787 0.0011491
1789 1787 0.0011491
1799 1787 0.0011491
1786 1788 0.0043613
1787 1788 0.0043613
5989 1788 0.0043613
1790 1789 0.00041791
1791 1789 0.00041791
1797 1789 0.00041791
1788 1790 0.0019522
1789 1790 0.0019522
1799 1790 0.0019522
1794 1793 0.0035164
1796 1793 0.0035164
1793 1794 0.00026999
1802 1794 0.00026999
5990 1794 0.00026999
1794 1795 0.00026999
1796 1795 0.00026999
1795 1796 0.0035164
1798 1796 0.0035164
1800 1796 0.0035164
1795 1797 0.00038569
1798 1797 0.00038569
1800 1797 0.00038569
1790 1798 0.0019542
1791 1798 0.0019542
1797 1798 0.0019542
1795 1799 0.00080276
1798 1799 0.00080276
1800 1799 0.00080276
1788 1800 0.0024806
1789 1800 0.0024806
1799 1800 0.0024806
1793 1801 0.037745
1802 1801 0.037745
5990 1801 0.037745
1784 1802 0.0048247
1785 1802 0.0048247
1801 1802 0.0048247
1804 1803 0.40628
2284 1803 0.40628
6475 1803 0.40628
1782 1804 0.0012318
1783 1804 0.0012318
1803 1804 0.0012318
4601 1809 0.0011396
5066 1809 0.0011396
1756 2156 0.00051774
1757 2156 0.00051774
2157 2156 0.00051774
1760 2157 0.0024522
1761 2157 0.0024522
2156 2157 0.0024522
1750 2159 0.0001477
1752 2159 0.0001477
2158 2159 0.0001477
3664 2749 0.00024372
6466 2749 0.00024372
1754 3587 0.00083242
3585 3587 0.00083242
3588 3587 0.00083242
1766 3589 1.0009
3587 3589 1.0009
3590 3589 1.0009
1779 3664 0.00024337
3663 3664 0.00024337
5769 3664 0.00024337
1751 4537 0.0009401
4538 4537 0.0009401
6275 4537 0.0009401
6277 4537 0.0009401
1755 4538 0.0037878
4537 4538 0.0037878
6038 4538 0.0037878
1763 4599 1.0009
3589 4599 1.0009
4600 4599 1.0009
579 4601 0.00069968
6810 4601 0.00069968
5067 5066 0.00078326
6033 5066 0.00078326
5068 5067 0.0011774
6463 5067 0.0011774
4601 5764 0.00034332
5066 5764 0.00034332
853 5765 0.0014621
1809 5765 0.0014621
6822 5766 0.035139
2190 5768 0.033677
5767 5768 0.033677
6464 5768 0.033677
558 5769 0.5952
5766 5769 0.5952
6474 5769 0.5952
1793 5989 0.0051815
1802 5989 0.0051815
5990 5989 0.0051815
1786 5990 0.034855
1787 5990 0.034855
5989 5990 0.034855
4541 6033 0.00030553
6034 6033 0.00030553
5068 6034 0.00030553
6463 6034 0.00030553
1755 6037 0.0033424
4537 6037 0.0033424
6038 6037 0.0033424
557 6038 0.0042557
6037 6038 0.0042557
6465 6038 0.0042557
1759 6275 0.00069904
1765 6275 0.00069904
6276 6275 0.00069904
1751 6276 0.0027398
4538 6276 0.0027398
6275 6276 0.0027398
6277 6276 0.0027398
281 6277 0.00019645
1753 6277 0.00019645
6278 6277 0.00019645
1751 6278 0.00085398
4538 6278 0.00085398
6275 6278 0.00085398
6277 6278 0.00085398
2190 6463 0.0014621
5767 6463 0.0014621
6464 6463 0.0014621
6747 6464 0.035139
2749 6465 1.0012
4599 6465 1.0012
1804 6474 0.0012318
2284 6474 0.0012318
6475 6474 0.0012318
558 6475 0.40628
5766 6475 0.40628
6474 6475 0.40628
557 6747 0.035139
6037 6747 0.035139
6465 6747 0.035139
580 6822 0.035139
5765 6822 0.035139
5768 6822 0.035139
