295 296 0.00013566
297 296 0.00013566
298 297 0.00013566
1338 297 0.00013566
1403 297 0.00013566
5596 297 0.00013566
309 310 0.001109
2145 310 0.001109
5494 310 0.001109
1316 1315 0.0001102
2451 1315 0.0001102
2452 1315 0.0001102
1315 1316 0.00078172
2501 1316 0.00078172
2502 1316 0.00078172
1318 1317 0.00015796
1432 1317 0.00015796
2453 1317 0.00015796
1317 1318 0.00013979
2500 1318 0.00013979
5368 1318 0.00013979
1337 1338 0.00013814
1831 1338 0.00013814
5653 1338 0.00013814
1431 1432 0.00016835
1846 1432 0.00016835
2454 1432 0.00016835
296 1822 0.00013566
299 1822 0.00013566
1823 1822 0.00013566
1827 1826 0.0011071
2656 1826 0.0011071
4672 1826 0.0011071
1337 1830 0.00015583
1831 1830 0.00015583
5653 1830 0.00015583
1830 1831 0.00015548
3153 1831 0.00015548
3156 1831 0.00015548
5514 1831 0.00015548
1833 1832 0.0011498
1837 1832 0.0011498
5638 1832 0.0011498
5644 1832 0.0011498
1832 1833 0.0033906
1839 1833 0.0033906
5636 1833 0.0033906
1835 1834 0.0025865
5640 1834 0.0025865
5642 1834 0.0025865
5645 1834 0.0025865
1834 1835 0.019118
2505 1835 0.019118
2506 1835 0.019118
1833 1836 0.0005386
1837 1836 0.0005386
5638 1836 0.0005386
5644 1836 0.0005386
1836 1837 0.0084841
2513 1837 0.0084841
2514 1837 0.0084841
1832 1838 0.00034825
1839 1838 0.00034825
5636 1838 0.00034825
1838 1839 0.0039948
2515 1839 0.0039948
2516 1839 0.0039948
1841 1840 0.0032089
2479 1840 0.0032089
2480 1840 0.0032089
1840 1841 0.001118
2482 1841 0.001118
5620 1841 0.001118
1343 1846 0.0001665
1847 1846 0.0001665
2472 1846 0.0001665
5632 1846 0.0001665
2449 2448 0.94203
2450 2448 0.94203
2510 2448 0.94203
2448 2449 0.00023444
2478 2449 0.00023444
5517 2449 0.00023444
1316 2450 1.0009
2451 2450 1.0009
2452 2450 1.0009
2449 2451 0.00011226
2450 2451 0.00011226
2510 2451 0.00011226
1318 2452 0.0002906
1432 2452 0.0002906
2453 2452 0.0002906
1316 2453 0.00014277
2451 2453 0.00014277
2452 2453 0.00014277
1841 2478 0.0042331
2479 2478 0.0042331
2480 2478 0.0042331
2448 2479 0.0043991
2478 2479 0.0043991
5517 2479 0.0043991
2481 2480 0.0032041
2483 2480 0.0032041
5623 2480 0.0032041
1841 2481 0.0012792
2479 2481 0.0012792
2480 2481 0.0012792
2481 2482 0.001118
2483 2482 0.001118
5623 2482 0.001118
1840 2483 0.0032089
2482 2483 0.0032089
5620 2483 0.0032089
2488 2489 0.00013576
5367 2489 0.00013576
5634 2489 0.00013576
2489 2491 0.0030257
2490 2491 0.0030257
2517 2491 0.0030257
2491 2493 0.0044295
2492 2493 0.0044295
5637 2493 0.0044295
2493 2495 0.0059853
2494 2495 0.0059853
5639 2495 0.0059853
2495 2497 0.01993
2496 2497 0.01993
5641 2497 0.01993
2499 2498 0.00011207
3155 2498 0.00011207
4512 2498 0.00011207
2497 2499 0.02918
2498 2499 0.02918
5647 2499 0.02918
1315 2500 0.00026416
2501 2500 0.00026416
2502 2500 0.00026416
1317 2501 0.00016084
2500 2501 0.00016084
5368 2501 0.00016084
2503 2502 0.00099602
2504 2502 0.00099602
2511 2502 0.00099602
2512 2502 0.00099602
1315 2503 0.00022118
2501 2503 0.00022118
2502 2503 0.00022118
1834 2504 0.00090117
2505 2504 0.00090117
2506 2504 0.00090117
2503 2505 0.044691
2504 2505 0.044691
2511 2505 0.044691
2512 2505 0.044691
2507 2506 0.0036682
2508 2506 0.0036682
5643 2506 0.0036682
1834 2507 0.030927
2505 2507 0.030927
2506 2507 0.030927
2509 2508 0.0016099
5646 2508 0.0016099
5649 2508 0.0016099
2507 2509 0.040089
2508 2509 0.040089
5643 2509 0.040089
2503 2510 0.0007704
2504 2510 0.0007704
2511 2510 0.0007704
2512 2510 0.0007704
2449 2511 0.059791
2450 2511 0.059791
2510 2511 0.059791
1836 2512 0.00037926
2513 2512 0.00037926
2514 2512 0.00037926
2503 2513 0.014835
2504 2513 0.014835
2511 2513 0.014835
2512 2513 0.014835
1838 2514 0.00017239
2515 2514 0.00017239
2516 2514 0.00017239
1836 2515 0.0066828
2513 2515 0.0066828
2514 2515 0.0066828
1838 2517 0.002939
2515 2517 0.002939
2516 2517 0.002939
310 2656 0.001112
2653 2656 0.001112
2655 2656 0.001112
3151 3152 0.99889
3154 3152 0.99889
5499 3152 0.99889
5500 3152 0.99889
1830 3154 1
3153 3154 1
3156 3154 1
5514 3154 1
1830 3155 0.00011237
3153 3155 0.00011237
3156 3155 0.00011237
5514 3155 0.00011237
2499 3156 0.02918
3155 3156 0.02918
4512 3156 0.02918
1317 5367 0.00013576
2500 5367 0.00013576
5368 5367 0.00013576
35 5494 0.0011118
5495 5494 0.0011118
5496 5494 0.0011118
1313 5496 0.0011118
5497 5496 0.0011118
5498 5496 0.0011118
3151 5498 0.0011118
3154 5498 0.0011118
5499 5498 0.0011118
5500 5498 0.0011118
2484 5514 0.97112
5515 5514 0.97112
5516 5514 0.97112
5648 5514 0.97112
1830 5515 0.00018656
3153 5515 0.00018656
3156 5515 0.00018656
5514 5515 0.00018656
2448 5516 0.94182
2478 5516 0.94182
5517 5516 0.94182
2484 5517 0.00019253
5515 5517 0.00019253
5516 5517 0.00019253
5648 5517 0.00019253
2481 5622 0.00016908
2483 5622 0.00016908
5623 5622 0.00016908
1341 5624 0.00016908
5622 5624 0.00016908
5625 5624 0.00016908
5624 5630 0.00015385
5627 5630 0.00015385
5628 5630 0.00015385
5631 5630 0.00015385
1842 5632 0.00015385
5630 5632 0.00015385
5633 5632 0.00015385
2491 5636 0.00047298
2492 5636 0.00047298
5637 5636 0.00047298
1832 5637 0.0018788
1839 5637 0.0018788
5636 5637 0.0018788
2493 5638 0.00026845
2494 5638 0.00026845
5639 5638 0.00026845
1833 5639 0.0018172
1837 5639 0.0018172
5638 5639 0.0018172
5644 5639 0.0018172
2495 5640 0.00041054
2496 5640 0.00041054
5641 5640 0.00041054
1835 5641 0.014359
5640 5641 0.014359
5642 5641 0.014359
5645 5641 0.014359
2507 5642 0.0026338
2508 5642 0.0026338
5643 5642 0.0026338
1835 5643 0.013854
5640 5643 0.013854
5642 5643 0.013854
5645 5643 0.013854
1835 5644 0.001269
5640 5644 0.001269
5642 5644 0.001269
5645 5644 0.001269
1833 5645 0.0099066
1837 5645 0.0099066
5638 5645 0.0099066
5644 5645 0.0099066
2497 5646 0.0035986
2498 5646 0.0035986
5647 5646 0.0035986
2509 5647 0.012778
5646 5647 0.012778
5649 5647 0.012778
2509 5648 0.039646
5646 5648 0.039646
5649 5648 0.039646
2484 5649 0.010347
5515 5649 0.010347
5516 5649 0.010347
5648 5649 0.010347
1822 5653 0.00013566
5650 5653 0.00013566
5652 5653 0.00013566
