86 85 0.0071268
89 85 0.0071268
6576 85 0.0071268
85 86 0.0053275
3724 86 0.0053275
3725 86 0.0053275
88 87 0.0037871
90 87 0.0037871
773 87 0.0037871
6568 87 0.0037871
87 88 0.00098992
3728 88 0.00098992
3729 88 0.00098992
88 89 0.0043484
90 89 0.0043484
773 89 0.0043484
6568 89 0.0043484
86 90 0.0006752
89 90 0.0006752
6576 90 0.0006752
92 91 0.00048902
4557 91 0.00048902
6569 91 0.00048902
91 92 0.00063771
3732 92 0.00063771
3733 92 0.00063771
100 99 0.00043777
102 99 0.00043777
4555 99 0.00043777
99 100 0.00070207
366 100 0.00070207
3737 100 0.00070207
100 101 0.00018264
102 101 0.00018264
4555 101 0.00018264
101 102 0.00029341
367 102 0.00029341
3738 102 0.00029341
108 107 0.080691
396 107 0.080691
397 107 0.080691
107 108 0.024313
390 108 0.024313
391 108 0.024313
112 111 0.15136
424 111 0.15136
425 111 0.15136
6552 111 0.15136
111 112 0.023589
387 112 0.023589
394 112 0.023589
114 113 0.10781
422 113 0.10781
423 113 0.10781
6550 113 0.10781
113 114 0.031068
384 114 0.031068
385 114 0.031068
116 115 0.11264
420 115 0.11264
421 115 0.11264
1584 115 0.11264
115 116 0.032065
382 116 0.032065
383 116 0.032065
99 365 0.00054629
366 365 0.00054629
3737 365 0.00054629
365 366 0.00097451
3722 366 0.00097451
3723 366 0.00097451
101 368 0.0001386
367 368 0.0001386
3738 368 0.0001386
369 373 0.00016943
374 373 0.00016943
375 373 0.00016943
373 374 0.00011627
3730 374 0.00011627
3731 374 0.00011627
368 375 0.00011039
371 375 0.00011039
376 375 0.00011039
369 376 0.00010446
374 376 0.00010446
375 376 0.00010446
378 377 0.00014033
379 377 0.00014033
377 378 0.050892
399 378 0.050892
380 379 0.00014033
386 379 0.00014033
393 379 0.00014033
378 380 0.050892
379 380 0.050892
115 381 0.0026194
382 381 0.0026194
383 381 0.0026194
381 382 0.55344
400 382 0.55344
401 382 0.55344
413 382 0.55344
113 383 0.0013131
384 383 0.0013131
385 383 0.0013131
115 384 0.63271
382 384 0.63271
383 384 0.63271
380 385 0.0018428
386 385 0.0018428
393 385 0.0018428
113 386 0.70998
384 386 0.70998
385 386 0.70998
388 387 0.00016839
389 387 0.00016839
3717 387 0.00016839
6554 387 0.00016839
111 388 0.88683
387 388 0.88683
394 388 0.88683
388 390 0.97636
389 390 0.97636
3717 390 0.97636
6554 390 0.97636
392 391 0.0092447
395 391 0.0092447
998 391 0.0092447
107 392 0.041884
390 392 0.041884
391 392 0.041884
111 393 0.0003219
387 393 0.0003219
394 393 0.0003219
380 394 0.75922
386 394 0.75922
393 394 0.75922
108 395 0.0092447
396 395 0.0092447
397 395 0.0092447
392 396 0.041884
395 396 0.041884
998 396 0.041884
398 397 0.050385
3718 397 0.050385
3719 397 0.050385
108 398 0.026646
396 398 0.026646
397 398 0.026646
381 399 0.050892
400 399 0.050892
401 399 0.050892
413 399 0.050892
377 400 0.00014033
399 400 0.00014033
402 401 0.13341
403 401 0.13341
418 401 0.13341
419 401 0.13341
381 402 0.029456
400 402 0.029456
401 402 0.029456
413 402 0.029456
404 403 0.02293
405 403 0.02293
6570 403 0.02293
6573 403 0.02293
402 404 0.0051561
403 404 0.0051561
418 404 0.0051561
419 404 0.0051561
414 413 0.49825
415 413 0.49825
417 413 0.49825
381 414 0.00062917
400 414 0.00062917
401 414 0.00062917
413 414 0.00062917
416 415 0.96304
3096 415 0.96304
7148 415 0.96304
402 417 0.013715
403 417 0.013715
418 417 0.013715
419 417 0.013715
414 418 0.4791
415 418 0.4791
417 418 0.4791
116 419 0.016989
420 419 0.016989
421 419 0.016989
1584 419 0.016989
402 420 0.39619
403 420 0.39619
418 420 0.39619
419 420 0.39619
114 421 0.016433
422 421 0.016433
423 421 0.016433
6550 421 0.016433
116 422 0.32102
420 422 0.32102
421 422 0.32102
1584 422 0.32102
112 423 0.01892
424 423 0.01892
425 423 0.01892
6552 423 0.01892
114 424 0.25257
422 424 0.25257
423 424 0.25257
6550 424 0.25257
426 425 0.01259
3720 425 0.01259
3721 425 0.01259
4661 425 0.01259
112 426 0.1181
424 426 0.1181
425 426 0.1181
6552 426 0.1181
428 427 0.059164
429 427 0.059164
3089 427 0.059164
5680 427 0.059164
427 428 0.0072836
431 428 0.0072836
3097 428 0.0072836
2279 431 0.94897
5674 431 0.94897
7273 431 0.94897
427 432 0.22335
431 432 0.22335
3097 432 0.22335
6878 434 0.96981
547 548 0.00015141
2073 548 0.00015141
7094 548 0.00015141
774 773 0.0064246
775 773 0.0064246
88 774 0.00043995
90 774 0.00043995
773 774 0.00043995
6568 774 0.00043995
776 775 0.0064246
6574 775 0.0064246
774 776 0.00043995
775 776 0.00043995
434 1126 0.97013
5089 1126 0.97013
432 1127 0.21871
5692 1127 0.21871
1227 1226 0.00096347
7040 1226 0.00096347
7075 1226 0.00096347
7079 1226 0.00096347
1528 1530 0.00026651
1531 1530 0.00026651
3303 1530 0.00026651
1570 1571 0.00012109
1573 1571 0.00012109
3092 1571 0.00012109
1570 1572 0.0015661
1573 1572 0.0015661
3092 1572 0.0015661
1572 1573 0.0001092
7223 1573 0.0001092
408 1574 0.0015661
1575 1574 0.0015661
7224 1574 0.0015661
1574 1575 0.0001092
1577 1575 0.0001092
6571 1575 0.0001092
1574 1576 0.0032104
1577 1576 0.0032104
6571 1576 0.0032104
1576 1577 0.035369
7149 1577 0.035369
1578 1580 0.00061817
1581 1580 0.00061817
4558 1580 0.00061817
1580 1581 0.00095516
1583 1581 0.00095516
6572 1581 0.00095516
6575 1581 0.00095516
1580 1582 0.013532
1583 1582 0.013532
6572 1582 0.013532
6575 1582 0.013532
1582 1583 0.0040118
1585 1583 0.0040118
4524 1583 0.0040118
1582 1584 0.016542
1585 1584 0.016542
4524 1584 0.016542
116 1585 0.010583
420 1585 0.010583
421 1585 0.010583
1584 1585 0.010583
1654 1653 0.00077126
2340 1653 0.00077126
2343 1653 0.00077126
547 2074 0.00048679
2073 2074 0.00048679
7094 2074 0.00048679
2072 2076 0.0003425
2074 2076 0.0003425
2075 2076 0.0003425
3906 2076 0.0003425
994 2078 0.00031952
997 2078 0.00031952
2076 2078 0.00031952
2077 2078 0.00031952
1126 2279 0.96836
1654 2341 0.0021875
2340 2341 0.0021875
2343 2341 0.0021875
2342 2343 0.0029296
7057 2343 0.0029296
7074 2343 0.0029296
2348 2349 0.00078393
5239 2349 0.00078393
5739 2349 0.00078393
2351 2350 0.00014752
4656 2350 0.00014752
7014 2350 0.00014752
7087 2350 0.00014752
2354 2355 0.0004765
2357 2355 0.0004765
2356 2357 0.00048352
2359 2357 0.00048352
6362 2357 0.00048352
7160 2357 0.00048352
2078 2359 0.00029894
2358 2359 0.00029894
2361 2359 0.00029894
6371 2359 0.00029894
2360 2361 0.00015743
2363 2361 0.00015743
3120 2361 0.00015743
2362 2363 0.00012566
2365 2363 0.00012566
6395 2363 0.00012566
2364 2365 0.00015265
2367 2365 0.00015265
6366 2365 0.00015265
6367 2365 0.00015265
2366 2367 0.00021672
7006 2367 0.00021672
7086 2367 0.00021672
1530 2849 0.0002495
1533 2849 0.0002495
2850 2849 0.0002495
3086 3085 0.028418
5668 3085 0.028418
5964 3085 0.028418
3085 3087 0.028304
3088 3087 0.028304
5398 3087 0.028304
3090 3089 0.055825
5675 3089 0.055825
5676 3089 0.055825
7150 3089 0.055825
428 3090 0.0070171
429 3090 0.0070171
3089 3090 0.0070171
5680 3090 0.0070171
1975 3092 0.0016707
3091 3092 0.0016707
5682 3092 0.0016707
5693 3092 0.0016707
1127 3096 0.99517
3095 3096 0.99517
3098 3096 0.99517
1127 3097 0.0013796
3095 3097 0.0013796
3098 3097 0.0013796
427 3098 0.77887
431 3098 0.77887
3097 3098 0.77887
3103 3105 0.00039474
3106 3105 0.00039474
5965 3105 0.00039474
3123 3124 0.00014175
3126 3124 0.00014175
3312 3124 0.00014175
3125 3126 0.00013054
3128 3126 0.00013054
5949 3126 0.00013054
3127 3128 0.00011754
3130 3128 0.00011754
6380 3128 0.00011754
6381 3128 0.00011754
3138 3137 0.0002299
5832 3137 0.0002299
6422 3137 0.0002299
3137 3303 0.00026651
3302 3303 0.00026651
3338 3303 0.00026651
3317 3316 0.00052477
5238 3316 0.00052477
7089 3316 0.00052477
3318 3319 0.0003852
6983 3319 0.0003852
7092 3319 0.0003852
3320 3321 0.0004539
6977 3321 0.0004539
7096 3321 0.0004539
3321 3323 0.00043174
3322 3323 0.00043174
7097 3323 0.00043174
3323 3325 0.00049983
3324 3325 0.00049983
7103 3325 0.00049983
3325 3327 0.00044497
3326 3327 0.00044497
7099 3327 0.00044497
3343 3344 0.0029174
3639 3344 0.0029174
3962 3344 0.0029174
600 3346 0.0031372
2849 3346 0.0031372
3344 3346 0.0031372
3345 3346 0.0031372
3347 3353 0.0031815
3354 3353 0.0031815
4683 3353 0.0031815
3124 3638 0.00021241
3307 3638 0.00021241
3308 3638 0.00021241
3637 3638 0.00021241
3638 3639 0.0011896
3640 3639 0.0011896
5268 3639 0.0011896
1568 3700 0.00011854
1571 3700 0.00011854
3699 3700 0.00011854
781 3702 0.00011548
3700 3702 0.00011548
3701 3702 0.00011548
553 3704 0.0001131
3702 3704 0.0001131
3703 3704 0.0001131
398 3717 0.11493
3718 3717 0.11493
3719 3717 0.11493
388 3718 0.025331
389 3718 0.025331
3717 3718 0.025331
6554 3718 0.025331
426 3719 0.12518
3720 3719 0.12518
3721 3719 0.12518
4661 3719 0.12518
398 3720 0.011842
3718 3720 0.011842
3719 3720 0.011842
365 3721 0.010815
3722 3721 0.010815
3723 3721 0.010815
426 3722 0.0061689
3720 3722 0.0061689
3721 3722 0.0061689
4661 3722 0.0061689
85 3723 0.010481
3724 3723 0.010481
3725 3723 0.010481
365 3724 0.005407
3722 3724 0.005407
3723 3724 0.005407
3726 3725 0.0044973
3727 3725 0.0044973
4556 3725 0.0044973
85 3726 0.0012223
3724 3726 0.0012223
3725 3726 0.0012223
87 3727 0.0039583
3728 3727 0.0039583
3729 3727 0.0039583
3726 3728 0.0010584
3727 3728 0.0010584
4556 3728 0.0010584
373 3729 0.00078253
3730 3729 0.00078253
3731 3729 0.00078253
87 3730 0.00067976
3728 3730 0.00067976
3729 3730 0.00067976
91 3731 0.00065372
3732 3731 0.00065372
3733 3731 0.00065372
373 3732 0.00060412
3730 3732 0.00060412
3731 3732 0.00060412
411 3733 0.00020349
3734 3733 0.00020349
3735 3733 0.00020349
1972 3735 0.00016204
3706 3735 0.00016204
3707 3735 0.00016204
3736 3735 0.00016204
101 3737 0.0001376
367 3737 0.0001376
3738 3737 0.0001376
99 3738 0.00030152
366 3738 0.00030152
3737 3738 0.00030152
4199 3791 0.0033486
5395 3791 0.0033486
5396 3792 1.0003
5397 3792 1.0003
3791 3793 0.0011333
3790 3795 0.99701
3794 3795 0.99701
7083 3795 0.99701
2072 3907 0.00019212
2074 3907 0.00019212
2075 3907 0.00019212
3906 3907 0.00019212
4685 3962 0.0017681
5086 3962 0.0017681
6876 3963 0.0018424
1129 3964 0.00036483
3963 3964 0.00036483
3907 4020 0.00022735
4019 4020 0.00022735
6228 4020 0.00022735
6358 4020 0.00022735
7116 4199 0.0030608
2338 4200 0.0021574
2341 4200 0.0021574
4198 4200 0.0021574
4223 4224 0.0029316
6896 4224 0.0029316
7081 4224 0.0029316
4228 4227 0.002928
4229 4227 0.002928
6893 4227 0.002928
1582 4523 0.0099919
1585 4523 0.0099919
4524 4523 0.0099919
4523 4524 0.0064311
4526 4524 0.0064311
6551 4524 0.0064311
4523 4525 0.012753
4526 4525 0.012753
6551 4525 0.012753
4525 4526 0.014995
6553 4526 0.014995
6577 4526 0.014995
3726 4555 0.0005001
3727 4555 0.0005001
4556 4555 0.0005001
100 4556 0.00087516
102 4556 0.00087516
4555 4556 0.00087516
1578 4557 0.00095516
1581 4557 0.00095516
4558 4557 0.00095516
92 4558 0.00061817
4557 4558 0.00061817
6569 4558 0.00061817
4657 4656 0.00022895
5663 4656 0.00022895
5665 4656 0.00022895
2351 4657 0.00044263
4656 4657 0.00044263
7014 4657 0.00044263
7087 4657 0.00044263
6736 4658 0.99831
4660 4661 0.0031836
7221 4661 0.0031836
3341 4683 0.0031811
3346 4683 0.0031811
4684 4683 0.0031811
5064 5063 0.00028904
5240 5063 0.00028904
4659 5064 0.0019445
5065 5064 0.0019445
3792 5065 0.0019439
5087 5086 0.0017707
5271 5086 0.0017707
1129 5087 0.0014889
3963 5087 0.0014889
7272 5088 0.00033618
7274 5088 0.00033618
5090 5089 0.00031539
5091 5090 0.00031574
5838 5090 0.00031574
1128 5091 0.00026249
5092 5091 0.00026249
5093 5092 0.00026236
5088 5093 0.0021047
5094 5093 0.0021047
1126 5094 0.0017686
2348 5238 0.00085609
5239 5238 0.00085609
5739 5238 0.00085609
5064 5241 0.0016556
5240 5241 0.0016556
3138 5268 0.00099642
5832 5268 0.00099642
6422 5268 0.00099642
3122 5269 0.00068166
5270 5269 0.00068166
6233 5269 0.00068166
2753 5270 0.00044979
3327 5270 0.00044979
5237 5270 0.00044979
3964 5271 0.00028194
6738 5271 0.00028194
5390 5389 0.00034857
5877 5389 0.00034857
5992 5389 0.00034857
1512 5392 0.00034857
5391 5392 0.00034857
5876 5392 0.00034857
5063 5395 0.00028772
3791 5396 0.0022152
3793 5397 0.99804
5993 5397 0.99804
7115 5397 0.99804
3105 5398 0.00028584
5399 5398 0.00028584
5963 5398 0.00028584
3085 5399 0.00040717
3088 5399 0.00040717
5398 5399 0.00040717
5666 5662 0.038904
5667 5662 0.038904
4658 5663 0.067406
4658 5664 0.93091
4657 5666 0.06762
5663 5666 0.06762
5665 5666 0.06762
5666 5668 0.028763
5667 5668 0.028763
2350 5670 0.00014733
5671 5670 0.00014733
5836 5670 0.00014733
3090 5674 0.011706
5675 5674 0.011706
5676 5674 0.011706
7150 5674 0.011706
2279 5675 0.031798
5674 5675 0.031798
7273 5675 0.031798
5677 5676 0.00061763
5678 5676 0.00061763
5962 5676 0.00061763
3090 5677 0.00015884
5675 5677 0.00015884
5676 5677 0.00015884
7150 5677 0.00015884
3094 5680 0.0036685
5681 5680 0.0036685
5683 5680 0.0036685
428 5681 0.00059562
429 5681 0.00059562
3089 5681 0.00059562
5680 5681 0.00059562
3094 5682 0.00059567
5681 5682 0.00059567
5683 5682 0.00059567
1975 5683 0.0036685
3091 5683 0.0036685
5682 5683 0.0036685
5693 5683 0.0036685
1975 5692 0.00047618
3091 5692 0.00047618
5682 5692 0.00047618
5693 5692 0.00047618
432 5693 0.0051216
5692 5693 0.0051216
5241 5739 0.0016351
5738 5739 0.0016351
7218 5739 0.0016351
2352 5832 0.0011541
2355 5832 0.0011541
5269 5832 0.0011541
5389 5876 0.00034857
5875 5876 0.00034857
5994 5876 0.00034857
3105 5962 0.00059225
5399 5962 0.00059225
5963 5962 0.00059225
5677 5963 0.00015727
5678 5963 0.00015727
5962 5963 0.00015727
3086 5965 0.00041874
5668 5965 0.00041874
5964 5965 0.00041874
2349 5985 0.00083537
5903 5985 0.00083537
5986 5985 0.00083537
7105 5985 0.00083537
5392 5992 0.00034857
5393 5992 0.00034857
5991 5992 0.00034857
5389 5993 0.00039313
5875 5993 0.00039313
5994 5993 0.00039313
3793 5994 0.0003931
5993 5994 0.0003931
7115 5994 0.0003931
548 6228 0.00027586
6226 6228 0.00027586
6227 6228 0.00027586
6230 6228 0.00027586
6229 6230 0.00018175
6979 6230 0.00018175
7063 6230 0.00018175
4020 6231 0.00023198
6232 6231 0.00023198
6351 6231 0.00023198
6231 6233 0.00023509
6234 6233 0.00023509
6354 6233 0.00023509
3907 6359 0.00021369
4019 6359 0.00021369
6228 6359 0.00021369
6358 6359 0.00021369
995 6361 0.00022722
6359 6361 0.00022722
6360 6361 0.00022722
6357 6362 0.00022554
6361 6362 0.00022554
2078 6372 0.00016573
2358 6372 0.00016573
2361 6372 0.00016573
6371 6372 0.00016573
3140 6374 0.00014206
6372 6374 0.00014206
6373 6374 0.00014206
6407 6374 0.00014206
3143 6376 0.00012908
3146 6376 0.00012908
6374 6376 0.00012908
6375 6376 0.00012908
6416 6420 0.00010201
6418 6420 0.00010201
6419 6420 0.00010201
4523 6550 0.016392
4526 6550 0.016392
6551 6550 0.016392
114 6551 0.010588
422 6551 0.010588
423 6551 0.010588
6550 6551 0.010588
4525 6552 0.015411
6553 6552 0.015411
6577 6552 0.015411
112 6553 0.01578
424 6553 0.01578
425 6553 0.01578
6552 6553 0.01578
92 6568 0.0011239
4557 6568 0.0011239
6569 6568 0.0011239
88 6569 0.00063818
90 6569 0.00063818
773 6569 0.00063818
6568 6569 0.00063818
1574 6570 0.036138
1577 6570 0.036138
6571 6570 0.036138
404 6571 0.0025225
405 6571 0.0025225
6570 6571 0.0025225
6573 6571 0.0025225
404 6572 0.019313
405 6572 0.019313
6570 6572 0.019313
6573 6572 0.019313
1580 6573 0.0034715
1583 6573 0.0034715
6572 6573 0.0034715
6575 6573 0.0034715
1580 6574 0.0064246
1583 6574 0.0064246
6572 6574 0.0064246
6575 6574 0.0064246
776 6575 0.00043995
6574 6575 0.00043995
4525 6576 0.0057694
6553 6576 0.0057694
6577 6576 0.0057694
86 6577 0.0076433
89 6577 0.0076433
6576 6577 0.0076433
6879 6736 0.99831
5093 6875 0.0018424
6875 6876 0.0018424
5662 6878 0.96981
5664 6878 0.96981
3792 6879 0.99831
4224 6893 0.0029316
4225 6893 0.0029316
6894 6893 0.0029316
4223 6895 0.99715
6896 6895 0.99715
7081 6895 0.99715
6969 6971 0.00010914
6972 6971 0.00010914
6975 6971 0.00010914
7066 6971 0.00010914
6971 6973 0.00012049
6974 6973 0.00012049
7064 6973 0.00012049
6973 6975 0.00019931
6976 6975 0.00019931
6978 6975 0.00019931
3320 6978 0.00023097
6977 6978 0.00023097
7096 6978 0.00023097
6980 6979 0.00015561
7065 6979 0.00015561
7098 6979 0.00015561
3316 7006 0.0001547
7005 7006 0.0001547
7008 7006 0.0001547
7088 7006 0.0001547
6895 7016 0.00027566
7017 7016 0.00027566
7084 7016 0.00027566
7016 7018 1.0001
7019 7018 1.0001
7026 7018 1.0001
7021 7020 0.00024123
7023 7020 0.00024123
7025 7020 0.00024123
7036 7020 0.00024123
7020 7021 0.00015472
7032 7021 0.00015472
7035 7021 0.00015472
7021 7022 0.00016969
7023 7022 0.00016969
7025 7022 0.00016969
7036 7022 0.00016969
7022 7023 0.00010163
7029 7023 0.00010163
7031 7023 0.00010163
7033 7023 0.00010163
7021 7024 0.00022336
7023 7024 0.00022336
7025 7024 0.00022336
7036 7024 0.00022336
7024 7025 0.00029399
7027 7025 0.00029399
7077 7025 0.00029399
7080 7025 0.00029399
7016 7027 0.00019467
7019 7027 0.00019467
7026 7027 0.00019467
1230 7031 0.00026154
7030 7031 0.00026154
7078 7031 0.00026154
7022 7032 0.00033432
7029 7032 0.00033432
7031 7032 0.00033432
7033 7032 0.00033432
7020 7034 0.00042818
7032 7034 0.00042818
7035 7034 0.00042818
7034 7036 0.00024116
7037 7036 0.00024116
7039 7036 0.00024116
7021 7037 0.00015721
7023 7037 0.00015721
7025 7037 0.00015721
7036 7037 0.00015721
7034 7038 0.00038825
7037 7038 0.00038825
7039 7038 0.00038825
7038 7040 0.00038857
7041 7040 0.00038857
7043 7040 0.00038857
6971 7063 0.00010503
6974 7063 0.00010503
7064 7063 0.00010503
6969 7065 0.00014041
6972 7065 0.00014041
6975 7065 0.00014041
7066 7065 0.00014041
4227 7074 0.0029296
5937 7074 0.0029296
7073 7074 0.0029296
1653 7075 0.00077055
7054 7075 0.00077055
7076 7075 0.00077055
7024 7078 0.00026154
7027 7078 0.00026154
7077 7078 0.00026154
7080 7078 0.00026154
7024 7079 0.00026118
7027 7079 0.00026118
7077 7079 0.00026118
7080 7079 0.00026118
1227 7080 0.00041359
7040 7080 0.00041359
7075 7080 0.00041359
7079 7080 0.00041359
4811 7081 1.0001
7018 7081 1.0001
7082 7081 1.0001
6895 7083 0.99691
7017 7083 0.99691
7084 7083 0.99691
3316 7087 0.00045339
7005 7087 0.00045339
7008 7087 0.00045339
7088 7087 0.00045339
2351 7088 0.00010407
4656 7088 0.00010407
7014 7088 0.00010407
7087 7088 0.00010407
3317 7090 0.00035956
5238 7090 0.00035956
7089 7090 0.00035956
6997 7092 0.00039782
7090 7092 0.00039782
7091 7092 0.00039782
3319 7094 0.00061795
5985 7094 0.00061795
7093 7094 0.00061795
7095 7094 0.00061795
3319 7096 0.00060245
5985 7096 0.00060245
7093 7096 0.00060245
7095 7096 0.00060245
3321 7098 0.00010694
3322 7098 0.00010694
7097 7098 0.00010694
3325 7100 0.00011219
3326 7100 0.00011219
7099 7100 0.00011219
5822 7103 0.00013035
6963 7103 0.00013035
7102 7103 0.00013035
7104 7103 0.00013035
3795 7115 0.99701
7117 7116 0.0030608
1226 7117 0.0030608
1536 7117 0.0030608
4200 7117 0.0030608
1576 7148 0.0032104
7149 7148 0.0032104
416 7149 0.035369
3096 7149 0.035369
7148 7149 0.035369
3087 7150 0.028304
7151 7150 0.028304
3353 7221 0.0031836
3355 7221 0.0031836
7220 7221 0.0031836
1572 7222 0.0015661
7223 7222 0.0015661
7222 7223 0.0001092
7225 7223 0.0001092
7222 7224 0.0015661
7225 7224 0.0015661
408 7225 0.0001092
1575 7225 0.0001092
7224 7225 0.0001092
2279 7272 0.00029914
5674 7272 0.00029914
7273 7272 0.00029914
7272 7273 0.0010001
7274 7273 0.0010001
1127 7274 0.0010371
3095 7274 0.0010371
3098 7274 0.0010371
