295 296 0.0001317
297 296 0.0001317
298 297 0.0001317
1338 297 0.0001317
1403 297 0.0001317
5596 297 0.0001317
309 310 0.0010935
2145 310 0.0010935
5494 310 0.0010935
1123 1124 0.014929
2461 1124 0.014929
3067 1124 0.014929
3069 1124 0.014929
2277 1225 0.001267
5109 1225 0.001267
1301 1300 0.00010072
2463 1300 0.00010072
5146 1300 0.00010072
1303 1302 0.0004191
1325 1302 0.0004191
1429 1302 0.0004191
1316 1315 0.073227
2451 1315 0.073227
2452 1315 0.073227
1315 1316 0.029591
2501 1316 0.029591
2502 1316 0.029591
1318 1317 0.10094
1432 1317 0.10094
2453 1317 0.10094
1317 1318 0.00087391
2500 1318 0.00087391
5368 1318 0.00087391
1337 1338 0.00013407
1831 1338 0.00013407
5653 1338 0.00013407
1346 1345 0.038303
1383 1345 0.038303
6665 1345 0.038303
1345 1346 0.012236
5364 1346 0.012236
5599 1346 0.012236
1348 1347 0.0052411
1395 1347 0.0052411
5815 1347 0.0052411
1347 1348 0.00060815
5378 1348 0.00060815
1368 1367 0.013209
1387 1367 0.013209
1389 1367 0.013209
1384 1383 0.0208
5361 1383 0.0208
5598 1383 0.0208
1346 1384 0.026366
1383 1384 0.026366
6665 1384 0.026366
1386 1385 0.00051531
5359 1385 0.00051531
5362 1385 0.00051531
1369 1386 0.044289
1385 1386 0.044289
5369 1386 0.044289
1388 1387 0.013209
5370 1387 0.013209
6669 1387 0.013209
1427 1429 0.00042049
1430 1429 0.00042049
5356 1429 0.00042049
1431 1432 0.97117
1846 1432 0.97117
2454 1432 0.97117
1434 1433 0.00051165
2455 1433 0.00051165
5808 1433 0.00051165
1433 1434 0.94454
1844 1434 0.94454
2456 1434 0.94454
1808 1805 0.0071751
4680 1805 0.0071751
5101 1805 0.0071751
296 1822 0.0001317
299 1822 0.0001317
1823 1822 0.0001317
1827 1826 0.0010916
2656 1826 0.0010916
4672 1826 0.0010916
1337 1830 0.0001516
1831 1830 0.0001516
5653 1830 0.0001516
1830 1831 0.0001509
3153 1831 0.0001509
3156 1831 0.0001509
5514 1831 0.0001509
1833 1832 0.0020602
1837 1832 0.0020602
5638 1832 0.0020602
5644 1832 0.0020602
1832 1833 0.0053956
1839 1833 0.0053956
5636 1833 0.0053956
1835 1834 0.0040423
5640 1834 0.0040423
5642 1834 0.0040423
5645 1834 0.0040423
1834 1835 0.044269
2505 1835 0.044269
2506 1835 0.044269
1833 1836 0.00094653
1837 1836 0.00094653
5638 1836 0.00094653
5644 1836 0.00094653
1836 1837 0.012254
2513 1837 0.012254
2514 1837 0.012254
1832 1838 0.00075874
1839 1838 0.00075874
5636 1838 0.00075874
1838 1839 0.0060684
2515 1839 0.0060684
2516 1839 0.0060684
1841 1840 0.0032173
2479 1840 0.0032173
2480 1840 0.0032173
1840 1841 0.0024875
2482 1841 0.0024875
5620 1841 0.0024875
555 1844 0.0022942
1845 1844 0.0022942
2733 1844 0.0022942
1433 1845 0.013645
1844 1845 0.013645
2456 1845 0.013645
1343 1846 0.012632
1847 1846 0.012632
2472 1846 0.012632
5632 1846 0.012632
1431 1847 0.014818
1846 1847 0.014818
2454 1847 0.014818
1849 1848 0.0021151
2476 1848 0.0021151
5626 1848 0.0021151
1848 1849 0.0034358
2473 1849 0.0034358
2474 1849 0.0034358
1805 2277 0.0012667
2278 2277 0.0012667
4682 2277 0.0012667
2449 2448 0.84153
2450 2448 0.84153
2510 2448 0.84153
2448 2449 0.00061732
2478 2449 0.00061732
5517 2449 0.00061732
1316 2450 0.83335
2451 2450 0.83335
2452 2450 0.83335
2449 2451 0.0059446
2450 2451 0.0059446
2510 2451 0.0059446
1318 2452 0.87682
1432 2452 0.87682
2453 2452 0.87682
1316 2453 0.0057788
2451 2453 0.0057788
2452 2453 0.0057788
1434 2454 0.97331
2455 2454 0.97331
5808 2454 0.97331
2457 2456 0.95579
5812 2456 0.95579
6662 2456 0.95579
1433 2457 0.00041162
1844 2457 0.00041162
2456 2457 0.00041162
1397 2458 0.9437
2459 2458 0.9437
6666 2458 0.9437
2458 2459 0.0023933
5373 2459 0.0023933
6663 2459 0.0023933
6664 2459 0.0023933
1123 2460 1.0004
2461 2460 1.0004
3067 2460 1.0004
3069 2460 1.0004
2460 2461 0.0022504
6667 2461 0.0022504
6668 2461 0.0022504
2462 2463 0.00010072
3070 2463 0.00010072
5172 2463 0.00010072
1848 2472 0.013235
2473 2472 0.013235
2474 2472 0.013235
1343 2473 0.0032057
1847 2473 0.0032057
2472 2473 0.0032057
5632 2473 0.0032057
2470 2474 0.013645
2475 2474 0.013645
2732 2474 0.013645
1848 2475 0.0022942
2473 2475 0.0022942
2474 2475 0.0022942
1841 2478 0.017478
2479 2478 0.017478
2480 2478 0.017478
2448 2479 0.0039423
2478 2479 0.0039423
5517 2479 0.0039423
2481 2480 0.015414
2483 2480 0.015414
5623 2480 0.015414
1841 2481 0.0011486
2479 2481 0.0011486
2480 2481 0.0011486
2481 2482 0.0024875
2483 2482 0.0024875
5623 2482 0.0024875
1840 2483 0.0032173
2482 2483 0.0032173
5620 2483 0.0032173
2488 2489 0.0042809
5367 2489 0.0042809
5634 2489 0.0042809
2489 2491 0.0074807
2490 2491 0.0074807
2517 2491 0.0074807
2491 2493 0.0094563
2492 2493 0.0094563
5637 2493 0.0094563
2493 2495 0.012059
2494 2495 0.012059
5639 2495 0.012059
2495 2497 0.041731
2496 2497 0.041731
5641 2497 0.041731
2499 2498 0.00011434
3155 2498 0.00011434
4512 2498 0.00011434
2497 2499 0.051083
2498 2499 0.051083
5647 2499 0.051083
1315 2500 0.0017072
2501 2500 0.0017072
2502 2500 0.0017072
1317 2501 0.097517
2500 2501 0.097517
5368 2501 0.097517
2503 2502 0.00094106
2504 2502 0.00094106
2511 2502 0.00094106
2512 2502 0.00094106
1315 2503 0.14039
2501 2503 0.14039
2502 2503 0.14039
1834 2504 0.0015372
2505 2504 0.0015372
2506 2504 0.0015372
2503 2505 0.10771
2504 2505 0.10771
2511 2505 0.10771
2512 2505 0.10771
2507 2506 0.0067801
2508 2506 0.0067801
5643 2506 0.0067801
1834 2507 0.072725
2505 2507 0.072725
2506 2507 0.072725
2509 2508 0.0018744
5646 2508 0.0018744
5649 2508 0.0018744
2507 2509 0.090393
2508 2509 0.090393
5643 2509 0.090393
2503 2510 0.063634
2504 2510 0.063634
2511 2510 0.063634
2512 2510 0.063634
2449 2511 0.050128
2450 2511 0.050128
2510 2511 0.050128
1836 2512 0.0013646
2513 2512 0.0013646
2514 2512 0.0013646
2503 2513 0.021133
2504 2513 0.021133
2511 2513 0.021133
2512 2513 0.021133
1838 2514 0.0011584
2515 2514 0.0011584
2516 2514 0.0011584
1836 2515 0.0096196
2513 2515 0.0096196
2514 2515 0.0096196
2489 2516 0.001249
2490 2516 0.001249
2517 2516 0.001249
1838 2517 0.0044006
2515 2517 0.0044006
2516 2517 0.0044006
2629 2628 0.014871
4681 2628 0.014871
5113 2628 0.014871
310 2656 0.0010965
2653 2656 0.0010965
2655 2656 0.0010965
2470 2731 0.0022942
2475 2731 0.0022942
2732 2731 0.0022942
2468 2732 0.013645
2731 2732 0.013645
2734 2732 0.013645
2468 2733 0.0022942
2731 2733 0.0022942
2734 2733 0.0022942
555 2734 0.013645
1845 2734 0.013645
2733 2734 0.013645
1367 3067 0.013209
3068 3067 0.013209
2462 3069 0.00013806
3070 3069 0.00013806
5172 3069 0.00013806
1123 3070 0.00012763
2461 3070 0.00012763
3067 3070 0.00012763
3069 3070 0.00012763
3150 3149 0.014959
4674 3149 0.014959
7178 3149 0.014959
3151 3152 0.98404
3154 3152 0.98404
5499 3152 0.98404
5500 3152 0.98404
1830 3154 0.98507
3153 3154 0.98507
3156 3154 0.98507
5514 3154 0.98507
1830 3155 0.00010808
3153 3155 0.00010808
3156 3155 0.00010808
5514 3155 0.00010808
2499 3156 0.051496
3155 3156 0.051496
4512 3156 0.051496
1349 4512 0.00042042
4511 4512 0.00042042
4514 4512 0.00042042
4513 4514 0.00042042
6864 4514 0.00042042
1808 4679 0.0077315
4680 4679 0.0077315
5101 4679 0.0077315
1805 4681 0.0059224
2278 4681 0.0059224
4682 4681 0.0059224
1124 5101 0.01493
5099 5101 0.01493
5102 5101 0.01493
2 5113 0.0089883
1225 5113 0.0089883
4679 5113 0.0089883
1362 5356 0.00042054
5355 5356 0.00042054
5358 5356 0.00042054
1365 5358 0.00042694
5357 5358 0.00042694
5360 5358 0.00042694
1386 5360 0.00043756
5359 5360 0.00043756
5362 5360 0.00043756
1386 5361 0.043972
5359 5361 0.043972
5362 5361 0.043972
1384 5362 0.00062934
5361 5362 0.00062934
5598 5362 0.00062934
1345 5363 0.075824
5364 5363 0.075824
5599 5363 0.075824
5363 5364 0.00084881
5810 5364 0.00084881
5813 5364 0.00084881
1317 5367 0.0042809
2500 5367 0.0042809
5368 5367 0.0042809
1388 5369 0.044289
5370 5369 0.044289
6669 5369 0.044289
1369 5370 0.00051531
1385 5370 0.00051531
5369 5370 0.00051531
5371 5373 0.00544
5374 5373 0.00544
5375 5373 0.00544
2458 5374 0.00544
5373 5374 0.00544
6663 5374 0.00544
6664 5374 0.00544
5376 5375 0.00544
5377 5375 0.00544
5814 5375 0.00544
5371 5376 0.00544
5374 5376 0.00544
5375 5376 0.00544
1347 5377 0.0052411
5378 5377 0.0052411
5376 5378 0.00060815
5377 5378 0.00060815
5814 5378 0.00060815
35 5494 0.0010962
5495 5494 0.0010962
5496 5494 0.0010962
1313 5496 0.0010962
5497 5496 0.0010962
5498 5496 0.0010962
3151 5498 0.0010962
3154 5498 0.0010962
5499 5498 0.0010962
5500 5498 0.0010962
2484 5514 0.93401
5515 5514 0.93401
5516 5514 0.93401
5648 5514 0.93401
1830 5515 0.00032717
3153 5515 0.00032717
3156 5515 0.00032717
5514 5515 0.00032717
2448 5516 0.85488
2478 5516 0.85488
5517 5516 0.85488
2484 5517 0.00042619
5515 5517 0.00042619
5516 5517 0.00042619
5648 5517 0.00042619
1345 5598 0.0016146
5364 5598 0.0016146
5599 5598 0.0016146
1384 5599 0.050523
5361 5599 0.050523
5598 5599 0.050523
2481 5622 0.00015262
2483 5622 0.00015262
5623 5622 0.00015262
1341 5623 0.013688
5622 5623 0.013688
5625 5623 0.013688
1341 5624 0.00015262
5622 5624 0.00015262
5625 5624 0.00015262
5624 5625 0.013688
5627 5625 0.013688
5628 5625 0.013688
5631 5625 0.013688
5624 5626 0.0021151
5627 5626 0.0021151
5628 5626 0.0021151
5631 5626 0.0021151
1849 5627 0.0034358
2476 5627 0.0034358
5626 5627 0.0034358
5624 5630 0.00084902
5627 5630 0.00084902
5628 5630 0.00084902
5631 5630 0.00084902
1842 5631 0.013064
5630 5631 0.013064
5633 5631 0.013064
1842 5632 0.00084902
5630 5632 0.00084902
5633 5632 0.00084902
1343 5633 0.013064
1847 5633 0.013064
2472 5633 0.013064
5632 5633 0.013064
2491 5636 0.0011548
2492 5636 0.0011548
5637 5636 0.0011548
1832 5637 0.0031291
1839 5637 0.0031291
5636 5637 0.0031291
2493 5638 0.00056906
2494 5638 0.00056906
5639 5638 0.00056906
1833 5639 0.0031548
1837 5639 0.0031548
5638 5639 0.0031548
5644 5639 0.0031548
2495 5640 0.00080261
2496 5640 0.00080261
5641 5640 0.00080261
1835 5641 0.030512
5640 5641 0.030512
5642 5641 0.030512
5645 5641 0.030512
2507 5642 0.0050449
2508 5642 0.0050449
5643 5642 0.0050449
1835 5643 0.027619
5640 5643 0.027619
5642 5643 0.027619
5645 5643 0.027619
1835 5644 0.0027391
5640 5644 0.0027391
5642 5644 0.0027391
5645 5644 0.0027391
1833 5645 0.014796
1837 5645 0.014796
5638 5645 0.014796
5644 5645 0.014796
2497 5646 0.0074245
2498 5646 0.0074245
5647 5646 0.0074245
2509 5647 0.016713
5646 5647 0.016713
5649 5647 0.016713
2509 5648 0.088772
5646 5648 0.088772
5649 5648 0.088772
2484 5649 0.0095408
5515 5649 0.0095408
5516 5649 0.0095408
5648 5649 0.0095408
1822 5653 0.0001317
5650 5653 0.0001317
5652 5653 0.0001317
5806 5808 0.029462
5809 5808 0.029462
5811 5808 0.029462
1434 5809 0.00018794
2455 5809 0.00018794
5808 5809 0.00018794
5806 5810 0.00018794
5809 5810 0.00018794
5811 5810 0.00018794
5363 5811 0.029462
5810 5811 0.029462
5813 5811 0.029462
5363 5812 0.064716
5810 5812 0.064716
5813 5812 0.064716
2457 5813 0.019015
5812 5813 0.019015
6662 5813 0.019015
1348 5814 0.00060815
1395 5814 0.00060815
5815 5814 0.00060815
5376 5815 0.0052411
5377 5815 0.0052411
5814 5815 0.0052411
2458 6662 0.91422
5373 6662 0.91422
6663 6662 0.91422
6664 6662 0.91422
2457 6663 0.0045461
5812 6663 0.0045461
6662 6663 0.0045461
1346 6664 0.021458
1383 6664 0.021458
6665 6664 0.021458
2458 6665 0.05309
5373 6665 0.05309
6663 6665 0.05309
6664 6665 0.05309
2460 6666 0.9437
6667 6666 0.9437
6668 6666 0.9437
1397 6667 0.0023933
2459 6667 0.0023933
6666 6667 0.0023933
1388 6668 0.0004942
5370 6668 0.0004942
6669 6668 0.0004942
2460 6669 0.057386
6667 6669 0.057386
6668 6669 0.057386
6826 6825 0.014871
7180 6825 0.014871
6863 6864 0.00042042
7143 6864 0.00042042
1302 7143 0.00042042
3157 7143 0.00042042
7142 7143 0.00042042
6825 7178 0.014871
7179 7178 0.014871
2628 7180 0.014871
7181 7180 0.014871
