295 296 0.0013477
297 296 0.0013477
298 297 0.0013477
1338 297 0.0013477
1403 297 0.0013477
5596 297 0.0013477
309 310 0.001109
2145 310 0.001109
5494 310 0.001109
298 1337 0.013356
1338 1337 0.013356
1403 1337 0.013356
5596 1337 0.013356
1340 1339 0.1238
1437 1339 0.1238
1440 1339 0.1238
1339 1340 0.011879
2300 1340 0.011879
4510 1340 0.011879
1354 1353 0.0055404
1441 1353 0.0055404
1444 1353 0.0055404
1353 1354 0.0003319
4571 1354 0.0003319
4574 1354 0.0003319
1356 1355 0.039823
1439 1355 0.039823
1442 1355 0.039823
1355 1356 0.00083989
1358 1356 0.00083989
4573 1356 0.00083989
1355 1357 0.041668
1358 1357 0.041668
4573 1357 0.041668
1357 1358 0.0064473
1408 1358 0.0064473
2301 1358 0.0064473
3158 1358 0.0064473
1360 1359 0.00075989
1435 1359 0.00075989
1873 1359 0.00075989
1351 1394 0.0089879
1393 1394 0.0089879
4572 1394 0.0089879
1400 1399 0.0050057
2310 1399 0.0050057
2313 1399 0.0050057
1402 1401 0.0050057
2421 1401 0.0050057
6760 1401 0.0050057
1401 1403 0.00477
1404 1403 0.00477
1436 1403 0.00477
1420 1419 0.14265
2304 1419 0.14265
2307 1419 0.14265
1419 1420 0.039311
2308 1420 0.039311
5345 1420 0.039311
5947 1420 0.039311
1401 1435 0.00053754
1404 1435 0.00053754
1436 1435 0.00053754
1360 1436 0.00030076
1435 1436 0.00030076
1873 1436 0.00030076
1438 1437 0.15856
2303 1437 0.15856
4509 1437 0.15856
1340 1438 0.0017936
1437 1438 0.0017936
1440 1438 0.0017936
1340 1439 0.04488
1437 1439 0.04488
1440 1439 0.04488
1356 1441 0.0060208
1439 1441 0.0060208
1442 1441 0.0060208
1354 1442 0.00015683
1441 1442 0.00015683
1444 1442 0.00015683
1354 1443 0.00065826
1441 1443 0.00065826
1444 1443 0.00065826
307 1445 0.00065826
1443 1445 0.00065826
1446 1445 0.00065826
296 1822 0.0013477
299 1822 0.0013477
1823 1822 0.0013477
1827 1826 0.0011071
2656 1826 0.0011071
4672 1826 0.0011071
1337 1830 0.014691
1831 1830 0.014691
5653 1830 0.014691
1833 1832 0.0002401
1837 1832 0.0002401
5638 1832 0.0002401
5644 1832 0.0002401
1832 1833 0.00013103
1839 1833 0.00013103
5636 1833 0.00013103
1835 1834 0.00058354
5640 1834 0.00058354
5642 1834 0.00058354
5645 1834 0.00058354
1834 1835 0.0010376
2505 1835 0.0010376
2506 1835 0.0010376
1836 1837 0.00012009
2513 1837 0.00012009
2514 1837 0.00012009
1360 1872 0.00016875
1435 1872 0.00016875
1873 1872 0.00016875
1872 1873 0.00059331
5590 1873 0.00059331
5593 1873 0.00059331
1357 2300 0.00018647
1408 2300 0.00018647
2301 2300 0.00018647
3158 2300 0.00018647
1339 2301 0.95033
2300 2301 0.95033
4510 2301 0.95033
2302 2303 0.995
4508 2303 0.995
5353 2303 0.995
2305 2304 0.00032012
4507 2304 0.00032012
5946 2304 0.00032012
1420 2305 0.79701
2304 2305 0.79701
2307 2305 0.79701
1420 2306 0.00028449
2304 2306 0.00028449
2307 2306 0.00028449
2306 2307 0.90032
2312 2307 0.90032
5343 2307 0.90032
5945 2307 0.90032
2309 2308 0.13686
3758 2308 0.13686
5944 2308 0.13686
1419 2309 0.0419
2308 2309 0.0419
5345 2309 0.0419
5947 2309 0.0419
2306 2313 0.0050057
2312 2313 0.0050057
5343 2313 0.0050057
5945 2313 0.0050057
2449 2448 0.00021533
2450 2448 0.00021533
2510 2448 0.00021533
2448 2449 0.00039352
2478 2449 0.00039352
5517 2449 0.00039352
2489 2491 0.00010558
2490 2491 0.00010558
2517 2491 0.00010558
2493 2492 0.00014283
2494 2492 0.00014283
5639 2492 0.00014283
2491 2493 0.00031744
2492 2493 0.00031744
5637 2493 0.00031744
2495 2494 0.00027422
2496 2494 0.00027422
5641 2494 0.00027422
2493 2495 0.0005821
2494 2495 0.0005821
5639 2495 0.0005821
2497 2496 0.0012383
2498 2496 0.0012383
5647 2496 0.0012383
2495 2497 0.0021366
2496 2497 0.0021366
5641 2497 0.0021366
2499 2498 0.015351
3155 2498 0.015351
4512 2498 0.015351
2497 2499 0.0071976
2498 2499 0.0071976
5647 2499 0.0071976
1834 2504 0.00023155
2505 2504 0.00023155
2506 2504 0.00023155
2503 2505 0.00031055
2504 2505 0.00031055
2511 2505 0.00031055
2512 2505 0.00031055
2507 2506 0.0010572
2508 2506 0.0010572
5643 2506 0.0010572
1834 2507 0.00068209
2505 2507 0.00068209
2506 2507 0.00068209
2509 2508 0.0021202
5646 2508 0.0021202
5649 2508 0.0021202
2507 2509 0.0014007
2508 2509 0.0014007
5643 2509 0.0014007
2503 2510 0.00020635
2504 2510 0.00020635
2511 2510 0.00020635
2512 2510 0.00020635
2449 2511 0.00032544
2450 2511 0.00032544
2510 2511 0.00032544
2503 2513 0.00018992
2504 2513 0.00018992
2511 2513 0.00018992
2512 2513 0.00018992
1836 2515 0.00012951
2513 2515 0.00012951
2514 2515 0.00012951
1838 2517 0.00010236
2515 2517 0.00010236
2516 2517 0.00010236
310 2656 0.001112
2653 2656 0.001112
2655 2656 0.001112
3151 3152 0.99889
3154 3152 0.99889
5499 3152 0.99889
5500 3152 0.99889
1830 3154 1
3153 3154 1
3156 3154 1
5514 3154 1
2499 3156 0.97723
3155 3156 0.97723
4512 3156 0.97723
1357 3157 0.98537
1408 3157 0.98537
2301 3157 0.98537
3158 3157 0.98537
2309 3757 0.0078512
3758 3757 0.0078512
5944 3757 0.0078512
2305 4508 0.995
4507 4508 0.995
5946 4508 0.995
1339 4509 0.0067268
2300 4509 0.0067268
4510 4509 0.0067268
1438 4510 0.84495
2303 4510 0.84495
4509 4510 0.84495
1349 4512 0.98537
4511 4512 0.98537
4514 4512 0.98537
4513 4514 0.98537
6864 4514 0.98537
1353 4572 0.0089879
4571 4572 0.0089879
4574 4572 0.0089879
1353 4573 0.0036079
4571 4573 0.0036079
4574 4573 0.0036079
1355 4574 0.0073707
1358 4574 0.0073707
4573 4574 0.0073707
3757 5343 1.0079
5344 5343 1.0079
35 5494 0.0011118
5495 5494 0.0011118
5496 5494 0.0011118
1313 5496 0.0011118
5497 5496 0.0011118
5498 5496 0.0011118
3151 5498 0.0011118
3154 5498 0.0011118
5499 5498 0.0011118
5500 5498 0.0011118
2484 5514 0.014562
5515 5514 0.014562
5516 5514 0.014562
5648 5514 0.014562
1830 5515 0.006408
3153 5515 0.006408
3156 5515 0.006408
5514 5515 0.006408
2448 5516 0.00023473
2478 5516 0.00023473
5517 5516 0.00023473
2484 5517 0.00041355
5515 5517 0.00041355
5516 5517 0.00041355
5648 5517 0.00041355
305 5588 0.00065826
1445 5588 0.00065826
5589 5588 0.00065826
303 5590 0.00065826
5588 5590 0.00065826
5591 5590 0.00065826
1872 5592 0.00072115
5590 5592 0.00072115
5593 5592 0.00072115
1394 5593 0.00049021
5592 5593 0.00049021
5595 5593 0.00049021
1394 5594 0.0092299
5592 5594 0.0092299
5595 5594 0.0092299
1359 5596 0.0098915
5594 5596 0.0098915
5597 5596 0.0098915
2491 5636 0.00010507
2492 5636 0.00010507
5637 5636 0.00010507
1832 5637 0.00023073
1839 5637 0.00023073
5636 5637 0.00023073
2493 5638 0.00015141
2494 5638 0.00015141
5639 5638 0.00015141
1833 5639 0.00028467
1837 5639 0.00028467
5638 5639 0.00028467
5644 5639 0.00028467
2495 5640 0.0010049
2496 5640 0.0010049
5641 5640 0.0010049
1835 5641 0.0015953
5640 5641 0.0015953
5642 5641 0.0015953
5645 5641 0.0015953
2507 5642 0.0013109
2508 5642 0.0013109
5643 5642 0.0013109
1835 5643 0.00096647
5640 5643 0.00096647
5642 5643 0.00096647
5645 5643 0.00096647
1835 5644 0.00048846
5640 5644 0.00048846
5642 5644 0.00048846
5645 5644 0.00048846
1833 5645 0.0002804
1837 5645 0.0002804
5638 5645 0.0002804
5644 5645 0.0002804
2497 5646 0.014501
2498 5646 0.014501
5647 5646 0.014501
2509 5647 0.0054493
5646 5647 0.0054493
5649 5647 0.0054493
2509 5648 0.014396
5646 5648 0.014396
5649 5648 0.014396
2484 5649 0.0060632
5515 5649 0.0060632
5516 5649 0.0060632
5648 5649 0.0060632
1822 5653 0.0013477
5650 5653 0.0013477
5652 5653 0.0013477
2306 5944 0.14349
2312 5944 0.14349
5343 5944 0.14349
5945 5944 0.14349
2309 5945 0.04076
3758 5945 0.04076
5944 5945 0.04076
1419 5946 0.21566
2308 5946 0.21566
5345 5946 0.21566
5947 5946 0.21566
2305 5947 0.017357
4507 5947 0.017357
5946 5947 0.017357
6761 6760 0.0050057
7283 6760 0.0050057
6863 6864 0.98537
7143 6864 0.98537
1302 7143 0.98537
3157 7143 0.98537
7142 7143 0.98537
1399 7283 0.0050057
7284 7283 0.0050057
