86 85 0.00073076
89 85 0.00073076
6576 85 0.00073076
85 86 0.0044016
3724 86 0.0044016
3725 86 0.0044016
88 87 0.00013661
90 87 0.00013661
773 87 0.00013661
6568 87 0.00013661
87 88 0.00045911
3728 88 0.00045911
3729 88 0.00045911
88 89 0.00051696
90 89 0.00051696
773 89 0.00051696
6568 89 0.00051696
86 90 0.00011528
89 90 0.00011528
6576 90 0.00011528
91 92 0.00013211
3732 92 0.00013211
3733 92 0.00013211
100 99 0.00014707
102 99 0.00014707
4555 99 0.00014707
99 100 0.00051203
366 100 0.00051203
3737 100 0.00051203
101 102 0.00018801
367 102 0.00018801
3738 102 0.00018801
106 105 0.0010363
3357 105 0.0010363
105 106 0.0010217
4553 106 0.0010217
108 107 0.24218
396 107 0.24218
397 107 0.24218
107 108 0.019928
390 108 0.019928
391 108 0.019928
112 111 0.15988
424 111 0.15988
425 111 0.15988
6552 111 0.15988
111 112 0.0022923
387 112 0.0022923
394 112 0.0022923
114 113 0.03722
422 113 0.03722
423 113 0.03722
6550 113 0.03722
113 114 0.001178
384 114 0.001178
385 114 0.001178
116 115 0.0088412
420 115 0.0088412
421 115 0.0088412
1584 115 0.0088412
115 116 0.0007178
382 116 0.0007178
383 116 0.0007178
99 365 0.00017524
366 365 0.00017524
3737 365 0.00017524
365 366 0.00071491
3722 366 0.00071491
3723 366 0.00071491
377 378 0.0013625
399 378 0.0013625
378 380 0.0013625
379 380 0.0013625
115 381 0.00041094
382 381 0.00041094
383 381 0.00041094
381 382 0.010086
400 382 0.010086
401 382 0.010086
413 382 0.010086
113 383 0.00041483
384 383 0.00041483
385 383 0.00041483
115 384 0.018214
382 384 0.018214
383 384 0.018214
380 385 0.00054536
386 385 0.00054536
393 385 0.00054536
113 386 0.054386
384 386 0.054386
385 386 0.054386
388 387 0.00080855
389 387 0.00080855
3717 387 0.00080855
6554 387 0.00080855
111 388 0.21357
387 388 0.21357
394 388 0.21357
107 389 0.00028902
390 389 0.00028902
391 389 0.00028902
388 390 0.79305
389 390 0.79305
3717 390 0.79305
6554 390 0.79305
392 391 0.026167
395 391 0.026167
998 391 0.026167
107 392 0.041177
390 392 0.041177
391 392 0.041177
111 393 0.00052577
387 393 0.00052577
394 393 0.00052577
380 394 0.055698
386 394 0.055698
393 394 0.055698
108 395 0.026167
396 395 0.026167
397 395 0.026167
392 396 0.041177
395 396 0.041177
998 396 0.041177
398 397 0.23016
3718 397 0.23016
3719 397 0.23016
108 398 0.022922
396 398 0.022922
397 398 0.022922
381 399 0.0013625
400 399 0.0013625
401 399 0.0013625
413 399 0.0013625
402 401 0.0037516
403 401 0.0037516
418 401 0.0037516
419 401 0.0037516
381 402 0.00050847
400 402 0.00050847
401 402 0.00050847
413 402 0.00050847
404 403 0.00041056
405 403 0.00041056
6570 403 0.00041056
6573 403 0.00041056
414 413 0.0077902
415 413 0.0077902
417 413 0.0077902
416 415 0.014234
3096 415 0.014234
7148 415 0.014234
402 417 0.00062934
403 417 0.00062934
418 417 0.00062934
419 417 0.00062934
414 418 0.0070987
415 418 0.0070987
417 418 0.0070987
116 419 0.0024053
420 419 0.0024053
421 419 0.0024053
1584 419 0.0024053
402 420 0.0059545
403 420 0.0059545
418 420 0.0059545
419 420 0.0059545
114 421 0.0091947
422 421 0.0091947
423 421 0.0091947
6550 421 0.0091947
116 422 0.0053238
420 422 0.0053238
421 422 0.0053238
1584 422 0.0053238
112 423 0.043516
424 423 0.043516
425 423 0.043516
6552 423 0.043516
114 424 0.0057893
422 424 0.0057893
423 424 0.0057893
6550 424 0.0057893
426 425 0.19791
3720 425 0.19791
3721 425 0.19791
4661 425 0.19791
112 426 0.0039797
424 426 0.0039797
425 426 0.0039797
6552 426 0.0039797
428 427 0.0043975
429 427 0.0043975
3089 427 0.0043975
5680 427 0.0043975
2279 431 0.010441
5674 431 0.010441
7273 431 0.010441
427 432 0.0028298
431 432 0.0028298
3097 432 0.0028298
6878 434 0.0073743
548 547 0.020064
6226 547 0.020064
6227 547 0.020064
6230 547 0.020064
547 548 0.14002
2073 548 0.14002
7094 548 0.14002
774 773 0.0001103
775 773 0.0001103
88 774 0.0001094
90 774 0.0001094
773 774 0.0001094
6568 774 0.0001094
776 775 0.0001103
6574 775 0.0001103
774 776 0.0001094
775 776 0.0001094
942 943 1.0064
945 943 1.0064
5898 943 1.0064
7252 943 1.0064
942 944 0.00040967
945 944 0.00040967
5898 944 0.00040967
7252 944 0.00040967
944 945 0.0011018
947 945 0.0011018
4210 945 0.0011018
948 950 0.0083436
951 950 0.0083436
6355 950 0.0083436
950 951 0.010009
6352 951 0.010009
6353 951 0.010009
6356 951 0.010009
995 994 0.042359
6359 994 0.042359
6360 994 0.042359
994 995 0.058676
997 995 0.058676
2076 995 0.058676
2077 995 0.058676
994 996 0.046602
997 996 0.046602
2076 996 0.046602
2077 996 0.046602
996 997 0.036964
3119 997 0.036964
4790 997 0.036964
6237 997 0.036964
1466 1117 0.00050746
2325 1117 0.00050746
434 1126 0.0099089
5089 1126 0.0099089
432 1127 0.0027828
5692 1127 0.0027828
5085 1129 0.0060396
5267 1129 0.0060396
1233 1232 0.0083237
5580 1232 0.0083237
5582 1232 0.0083237
1117 1468 0.0083445
2345 1468 0.0083445
1528 1530 0.17286
1531 1530 0.17286
3303 1530 0.17286
1530 1532 0.019636
1533 1532 0.019636
2850 1532 0.019636
1532 1533 0.00043457
2851 1533 0.00043457
3339 1533 0.00043457
1576 1577 0.0005232
7149 1577 0.0005232
1580 1582 0.0003151
1583 1582 0.0003151
6572 1582 0.0003151
6575 1582 0.0003151
1582 1583 0.00011225
1585 1583 0.00011225
4524 1583 0.00011225
1582 1584 0.00096231
1585 1584 0.00096231
4524 1584 0.00096231
116 1585 0.00025899
420 1585 0.00025899
421 1585 0.00025899
1584 1585 0.00025899
1656 1655 0.60636
5746 1655 0.60636
5748 1655 0.60636
1657 1658 1.0064
4219 1658 1.0064
4817 1658 1.0064
2072 2071 0.040932
2074 2071 0.040932
2075 2071 0.040932
3906 2071 0.040932
2071 2072 0.036364
6238 2072 0.036364
6239 2072 0.036364
2072 2073 0.013092
2074 2073 0.013092
2075 2073 0.013092
3906 2073 0.013092
547 2074 0.45242
2073 2074 0.45242
7094 2074 0.45242
994 2075 0.018021
997 2075 0.018021
2076 2075 0.018021
2077 2075 0.018021
2072 2076 0.31171
2074 2076 0.31171
2075 2076 0.31171
3906 2076 0.31171
2078 2077 0.0095099
2358 2077 0.0095099
2361 2077 0.0095099
6371 2077 0.0095099
994 2078 0.27724
997 2078 0.27724
2076 2078 0.27724
2077 2078 0.27724
1126 2279 0.0098908
2324 2325 0.00048249
7131 2325 0.00048249
2326 2327 0.00044069
7259 2327 0.00044069
2344 2345 0.0078673
2347 2345 0.0078673
5906 2345 0.0078673
2344 2346 0.0066494
2347 2346 0.0066494
5906 2346 0.0066494
2346 2347 0.0003951
6960 2347 0.0003951
7108 2347 0.0003951
2349 2348 0.012526
5903 2348 0.012526
5986 2348 0.012526
7105 2348 0.012526
2348 2349 0.003607
5239 2349 0.003607
5739 2349 0.003607
2351 2350 0.00051174
4656 2350 0.00051174
7014 2350 0.00051174
7087 2350 0.00051174
2350 2351 0.00034924
5671 2351 0.00034924
5836 2351 0.00034924
2353 2352 0.00063169
3337 2352 0.00063169
2352 2353 0.0010587
2355 2353 0.0010587
5269 2353 0.0010587
2352 2354 0.0028894
2355 2354 0.0028894
5269 2354 0.0028894
2354 2355 0.32975
2357 2355 0.32975
2354 2356 0.00061372
2357 2356 0.00061372
2356 2357 0.33462
2359 2357 0.33462
6362 2357 0.33462
7160 2357 0.33462
2356 2358 0.019566
2359 2358 0.019566
6362 2358 0.019566
7160 2358 0.019566
2078 2359 0.18196
2358 2359 0.18196
2361 2359 0.18196
6371 2359 0.18196
2078 2360 0.029237
2358 2360 0.029237
2361 2360 0.029237
6371 2360 0.029237
2360 2361 0.039469
2363 2361 0.039469
3120 2361 0.039469
2360 2362 0.010718
2363 2362 0.010718
3120 2362 0.010718
2362 2363 0.0086413
2365 2363 0.0086413
6395 2363 0.0086413
2362 2364 0.0046947
2365 2364 0.0046947
6395 2364 0.0046947
2364 2365 0.0043096
2367 2365 0.0043096
6366 2365 0.0043096
6367 2365 0.0043096
2364 2366 0.00080723
2367 2366 0.00080723
6366 2366 0.00080723
6367 2366 0.00080723
2366 2367 0.0019945
7006 2367 0.0019945
7086 2367 0.0019945
2752 2753 0.0083241
7251 2753 0.0083241
1530 2849 0.16134
1533 2849 0.16134
2850 2849 0.16134
600 2850 0.0076977
2849 2850 0.0076977
3344 2850 0.0076977
3345 2850 0.0076977
3086 3085 0.0047776
5668 3085 0.0047776
5964 3085 0.0047776
3085 3087 0.00474
3088 3087 0.00474
5398 3087 0.00474
3090 3089 0.0043732
5675 3089 0.0043732
5676 3089 0.0043732
7150 3089 0.0043732
1127 3096 0.014696
3095 3096 0.014696
3098 3096 0.014696
427 3098 0.011946
431 3098 0.011946
3097 3098 0.011946
3107 3109 0.0044416
3110 3109 0.0044416
3309 3109 0.0044416
3310 3109 0.0044416
3109 3110 0.0033766
3112 3110 0.0033766
3313 3110 0.0033766
3314 3110 0.0033766
3109 3111 0.0012584
3112 3111 0.0012584
3313 3111 0.0012584
3314 3111 0.0012584
3111 3112 0.004986
3114 3112 0.004986
6382 3112 0.004986
6383 3112 0.004986
3111 3113 0.0017687
3114 3113 0.0017687
6382 3113 0.0017687
6383 3113 0.0017687
3113 3114 0.0019955
3116 3114 0.0019955
6106 3114 0.0019955
3113 3115 0.00069401
3116 3115 0.00069401
6106 3115 0.00069401
3115 3116 0.00065934
5959 3116 0.00065934
6404 3116 0.00065934
3118 3117 0.00021105
6390 3117 0.00021105
6391 3117 0.00021105
3117 3118 0.0006441
5957 3118 0.0006441
6368 3118 0.0006441
6369 3118 0.0006441
2360 3119 0.024001
2363 3119 0.024001
3120 3119 0.024001
996 3120 0.036311
3119 3120 0.036311
4790 3120 0.036311
6237 3120 0.036311
3122 3121 0.002159
5270 3121 0.002159
6233 3121 0.002159
3121 3122 0.00083888
3328 3122 0.00083888
3329 3122 0.00083888
3124 3123 0.0026415
3307 3123 0.0026415
3308 3123 0.0026415
3637 3123 0.0026415
3123 3124 0.05323
3126 3124 0.05323
3312 3124 0.05323
3123 3125 0.0022124
3126 3125 0.0022124
3312 3125 0.0022124
3125 3126 0.048008
3128 3126 0.048008
5949 3126 0.048008
3125 3127 0.0011437
3128 3127 0.0011437
5949 3127 0.0011437
3127 3128 0.038919
3130 3128 0.038919
6380 3128 0.038919
6381 3128 0.038919
3127 3129 0.00065283
3130 3129 0.00065283
6380 3129 0.00065283
6381 3129 0.00065283
3129 3130 0.013174
3132 3130 0.013174
6105 3130 0.013174
6108 3130 0.013174
3129 3131 0.00048144
3132 3131 0.00048144
6105 3131 0.00048144
6108 3131 0.00048144
3131 3132 0.0047096
3134 3132 0.0047096
6402 3132 0.0047096
6403 3132 0.0047096
3131 3133 0.00028928
3134 3133 0.00028928
6402 3133 0.00028928
6403 3133 0.00028928
3133 3134 0.0018175
5955 3134 0.0018175
6394 3134 0.0018175
3136 3135 0.0014907
3305 3135 0.0014907
3306 3135 0.0014907
3135 3136 0.018055
5948 3136 0.018055
5953 3136 0.018055
3138 3137 0.16715
5832 3137 0.16715
6422 3137 0.16715
3137 3138 0.00066281
3302 3138 0.00066281
3338 3138 0.00066281
3140 3139 0.01297
6372 3139 0.01297
6373 3139 0.01297
6407 3139 0.01297
3139 3140 0.0083751
3910 3140 0.0083751
6112 3140 0.0083751
3142 3141 0.0012103
6414 3141 0.0012103
6415 3141 0.0012103
3141 3142 0.018901
3144 3142 0.018901
4787 3142 0.018901
3141 3143 0.005222
3144 3143 0.005222
4787 3143 0.005222
3143 3144 0.013794
3146 3144 0.013794
6374 3144 0.013794
6375 3144 0.013794
3143 3145 0.011396
3146 3145 0.011396
6374 3145 0.011396
6375 3145 0.011396
3145 3146 0.0065214
3148 3146 0.0065214
3911 3146 0.0065214
6109 3146 0.0065214
3145 3147 0.0038054
3148 3147 0.0038054
3911 3147 0.0038054
6109 3147 0.0038054
3147 3148 0.0036129
5951 3148 0.0036129
6398 3148 0.0036129
6399 3148 0.0036129
3137 3303 0.17286
3302 3303 0.17286
3338 3303 0.17286
3136 3304 0.0069368
3305 3304 0.0069368
3306 3304 0.0069368
3304 3305 0.030508
6420 3305 0.030508
6421 3305 0.030508
3124 3306 0.0049179
3307 3306 0.0049179
3308 3306 0.0049179
3637 3306 0.0049179
3136 3307 0.045053
3305 3307 0.045053
3306 3307 0.045053
3107 3308 0.0033766
3110 3308 0.0033766
3309 3308 0.0033766
3310 3308 0.0033766
3124 3309 0.0044416
3307 3309 0.0044416
3308 3309 0.0044416
3637 3309 0.0044416
3109 3312 0.0065431
3112 3312 0.0065431
3313 3312 0.0065431
3314 3312 0.0065431
3123 3313 0.0017505
3126 3313 0.0017505
3312 3313 0.0017505
3317 3316 0.013234
5238 3316 0.013234
7089 3316 0.013234
3316 3317 0.00013225
7005 3317 0.00013225
7008 3317 0.00013225
7088 3317 0.00013225
3319 3318 0.040875
5985 3318 0.040875
7093 3318 0.040875
7095 3318 0.040875
3318 3319 0.037034
6983 3319 0.037034
7092 3319 0.037034
3321 3320 0.0020498
3322 3320 0.0020498
7097 3320 0.0020498
3320 3321 0.32187
6977 3321 0.32187
7096 3321 0.32187
3323 3322 0.0013576
3324 3322 0.0013576
7103 3322 0.0013576
3321 3323 0.30838
3322 3323 0.30838
7097 3323 0.30838
3325 3324 0.00065871
3326 3324 0.00065871
7099 3324 0.00065871
3323 3325 0.36002
3324 3325 0.36002
7103 3325 0.36002
2753 3326 0.00020947
3327 3326 0.00020947
5237 3326 0.00020947
3325 3327 0.32185
3326 3327 0.32185
7099 3327 0.32185
2353 3328 0.001131
3337 3328 0.001131
3332 3331 0.0028833
3334 3331 0.0028833
3331 3332 0.0048646
5827 3332 0.0048646
5829 3332 0.0048646
3332 3333 0.0048646
3334 3333 0.0048646
3333 3334 0.0028833
3336 3334 0.0028833
6225 3334 0.0028833
3333 3335 0.02539
3336 3335 0.02539
6225 3335 0.02539
3335 3336 0.0087928
5823 3336 0.0087928
5831 3336 0.0087928
6967 3336 0.0087928
3137 3337 0.00070396
3302 3337 0.00070396
3338 3337 0.00070396
3343 3338 0.0070649
3639 3338 0.0070649
3962 3338 0.0070649
3340 3339 0.00043457
3342 3339 0.00043457
3960 3339 0.00043457
1532 3340 0.019636
2851 3340 0.019636
3339 3340 0.019636
3340 3341 0.019636
3342 3341 0.019636
3960 3341 0.019636
3341 3342 0.00043457
3346 3342 0.00043457
4684 3342 0.00043457
600 3343 0.0017601
2849 3343 0.0017601
3344 3343 0.0017601
3345 3343 0.0017601
3343 3344 0.81392
3639 3344 0.81392
3962 3344 0.81392
3341 3345 0.00020309
3346 3345 0.00020309
4684 3345 0.00020309
600 3346 0.96601
2849 3346 0.96601
3344 3346 0.96601
3345 3346 0.96601
73 3347 0.00036428
3348 3347 0.00036428
3349 3347 0.00036428
3347 3348 0.00036502
3354 3348 0.00036502
4683 3348 0.00036502
3350 3349 0.00036428
3351 3349 0.00036428
3363 3349 0.00036428
73 3350 0.00036502
3348 3350 0.00036502
3349 3350 0.00036502
3352 3351 0.00012238
3366 3351 0.00012238
3691 3351 0.00012238
3350 3352 0.00028999
3351 3352 0.00028999
3363 3352 0.00028999
3347 3353 0.98501
3354 3353 0.98501
4683 3353 0.98501
3356 3355 0.0020485
4554 3355 0.0020485
5855 3355 0.0020485
3353 3356 0.0020485
3355 3356 0.0020485
7220 3356 0.0020485
3358 3357 0.0010363
3360 3357 0.0010363
106 3358 0.0010217
3357 3358 0.0010217
3358 3359 0.0010217
3360 3359 0.0010217
3359 3360 0.0010363
5856 3360 0.0010363
5858 3360 0.0010363
3364 3363 0.00024767
3365 3363 0.00024767
3367 3363 0.00024767
3352 3365 0.00021411
3366 3365 0.00021411
3691 3365 0.00021411
3364 3366 0.00011356
3365 3366 0.00011356
3367 3366 0.00011356
3638 3637 0.0079739
3640 3637 0.0079739
5268 3637 0.0079739
3124 3638 0.097632
3307 3638 0.097632
3308 3638 0.097632
3637 3638 0.097632
3638 3639 0.81362
3640 3639 0.81362
5268 3639 0.81362
3343 3640 0.0001719
3639 3640 0.0001719
3962 3640 0.0001719
134 3707 0.00027189
3708 3707 0.00027189
3709 3707 0.00027189
3051 3709 0.00025054
3710 3709 0.00025054
3711 3709 0.00025054
2146 3711 0.00027173
3712 3711 0.00027173
4663 3711 0.00027173
7113 3711 0.00027173
398 3717 0.5863
3718 3717 0.5863
3719 3717 0.5863
388 3718 0.0063017
389 3718 0.0063017
3717 3718 0.0063017
6554 3718 0.0063017
426 3719 0.79082
3720 3719 0.79082
3721 3719 0.79082
4661 3719 0.79082
398 3720 0.0035792
3718 3720 0.0035792
3719 3720 0.0035792
365 3721 0.0016436
3722 3721 0.0016436
3723 3721 0.0016436
426 3722 0.0054814
3720 3722 0.0054814
3721 3722 0.0054814
4661 3722 0.0054814
85 3723 0.0015005
3724 3723 0.0015005
3725 3723 0.0015005
365 3724 0.0047987
3722 3724 0.0047987
3723 3724 0.0047987
3726 3725 0.00093795
3727 3725 0.00093795
4556 3725 0.00093795
85 3726 0.00056532
3724 3726 0.00056532
3725 3726 0.00056532
87 3727 0.0003758
3728 3727 0.0003758
3729 3727 0.0003758
3726 3728 0.00050034
3727 3728 0.00050034
4556 3728 0.00050034
373 3729 0.00029056
3730 3729 0.00029056
3731 3729 0.00029056
91 3731 0.00023981
3732 3731 0.00023981
3733 3731 0.00023981
411 3733 0.00027278
3734 3733 0.00027278
3735 3733 0.00027278
1972 3735 0.00024321
3706 3735 0.00024321
3707 3735 0.00024321
3736 3735 0.00024321
99 3738 0.00021223
366 3738 0.00021223
3737 3738 0.00021223
4199 3791 0.00090048
5395 3791 0.00090048
5396 3792 0.00090058
5397 3792 0.00090058
3791 3793 0.00030477
3907 3906 0.028484
4019 3906 0.028484
6228 3906 0.028484
6358 3906 0.028484
2072 3907 0.16955
2074 3907 0.16955
2075 3907 0.16955
3906 3907 0.16955
3909 3908 0.00049833
6113 3908 0.00049833
6400 3908 0.00049833
6401 3908 0.00049833
3908 3909 0.00055131
6392 3909 0.00055131
6393 3909 0.00055131
3145 3910 0.0055401
3148 3910 0.0055401
3911 3910 0.0055401
6109 3910 0.0055401
3139 3911 0.0089956
3910 3911 0.0089956
6112 3911 0.0089956
4685 3962 0.0057794
5086 3962 0.0057794
1129 3964 0.0011925
3963 3964 0.0011925
4020 4019 0.0007869
6232 4019 0.0007869
6351 4019 0.0007869
3907 4020 0.19231
4019 4020 0.19231
6228 4020 0.19231
6358 4020 0.19231
4204 4205 0.0010144
4206 4205 0.0010144
4207 4205 0.0010144
4211 4205 0.0010144
4205 4206 0.0044947
5741 4206 0.0044947
5742 4206 0.0044947
4201 4207 0.0010202
4208 4207 0.0010202
4209 4207 0.0010202
5909 4207 0.0010202
4204 4208 0.0036167
4206 4208 0.0036167
4207 4208 0.0036167
4211 4208 0.0036167
944 4209 0.00040362
947 4209 0.00040362
4210 4209 0.00040362
4201 4210 0.0011021
4208 4210 0.0011021
4209 4210 0.0011021
5909 4210 0.0011021
4212 4211 0.0012631
4214 4211 0.0012631
4204 4212 0.0021469
4206 4212 0.0021469
4207 4212 0.0021469
4211 4212 0.0021469
4212 4213 0.0021469
4214 4213 0.0021469
4213 4214 0.0012631
5743 4214 0.0012631
5744 4214 0.0012631
4220 4219 1.0064
4222 4219 1.0064
943 4222 1.0064
4221 4222 1.0064
4815 4222 1.0064
1582 4523 0.00024065
1585 4523 0.00024065
4524 4523 0.00024065
4523 4524 0.00074112
4526 4524 0.00074112
6551 4524 0.00074112
4523 4525 0.00056142
4526 4525 0.00056142
6551 4525 0.00056142
4525 4526 0.0032478
6553 4526 0.0032478
6577 4526 0.0032478
3356 4553 0.0010217
4554 4553 0.0010217
5855 4553 0.0010217
105 4554 0.0010363
4553 4554 0.0010363
3726 4555 0.00012383
3727 4555 0.00012383
4556 4555 0.00012383
100 4556 0.000621
102 4556 0.000621
4555 4556 0.000621
2351 4657 0.011311
4656 4657 0.011311
7014 4657 0.011311
7087 4657 0.011311
6736 4658 0.00089883
4660 4661 0.98501
7221 4661 0.98501
4662 4663 0.000271
6739 4663 0.000271
3341 4683 0.98501
3346 4683 0.98501
4684 4683 0.98501
2327 4707 0.000447
4708 4707 0.000447
5968 4707 0.000447
4788 4787 0.010248
6408 4787 0.010248
6409 4787 0.010248
3141 4788 0.0011303
3144 4788 0.0011303
4787 4788 0.0011303
996 4789 0.0090921
3119 4789 0.0090921
4790 4789 0.0090921
6237 4789 0.0090921
4789 4790 0.0088793
6240 4790 0.0088793
6365 4790 0.0088793
5064 5063 0.00089279
5240 5063 0.00089279
5087 5086 0.0057879
5271 5086 0.0057879
1129 5087 0.0048666
3963 5087 0.0048666
5090 5089 0.0025346
5091 5090 0.0025374
5838 5090 0.0025374
3121 5237 0.0024511
3328 5237 0.0024511
3329 5237 0.0024511
2348 5238 0.012263
5239 5238 0.012263
5739 5238 0.012263
3317 5239 0.0030022
5238 5239 0.0030022
7089 5239 0.0030022
5241 5240 0.00089203
5738 5240 0.00089203
7218 5240 0.00089203
3638 5267 0.0060811
3640 5267 0.0060811
5268 5267 0.0060811
3138 5268 0.72987
5832 5268 0.72987
6422 5268 0.72987
3122 5269 0.52718
5270 5269 0.52718
6233 5269 0.52718
2753 5270 0.33242
3327 5270 0.33242
5237 5270 0.33242
3964 5271 0.00092154
6738 5271 0.00092154
5063 5395 0.00088873
3791 5396 0.00059571
3793 5397 0.00030487
5993 5397 0.00030487
7115 5397 0.00030487
3898 5580 0.0083191
5581 5580 0.0083191
5935 5580 0.0083191
5666 5662 0.0065362
5667 5662 0.0065362
4658 5664 0.00083814
4657 5666 0.011371
5663 5666 0.011371
5665 5666 0.011371
5666 5668 0.0048369
5667 5668 0.0048369
2350 5670 0.0005125
5671 5670 0.0005125
5836 5670 0.0005125
5670 5671 0.00035058
6385 5671 0.00035058
7085 5671 0.00035058
3090 5674 0.00086443
5675 5674 0.00086443
5676 5674 0.00086443
7150 5674 0.00086443
2279 5675 0.00032512
5674 5675 0.00032512
7273 5675 0.00032512
5677 5676 0.0001024
5678 5676 0.0001024
5962 5676 0.0001024
2348 5738 0.0010044
5239 5738 0.0010044
5739 5738 0.0010044
5241 5739 0.0013456
5738 5739 0.0013456
7218 5739 0.0013456
4205 5740 0.0015765
5741 5740 0.0015765
5742 5740 0.0015765
5740 5741 0.00034766
7219 5741 0.00034766
4213 5742 0.005946
5743 5742 0.005946
5744 5742 0.005946
4205 5743 0.0012368
5741 5743 0.0012368
5742 5743 0.0012368
1655 5744 0.0071059
5745 5744 0.0071059
5901 5744 0.0071059
5904 5744 0.0071059
4213 5745 0.0032806
5743 5745 0.0032806
5744 5745 0.0032806
1658 5746 0.60636
5747 5746 0.60636
5907 5746 0.60636
5984 5746 0.60636
3335 5822 0.062666
5823 5822 0.062666
5831 5822 0.062666
6967 5822 0.062666
5822 5823 0.029543
6963 5823 0.029543
7102 5823 0.029543
7104 5823 0.029543
5825 5824 0.014346
5826 5824 0.014346
5830 5824 0.014346
5824 5825 0.054069
6964 5825 0.054069
7100 5825 0.054069
3331 5826 0.0028833
5827 5826 0.0028833
5829 5826 0.0028833
5825 5827 0.0048646
5826 5827 0.0048646
5830 5827 0.0048646
3335 5830 0.015074
5823 5830 0.015074
5831 5830 0.015074
6967 5830 0.015074
5825 5831 0.052816
5826 5831 0.052816
5830 5831 0.052816
2352 5832 0.85361
2355 5832 0.85361
5269 5832 0.85361
5837 5838 0.0024875
6927 5838 0.0024875
7069 5838 0.0024875
7112 5838 0.0024875
3359 5855 0.0010217
5856 5855 0.0010217
5858 5855 0.0010217
3356 5856 0.0010363
4554 5856 0.0010363
5855 5856 0.0010363
5893 5894 0.00010235
7255 5894 0.00010235
5895 5896 0.00056292
7253 5896 0.00056292
942 5897 0.0011551
945 5897 0.0011551
5898 5897 0.0011551
7252 5897 0.0011551
5897 5898 0.0073434
5900 5898 0.0073434
5983 5898 0.0073434
5897 5899 0.37372
5900 5899 0.37372
5983 5899 0.37372
5899 5900 0.0045209
5902 5900 0.0045209
5910 5900 0.0045209
5899 5901 0.37589
5902 5901 0.37589
5910 5901 0.37589
1655 5902 0.004788
5745 5902 0.004788
5901 5902 0.004788
5904 5902 0.004788
1655 5903 0.9736
5745 5903 0.9736
5901 5903 0.9736
5904 5903 0.9736
5905 5906 0.014124
6955 5906 0.014124
7110 5906 0.014124
1658 5908 0.02476
5747 5908 0.02476
5907 5908 0.02476
5984 5908 0.02476
5899 5909 0.001789
5902 5909 0.001789
5910 5909 0.001789
4201 5910 0.003687
4208 5910 0.003687
4209 5910 0.003687
5909 5910 0.003687
1468 5935 0.0083239
5934 5935 0.0083239
3125 5948 0.0026924
3128 5948 0.0026924
5949 5948 0.0026924
3135 5949 0.010713
5948 5949 0.010713
5953 5949 0.010713
3147 5950 0.0013996
5951 5950 0.0013996
6398 5950 0.0013996
6399 5950 0.0013996
5950 5951 0.0011989
6389 5951 0.0011989
6405 5951 0.0011989
3135 5952 0.00049035
5948 5952 0.00049035
5953 5952 0.00049035
5952 5953 0.025075
6378 5953 0.025075
6379 5953 0.025075
3133 5954 0.00017061
5955 5954 0.00017061
6394 5954 0.00017061
5954 5955 0.0013256
6370 5955 0.0013256
6388 5955 0.0013256
7111 5955 0.0013256
3117 5956 0.00051187
5957 5956 0.00051187
6368 5956 0.00051187
6369 5956 0.00051187
5956 5957 0.00034369
6386 5957 0.00034369
6387 5957 0.00034369
1658 5983 0.37943
5747 5983 0.37943
5907 5983 0.37943
5984 5983 0.37943
5897 5984 0.0040382
5900 5984 0.0040382
5983 5984 0.0040382
2349 5985 0.98157
5903 5985 0.98157
5986 5985 0.98157
7105 5985 0.98157
3113 6105 0.0017041
3116 6105 0.0017041
6106 6105 0.0017041
3129 6106 0.0019655
3132 6106 0.0019655
6105 6106 0.0019655
6108 6106 0.0019655
3129 6107 0.00023713
3132 6107 0.00023713
6105 6107 0.00023713
6108 6107 0.00023713
6107 6108 0.0087918
6110 6108 0.0087918
6114 6108 0.0087918
6107 6109 0.00035824
6110 6109 0.00035824
6114 6109 0.00035824
3145 6110 0.0084957
3148 6110 0.0084957
3911 6110 0.0084957
6109 6110 0.0084957
3139 6111 0.006
3910 6111 0.006
6112 6111 0.006
6111 6112 0.0048611
6396 6112 0.0048611
6397 6112 0.0048611
6406 6112 0.0048611
6107 6113 0.0010191
6110 6113 0.0010191
6114 6113 0.0010191
3909 6114 0.0014364
6113 6114 0.0014364
6400 6114 0.0014364
6401 6114 0.0014364
548 6225 0.024144
6226 6225 0.024144
6227 6225 0.024144
6230 6225 0.024144
3333 6226 0.0095274
3336 6226 0.0095274
6225 6226 0.0095274
3907 6227 0.005221
4019 6227 0.005221
6228 6227 0.005221
6358 6227 0.005221
548 6228 0.22193
6226 6228 0.22193
6227 6228 0.22193
6230 6228 0.22193
548 6229 0.01769
6226 6229 0.01769
6227 6229 0.01769
6230 6229 0.01769
6229 6230 0.12906
6979 6230 0.12906
7063 6230 0.12906
4020 6231 0.19514
6232 6231 0.19514
6351 6231 0.19514
6231 6232 0.00072344
6234 6232 0.00072344
6354 6232 0.00072344
6231 6233 0.19734
6234 6233 0.19734
6354 6233 0.19734
3122 6234 0.0012578
5270 6234 0.0012578
6233 6234 0.0012578
2071 6237 0.034946
6238 6237 0.034946
6239 6237 0.034946
996 6238 0.032062
3119 6238 0.032062
4790 6238 0.032062
6237 6238 0.032062
4789 6239 0.0080013
6240 6239 0.0080013
6365 6239 0.0080013
2071 6240 0.0096851
6238 6240 0.0096851
6239 6240 0.0096851
950 6351 0.015726
6352 6351 0.015726
6353 6351 0.015726
6356 6351 0.015726
4020 6352 0.012835
6232 6352 0.012835
6351 6352 0.012835
2354 6353 0.0071377
2357 6353 0.0071377
948 6354 0.010009
951 6354 0.010009
6355 6354 0.010009
6231 6355 0.0083436
6234 6355 0.0083436
6354 6355 0.0083436
6357 6356 0.010107
6361 6356 0.010107
950 6357 0.012688
6352 6357 0.012688
6353 6357 0.012688
6356 6357 0.012688
995 6358 0.010899
6359 6358 0.010899
6360 6358 0.010899
3907 6359 0.17716
4019 6359 0.17716
6228 6359 0.17716
6358 6359 0.17716
6357 6360 0.0038161
6361 6360 0.0038161
995 6361 0.18639
6359 6361 0.18639
6360 6361 0.18639
6357 6362 0.18516
6361 6362 0.18516
6364 6363 0.0025005
6410 6363 0.0025005
6411 6363 0.0025005
6363 6364 0.016053
6943 6364 0.016053
7165 6364 0.016053
2364 6365 0.0037405
2367 6365 0.0037405
6366 6365 0.0037405
6367 6365 0.0037405
4789 6366 0.0056371
6240 6366 0.0056371
6365 6366 0.0056371
3117 6367 0.00016699
5957 6367 0.00016699
6368 6367 0.00016699
6369 6367 0.00016699
2364 6368 0.003636
2367 6368 0.003636
6366 6368 0.003636
6367 6368 0.003636
3117 6370 0.002937
5957 6370 0.002937
6368 6370 0.002937
6369 6370 0.002937
3140 6371 0.0075883
6372 6371 0.0075883
6373 6371 0.0075883
6407 6371 0.0075883
2078 6372 0.12316
2358 6372 0.12316
2361 6372 0.12316
6371 6372 0.12316
3143 6373 0.0023136
3146 6373 0.0023136
6374 6373 0.0023136
6375 6373 0.0023136
3140 6374 0.10101
6372 6374 0.10101
6373 6374 0.10101
6407 6374 0.10101
6376 6375 0.00066444
6377 6375 0.00066444
6417 6375 0.00066444
3143 6376 0.085912
3146 6376 0.085912
6374 6376 0.085912
6375 6376 0.085912
5952 6377 0.00066892
6378 6377 0.00066892
6379 6377 0.00066892
6376 6378 0.054008
6377 6378 0.054008
6417 6378 0.054008
3127 6379 0.0017232
3130 6379 0.0017232
6380 6379 0.0017232
6381 6379 0.0017232
5952 6380 0.030478
6378 6380 0.030478
6379 6380 0.030478
3111 6381 0.0016696
3114 6381 0.0016696
6382 6381 0.0016696
6383 6381 0.0016696
3127 6382 0.0051704
3130 6382 0.0051704
6380 6382 0.0051704
6381 6382 0.0051704
5956 6385 0.00019346
6386 6385 0.00019346
6387 6385 0.00019346
5670 6386 0.00079697
6385 6386 0.00079697
7085 6386 0.00079697
5954 6387 0.00018084
6370 6387 0.00018084
6388 6387 0.00018084
7111 6387 0.00018084
5956 6388 0.00095253
6386 6388 0.00095253
6387 6388 0.00095253
3118 6389 0.00057328
6390 6389 0.00057328
6391 6389 0.00057328
5950 6390 0.00056637
6389 6390 0.00056637
6405 6390 0.00056637
3908 6391 0.00035508
6392 6391 0.00035508
6393 6391 0.00035508
3118 6392 0.00078122
6390 6392 0.00078122
6391 6392 0.00078122
3133 6393 0.00024585
5955 6393 0.00024585
6394 6393 0.00024585
3908 6394 0.00061901
6392 6394 0.00061901
6393 6394 0.00061901
6111 6395 0.0054857
6396 6395 0.0054857
6397 6395 0.0054857
6406 6395 0.0054857
2362 6396 0.007177
2365 6396 0.007177
6395 6396 0.007177
3147 6397 0.0025052
5951 6397 0.0025052
6398 6397 0.0025052
6399 6397 0.0025052
6111 6398 0.005543
6396 6398 0.005543
6397 6398 0.005543
6406 6398 0.005543
3909 6399 0.0006758
6113 6399 0.0006758
6400 6399 0.0006758
6401 6399 0.0006758
3147 6400 0.0037054
5951 6400 0.0037054
6398 6400 0.0037054
6399 6400 0.0037054
3131 6401 0.00036114
3134 6401 0.00036114
6402 6401 0.00036114
6403 6401 0.00036114
3909 6402 0.0030265
6113 6402 0.0030265
6400 6402 0.0030265
6401 6402 0.0030265
3115 6403 0.00069401
5959 6403 0.00069401
6404 6403 0.00069401
3131 6404 0.00065934
3134 6404 0.00065934
6402 6404 0.00065934
6403 6404 0.00065934
6111 6405 0.0010142
6396 6405 0.0010142
6397 6405 0.0010142
6406 6405 0.0010142
5950 6406 0.0012218
6389 6406 0.0012218
6405 6406 0.0012218
4788 6407 0.0067651
6408 6407 0.0067651
6409 6407 0.0067651
3140 6408 0.019044
6372 6408 0.019044
6373 6408 0.019044
6407 6408 0.019044
6364 6409 0.0086912
6410 6409 0.0086912
6411 6409 0.0086912
4788 6410 0.011852
6408 6410 0.011852
6409 6410 0.011852
5834 6411 0.00015361
6412 6411 0.00015361
6413 6411 0.00015361
6364 6412 0.016867
6410 6412 0.016867
6411 6412 0.016867
3142 6413 0.00015361
6414 6413 0.00015361
6415 6413 0.00015361
5834 6414 0.016867
6412 6414 0.016867
6413 6414 0.016867
6416 6415 0.00020399
6418 6415 0.00020399
6419 6415 0.00020399
3142 6416 0.034608
6414 6416 0.034608
6415 6416 0.034608
6416 6417 0.0016539
6418 6417 0.0016539
6419 6417 0.0016539
6376 6418 0.033562
6377 6418 0.033562
6417 6418 0.033562
3304 6419 0.00066088
6420 6419 0.00066088
6421 6419 0.00066088
6416 6420 0.066972
6418 6420 0.066972
6419 6420 0.066972
3138 6421 0.016546
5832 6421 0.016546
6422 6421 0.016546
3304 6422 0.059287
6420 6422 0.059287
6421 6422 0.059287
4523 6550 0.0028679
4526 6550 0.0028679
6551 6550 0.0028679
114 6551 0.00068202
422 6551 0.00068202
423 6551 0.00068202
6550 6551 0.00068202
4525 6552 0.0040593
6553 6552 0.0040593
6577 6552 0.0040593
112 6553 0.0026732
424 6553 0.0026732
425 6553 0.0026732
6552 6553 0.0026732
92 6568 0.00011694
4557 6568 0.00011694
6569 6568 0.00011694
1574 6570 0.00053648
1577 6570 0.00053648
6571 6570 0.00053648
404 6572 0.00029291
405 6572 0.00029291
6570 6572 0.00029291
6573 6572 0.00029291
1580 6573 0.00012778
1583 6573 0.00012778
6572 6573 0.00012778
6575 6573 0.00012778
1580 6574 0.0001103
1583 6574 0.0001103
6572 6574 0.0001103
6575 6574 0.0001103
776 6575 0.0001094
6574 6575 0.0001094
4525 6576 0.0005557
6553 6576 0.0005557
6577 6576 0.0005557
86 6577 0.0046282
89 6577 0.0046282
6576 6577 0.0046282
6879 6736 0.00089883
3964 6739 0.000271
6738 6739 0.000271
5662 6878 0.0073743
5664 6878 0.0073743
3792 6879 0.00089883
6939 6938 0.01004
7067 6938 0.01004
7163 6938 0.01004
7164 6938 0.01004
6938 6939 0.0059027
6941 6939 0.0059027
6949 6939 0.0059027
6938 6940 0.0014001
6941 6940 0.0014001
6949 6940 0.0014001
6940 6941 0.0081193
6942 6941 0.0081193
6945 6941 0.0081193
6947 6941 0.0081193
6363 6942 0.0081193
6943 6942 0.0081193
7165 6942 0.0081193
6940 6943 0.0014001
6942 6943 0.0014001
6945 6943 0.0014001
6947 6943 0.0014001
6938 6948 0.012882
6941 6948 0.012882
6949 6948 0.012882
6948 6949 0.0020256
6950 6949 0.0020256
6953 6949 0.0020256
6948 6952 0.012882
6950 6952 0.012882
6953 6952 0.012882
6952 6953 0.0020256
7161 6953 0.0020256
7162 6953 0.0020256
5905 6954 0.011013
6955 6954 0.011013
7110 6954 0.011013
6954 6955 0.00039519
6957 6955 0.00039519
6959 6955 0.00039519
2346 6959 0.00039519
6960 6959 0.00039519
7108 6959 0.00039519
6954 6960 0.011013
6957 6960 0.011013
6959 6960 0.011013
5824 6963 0.05128
6964 6963 0.05128
7100 6963 0.05128
5822 6964 0.053285
6963 6964 0.053285
7102 6964 0.053285
7104 6964 0.053285
6965 6967 0.0056962
6968 6967 0.0056962
7101 6967 0.0056962
3335 6968 0.026912
5823 6968 0.026912
5831 6968 0.026912
6967 6968 0.026912
6969 6971 0.077569
6972 6971 0.077569
6975 6971 0.077569
7066 6971 0.077569
6971 6972 0.034564
6974 6972 0.034564
7064 6972 0.034564
6971 6973 0.086183
6974 6973 0.086183
7064 6973 0.086183
6973 6974 0.06992
6976 6974 0.06992
6978 6974 0.06992
6973 6975 0.14155
6976 6975 0.14155
6978 6975 0.14155
6969 6976 0.026709
6972 6976 0.026709
6975 6976 0.026709
7066 6976 0.026709
6973 6977 0.064949
6976 6977 0.064949
6978 6977 0.064949
3320 6978 0.16352
6977 6978 0.16352
7096 6978 0.16352
6980 6979 0.11063
7065 6979 0.11063
7098 6979 0.11063
6229 6980 0.026005
6979 6980 0.026005
7063 6980 0.026005
6982 6981 0.016098
6984 6981 0.016098
6986 6981 0.016098
6981 6982 0.0032176
6990 6982 0.0032176
6982 6983 0.011385
6984 6983 0.011385
6986 6983 0.011385
3318 6984 0.030381
6983 6984 0.030381
7092 6984 0.030381
6982 6985 0.018585
6984 6985 0.018585
6986 6985 0.018585
6985 6986 0.012469
6988 6986 0.012469
6989 6986 0.012469
6985 6987 0.026722
6988 6987 0.026722
6989 6987 0.026722
6987 6988 0.0077267
6992 6988 0.0077267
6994 6988 0.0077267
6981 6989 0.016098
6990 6989 0.016098
6985 6990 0.0032176
6988 6990 0.0032176
6989 6990 0.0032176
6987 6991 0.021257
6992 6991 0.021257
6994 6991 0.021257
6991 6992 0.0025195
6995 6992 0.0025195
7000 6992 0.0025195
6987 6993 0.014338
6992 6993 0.014338
6994 6993 0.014338
6993 6994 0.01408
6996 6994 0.01408
6998 6994 0.01408
7001 6994 0.01408
6993 6995 0.0059662
6996 6995 0.0059662
6998 6995 0.0059662
7001 6995 0.0059662
6991 6996 0.018317
6995 6996 0.018317
7000 6996 0.018317
6993 6997 0.026978
6996 6997 0.026978
6998 6997 0.026978
7001 6997 0.026978
6997 6998 0.0079828
7090 6998 0.0079828
7091 6998 0.0079828
6991 6999 0.0075236
6995 6999 0.0075236
7000 6999 0.0075236
6999 7000 0.0011369
7002 7000 0.0011369
7004 7000 0.0011369
6999 7001 0.0075236
7002 7001 0.0075236
7004 7001 0.0075236
6993 7002 0.0011369
6996 7002 0.0011369
6998 7002 0.0011369
7001 7002 0.0011369
2366 7005 0.00025451
7006 7005 0.00025451
7086 7005 0.00025451
3316 7006 0.0018834
7005 7006 0.0018834
7008 7006 0.0018834
7088 7006 0.0018834
6971 7063 0.074483
6974 7063 0.074483
7064 7063 0.074483
6229 7064 0.04774
6979 7064 0.04774
7063 7064 0.04774
6969 7065 0.099995
6972 7065 0.099995
6975 7065 0.099995
7066 7065 0.099995
6980 7066 0.028164
7065 7066 0.028164
7098 7066 0.028164
2366 7085 0.0009498
7006 7085 0.0009498
7086 7085 0.0009498
5670 7086 0.00050821
6385 7086 0.00050821
7085 7086 0.00050821
3316 7087 0.011548
7005 7087 0.011548
7008 7087 0.011548
7088 7087 0.011548
6997 7089 0.0088089
7090 7089 0.0088089
7091 7089 0.0088089
3317 7090 0.0049674
5238 7090 0.0049674
7089 7090 0.0049674
3318 7091 0.015277
6983 7091 0.015277
7092 7091 0.015277
6997 7092 0.030431
7090 7092 0.030431
7091 7092 0.030431
547 7093 0.017997
2073 7093 0.017997
7094 7093 0.017997
3319 7094 0.57728
5985 7094 0.57728
7093 7094 0.57728
7095 7094 0.57728
3320 7095 0.0079847
6977 7095 0.0079847
7096 7095 0.0079847
3319 7096 0.42638
5985 7096 0.42638
7093 7096 0.42638
7095 7096 0.42638
6980 7097 0.06308
7065 7097 0.06308
7098 7097 0.06308
3321 7098 0.075874
3322 7098 0.075874
7097 7098 0.075874
5824 7099 0.043196
6964 7099 0.043196
7100 7099 0.043196
3325 7100 0.080914
3326 7100 0.080914
7099 7100 0.080914
5822 7101 0.0056962
6963 7101 0.0056962
7102 7101 0.0056962
7104 7101 0.0056962
6965 7102 0.026912
6968 7102 0.026912
7101 7102 0.026912
5822 7103 0.096135
6963 7103 0.096135
7102 7103 0.096135
7104 7103 0.096135
3323 7104 0.043801
3324 7104 0.043801
7103 7104 0.043801
6961 7105 0.016906
7106 7105 0.016906
7107 7105 0.016906
2346 7107 0.016906
6960 7107 0.016906
7108 7107 0.016906
719 7110 0.02476
5908 7110 0.02476
7109 7110 0.02476
5954 7112 0.0024875
6370 7112 0.0024875
6388 7112 0.0024875
7111 7112 0.0024875
3189 7131 0.00048249
4707 7131 0.00048249
5981 7131 0.00048249
7130 7131 0.00048249
416 7149 0.0005232
3096 7149 0.0005232
7148 7149 0.0005232
3087 7150 0.00474
7151 7150 0.00474
6952 7160 0.015942
7161 7160 0.015942
7162 7160 0.015942
2356 7161 0.029495
2359 7161 0.029495
6362 7161 0.029495
7160 7161 0.029495
6939 7162 0.0064122
7067 7162 0.0064122
7163 7162 0.0064122
7164 7162 0.0064122
6952 7163 0.030821
7161 7163 0.030821
7162 7163 0.030821
6363 7164 0.0029522
6943 7164 0.0029522
7165 7164 0.0029522
6939 7165 0.023224
7067 7165 0.023224
7163 7165 0.023224
7164 7165 0.023224
5740 7218 0.0015765
7219 7218 0.0015765
5241 7219 0.00034766
5738 7219 0.00034766
7218 7219 0.00034766
3353 7221 0.98501
3355 7221 0.98501
7220 7221 0.98501
1232 7248 0.0083237
7249 7248 0.0083237
1235 7251 0.0083241
7248 7251 0.0083241
7250 7251 0.0083241
942 7253 0.00056292
945 7253 0.00056292
5898 7253 0.00056292
7252 7253 0.00056292
2329 7255 0.00010235
5896 7255 0.00010235
7254 7255 0.00010235
7258 7255 0.00010235
2329 7259 0.00044069
5896 7259 0.00044069
7254 7259 0.00044069
7258 7259 0.00044069
