295 296 0.0035346
297 296 0.0035346
298 297 0.0035346
1338 297 0.0035346
1403 297 0.0035346
5596 297 0.0035346
298 1337 0.035028
1338 1337 0.035028
1403 1337 0.035028
5596 1337 0.035028
1337 1338 0.00016291
1831 1338 0.00016291
5653 1338 0.00016291
1340 1339 0.12229
1437 1339 0.12229
1440 1339 0.12229
1339 1340 0.01297
2300 1340 0.01297
4510 1340 0.01297
1354 1353 0.0087861
1441 1353 0.0087861
1444 1353 0.0087861
1353 1354 0.00061959
4571 1354 0.00061959
4574 1354 0.00061959
1356 1355 0.041302
1439 1355 0.041302
1442 1355 0.041302
1355 1356 0.0013808
1358 1356 0.0013808
4573 1356 0.0013808
1355 1357 0.04068
1358 1357 0.04068
4573 1357 0.04068
1357 1358 0.016142
1408 1358 0.016142
2301 1358 0.016142
3158 1358 0.016142
1360 1359 0.0019914
1435 1359 0.0019914
1873 1359 0.0019914
1359 1360 0.00025808
5594 1360 0.00025808
5597 1360 0.00025808
1351 1394 0.023569
1393 1394 0.023569
4572 1394 0.023569
1400 1399 0.013121
2310 1399 0.013121
2313 1399 0.013121
1402 1401 0.013121
2421 1401 0.013121
6760 1401 0.013121
1401 1403 0.01251
1404 1403 0.01251
1436 1403 0.01251
1420 1419 0.14186
2304 1419 0.14186
2307 1419 0.14186
1419 1420 0.039061
2308 1420 0.039061
5345 1420 0.039061
5947 1420 0.039061
1401 1435 0.001403
1404 1435 0.001403
1436 1435 0.001403
1360 1436 0.00078876
1435 1436 0.00078876
1873 1436 0.00078876
1438 1437 0.16089
2303 1437 0.16089
4509 1437 0.16089
1340 1438 0.0017716
1437 1438 0.0017716
1440 1438 0.0017716
1340 1439 0.049827
1437 1439 0.049827
1440 1439 0.049827
1356 1441 0.010035
1439 1441 0.010035
1442 1441 0.010035
1354 1442 0.00016241
1441 1442 0.00016241
1444 1442 0.00016241
1354 1443 0.0017092
1441 1443 0.0017092
1444 1443 0.0017092
307 1445 0.0017092
1443 1445 0.0017092
1446 1445 0.0017092
296 1822 0.0035346
299 1822 0.0035346
1823 1822 0.0035346
1337 1830 0.038531
1831 1830 0.038531
5653 1830 0.038531
1830 1831 0.00015443
3153 1831 0.00015443
3156 1831 0.00015443
5514 1831 0.00015443
1833 1832 0.00023433
1837 1832 0.00023433
5638 1832 0.00023433
5644 1832 0.00023433
1832 1833 0.00012789
1839 1833 0.00012789
5636 1833 0.00012789
1835 1834 0.00056956
5640 1834 0.00056956
5642 1834 0.00056956
5645 1834 0.00056956
1834 1835 0.0010127
2505 1835 0.0010127
2506 1835 0.0010127
1836 1837 0.00011721
2513 1837 0.00011721
2514 1837 0.00011721
1360 1872 0.00043616
1435 1872 0.00043616
1873 1872 0.00043616
1872 1873 0.0015553
5590 1873 0.0015553
5593 1873 0.0015553
1357 2300 0.00019852
1408 2300 0.00019852
2301 2300 0.00019852
3158 2300 0.00019852
1339 2301 0.93728
2300 2301 0.93728
4510 2301 0.93728
2302 2303 0.98688
4508 2303 0.98688
5353 2303 0.98688
2305 2304 0.00033602
4507 2304 0.00033602
5946 2304 0.00033602
1420 2305 0.79057
2304 2305 0.79057
2307 2305 0.79057
1420 2306 0.00036792
2304 2306 0.00036792
2307 2306 0.00036792
2306 2307 0.89339
2312 2307 0.89339
5343 2307 0.89339
5945 2307 0.89339
2309 2308 0.1358
3758 2308 0.1358
5944 2308 0.1358
1419 2309 0.041949
2308 2309 0.041949
5345 2309 0.041949
5947 2309 0.041949
2306 2313 0.013121
2312 2313 0.013121
5343 2313 0.013121
5945 2313 0.013121
2449 2448 0.00021018
2450 2448 0.00021018
2510 2448 0.00021018
2448 2449 0.00038408
2478 2449 0.00038408
5517 2449 0.00038408
2489 2491 0.00010305
2490 2491 0.00010305
2517 2491 0.00010305
2493 2492 0.0001394
2494 2492 0.0001394
5639 2492 0.0001394
2491 2493 0.0003098
2492 2493 0.0003098
5637 2493 0.0003098
2495 2494 0.00026764
2496 2494 0.00026764
5641 2494 0.00026764
2493 2495 0.00056809
2494 2495 0.00056809
5639 2495 0.00056809
2497 2496 0.0012086
2498 2496 0.0012086
5647 2496 0.0012086
2495 2497 0.0020851
2496 2497 0.0020851
5641 2497 0.0020851
2499 2498 0.014984
3155 2498 0.014984
4512 2498 0.014984
2497 2499 0.0070242
2498 2499 0.0070242
5647 2499 0.0070242
1834 2504 0.000226
2505 2504 0.000226
2506 2504 0.000226
2503 2505 0.0003031
2504 2505 0.0003031
2511 2505 0.0003031
2512 2505 0.0003031
2507 2506 0.0010318
2508 2506 0.0010318
5643 2506 0.0010318
1834 2507 0.00066575
2505 2507 0.00066575
2506 2507 0.00066575
2509 2508 0.0020692
5646 2508 0.0020692
5649 2508 0.0020692
2507 2509 0.0013672
2508 2509 0.0013672
5643 2509 0.0013672
2503 2510 0.00020141
2504 2510 0.00020141
2511 2510 0.00020141
2512 2510 0.00020141
2449 2511 0.00031763
2450 2511 0.00031763
2510 2511 0.00031763
2503 2513 0.00018536
2504 2513 0.00018536
2511 2513 0.00018536
2512 2513 0.00018536
1836 2515 0.0001264
2513 2515 0.0001264
2514 2515 0.0001264
2499 3156 0.95368
3155 3156 0.95368
4512 3156 0.95368
1357 3157 0.96163
1408 3157 0.96163
2301 3157 0.96163
3158 3157 0.96163
2309 3757 1.0079
3758 3757 1.0079
5944 3757 1.0079
2305 4508 0.98688
4507 4508 0.98688
5946 4508 0.98688
1339 4509 0.0068253
2300 4509 0.0068253
4510 4509 0.0068253
1438 4510 0.83459
2303 4510 0.83459
4509 4510 0.83459
1349 4512 0.96162
4511 4512 0.96162
4514 4512 0.96162
4513 4514 0.96162
6864 4514 0.96162
1353 4572 0.023569
4571 4572 0.023569
4574 4572 0.023569
1353 4573 0.0036963
4571 4573 0.0036963
4574 4573 0.0036963
1355 4574 0.01908
1358 4574 0.01908
4573 4574 0.01908
3757 5343 1.0079
5344 5343 1.0079
2484 5514 0.014213
5515 5514 0.014213
5516 5514 0.014213
5648 5514 0.014213
1830 5515 0.0062537
3153 5515 0.0062537
3156 5515 0.0062537
5514 5515 0.0062537
2448 5516 0.00022911
2478 5516 0.00022911
5517 5516 0.00022911
2484 5517 0.00040364
5515 5517 0.00040364
5516 5517 0.00040364
5648 5517 0.00040364
305 5588 0.0017092
1445 5588 0.0017092
5589 5588 0.0017092
303 5590 0.0017092
5588 5590 0.0017092
5591 5590 0.0017092
1872 5592 0.0018691
5590 5592 0.0018691
5593 5592 0.0018691
1394 5593 0.0012825
5592 5593 0.0012825
5595 5593 0.0012825
1394 5594 0.024207
5592 5594 0.024207
5595 5594 0.024207
1359 5596 0.025943
5594 5596 0.025943
5597 5596 0.025943
2491 5636 0.00010255
2492 5636 0.00010255
5637 5636 0.00010255
1832 5637 0.00022518
1839 5637 0.00022518
5636 5637 0.00022518
2493 5638 0.00014777
2494 5638 0.00014777
5639 5638 0.00014777
1833 5639 0.00027782
1837 5639 0.00027782
5638 5639 0.00027782
5644 5639 0.00027782
2495 5640 0.00098083
2496 5640 0.00098083
5641 5640 0.00098083
1835 5641 0.001557
5640 5641 0.001557
5642 5641 0.001557
5645 5641 0.001557
2507 5642 0.0012793
2508 5642 0.0012793
5643 5642 0.0012793
1835 5643 0.00094331
5640 5643 0.00094331
5642 5643 0.00094331
5645 5643 0.00094331
1835 5644 0.00047671
5640 5644 0.00047671
5642 5644 0.00047671
5645 5644 0.00047671
1833 5645 0.00027368
1837 5645 0.00027368
5638 5645 0.00027368
5644 5645 0.00027368
2497 5646 0.014154
2498 5646 0.014154
5647 5646 0.014154
2509 5647 0.0053181
5646 5647 0.0053181
5649 5647 0.0053181
2509 5648 0.014051
5646 5648 0.014051
5649 5648 0.014051
2484 5649 0.0059172
5515 5649 0.0059172
5516 5649 0.0059172
5648 5649 0.0059172
1822 5653 0.0035346
5650 5653 0.0035346
5652 5653 0.0035346
2306 5944 0.14243
2312 5944 0.14243
5343 5944 0.14243
5945 5944 0.14243
2309 5945 0.04081
3758 5945 0.04081
5944 5945 0.04081
1419 5946 0.21392
2308 5946 0.21392
5345 5946 0.21392
5947 5946 0.21392
2305 5947 0.017271
4507 5947 0.017271
5946 5947 0.017271
6761 6760 0.013121
7283 6760 0.013121
6863 6864 0.96162
7143 6864 0.96162
1302 7143 0.96162
3157 7143 0.96162
7142 7143 0.96162
1399 7283 0.013121
7284 7283 0.013121
