86 85 0.0011277
89 85 0.0011277
6576 85 0.0011277
85 86 0.0044578
3724 86 0.0044578
3725 86 0.0044578
88 87 0.0015725
90 87 0.0015725
773 87 0.0015725
6568 87 0.0015725
87 88 0.0020611
3728 88 0.0020611
3729 88 0.0020611
88 89 0.0051603
90 89 0.0051603
773 89 0.0051603
6568 89 0.0051603
86 90 0.00058559
89 90 0.00058559
6576 90 0.00058559
92 91 0.00016197
4557 91 0.00016197
6569 91 0.00016197
91 92 0.0035582
3732 92 0.0035582
3733 92 0.0035582
98 97 0.0010498
3704 97 0.0010498
3705 97 0.0010498
100 99 0.000147
102 99 0.000147
4555 99 0.000147
99 100 0.00014486
366 100 0.00014486
3737 100 0.00014486
100 101 0.00010632
102 101 0.00010632
4555 101 0.00010632
101 102 0.00010328
367 102 0.00010328
3738 102 0.00010328
107 108 0.00055076
390 108 0.00055076
391 108 0.00055076
110 109 0.00011181
5717 109 0.00011181
6560 109 0.00011181
109 110 0.00038087
782 110 0.00038087
784 110 0.00038087
112 111 0.0022305
424 111 0.0022305
425 111 0.0022305
6552 111 0.0022305
111 112 0.043697
387 112 0.043697
394 112 0.043697
114 113 0.0077231
422 113 0.0077231
423 113 0.0077231
6550 113 0.0077231
113 114 0.1593
384 114 0.1593
385 114 0.1593
116 115 0.03725
420 115 0.03725
421 115 0.03725
1584 115 0.03725
115 116 0.048194
382 116 0.048194
383 116 0.048194
118 117 0.00065593
3219 117 0.00065593
5730 117 0.00065593
133 134 0.0004773
3052 134 0.0004773
99 365 0.00020073
366 365 0.00020073
3737 365 0.00020073
365 366 0.00018882
3722 366 0.00018882
3723 366 0.00018882
369 373 0.00016613
374 373 0.00016613
375 373 0.00016613
373 374 0.00017286
3730 374 0.00017286
3731 374 0.00017286
369 376 0.00015323
374 376 0.00015323
375 376 0.00015323
377 378 0.0082992
399 378 0.0082992
378 380 0.0082992
379 380 0.0082992
115 381 0.00094315
382 381 0.00094315
383 381 0.00094315
381 382 0.20325
400 382 0.20325
401 382 0.20325
413 382 0.20325
113 383 0.0010192
384 383 0.0010192
385 383 0.0010192
115 384 0.19239
382 384 0.19239
383 384 0.19239
380 385 0.0062179
386 385 0.0062179
393 385 0.0062179
113 386 0.046005
384 386 0.046005
385 386 0.046005
388 387 0.00046086
389 387 0.00046086
3717 387 0.00046086
6554 387 0.00046086
111 388 0.0070013
387 388 0.0070013
394 388 0.0070013
388 390 0.00074274
389 390 0.00074274
3717 390 0.00074274
6554 390 0.00074274
107 392 0.00021216
390 392 0.00021216
391 392 0.00021216
111 393 0.0011402
387 393 0.0011402
394 393 0.0011402
380 394 0.049147
386 394 0.049147
393 394 0.049147
392 396 0.00021216
395 396 0.00021216
998 396 0.00021216
108 398 0.00072167
396 398 0.00072167
397 398 0.00072167
381 399 0.0082992
400 399 0.0082992
401 399 0.0082992
413 399 0.0082992
402 401 0.050939
403 401 0.050939
418 401 0.050939
419 401 0.050939
381 402 0.038456
400 402 0.038456
401 402 0.038456
413 402 0.038456
404 403 0.075905
405 403 0.075905
6570 403 0.075905
6573 403 0.075905
402 404 0.0045159
403 404 0.0045159
418 404 0.0045159
419 404 0.0045159
97 411 0.0010498
412 411 0.0010498
6566 411 0.0010498
414 413 0.19909
415 413 0.19909
417 413 0.19909
381 414 0.0010415
400 414 0.0010415
401 414 0.0010415
413 414 0.0010415
416 415 0.87788
3096 415 0.87788
7148 415 0.87788
402 417 0.0063072
403 417 0.0063072
418 417 0.0063072
419 417 0.0063072
414 418 0.68611
415 418 0.68611
417 418 0.68611
116 419 0.0064785
420 419 0.0064785
421 419 0.0064785
1584 419 0.0064785
402 420 0.74518
403 420 0.74518
418 420 0.74518
419 420 0.74518
114 421 0.0054723
422 421 0.0054723
423 421 0.0054723
6550 421 0.0054723
116 422 0.79661
420 422 0.79661
421 422 0.79661
1584 422 0.79661
112 423 0.054229
424 423 0.054229
425 423 0.054229
6552 423 0.054229
114 424 0.023633
422 424 0.023633
423 424 0.023633
6550 424 0.023633
426 425 0.0090111
3720 425 0.0090111
3721 425 0.0090111
4661 425 0.0090111
112 426 0.0028311
424 426 0.0028311
425 426 0.0028311
6552 426 0.0028311
428 427 0.051405
429 427 0.051405
3089 427 0.051405
5680 427 0.051405
427 428 0.00044035
431 428 0.00044035
3097 428 0.00044035
2279 431 0.0026634
5674 431 0.0026634
7273 431 0.0026634
427 432 0.010352
431 432 0.010352
3097 432 0.010352
553 554 0.00011595
3702 554 0.00011595
3703 554 0.00011595
5260 723 0.00189
723 724 0.0013418
6920 724 0.0013418
774 773 0.0046384
775 773 0.0046384
88 774 0.0014731
90 774 0.0014731
773 774 0.0014731
6568 774 0.0014731
776 775 0.0046384
6574 775 0.0046384
774 776 0.0014731
775 776 0.0014731
778 777 0.00011246
3045 777 0.00011246
6147 777 0.00011246
777 778 0.00011246
4784 778 0.00011246
6149 778 0.00011246
779 780 0.00010552
3046 780 0.00010552
109 781 0.00011181
782 781 0.00011181
784 781 0.00011181
781 782 0.00038087
3700 782 0.00038087
3701 782 0.00038087
432 1127 0.80372
5692 1127 0.80372
1540 1541 0.00030364
4516 1541 0.00030364
5699 1541 0.00030364
6610 1541 0.00030364
1538 1542 0.0018817
1541 1542 0.0018817
1543 1542 0.0018817
5703 1542 0.0018817
1566 1568 0.00038293
1569 1568 0.00038293
5716 1568 0.00038293
1568 1569 0.00010587
1571 1569 0.00010587
3699 1569 0.00010587
1568 1570 0.00053737
1571 1570 0.00053737
3699 1570 0.00053737
1570 1571 0.0023075
1573 1571 0.0023075
3092 1571 0.0023075
1570 1572 0.14787
1573 1572 0.14787
3092 1572 0.14787
408 1574 0.14787
1575 1574 0.14787
7224 1574 0.14787
1574 1576 0.064746
1577 1576 0.064746
6571 1576 0.064746
1576 1577 0.032259
7149 1577 0.032259
1578 1580 0.00303
1581 1580 0.00303
4558 1580 0.00303
1580 1581 0.00055462
1583 1581 0.00055462
6572 1581 0.00055462
6575 1581 0.00055462
1580 1582 0.047183
1583 1582 0.047183
6572 1582 0.047183
6575 1582 0.047183
1582 1583 0.0039636
1585 1583 0.0039636
4524 1583 0.0039636
1582 1584 0.049998
1585 1584 0.049998
4524 1584 0.049998
116 1585 0.0085076
420 1585 0.0085076
421 1585 0.0085076
1584 1585 0.0085076
1659 1660 0.00052617
3213 1660 0.00052617
4560 1660 0.00052617
1662 1661 0.00035067
3657 1661 0.00035067
3660 1661 0.00035067
1661 1662 0.00044003
1664 1662 0.00044003
6204 1662 0.00044003
1661 1663 0.00026304
1664 1663 0.00026304
6204 1663 0.00026304
1663 1665 0.00019203
1666 1665 0.00019203
6183 1665 0.00019203
1665 1667 0.00020737
1668 1667 0.00020737
6198 1667 0.00020737
1670 1669 0.00022272
6171 1669 0.00022272
7226 1669 0.00022272
1669 1671 0.00022272
1672 1671 0.00022272
6169 1671 0.00022272
1671 1673 0.0048299
1674 1673 0.0048299
3202 1673 0.0048299
1673 1674 0.00056526
3205 1674 0.00056526
6167 1674 0.00056526
1676 1675 0.0050447
2854 1675 0.0050447
3661 1675 0.0050447
1675 1676 0.0006297
3203 1676 0.0006297
6201 1676 0.0006297
1688 1687 0.00010799
4517 1687 0.00010799
6605 1687 0.00010799
1724 1723 0.00037183
3608 1723 0.00037183
4753 1723 0.00037183
1727 1728 0.0007609
1730 1728 0.0007609
4758 1728 0.0007609
1729 1730 0.00060939
4756 1730 0.00060939
6076 1730 0.00060939
1976 1975 0.99304
6155 1975 0.99304
6617 1975 0.99304
2135 2134 0.96755
2142 2134 0.96755
2400 2134 0.96755
2818 2134 0.96755
2134 2135 0.00018674
2137 2135 0.00018674
6215 2135 0.00018674
2134 2136 0.96087
2137 2136 0.96087
6215 2136 0.96087
2136 2137 0.00019532
2853 2137 0.00019532
3220 2137 0.00019532
6166 2137 0.00019532
2138 2139 0.00049055
2816 2139 0.00049055
2819 2139 0.00049055
2143 2142 1
2404 2142 1
7285 2142 1
724 2146 0.0045261
2147 2146 0.0045261
6794 2146 0.0045261
2149 2148 0.0031924
7287 2148 0.0031924
2151 2150 0.0050739
3649 2150 0.0050739
3652 2150 0.0050739
6823 2150 0.0050739
549 2152 0.0004905
2153 2152 0.0004905
2864 2152 0.0004905
6808 2152 0.0004905
2135 2401 0.035945
2142 2401 0.035945
2400 2401 0.035945
2818 2401 0.035945
2401 2407 0.035945
2402 2407 0.035945
2406 2407 0.035945
2440 2442 0.00052759
2443 2442 0.00052759
5710 2442 0.00052759
5713 2442 0.00052759
2442 2443 0.0014967
2445 2443 0.0014967
5720 2443 0.0014967
2442 2444 0.00056024
2445 2444 0.00056024
5720 2444 0.00056024
2444 2445 0.0053607
6160 2445 0.0053607
6161 2445 0.0053607
2648 2647 1
2649 2647 1
7140 2647 1
2746 2745 0.00036234
5708 2745 0.00036234
5711 2745 0.00036234
6604 2745 0.00036234
2745 2746 0.00031264
2748 2746 0.00031264
4735 2746 0.00031264
2745 2747 0.00023424
2748 2747 0.00023424
4735 2747 0.00023424
2747 2748 0.00043597
3217 2748 0.00043597
4733 2748 0.00043597
1542 2808 0.0018817
2809 2808 0.0018817
2817 2816 0.0073637
6594 2816 0.0073637
2138 2817 0.0036317
2816 2817 0.0036317
2819 2817 0.0036317
2138 2818 0.0073545
2816 2818 0.0073545
2819 2818 0.0073545
2135 2819 0.0041126
2142 2819 0.0041126
2400 2819 0.0041126
2818 2819 0.0041126
1676 2853 0.0070771
2854 2853 0.0070771
3661 2853 0.0070771
2136 2854 0.01353
2853 2854 0.01353
3220 2854 0.01353
6166 2854 0.01353
2828 2864 0.00049055
2863 2864 0.00049055
3612 2864 0.00049055
2865 2866 0.00077041
6077 2866 0.00077041
6080 2866 0.00077041
778 3046 0.00010552
3045 3046 0.00010552
6147 3046 0.00010552
3051 3052 0.0004773
3710 3052 0.0004773
3711 3052 0.0004773
3090 3089 0.00013793
5675 3089 0.00013793
5676 3089 0.00013793
7150 3089 0.00013793
428 3090 0.001172
429 3090 0.001172
3089 3090 0.001172
5680 3090 0.001172
1570 3091 0.00012219
1573 3091 0.00012219
3092 3091 0.00012219
1975 3092 0.14968
3091 3092 0.14968
5682 3092 0.14968
5693 3092 0.14968
3093 3094 0.0018817
5684 3094 0.0018817
1127 3096 0.8454
3095 3096 0.8454
3098 3096 0.8454
1127 3097 0.0050865
3095 3097 0.0050865
3098 3097 0.0050865
427 3098 0.048362
431 3098 0.048362
3097 3098 0.048362
1675 3202 0.00461
3203 3202 0.00461
6201 3202 0.00461
1671 3203 0.00055354
1674 3203 0.00055354
3202 3203 0.00055354
1673 3204 0.0048299
3205 3204 0.0048299
6167 3204 0.0048299
3204 3205 0.00056526
6162 3205 0.00056526
6163 3205 0.00056526
3212 3213 0.00052585
3651 3213 0.00052585
3654 3213 0.00052585
3215 3214 0.0046241
5729 3214 0.0046241
6614 3214 0.0046241
3214 3215 0.00058401
6156 3215 0.00058401
7264 3215 0.00058401
2747 3216 0.00014917
3217 3216 0.00014917
4733 3216 0.00014917
3216 3217 0.00092814
5721 3217 0.00092814
5722 3217 0.00092814
118 3218 0.0002581
3219 3218 0.0002581
5730 3218 0.0002581
3218 3219 0.00054985
5727 3219 0.00054985
5728 3219 0.00054985
3221 3220 0.023074
6081 3220 0.023074
6213 3220 0.023074
6592 3220 0.023074
2136 3221 0.020834
2853 3221 0.020834
3220 3221 0.020834
6166 3221 0.020834
3347 3353 0.00010531
3354 3353 0.00010531
4683 3353 0.00010531
3607 3608 0.00037848
3610 3608 0.00037848
4757 3608 0.00037848
2866 3610 0.00056091
3609 3610 0.00056091
4755 3610 0.00056091
2830 3612 0.00049055
3611 3612 0.00049055
3614 3612 0.00049055
2139 3614 0.00049055
2140 3614 0.00049055
3613 3614 0.00049055
3212 3652 0.0045914
3651 3652 0.0045914
3654 3652 0.0045914
3653 3654 0.0050987
3656 3654 0.0050987
6210 3654 0.0050987
3655 3656 0.0055838
3658 3656 0.0055838
6205 3656 0.0055838
3655 3657 0.00066721
3658 3657 0.00066721
6205 3657 0.00066721
1662 3658 0.0057564
3657 3658 0.0057564
3660 3658 0.0057564
1662 3659 0.0010338
3657 3659 0.0010338
3660 3659 0.0010338
3659 3660 0.0060336
3662 3660 0.0060336
6218 3660 0.0060336
3659 3661 0.0067623
3662 3661 0.0067623
6218 3661 0.0067623
1676 3662 0.0088004
2854 3662 0.0088004
3661 3662 0.0088004
781 3699 0.00018339
3700 3699 0.00018339
3701 3699 0.00018339
1568 3700 0.0022306
1571 3700 0.0022306
3699 3700 0.0022306
553 3701 0.00012778
3702 3701 0.00012778
3703 3701 0.00012778
781 3702 0.001906
3700 3702 0.001906
3701 3702 0.001906
98 3703 0.00012115
3704 3703 0.00012115
3705 3703 0.00012115
553 3704 0.0018477
3702 3704 0.0018477
3703 3704 0.0018477
1972 3705 0.00070346
3706 3705 0.00070346
3707 3705 0.00070346
3736 3705 0.00070346
98 3706 0.001388
3704 3706 0.001388
3705 3706 0.001388
134 3707 0.0050463
3708 3707 0.0050463
3709 3707 0.0050463
3051 3709 0.0045992
3710 3709 0.0045992
3711 3709 0.0045992
2146 3711 0.0049803
3712 3711 0.0049803
4663 3711 0.0049803
7113 3711 0.0049803
398 3717 0.00050415
3718 3717 0.00050415
3719 3717 0.00050415
388 3718 0.0063829
389 3718 0.0063829
3717 3718 0.0063829
6554 3718 0.0063829
426 3719 0.00045454
3720 3719 0.00045454
3721 3719 0.00045454
4661 3719 0.00045454
398 3720 0.006995
3718 3720 0.006995
3719 3720 0.006995
365 3721 0.0023871
3722 3721 0.0023871
3723 3721 0.0023871
426 3722 0.0028528
3720 3722 0.0028528
3721 3722 0.0028528
4661 3722 0.0028528
85 3723 0.0023131
3724 3723 0.0023131
3725 3723 0.0023131
365 3724 0.0027907
3722 3724 0.0027907
3723 3724 0.0027907
3726 3725 0.0035448
3727 3725 0.0035448
4556 3725 0.0035448
85 3726 0.00069227
3724 3726 0.00069227
3725 3726 0.00069227
87 3727 0.0035667
3728 3727 0.0035667
3729 3727 0.0035667
3726 3728 0.00070902
3727 3728 0.00070902
4556 3728 0.00070902
373 3729 0.0040735
3730 3729 0.0040735
3731 3729 0.0040735
87 3730 0.00072726
3728 3730 0.00072726
3729 3730 0.00072726
91 3731 0.0040821
3732 3731 0.0040821
3733 3731 0.0040821
373 3732 0.00072916
3730 3732 0.00072916
3731 3732 0.00072916
411 3733 0.0067522
3734 3733 0.0067522
3735 3733 0.0067522
1972 3735 0.00577
3706 3735 0.00577
3707 3735 0.00577
3736 3735 0.00577
3951 3950 0.033276
6079 3950 0.033276
6082 3950 0.033276
3950 3951 0.00076155
6164 3951 0.00076155
6165 3951 0.00076155
4515 4516 0.0003031
5700 4516 0.0003031
6613 4516 0.0003031
1582 4523 0.01125
1585 4523 0.01125
4524 4523 0.01125
4523 4524 0.0095215
4526 4524 0.0095215
6551 4524 0.0095215
4523 4525 0.0031713
4526 4525 0.0031713
6551 4525 0.0031713
4525 4526 0.028127
6553 4526 0.028127
6577 4526 0.028127
3726 4555 0.00022746
3727 4555 0.00022746
4556 4555 0.00022746
100 4556 0.00022228
102 4556 0.00022228
4555 4556 0.00022228
1578 4557 0.00055462
1581 4557 0.00055462
4558 4557 0.00055462
92 4558 0.00303
4557 4558 0.00303
6569 4558 0.00303
4660 4661 0.0001056
7221 4661 0.0001056
4714 4713 0.00096272
4715 4713 0.00096272
4734 4713 0.00096272
4716 4715 0.00046574
4717 4715 0.00046574
4736 4715 0.00046574
4714 4716 0.00013538
4715 4716 0.00013538
4734 4716 0.00013538
4718 4717 0.00033889
4719 4717 0.00033889
5706 4717 0.00033889
5709 4717 0.00033889
4716 4718 0.00025996
4717 4718 0.00025996
4736 4718 0.00025996
3198 4719 0.00012163
4720 4719 0.00012163
4721 4719 0.00012163
2747 4734 0.00061912
3217 4734 0.00061912
4733 4734 0.00061912
2745 4736 0.00031541
2748 4736 0.00031541
4735 4736 0.00031541
2866 4756 0.00025064
3609 4756 0.00025064
4755 4756 0.00025064
3607 4758 0.0002094
3610 4758 0.0002094
4757 4758 0.0002094
777 4783 0.00025375
4784 4783 0.00025375
6149 4783 0.00025375
1685 4784 0.0077518
4783 4784 0.0077518
6151 4784 0.0077518
6154 4784 0.0077518
2149 5260 0.00189
7287 5260 0.00189
3090 5674 0.0011701
5675 5674 0.0011701
5676 5674 0.0011701
7150 5674 0.0011701
2279 5675 0.00013704
5674 5675 0.00013704
7273 5675 0.00013704
3094 5680 0.052018
5681 5680 0.052018
5683 5680 0.052018
3094 5682 0.0010309
5681 5682 0.0010309
5683 5682 0.0010309
1975 5683 0.051148
3091 5683 0.051148
5682 5683 0.051148
5693 5683 0.051148
2808 5684 0.0018817
5685 5684 0.0018817
5686 5684 0.0018817
1975 5692 0.79361
3091 5692 0.79361
5682 5692 0.79361
5693 5692 0.79361
432 5693 0.00023652
5692 5693 0.00023652
1693 5703 0.0016502
5702 5703 0.0016502
5705 5703 0.0016502
5704 5705 0.001573
5707 5705 0.001573
5731 5705 0.001573
6600 5705 0.001573
4718 5707 0.0018899
4719 5707 0.0018899
5706 5707 0.0018899
5709 5707 0.0018899
2746 5709 0.0018901
5708 5709 0.0018901
5711 5709 0.0018901
6604 5709 0.0018901
2440 5711 0.0020236
2443 5711 0.0020236
5710 5711 0.0020236
5713 5711 0.0020236
1725 5713 0.0010882
1728 5713 0.0010882
5712 5713 0.0010882
5715 5713 0.0010882
1723 5715 0.00037088
4749 5715 0.00037088
5714 5715 0.00037088
110 5716 0.00038293
5717 5716 0.00038293
6560 5716 0.00038293
1566 5717 0.00010587
1569 5717 0.00010587
5716 5717 0.00010587
2442 5721 0.0039313
2445 5721 0.0039313
5720 5721 0.0039313
3216 5723 0.0030821
5721 5723 0.0030821
5722 5723 0.0030821
5723 5725 0.0030821
5724 5725 0.0030821
6606 5725 0.0030821
4713 5727 0.0039745
5725 5727 0.0039745
5726 5727 0.0039745
3215 5728 0.00026615
5729 5728 0.00026615
6614 5728 0.00026615
3218 5729 0.0039344
5727 5729 0.0039344
5728 5729 0.0039344
5704 5730 0.00039436
5707 5730 0.00039436
5731 5730 0.00039436
6600 5730 0.00039436
1729 6075 0.00010742
4756 6075 0.00010742
6076 6075 0.00010742
4747 6076 0.00047629
6075 6076 0.00047629
6078 6076 0.00047629
4747 6077 0.00010742
6075 6077 0.00010742
6078 6077 0.00010742
2865 6078 0.00047629
6077 6078 0.00047629
6080 6078 0.00047629
3951 6080 0.0012157
6079 6080 0.0012157
6082 6080 0.0012157
3951 6081 0.0001981
6079 6081 0.0001981
6082 6081 0.0001981
3221 6082 0.033834
6081 6082 0.033834
6213 6082 0.033834
6592 6082 0.033834
780 6147 0.00010552
6148 6147 0.00010552
6150 6149 0.00021226
6616 6149 0.00021226
6619 6149 0.00021226
777 6150 0.0077103
4784 6150 0.0077103
6149 6150 0.0077103
6152 6151 0.00072622
6618 6151 0.00072622
6621 6151 0.00072622
1685 6152 0.016732
4783 6152 0.016732
6151 6152 0.016732
6154 6152 0.016732
1685 6153 0.0008062
4783 6153 0.0008062
6151 6153 0.0008062
6154 6153 0.0008062
6153 6154 0.02431
7267 6154 0.02431
3214 6155 0.96898
6156 6155 0.96898
7264 6155 0.96898
6158 6157 0.96494
7266 6157 0.96494
7268 6157 0.96494
2444 6159 0.98844
6160 6159 0.98844
6161 6159 0.98844
3204 6161 0.99324
6162 6161 0.99324
6163 6161 0.99324
3950 6163 0.98898
6164 6163 0.98898
6165 6163 0.98898
2136 6165 0.95686
2853 6165 0.95686
3220 6165 0.95686
6166 6165 0.95686
3950 6166 0.00040435
6164 6166 0.00040435
6165 6166 0.00040435
1678 6201 0.00012163
6202 6201 0.00012163
6203 6201 0.00012163
1675 6202 0.00048013
3203 6202 0.00048013
6201 6202 0.00048013
1661 6203 0.00012251
1664 6203 0.00012251
6204 6203 0.00012251
1678 6204 0.00044998
6202 6204 0.00044998
6203 6204 0.00044998
6206 6205 0.0011461
6209 6205 0.0011461
6211 6205 0.0011461
3655 6206 0.00073439
3658 6206 0.00073439
6205 6206 0.00073439
3653 6209 0.0011461
3656 6209 0.0011461
6210 6209 0.0011461
6206 6210 0.00073439
6209 6210 0.00073439
6211 6210 0.00073439
2407 6213 0.035945
2408 6213 0.035945
6214 6213 0.035945
6216 6215 0.0063274
6217 6215 0.0063274
6595 6215 0.0063274
2134 6216 0.013021
2137 6216 0.013021
6215 6216 0.013021
3659 6217 0.0050192
3662 6217 0.0050192
6218 6217 0.0050192
6216 6218 0.007981
6217 6218 0.007981
6595 6218 0.007981
4523 6550 0.033953
4526 6550 0.033953
6551 6550 0.033953
114 6551 0.0072684
422 6551 0.0072684
423 6551 0.0072684
6550 6551 0.0072684
4525 6552 0.0053847
6553 6552 0.0053847
6577 6552 0.0053847
112 6553 0.022435
424 6553 0.022435
425 6553 0.022435
6552 6553 0.022435
92 6568 0.0022913
4557 6568 0.0022913
6569 6568 0.0022913
88 6569 0.0013704
90 6569 0.0013704
773 6569 0.0013704
6568 6569 0.0013704
1574 6570 0.11765
1577 6570 0.11765
6571 6570 0.11765
404 6571 0.0023546
405 6571 0.0023546
6570 6571 0.0023546
6573 6571 0.0023546
404 6572 0.048408
405 6572 0.048408
6570 6572 0.048408
6573 6572 0.048408
1580 6573 0.0044986
1583 6573 0.0044986
6572 6573 0.0044986
6575 6573 0.0044986
1580 6574 0.0046384
1583 6574 0.0046384
6572 6574 0.0046384
6575 6574 0.0046384
776 6575 0.0014731
6574 6575 0.0014731
4525 6576 0.0010161
6553 6576 0.0010161
6577 6576 0.0010161
86 6577 0.008921
89 6577 0.008921
6576 6577 0.008921
6216 6594 0.0073637
6217 6594 0.0073637
6595 6594 0.0073637
2817 6595 0.0036317
6594 6595 0.0036317
2746 6605 0.0001164
5708 6605 0.0001164
5711 6605 0.0001164
6604 6605 0.0001164
117 6613 0.0003031
6612 6613 0.0003031
6615 6613 0.0003031
117 6614 0.00071369
6612 6614 0.00071369
6615 6614 0.00071369
3215 6615 0.00034191
5729 6615 0.00034191
6614 6615 0.00034191
1976 6616 0.00062804
6155 6616 0.00062804
6617 6616 0.00062804
6150 6617 0.024694
6616 6617 0.024694
6619 6617 0.024694
6150 6618 0.00070727
6616 6618 0.00070727
6619 6618 0.00070727
6152 6619 0.017276
6618 6619 0.017276
6621 6619 0.017276
5718 6621 0.00057003
6620 6621 0.00057003
6623 6621 0.00057003
6622 6623 0.00056291
7229 6623 0.00056291
2148 6794 0.0031924
6795 6794 0.0031924
2150 6796 0.0050739
6797 6796 0.0050739
2152 6823 0.0004905
6824 6823 0.0004905
3713 6920 0.00017862
6921 6920 0.00017862
7114 6920 0.00017862
723 6921 0.0007268
6920 6921 0.0007268
3713 7113 0.00070816
6921 7113 0.00070816
7114 7113 0.00070816
2146 7114 0.00021157
3712 7114 0.00021157
4663 7114 0.00021157
7113 7114 0.00021157
1576 7148 0.064746
7149 7148 0.064746
416 7149 0.032259
3096 7149 0.032259
7148 7149 0.032259
7156 7157 0.00056291
7159 7157 0.00056291
1660 7159 0.00056291
6196 7159 0.00056291
7158 7159 0.00056291
6796 7182 0.0050739
7183 7182 0.0050739
7182 7184 0.0050739
7185 7184 0.0050739
3353 7221 0.0001056
3355 7221 0.0001056
7220 7221 0.0001056
1572 7222 0.14787
7223 7222 0.14787
7222 7224 0.14787
7225 7224 0.14787
1667 7226 0.00020737
7227 7226 0.00020737
7228 7229 0.00056291
7231 7229 0.00056291
7157 7231 0.00056291
7230 7231 0.00056291
6157 7264 0.96494
7265 7264 0.96494
6153 7266 0.00080621
7267 7266 0.00080621
6158 7267 0.02431
7266 7267 0.02431
7268 7267 0.02431
6159 7268 0.98844
7269 7268 0.98844
7272 7273 0.0016224
7274 7273 0.0016224
1127 7274 0.0016362
3095 7274 0.0016362
3098 7274 0.0016362
2647 7285 1
7286 7285 1
7184 7287 0.0050739
7288 7287 0.0050739
