428 427 0.00013613
429 427 0.00013613
3089 427 0.00013613
5680 427 0.00013613
427 428 0.037662
431 428 0.037662
3097 428 0.037662
2279 431 0.079605
5674 431 0.079605
7273 431 0.079605
427 432 0.01945
431 432 0.01945
3097 432 0.01945
5835 433 0.83449
548 547 0.000152
6226 547 0.000152
6227 547 0.000152
6230 547 0.000152
770 769 0.00053316
771 769 0.00053316
1920 769 0.00053316
769 770 0.0264
4157 770 0.0264
772 771 0.018429
1884 771 0.018429
4156 771 0.018429
770 772 0.01222
771 772 0.01222
1920 772 0.01222
944 946 0.00013721
947 946 0.00013721
4210 946 0.00013721
994 995 0.00011472
997 995 0.00011472
2076 995 0.00011472
2077 995 0.00011472
996 997 0.00041186
3119 997 0.00041186
4790 997 0.00041186
6237 997 0.00041186
434 1126 0.00028389
5089 1126 0.00028389
432 1127 0.019064
5692 1127 0.019064
6874 1128 0.00022725
1227 1226 0.00055907
7040 1226 0.00055907
7075 1226 0.00055907
7079 1226 0.00055907
1226 1227 0.11697
1536 1227 0.11697
4200 1227 0.11697
1537 1536 0.11514
4710 1536 0.11514
1226 1537 0.00070098
1536 1537 0.00070098
4200 1537 0.00070098
1654 1653 0.00031579
2340 1653 0.00031579
2343 1653 0.00031579
1653 1654 0.11381
7054 1654 0.11381
7076 1654 0.11381
1918 1920 0.0085636
1921 1920 0.0085636
1922 1920 0.0085636
770 1921 0.04064
771 1921 0.04064
1920 1921 0.04064
1923 1922 0.0085636
1924 1922 0.0085636
4230 1922 0.0085636
4231 1922 0.0085636
1918 1923 0.04064
1921 1923 0.04064
1922 1923 0.04064
1228 1924 0.005535
1925 1924 0.005535
7136 1924 0.005535
1927 1926 0.005535
1930 1926 0.005535
7206 1926 0.005535
1931 1930 0.005535
1933 1930 0.005535
1940 1930 0.005535
1932 1933 0.005535
1934 1933 0.005535
6745 1933 0.005535
7198 1933 0.005535
2071 2072 0.0006646
6238 2072 0.0006646
6239 2072 0.0006646
2072 2073 0.00094485
2074 2073 0.00094485
2075 2073 0.00094485
3906 2073 0.00094485
994 2075 0.00046776
997 2075 0.00046776
2076 2075 0.00046776
2077 2075 0.00046776
2078 2077 0.00025451
2358 2077 0.00025451
2361 2077 0.00025451
6371 2077 0.00025451
994 2078 0.00015581
997 2078 0.00015581
2076 2078 0.00015581
2077 2078 0.00015581
2329 2328 0.00034425
5896 2328 0.00034425
7254 2328 0.00034425
7258 2328 0.00034425
2331 2330 0.00042272
4196 2330 0.00042272
5971 2330 0.00042272
7256 2330 0.00042272
2330 2332 0.0010378
2333 2332 0.0010378
5975 2332 0.0010378
2332 2333 0.00014584
2335 2333 0.00014584
4216 2333 0.00014584
2332 2334 0.0011287
2335 2334 0.0011287
4216 2334 0.0011287
2334 2335 0.00027272
2337 2335 0.00027272
5977 2335 0.00027272
7152 2335 0.00027272
2334 2336 0.0021097
2337 2336 0.0021097
5977 2336 0.0021097
7152 2336 0.0021097
2336 2337 0.00091002
2339 2337 0.00091002
4709 2337 0.00091002
2336 2338 0.3905
2339 2338 0.3905
4709 2338 0.3905
2338 2340 0.38797
2341 2340 0.38797
4198 2340 0.38797
1654 2341 0.00088994
2340 2341 0.00088994
2343 2341 0.00088994
1654 2342 0.50061
2340 2342 0.50061
2343 2342 0.50061
2349 2348 0.0011516
5903 2348 0.0011516
5986 2348 0.0011516
7105 2348 0.0011516
2348 2349 0.0002286
5239 2349 0.0002286
5739 2349 0.0002286
2351 2350 0.026891
4656 2350 0.026891
7014 2350 0.026891
7087 2350 0.026891
2350 2351 0.0044643
5671 2351 0.0044643
5836 2351 0.0044643
2078 2360 0.0001882
2358 2360 0.0001882
2361 2360 0.0001882
6371 2360 0.0001882
2360 2361 0.00019709
2363 2361 0.00019709
3120 2361 0.00019709
2360 2362 0.00055241
2363 2362 0.00055241
3120 2362 0.00055241
2362 2363 0.00037325
2365 2363 0.00037325
6395 2363 0.00037325
2362 2364 0.00073007
2365 2364 0.00073007
6395 2364 0.00073007
2364 2365 0.00041275
2367 2365 0.00041275
6366 2365 0.00041275
6367 2365 0.00041275
2364 2366 0.010861
2367 2366 0.010861
6366 2366 0.010861
6367 2366 0.010861
2366 2367 0.0010388
7006 2367 0.0010388
7086 2367 0.0010388
3085 3086 0.030615
3088 3086 0.030615
5398 3086 0.030615
3087 3088 0.030476
7151 3088 0.030476
428 3090 0.037922
429 3090 0.037922
3089 3090 0.037922
5680 3090 0.037922
1127 3097 0.00068498
3095 3097 0.00068498
3098 3097 0.00068498
427 3098 0.023314
431 3098 0.023314
3097 3098 0.023314
3105 3106 0.00037401
5399 3106 0.00037401
5963 3106 0.00037401
3118 3117 0.00028938
6390 3117 0.00028938
6391 3117 0.00028938
3117 3118 0.00050306
5957 3118 0.00050306
6368 3118 0.00050306
6369 3118 0.00050306
2360 3119 0.00025131
2363 3119 0.00025131
3120 3119 0.00025131
996 3120 0.00043935
3119 3120 0.00043935
4790 3120 0.00043935
6237 3120 0.00043935
3131 3133 0.00011341
3134 3133 0.00011341
6402 3133 0.00011341
6403 3133 0.00011341
3133 3134 0.00011835
5955 3134 0.00011835
6394 3134 0.00011835
3316 3317 0.011967
7005 3317 0.011967
7008 3317 0.011967
7088 3317 0.011967
3319 3318 0.00033098
5985 3318 0.00033098
7093 3318 0.00033098
7095 3318 0.00033098
3318 3319 0.0006292
6983 3319 0.0006292
7092 3319 0.0006292
3320 3321 0.0001535
6977 3321 0.0001535
7096 3321 0.0001535
3790 3789 0.0055332
3794 3789 0.0055332
7083 3789 0.0055332
4199 3791 0.4968
5395 3791 0.4968
5396 3792 0.00028888
5397 3792 0.00028888
3791 3793 0.49661
3793 3794 0.49652
5993 3794 0.49652
7115 3794 0.49652
2072 3907 0.00016155
2074 3907 0.00016155
2075 3907 0.00016155
3906 3907 0.00016155
3908 3909 0.00010787
6392 3909 0.00010787
6393 3909 0.00010787
6876 3963 0.0002446
4155 4154 0.032896
7132 4154 0.032896
769 4155 0.0008198
4157 4155 0.0008198
4154 4156 0.032896
5938 4156 0.032896
772 4157 0.026687
1884 4157 0.026687
4156 4157 0.026687
4191 4190 0.00074682
4666 4190 0.00074682
6469 4190 0.00074682
5771 4198 0.00077999
5881 4198 0.00077999
7116 4199 0.0022103
2338 4200 0.0041819
2341 4200 0.0041819
4198 4200 0.0041819
2332 4215 0.00012936
2335 4215 0.00012936
4216 4215 0.00012936
4218 4217 0.00019021
6706 4217 0.00019021
6724 4217 0.00019021
4223 4224 0.49389
6896 4224 0.49389
7081 4224 0.49389
4228 4227 0.002375
4229 4227 0.002375
6893 4227 0.002375
4227 4228 0.47087
5937 4228 0.47087
7073 4228 0.47087
4228 4230 0.96239
4229 4230 0.96239
6893 4230 0.96239
4657 4656 0.030995
5663 4656 0.030995
5665 4656 0.030995
6737 4659 0.98704
2646 4664 0.00013856
5774 4664 0.00013856
5775 4664 0.00013856
4191 4665 0.00060324
4666 4665 0.00060324
6469 4665 0.00060324
1537 4709 0.39078
4710 4709 0.39078
5063 4710 0.50522
996 4789 0.00013644
3119 4789 0.00013644
4790 4789 0.00013644
6237 4789 0.00013644
4789 4790 0.00067937
6240 4790 0.00067937
6365 4790 0.00067937
5064 5063 0.9998
5240 5063 0.9998
4659 5064 0.98733
5065 5064 0.98733
3792 5065 0.00028881
4685 5085 0.00021723
5086 5085 0.00021723
5087 5086 0.00024496
5271 5086 0.00024496
1129 5087 0.00020598
3963 5087 0.00020598
7272 5088 0.96906
7274 5088 0.96906
5090 5089 0.00026935
5091 5090 0.93058
5838 5090 0.93058
1128 5091 0.96926
5092 5091 0.96926
5093 5092 0.96903
5088 5093 0.96927
5094 5093 0.96927
1126 5094 0.0002187
3317 5239 0.011705
5238 5239 0.011705
7089 5239 0.011705
5241 5240 0.012809
5738 5240 0.012809
7218 5240 0.012809
5064 5241 0.00033382
5240 5241 0.00033382
5063 5395 0.49459
3791 5396 0.00019111
3105 5398 0.00028938
5399 5398 0.00028938
5963 5398 0.00028938
3085 5399 0.00014929
3088 5399 0.00014929
5398 5399 0.00014929
5666 5665 0.030995
5667 5665 0.030995
3086 5667 0.031009
5668 5667 0.031009
5964 5667 0.031009
2350 5669 0.15255
5671 5669 0.15255
5836 5669 0.15255
2350 5670 0.0030016
5671 5670 0.0030016
5836 5670 0.0030016
5670 5671 0.037303
6385 5671 0.037303
7085 5671 0.037303
3090 5674 1.0074
5675 5674 1.0074
5676 5674 1.0074
7150 5674 1.0074
2279 5675 0.00052398
5674 5675 0.00052398
7273 5675 0.00052398
3090 5677 0.00053598
5675 5677 0.00053598
5676 5677 0.00053598
7150 5677 0.00053598
3094 5680 0.00041217
5681 5680 0.00041217
5683 5680 0.00041217
1975 5683 0.00041216
3091 5683 0.00041216
5682 5683 0.00041216
5693 5683 0.00041216
432 5693 0.00041218
5692 5693 0.00041218
2348 5738 0.012776
5239 5738 0.012776
5739 5738 0.012776
5241 5739 0.00023743
5738 5739 0.00023743
7218 5739 0.00023743
5740 5741 0.00010569
7219 5741 0.00010569
4664 5771 0.00073794
4665 5771 0.00073794
5776 5775 0.00018059
6468 5775 0.00018059
6877 5835 0.93031
5835 5836 0.09582
5091 5837 0.040162
5838 5837 0.040162
5837 5838 0.0014861
6927 5838 0.0014861
7069 5838 0.0014861
7112 5838 0.0014861
5895 5896 0.00034862
7253 5896 0.00034862
5897 5898 0.00040683
5900 5898 0.00040683
5983 5898 0.00040683
5899 5900 0.00040469
5902 5900 0.00040469
5910 5900 0.00040469
1655 5902 0.00042708
5745 5902 0.00042708
5901 5902 0.00042708
5904 5902 0.00042708
2349 5904 0.00047192
5903 5904 0.00047192
5986 5904 0.00047192
7105 5904 0.00047192
4189 5917 0.00068195
4190 5917 0.00068195
5918 5917 0.00068195
5917 5919 0.00060837
5920 5919 0.00060837
5978 5919 0.00060837
4192 5920 0.00013712
5919 5920 0.00013712
5980 5920 0.00013712
4167 5925 0.00010006
4168 5925 0.00010006
5923 5925 0.00010006
5926 5925 0.00010006
4227 5936 0.032539
5937 5936 0.032539
7073 5936 0.032539
5936 5937 0.00046237
7133 5937 0.00046237
3133 5954 0.00045241
5955 5954 0.00045241
6394 5954 0.00045241
5954 5955 0.00041178
6370 5955 0.00041178
6388 5955 0.00041178
7111 5955 0.00041178
3117 5956 0.0049718
5957 5956 0.0049718
6368 5956 0.0049718
6369 5956 0.0049718
5956 5957 0.0030934
6386 5957 0.0030934
6387 5957 0.0030934
5677 5963 0.00051349
5678 5963 0.00051349
5962 5963 0.00051349
3103 5964 0.00039607
3106 5964 0.00039607
5965 5964 0.00039607
5925 5975 0.00063145
5976 5975 0.00063145
5979 5975 0.00063145
2330 5976 0.00014204
2333 5976 0.00014204
5975 5976 0.00014204
5917 5977 0.00080644
5920 5977 0.00080644
5978 5977 0.00080644
2334 5978 0.00063567
2337 5978 0.00063567
5977 5978 0.00063567
7152 5978 0.00063567
4192 5979 0.00057185
5919 5979 0.00057185
5980 5979 0.00057185
5925 5980 0.00011817
5976 5980 0.00011817
5979 5980 0.00011817
2349 5985 0.00011706
5903 5985 0.00011706
5986 5985 0.00011706
7105 5985 0.00011706
3319 5986 0.0014604
5985 5986 0.0014604
7093 5986 0.0014604
7095 5986 0.0014604
3907 6227 0.00014906
4019 6227 0.00014906
6228 6227 0.00014906
6358 6227 0.00014906
548 6229 0.00010213
6226 6229 0.00010213
6227 6229 0.00010213
6230 6229 0.00010213
2071 6237 0.00022292
6238 6237 0.00022292
6239 6237 0.00022292
996 6238 0.00024615
3119 6238 0.00024615
4790 6238 0.00024615
6237 6238 0.00024615
4789 6239 0.00065767
6240 6239 0.00065767
6365 6239 0.00065767
2364 6365 0.0013089
2367 6365 0.0013089
6366 6365 0.0013089
6367 6365 0.0013089
4789 6366 0.00013653
6240 6366 0.00013653
6365 6366 0.00013653
3117 6367 0.011396
5957 6367 0.011396
6368 6367 0.011396
6369 6367 0.011396
2364 6368 0.00071909
2367 6368 0.00071909
6366 6368 0.00071909
6367 6368 0.00071909
5954 6369 0.014644
6370 6369 0.014644
6388 6369 0.014644
7111 6369 0.014644
3117 6370 0.0018753
5957 6370 0.0018753
6368 6370 0.0018753
6369 6370 0.0018753
5956 6385 0.02814
6386 6385 0.02814
6387 6385 0.02814
5670 6386 0.00031478
6385 6386 0.00031478
7085 6386 0.00031478
5954 6387 0.026314
6370 6387 0.026314
6388 6387 0.026314
7111 6387 0.026314
5956 6388 0.00036667
6386 6388 0.00036667
6387 6388 0.00036667
3118 6389 0.00017911
6390 6389 0.00017911
6391 6389 0.00017911
3908 6391 0.00027506
6392 6391 0.00027506
6393 6391 0.00027506
3118 6392 0.00037716
6390 6392 0.00037716
6391 6392 0.00037716
3133 6393 0.00030773
5955 6393 0.00030773
6394 6393 0.00030773
3908 6394 0.0003533
6392 6394 0.0003533
6393 6394 0.0003533
6111 6395 0.00021967
6396 6395 0.00021967
6397 6395 0.00021967
6406 6395 0.00021967
3147 6397 0.00013988
5951 6397 0.00013988
6398 6397 0.00013988
6399 6397 0.00013988
5950 6406 0.00010488
6389 6406 0.00010488
6405 6406 0.00010488
4191 6468 0.00018074
4666 6468 0.00018074
6469 6468 0.00018074
2336 6469 0.0014956
2339 6469 0.0014956
4709 6469 0.0014956
946 6706 0.00013721
6707 6706 0.00013721
4215 6724 0.00012936
6725 6724 0.00012936
4217 6726 0.00019021
6727 6726 0.00019021
6880 6737 0.98704
6828 6827 0.0055332
7200 6827 0.0055332
5085 6873 0.00022725
5267 6873 0.00022725
6873 6874 0.00022725
5093 6875 0.0002446
6875 6876 0.0002446
5090 6877 0.93031
433 6880 0.98704
5669 6880 0.98704
4224 6893 0.49389
4225 6893 0.49389
6894 6893 0.49389
6895 6896 0.49412
7017 6896 0.49412
7084 6896 0.49412
6969 6971 0.00018193
6972 6971 0.00018193
6975 6971 0.00018193
7066 6971 0.00018193
6971 6973 0.00028615
6974 6973 0.00028615
7064 6973 0.00028615
6973 6975 0.00022687
6976 6975 0.00022687
6978 6975 0.00022687
6969 6976 0.00010939
6972 6976 0.00010939
6975 6976 0.00010939
7066 6976 0.00010939
6973 6977 0.0003102
6976 6977 0.0003102
6978 6977 0.0003102
3320 6978 0.00019906
6977 6978 0.00019906
7096 6978 0.00019906
6980 6979 0.00015034
7065 6979 0.00015034
7098 6979 0.00015034
6982 6981 0.00029046
6984 6981 0.00029046
6986 6981 0.00029046
6982 6983 0.00015238
6984 6983 0.00015238
6986 6983 0.00015238
3318 6984 0.00051262
6983 6984 0.00051262
7092 6984 0.00051262
6982 6985 0.00033851
6984 6985 0.00033851
6986 6985 0.00033851
6985 6986 0.00021946
6988 6986 0.00021946
6989 6986 0.00021946
6985 6987 0.00053872
6988 6987 0.00053872
6989 6987 0.00053872
6987 6988 0.00017848
6992 6988 0.00017848
6994 6988 0.00017848
6981 6989 0.00029046
6990 6989 0.00029046
6987 6991 0.00057577
6992 6991 0.00057577
6994 6991 0.00057577
6987 6993 0.00033345
6992 6993 0.00033345
6994 6993 0.00033345
6993 6994 0.00045628
6996 6994 0.00045628
6998 6994 0.00045628
7001 6994 0.00045628
6993 6995 0.00025905
6996 6995 0.00025905
6998 6995 0.00025905
7001 6995 0.00025905
6991 6996 0.00051866
6995 6996 0.00051866
7000 6996 0.00051866
6993 6997 0.00078353
6996 6997 0.00078353
6998 6997 0.00078353
7001 6997 0.00078353
6997 6998 0.00042329
7090 6998 0.00042329
7091 6998 0.00042329
6991 6999 0.00027007
6995 6999 0.00027007
7000 6999 0.00027007
6999 7001 0.00027007
7002 7001 0.00027007
7004 7001 0.00027007
2366 7005 0.0067364
7006 7005 0.0067364
7086 7005 0.0067364
3316 7006 0.0033907
7005 7006 0.0033907
7008 7006 0.0033907
7088 7006 0.0033907
6895 7016 0.0015587
7017 7016 0.0015587
7084 7016 0.0015587
7016 7017 0.0046986
7019 7017 0.0046986
7026 7017 0.0046986
7016 7018 0.0020054
7019 7018 0.0020054
7026 7018 0.0020054
4811 7019 0.002231
7018 7019 0.002231
7082 7019 0.002231
7021 7020 0.0050965
7023 7020 0.0050965
7025 7020 0.0050965
7036 7020 0.0050965
7020 7021 0.0044942
7032 7021 0.0044942
7035 7021 0.0044942
7021 7022 0.0044238
7023 7022 0.0044238
7025 7022 0.0044238
7036 7022 0.0044238
7022 7023 0.002666
7029 7023 0.002666
7031 7023 0.002666
7033 7023 0.002666
7021 7024 0.0082794
7023 7024 0.0082794
7025 7024 0.0082794
7036 7024 0.0082794
7024 7025 0.0050802
7027 7025 0.0050802
7077 7025 0.0050802
7080 7025 0.0050802
7024 7026 0.0032048
7027 7026 0.0032048
7077 7026 0.0032048
7080 7026 0.0032048
7016 7027 0.0002905
7019 7027 0.0002905
7026 7027 0.0002905
7022 7030 0.00059228
7029 7030 0.00059228
7031 7030 0.00059228
7033 7030 0.00059228
1230 7031 0.0057205
7030 7031 0.0057205
7078 7031 0.0057205
7022 7032 0.0076584
7029 7032 0.0076584
7031 7032 0.0076584
7033 7032 0.0076584
7020 7033 0.00077245
7032 7033 0.00077245
7035 7033 0.00077245
7020 7034 0.0087465
7032 7034 0.0087465
7035 7034 0.0087465
7034 7035 0.0012582
7037 7035 0.0012582
7039 7035 0.0012582
7034 7036 0.0079696
7037 7036 0.0079696
7039 7036 0.0079696
7021 7037 0.0024104
7023 7037 0.0024104
7025 7037 0.0024104
7036 7037 0.0024104
7034 7038 0.0059722
7037 7038 0.0059722
7039 7038 0.0059722
7038 7039 0.0040431
7041 7039 0.0040431
7043 7039 0.0040431
7038 7040 0.0059163
7041 7040 0.0059163
7043 7040 0.0059163
1227 7041 0.0041981
7040 7041 0.0041981
7075 7041 0.0041981
7079 7041 0.0041981
7038 7042 0.00021608
7041 7042 0.00021608
7043 7042 0.00021608
7042 7044 0.00021608
7045 7044 0.00021608
7044 7046 0.00021608
7047 7046 0.00021608
7046 7048 0.00021608
7049 7048 0.00021608
7048 7050 0.00021608
7051 7050 0.00021608
7050 7052 0.00021608
7053 7052 0.00021608
7052 7054 0.00021608
7055 7054 0.00021608
6229 7064 0.00016078
6979 7064 0.00016078
7063 7064 0.00016078
6969 7065 0.00010058
6972 7065 0.00010058
6975 7065 0.00010058
7066 7065 0.00010058
6980 7066 0.00010125
7065 7066 0.00010125
7098 7066 0.00010125
2342 7073 0.50061
7057 7073 0.50061
7074 7073 0.50061
1653 7075 0.00033041
7054 7075 0.00033041
7076 7075 0.00033041
1227 7076 0.11361
7040 7076 0.11361
7075 7076 0.11361
7079 7076 0.11361
1230 7077 0.00059228
7030 7077 0.00059228
7078 7077 0.00059228
7024 7078 0.0057205
7027 7078 0.0057205
7077 7078 0.0057205
7080 7078 0.0057205
7024 7079 0.0050561
7027 7079 0.0050561
7077 7079 0.0050561
7080 7079 0.0050561
1227 7080 0.0098995
7040 7080 0.0098995
7075 7080 0.0098995
7079 7080 0.0098995
4811 7081 0.0020054
7018 7081 0.0020054
7082 7081 0.0020054
4223 7082 0.002231
6896 7082 0.002231
7081 7082 0.002231
3790 7084 0.49098
3794 7084 0.49098
7083 7084 0.49098
2366 7085 0.011765
7006 7085 0.011765
7086 7085 0.011765
5670 7086 0.0052886
6385 7086 0.0052886
7085 7086 0.0052886
3316 7087 0.00053066
7005 7087 0.00053066
7008 7087 0.00053066
7088 7087 0.00053066
2351 7088 0.0090985
4656 7088 0.0090985
7014 7088 0.0090985
7087 7088 0.0090985
6997 7089 0.00094983
7090 7089 0.00094983
7091 7089 0.00094983
3317 7090 0.001248
5238 7090 0.001248
7089 7090 0.001248
3318 7091 0.00038429
6983 7091 0.00038429
7092 7091 0.00038429
6997 7092 0.0010427
7090 7092 0.0010427
7091 7092 0.0010427
547 7093 0.0010547
2073 7093 0.0010547
7094 7093 0.0010547
3320 7095 0.00032182
6977 7095 0.00032182
7096 7095 0.00032182
3319 7096 0.00031586
5985 7096 0.00031586
7093 7096 0.00031586
7095 7096 0.00031586
3321 7098 0.00014266
3322 7098 0.00014266
7097 7098 0.00014266
5837 7111 0.040162
6927 7111 0.040162
7069 7111 0.040162
7112 7111 0.040162
5954 7112 0.0014861
6370 7112 0.0014861
6388 7112 0.0014861
7111 7112 0.0014861
7117 7116 0.0022103
1226 7117 0.0022103
1536 7117 0.0022103
4200 7117 0.0022103
5936 7132 0.032539
7133 7132 0.032539
4155 7133 0.00046237
7132 7133 0.00046237
1926 7134 0.005535
7135 7134 0.005535
7134 7136 0.005535
7137 7136 0.005535
3090 7151 0.030476
5675 7151 0.030476
5676 7151 0.030476
7150 7151 0.030476
6726 7152 0.00019021
7153 7152 0.00019021
6827 7198 0.0055332
7199 7198 0.0055332
3789 7200 0.0055332
7201 7200 0.0055332
5241 7219 0.00010569
5738 7219 0.00010569
7218 7219 0.00010569
942 7253 0.00034862
945 7253 0.00034862
5898 7253 0.00034862
7252 7253 0.00034862
2328 7256 0.00034425
7257 7256 0.00034425
2279 7272 0.92795
5674 7272 0.92795
7273 7272 0.92795
7272 7273 0.00057607
7274 7273 0.00057607
1127 7274 0.041686
3095 7274 0.041686
3098 7274 0.041686
