522 521 0.059968
736 521 0.059968
3419 521 0.059968
3434 521 0.059968
521 522 0.00040212
3424 522 0.00040212
3890 522 0.00040212
547 548 0.00021576
2073 548 0.00021576
7094 548 0.00021576
567 568 0.00059276
1467 568 0.00059276
720 719 1
522 735 0.00024796
736 735 0.00024796
3419 735 0.00024796
3434 735 0.00024796
735 736 0.060535
737 736 0.060535
740 736 0.060535
738 737 0.060196
2913 737 0.060196
5577 737 0.060196
735 738 0.00061436
737 738 0.00061436
740 738 0.00061436
739 740 0.00071781
2885 740 0.00071781
5251 740 0.00071781
943 942 0.0013558
4221 942 0.0013558
4815 942 0.0013558
942 943 0.00075679
945 943 0.00075679
5898 943 0.00075679
7252 943 0.00075679
981 980 0.00071164
5779 980 0.00071164
6433 980 0.00071164
6436 980 0.00071164
565 982 0.00066007
980 982 0.00066007
983 982 0.00066007
982 984 0.00066007
985 984 0.00066007
2889 984 0.00066007
984 986 0.00066007
987 986 0.00066007
2891 986 0.00066007
2893 986 0.00066007
1466 1117 0.0098414
2325 1117 0.0098414
1232 1233 0.0023383
7249 1233 0.0023383
567 1466 0.0023749
1467 1466 0.0023749
1468 1467 0.002895
5934 1467 0.002895
1117 1468 0.99988
2345 1468 0.99988
1656 1655 0.0016412
5746 1655 0.0016412
5748 1655 0.0016412
1655 1656 0.0001306
5745 1656 0.0001306
5901 1656 0.0001306
5904 1656 0.0001306
1658 1657 0.0013558
5747 1657 0.0013558
5907 1657 0.0013558
5984 1657 0.0013558
1657 1658 0.00075679
4219 1658 0.00075679
4817 1658 0.00075679
5576 1966 0.93971
5579 1966 0.93971
2324 2325 0.0074712
7131 2325 0.0074712
2326 2327 0.006716
7259 2327 0.006716
2344 2345 0.99006
2347 2345 0.99006
5906 2345 0.99006
2344 2346 0.024008
2347 2346 0.024008
5906 2346 0.024008
2346 2347 0.044215
6960 2347 0.044215
7108 2347 0.044215
2753 2752 0.0023221
3327 2752 0.0023221
5237 2752 0.0023221
2886 2885 0.00066954
2887 2885 0.00066954
2901 2885 0.00066954
563 2887 0.00066954
2888 2887 0.00066954
4801 2887 0.00066954
2906 2905 0.0001678
3893 2905 0.0001678
3894 2905 0.0001678
2907 2908 0.0001678
6133 2908 0.0001678
6136 2908 0.0001678
2911 2913 0.034641
2914 2913 0.034641
6130 2913 0.034641
3122 3121 0.00011684
5270 3121 0.00011684
6233 3121 0.00011684
3319 3318 0.00012031
5985 3318 0.00012031
7093 3318 0.00012031
7095 3318 0.00012031
3318 3319 0.00013211
6983 3319 0.00013211
7092 3319 0.00013211
3320 3321 0.0019096
6977 3321 0.0019096
7096 3321 0.0019096
3321 3323 0.0020923
3322 3323 0.0020923
7097 3323 0.0020923
3323 3325 0.0024811
3324 3325 0.0024811
7103 3325 0.0024811
3325 3327 0.0022352
3326 3327 0.0022352
7099 3327 0.0022352
3333 3335 0.00017198
3336 3335 0.00017198
6225 3335 0.00017198
521 3423 0.060715
3424 3423 0.060715
3890 3423 0.060715
1966 3424 0.00042167
3423 3424 0.00042167
3427 3430 0.00074091
3429 3430 0.00074091
6139 3430 0.00074091
6461 3430 0.00074091
522 3433 0.00074696
736 3433 0.00074696
3419 3433 0.00074696
3434 3433 0.00074696
3425 3890 0.00077409
3430 3890 0.00077409
3891 3890 0.00077409
2908 3894 0.0001678
3895 3894 0.0001678
3897 3894 0.0001678
3898 3899 0.034645
5581 3899 0.034645
5935 3899 0.034645
4163 4162 0.0001485
4164 4162 0.0001485
5889 4162 0.0001485
5892 4162 0.0001485
4162 4170 0.00016654
4171 4170 0.00016654
5793 4170 0.00016654
4170 4172 0.00011335
4173 4172 0.00011335
5933 4172 0.00011335
4175 4174 0.00010396
4176 4174 0.00010396
5784 4174 0.00010396
5785 4174 0.00010396
4220 4219 0.00075679
4222 4219 0.00075679
1657 4220 0.0013558
4219 4220 0.0013558
4817 4220 0.0013558
4220 4221 0.0013558
4222 4221 0.0013558
943 4222 0.00075679
4221 4222 0.00075679
4815 4222 0.00075679
2327 4707 0.0069081
4708 4707 0.0069081
5968 4707 0.0069081
986 4801 0.00066007
2895 4801 0.00066007
4802 4801 0.00066007
3121 5237 0.00013212
3328 5237 0.00013212
3329 5237 0.00013212
738 5576 0.027539
2913 5576 0.027539
5577 5576 0.027539
5576 5577 0.052483
5579 5577 0.052483
5578 5579 0.96466
5583 5579 0.96466
5584 5579 0.96466
3898 5580 0.96237
5581 5580 0.96237
5935 5580 0.96237
1233 5583 0.96466
5580 5583 0.96466
5582 5583 0.96466
1658 5746 0.0016412
5747 5746 0.0016412
5907 5746 0.0016412
5984 5746 0.0016412
1656 5747 0.0001306
5746 5747 0.0001306
5748 5747 0.0001306
5790 5789 0.00056822
5791 5789 0.00056822
5932 5789 0.00056822
5969 5789 0.00056822
5792 5791 0.00071181
5891 5791 0.00071181
5894 5791 0.00071181
3335 5822 0.00043041
5823 5822 0.00043041
5831 5822 0.00043041
6967 5822 0.00043041
5822 5823 0.00017389
6963 5823 0.00017389
7102 5823 0.00017389
7104 5823 0.00017389
5824 5825 0.00036321
6964 5825 0.00036321
7100 5825 0.00036321
3335 5830 0.00010155
5823 5830 0.00010155
5831 5830 0.00010155
6967 5830 0.00010155
5825 5831 0.0003566
5826 5831 0.0003566
5830 5831 0.0003566
5795 5888 0.00010617
5887 5888 0.00010617
5890 5888 0.00010617
4163 5890 0.00012449
4164 5890 0.00012449
5889 5890 0.00012449
5892 5890 0.00012449
5792 5892 0.00025007
5891 5892 0.00025007
5894 5892 0.00025007
5893 5894 0.00093336
7255 5894 0.00093336
5895 5896 0.0076511
7253 5896 0.0076511
942 5897 0.00013919
945 5897 0.00013919
5898 5897 0.00013919
7252 5897 0.00013919
5897 5898 0.007171
5900 5898 0.007171
5983 5898 0.007171
5897 5899 0.0014385
5900 5899 0.0014385
5983 5899 0.0014385
5899 5900 0.00095419
5902 5900 0.00095419
5910 5900 0.00095419
5899 5901 0.0014176
5902 5901 0.0014176
5910 5901 0.0014176
1655 5902 0.00094746
5745 5902 0.00094746
5901 5902 0.00094746
5904 5902 0.00094746
1655 5903 0.002087
5745 5903 0.002087
5901 5903 0.002087
5904 5903 0.002087
2349 5904 0.00011988
5903 5904 0.00011988
5986 5904 0.00011988
7105 5904 0.00011988
5905 5906 0.96989
6955 5906 0.96989
7110 5906 0.96989
719 5907 0.011263
5908 5907 0.011263
7109 5907 0.011263
1658 5908 0.0016375
5747 5908 0.0016375
5907 5908 0.0016375
5984 5908 0.0016375
4170 5932 0.00010878
4173 5932 0.00010878
5933 5932 0.00010878
1468 5935 0.99699
5934 5935 0.99699
5790 5968 0.00038702
5791 5968 0.00038702
5932 5968 0.00038702
5969 5968 0.00038702
2327 5969 0.00020182
4708 5969 0.00020182
5968 5969 0.00020182
5789 5981 0.00060927
5911 5981 0.00060927
5913 5981 0.00060927
5982 5981 0.00060927
1658 5983 0.0083593
5747 5983 0.0083593
5907 5983 0.0083593
5984 5983 0.0083593
5897 5984 0.00084326
5900 5984 0.00084326
5983 5984 0.00084326
2349 5985 0.0022977
5903 5985 0.0022977
5986 5985 0.0022977
7105 5985 0.0022977
2903 6130 0.034641
6129 6130 0.034641
6132 6130 0.034641
2905 6132 0.034641
6131 6132 0.034641
6134 6132 0.034641
2907 6134 0.034485
6133 6134 0.034485
6136 6134 0.034485
2909 6136 0.034645
3899 6136 0.034645
6135 6136 0.034645
548 6225 0.00016334
6226 6225 0.00016334
6227 6225 0.00016334
6230 6225 0.00016334
548 6229 0.00010533
6226 6229 0.00010533
6227 6229 0.00010533
6230 6229 0.00010533
6229 6230 0.00012888
6979 6230 0.00012888
7063 6230 0.00012888
568 6436 0.00062431
4174 6436 0.00062431
6435 6436 0.00062431
561 6461 0.00075815
3433 6461 0.00075815
6459 6461 0.00075815
6462 6461 0.00075815
5905 6954 0.044396
6955 6954 0.044396
7110 6954 0.044396
6954 6955 0.023858
6957 6955 0.023858
6959 6955 0.023858
2346 6959 0.023858
6960 6959 0.023858
7108 6959 0.023858
6954 6960 0.044396
6957 6960 0.044396
6959 6960 0.044396
5824 6963 0.00035188
6964 6963 0.00035188
7100 6963 0.00035188
5822 6964 0.00036432
6963 6964 0.00036432
7102 6964 0.00036432
7104 6964 0.00036432
3335 6968 0.0001797
5823 6968 0.0001797
5831 6968 0.0001797
6967 6968 0.0001797
6969 6971 0.00031494
6972 6971 0.00031494
6975 6971 0.00031494
7066 6971 0.00031494
6971 6972 0.00014703
6974 6972 0.00014703
7064 6972 0.00014703
6971 6973 0.00041081
6974 6973 0.00041081
7064 6973 0.00041081
6973 6974 0.00017265
6976 6974 0.00017265
6978 6974 0.00017265
6973 6975 0.00057613
6976 6975 0.00057613
6978 6975 0.00057613
6969 6976 0.00013039
6972 6976 0.00013039
6975 6976 0.00013039
7066 6976 0.00013039
6973 6977 0.00035422
6976 6977 0.00035422
6978 6977 0.00035422
3320 6978 0.0005618
6977 6978 0.0005618
7096 6978 0.0005618
6980 6979 0.00026271
7065 6979 0.00026271
7098 6979 0.00026271
6229 6980 0.0001689
6979 6980 0.0001689
7063 6980 0.0001689
3318 6984 0.00010374
6983 6984 0.00010374
7092 6984 0.00010374
6971 7063 0.00014739
6974 7063 0.00014739
7064 7063 0.00014739
6229 7064 0.00021765
6979 7064 0.00021765
7063 7064 0.00021765
6969 7065 0.00040806
6972 7065 0.00040806
6975 7065 0.00040806
7066 7065 0.00040806
6980 7066 0.00013022
7065 7066 0.00013022
7098 7066 0.00013022
6997 7092 0.00010926
7090 7092 0.00010926
7091 7092 0.00010926
3319 7094 0.00027996
5985 7094 0.00027996
7093 7094 0.00027996
7095 7094 0.00027996
3319 7096 0.0021242
5985 7096 0.0021242
7093 7096 0.0021242
7095 7096 0.0021242
6980 7097 0.00042203
7065 7097 0.00042203
7098 7097 0.00042203
3321 7098 0.000238
3322 7098 0.000238
7097 7098 0.000238
5824 7099 0.00029997
6964 7099 0.00029997
7100 7099 0.00029997
3325 7100 0.00055167
3326 7100 0.00055167
7099 7100 0.00055167
6965 7102 0.0001797
6968 7102 0.0001797
7101 7102 0.0001797
5822 7103 0.0006648
6963 7103 0.0006648
7102 7103 0.0006648
7104 7103 0.0006648
3323 7104 0.00027706
3324 7104 0.00027706
7103 7104 0.00027706
6961 7105 0.00056664
7106 7105 0.00056664
7107 7105 0.00056664
2349 7106 0.00023568
5903 7106 0.00023568
5986 7106 0.00023568
7105 7106 0.00023568
2346 7107 0.00056664
6960 7107 0.00056664
7108 7107 0.00056664
6961 7108 0.00023568
7106 7108 0.00023568
7107 7108 0.00023568
719 7110 0.99038
5908 7110 0.99038
7109 7110 0.99038
3189 7131 0.0074712
4707 7131 0.0074712
5981 7131 0.0074712
7130 7131 0.0074712
1235 7249 0.0023383
7248 7249 0.0023383
7250 7249 0.0023383
2752 7250 0.0023221
7251 7250 0.0023221
942 7253 0.0076511
945 7253 0.0076511
5898 7253 0.0076511
7252 7253 0.0076511
2329 7255 0.00093336
5896 7255 0.00093336
7254 7255 0.00093336
7258 7255 0.00093336
2329 7259 0.006716
5896 7259 0.006716
7254 7259 0.006716
7258 7259 0.006716
