522 521 0.054411
736 521 0.054411
3419 521 0.054411
3434 521 0.054411
521 522 0.00040341
3424 522 0.00040341
3890 522 0.00040341
548 547 0.0037536
6226 547 0.0037536
6227 547 0.0037536
6230 547 0.0037536
547 548 0.00067786
2073 548 0.00067786
7094 548 0.00067786
522 735 0.00024843
736 735 0.00024843
3419 735 0.00024843
3434 735 0.00024843
735 736 0.054923
737 736 0.054923
740 736 0.054923
738 737 0.054928
2913 737 0.054928
5577 737 0.054928
735 738 0.00025384
737 738 0.00025384
740 738 0.00025384
948 950 0.00012234
951 950 0.00012234
6355 950 0.00012234
995 994 0.00018235
6359 994 0.00018235
6360 994 0.00018235
1232 1233 0.99844
7249 1233 0.99844
1235 1234 0.00040708
7248 1234 0.00040708
7250 1234 0.00040708
1234 1235 0.0001008
5816 1235 0.0001008
6117 1235 0.0001008
1117 1468 0.0012755
2345 1468 0.0012755
5576 1966 0.94532
5579 1966 0.94532
2072 2073 0.00068965
2074 2073 0.00068965
2075 2073 0.00068965
3906 2073 0.00068965
547 2074 0.00025297
2073 2074 0.00025297
7094 2074 0.00025297
994 2075 0.00019095
997 2075 0.00019095
2076 2075 0.00019095
2077 2075 0.00019095
2344 2345 0.0012171
2347 2345 0.0012171
5906 2345 0.0012171
2346 2347 0.00073935
6960 2347 0.00073935
7108 2347 0.00073935
2352 2353 0.0014636
2355 2353 0.0014636
5269 2353 0.0014636
2352 2354 0.00024795
2355 2354 0.00024795
5269 2354 0.00024795
2753 2752 0.99874
3327 2752 0.99874
5237 2752 0.99874
2911 2913 0.003126
2914 2913 0.003126
6130 2913 0.003126
3122 3121 0.018685
5270 3121 0.018685
6233 3121 0.018685
3138 3137 0.00013233
5832 3137 0.00013233
6422 3137 0.00013233
3319 3318 0.0007527
5985 3318 0.0007527
7093 3318 0.0007527
7095 3318 0.0007527
3318 3319 0.0007028
6983 3319 0.0007028
7092 3319 0.0007028
3321 3320 0.010821
3322 3320 0.010821
7097 3320 0.010821
3320 3321 0.0094674
6977 3321 0.0094674
7096 3321 0.0094674
3323 3322 0.0015777
3324 3322 0.0015777
7103 3322 0.0015777
3321 3323 1.0111
3322 3323 1.0111
7097 3323 1.0111
3325 3324 0.0011627
3326 3324 0.0011627
7099 3324 0.0011627
3323 3325 1.1379
3324 3325 1.1379
7103 3325 1.1379
3325 3327 0.99846
3326 3327 0.99846
7099 3327 0.99846
2353 3328 0.0016058
3337 3328 0.0016058
3332 3331 0.0014218
3334 3331 0.0014218
3331 3332 0.010672
5827 3332 0.010672
5829 3332 0.010672
3332 3333 0.010672
3334 3333 0.010672
3333 3334 0.0014218
3336 3334 0.0014218
6225 3334 0.0014218
3333 3335 0.010464
3336 3335 0.010464
6225 3335 0.010464
3335 3336 0.012284
5823 3336 0.012284
5831 3336 0.012284
6967 3336 0.012284
3137 3337 0.00014273
3302 3337 0.00014273
3338 3337 0.00014273
521 3423 0.055104
3424 3423 0.055104
3890 3423 0.055104
1966 3424 0.00042419
3423 3424 0.00042419
3427 3430 0.00068624
3429 3430 0.00068624
6139 3430 0.00068624
6461 3430 0.00068624
522 3433 0.00069147
736 3433 0.00069147
3419 3433 0.00069147
3434 3433 0.00069147
3425 3890 0.00071773
3430 3890 0.00071773
3891 3890 0.00071773
3898 3899 0.0031254
5581 3899 0.0031254
5935 3899 0.0031254
1237 3903 0.00034802
3902 3903 0.00034802
6118 3903 0.00034802
3907 3906 0.00058298
4019 3906 0.00058298
6228 3906 0.00058298
6358 3906 0.00058298
2072 3907 0.00030424
2074 3907 0.00030424
2075 3907 0.00030424
3906 3907 0.00030424
4020 4019 0.00036273
6232 4019 0.00036273
6351 4019 0.00036273
3907 4020 0.00066895
4019 4020 0.00066895
6228 4020 0.00066895
6358 4020 0.00066895
3121 5237 0.020289
3328 5237 0.020289
3329 5237 0.020289
3122 5269 0.0017768
5270 5269 0.0017768
6233 5269 0.0017768
2753 5270 0.019957
3327 5270 0.019957
5237 5270 0.019957
738 5576 0.0026835
2913 5576 0.0026835
5577 5576 0.0026835
5576 5577 0.054236
5579 5577 0.054236
5578 5579 0.99687
5583 5579 0.99687
5584 5579 0.99687
3898 5580 0.0012306
5581 5580 0.0012306
5935 5580 0.0012306
1233 5581 0.0031012
5580 5581 0.0031012
5582 5581 0.0031012
1233 5583 0.99657
5580 5583 0.99657
5582 5583 0.99657
5265 5584 0.00032131
5585 5584 0.00032131
6124 5584 0.00032131
5818 5819 0.00031959
6126 5819 0.00031959
6128 5819 0.00031959
3335 5822 0.13763
5823 5822 0.13763
5831 5822 0.13763
6967 5822 0.13763
5822 5823 0.080925
6963 5823 0.080925
7102 5823 0.080925
7104 5823 0.080925
5825 5824 0.028424
5826 5824 0.028424
5830 5824 0.028424
5824 5825 0.15646
6964 5825 0.15646
7100 5825 0.15646
3331 5826 0.0014218
5827 5826 0.0014218
5829 5826 0.0014218
5825 5827 0.010672
5826 5827 0.010672
5830 5827 0.010672
3335 5830 0.032236
5823 5830 0.032236
5831 5830 0.032236
6967 5830 0.032236
5825 5831 0.15102
5826 5831 0.15102
5830 5831 0.15102
2352 5832 0.00014322
2355 5832 0.00014322
5269 5832 0.00014322
5899 5900 0.00019613
5902 5900 0.00019613
5910 5900 0.00019613
1655 5902 0.0001962
5745 5902 0.0001962
5901 5902 0.0001962
5904 5902 0.0001962
2349 5904 0.00028529
5903 5904 0.00028529
5986 5904 0.00028529
7105 5904 0.00028529
5905 5906 0.00049087
6955 5906 0.00049087
7110 5906 0.00049087
1658 5908 0.00024324
5747 5908 0.00024324
5907 5908 0.00024324
5984 5908 0.00024324
1468 5935 0.0012718
5934 5935 0.0012718
5897 5984 0.00015333
5900 5984 0.00015333
5983 5984 0.00015333
3319 5986 0.0012508
5985 5986 0.0012508
7093 5986 0.0012508
7095 5986 0.0012508
1237 6117 0.0001008
3902 6117 0.0001008
6118 6117 0.0001008
1234 6118 0.00040708
5816 6118 0.00040708
6117 6118 0.00040708
5819 6124 0.00032115
5821 6124 0.00032115
6123 6124 0.00032115
1246 6128 0.00029418
3901 6128 0.00029418
3903 6128 0.00029418
6127 6128 0.00029418
2903 6130 0.003126
6129 6130 0.003126
6132 6130 0.003126
2905 6132 0.003126
6131 6132 0.003126
6134 6132 0.003126
2907 6134 0.0031111
6133 6134 0.0031111
6136 6134 0.0031111
2909 6136 0.0031254
3899 6136 0.0031254
6135 6136 0.0031254
548 6225 0.0011363
6226 6225 0.0011363
6227 6225 0.0011363
6230 6225 0.0011363
3333 6226 0.012207
3336 6226 0.012207
6225 6226 0.012207
3907 6227 0.00046067
4019 6227 0.00046067
6228 6227 0.00046067
6358 6227 0.00046067
548 6228 0.0012312
6226 6228 0.0012312
6227 6228 0.0012312
6230 6228 0.0012312
548 6229 0.009246
6226 6229 0.009246
6227 6229 0.009246
6230 6229 0.009246
6229 6230 0.002022
6979 6230 0.002022
7063 6230 0.002022
4020 6231 0.00089091
6232 6231 0.00089091
6351 6231 0.00089091
6231 6232 0.00036396
6234 6232 0.00036396
6354 6232 0.00036396
6231 6233 0.00095184
6234 6233 0.00095184
6354 6233 0.00095184
3122 6234 0.00044938
5270 6234 0.00044938
6233 6234 0.00044938
950 6351 0.00028342
6352 6351 0.00028342
6353 6351 0.00028342
6356 6351 0.00028342
2354 6353 0.00024005
2357 6353 0.00024005
6231 6355 0.00012234
6234 6355 0.00012234
6354 6355 0.00012234
995 6358 0.00010909
6359 6358 0.00010909
6360 6358 0.00010909
3907 6359 0.00029468
4019 6359 0.00029468
6228 6359 0.00029468
6358 6359 0.00029468
995 6361 0.00013748
6359 6361 0.00013748
6360 6361 0.00013748
6357 6362 0.00010557
6361 6362 0.00010557
561 6461 0.0007021
3433 6461 0.0007021
6459 6461 0.0007021
6462 6461 0.0007021
6954 6955 0.00025859
6957 6955 0.00025859
6959 6955 0.00025859
2346 6959 0.00025859
6960 6959 0.00025859
7108 6959 0.00025859
5824 6963 0.15664
6964 6963 0.15664
7100 6963 0.15664
5822 6964 0.14638
6963 6964 0.14638
7102 6964 0.14638
7104 6964 0.14638
6965 6967 0.01643
6968 6967 0.01643
7101 6967 0.01643
3335 6968 0.076685
5823 6968 0.076685
5831 6968 0.076685
6967 6968 0.076685
6969 6971 0.0054542
6972 6971 0.0054542
6975 6971 0.0054542
7066 6971 0.0054542
6971 6972 0.0029262
6974 6972 0.0029262
7064 6972 0.0029262
6971 6973 0.0077354
6974 6973 0.0077354
7064 6973 0.0077354
6973 6974 0.0029844
6976 6974 0.0029844
6978 6974 0.0029844
6973 6975 0.010304
6976 6975 0.010304
6978 6975 0.010304
6969 6976 0.0019425
6972 6976 0.0019425
6975 6976 0.0019425
7066 6976 0.0019425
6973 6977 0.0062071
6976 6977 0.0062071
6978 6977 0.0062071
3320 6978 0.0098177
6977 6978 0.0098177
7096 6978 0.0098177
6980 6979 0.0037415
7065 6979 0.0037415
7098 6979 0.0037415
6229 6980 0.0087426
6979 6980 0.0087426
7063 6980 0.0087426
6982 6981 0.00033271
6984 6981 0.00033271
6986 6981 0.00033271
6982 6983 0.00023404
6984 6983 0.00023404
6986 6983 0.00023404
3318 6984 0.00062961
6983 6984 0.00062961
7092 6984 0.00062961
6982 6985 0.00038447
6984 6985 0.00038447
6986 6985 0.00038447
6985 6986 0.00025559
6988 6986 0.00025559
6989 6986 0.00025559
6985 6987 0.00055137
6988 6987 0.00055137
6989 6987 0.00055137
6987 6988 0.00015579
6992 6988 0.00015579
6994 6988 0.00015579
6981 6989 0.00033271
6990 6989 0.00033271
6987 6991 0.00043402
6992 6991 0.00043402
6994 6991 0.00043402
6987 6993 0.00029468
6992 6993 0.00029468
6994 6993 0.00029468
6993 6994 0.00028313
6996 6994 0.00028313
6998 6994 0.00028313
7001 6994 0.00028313
6993 6995 0.0001179
6996 6995 0.0001179
6998 6995 0.0001179
7001 6995 0.0001179
6991 6996 0.00037343
6995 6996 0.00037343
7000 6996 0.00037343
6993 6997 0.00055037
6996 6997 0.00055037
6998 6997 0.00055037
7001 6997 0.00055037
6997 6998 0.00015479
7090 6998 0.00015479
7091 6998 0.00015479
6991 6999 0.00015118
6995 6999 0.00015118
7000 6999 0.00015118
6999 7001 0.00015118
7002 7001 0.00015118
7004 7001 0.00015118
6971 7063 0.0025491
6974 7063 0.0025491
7064 7063 0.0025491
6229 7064 0.0047721
6979 7064 0.0047721
7063 7064 0.0047721
6969 7065 0.0075213
6972 7065 0.0075213
6975 7065 0.0075213
7066 7065 0.0075213
6980 7066 0.0016876
7065 7066 0.0016876
7098 7066 0.0016876
3318 7091 0.00020808
6983 7091 0.00020808
7092 7091 0.00020808
6997 7092 0.00055376
7090 7092 0.00055376
7091 7092 0.00055376
547 7093 0.0041683
2073 7093 0.0041683
7094 7093 0.0041683
3319 7094 0.00065586
5985 7094 0.00065586
7093 7094 0.00065586
7095 7094 0.00065586
3320 7095 0.002439
6977 7095 0.002439
7096 7095 0.002439
3319 7096 0.0046965
5985 7096 0.0046965
7093 7096 0.0046965
7095 7096 0.0046965
6980 7097 1.013
7065 7097 1.013
7098 7097 1.013
3321 7098 0.0021903
3322 7098 0.0021903
7097 7098 0.0021903
5824 7099 0.11063
6964 7099 0.11063
7100 7099 0.11063
3325 7100 0.24893
3326 7100 0.24893
7099 7100 0.24893
5822 7101 0.01643
6963 7101 0.01643
7102 7101 0.01643
7104 7101 0.01643
6965 7102 0.076685
6968 7102 0.076685
7101 7102 0.076685
5822 7103 0.25987
6963 7103 0.25987
7102 7103 0.25987
7104 7103 0.25987
3323 7104 0.13265
3324 7104 0.13265
7103 7104 0.13265
2349 7106 0.0009741
5903 7106 0.0009741
5986 7106 0.0009741
7105 7106 0.0009741
6961 7108 0.0009741
7106 7108 0.0009741
7107 7108 0.0009741
719 7110 0.00024324
5908 7110 0.00024324
7109 7110 0.00024324
1235 7249 0.99844
7248 7249 0.99844
7250 7249 0.99844
2752 7250 0.99874
7251 7250 0.99874
