58 57 0.0002254
519 57 0.0002254
3418 57 0.0002254
57 59 0.0011159
60 59 0.0011159
4610 59 0.0011159
59 60 0.000241
3420 60 0.000241
3421 60 0.000241
63 64 0.00023714
70 64 0.00023714
503 64 0.00023714
65 66 0.00025371
3391 66 0.00025371
3396 66 0.00025371
63 69 0.0002087
70 69 0.0002087
503 69 0.0002087
72 71 0.00016717
505 71 0.00016717
508 71 0.00016717
67 72 0.00024601
71 72 0.00024601
222 72 0.00024601
3393 72 0.00024601
67 221 0.0031978
71 221 0.0031978
222 221 0.0031978
3393 221 0.0031978
221 222 0.00038638
3390 222 0.00038638
6064 222 0.00038638
497 499 0.00019922
500 499 0.00019922
3374 499 0.00019922
66 501 0.00034871
499 501 0.00034871
502 501 0.00034871
501 503 0.00034871
504 503 0.00034871
6059 503 0.00034871
64 505 0.00023714
506 505 0.00023714
6061 505 0.00023714
72 507 0.00031131
505 507 0.00031131
508 507 0.00031131
514 513 0.00012493
6444 513 0.00012493
513 514 0.011697
6441 514 0.011697
522 521 0.48493
736 521 0.48493
3419 521 0.48493
3434 521 0.48493
521 522 0.00031622
3424 522 0.00031622
3890 522 0.00031622
524 523 0.00118
1965 523 0.00118
2884 523 0.00118
523 524 0.00025443
564 524 0.00025443
6447 524 0.00025443
523 563 0.01754
564 563 0.01754
6447 563 0.01754
563 564 0.00073262
2888 564 0.00073262
4801 564 0.00073262
566 565 0.0013822
2878 565 0.0013822
6439 565 0.0013822
517 594 0.00035991
595 594 0.00035991
3437 594 0.00035991
3440 594 0.00035991
728 727 0.56996
3375 727 0.56996
4693 727 0.56996
732 731 0.00070772
798 731 0.00070772
7216 731 0.00070772
727 732 0.010159
731 732 0.010159
7126 732 0.010159
734 733 0.0005152
2879 733 0.0005152
5252 733 0.0005152
733 734 0.56099
7127 734 0.56099
522 735 0.00039805
736 735 0.00039805
3419 735 0.00039805
3434 735 0.00039805
735 736 0.48767
737 736 0.48767
740 736 0.48767
735 738 0.50974
737 738 0.50974
740 738 0.50974
739 740 0.99696
2885 740 0.99696
5251 740 0.99696
762 763 0.00018943
764 763 0.00018943
3428 763 0.00018943
796 795 0.0079723
2875 795 0.0079723
3441 795 0.0079723
795 796 0.00023922
3577 796 0.00023922
4598 796 0.00023922
4615 796 0.00023922
732 797 0.010156
798 797 0.010156
7216 797 0.010156
797 798 0.00070521
2876 798 0.00070521
4596 798 0.00070521
565 982 0.0013689
980 982 0.0013689
983 982 0.0013689
982 984 0.0013689
985 984 0.0013689
2889 984 0.0013689
984 986 0.0013689
987 986 0.0013689
2891 986 0.0013689
2893 986 0.0013689
1111 1110 0.41391
1476 1110 0.41391
6069 1110 0.41391
1110 1111 0.00041559
2880 1111 0.00041559
2881 1111 0.00041559
1477 1476 0.39493
3381 1476 0.39493
3388 1476 0.39493
1111 1477 0.0028432
1476 1477 0.0028432
6069 1477 0.0028432
5576 1966 0.5097
5579 1966 0.5097
797 2875 0.0049618
2876 2875 0.0049618
4596 2875 0.0049618
796 2876 0.0018689
2875 2876 0.0018689
3441 2876 0.0018689
566 2877 0.003957
2878 2877 0.003957
6439 2877 0.003957
2877 2878 0.00031145
2882 2878 0.00031145
6443 2878 0.00031145
6446 2878 0.00031145
1110 2879 0.413
2880 2879 0.413
2881 2879 0.413
734 2880 0.0011036
2879 2880 0.0011036
5252 2880 0.0011036
2877 2881 0.010509
2882 2881 0.010509
6443 2881 0.010509
6446 2881 0.010509
1110 2882 0.012099
2880 2882 0.012099
2881 2882 0.012099
524 2883 0.00025443
1965 2883 0.00025443
2884 2883 0.00025443
2883 2884 0.00118
6445 2884 0.00118
6448 2884 0.00118
2886 2885 0.01889
2887 2885 0.01889
2901 2885 0.01889
739 2886 0.0007357
2885 2886 0.0007357
5251 2886 0.0007357
563 2887 0.01889
2888 2887 0.01889
4801 2887 0.01889
2886 2888 0.0007357
2887 2888 0.0007357
2901 2888 0.0007357
2911 2913 0.00025818
2914 2913 0.00025818
6130 2913 0.00025818
507 3371 0.00031131
3372 3371 0.00031131
6057 3371 0.00031131
3373 3374 0.00019922
3392 3374 0.00019922
6068 3374 0.00019922
3376 3375 0.56968
3377 3375 0.56968
3389 3375 0.56968
4613 3375 0.56968
3378 3377 0.52664
3379 3377 0.52664
6063 3377 0.52664
3376 3378 0.00705
3377 3378 0.00705
3389 3378 0.00705
4613 3378 0.00705
3380 3379 0.58939
3387 3379 0.58939
6065 3379 0.58939
3378 3380 0.0011742
3379 3380 0.0011742
6063 3380 0.0011742
3382 3381 0.0002551
3383 3381 0.0002551
6067 3381 0.0002551
1477 3382 0.022991
3381 3382 0.022991
3388 3382 0.022991
3384 3383 0.00018739
4379 3383 0.00018739
4381 3383 0.00018739
6442 3383 0.00018739
3382 3384 0.016766
3383 3384 0.016766
6067 3384 0.016766
1477 3387 0.0028971
3381 3387 0.0028971
3388 3387 0.0028971
3380 3388 0.41772
3387 3388 0.41772
6065 3388 0.41772
221 3389 0.074
3390 3389 0.074
6064 3389 0.074
3376 3390 0.0025601
3377 3390 0.0025601
3389 3390 0.0025601
4613 3390 0.0025601
3373 3391 0.006038
3392 3391 0.006038
6068 3391 0.006038
69 3393 0.0030706
3394 3393 0.0030706
3395 3393 0.0030706
6066 3393 0.0030706
67 3394 0.00018027
71 3394 0.00018027
222 3394 0.00018027
3393 3394 0.00018027
65 3395 0.0058386
3391 3395 0.0058386
3396 3395 0.0058386
594 3407 0.00026417
3408 3407 0.00026417
3413 3407 0.00026417
3407 3408 0.00021882
3573 3408 0.00021882
3576 3408 0.00021882
3410 3409 0.00032579
3411 3409 0.00032579
3439 3409 0.00032579
3569 3409 0.00032579
3409 3413 0.00014524
3414 3413 0.00014524
6452 3413 0.00014524
594 3414 0.00038069
3408 3414 0.00038069
3413 3414 0.00038069
3416 3418 0.0002254
3417 3418 0.0002254
6453 3418 0.0002254
6456 3418 0.0002254
59 3419 0.0011159
3420 3419 0.0011159
3421 3419 0.0011159
522 3420 0.000241
736 3420 0.000241
3419 3420 0.000241
3434 3420 0.000241
521 3423 0.49053
3424 3423 0.49053
3890 3423 0.49053
1966 3424 0.00022872
3423 3424 0.00022872
763 3425 0.00018943
3426 3425 0.00018943
3427 3428 0.00018943
3429 3428 0.00018943
6139 3428 0.00018943
6461 3428 0.00018943
3425 3429 0.00012376
3430 3429 0.00012376
3891 3429 0.00012376
3427 3430 0.0056332
3429 3430 0.0056332
6139 3430 0.0056332
6461 3430 0.0056332
522 3433 0.0049787
736 3433 0.0049787
3419 3433 0.0049787
3434 3433 0.0049787
561 3434 0.0014414
3433 3434 0.0014414
6459 3434 0.0014414
6462 3434 0.0014414
3436 3435 0.00179
3442 3435 0.00179
3443 3435 0.00179
4595 3435 0.00179
3435 3437 0.00063183
3438 3437 0.00063183
3571 3437 0.00063183
3574 3437 0.00063183
517 3439 0.00030925
595 3439 0.00030925
3437 3439 0.00030925
3440 3439 0.00030925
3436 3441 0.0051225
3442 3441 0.0051225
3443 3441 0.0051225
4595 3441 0.0051225
796 3442 0.00048222
2875 3442 0.00048222
3441 3442 0.00048222
3435 3573 0.0012521
3438 3573 0.0012521
3571 3573 0.0012521
3574 3573 0.0012521
3407 3574 0.00012112
3573 3574 0.00012112
3576 3574 0.00012112
3407 3575 0.0013116
3573 3575 0.0013116
3576 3575 0.0013116
3575 3576 0.00013526
3578 3576 0.00013526
4617 3576 0.00013526
3575 3577 0.00035767
3578 3577 0.00035767
4617 3577 0.00035767
795 3578 0.0016672
3577 3578 0.0016672
4598 3578 0.0016672
4615 3578 0.0016672
3425 3890 0.0058135
3430 3890 0.0058135
3891 3890 0.0058135
521 3891 0.00012361
3424 3891 0.00012361
3890 3891 0.00012361
3898 3899 0.00023894
5581 3899 0.00023894
5935 3899 0.00023894
3384 4382 0.0051011
4379 4382 0.0051011
4381 4382 0.0051011
6442 4382 0.0051011
797 4595 0.0065366
2876 4595 0.0065366
4596 4595 0.0065366
3436 4596 0.00017829
3442 4596 0.00017829
3443 4596 0.00017829
4595 4596 0.00017829
795 4597 0.0076516
3577 4597 0.0076516
4598 4597 0.0076516
4615 4597 0.0076516
4597 4598 0.001228
5250 4598 0.001228
5253 4598 0.001228
4611 4610 0.0009438
6455 4610 0.0009438
6458 4610 0.0009438
57 4611 0.00024023
60 4611 0.00024023
4610 4611 0.00024023
3376 4612 0.030051
3377 4612 0.030051
3389 4612 0.030051
4613 4612 0.030051
61 4613 0.0086438
4612 4613 0.0086438
6070 4613 0.0086438
3575 4616 0.0025029
3578 4616 0.0025029
4617 4616 0.0025029
225 4691 0.0003113
2186 4691 0.0003113
3371 4691 0.0003113
4692 4691 0.0003113
729 4693 0.0003113
4691 4693 0.0003113
4694 4693 0.0003113
986 4801 0.0013689
2895 4801 0.0013689
4802 4801 0.0013689
4597 5251 0.97881
5250 5251 0.97881
5253 5251 0.97881
734 5253 0.97242
2879 5253 0.97242
5252 5253 0.97242
738 5576 0.50988
2913 5576 0.50988
5577 5576 0.50988
5576 5578 0.00024154
5579 5578 0.00024154
1233 5581 0.00023995
5580 5581 0.00023995
5582 5581 0.00023995
5578 5582 0.00024038
5583 5582 0.00024038
5584 5582 0.00024038
221 6063 0.0037325
3390 6063 0.0037325
6064 6063 0.0037325
3378 6064 0.072361
3379 6064 0.072361
6063 6064 0.072361
69 6065 1.0032
3394 6065 1.0032
3395 6065 1.0032
6066 6065 1.0032
3380 6066 0.00018645
3387 6066 0.00018645
6065 6066 0.00018645
3382 6068 0.0062343
3383 6068 0.0062343
6067 6068 0.0062343
61 6069 0.030051
4612 6069 0.030051
6070 6069 0.030051
1111 6070 0.0086438
1476 6070 0.0086438
6069 6070 0.0086438
2903 6130 0.00025818
6129 6130 0.00025818
6132 6130 0.00025818
2905 6132 0.00025818
6131 6132 0.00025818
6134 6132 0.00025818
2907 6134 0.00024012
6133 6134 0.00024012
6136 6134 0.00024012
2909 6136 0.00023894
3899 6136 0.00023894
6135 6136 0.00023894
3385 6439 0.0051011
4382 6439 0.0051011
6437 6439 0.0051011
6440 6439 0.0051011
3384 6441 0.011697
4379 6441 0.011697
4381 6441 0.011697
6442 6441 0.011697
513 6442 0.00012493
6441 6442 0.00012493
514 6443 0.011697
6444 6443 0.011697
2877 6444 0.00012493
2882 6444 0.00012493
6443 6444 0.00012493
6446 6444 0.00012493
2877 6445 0.01775
2882 6445 0.01775
6443 6445 0.01775
6446 6445 0.01775
2883 6446 0.00094244
6445 6446 0.00094244
6448 6446 0.00094244
2883 6447 0.016963
6445 6447 0.016963
6448 6447 0.016963
523 6448 0.0010811
564 6448 0.0010811
6447 6448 0.0010811
3409 6451 0.00054839
3414 6451 0.00054839
6452 6451 0.00054839
4616 6453 0.0030286
6451 6453 0.0030286
6454 6453 0.0030286
3416 6455 0.0028605
3417 6455 0.0028605
6453 6455 0.0028605
6456 6455 0.0028605
4611 6457 0.0022059
6455 6457 0.0022059
6458 6457 0.0022059
6071 6459 0.0022059
6457 6459 0.0022059
6460 6459 0.0022059
561 6461 0.0057741
3433 6461 0.0057741
6459 6461 0.0057741
6462 6461 0.0057741
733 7126 0.0005152
7127 7126 0.0005152
727 7127 0.56099
731 7127 0.56099
7126 7127 0.56099
