86 85 0.00044428
89 85 0.00044428
6576 85 0.00044428
85 86 0.017379
3724 86 0.017379
3725 86 0.017379
88 87 0.00012323
90 87 0.00012323
773 87 0.00012323
6568 87 0.00012323
87 88 0.0015629
3728 88 0.0015629
3729 88 0.0015629
88 89 0.0011987
90 89 0.0011987
773 89 0.0011987
6568 89 0.0011987
86 90 0.00060931
89 90 0.00060931
6576 90 0.00060931
91 92 0.00046012
3732 92 0.00046012
3733 92 0.00046012
99 100 0.0004711
366 100 0.0004711
3737 100 0.0004711
101 102 0.00014583
367 102 0.00014583
3738 102 0.00014583
106 105 0.00099052
3357 105 0.00099052
105 106 0.00097661
4553 106 0.00097661
108 107 0.00165
396 107 0.00165
397 107 0.00165
107 108 0.0033956
390 108 0.0033956
391 108 0.0033956
112 111 0.016931
424 111 0.016931
425 111 0.016931
6552 111 0.016931
111 112 0.031045
387 112 0.031045
394 112 0.031045
114 113 0.019649
422 113 0.019649
423 113 0.019649
6550 113 0.019649
113 114 0.039001
384 114 0.039001
385 114 0.039001
116 115 0.019517
420 115 0.019517
421 115 0.019517
1584 115 0.019517
115 116 0.0059432
382 116 0.0059432
383 116 0.0059432
365 366 0.00064088
3722 366 0.00064088
3723 366 0.00064088
378 377 0.00013396
379 377 0.00013396
377 378 0.0012767
399 378 0.0012767
380 379 0.00013396
386 379 0.00013396
393 379 0.00013396
378 380 0.0012767
379 380 0.0012767
115 381 0.0010508
382 381 0.0010508
383 381 0.0010508
381 382 0.018212
400 382 0.018212
401 382 0.018212
413 382 0.018212
113 383 0.0024046
384 383 0.0024046
385 383 0.0024046
115 384 0.033139
382 384 0.033139
383 384 0.033139
380 385 0.013866
386 385 0.013866
393 385 0.013866
113 386 0.025249
384 386 0.025249
385 386 0.025249
388 387 0.014317
389 387 0.014317
3717 387 0.014317
6554 387 0.014317
111 388 0.012729
387 388 0.012729
394 388 0.012729
107 389 0.0016626
390 389 0.0016626
391 389 0.0016626
388 390 0.0045391
389 390 0.0045391
3717 390 0.0045391
6554 390 0.0045391
392 391 0.00042948
395 391 0.00042948
998 391 0.00042948
107 392 0.0015603
390 392 0.0015603
391 392 0.0015603
111 393 0.013179
387 393 0.013179
394 393 0.013179
380 394 0.025704
386 394 0.025704
393 394 0.025704
108 395 0.00042948
396 395 0.00042948
397 395 0.00042948
392 396 0.0015603
395 396 0.0015603
998 396 0.0015603
398 397 0.0017872
3718 397 0.0017872
3719 397 0.0017872
108 398 0.0046636
396 398 0.0046636
397 398 0.0046636
381 399 0.0012767
400 399 0.0012767
401 399 0.0012767
413 399 0.0012767
377 400 0.00013396
399 400 0.00013396
402 401 0.0077256
403 401 0.0077256
418 401 0.0077256
419 401 0.0077256
381 402 0.0032413
400 402 0.0032413
401 402 0.0032413
413 402 0.0032413
404 403 0.0022616
405 403 0.0022616
6570 403 0.0022616
6573 403 0.0022616
402 404 0.00037083
403 404 0.00037083
418 404 0.00037083
419 404 0.00037083
414 413 0.014086
415 413 0.014086
417 413 0.014086
381 414 0.00026636
400 414 0.00026636
401 414 0.00026636
413 414 0.00026636
416 415 0.056054
3096 415 0.056054
7148 415 0.056054
402 417 0.0017837
403 417 0.0017837
418 417 0.0017837
419 417 0.0017837
414 418 0.044008
415 418 0.044008
417 418 0.044008
116 419 0.0066179
420 419 0.0066179
421 419 0.0066179
1584 419 0.0066179
402 420 0.046248
403 420 0.046248
418 420 0.046248
419 420 0.046248
114 421 0.023379
422 421 0.023379
423 421 0.023379
6550 421 0.023379
116 422 0.057543
420 422 0.057543
421 422 0.057543
1584 422 0.057543
112 423 0.91688
424 423 0.91688
425 423 0.91688
6552 423 0.91688
114 424 0.0028469
422 424 0.0028469
423 424 0.0028469
6550 424 0.0028469
426 425 0.92206
3720 425 0.92206
3721 425 0.92206
4661 425 0.92206
112 426 0.00056519
424 426 0.00056519
425 426 0.00056519
6552 426 0.00056519
428 427 0.015752
429 427 0.015752
3089 427 0.015752
5680 427 0.015752
427 428 0.00032908
431 428 0.00032908
3097 428 0.00032908
2279 431 0.042812
5674 431 0.042812
7273 431 0.042812
427 432 0.011376
431 432 0.011376
3097 432 0.011376
6878 434 0.023258
548 547 0.019811
6226 547 0.019811
6227 547 0.019811
6230 547 0.019811
547 548 0.1368
2073 548 0.1368
7094 548 0.1368
774 773 0.00013735
775 773 0.00013735
88 774 0.0010077
90 774 0.0010077
773 774 0.0010077
6568 774 0.0010077
776 775 0.00013735
6574 775 0.00013735
774 776 0.0010077
775 776 0.0010077
948 950 0.0080578
951 950 0.0080578
6355 950 0.0080578
950 951 0.0096564
6352 951 0.0096564
6353 951 0.0096564
6356 951 0.0096564
995 994 0.042161
6359 994 0.042161
6360 994 0.042161
994 995 0.056891
997 995 0.056891
2076 995 0.056891
2077 995 0.056891
994 996 0.04962
997 996 0.04962
2076 996 0.04962
2077 996 0.04962
996 997 0.036
3119 997 0.036
4790 997 0.036
6237 997 0.036
434 1126 0.04103
5089 1126 0.04103
432 1127 0.011182
5692 1127 0.011182
6874 1128 0.00036605
5085 1129 0.0059312
5267 1129 0.0059312
1528 1530 0.16524
1531 1530 0.16524
3303 1530 0.16524
1530 1532 0.01877
1533 1532 0.01877
2850 1532 0.01877
1532 1533 0.00041538
2851 1533 0.00041538
3339 1533 0.00041538
1570 1572 0.00011231
1573 1572 0.00011231
3092 1572 0.00011231
408 1574 0.00011231
1575 1574 0.00011231
7224 1574 0.00011231
1574 1576 0.00027877
1577 1576 0.00027877
6571 1576 0.00027877
1576 1577 0.0022194
7149 1577 0.0022194
1578 1580 0.00044771
1581 1580 0.00044771
4558 1580 0.00044771
1580 1582 0.0021072
1583 1582 0.0021072
6572 1582 0.0021072
6575 1582 0.0021072
1582 1583 0.00065294
1585 1583 0.00065294
4524 1583 0.00065294
1582 1584 0.0092758
1585 1584 0.0092758
4524 1584 0.0092758
116 1585 0.0011685
420 1585 0.0011685
421 1585 0.0011685
1584 1585 0.0011685
1656 1655 0.00013831
5746 1655 0.00013831
5748 1655 0.00013831
2072 2071 0.04768
2074 2071 0.04768
2075 2071 0.04768
3906 2071 0.04768
2071 2072 0.03553
6238 2072 0.03553
6239 2072 0.03553
2072 2073 0.012826
2074 2073 0.012826
2075 2073 0.012826
3906 2073 0.012826
547 2074 0.45114
2073 2074 0.45114
7094 2074 0.45114
994 2075 0.017592
997 2075 0.017592
2076 2075 0.017592
2077 2075 0.017592
2072 2076 0.30809
2074 2076 0.30809
2075 2076 0.30809
3906 2076 0.30809
2078 2077 0.0092875
2358 2077 0.0092875
2361 2077 0.0092875
6371 2077 0.0092875
994 2078 0.27143
997 2078 0.27143
2076 2078 0.27143
2077 2078 0.27143
1126 2279 0.041013
2349 2348 0.00022914
5903 2348 0.00022914
5986 2348 0.00022914
7105 2348 0.00022914
2348 2349 1.003
5239 2349 1.003
5739 2349 1.003
2351 2350 0.00066353
4656 2350 0.00066353
7014 2350 0.00066353
7087 2350 0.00066353
2350 2351 0.0017896
5671 2351 0.0017896
5836 2351 0.0017896
2353 2352 0.0006042
3337 2352 0.0006042
2352 2353 0.0010156
2355 2353 0.0010156
5269 2353 0.0010156
2352 2354 0.0027592
2355 2354 0.0027592
5269 2354 0.0027592
2354 2355 0.31822
2357 2355 0.31822
2354 2356 0.00059731
2357 2356 0.00059731
2356 2357 0.32291
2359 2357 0.32291
6362 2357 0.32291
7160 2357 0.32291
2356 2358 0.019543
2359 2358 0.019543
6362 2358 0.019543
7160 2358 0.019543
2078 2359 0.17551
2358 2359 0.17551
2361 2359 0.17551
6371 2359 0.17551
2078 2360 0.031551
2358 2360 0.031551
2361 2360 0.031551
6371 2360 0.031551
2360 2361 0.037715
2363 2361 0.037715
3120 2361 0.037715
2360 2362 0.015369
2363 2362 0.015369
3120 2362 0.015369
2362 2363 0.0078602
2365 2363 0.0078602
6395 2363 0.0078602
2362 2364 0.0092994
2365 2364 0.0092994
6395 2364 0.0092994
2364 2365 0.003567
2367 2365 0.003567
6366 2365 0.003567
6367 2365 0.003567
2364 2366 0.004173
2367 2366 0.004173
6366 2366 0.004173
6367 2366 0.004173
2366 2367 0.0017077
7006 2367 0.0017077
7086 2367 0.0017077
1530 2849 0.15423
1533 2849 0.15423
2850 2849 0.15423
600 2850 0.0073577
2849 2850 0.0073577
3344 2850 0.0073577
3345 2850 0.0073577
3086 3085 0.016871
5668 3085 0.016871
5964 3085 0.016871
3085 3087 0.016739
3088 3087 0.016739
5398 3087 0.016739
3090 3089 0.015645
5675 3089 0.015645
5676 3089 0.015645
7150 3089 0.015645
428 3090 0.00031739
429 3090 0.00031739
3089 3090 0.00031739
5680 3090 0.00031739
1975 3092 0.00010473
3091 3092 0.00010473
5682 3092 0.00010473
5693 3092 0.00010473
1127 3096 0.057986
3095 3096 0.057986
3098 3096 0.057986
427 3098 0.04693
431 3098 0.04693
3097 3098 0.04693
3103 3105 0.00023366
3106 3105 0.00023366
5965 3105 0.00023366
3107 3109 0.0042593
3110 3109 0.0042593
3309 3109 0.0042593
3310 3109 0.0042593
3109 3110 0.0032404
3112 3110 0.0032404
3313 3110 0.0032404
3314 3110 0.0032404
3109 3111 0.0012083
3112 3111 0.0012083
3313 3111 0.0012083
3314 3111 0.0012083
3111 3112 0.0047848
3114 3112 0.0047848
6382 3112 0.0047848
6383 3112 0.0047848
3111 3113 0.001709
3114 3113 0.001709
6382 3113 0.001709
6383 3113 0.001709
3113 3114 0.0019009
3116 3114 0.0019009
6106 3114 0.0019009
3113 3115 0.0006761
3116 3115 0.0006761
6106 3115 0.0006761
3115 3116 0.00062161
5959 3116 0.00062161
6404 3116 0.00062161
3118 3117 0.00064151
6390 3117 0.00064151
6391 3117 0.00064151
3117 3118 0.00069981
5957 3118 0.00069981
6368 3118 0.00069981
6369 3118 0.00069981
2360 3119 0.02371
2363 3119 0.02371
3120 3119 0.02371
996 3120 0.037383
3119 3120 0.037383
4790 3120 0.037383
6237 3120 0.037383
3122 3121 0.0020635
5270 3121 0.0020635
6233 3121 0.0020635
3121 3122 0.00080457
3328 3122 0.00080457
3329 3122 0.00080457
3124 3123 0.0025313
3307 3123 0.0025313
3308 3123 0.0025313
3637 3123 0.0025313
3123 3124 0.051129
3126 3124 0.051129
3312 3124 0.051129
3123 3125 0.0021208
3126 3125 0.0021208
3312 3125 0.0021208
3125 3126 0.046123
3128 3126 0.046123
5949 3126 0.046123
3125 3127 0.0011051
3128 3127 0.0011051
5949 3127 0.0011051
3127 3128 0.03736
3130 3128 0.03736
6380 3128 0.03736
6381 3128 0.03736
3127 3129 0.00069673
3130 3129 0.00069673
6380 3129 0.00069673
6381 3129 0.00069673
3129 3130 0.012518
3132 3130 0.012518
6105 3130 0.012518
6108 3130 0.012518
3129 3131 0.00063681
3132 3131 0.00063681
6105 3131 0.00063681
6108 3131 0.00063681
3131 3132 0.0043807
3134 3132 0.0043807
6402 3132 0.0043807
6403 3132 0.0043807
3131 3133 0.00072489
3134 3133 0.00072489
6402 3133 0.00072489
6403 3133 0.00072489
3133 3134 0.0016133
5955 3134 0.0016133
6394 3134 0.0016133
3136 3135 0.0014305
3305 3135 0.0014305
3306 3135 0.0014305
3135 3136 0.017395
5948 3136 0.017395
5953 3136 0.017395
3138 3137 0.15978
5832 3137 0.15978
6422 3137 0.15978
3137 3138 0.00063393
3302 3138 0.00063393
3338 3138 0.00063393
3140 3139 0.012959
6372 3139 0.012959
6373 3139 0.012959
6407 3139 0.012959
3139 3140 0.0080627
3910 3140 0.0080627
6112 3140 0.0080627
3142 3141 0.0011727
6414 3141 0.0011727
6415 3141 0.0011727
3141 3142 0.01823
3144 3142 0.01823
4787 3142 0.01823
3141 3143 0.0050721
3144 3143 0.0050721
4787 3143 0.0050721
3143 3144 0.013303
3146 3144 0.013303
6374 3144 0.013303
6375 3144 0.013303
3143 3145 0.011313
3146 3145 0.011313
6374 3145 0.011313
6375 3145 0.011313
3145 3146 0.0062494
3148 3146 0.0062494
3911 3146 0.0062494
6109 3146 0.0062494
3145 3147 0.0039676
3148 3147 0.0039676
3911 3147 0.0039676
6109 3147 0.0039676
3147 3148 0.0034543
5951 3148 0.0034543
6398 3148 0.0034543
6399 3148 0.0034543
3137 3303 0.16524
3302 3303 0.16524
3338 3303 0.16524
3136 3304 0.0066484
3305 3304 0.0066484
3306 3304 0.0066484
3304 3305 0.029276
6420 3305 0.029276
6421 3305 0.029276
3124 3306 0.0047017
3307 3306 0.0047017
3308 3306 0.0047017
3637 3306 0.0047017
3136 3307 0.043293
3305 3307 0.043293
3306 3307 0.043293
3107 3308 0.0032404
3110 3308 0.0032404
3309 3308 0.0032404
3310 3308 0.0032404
3124 3309 0.0042593
3307 3309 0.0042593
3308 3309 0.0042593
3637 3309 0.0042593
3109 3312 0.006276
3112 3312 0.006276
3313 3312 0.006276
3314 3312 0.006276
3123 3313 0.0016805
3126 3313 0.0016805
3312 3313 0.0016805
3317 3316 0.040083
5238 3316 0.040083
7089 3316 0.040083
3316 3317 0.00012852
7005 3317 0.00012852
7008 3317 0.00012852
7088 3317 0.00012852
3319 3318 0.074655
5985 3318 0.074655
7093 3318 0.074655
7095 3318 0.074655
3318 3319 0.031726
6983 3319 0.031726
7092 3319 0.031726
3321 3320 0.0021083
3322 3320 0.0021083
7097 3320 0.0021083
3320 3321 0.31118
6977 3321 0.31118
7096 3321 0.31118
3323 3322 0.0013394
3324 3322 0.0013394
7103 3322 0.0013394
3321 3323 0.29711
3322 3323 0.29711
7097 3323 0.29711
3325 3324 0.00060164
3326 3324 0.00060164
7099 3324 0.00060164
3323 3325 0.34669
3324 3325 0.34669
7103 3325 0.34669
3325 3327 0.30987
3326 3327 0.30987
7099 3327 0.30987
2353 3328 0.0010847
3337 3328 0.0010847
3332 3331 0.0027855
3334 3331 0.0027855
3331 3332 0.0047002
5827 3332 0.0047002
5829 3332 0.0047002
3332 3333 0.0047002
3334 3333 0.0047002
3333 3334 0.0027855
3336 3334 0.0027855
6225 3334 0.0027855
3333 3335 0.024535
3336 3335 0.024535
6225 3335 0.024535
3335 3336 0.0085652
5823 3336 0.0085652
5831 3336 0.0085652
6967 3336 0.0085652
3137 3337 0.00067333
3302 3337 0.00067333
3338 3337 0.00067333
3343 3338 0.0067533
3639 3338 0.0067533
3962 3338 0.0067533
3340 3339 0.00041538
3342 3339 0.00041538
3960 3339 0.00041538
1532 3340 0.01877
2851 3340 0.01877
3339 3340 0.01877
3340 3341 0.01877
3342 3341 0.01877
3960 3341 0.01877
3341 3342 0.00041538
3346 3342 0.00041538
4684 3342 0.00041538
600 3343 0.0016855
2849 3343 0.0016855
3344 3343 0.0016855
3345 3343 0.0016855
3343 3344 0.77796
3639 3344 0.77796
3962 3344 0.77796
3341 3345 0.00019417
3346 3345 0.00019417
4684 3345 0.00019417
600 3346 0.92334
2849 3346 0.92334
3344 3346 0.92334
3345 3346 0.92334
73 3347 0.00034818
3348 3347 0.00034818
3349 3347 0.00034818
3347 3348 0.00034958
3354 3348 0.00034958
4683 3348 0.00034958
3350 3349 0.00034818
3351 3349 0.00034818
3363 3349 0.00034818
73 3350 0.00034958
3348 3350 0.00034958
3349 3350 0.00034958
3352 3351 0.00011698
3366 3351 0.00011698
3691 3351 0.00011698
3350 3352 0.00027782
3351 3352 0.00027782
3363 3352 0.00027782
3347 3353 0.9415
3354 3353 0.9415
4683 3353 0.9415
3356 3355 0.001958
4554 3355 0.001958
5855 3355 0.001958
3353 3356 0.001958
3355 3356 0.001958
7220 3356 0.001958
3358 3357 0.00099052
3360 3357 0.00099052
106 3358 0.00097661
3357 3358 0.00097661
3358 3359 0.00097661
3360 3359 0.00097661
3359 3360 0.00099052
5856 3360 0.00099052
5858 3360 0.00099052
3364 3363 0.00023675
3365 3363 0.00023675
3367 3363 0.00023675
3352 3365 0.0002047
3366 3365 0.0002047
3691 3365 0.0002047
3364 3366 0.00010857
3365 3366 0.00010857
3367 3366 0.00010857
3638 3637 0.0076218
3640 3637 0.0076218
5268 3637 0.0076218
3124 3638 0.093792
3307 3638 0.093792
3308 3638 0.093792
3637 3638 0.093792
3638 3639 0.77768
3640 3639 0.77768
5268 3639 0.77768
3343 3640 0.00016727
3639 3640 0.00016727
3962 3640 0.00016727
134 3707 0.00041948
3708 3707 0.00041948
3709 3707 0.00041948
3051 3709 0.00038658
3710 3709 0.00038658
3711 3709 0.00038658
2146 3711 0.00041927
3712 3711 0.00041927
4663 3711 0.00041927
7113 3711 0.00041927
398 3717 0.01646
3718 3717 0.01646
3719 3717 0.01646
388 3718 0.011996
389 3718 0.011996
3717 3718 0.011996
6554 3718 0.011996
426 3719 0.017606
3720 3719 0.017606
3721 3719 0.017606
4661 3719 0.017606
398 3720 0.016018
3718 3720 0.016018
3719 3720 0.016018
365 3721 0.00064102
3722 3721 0.00064102
3723 3721 0.00064102
426 3722 0.019052
3720 3722 0.019052
3721 3722 0.019052
4661 3722 0.019052
85 3723 0.0005971
3724 3723 0.0005971
3725 3723 0.0005971
365 3724 0.018448
3722 3724 0.018448
3723 3724 0.018448
3726 3725 0.00072465
3727 3725 0.00072465
4556 3725 0.00072465
85 3726 0.001641
3724 3726 0.001641
3725 3726 0.001641
87 3727 0.00027291
3728 3727 0.00027291
3729 3727 0.00027291
3726 3728 0.0016892
3727 3728 0.0016892
4556 3728 0.0016892
373 3729 0.00030898
3730 3729 0.00030898
3731 3729 0.00030898
87 3730 0.0002855
3728 3730 0.0002855
3729 3730 0.0002855
91 3731 0.00025158
3732 3731 0.00025158
3733 3731 0.00025158
373 3732 0.00028806
3730 3732 0.00028806
3731 3732 0.00028806
411 3733 0.00041176
3734 3733 0.00041176
3735 3733 0.00041176
1972 3735 0.00036747
3706 3735 0.00036747
3707 3735 0.00036747
3736 3735 0.00036747
99 3738 0.00017766
366 3738 0.00017766
3737 3738 0.00017766
4199 3791 0.00022687
5395 3791 0.00022687
5396 3792 0.00022688
5397 3792 0.00022688
3907 3906 0.028899
4019 3906 0.028899
6228 3906 0.028899
6358 3906 0.028899
2072 3907 0.16457
2074 3907 0.16457
2075 3907 0.16457
3906 3907 0.16457
3909 3908 0.00065219
6113 3908 0.00065219
6400 3908 0.00065219
6401 3908 0.00065219
3908 3909 0.00053605
6392 3909 0.00053605
6393 3909 0.00053605
3145 3910 0.0053748
3148 3910 0.0053748
3911 3910 0.0053748
6109 3910 0.0053748
3139 3911 0.0088425
3910 3911 0.0088425
6112 3911 0.0088425
4685 3962 0.0055138
5086 3962 0.0055138
1129 3964 0.0012973
3963 3964 0.0012973
4020 4019 0.00076378
6232 4019 0.00076378
6351 4019 0.00076378
3907 4020 0.18584
4019 4020 0.18584
6228 4020 0.18584
6358 4020 0.18584
1582 4523 0.00093884
1585 4523 0.00093884
4524 4523 0.00093884
4523 4524 0.0075919
4526 4524 0.0075919
6551 4524 0.0075919
4523 4525 0.00070274
4526 4525 0.00070274
6551 4525 0.00070274
4525 4526 0.039804
6553 4526 0.039804
6577 4526 0.039804
3356 4553 0.00097661
4554 4553 0.00097661
5855 4553 0.00097661
105 4554 0.00099052
4553 4554 0.00099052
100 4556 0.00057281
102 4556 0.00057281
4555 4556 0.00057281
92 4558 0.00044771
4557 4558 0.00044771
6569 4558 0.00044771
2351 4657 0.040105
4656 4657 0.040105
7014 4657 0.040105
7087 4657 0.040105
6736 4658 0.00022667
4660 4661 0.9415
7221 4661 0.9415
4662 4663 0.00041788
6739 4663 0.00041788
3341 4683 0.9415
3346 4683 0.9415
4684 4683 0.9415
4788 4787 0.0099179
6408 4787 0.0099179
6409 4787 0.0099179
3141 4788 0.0010918
3144 4788 0.0010918
4787 4788 0.0010918
996 4789 0.013357
3119 4789 0.013357
4790 4789 0.013357
6237 4789 0.013357
4789 4790 0.0087492
6240 4790 0.0087492
6365 4790 0.0087492
5064 5063 0.00022673
5240 5063 0.00022673
5087 5086 0.0055233
5271 5086 0.0055233
1129 5087 0.0046442
3963 5087 0.0046442
5090 5089 0.017772
5091 5090 0.017781
5838 5090 0.017781
1128 5091 0.0003769
5092 5091 0.0003769
3121 5237 0.0023437
3328 5237 0.0023437
3329 5237 0.0023437
2348 5238 0.00024381
5239 5238 0.00024381
5739 5238 0.00024381
3317 5239 0.0032186
5238 5239 0.0032186
7089 5239 0.0032186
5241 5240 0.0002243
5738 5240 0.0002243
7218 5240 0.0002243
3638 5267 0.0062875
3640 5267 0.0062875
5268 5267 0.0062875
3138 5268 0.69763
5832 5268 0.69763
6422 5268 0.69763
3122 5269 0.50038
5270 5269 0.50038
6233 5269 0.50038
2753 5270 0.31225
3327 5270 0.31225
5237 5270 0.31225
3964 5271 0.00087942
6738 5271 0.00087942
5063 5395 0.00022571
3791 5396 0.00015009
3105 5398 0.00010437
5399 5398 0.00010437
5963 5398 0.00010437
3085 5399 0.00023625
3088 5399 0.00023625
5398 5399 0.00023625
5666 5662 0.023046
5667 5662 0.023046
4658 5664 0.00021139
4657 5666 0.04012
5663 5666 0.04012
5665 5666 0.04012
5666 5668 0.017081
5667 5668 0.017081
2350 5670 0.0006673
5671 5670 0.0006673
5836 5670 0.0006673
5670 5671 0.0017925
6385 5671 0.0017925
7085 5671 0.0017925
3090 5674 0.0030949
5675 5674 0.0030949
5676 5674 0.0030949
7150 5674 0.0030949
2279 5675 0.0013482
5674 5675 0.0013482
7273 5675 0.0013482
5677 5676 0.00036163
5678 5676 0.00036163
5962 5676 0.00036163
3094 5680 0.00018709
5681 5680 0.00018709
5683 5680 0.00018709
1975 5683 0.00018709
3091 5683 0.00018709
5682 5683 0.00018709
5693 5683 0.00018709
432 5693 0.00025993
5692 5693 0.00025993
2348 5738 0.00022135
5239 5738 0.00022135
5739 5738 0.00022135
4213 5742 0.00010157
5743 5742 0.00010157
5744 5742 0.00010157
1655 5744 0.00011416
5745 5744 0.00011416
5901 5744 0.00011416
5904 5744 0.00011416
1658 5746 0.00013831
5747 5746 0.00013831
5907 5746 0.00013831
5984 5746 0.00013831
3335 5822 0.06039
5823 5822 0.06039
5831 5822 0.06039
6967 5822 0.06039
5822 5823 0.028529
6963 5823 0.028529
7102 5823 0.028529
7104 5823 0.028529
5825 5824 0.01383
5826 5824 0.01383
5830 5824 0.01383
5824 5825 0.052071
6964 5825 0.052071
7100 5825 0.052071
3331 5826 0.0027855
5827 5826 0.0027855
5829 5826 0.0027855
5825 5827 0.0047002
5826 5827 0.0047002
5830 5827 0.0047002
3335 5830 0.014536
5823 5830 0.014536
5831 5830 0.014536
6967 5830 0.014536
5825 5831 0.050862
5826 5831 0.050862
5830 5831 0.050862
2352 5832 0.81543
2355 5832 0.81543
5269 5832 0.81543
5837 5838 0.017407
6927 5838 0.017407
7069 5838 0.017407
7112 5838 0.017407
3359 5855 0.00097661
5856 5855 0.00097661
5858 5855 0.00097661
3356 5856 0.00099052
4554 5856 0.00099052
5855 5856 0.00099052
5899 5900 0.00015916
5902 5900 0.00015916
5910 5900 0.00015916
1655 5902 0.00017033
5745 5902 0.00017033
5901 5902 0.00017033
5904 5902 0.00017033
1655 5903 0.0002485
5745 5903 0.0002485
5901 5903 0.0002485
5904 5903 0.0002485
2349 5904 0.00030758
5903 5904 0.00030758
5986 5904 0.00030758
7105 5904 0.00030758
3125 5948 0.0025801
3128 5948 0.0025801
5949 5948 0.0025801
3135 5949 0.010328
5948 5949 0.010328
5953 5949 0.010328
3147 5950 0.0016675
5951 5950 0.0016675
6398 5950 0.0016675
6399 5950 0.0016675
5950 5951 0.0011651
6389 5951 0.0011651
6405 5951 0.0011651
3135 5952 0.00047078
5948 5952 0.00047078
5953 5952 0.00047078
5952 5953 0.024183
6378 5953 0.024183
6379 5953 0.024183
3133 5954 0.00093701
5955 5954 0.00093701
6394 5954 0.00093701
5954 5955 0.0011552
6370 5955 0.0011552
6388 5955 0.0011552
7111 5955 0.0011552
3117 5956 0.0020214
5957 5956 0.0020214
6368 5956 0.0020214
6369 5956 0.0020214
5956 5957 0.0009828
6386 5957 0.0009828
6387 5957 0.0009828
3105 5962 0.00034666
5399 5962 0.00034666
5963 5962 0.00034666
3086 5965 0.00024828
5668 5965 0.00024828
5964 5965 0.00024828
5897 5984 0.00014153
5900 5984 0.00014153
5983 5984 0.00014153
2349 5985 1.0029
5903 5985 1.0029
5986 5985 1.0029
7105 5985 1.0029
3319 5986 0.00022042
5985 5986 0.00022042
7093 5986 0.00022042
7095 5986 0.00022042
3113 6105 0.0016405
3116 6105 0.0016405
6106 6105 0.0016405
3129 6106 0.0018869
3132 6106 0.0018869
6105 6106 0.0018869
6108 6106 0.0018869
3129 6107 0.00023133
3132 6107 0.00023133
6105 6107 0.00023133
6108 6107 0.00023133
6107 6108 0.0085547
6110 6108 0.0085547
6114 6108 0.0085547
6107 6109 0.00034361
6110 6109 0.00034361
6114 6109 0.00034361
3145 6110 0.0083611
3148 6110 0.0083611
3911 6110 0.0083611
6109 6110 0.0083611
3139 6111 0.0060988
3910 6111 0.0060988
6112 6111 0.0060988
6111 6112 0.0046696
6396 6112 0.0046696
6397 6112 0.0046696
6406 6112 0.0046696
6107 6113 0.001073
6110 6113 0.001073
6114 6113 0.001073
3909 6114 0.0013788
6113 6114 0.0013788
6400 6114 0.0013788
6401 6114 0.0013788
548 6225 0.023342
6226 6225 0.023342
6227 6225 0.023342
6230 6225 0.023342
3333 6226 0.0092868
3336 6226 0.0092868
6225 6226 0.0092868
3907 6227 0.0050817
4019 6227 0.0050817
6228 6227 0.0050817
6358 6227 0.0050817
548 6228 0.21669
6226 6228 0.21669
6227 6228 0.21669
6230 6228 0.21669
548 6229 0.017213
6226 6229 0.017213
6227 6229 0.017213
6230 6229 0.017213
6229 6230 0.12589
6979 6230 0.12589
7063 6230 0.12589
4020 6231 0.18849
6232 6231 0.18849
6351 6231 0.18849
6231 6232 0.00069207
6234 6232 0.00069207
6354 6232 0.00069207
6231 6233 0.19058
6234 6233 0.19058
6354 6233 0.19058
3122 6234 0.0011926
5270 6234 0.0011926
6233 6234 0.0011926
2071 6237 0.036446
6238 6237 0.036446
6239 6237 0.036446
996 6238 0.031786
3119 6238 0.031786
4790 6238 0.031786
6237 6238 0.031786
4789 6239 0.007978
6240 6239 0.007978
6365 6239 0.007978
2071 6240 0.015467
6238 6240 0.015467
6239 6240 0.015467
950 6351 0.015157
6352 6351 0.015157
6353 6351 0.015157
6356 6351 0.015157
4020 6352 0.012443
6232 6352 0.012443
6351 6352 0.012443
2354 6353 0.006858
2357 6353 0.006858
948 6354 0.0096564
951 6354 0.0096564
6355 6354 0.0096564
6231 6355 0.0080578
6234 6355 0.0080578
6354 6355 0.0080578
6357 6356 0.0097634
6361 6356 0.0097634
950 6357 0.012309
6352 6357 0.012309
6353 6357 0.012309
6356 6357 0.012309
995 6358 0.01056
6359 6358 0.01056
6360 6358 0.01056
3907 6359 0.17276
4019 6359 0.17276
6228 6359 0.17276
6358 6359 0.17276
6357 6360 0.0037155
6361 6360 0.0037155
995 6361 0.18065
6359 6361 0.18065
6360 6361 0.18065
6357 6362 0.17948
6361 6362 0.17948
6364 6363 0.0024141
6410 6363 0.0024141
6411 6363 0.0024141
6363 6364 0.015542
6943 6364 0.015542
7165 6364 0.015542
2364 6365 0.0036083
2367 6365 0.0036083
6366 6365 0.0036083
6367 6365 0.0036083
4789 6366 0.015705
6240 6366 0.015705
6365 6366 0.015705
3117 6367 0.00016217
5957 6367 0.00016217
6368 6367 0.00016217
6369 6367 0.00016217
2364 6368 0.015526
2367 6368 0.015526
6366 6368 0.015526
6367 6368 0.015526
3117 6370 0.014348
5957 6370 0.014348
6368 6370 0.014348
6369 6370 0.014348
3140 6371 0.0073396
6372 6371 0.0073396
6373 6371 0.0073396
6407 6371 0.0073396
2078 6372 0.11968
2358 6372 0.11968
2361 6372 0.11968
6371 6372 0.11968
3143 6373 0.0022377
3146 6373 0.0022377
6374 6373 0.0022377
6375 6373 0.0022377
3140 6374 0.097848
6372 6374 0.097848
6373 6374 0.097848
6407 6374 0.097848
6376 6375 0.000641
6377 6375 0.000641
6417 6375 0.000641
3143 6376 0.082957
3146 6376 0.082957
6374 6376 0.082957
6375 6376 0.082957
5952 6377 0.00064094
6378 6377 0.00064094
6379 6377 0.00064094
6376 6378 0.052171
6377 6378 0.052171
6417 6378 0.052171
3127 6379 0.0016489
3130 6379 0.0016489
6380 6379 0.0016489
6381 6379 0.0016489
5952 6380 0.029468
6378 6380 0.029468
6379 6380 0.029468
3111 6381 0.0015983
3114 6381 0.0015983
6382 6381 0.0015983
6383 6381 0.0015983
3127 6382 0.0049829
3130 6382 0.0049829
6380 6382 0.0049829
6381 6382 0.0049829
5956 6385 0.00036034
6386 6385 0.00036034
6387 6385 0.00036034
5670 6386 0.0026762
6385 6386 0.0026762
7085 6386 0.0026762
5954 6387 0.00055986
6370 6387 0.00055986
6388 6387 0.00055986
7111 6387 0.00055986
5956 6388 0.0039144
6386 6388 0.0039144
6387 6388 0.0039144
3118 6389 0.00054705
6390 6389 0.00054705
6391 6389 0.00054705
5950 6390 0.0010428
6389 6390 0.0010428
6405 6390 0.0010428
3908 6391 0.00041484
6392 6391 0.00041484
6393 6391 0.00041484
3118 6392 0.00096888
6390 6392 0.00096888
6391 6392 0.00096888
3133 6393 0.00025019
5955 6393 0.00025019
6394 6393 0.00025019
3908 6394 0.00092037
6392 6394 0.00092037
6393 6394 0.00092037
6111 6395 0.0054717
6396 6395 0.0054717
6397 6395 0.0054717
6406 6395 0.0054717
2362 6396 0.007248
2365 6396 0.007248
6395 6396 0.007248
3147 6397 0.0024698
5951 6397 0.0024698
6398 6397 0.0024698
6399 6397 0.0024698
6111 6398 0.005682
6396 6398 0.005682
6397 6398 0.005682
6406 6398 0.005682
3909 6399 0.0006592
6113 6399 0.0006592
6400 6399 0.0006592
6401 6399 0.0006592
3147 6400 0.0038822
5951 6400 0.0038822
6398 6400 0.0038822
6399 6400 0.0038822
3131 6401 0.00035284
3134 6401 0.00035284
6402 6401 0.00035284
6403 6401 0.00035284
3909 6402 0.0031538
6113 6402 0.0031538
6400 6402 0.0031538
6401 6402 0.0031538
3115 6403 0.0006761
5959 6403 0.0006761
6404 6403 0.0006761
3131 6404 0.00062161
3134 6404 0.00062161
6402 6404 0.00062161
6403 6404 0.00062161
6111 6405 0.0011968
6396 6405 0.0011968
6397 6405 0.0011968
6406 6405 0.0011968
5950 6406 0.0012035
6389 6406 0.0012035
6405 6406 0.0012035
4788 6407 0.006571
6408 6407 0.006571
6409 6407 0.006571
3140 6408 0.018402
6372 6408 0.018402
6373 6408 0.018402
6407 6408 0.018402
6364 6409 0.0084346
6410 6409 0.0084346
6411 6409 0.0084346
4788 6410 0.01144
6408 6410 0.01144
6409 6410 0.01144
5834 6411 0.00014806
6412 6411 0.00014806
6413 6411 0.00014806
6364 6412 0.016282
6410 6412 0.016282
6411 6412 0.016282
3142 6413 0.00014806
6414 6413 0.00014806
6415 6413 0.00014806
5834 6414 0.016282
6412 6414 0.016282
6413 6414 0.016282
6416 6415 0.00019615
6418 6415 0.00019615
6419 6415 0.00019615
3142 6416 0.033386
6414 6416 0.033386
6415 6416 0.033386
6416 6417 0.0015938
6418 6417 0.0015938
6419 6417 0.0015938
6376 6418 0.03238
6377 6418 0.03238
6417 6418 0.03238
3304 6419 0.00063288
6420 6419 0.00063288
6421 6419 0.00063288
6416 6420 0.064609
6418 6420 0.064609
6419 6420 0.064609
3138 6421 0.015804
5832 6421 0.015804
6422 6421 0.015804
3304 6422 0.057153
6420 6422 0.057153
6421 6422 0.057153
4523 6550 0.035665
4526 6550 0.035665
6551 6550 0.035665
114 6551 0.0032172
422 6551 0.0032172
423 6551 0.0032172
6550 6551 0.0032172
4525 6552 0.0063778
6553 6552 0.0063778
6577 6552 0.0063778
112 6553 0.027955
424 6553 0.027955
425 6553 0.027955
6552 6553 0.027955
92 6568 0.00025517
4557 6568 0.00025517
6569 6568 0.00025517
88 6569 0.0002352
90 6569 0.0002352
773 6569 0.0002352
6568 6569 0.0002352
1574 6570 0.0022786
1577 6570 0.0022786
6571 6570 0.0022786
404 6571 0.00023149
405 6571 0.00023149
6570 6571 0.00023149
6573 6571 0.00023149
404 6572 0.0010921
405 6572 0.0010921
6570 6572 0.0010921
6573 6572 0.0010921
1580 6573 0.0009358
1583 6573 0.0009358
6572 6573 0.0009358
6575 6573 0.0009358
1580 6574 0.00013735
1583 6574 0.00013735
6572 6574 0.00013735
6575 6574 0.00013735
776 6575 0.0010077
6574 6575 0.0010077
4525 6576 0.00059907
6553 6576 0.00059907
6577 6576 0.00059907
86 6577 0.018123
89 6577 0.018123
6576 6577 0.018123
6879 6736 0.00022667
3964 6739 0.00041788
6738 6739 0.00041788
5085 6873 0.00036605
5267 6873 0.00036605
6873 6874 0.00036605
5662 6878 0.023258
5664 6878 0.023258
3792 6879 0.00022667
6939 6938 0.0097006
7067 6938 0.0097006
7163 6938 0.0097006
7164 6938 0.0097006
6938 6939 0.0057048
6941 6939 0.0057048
6949 6939 0.0057048
6938 6940 0.0013541
6941 6940 0.0013541
6949 6940 0.0013541
6940 6941 0.0078458
6942 6941 0.0078458
6945 6941 0.0078458
6947 6941 0.0078458
6363 6942 0.0078458
6943 6942 0.0078458
7165 6942 0.0078458
6940 6943 0.0013541
6942 6943 0.0013541
6945 6943 0.0013541
6947 6943 0.0013541
6938 6948 0.012446
6941 6948 0.012446
6949 6948 0.012446
6948 6949 0.0019581
6950 6949 0.0019581
6953 6949 0.0019581
6948 6952 0.012446
6950 6952 0.012446
6953 6952 0.012446
6952 6953 0.0019581
7161 6953 0.0019581
7162 6953 0.0019581
5824 6963 0.049347
6964 6963 0.049347
7100 6963 0.049347
5822 6964 0.051326
6963 6964 0.051326
7102 6964 0.051326
7104 6964 0.051326
6965 6967 0.0054938
6968 6967 0.0054938
7101 6967 0.0054938
3335 6968 0.025929
5823 6968 0.025929
5831 6968 0.025929
6967 6968 0.025929
6969 6971 0.075912
6972 6971 0.075912
6975 6971 0.075912
7066 6971 0.075912
6971 6972 0.033681
6974 6972 0.033681
7064 6972 0.033681
6971 6973 0.08449
6974 6973 0.08449
7064 6973 0.08449
6973 6974 0.068099
6976 6974 0.068099
6978 6974 0.068099
6973 6975 0.13803
6976 6975 0.13803
6978 6975 0.13803
6969 6976 0.026259
6972 6976 0.026259
6975 6976 0.026259
7066 6976 0.026259
6973 6977 0.063998
6976 6977 0.063998
6978 6977 0.063998
3320 6978 0.15938
6977 6978 0.15938
7096 6978 0.15938
6980 6979 0.10801
7065 6979 0.10801
7098 6979 0.10801
6229 6980 0.025177
6979 6980 0.025177
7063 6980 0.025177
6982 6981 0.016688
6984 6981 0.016688
6986 6981 0.016688
6981 6982 0.0031291
6990 6982 0.0031291
6982 6983 0.01101
6984 6983 0.01101
6986 6983 0.01101
3318 6984 0.032027
6983 6984 0.032027
7092 6984 0.032027
6982 6985 0.019733
6984 6985 0.019733
6986 6985 0.019733
6985 6986 0.012275
6988 6986 0.012275
6989 6986 0.012275
6985 6987 0.028467
6988 6987 0.028467
6989 6987 0.028467
6987 6988 0.0074497
6992 6988 0.0074497
6994 6988 0.0074497
6981 6989 0.016688
6990 6989 0.016688
6985 6990 0.0031291
6988 6990 0.0031291
6989 6990 0.0031291
6987 6991 0.022209
6992 6991 0.022209
6994 6991 0.022209
6991 6992 0.0024558
6995 6992 0.0024558
7000 6992 0.0024558
6987 6993 0.015332
6992 6993 0.015332
6994 6993 0.015332
6993 6994 0.014068
6996 6994 0.014068
6998 6994 0.014068
7001 6994 0.014068
6993 6995 0.0058903
6996 6995 0.0058903
6998 6995 0.0058903
7001 6995 0.0058903
6991 6996 0.019153
6995 6996 0.019153
7000 6996 0.019153
6993 6997 0.028723
6996 6997 0.028723
6998 6997 0.028723
7001 6997 0.028723
6997 6998 0.0077054
7090 6998 0.0077054
7091 6998 0.0077054
6991 6999 0.0076393
6995 6999 0.0076393
7000 6999 0.0076393
6999 7000 0.0011492
7002 7000 0.0011492
7004 7000 0.0011492
6999 7001 0.0076393
7002 7001 0.0076393
7004 7001 0.0076393
6993 7002 0.0011492
6996 7002 0.0011492
6998 7002 0.0011492
7001 7002 0.0011492
2366 7005 0.0011462
7006 7005 0.0011462
7086 7005 0.0011462
3316 7006 0.0021221
7005 7006 0.0021221
7008 7006 0.0021221
7088 7006 0.0021221
6971 7063 0.072537
6974 7063 0.072537
7064 7063 0.072537
6229 7064 0.046697
6979 7064 0.046697
7063 7064 0.046697
6969 7065 0.097188
6972 7065 0.097188
6975 7065 0.097188
7066 7065 0.097188
6980 7066 0.027649
7065 7066 0.027649
7098 7066 0.027649
2366 7085 0.004007
7006 7085 0.004007
7086 7085 0.004007
5670 7086 0.00056591
6385 7086 0.00056591
7085 7086 0.00056591
3316 7087 0.039106
7005 7087 0.039106
7008 7087 0.039106
7088 7087 0.039106
2351 7088 0.00012736
4656 7088 0.00012736
7014 7088 0.00012736
7087 7088 0.00012736
6997 7089 0.043074
7090 7089 0.043074
7091 7089 0.043074
3317 7090 0.00014462
5238 7090 0.00014462
7089 7090 0.00014462
3318 7091 0.047271
6983 7091 0.047271
7092 7091 0.047271
6997 7092 0.025359
7090 7092 0.025359
7091 7092 0.025359
547 7093 0.017724
2073 7093 0.017724
7094 7093 0.017724
3319 7094 0.57302
5985 7094 0.57302
7093 7094 0.57302
7095 7094 0.57302
3320 7095 0.0090395
6977 7095 0.0090395
7096 7095 0.0090395
3319 7096 0.41349
5985 7096 0.41349
7093 7096 0.41349
7095 7096 0.41349
6980 7097 0.06091
7065 7097 0.06091
7098 7097 0.06091
3321 7098 0.074209
3322 7098 0.074209
7097 7098 0.074209
5824 7099 0.041603
6964 7099 0.041603
7100 7099 0.041603
3325 7100 0.077866
3326 7100 0.077866
7099 7100 0.077866
5822 7101 0.0054938
6963 7101 0.0054938
7102 7101 0.0054938
7104 7101 0.0054938
6965 7102 0.025929
6968 7102 0.025929
7101 7102 0.025929
5822 7103 0.092562
6963 7103 0.092562
7102 7103 0.092562
7104 7103 0.092562
3323 7104 0.042244
3324 7104 0.042244
7103 7104 0.042244
5954 7112 0.017407
6370 7112 0.017407
6388 7112 0.017407
7111 7112 0.017407
1576 7148 0.00027877
7149 7148 0.00027877
416 7149 0.0022194
3096 7149 0.0022194
7148 7149 0.0022194
3087 7150 0.016739
7151 7150 0.016739
6952 7160 0.015396
7161 7160 0.015396
7162 7160 0.015396
2356 7161 0.028524
2359 7161 0.028524
6362 7161 0.028524
7160 7161 0.028524
6939 7162 0.006192
7067 7162 0.006192
7163 7162 0.006192
7164 7162 0.006192
6952 7163 0.029808
7161 7163 0.029808
7162 7163 0.029808
6363 7164 0.0028503
6943 7164 0.0028503
7165 7164 0.0028503
6939 7165 0.02247
7067 7165 0.02247
7163 7165 0.02247
7164 7165 0.02247
3353 7221 0.9415
3355 7221 0.9415
7220 7221 0.9415
1572 7222 0.00011231
7223 7222 0.00011231
7222 7224 0.00011231
7225 7224 0.00011231
