428 427 0.025281
429 427 0.025281
3089 427 0.025281
5680 427 0.025281
427 428 0.03299
431 428 0.03299
3097 428 0.03299
2279 431 0.96197
5674 431 0.96197
7273 431 0.96197
427 432 0.95665
431 432 0.95665
3097 432 0.95665
6878 434 0.97533
434 1126 0.97565
5089 1126 0.97565
432 1127 0.0071794
5692 1127 0.0071794
1572 1573 0.0037833
7223 1573 0.0037833
1574 1575 0.0037833
1577 1575 0.0037833
6571 1575 0.0037833
1576 1577 0.0037389
7149 1577 0.0037389
1126 2279 0.97544
3086 3085 0.024342
5668 3085 0.024342
5964 3085 0.024342
3085 3087 0.024233
3088 3087 0.024233
5398 3087 0.024233
3090 3089 0.046141
5675 3089 0.046141
5676 3089 0.046141
7150 3089 0.046141
428 3090 0.0071066
429 3090 0.0071066
3089 3090 0.0071066
5680 3090 0.0071066
1570 3091 0.0037981
1573 3091 0.0037981
3092 3091 0.0037981
1127 3096 0.0038006
3095 3096 0.0038006
3098 3096 0.0038006
1127 3097 0.0059369
3095 3097 0.0059369
3098 3097 0.0059369
427 3098 0.0035424
431 3098 0.0035424
3097 3098 0.0035424
3103 3105 0.00034678
3106 3105 0.00034678
5965 3105 0.00034678
3317 3316 0.00042888
5238 3316 0.00042888
7089 3316 0.00042888
4199 3791 0.00028899
5395 3791 0.00028899
5396 3792 1.0003
5397 3792 1.0003
3790 3795 1
3794 3795 1
7083 3795 1
2351 4657 0.0004168
4656 4657 0.0004168
7014 4657 0.0004168
7087 4657 0.0004168
6736 4658 0.99957
5064 5063 0.00028899
5240 5063 0.00028899
4659 5064 0.00072029
5065 5064 0.00072029
3792 5065 0.00072008
5090 5089 0.00031711
5091 5090 0.00031722
5838 5090 0.00031722
1128 5091 0.00024866
5092 5091 0.00024866
5093 5092 0.00024854
5088 5093 0.00024965
5094 5093 0.00024965
1126 5094 0.00020977
2348 5238 0.00042555
5239 5238 0.00042555
5739 5238 0.00042555
5064 5241 0.00043136
5240 5241 0.00043136
5390 5389 0.00034929
5877 5389 0.00034929
5992 5389 0.00034929
1512 5392 0.00034929
5391 5392 0.00034929
5876 5392 0.00034929
5063 5395 0.0002877
3791 5396 0.00019118
3793 5397 1.0001
5993 5397 1.0001
7115 5397 1.0001
3105 5398 0.00024503
5399 5398 0.00024503
5963 5398 0.00024503
3085 5399 0.000361
3088 5399 0.000361
5398 5399 0.000361
5666 5662 0.039125
5667 5662 0.039125
4658 5663 0.063362
4658 5664 0.93621
4657 5666 0.063725
5663 5666 0.063725
5665 5666 0.063725
5666 5668 0.024647
5667 5668 0.024647
3090 5674 0.011857
5675 5674 0.011857
5676 5674 0.011857
7150 5674 0.011857
2279 5675 0.026292
5674 5675 0.026292
7273 5675 0.026292
5677 5676 0.00054956
5678 5676 0.00054956
5962 5676 0.00054956
3090 5677 0.00013631
5675 5677 0.00013631
5676 5677 0.00013631
7150 5677 0.00013631
3094 5680 0.0015986
5681 5680 0.0015986
5683 5680 0.0015986
428 5681 0.048342
429 5681 0.048342
3089 5681 0.048342
5680 5681 0.048342
3094 5682 0.048347
5681 5682 0.048347
5683 5682 0.048347
1975 5683 0.0015993
3091 5683 0.0015993
5682 5683 0.0015993
5693 5683 0.0015993
432 5693 0.94949
5692 5693 0.94949
5241 5739 0.00043108
5738 5739 0.00043108
7218 5739 0.00043108
5389 5876 0.00034929
5875 5876 0.00034929
5994 5876 0.00034929
3105 5962 0.00052697
5399 5962 0.00052697
5963 5962 0.00052697
5677 5963 0.00013494
5678 5963 0.00013494
5962 5963 0.00013494
3086 5965 0.00036814
5668 5965 0.00036814
5964 5965 0.00036814
5392 5992 0.00034929
5393 5992 0.00034929
5991 5992 0.00034929
5389 5993 0.00039394
5875 5993 0.00039394
5994 5993 0.00039394
3793 5994 0.00039391
5993 5994 0.00039391
7115 5994 0.00039391
6879 6736 0.99957
5662 6878 0.97533
5664 6878 0.97533
3792 6879 0.99957
6895 7083 1
7017 7083 1
7084 7083 1
3316 7087 0.00041373
7005 7087 0.00041373
7008 7087 0.00041373
7088 7087 0.00041373
3795 7115 1
416 7149 0.0037389
3096 7149 0.0037389
7148 7149 0.0037389
3087 7150 0.024233
7151 7150 0.024233
7222 7223 0.0037833
7225 7223 0.0037833
408 7225 0.0037833
1575 7225 0.0037833
7224 7225 0.0037833
7272 7273 0.00099802
7274 7273 0.00099802
1127 7274 0.0010024
3095 7274 0.0010024
3098 7274 0.0010024
