118 117 0.038183
3219 117 0.038183
5730 117 0.038183
117 118 0.00037677
6612 118 0.00037677
6615 118 0.00037677
428 427 0.0017086
429 427 0.0017086
3089 427 0.0017086
5680 427 0.0017086
2279 431 0.00010604
5674 431 0.00010604
7273 431 0.00010604
427 432 0.0022555
431 432 0.0022555
3097 432 0.0022555
432 1127 0.00060794
5692 1127 0.00060794
1538 1540 0.010819
1541 1540 0.010819
1543 1540 0.010819
5703 1540 0.010819
1540 1541 0.001695
4516 1541 0.001695
5699 1541 0.001695
6610 1541 0.001695
1538 1542 0.28879
1541 1542 0.28879
1543 1542 0.28879
5703 1542 0.28879
1688 1687 0.03067
4517 1687 0.03067
6605 1687 0.03067
1687 1688 0.0066412
3196 1688 0.0066412
3199 1688 0.0066412
1690 1689 0.031972
4742 1689 0.031972
4743 1689 0.031972
1689 1690 0.0026194
3197 1690 0.0026194
4729 1690 0.0026194
1691 1693 0.021805
1694 1693 0.021805
3194 1693 0.021805
1693 1694 0.00030267
5702 1694 0.00030267
5705 1694 0.00030267
1724 1723 0.0052217
3608 1723 0.0052217
4753 1723 0.0052217
1723 1724 0.0022263
4749 1724 0.0022263
5714 1724 0.0022263
1726 1725 0.035244
3601 1725 0.035244
3604 1725 0.035244
1725 1726 0.014044
1728 1726 0.014044
5712 1726 0.014044
5715 1726 0.014044
1725 1727 0.007356
1728 1727 0.007356
5712 1727 0.007356
5715 1727 0.007356
1727 1728 0.0013611
1730 1728 0.0013611
4758 1728 0.0013611
1727 1729 0.0034501
1730 1729 0.0034501
4758 1729 0.0034501
1729 1730 0.00038021
4756 1730 0.00038021
6076 1730 0.00038021
1976 1975 0.71121
6155 1975 0.71121
6617 1975 0.71121
2122 2438 1
2439 2438 1
6710 2438 1
2441 2440 0.78793
3600 2440 0.78793
6596 2440 0.78793
6712 2440 0.78793
2440 2441 0.0024226
2443 2441 0.0024226
5710 2441 0.0024226
5713 2441 0.0024226
2440 2442 0.53877
2443 2442 0.53877
5710 2442 0.53877
5713 2442 0.53877
2442 2443 0.004321
2445 2443 0.004321
5720 2443 0.004321
2442 2444 0.50522
2445 2444 0.50522
5720 2444 0.50522
2746 2745 0.072452
5708 2745 0.072452
5711 2745 0.072452
6604 2745 0.072452
2745 2746 0.017366
2748 2746 0.017366
4735 2746 0.017366
2745 2747 0.045737
2748 2747 0.045737
4735 2747 0.045737
2747 2748 0.01118
3217 2748 0.01118
4733 2748 0.01118
1542 2808 0.28879
2809 2808 0.28879
2866 2865 0.0016346
3609 2865 0.0016346
4755 2865 0.0016346
2865 2866 0.00060214
6077 2866 0.00060214
6080 2866 0.00060214
1570 3091 0.00011697
1573 3091 0.00011697
3092 3091 0.00011697
3093 3094 0.28879
5684 3094 0.28879
1127 3097 0.0005051
3095 3097 0.0005051
3098 3097 0.0005051
3160 3159 0.00046567
4764 3159 0.00046567
4765 3159 0.00046567
3159 3160 0.0014501
4760 3160 0.0014501
4761 3160 0.0014501
3195 3194 0.021805
4521 3194 0.021805
6601 3194 0.021805
1691 3195 0.00030267
1694 3195 0.00030267
3194 3195 0.00030267
1689 3196 0.015584
3197 3196 0.015584
4729 3196 0.015584
1687 3197 0.0073558
3196 3197 0.0073558
3199 3197 0.0073558
1687 3198 0.036588
3196 3198 0.036588
3199 3198 0.036588
3198 3199 0.004331
4720 3199 0.004331
4721 3199 0.004331
3215 3214 0.20361
5729 3214 0.20361
6614 3214 0.20361
3214 3215 0.00033972
6156 3215 0.00033972
7264 3215 0.00033972
2747 3216 0.028549
3217 3216 0.028549
4733 3216 0.028549
3216 3217 0.013633
5721 3217 0.013633
5722 3217 0.013633
118 3218 0.039387
3219 3218 0.039387
5730 3218 0.039387
3218 3219 0.010633
5727 3219 0.010633
5728 3219 0.010633
3221 3220 0.00016978
6081 3220 0.00016978
6213 3220 0.00016978
6592 3220 0.00016978
2136 3221 0.00026867
2853 3221 0.00026867
3220 3221 0.00026867
6166 3221 0.00026867
3223 3222 0.001771
3605 3222 0.001771
4740 3222 0.001771
3222 3223 0.002211
4750 3223 0.002211
4751 3223 0.002211
3225 3224 0.0010005
4774 3224 0.0010005
4775 3224 0.0010005
3224 3225 0.00053907
3949 3225 0.00053907
6091 3225 0.00053907
3227 3226 0.00037633
4776 3226 0.00037633
4777 3226 0.00037633
3226 3227 0.00016183
6089 3227 0.00016183
6092 3227 0.00016183
3229 3228 0.00010178
4778 3228 0.00010178
4779 3228 0.00010178
2441 3599 0.039755
3600 3599 0.039755
6596 3599 0.039755
6712 3599 0.039755
3599 3600 0.019153
3602 3600 0.019153
4759 3600 0.019153
3599 3601 0.038385
3602 3601 0.038385
4759 3601 0.038385
1726 3602 0.017191
3601 3602 0.017191
3604 3602 0.017191
1726 3603 0.0055521
3601 3603 0.0055521
3604 3603 0.0055521
3603 3604 0.0055578
3606 3604 0.0055578
3948 3604 0.0055578
3603 3605 0.004443
3606 3605 0.004443
3948 3605 0.004443
3223 3606 0.0042615
3605 3606 0.0042615
4740 3606 0.0042615
1724 3607 0.0014878
3608 3607 0.0014878
4753 3607 0.0014878
3607 3608 0.0047322
3610 3608 0.0047322
4757 3608 0.0047322
3607 3609 0.0014324
3610 3609 0.0014324
4757 3609 0.0014324
2866 3610 0.0017518
3609 3610 0.0017518
4755 3610 0.0017518
3224 3948 0.0015413
3949 3948 0.0015413
6091 3948 0.0015413
3603 3949 0.0013541
3606 3949 0.0013541
3948 3949 0.0013541
3951 3950 0.0029903
6079 3950 0.0029903
6082 3950 0.0029903
3950 3951 0.00013303
6164 3951 0.00013303
6165 3951 0.00013303
1540 4515 0.010642
4516 4515 0.010642
5699 4515 0.010642
6610 4515 0.010642
4515 4516 0.001518
5700 4516 0.001518
6613 4516 0.001518
4518 4517 0.10307
4741 4517 0.10307
6597 4517 0.10307
6602 4517 0.10307
1688 4518 0.0035111
4517 4518 0.0035111
6605 4518 0.0035111
4519 4520 0.0079464
6603 4520 0.0079464
4522 4521 0.055709
4732 4521 0.055709
6598 4521 0.055709
3195 4522 0.00022104
4521 4522 0.00022104
6601 4522 0.00022104
4714 4713 0.085016
4715 4713 0.085016
4734 4713 0.085016
4713 4714 0.0016108
5725 4714 0.0016108
5726 4714 0.0016108
4716 4715 0.069247
4717 4715 0.069247
4736 4715 0.069247
4714 4716 0.0054827
4715 4716 0.0054827
4734 4716 0.0054827
4718 4717 0.063063
4719 4717 0.063063
5706 4717 0.063063
5709 4717 0.063063
4716 4718 0.019827
4717 4718 0.019827
4736 4718 0.019827
3198 4719 0.068484
4720 4719 0.068484
4721 4719 0.068484
4718 4720 0.0056175
4719 4720 0.0056175
5706 4720 0.0056175
5709 4720 0.0056175
4722 4721 0.038488
4723 4721 0.038488
4730 4721 0.038488
4731 4721 0.038488
3198 4722 0.0078788
4720 4722 0.0078788
4721 4722 0.0078788
4724 4723 0.035485
4725 4723 0.035485
4744 4723 0.035485
4745 4723 0.035485
4722 4724 0.0032977
4723 4724 0.0032977
4730 4724 0.0032977
4731 4724 0.0032977
4520 4725 0.0047106
4726 4725 0.0047106
4727 4725 0.0047106
4724 4726 0.0051653
4725 4726 0.0051653
4744 4726 0.0051653
4745 4726 0.0051653
4728 4727 0.00043784
4746 4727 0.00043784
6599 4727 0.00043784
4520 4728 0.0087577
4726 4728 0.0087577
4727 4728 0.0087577
4722 4729 0.0024928
4723 4729 0.0024928
4730 4729 0.0024928
4731 4729 0.0024928
1689 4730 0.023618
3197 4730 0.023618
4729 4730 0.023618
4522 4731 0.0036232
4732 4731 0.0036232
6598 4731 0.0036232
4722 4732 0.026326
4723 4732 0.026326
4730 4732 0.026326
4731 4732 0.026326
4714 4733 0.0062028
4715 4733 0.0062028
4734 4733 0.0062028
2747 4734 0.025844
3217 4734 0.025844
4733 4734 0.025844
4716 4735 0.012096
4717 4735 0.012096
4736 4735 0.012096
2745 4736 0.032625
2748 4736 0.032625
4735 4736 0.032625
4738 4737 0.00084127
4739 4737 0.00084127
4752 4737 0.00084127
4773 4737 0.00084127
4737 4738 0.0010903
4754 4738 0.0010903
3223 4739 0.0032206
3605 4739 0.0032206
4740 4739 0.0032206
4738 4740 0.002599
4739 4740 0.002599
4752 4740 0.002599
4773 4740 0.002599
1690 4741 0.00065231
4742 4741 0.00065231
4743 4741 0.00065231
4518 4742 0.087113
4741 4742 0.087113
6597 4742 0.087113
6602 4742 0.087113
4724 4743 0.00066975
4725 4743 0.00066975
4744 4743 0.00066975
4745 4743 0.00066975
1690 4744 0.057777
4742 4744 0.057777
4743 4744 0.057777
4728 4745 0.0014507
4746 4745 0.0014507
6599 4745 0.0014507
4724 4746 0.025916
4725 4746 0.025916
4744 4746 0.025916
4745 4746 0.025916
3222 4749 0.0034007
4750 4749 0.0034007
4751 4749 0.0034007
1723 4750 0.0037502
4749 4750 0.0037502
5714 4750 0.0037502
4738 4751 0.0024928
4739 4751 0.0024928
4752 4751 0.0024928
4773 4751 0.0024928
3222 4752 0.0024023
4750 4752 0.0024023
4751 4752 0.0024023
4737 4753 0.00084127
4754 4753 0.00084127
1724 4754 0.0010903
3608 4754 0.0010903
4753 4754 0.0010903
1729 4755 0.0017805
4756 4755 0.0017805
6076 4755 0.0017805
2866 4756 0.00042864
3609 4756 0.00042864
4755 4756 0.00042864
1727 4757 0.0041244
1730 4757 0.0041244
4758 4757 0.0041244
3607 4758 0.0011994
3610 4758 0.0011994
4757 4758 0.0011994
3159 4759 0.0025142
4760 4759 0.0025142
4761 4759 0.0025142
3599 4760 0.0019214
3602 4760 0.0019214
4759 4760 0.0019214
4762 4761 0.0022041
4763 4761 0.0022041
4771 4761 0.0022041
3159 4762 0.00062683
4760 4762 0.00062683
4761 4762 0.00062683
3160 4763 0.001488
4764 4763 0.001488
4765 4763 0.001488
4762 4764 0.0004402
4763 4764 0.0004402
4771 4764 0.0004402
4772 4771 0.00086917
6087 4771 0.00086917
6090 4771 0.00086917
4762 4772 0.00033975
4763 4772 0.00033975
4771 4772 0.00033975
3225 4773 0.00055003
4774 4773 0.00055003
4775 4773 0.00055003
4738 4774 0.00133
4739 4774 0.00133
4752 4774 0.00133
4773 4774 0.00133
3227 4775 0.00016494
4776 4775 0.00016494
4777 4775 0.00016494
3225 4776 0.0004835
4774 4776 0.0004835
4775 4776 0.0004835
3227 4778 0.00015037
4776 4778 0.00015037
4777 4778 0.00015037
777 4783 0.00016689
4784 4783 0.00016689
6149 4783 0.00016689
1685 4784 0.0040329
4783 4784 0.0040329
6151 4784 0.0040329
6154 4784 0.0040329
3094 5680 0.0017665
5681 5680 0.0017665
5683 5680 0.0017665
3094 5682 0.28751
5681 5682 0.28751
5683 5682 0.28751
1975 5683 0.00044305
3091 5683 0.00044305
5682 5683 0.00044305
5693 5683 0.00044305
2808 5684 0.28879
5685 5684 0.28879
5686 5684 0.28879
1975 5692 0.00059105
3091 5692 0.00059105
5682 5692 0.00059105
5693 5692 0.00059105
432 5693 0.0022386
5692 5693 0.0022386
5695 5694 0.00019715
6609 5694 0.00019715
5694 5699 0.00019715
5696 5699 0.00019715
5698 5699 0.00019715
1693 5703 0.29792
5702 5703 0.29792
5705 5703 0.29792
1693 5704 0.0015078
5702 5704 0.0015078
5705 5704 0.0015078
5704 5705 0.27792
5707 5705 0.27792
5731 5705 0.27792
6600 5705 0.27792
5704 5706 0.0024027
5707 5706 0.0024027
5731 5706 0.0024027
6600 5706 0.0024027
4718 5707 0.31139
4719 5707 0.31139
5706 5707 0.31139
5709 5707 0.31139
4718 5708 0.0037361
4719 5708 0.0037361
5706 5708 0.0037361
5709 5708 0.0037361
2746 5709 0.29309
5708 5709 0.29309
5711 5709 0.29309
6604 5709 0.29309
2746 5710 0.015466
5708 5710 0.015466
5711 5710 0.015466
6604 5710 0.015466
2440 5711 0.28437
2443 5711 0.28437
5710 5711 0.28437
5713 5711 0.28437
2440 5712 0.022672
2443 5712 0.022672
5710 5712 0.022672
5713 5712 0.022672
1725 5713 0.040523
1728 5713 0.040523
5712 5713 0.040523
5715 5713 0.040523
1725 5714 0.0056871
1728 5714 0.0056871
5712 5714 0.0056871
5715 5714 0.0056871
1723 5715 0.0083331
4749 5715 0.0083331
5714 5715 0.0083331
3216 5720 0.018597
5721 5720 0.018597
5722 5720 0.018597
2442 5721 0.04786
2445 5721 0.04786
5720 5721 0.04786
5723 5722 0.0027093
5724 5722 0.0027093
6606 5722 0.0027093
3216 5723 0.046888
5721 5723 0.046888
5722 5723 0.046888
4713 5724 0.0027093
5725 5724 0.0027093
5726 5724 0.0027093
5723 5725 0.046888
5724 5725 0.046888
6606 5725 0.046888
3218 5726 0.00096026
5727 5726 0.00096026
5728 5726 0.00096026
4713 5727 0.12854
5725 5727 0.12854
5726 5727 0.12854
3215 5728 0.00097055
5729 5728 0.00097055
6614 5728 0.00097055
3218 5729 0.15731
5727 5729 0.15731
5728 5729 0.15731
5704 5730 0.068121
5707 5730 0.068121
5731 5730 0.068121
6600 5730 0.068121
118 5731 0.0015604
3219 5731 0.0015604
5730 5731 0.0015604
1729 6075 0.0018177
4756 6075 0.0018177
6076 6075 0.0018177
4747 6077 0.0018177
6075 6077 0.0018177
6078 6077 0.0018177
2865 6079 0.0028569
6077 6079 0.0028569
6080 6079 0.0028569
3951 6080 0.00010647
6079 6080 0.00010647
6082 6080 0.00010647
3951 6081 0.00016504
6079 6081 0.00016504
6082 6081 0.00016504
3221 6082 0.00027181
6081 6082 0.00027181
6213 6082 0.00027181
6592 6082 0.00027181
3228 6087 0.00014071
6085 6087 0.00014071
6088 6087 0.00014071
4772 6088 0.00010002
6087 6088 0.00010002
6090 6088 0.00010002
4772 6089 0.00039624
6087 6089 0.00039624
6090 6089 0.00039624
3226 6090 0.00088497
6089 6090 0.00088497
6092 6090 0.00088497
3226 6091 0.00067045
6089 6091 0.00067045
6092 6091 0.00067045
3224 6092 0.00094468
3949 6092 0.00094468
6091 6092 0.00094468
6150 6149 0.00014668
6616 6149 0.00014668
6619 6149 0.00014668
777 6150 0.0040127
4784 6150 0.0040127
6149 6150 0.0040127
6152 6151 0.00045946
6618 6151 0.00045946
6621 6151 0.00045946
1685 6152 0.008669
4783 6152 0.008669
6151 6152 0.008669
6154 6152 0.008669
1685 6153 0.00051595
4783 6153 0.00051595
6151 6153 0.00051595
6154 6153 0.00051595
6153 6154 0.012592
7267 6154 0.012592
3214 6155 0.69914
6156 6155 0.69914
7264 6155 0.69914
6158 6157 0.49598
7266 6157 0.49598
7268 6157 0.49598
6157 6158 0.00011049
7265 6158 0.00011049
2444 6159 0.50795
6160 6159 0.50795
6161 6159 0.50795
3204 6161 0.0031935
6162 6161 0.0031935
6163 6161 0.0031935
2444 6162 0.000444
6160 6162 0.000444
6161 6162 0.000444
3950 6163 0.0031853
6164 6163 0.0031853
6165 6163 0.0031853
3204 6164 0.00039275
6162 6164 0.00039275
6163 6164 0.00039275
2136 6165 0.00023075
2853 6165 0.00023075
3220 6165 0.00023075
6166 6165 0.00023075
3950 6166 0.00029545
6164 6166 0.00029545
6165 6166 0.00029545
4518 6596 0.0005475
4741 6596 0.0005475
6597 6596 0.0005475
6602 6596 0.0005475
2441 6597 0.19444
3600 6597 0.19444
6596 6597 0.19444
6712 6597 0.19444
4728 6598 0.032943
4746 6598 0.032943
6599 6598 0.032943
4522 6599 0.00015824
4732 6599 0.00015824
6598 6599 0.00015824
3195 6600 0.045232
4521 6600 0.045232
6601 6600 0.045232
5704 6601 0.011246
5707 6601 0.011246
5731 6601 0.011246
6600 6601 0.011246
4518 6603 0.0079464
4741 6603 0.0079464
6597 6603 0.0079464
6602 6603 0.0079464
1688 6604 0.089881
4517 6604 0.089881
6605 6604 0.089881
2746 6605 0.014346
5708 6605 0.014346
5711 6605 0.014346
6604 6605 0.014346
6608 6609 0.00019715
6611 6609 0.00019715
1540 6611 0.00019715
4516 6611 0.00019715
5699 6611 0.00019715
6610 6611 0.00019715
4515 6612 0.010642
5700 6612 0.010642
6613 6612 0.010642
117 6613 0.001518
6612 6613 0.001518
6615 6613 0.001518
117 6614 0.047703
6612 6614 0.047703
6615 6614 0.047703
3215 6615 0.00077308
5729 6615 0.00077308
6614 6615 0.00077308
1976 6616 0.0004555
6155 6616 0.0004555
6617 6616 0.0004555
6150 6617 0.012532
6616 6617 0.012532
6619 6617 0.012532
6150 6618 0.00045993
6616 6618 0.00045993
6619 6618 0.00045993
6152 6619 0.0086705
6618 6619 0.0086705
6621 6619 0.0086705
2130 6710 1
6711 6710 1
2438 6712 1
6713 6712 1
6157 7264 0.49598
7265 7264 0.49598
3214 7265 0.00011049
6156 7265 0.00011049
7264 7265 0.00011049
6153 7266 0.00051595
7267 7266 0.00051595
6158 7267 0.012592
7266 7267 0.012592
7268 7267 0.012592
6159 7268 0.50795
7269 7268 0.50795
