10 9 0.00052492
1054 9 0.00052492
2200 9 0.00052492
9 10 0.0021978
1063 10 0.0021978
2210 10 0.0021978
12 11 0.59062
1038 11 0.59062
6021 11 0.59062
13 14 0.85224
16 14 0.85224
2540 14 0.85224
15 16 0.85283
6714 16 0.85283
7232 16 0.85283
17 18 0.99432
5802 18 0.99432
6031 18 0.99432
24 23 0.023789
894 23 0.023789
1646 23 0.023789
6003 23 0.023789
23 24 0.01776
26 24 0.01776
1614 24 0.01776
23 25 0.064611
26 25 0.064611
1614 25 0.064611
25 26 0.04241
2202 26 0.04241
2536 26 0.04241
58 57 0.00071869
519 57 0.00071869
3418 57 0.00071869
57 58 0.00013072
60 58 0.00013072
4610 58 0.00013072
57 59 0.0034641
60 59 0.0034641
4610 59 0.0034641
59 60 0.00022122
3420 60 0.00022122
3421 60 0.00022122
224 223 0.00010265
823 223 0.00010265
826 223 0.00010265
223 225 0.000114
226 225 0.000114
495 225 0.000114
236 235 0.011868
819 235 0.011868
4580 235 0.011868
235 236 0.00058195
460 236 0.00058195
6056 236 0.00058195
245 247 0.00024233
248 247 0.00024233
441 247 0.00024233
250 249 0.00034757
1073 249 0.00034757
6046 249 0.00034757
251 253 0.00012515
254 253 0.00012515
1077 253 0.00012515
1078 253 0.00012515
253 255 0.00024103
256 255 0.00024103
436 255 0.00024103
1086 255 0.00024103
257 258 0.0035534
437 258 0.0035534
6047 258 0.0035534
260 259 0.0038789
1068 259 0.0038789
1071 259 0.0038789
6051 259 0.0038789
261 262 0.00025339
440 262 0.00025339
6044 262 0.00025339
268 267 0.00024233
3402 267 0.00024233
5255 267 0.00024233
267 268 0.0041116
7247 268 0.0041116
270 269 0.00023707
6049 269 0.00023707
7246 269 0.00023707
269 270 0.0004087
272 270 0.0004087
469 270 0.0004087
269 271 0.00012349
272 271 0.00012349
469 271 0.00012349
271 272 0.00041302
274 272 0.00041302
435 272 0.00041302
284 283 0.0011525
575 283 0.0011525
2561 283 0.0011525
283 284 0.04944
4630 284 0.04944
6036 284 0.04944
294 293 0.016305
2570 293 0.016305
2577 293 0.016305
293 294 0.018204
1586 294 0.018204
1589 294 0.018204
2572 294 0.018204
253 435 0.00041143
256 435 0.00041143
436 435 0.00041143
1086 435 0.00041143
271 436 0.00011586
274 436 0.00011586
435 436 0.00011586
261 439 0.0010824
440 439 0.0010824
6044 439 0.0010824
247 440 0.00020647
439 440 0.00020647
6052 440 0.00020647
262 441 0.00024233
442 441 0.00024233
1066 441 0.00024233
448 447 0.85332
7238 447 0.85332
7242 447 0.85332
233 456 0.0039345
455 456 0.0039345
463 456 0.0039345
458 457 0.00055756
3398 457 0.00055756
3399 457 0.00055756
456 458 0.015853
457 458 0.015853
6055 458 0.015853
235 459 0.0013806
460 459 0.0013806
6056 459 0.0013806
459 460 0.0015481
461 460 0.0015481
464 460 0.0015481
462 461 0.0040977
817 461 0.0040977
820 461 0.0040977
459 463 0.0039345
461 463 0.0039345
464 463 0.0039345
269 470 0.00011923
272 470 0.00011923
469 470 0.00011923
516 515 0.0009064
3537 515 0.0009064
3540 515 0.0009064
4638 515 0.0009064
515 516 0.00074015
1091 516 0.00074015
3535 516 0.00074015
517 518 0.0001175
595 518 0.0001175
3437 518 0.0001175
3440 518 0.0001175
522 521 0.42491
736 521 0.42491
3419 521 0.42491
3434 521 0.42491
521 522 0.00035957
3424 522 0.00035957
3890 522 0.00035957
524 523 0.00021559
1965 523 0.00021559
2884 523 0.00021559
523 563 0.0011667
564 563 0.0011667
6447 563 0.0011667
563 564 0.00062813
2888 564 0.00062813
4801 564 0.00062813
576 575 0.0057294
862 575 0.0057294
3544 575 0.0057294
517 594 0.0015574
595 594 0.0015574
3437 594 0.0015574
3440 594 0.0015574
594 595 0.00032332
3408 595 0.00032332
3413 595 0.00032332
728 727 0.0047025
3375 727 0.0047025
4693 727 0.0047025
727 728 0.0053966
731 728 0.0053966
7126 728 0.0053966
732 731 0.81366
798 731 0.81366
7216 731 0.81366
727 732 0.00020219
731 732 0.00020219
7126 732 0.00020219
734 733 0.00012882
2879 733 0.00012882
5252 733 0.00012882
733 734 0.81289
7127 734 0.81289
522 735 0.00082426
736 735 0.00082426
3419 735 0.00082426
3434 735 0.00082426
735 736 0.42236
737 736 0.42236
740 736 0.42236
738 737 0.0078242
2913 737 0.0078242
5577 737 0.0078242
735 738 0.43384
737 738 0.43384
740 738 0.43384
739 740 0.84755
2885 740 0.84755
5251 740 0.84755
742 741 0.14269
744 741 0.14269
743 744 0.14269
1016 744 0.14269
3076 744 0.14269
741 746 0.14269
745 746 0.14269
748 747 0.0051638
750 747 0.0051638
799 747 0.0051638
762 763 0.00021301
764 763 0.00021301
3428 763 0.00021301
796 795 0.036517
2875 795 0.036517
3441 795 0.036517
795 796 0.0004616
3577 796 0.0004616
4598 796 0.0004616
4615 796 0.0004616
732 797 0.046782
798 797 0.046782
7216 797 0.046782
797 798 0.0030485
2876 798 0.0030485
4596 798 0.0030485
800 799 0.0051638
2924 799 0.0051638
2925 799 0.0051638
747 801 0.00052509
802 801 0.00052509
1094 801 0.00052509
801 803 0.00037833
804 803 0.00037833
3458 803 0.00037833
803 805 0.00037833
806 805 0.00037833
3479 805 0.00037833
809 811 0.001173
812 811 0.001173
1042 811 0.001173
236 820 0.0040977
819 820 0.0040977
4580 820 0.0040977
470 826 0.00011412
825 826 0.00011412
828 826 0.00011412
836 835 0.00021914
3545 835 0.00021914
3548 835 0.00021914
835 836 0.00070617
860 836 0.00070617
863 836 0.00070617
861 860 0.0048894
4577 860 0.0048894
6788 860 0.0048894
835 862 0.0044571
860 862 0.0044571
863 862 0.0044571
895 894 0.0075967
896 894 0.0075967
1652 894 0.0075967
2534 894 0.0075967
24 895 0.0078347
894 895 0.0078347
1646 895 0.0078347
6003 895 0.0078347
897 896 0.0015959
898 896 0.0015959
2532 896 0.0015959
6007 896 0.0015959
895 897 0.0022885
896 897 0.0022885
1652 897 0.0022885
2534 897 0.0022885
923 922 0.00010189
924 922 0.00010189
4823 922 0.00010189
922 923 0.00011752
1062 923 0.00011752
1649 923 0.00011752
933 932 0.0050463
5755 932 0.0050463
5756 932 0.0050463
932 934 0.0046387
935 934 0.0046387
1609 934 0.0046387
934 935 0.00084486
937 935 0.00084486
6006 935 0.00084486
934 936 0.0054037
937 936 0.0054037
6006 936 0.0054037
936 937 0.0046239
939 937 0.0046239
1611 937 0.0046239
936 938 0.0074392
939 938 0.0074392
1611 938 0.0074392
938 939 0.019805
941 939 0.019805
1613 939 0.019805
938 940 0.0073407
941 940 0.0073407
1613 940 0.0073407
940 941 0.086204
2523 941 0.086204
2539 941 0.086204
746 1034 0.14269
1035 1034 0.14269
1036 1034 0.14269
3549 1034 0.14269
14 1038 0.59062
1039 1038 0.59062
2522 1038 0.59062
6023 1038 0.59062
1043 1042 0.001173
1044 1042 0.001173
1595 1042 0.001173
1045 1044 0.0088525
6014 1044 0.0088525
6246 1044 0.0088525
1043 1045 0.00031857
1044 1045 0.00031857
1595 1045 0.00031857
1049 1048 0.84896
6013 1048 0.84896
7236 1048 0.84896
1048 1049 0.00017946
1051 1049 0.00017946
6017 1049 0.00017946
1048 1050 0.85731
1051 1050 0.85731
6017 1050 0.85731
1050 1052 0.85731
1053 1052 0.85731
6019 1052 0.85731
1055 1054 0.00043187
2083 1054 0.00043187
10 1055 0.06162
1054 1055 0.06162
2200 1055 0.06162
9 1062 0.00048352
1063 1062 0.00048352
2210 1062 0.00048352
922 1063 0.002137
1062 1063 0.002137
1649 1063 0.002137
1069 1068 0.000511
1072 1068 0.000511
6043 1068 0.000511
260 1069 0.0017608
1068 1069 0.0017608
1071 1069 0.0017608
6051 1069 0.0017608
260 1070 0.0015852
1068 1070 0.0015852
1071 1070 0.0015852
6051 1070 0.0015852
1070 1071 0.0055784
7243 1071 0.0055784
250 1072 0.0003346
1073 1072 0.0003346
6046 1072 0.0003346
1069 1073 0.00051386
1072 1073 0.00051386
6043 1073 0.00051386
249 1075 0.00026067
599 1075 0.00026067
1074 1075 0.00026067
2275 1075 0.00026067
1075 1077 0.00011569
1076 1077 0.00011569
1089 1077 0.00011569
1081 1080 0.00011631
1082 1080 0.00011631
6045 1080 0.00011631
259 1081 0.00040333
1080 1081 0.00040333
6048 1081 0.00040333
1081 1083 0.00020937
1082 1083 0.00020937
6045 1083 0.00020937
598 1085 0.00021376
1083 1085 0.00021376
1084 1085 0.00021376
1085 1086 0.00035487
1087 1086 0.00035487
1088 1086 0.00035487
1075 1088 0.0001727
1076 1088 0.0001727
1089 1088 0.0001727
515 1090 0.0031671
1091 1090 0.0031671
3535 1090 0.0031671
1090 1091 0.001279
2286 1091 0.001279
2935 1091 0.001279
1093 1092 0.00038905
3476 1092 0.00038905
3477 1092 0.00038905
1095 1094 0.00023898
2923 1094 0.00023898
2928 1094 0.00023898
3529 1094 0.00023898
747 1095 0.0048199
802 1095 0.0048199
1094 1095 0.0048199
1097 1096 0.0055319
2927 1096 0.0055319
2930 1096 0.0055319
2931 1096 0.0055319
3519 1096 0.0055319
1096 1097 0.029437
3527 1097 0.029437
3530 1097 0.029437
1101 1100 0.00062612
1500 1100 0.00062612
3512 1100 0.00062612
1100 1101 0.0013733
3503 1101 0.0013733
3516 1101 0.0013733
6255 1101 0.0013733
1111 1110 0.0013792
1476 1110 0.0013792
6069 1110 0.0013792
1110 1111 0.0005779
2880 1111 0.0005779
2881 1111 0.0005779
1463 1118 0.14301
3513 1118 0.14301
1464 1463 0.00031888
6702 1463 0.00031888
978 1464 0.00031659
1465 1464 0.00031659
1118 1465 0.00031659
5262 1465 0.00031659
1477 1476 0.00047964
3381 1476 0.00047964
3388 1476 0.00047964
1111 1477 0.00030871
1476 1477 0.00030871
6069 1477 0.00030871
1483 1482 0.0013531
2292 1482 0.0013531
3505 1482 0.0013531
1496 1498 0.00046242
1499 1498 0.00046242
3239 1498 0.00046242
3240 1498 0.00046242
1498 1500 0.00047618
1501 1500 0.00047618
4635 1500 0.00047618
1101 1501 0.00031299
1500 1501 0.00031299
3512 1501 0.00031299
1502 1504 0.00036121
1505 1504 0.00036121
6254 1504 0.00036121
1504 1505 0.0042263
2289 1505 0.0042263
4648 1505 0.0042263
1507 1506 0.0031657
2288 1506 0.0031657
2919 1506 0.0031657
1506 1507 0.0067551
4632 1507 0.0067551
6257 1507 0.0067551
6262 1507 0.0067551
1508 1509 0.0001198
3236 1509 0.0001198
4608 1509 0.0001198
293 1588 0.016305
1586 1588 0.016305
1589 1588 0.016305
2572 1588 0.016305
1588 1589 0.018204
1591 1589 0.018204
2574 1589 0.018204
1588 1590 0.016305
1591 1590 0.016305
2574 1590 0.016305
1590 1591 0.018204
2576 1591 0.018204
2589 1591 0.018204
4398 1591 0.018204
1043 1594 0.0082049
1044 1594 0.0082049
1595 1594 0.0082049
1594 1595 0.00077597
6016 1595 0.00077597
6018 1595 0.00077597
1597 1596 0.00069089
2184 1596 0.00069089
1596 1597 0.00010233
2796 1597 0.00010233
5751 1597 0.00010233
5754 1597 0.00010233
932 1608 0.0022506
935 1608 0.0022506
1609 1608 0.0022506
1608 1609 0.0010045
2531 1609 0.0010045
6008 1609 0.0010045
936 1610 0.017656
939 1610 0.017656
1611 1610 0.017656
1610 1611 0.0045106
2527 1611 0.0045106
2528 1611 0.0045106
6004 1611 0.0045106
938 1612 0.071332
941 1612 0.071332
1613 1612 0.071332
1612 1613 0.0048346
1615 1613 0.0048346
2525 1613 0.0048346
2526 1613 0.0048346
1612 1614 0.089328
1615 1614 0.089328
2525 1614 0.089328
2526 1614 0.089328
23 1615 0.01364
26 1615 0.01364
1614 1615 0.01364
23 1616 0.059516
26 1616 0.059516
1614 1616 0.059516
24 1645 0.0032219
894 1645 0.0032219
1646 1645 0.0032219
6003 1645 0.0032219
1645 1646 0.00090214
1648 1646 0.00090214
1645 1647 0.0032219
1648 1647 0.0032219
1647 1648 0.00090214
1650 1648 0.00090214
1651 1648 0.00090214
1647 1649 0.002145
1650 1649 0.002145
1651 1649 0.002145
922 1650 0.0004759
1062 1650 0.0004759
1649 1650 0.0004759
895 1651 0.0011272
896 1651 0.0011272
1652 1651 0.0011272
2534 1651 0.0011272
1647 1652 0.0017778
1650 1652 0.0017778
1651 1652 0.0017778
5576 1966 0.5687
5579 1966 0.5687
2080 2079 0.59108
7234 2079 0.59108
2081 2080 0.00045855
2207 2080 0.00045855
2082 2081 0.00045855
2206 2081 0.00045855
1055 2082 0.85777
2083 2082 0.85777
2079 2083 0.79658
2201 2083 0.79658
2185 2184 0.00069089
2541 2184 0.00069089
1597 2185 0.00010233
2184 2185 0.00010233
1616 2200 0.059516
6248 2200 0.059516
25 2201 0.23015
2202 2201 0.23015
2536 2201 0.23015
2079 2202 0.024642
2201 2202 0.024642
2082 2205 0.85731
2206 2205 0.85731
2287 2286 0.0019107
2922 2286 0.0019107
2934 2286 0.0019107
1090 2287 0.003241
2286 2287 0.003241
2935 2287 0.003241
1504 2288 0.00036121
2289 2288 0.00036121
4648 2288 0.00036121
1507 2289 0.0042263
2288 2289 0.0042263
2919 2289 0.0042263
940 2522 0.0019688
2523 2522 0.0019688
2539 2522 0.0019688
14 2523 0.26359
1039 2523 0.26359
2522 2523 0.26359
6023 2523 0.26359
1612 2524 0.031244
1615 2524 0.031244
2525 2524 0.031244
2526 2524 0.031244
2524 2525 0.030701
2537 2525 0.030701
2538 2525 0.030701
1610 2526 0.023595
2527 2526 0.023595
2528 2526 0.023595
6004 2526 0.023595
1612 2527 0.013862
1615 2527 0.013862
2525 2527 0.013862
2526 2527 0.013862
2529 2528 0.010344
2530 2528 0.010344
2535 2528 0.010344
6005 2528 0.010344
1610 2529 0.0051698
2527 2529 0.0051698
2528 2529 0.0051698
6004 2529 0.0051698
1608 2530 0.0034045
2531 2530 0.0034045
6008 2530 0.0034045
2529 2531 0.0014407
2530 2531 0.0014407
2535 2531 0.0014407
6005 2531 0.0014407
2529 2534 0.0058355
2530 2534 0.0058355
2535 2534 0.0058355
6005 2534 0.0058355
895 2535 0.0060315
896 2535 0.0060315
1652 2535 0.0060315
2534 2535 0.0060315
2524 2536 0.18606
2537 2536 0.18606
2538 2536 0.18606
25 2537 0.0027531
2202 2537 0.0027531
2536 2537 0.0027531
940 2538 0.1837
2523 2538 0.1837
2539 2538 0.1837
2524 2539 0.00093783
2537 2539 0.00093783
2538 2539 0.00093783
2185 2540 0.00010233
2541 2540 0.00010233
13 2541 0.00069089
16 2541 0.00069089
2540 2541 0.00069089
2543 2542 0.85731
2544 2542 0.85731
2546 2542 0.85731
509 2544 0.83523
2545 2544 0.83523
2554 2544 0.83523
2547 2546 0.02209
2552 2546 0.02209
2568 2546 0.02209
2549 2548 0.022086
2555 2548 0.022086
2556 2548 0.022086
2548 2550 0.019926
2551 2550 0.019926
6030 2550 0.019926
2550 2552 0.0178
2553 2552 0.0178
4544 2552 0.0178
2549 2554 0.83523
2555 2554 0.83523
2556 2554 0.83523
18 2556 0.85731
2557 2556 0.85731
6035 2556 0.85731
2559 2558 1
4940 2558 1
284 2560 0.053973
575 2560 0.053973
2561 2560 0.053973
2563 2562 0.089321
4389 2562 0.089321
4392 2562 0.089321
2562 2563 0.00059564
2571 2563 0.00059564
6786 2563 0.00059564
2567 2566 0.0030169
3566 2566 0.0030169
6025 2566 0.0030169
2566 2567 0.0017772
2569 2567 0.0017772
6027 2567 0.0017772
2566 2568 0.0046004
2569 2568 0.0046004
6027 2568 0.0046004
2547 2569 0.00031222
2552 2569 0.00031222
2568 2569 0.00031222
2562 2570 0.14269
2571 2570 0.14269
6786 2570 0.14269
294 2576 0.14469
2570 2576 0.14469
2577 2576 0.14469
1590 2577 0.00010214
2576 2577 0.00010214
2589 2577 0.00010214
4398 2577 0.00010214
1590 2588 0.14269
2576 2588 0.14269
2589 2588 0.14269
4398 2588 0.14269
2582 2590 0.14269
2588 2590 0.14269
2591 2590 0.14269
797 2875 0.0228
2876 2875 0.0228
4596 2875 0.0228
796 2876 0.008223
2875 2876 0.008223
3441 2876 0.008223
1110 2879 0.0018793
2880 2879 0.0018793
2881 2879 0.0018793
734 2880 0.0016181
2879 2880 0.0016181
5252 2880 0.0016181
2877 2881 0.00053916
2882 2881 0.00053916
6443 2881 0.00053916
6446 2881 0.00053916
1110 2882 0.0010793
2880 2882 0.0010793
2881 2882 0.0010793
2883 2884 0.00021559
6445 2884 0.00021559
6448 2884 0.00021559
2886 2885 0.0011925
2887 2885 0.0011925
2901 2885 0.0011925
739 2886 0.00063723
2885 2886 0.00063723
5251 2886 0.00063723
563 2887 0.0011925
2888 2887 0.0011925
4801 2887 0.0011925
2886 2888 0.00063723
2887 2888 0.00063723
2901 2888 0.00063723
2911 2913 0.00027977
2914 2913 0.00027977
6130 2913 0.00027977
2916 2915 0.006267
3525 2915 0.006267
3533 2915 0.006267
3536 2915 0.006267
2915 2916 0.0017164
3450 2916 0.0017164
3451 2916 0.0017164
3528 2916 0.0017164
2918 2917 0.0017149
3531 2917 0.0017149
3534 2917 0.0017149
2917 2918 0.00021571
3521 2918 0.00021571
3524 2918 0.00021571
2920 2919 0.0040584
2921 2919 0.0040584
4647 2919 0.0040584
1507 2920 0.0037827
2288 2920 0.0037827
2919 2920 0.0037827
2287 2921 0.0036848
2922 2921 0.0036848
2934 2921 0.0036848
2920 2922 0.0051021
2921 2922 0.0051021
4647 2922 0.0051021
800 2923 0.10972
2924 2923 0.10972
2925 2923 0.10972
2926 2925 0.11476
3454 2925 0.11476
6241 2925 0.11476
1095 2927 0.099989
2923 2927 0.099989
2928 2927 0.099989
3529 2927 0.099989
1097 2928 0.00019812
2927 2928 0.00019812
2930 2928 0.00019812
2931 2928 0.00019812
3519 2928 0.00019812
1097 2929 0.079323
2927 2929 0.079323
2930 2929 0.079323
2931 2929 0.079323
3519 2929 0.079323
2929 2930 0.0048354
2942 2930 0.0048354
3445 2930 0.0048354
2932 2931 0.01358
2933 2931 0.01358
3448 2931 0.01358
3449 2931 0.01358
1097 2932 0.012151
2927 2932 0.012151
2930 2932 0.012151
2931 2932 0.012151
3519 2932 0.012151
2287 2933 0.0071687
2922 2933 0.0071687
2934 2933 0.0071687
2932 2934 0.0044212
2933 2934 0.0044212
3448 2934 0.0044212
3449 2934 0.0044212
2936 2935 0.00059108
2937 2935 0.00059108
3539 2935 0.00059108
1090 2936 0.0011489
2286 2936 0.0011489
2935 2936 0.0011489
2929 2941 0.051374
2942 2941 0.051374
3445 2941 0.051374
2941 2942 0.0036812
6260 2942 0.0036812
6261 2942 0.0036812
2944 2943 0.07742
2945 2943 0.07742
3446 2943 0.07742
2946 2945 0.050783
3461 2945 0.050783
3520 2945 0.050783
2944 2946 0.00021477
2945 2946 0.00021477
3446 2946 0.00021477
2590 3071 0.14269
3072 3071 0.14269
3082 3071 0.14269
3071 3076 0.14269
3075 3076 0.14269
3080 3076 0.14269
1098 3236 0.00010885
3237 3236 0.00010885
3238 3236 0.00010885
1496 3238 0.00010885
1499 3238 0.00010885
3239 3238 0.00010885
3240 3238 0.00010885
1092 3240 0.00057745
3241 3240 0.00057745
3244 3240 0.00057745
1487 3242 0.00017807
3243 3242 0.00017807
3492 3242 0.00017807
3242 3244 0.0001913
3245 3244 0.0001913
3485 3244 0.0001913
3376 3375 0.004589
3377 3375 0.004589
3389 3375 0.004589
4613 3375 0.004589
728 3376 0.0054042
3375 3376 0.0054042
4693 3376 0.0054042
3378 3377 0.00077229
3379 3377 0.00077229
6063 3377 0.00077229
3376 3378 0.0044888
3377 3378 0.0044888
3389 3378 0.0044888
4613 3378 0.0044888
3380 3379 0.00031882
3387 3379 0.00031882
6065 3379 0.00031882
3378 3380 0.00055628
3379 3380 0.00055628
6063 3380 0.00055628
1477 3387 0.00031128
3381 3387 0.00031128
3388 3387 0.00031128
3380 3388 0.00049495
3387 3388 0.00049495
6065 3388 0.00049495
221 3389 0.004064
3390 3389 0.004064
6064 3389 0.004064
3376 3390 0.00053227
3377 3390 0.00053227
3389 3390 0.00053227
4613 3390 0.00053227
458 3397 0.85719
3398 3397 0.85719
3399 3397 0.85719
3400 3399 0.84206
4579 3399 0.84206
7244 3399 0.84206
458 3400 0.00016509
3398 3400 0.00016509
3399 3400 0.00016509
268 3401 0.85719
3402 3401 0.85719
5255 3401 0.85719
518 3406 0.0001175
3403 3406 0.0001175
3405 3406 0.0001175
594 3407 0.0011368
3408 3407 0.0011368
3413 3407 0.0011368
3407 3408 0.00077905
3573 3408 0.00077905
3576 3408 0.00077905
3410 3409 0.0013987
3411 3409 0.0013987
3439 3409 0.0013987
3569 3409 0.0013987
3406 3411 0.0001175
3412 3411 0.0001175
6449 3411 0.0001175
3409 3413 0.0006176
3414 3413 0.0006176
6452 3413 0.0006176
594 3414 0.001494
3408 3414 0.001494
3413 3414 0.001494
58 3417 0.00013072
519 3417 0.00013072
3418 3417 0.00013072
3416 3418 0.00071869
3417 3418 0.00071869
6453 3418 0.00071869
6456 3418 0.00071869
59 3419 0.0034641
3420 3419 0.0034641
3421 3419 0.0034641
522 3420 0.00022122
736 3420 0.00022122
3419 3420 0.00022122
3434 3420 0.00022122
521 3423 0.43155
3424 3423 0.43155
3890 3423 0.43155
1966 3424 0.00025519
3423 3424 0.00025519
763 3425 0.00021301
3426 3425 0.00021301
3427 3428 0.00021301
3429 3428 0.00021301
6139 3428 0.00021301
6461 3428 0.00021301
3425 3429 0.00011435
3430 3429 0.00011435
3891 3429 0.00011435
3427 3430 0.0066546
3429 3430 0.0066546
6139 3430 0.0066546
6461 3430 0.0066546
522 3433 0.0043513
736 3433 0.0043513
3419 3433 0.0043513
3434 3433 0.0043513
561 3434 0.0041246
3433 3434 0.0041246
6459 3434 0.0041246
6462 3434 0.0041246
3436 3435 0.0079494
3442 3435 0.0079494
3443 3435 0.0079494
4595 3435 0.0079494
3435 3436 0.00027079
3438 3436 0.00027079
3571 3436 0.00027079
3574 3436 0.00027079
3435 3437 0.0027387
3438 3437 0.0027387
3571 3437 0.0027387
3574 3437 0.0027387
517 3438 0.00018055
595 3438 0.00018055
3437 3438 0.00018055
3440 3438 0.00018055
517 3439 0.0013288
595 3439 0.0013288
3437 3439 0.0013288
3440 3439 0.0013288
3410 3440 0.00011433
3411 3440 0.00011433
3439 3440 0.00011433
3569 3440 0.00011433
3436 3441 0.02336
3442 3441 0.02336
3443 3441 0.02336
4595 3441 0.02336
796 3442 0.001882
2875 3442 0.001882
3441 3442 0.001882
2944 3445 0.011686
2945 3445 0.011686
3446 3445 0.011686
2929 3446 0.03848
2942 3446 0.03848
3445 3446 0.03848
2932 3447 0.021893
2933 3447 0.021893
3448 3447 0.021893
3449 3447 0.021893
3447 3448 0.0034345
4646 3448 0.0034345
6258 3448 0.0034345
2915 3449 0.02186
3450 3449 0.02186
3451 3449 0.02186
3528 3449 0.02186
2932 3450 0.0047198
2933 3450 0.0047198
3448 3450 0.0047198
3449 3450 0.0047198
3452 3451 0.022395
3453 3451 0.022395
3532 3451 0.022395
2915 3452 0.00033215
3450 3452 0.00033215
3451 3452 0.00033215
3528 3452 0.00033215
2926 3453 0.028302
3454 3453 0.028302
6241 3453 0.028302
3452 3454 0.00035867
3453 3454 0.00035867
3532 3454 0.00035867
3456 3455 0.00014981
3459 3455 0.00014981
801 3457 0.00014981
804 3457 0.00014981
3458 3457 0.00014981
3457 3459 0.00014981
3460 3459 0.00014981
3462 3461 0.00026899
3463 3461 0.00026899
3465 3461 0.00026899
2946 3462 0.00033833
3461 3462 0.00033833
3520 3462 0.00033833
3455 3463 0.00026899
3464 3463 0.00026899
3475 3463 0.00026899
3462 3464 0.00033833
3463 3464 0.00033833
3465 3464 0.00033833
1093 3475 0.00015113
3476 3475 0.00015113
3477 3475 0.00015113
3455 3476 0.00036596
3464 3476 0.00036596
3475 3476 0.00036596
3478 3477 0.00025262
3491 3477 0.00025262
4587 3477 0.00025262
3478 3492 0.00020599
3491 3492 0.00020599
4587 3492 0.00020599
3494 3493 0.0016545
3504 3493 0.0016545
3493 3494 0.00071724
3501 3494 0.00071724
3551 3494 0.00071724
4637 3494 0.00071724
3500 3499 0.0016545
3502 3499 0.0016545
1482 3500 0.00071724
3499 3500 0.00071724
3514 3500 0.00071724
3515 3500 0.00071724
3500 3501 0.00071724
3502 3501 0.00071724
3493 3502 0.0016545
3501 3502 0.0016545
3551 3502 0.0016545
4637 3502 0.0016545
3494 3503 0.00071724
3504 3503 0.00071724
1100 3504 0.0016545
3503 3504 0.0016545
3516 3504 0.0016545
6255 3504 0.0016545
3506 3505 0.0012768
3507 3505 0.0012768
3517 3505 0.0012768
1509 3507 0.0012768
3508 3507 0.0012768
3509 3507 0.0012768
3510 3509 0.0012038
3511 3509 0.0012038
4634 3509 0.0012038
1101 3511 0.0011391
1500 3511 0.0011391
3512 3511 0.0011391
3510 3512 0.00022873
3511 3512 0.00022873
4634 3512 0.00022873
1482 3513 0.14269
3499 3513 0.14269
3514 3513 0.14269
3515 3513 0.14269
1100 3515 0.14042
3503 3515 0.14042
3516 3515 0.14042
6255 3515 0.14042
2946 3519 0.00030626
3461 3519 0.00030626
3520 3519 0.00030626
1097 3520 0.050944
2927 3520 0.050944
2930 3520 0.050944
2931 3520 0.050944
3519 3520 0.050944
2917 3523 0.0017149
3521 3523 0.0017149
3524 3523 0.0017149
3523 3524 0.00021571
3526 3524 0.00021571
3538 3524 0.00021571
3523 3525 0.0024512
3526 3525 0.0024512
3538 3525 0.0024512
2916 3526 0.00056047
3525 3526 0.00056047
3533 3526 0.00056047
3536 3526 0.00056047
2915 3527 0.01592
3450 3527 0.01592
3451 3527 0.01592
3528 3527 0.01592
1096 3528 0.0064476
3527 3528 0.0064476
3530 3528 0.0064476
1096 3529 0.011286
3527 3529 0.011286
3530 3529 0.011286
1095 3530 0.025718
2923 3530 0.025718
2928 3530 0.025718
3529 3530 0.025718
3452 3531 0.0063423
3453 3531 0.0063423
3532 3531 0.0063423
2918 3532 0.00046142
3531 3532 0.00046142
3534 3532 0.00046142
2918 3533 0.0047849
3531 3533 0.0047849
3534 3533 0.0047849
2916 3534 0.00040318
3525 3534 0.00040318
3533 3534 0.00040318
3536 3534 0.00040318
2916 3535 0.0030549
3525 3535 0.0030549
3533 3535 0.0030549
3536 3535 0.0030549
515 3536 0.0013331
1091 3536 0.0013331
3535 3536 0.0013331
3523 3537 0.00059894
3526 3537 0.00059894
3538 3537 0.00059894
516 3538 0.00099053
3537 3538 0.00099053
3540 3538 0.00099053
4638 3538 0.00099053
516 3539 0.00059108
3537 3539 0.00059108
3540 3539 0.00059108
4638 3539 0.00059108
2936 3540 0.0011489
2937 3540 0.0011489
3539 3540 0.0011489
3543 3544 0.0013028
3546 3544 0.0013028
4643 3544 0.0013028
836 3546 0.0013028
3545 3546 0.0013028
3548 3546 0.0013028
3547 3548 0.0008097
4578 3548 0.0008097
4641 3548 0.0008097
2567 3565 0.00048775
3566 3565 0.00048775
6025 3565 0.00048775
2564 3566 0.0026485
3565 3566 0.0026485
6029 3566 0.0026485
3435 3573 0.0055541
3438 3573 0.0055541
3571 3573 0.0055541
3574 3573 0.0055541
3407 3574 0.00043368
3573 3574 0.00043368
3576 3574 0.00043368
3407 3575 0.0057931
3573 3575 0.0057931
3576 3575 0.0057931
3575 3576 0.00031495
3578 3576 0.00031495
4617 3576 0.00031495
3575 3577 0.0015764
3578 3577 0.0015764
4617 3577 0.0015764
795 3578 0.0036586
3577 3578 0.0036586
4598 3578 0.0036586
4615 3578 0.0036586
3425 3890 0.0068573
3430 3890 0.0068573
3891 3890 0.0068573
521 3891 0.00011268
3424 3891 0.00011268
3890 3891 0.00011268
3898 3899 0.00026326
5581 3899 0.00026326
5935 3899 0.00026326
4388 4387 0.027015
4390 4387 0.027015
4631 4387 0.027015
4387 4388 0.0085578
4391 4388 0.0085578
4394 4388 0.0085578
4388 4389 0.070712
4390 4389 0.070712
4631 4389 0.070712
2563 4390 0.00044378
4389 4390 0.00044378
4392 4390 0.00044378
2563 4391 0.0085578
4389 4391 0.0085578
4392 4391 0.0085578
4387 4392 0.027015
4391 4392 0.027015
4394 4392 0.027015
2550 4543 0.0039157
2553 4543 0.0039157
4544 4543 0.0039157
4543 4544 0.0017883
6026 4544 0.0017883
6028 4544 0.0017883
861 4578 0.0008097
4577 4578 0.0008097
6788 4578 0.0008097
236 4579 0.00048568
819 4579 0.00048568
4580 4579 0.00048568
3400 4580 0.015781
4579 4580 0.015781
7244 4580 0.015781
805 4587 0.00037833
3481 4587 0.00037833
4588 4587 0.00037833
797 4595 0.029847
2876 4595 0.029847
4596 4595 0.029847
3436 4596 0.00069105
3442 4596 0.00069105
3443 4596 0.00069105
4595 4596 0.00069105
795 4597 0.034998
3577 4597 0.034998
4598 4597 0.034998
4615 4597 0.034998
4597 4598 0.0010254
5250 4598 0.0010254
5253 4598 0.0010254
4611 4610 0.0029114
6455 4610 0.0029114
6458 4610 0.0029114
57 4611 0.00025646
60 4611 0.00025646
4610 4611 0.00025646
3376 4612 0.00099906
3377 4612 0.00099906
3389 4612 0.00099906
4613 4612 0.00099906
61 4613 0.00036865
4612 4613 0.00036865
6070 4613 0.00036865
3575 4616 0.007627
3578 4616 0.007627
4617 4616 0.007627
4388 4630 0.00046326
4390 4630 0.00046326
4631 4630 0.00046326
283 4631 0.089189
4630 4631 0.089189
6036 4631 0.089189
1498 4634 0.00030956
1501 4634 0.00030956
4635 4634 0.00030956
2920 4646 0.0033979
2921 4646 0.0033979
4647 4646 0.0033979
3447 4647 0.0050909
4646 4647 0.0050909
6258 4647 0.0050909
225 4691 0.0001245
2186 4691 0.0001245
3371 4691 0.0001245
4692 4691 0.0001245
729 4693 0.0001245
4691 4693 0.0001245
4694 4693 0.0001245
4939 4940 1
4942 4940 1
4944 4940 1
4951 4940 1
4946 4945 0.0056766
4947 4945 0.0056766
5800 4945 0.0056766
4597 5251 0.847
5250 5251 0.847
5253 5251 0.847
4597 5252 0.00015509
5250 5252 0.00015509
5253 5252 0.00015509
734 5253 0.81318
2879 5253 0.81318
5252 5253 0.81318
5254 5255 0.85332
7155 5255 0.85332
1118 5261 0.14269
5262 5261 0.14269
5261 5263 0.14269
5264 5263 0.14269
6120 5263 0.14269
5263 5265 0.14269
5266 5265 0.14269
738 5576 0.434
2913 5576 0.434
5577 5576 0.434
5576 5577 0.0077623
5579 5577 0.0077623
5576 5578 0.00020559
5579 5578 0.00020559
5578 5579 0.14268
5583 5579 0.14268
5584 5579 0.14268
1233 5581 0.00026485
5580 5581 0.00026485
5582 5581 0.00026485
5578 5582 0.00026521
5583 5582 0.00026521
5584 5582 0.00026521
5265 5584 0.14265
5585 5584 0.14265
6124 5584 0.14265
1596 5750 0.00020876
2796 5750 0.00020876
5751 5750 0.00020876
5754 5750 0.00020876
5750 5751 0.0046889
7123 5751 0.0046889
1112 5752 0.00020876
5753 5752 0.00020876
7122 5752 0.00020876
5752 5753 0.0046889
7233 5753 0.0046889
1596 5755 0.0050746
2796 5755 0.0050746
5751 5755 0.0050746
5754 5755 0.0050746
2558 5800 0.0056766
5801 5800 0.0056766
5803 5800 0.0056766
2558 5802 0.99432
5801 5802 0.99432
5803 5802 0.99432
1610 6003 0.020622
2527 6003 0.020622
2528 6003 0.020622
6004 6003 0.020622
24 6004 0.012036
894 6004 0.012036
1646 6004 0.012036
6003 6004 0.012036
934 6005 0.0054395
937 6005 0.0054395
6006 6005 0.0054395
2529 6006 0.0024255
2530 6006 0.0024255
2535 6006 0.0024255
6005 6006 0.0024255
1608 6007 0.0015627
2531 6007 0.0015627
6008 6007 0.0015627
897 6008 0.0022804
898 6008 0.0022804
2532 6008 0.0022804
6007 6008 0.0022804
1045 6013 0.00031857
6014 6013 0.00031857
6246 6013 0.00031857
1049 6014 0.0088525
6013 6014 0.0088525
7236 6014 0.0088525
811 6016 0.001173
4582 6016 0.001173
6015 6016 0.001173
1594 6017 0.0092848
6016 6017 0.0092848
6018 6017 0.0092848
1048 6018 0.00075079
1051 6018 0.00075079
6017 6018 0.00075079
4543 6025 0.0011999
6026 6025 0.0011999
6028 6025 0.0011999
2567 6026 0.0021209
3566 6026 0.0021209
6025 6026 0.0021209
4543 6027 0.0035559
6026 6027 0.0035559
6028 6027 0.0035559
2566 6028 0.00050743
2569 6028 0.00050743
6027 6028 0.00050743
2548 6029 0.0026485
2551 6029 0.0026485
6030 6029 0.0026485
2564 6030 0.00048775
3565 6030 0.00048775
6029 6030 0.00048775
283 6035 0.0011275
4630 6035 0.0011275
6036 6035 0.0011275
18 6036 0.13814
2557 6036 0.13814
6035 6036 0.13814
261 6043 0.00019968
440 6043 0.00019968
6044 6043 0.00019968
1069 6044 0.0012702
1072 6044 0.0012702
6043 6044 0.0012702
250 6045 0.00019085
1073 6045 0.00019085
6046 6045 0.00019085
1081 6046 0.00028752
1082 6046 0.00028752
6045 6046 0.00028752
259 6047 0.0035534
1080 6047 0.0035534
6048 6047 0.0035534
255 6049 0.0037287
258 6049 0.0037287
6050 6049 0.0037287
247 6051 0.0013072
439 6051 0.0013072
6052 6051 0.0013072
260 6052 0.00022672
1068 6052 0.00022672
1071 6052 0.00022672
6051 6052 0.00022672
235 6055 0.012082
460 6055 0.012082
6056 6055 0.012082
456 6056 0.00062831
457 6056 0.00062831
6055 6056 0.00062831
221 6063 0.00054634
3390 6063 0.00054634
6064 6063 0.00054634
3378 6064 0.0040254
3379 6064 0.0040254
6063 6064 0.0040254
61 6069 0.00099906
4612 6069 0.00099906
6070 6069 0.00099906
1111 6070 0.00036865
1476 6070 0.00036865
6069 6070 0.00036865
2903 6130 0.00027977
6129 6130 0.00027977
6132 6130 0.00027977
2905 6132 0.00027977
6131 6132 0.00027977
6134 6132 0.00027977
2907 6134 0.00026401
6133 6134 0.00026401
6136 6134 0.00026401
2909 6136 0.00026326
3899 6136 0.00026326
6135 6136 0.00026326
6242 6241 0.14269
6244 6241 0.14269
6861 6241 0.14269
1502 6253 0.0042263
1505 6253 0.0042263
6254 6253 0.0042263
6253 6254 0.00036121
6264 6254 0.00036121
6266 6254 0.00036121
2943 6255 0.1421
6256 6255 0.1421
6259 6255 0.1421
6263 6255 0.1421
3447 6257 0.020132
4646 6257 0.020132
6258 6257 0.020132
1506 6258 0.0033662
4632 6258 0.0033662
6257 6258 0.0033662
6262 6258 0.0033662
2941 6259 0.062603
6260 6259 0.062603
6261 6259 0.062603
2943 6260 0.0017345
6256 6260 0.0017345
6259 6260 0.0017345
6263 6260 0.0017345
1506 6261 0.019726
4632 6261 0.019726
6257 6261 0.019726
6262 6261 0.019726
2941 6262 0.0065502
6260 6262 0.0065502
6261 6262 0.0065502
6253 6263 0.0042263
6264 6263 0.0042263
6266 6263 0.0042263
2943 6264 0.00036121
6256 6264 0.00036121
6259 6264 0.00036121
6263 6264 0.00036121
2877 6445 0.0010562
2882 6445 0.0010562
6443 6445 0.0010562
6446 6445 0.0010562
2883 6446 0.00051767
6445 6446 0.00051767
6448 6446 0.00051767
2883 6447 0.0010405
6445 6447 0.0010405
6448 6447 0.0010405
523 6448 0.0006351
564 6448 0.0006351
6447 6448 0.0006351
3409 6451 0.0022204
3414 6451 0.0022204
6452 6451 0.0022204
4616 6453 0.0097619
6451 6453 0.0097619
6454 6453 0.0097619
3416 6455 0.0091767
3417 6455 0.0091767
6453 6455 0.0091767
6456 6455 0.0091767
4611 6457 0.0065646
6455 6457 0.0065646
6458 6457 0.0065646
6071 6459 0.0065646
6457 6459 0.0065646
6460 6459 0.0065646
561 6461 0.0068225
3433 6461 0.0068225
6459 6461 0.0068225
6462 6461 0.0068225
2542 6714 0.85731
6715 6714 0.85731
2560 6786 0.053973
6787 6786 0.053973
4945 6788 0.0056766
6789 6788 0.0056766
1034 6861 0.14269
6862 6861 0.14269
5750 7122 0.00020876
7123 7122 0.00020876
1112 7123 0.0046889
5753 7123 0.0046889
7122 7123 0.0046889
733 7126 0.00012882
7127 7126 0.00012882
727 7127 0.81289
731 7127 0.81289
7126 7127 0.81289
6053 7155 0.85332
7154 7155 0.85332
7240 7155 0.85332
3397 7214 0.85719
7215 7214 0.85719
7214 7216 0.85719
7217 7216 0.85719
5752 7232 0.00020876
7233 7232 0.00020876
15 7233 0.0046889
6714 7233 0.0046889
7232 7233 0.0046889
11 7234 0.59062
7235 7234 0.59062
2205 7236 0.85731
7237 7236 0.85731
1052 7238 0.85731
7239 7238 0.85731
447 7240 0.85332
7241 7240 0.85332
1070 7242 0.0015852
7243 7242 0.0015852
448 7243 0.0055784
7238 7243 0.0055784
7242 7243 0.0055784
3401 7244 0.85719
7245 7244 0.85719
267 7246 0.00024233
7247 7246 0.00024233
270 7247 0.0041116
6049 7247 0.0041116
7246 7247 0.0041116
