522 521 0.054404
736 521 0.054404
3419 521 0.054404
3434 521 0.054404
521 522 0.00040341
3424 522 0.00040341
3890 522 0.00040341
547 548 0.00011101
2073 548 0.00011101
7094 548 0.00011101
522 735 0.00024843
736 735 0.00024843
3419 735 0.00024843
3434 735 0.00024843
735 736 0.054916
737 736 0.054916
740 736 0.054916
738 737 0.054922
2913 737 0.054922
5577 737 0.054922
735 738 0.00025316
737 738 0.00025316
740 738 0.00025316
786 785 0.0020687
2261 785 0.0020687
2264 785 0.0020687
3989 785 0.0020687
785 786 0.28605
3973 786 0.28605
3976 786 0.28605
3977 786 0.28605
948 950 0.00019517
951 950 0.00019517
6355 950 0.00019517
950 951 0.00073995
6352 951 0.00073995
6353 951 0.00073995
6356 951 0.00073995
994 995 0.00015798
997 995 0.00015798
2076 995 0.00015798
2077 995 0.00015798
6874 1128 0.00013774
5085 1129 0.0039913
5267 1129 0.0039913
1232 1233 0.99965
7249 1233 0.99965
1235 1234 0.00040756
7248 1234 0.00040756
7250 1234 0.00040756
1234 1235 0.00010091
5816 1235 0.00010091
6117 1235 0.00010091
1272 1273 0.00015391
1275 1273 0.00015391
3170 1273 0.00015391
1277 1276 0.00013044
1278 1276 0.00013044
2869 1276 0.00013044
1273 1277 0.00064995
1276 1277 0.00064995
3172 1277 0.00064995
1279 1278 0.0002517
1280 1278 0.0002517
3174 1278 0.0002517
1277 1279 0.00067117
1278 1279 0.00067117
2869 1279 0.00067117
1281 1280 0.00077216
1284 1280 0.00077216
3178 1280 0.00077216
1279 1281 0.0025055
1280 1281 0.0025055
3174 1281 0.0025055
1283 1282 0.0028871
1708 1282 0.0028871
4653 1282 0.0028871
1282 1283 0.0028691
1285 1283 0.0028691
3954 1283 0.0028691
1282 1284 0.0028559
1285 1284 0.0028559
3954 1284 0.0028559
1281 1285 0.0027389
1284 1285 0.0027389
3178 1285 0.0027389
1014 1299 0.00011455
1298 1299 0.00011455
3592 1299 0.00011455
1528 1530 0.0083829
1531 1530 0.0083829
3303 1530 0.0083829
1530 1531 0.0045591
1533 1531 0.0045591
2850 1531 0.0045591
1530 1532 0.00078756
1533 1532 0.00078756
2850 1532 0.00078756
1532 1533 0.00055085
2851 1533 0.00055085
3339 1533 0.00055085
1283 1707 0.99998
1708 1707 0.99998
4653 1707 0.99998
1709 1711 0.0021345
1712 1711 0.0021345
3179 1711 0.0021345
1711 1712 0.00028417
1714 1712 0.00028417
3175 1712 0.00028417
1711 1713 0.00062048
1714 1713 0.00062048
3175 1713 0.00062048
5576 1966 0.94533
5579 1966 0.94533
2071 2072 0.00011967
6238 2072 0.00011967
6239 2072 0.00011967
2072 2073 0.00036655
2074 2073 0.00036655
2075 2073 0.00036655
3906 2073 0.00036655
994 2075 0.00033441
997 2075 0.00033441
2076 2075 0.00033441
2077 2075 0.00033441
2078 2077 0.00040704
2358 2077 0.00040704
2361 2077 0.00040704
6371 2077 0.00040704
2259 2261 0.00015514
2262 2261 0.00015514
5859 2261 0.00015514
786 2262 0.00022775
2261 2262 0.00022775
2264 2262 0.00022775
3989 2262 0.00022775
786 2263 0.28602
2261 2263 0.28602
2264 2263 0.28602
3989 2263 0.28602
2263 2264 0.0020449
2266 2264 0.0020449
3959 2264 0.0020449
2263 2265 0.28603
2266 2265 0.28603
3959 2265 0.28603
2265 2266 0.0020449
2268 2266 0.0020449
3975 2266 0.0020449
2265 2267 1
2268 2267 1
3975 2267 1
2353 2352 0.0037497
3337 2352 0.0037497
2352 2353 0.0010205
2355 2353 0.0010205
5269 2353 0.0010205
2352 2354 0.0032475
2355 2354 0.0032475
5269 2354 0.0032475
2354 2355 0.00021409
2357 2355 0.00021409
2354 2356 0.00030188
2357 2356 0.00030188
2356 2357 0.00025598
2359 2357 0.00025598
6362 2357 0.00025598
7160 2357 0.00025598
2356 2358 0.00032427
2359 2358 0.00032427
6362 2358 0.00032427
7160 2358 0.00032427
2078 2359 0.00015552
2358 2359 0.00015552
2361 2359 0.00015552
6371 2359 0.00015552
2753 2752 0.99996
3327 2752 0.99996
5237 2752 0.99996
1530 2849 0.0085403
1533 2849 0.0085403
2850 2849 0.0085403
600 2850 0.0049532
2849 2850 0.0049532
3344 2850 0.0049532
3345 2850 0.0049532
1277 2870 0.00012325
1278 2870 0.00012325
2869 2870 0.00012325
2911 2913 0.0030869
2914 2913 0.0030869
6130 2913 0.0030869
3122 3121 0.0052975
5270 3121 0.0052975
6233 3121 0.0052975
3121 3122 0.0011812
3328 3122 0.0011812
3329 3122 0.0011812
3124 3123 0.00026556
3307 3123 0.00026556
3308 3123 0.00026556
3637 3123 0.00026556
3123 3125 0.00024962
3126 3125 0.00024962
3312 3125 0.00024962
3125 3127 0.00011328
3128 3127 0.00011328
5949 3127 0.00011328
3135 3136 0.00013671
5948 3136 0.00013671
5953 3136 0.00013671
3138 3137 0.0034848
5832 3137 0.0034848
6422 3137 0.0034848
3137 3138 0.0009117
3302 3138 0.0009117
3338 3138 0.0009117
1717 3170 0.00015415
3171 3170 0.00015415
3176 3170 0.00015415
1713 3172 0.00050311
3173 3172 0.00050311
3177 3172 0.00050311
1273 3173 0.00010124
1276 3173 0.00010124
3172 3173 0.00010124
1711 3174 0.0018508
1714 3174 0.0018508
3175 3174 0.0018508
1279 3175 0.00053688
1280 3175 0.00053688
3174 3175 0.00053688
1713 3176 0.00015415
3173 3176 0.00015415
3177 3176 0.00015415
1709 3178 0.00028417
1712 3178 0.00028417
3179 3178 0.00028417
1281 3179 0.0021345
1284 3179 0.0021345
3178 3179 0.0021345
1528 3302 0.0045591
1531 3302 0.0045591
3303 3302 0.0045591
3137 3303 0.0083829
3302 3303 0.0083829
3338 3303 0.0083829
3136 3304 0.0028539
3305 3304 0.0028539
3306 3304 0.0028539
3124 3306 0.0027929
3307 3306 0.0027929
3308 3306 0.0027929
3637 3306 0.0027929
3320 3321 0.00050093
6977 3321 0.00050093
7096 3321 0.00050093
3323 3322 0.0001255
3324 3322 0.0001255
7103 3322 0.0001255
3321 3323 0.00096936
3322 3323 0.00096936
7097 3323 0.00096936
3325 3324 0.00054704
3326 3324 0.00054704
7099 3324 0.00054704
3323 3325 0.0035544
3324 3325 0.0035544
7103 3325 0.0035544
2753 3326 0.0024779
3327 3326 0.0024779
5237 3326 0.0024779
3325 3327 0.0035915
3326 3327 0.0035915
7099 3327 0.0035915
2353 3328 0.99755
3337 3328 0.99755
3333 3335 0.00039482
3336 3335 0.00039482
6225 3335 0.00039482
3137 3337 1.0003
3302 3337 1.0003
3338 3337 1.0003
3343 3338 1.0015
3639 3338 1.0015
3962 3338 1.0015
3340 3339 0.00055085
3342 3339 0.00055085
3960 3339 0.00055085
1532 3340 0.00078756
2851 3340 0.00078756
3339 3340 0.00078756
3340 3341 0.00078756
3342 3341 0.00078756
3960 3341 0.00078756
3341 3342 0.00055085
3346 3342 0.00055085
4684 3342 0.00055085
600 3343 0.0092708
2849 3343 0.0092708
3344 3343 0.0092708
3345 3343 0.0092708
3343 3344 0.0054471
3639 3344 0.0054471
3962 3344 0.0054471
3341 3345 0.00078876
3346 3345 0.00078876
4684 3345 0.00078876
600 3346 0.00055207
2849 3346 0.00055207
3344 3346 0.00055207
3345 3346 0.00055207
521 3423 0.055097
3424 3423 0.055097
3890 3423 0.055097
1966 3424 0.0004242
3423 3424 0.0004242
3427 3430 0.00068617
3429 3430 0.00068617
6139 3430 0.00068617
6461 3430 0.00068617
522 3433 0.0006914
736 3433 0.0006914
3419 3433 0.0006914
3434 3433 0.0006914
3182 3592 0.00011743
3591 3592 0.00011743
3594 3592 0.00011743
2870 3594 0.00012325
3181 3594 0.00012325
3593 3594 0.00012325
3638 3637 0.0031002
3640 3637 0.0031002
5268 3637 0.0031002
3124 3638 0.0001314
3307 3638 0.0001314
3308 3638 0.0001314
3637 3638 0.0001314
3638 3639 0.00083136
3640 3639 0.00083136
5268 3639 0.00083136
3343 3640 0.0031339
3639 3640 0.0031339
3962 3640 0.0031339
3425 3890 0.00071765
3430 3890 0.00071765
3891 3890 0.00071765
3898 3899 0.0030863
5581 3899 0.0030863
5935 3899 0.0030863
1237 3903 0.00034842
3902 3903 0.00034842
6118 3903 0.00034842
3907 3906 0.00014309
4019 3906 0.00014309
6228 3906 0.00014309
6358 3906 0.00014309
2072 3907 0.00021448
2074 3907 0.00021448
2075 3907 0.00021448
3906 3907 0.00021448
1299 3954 0.0001318
3955 3954 0.0001318
3956 3954 0.0001318
4685 3962 1
5086 3962 1
1129 3964 0.00063549
3963 3964 0.00063549
3974 3973 1
3979 3973 1
5256 3973 1
785 3975 0.73155
3973 3975 0.73155
3976 3975 0.73155
3977 3975 0.73155
2265 3976 0.015535
2268 3976 0.015535
3975 3976 0.015535
3980 3979 1
3981 3979 1
3985 3979 1
2219 3981 1
3982 3981 1
3983 3981 1
3984 3983 1
2859 3989 0.0002268
3990 3989 0.0002268
3991 3989 0.0002268
786 3990 0.00015419
2261 3990 0.00015419
2264 3990 0.00015419
3989 3990 0.00015419
3166 3991 0.0002268
3992 3991 0.0002268
3993 3991 0.0002268
2859 3992 0.00015419
3990 3992 0.00015419
3991 3992 0.00015419
3994 3993 0.0002268
3995 3993 0.0002268
3999 3993 0.0002268
3166 3994 0.00015419
3992 3994 0.00015419
3993 3994 0.00015419
3998 3997 0.00015419
4000 3997 0.00015419
3997 3998 0.0002268
4651 3998 0.0002268
5860 3998 0.0002268
3998 3999 0.0002268
4000 3999 0.0002268
3994 4000 0.00015419
3995 4000 0.00015419
3999 4000 0.00015419
4020 4019 0.00062434
6232 4019 0.00062434
6351 4019 0.00062434
3907 4020 0.00024359
4019 4020 0.00024359
6228 4020 0.00024359
6358 4020 0.00024359
2267 4653 1
4652 4653 1
6742 4685 0.99998
4685 5085 0.0039697
5086 5085 0.0039697
5087 5086 0.0039913
5271 5086 0.0039913
1129 5087 0.003356
3963 5087 0.003356
1128 5091 0.00013778
5092 5091 0.00013778
3121 5237 1.0017
3328 5237 1.0017
3329 5237 1.0017
3638 5267 0.00015938
3640 5267 0.00015938
5268 5267 0.00015938
3138 5268 0.00082564
5832 5268 0.00082564
6422 5268 0.00082564
3122 5269 0.0010414
5270 5269 0.0010414
6233 5269 0.0010414
2753 5270 0.0028142
3327 5270 0.0028142
5237 5270 0.0028142
3964 5271 0.00063549
6738 5271 0.00063549
738 5576 0.0026524
2913 5576 0.0026524
5577 5576 0.0026524
5576 5577 0.054238
5579 5577 0.054238
5578 5579 0.99691
5583 5579 0.99691
5584 5579 0.99691
1233 5581 0.0031049
5580 5581 0.0031049
5582 5581 0.0031049
1233 5583 0.99659
5580 5583 0.99659
5582 5583 0.99659
5265 5584 0.00033963
5585 5584 0.00033963
6124 5584 0.00033963
5818 5819 0.00031997
6126 5819 0.00031997
6128 5819 0.00031997
3335 5822 0.0014923
5823 5822 0.0014923
5831 5822 0.0014923
6967 5822 0.0014923
5822 5823 0.00044653
6963 5823 0.00044653
7102 5823 0.00044653
7104 5823 0.00044653
5825 5824 0.00024183
5826 5824 0.00024183
5830 5824 0.00024183
5824 5825 0.0014792
6964 5825 0.0014792
7100 5825 0.0014792
3335 5830 0.00025086
5823 5830 0.00025086
5831 5830 0.00025086
6967 5830 0.00025086
5825 5831 0.0014389
5826 5831 0.0014389
5830 5831 0.0014389
2352 5832 0.00073715
2355 5832 0.00073715
5269 5832 0.00073715
5091 5837 0.00011063
5838 5837 0.00011063
3997 5859 0.00015419
4651 5859 0.00015419
5860 5859 0.00015419
2259 5860 0.0002268
2262 5860 0.0002268
5859 5860 0.0002268
3125 5948 0.00014278
3128 5948 0.00014278
5949 5948 0.00014278
1237 6117 0.00010091
3902 6117 0.00010091
6118 6117 0.00010091
1234 6118 0.00040756
5816 6118 0.00040756
6117 6118 0.00040756
5819 6124 0.00032152
5821 6124 0.00032152
6123 6124 0.00032152
1246 6128 0.00029452
3901 6128 0.00029452
3903 6128 0.00029452
6127 6128 0.00029452
2903 6130 0.0030869
6129 6130 0.0030869
6132 6130 0.0030869
2905 6132 0.0030869
6131 6132 0.0030869
6134 6132 0.0030869
2907 6134 0.0030722
6133 6134 0.0030722
6136 6134 0.0030722
2909 6136 0.0030863
3899 6136 0.0030863
6135 6136 0.0030863
548 6225 0.0003482
6226 6225 0.0003482
6227 6225 0.0003482
6230 6225 0.0003482
3907 6227 0.00077346
4019 6227 0.00077346
6228 6227 0.00077346
6358 6227 0.00077346
548 6229 0.00053811
6226 6229 0.00053811
6227 6229 0.00053811
6230 6229 0.00053811
4020 6231 0.0022576
6232 6231 0.0022576
6351 6231 0.0022576
6231 6232 0.00045886
6234 6232 0.00045886
6354 6232 0.00045886
6231 6233 0.002893
6234 6233 0.002893
6354 6233 0.002893
3122 6234 0.00054956
5270 6234 0.00054956
6233 6234 0.00054956
950 6351 0.0022261
6352 6351 0.0022261
6353 6351 0.0022261
6356 6351 0.0022261
2354 6353 0.0029875
2357 6353 0.0029875
948 6354 0.00073995
951 6354 0.00073995
6355 6354 0.00073995
6231 6355 0.00019517
6234 6355 0.00019517
6354 6355 0.00019517
950 6357 0.00028523
6352 6357 0.00028523
6353 6357 0.00028523
6356 6357 0.00028523
995 6358 0.00033583
6359 6358 0.00033583
6360 6358 0.00033583
6357 6360 0.00024961
6361 6360 0.00024961
3140 6371 0.00026437
6372 6371 0.00026437
6373 6371 0.00026437
6407 6371 0.00026437
3143 6373 0.00021583
3146 6373 0.00021583
6374 6373 0.00021583
6375 6373 0.00021583
6376 6375 0.00019364
6377 6375 0.00019364
6417 6375 0.00019364
5952 6377 0.00015149
6378 6377 0.00015149
6379 6377 0.00015149
3127 6379 0.00010511
3130 6379 0.00010511
6380 6379 0.00010511
6381 6379 0.00010511
6416 6415 0.00011339
6418 6415 0.00011339
6419 6415 0.00011339
6416 6417 0.00010714
6418 6417 0.00010714
6419 6417 0.00010714
3304 6419 0.00021706
6420 6419 0.00021706
6421 6419 0.00021706
3138 6421 0.00024571
5832 6421 0.00024571
6422 6421 0.00024571
3304 6422 0.0029073
6420 6422 0.0029073
6421 6422 0.0029073
561 6461 0.00070203
3433 6461 0.00070203
6459 6461 0.00070203
6462 6461 0.00070203
1707 6742 0.99998
4655 6742 0.99998
5085 6873 0.00013774
5267 6873 0.00013774
6873 6874 0.00013774
5824 6963 0.0017006
6964 6963 0.0017006
7100 6963 0.0017006
5822 6964 0.0010442
6963 6964 0.0010442
7102 6964 0.0010442
7104 6964 0.0010442
3335 6968 0.00055419
5823 6968 0.00055419
5831 6968 0.00055419
6967 6968 0.00055419
6969 6971 0.00012646
6972 6971 0.00012646
6975 6971 0.00012646
7066 6971 0.00012646
6971 6972 0.00010063
6974 6972 0.00010063
7064 6972 0.00010063
6971 6973 0.00024487
6974 6973 0.00024487
7064 6973 0.00024487
6973 6975 0.00020276
6976 6975 0.00020276
6978 6975 0.00020276
6973 6977 0.00022992
6976 6977 0.00022992
6978 6977 0.00022992
3320 6978 0.00013823
6977 6978 0.00013823
7096 6978 0.00013823
6980 6979 0.00013517
7065 6979 0.00013517
7098 6979 0.00013517
6229 6980 0.00044909
6979 6980 0.00044909
7063 6980 0.00044909
6229 7064 0.00021646
6979 7064 0.00021646
7063 7064 0.00021646
6969 7065 0.00018039
6972 7065 0.00018039
6975 7065 0.00018039
7066 7065 0.00018039
6980 7066 0.000102
7065 7066 0.000102
7098 7066 0.000102
547 7093 0.00035363
2073 7093 0.00035363
7094 7093 0.00035363
3319 7096 0.00037763
5985 7096 0.00037763
7093 7096 0.00037763
7095 7096 0.00037763
6980 7097 0.00053551
7065 7097 0.00053551
7098 7097 0.00053551
3321 7098 0.00014319
3322 7098 0.00014319
7097 7098 0.00014319
5824 7099 0.00082314
6964 7099 0.00082314
7100 7099 0.00082314
3325 7100 0.0027169
3326 7100 0.0027169
7099 7100 0.0027169
6965 7102 0.00055419
6968 7102 0.00055419
7101 7102 0.00055419
5822 7103 0.0027254
6963 7103 0.0027254
7102 7103 0.0027254
7104 7103 0.0027254
3323 7104 0.00056189
3324 7104 0.00056189
7103 7104 0.00056189
5837 7111 0.00011063
6927 7111 0.00011063
7069 7111 0.00011063
7112 7111 0.00011063
1235 7249 0.99965
7248 7249 0.99965
7250 7249 0.99965
2752 7250 0.99996
7251 7250 0.99996
