10 9 0.0015648
1054 9 0.0015648
2200 9 0.0015648
9 10 0.00016548
1063 10 0.00016548
2210 10 0.00016548
24 23 0.0012096
894 23 0.0012096
1646 23 0.0012096
6003 23 0.0012096
23 25 0.0009944
26 25 0.0009944
1614 25 0.0009944
58 57 0.00083815
519 57 0.00083815
3418 57 0.00083815
57 58 0.00015192
60 58 0.00015192
4610 58 0.00015192
57 59 0.0040389
60 59 0.0040389
4610 59 0.0040389
59 60 0.00025089
3420 60 0.00025089
3421 60 0.00025089
67 221 0.00010534
71 221 0.00010534
222 221 0.00010534
3393 221 0.00010534
224 223 0.00011973
823 223 0.00011973
826 223 0.00011973
223 225 0.00013297
226 225 0.00013297
495 225 0.00013297
236 235 0.013843
819 235 0.013843
4580 235 0.013843
235 236 0.00067881
460 236 0.00067881
6056 236 0.00067881
245 247 0.00028266
248 247 0.00028266
441 247 0.00028266
250 249 0.00040542
1073 249 0.00040542
6046 249 0.00040542
251 253 0.00014598
254 253 0.00014598
1077 253 0.00014598
1078 253 0.00014598
253 255 0.00028114
256 255 0.00028114
436 255 0.00028114
1086 255 0.00028114
257 258 0.0041449
437 258 0.0041449
6047 258 0.0041449
260 259 0.0045245
1068 259 0.0045245
1071 259 0.0045245
6051 259 0.0045245
261 262 0.00029557
440 262 0.00029557
6044 262 0.00029557
268 267 0.00028267
3402 267 0.00028267
5255 267 0.00028267
267 268 0.004796
7247 268 0.004796
270 269 0.00027652
6049 269 0.00027652
7246 269 0.00027652
269 270 0.00047672
272 270 0.00047672
469 270 0.00047672
269 271 0.00014404
272 271 0.00014404
469 271 0.00014404
271 272 0.00048176
274 272 0.00048176
435 272 0.00048176
253 435 0.00047991
256 435 0.00047991
436 435 0.00047991
1086 435 0.00047991
271 436 0.00013515
274 436 0.00013515
435 436 0.00013515
261 439 0.0012626
440 439 0.0012626
6044 439 0.0012626
247 440 0.00024084
439 440 0.00024084
6052 440 0.00024084
262 441 0.00028266
442 441 0.00028266
1066 441 0.00028266
448 447 0.99534
7238 447 0.99534
7242 447 0.99534
456 455 0.00010787
457 455 0.00010787
6055 455 0.00010787
233 456 0.0045894
455 456 0.0045894
463 456 0.0045894
458 457 0.00065035
3398 457 0.00065035
3399 457 0.00065035
456 458 0.018492
457 458 0.018492
6055 458 0.018492
235 459 0.0016104
460 459 0.0016104
6056 459 0.0016104
459 460 0.0018058
461 460 0.0018058
464 460 0.0018058
462 461 0.0047797
817 461 0.0047797
820 461 0.0047797
459 462 0.00010281
461 462 0.00010281
464 462 0.00010281
459 463 0.0045894
461 463 0.0045894
464 463 0.0045894
233 464 0.00010787
455 464 0.00010787
463 464 0.00010787
269 470 0.00013908
272 470 0.00013908
469 470 0.00013908
517 518 0.00013705
595 518 0.00013705
3437 518 0.00013705
3440 518 0.00013705
522 521 0.48665
736 521 0.48665
3419 521 0.48665
3434 521 0.48665
521 522 0.00035225
3424 522 0.00035225
3890 522 0.00035225
524 523 0.00025135
1965 523 0.00025135
2884 523 0.00025135
523 563 0.0013607
564 563 0.0013607
6447 563 0.0013607
563 564 0.00073218
2888 564 0.00073218
4801 564 0.00073218
517 594 0.0018166
595 594 0.0018166
3437 594 0.0018166
3440 594 0.0018166
594 595 0.00037712
3408 595 0.00037712
3413 595 0.00037712
249 598 0.00010537
599 598 0.00010537
1074 598 0.00010537
2275 598 0.00010537
728 727 0.0054852
3375 727 0.0054852
4693 727 0.0054852
727 728 0.0062948
731 728 0.0062948
7126 728 0.0062948
732 731 0.94908
798 731 0.94908
7216 731 0.94908
727 732 0.00023552
731 732 0.00023552
7126 732 0.00023552
734 733 0.00014992
2879 733 0.00014992
5252 733 0.00014992
733 734 0.94818
7127 734 0.94818
522 735 0.00092009
736 735 0.00092009
3419 735 0.00092009
3434 735 0.00092009
735 736 0.48359
737 736 0.48359
740 736 0.48359
735 738 0.506
737 738 0.506
740 738 0.506
739 740 0.98861
2885 740 0.98861
5251 740 0.98861
762 763 0.000243
764 763 0.000243
3428 763 0.000243
796 795 0.042594
2875 795 0.042594
3441 795 0.042594
795 796 0.00053831
3577 796 0.00053831
4598 796 0.00053831
4615 796 0.00053831
732 797 0.054568
798 797 0.054568
7216 797 0.054568
797 798 0.0035558
2876 798 0.0035558
4596 798 0.0035558
809 811 0.0013682
812 811 0.0013682
1042 811 0.0013682
462 819 0.00010281
817 819 0.00010281
820 819 0.00010281
236 820 0.0047797
819 820 0.0047797
4580 820 0.0047797
470 826 0.00013312
825 826 0.00013312
828 826 0.00013312
895 894 0.00019298
896 894 0.00019298
1652 894 0.00019298
2534 894 0.00019298
923 922 0.00013122
924 922 0.00013122
4823 922 0.00013122
925 924 0.00010236
4822 924 0.00010236
4825 924 0.00010236
1043 1042 0.0013682
1044 1042 0.0013682
1595 1042 0.0013682
1045 1044 0.010326
6014 1044 0.010326
6246 1044 0.010326
1043 1045 0.0003716
1044 1045 0.0003716
1595 1045 0.0003716
1049 1048 0.99025
6013 1048 0.99025
7236 1048 0.99025
1048 1049 0.00020933
1051 1049 0.00020933
6017 1049 0.00020933
1048 1050 1
1051 1050 1
6017 1050 1
1050 1052 1
1053 1052 1
6019 1052 1
10 1055 0.99893
1054 1055 0.99893
2200 1055 0.99893
9 1062 0.0014404
1063 1062 0.0014404
2210 1062 0.0014404
922 1063 0.00012833
1062 1063 0.00012833
1649 1063 0.00012833
1069 1068 0.00059604
1072 1068 0.00059604
6043 1068 0.00059604
260 1069 0.0020539
1068 1069 0.0020539
1071 1069 0.0020539
6051 1069 0.0020539
260 1070 0.001849
1068 1070 0.001849
1071 1070 0.001849
6051 1070 0.001849
1070 1071 0.0065069
7243 1071 0.0065069
250 1072 0.00039029
1073 1072 0.00039029
6046 1072 0.00039029
1069 1073 0.00059939
1072 1073 0.00059939
6043 1073 0.00059939
249 1075 0.00030405
599 1075 0.00030405
1074 1075 0.00030405
2275 1075 0.00030405
1075 1077 0.00013495
1076 1077 0.00013495
1089 1077 0.00013495
1081 1080 0.00013567
1082 1080 0.00013567
6045 1080 0.00013567
259 1081 0.00047046
1080 1081 0.00047046
6048 1081 0.00047046
1081 1083 0.00024422
1082 1083 0.00024422
6045 1083 0.00024422
598 1085 0.00024934
1083 1085 0.00024934
1084 1085 0.00024934
1085 1086 0.00041393
1087 1086 0.00041393
1088 1086 0.00041393
1075 1088 0.00020145
1076 1088 0.00020145
1089 1088 0.00020145
1111 1110 0.0016088
1476 1110 0.0016088
6069 1110 0.0016088
1110 1111 0.00067405
2880 1111 0.00067405
2881 1111 0.00067405
1477 1476 0.00055946
3381 1476 0.00055946
3388 1476 0.00055946
1111 1477 0.00036008
1476 1477 0.00036008
6069 1477 0.00036008
1043 1594 0.0095705
1044 1594 0.0095705
1595 1594 0.0095705
1594 1595 0.00090512
6016 1595 0.00090512
6018 1595 0.00090512
1612 1614 0.00013497
1615 1614 0.00013497
2525 1614 0.00013497
2526 1614 0.00013497
23 1616 1.0003
26 1616 1.0003
1614 1616 1.0003
1645 1646 0.0011835
1648 1646 0.0011835
1647 1648 0.0011835
1650 1648 0.0011835
1651 1648 0.0011835
922 1650 0.0014052
1062 1650 0.0014052
1649 1650 0.0014052
1647 1652 0.00022892
1650 1652 0.00022892
1651 1652 0.00022892
5576 1966 0.50594
5579 1966 0.50594
2080 2079 0.00053778
7234 2079 0.00053778
2081 2080 0.00053488
2207 2080 0.00053488
2082 2081 0.00053488
2206 2081 0.00053488
1055 2082 1.0005
2083 2082 1.0005
2079 2083 0.0016055
2201 2083 0.0016055
1616 2200 1.0003
6248 2200 1.0003
25 2201 0.0010902
2202 2201 0.0010902
2536 2201 0.0010902
2082 2205 1
2206 2205 1
9 2209 0.0001251
1063 2209 0.0001251
2210 2209 0.0001251
1056 2213 0.00011329
2209 2213 0.00011329
2214 2213 0.00011329
1612 2524 0.00010037
1615 2524 0.00010037
2525 2524 0.00010037
2526 2524 0.00010037
1610 2526 0.00019247
2527 2526 0.00019247
2528 2526 0.00019247
6004 2526 0.00019247
2524 2536 0.00010978
2537 2536 0.00010978
2538 2536 0.00010978
797 2875 0.026595
2876 2875 0.026595
4596 2875 0.026595
796 2876 0.0095915
2875 2876 0.0095915
3441 2876 0.0095915
1110 2879 0.0021917
2880 2879 0.0021917
2881 2879 0.0021917
734 2880 0.0018873
2879 2880 0.0018873
5252 2880 0.0018873
2877 2881 0.00062849
2882 2881 0.00062849
6443 2881 0.00062849
6446 2881 0.00062849
1110 2882 0.0012589
2880 2882 0.0012589
2881 2882 0.0012589
2883 2884 0.00025135
6445 2884 0.00025135
6448 2884 0.00025135
2886 2885 0.0013907
2887 2885 0.0013907
2901 2885 0.0013907
739 2886 0.00074278
2885 2886 0.00074278
5251 2886 0.00074278
563 2887 0.0013907
2888 2887 0.0013907
4801 2887 0.0013907
2886 2888 0.00074278
2887 2888 0.00074278
2901 2888 0.00074278
2911 2913 0.00025587
2914 2913 0.00025587
6130 2913 0.00025587
3376 3375 0.0053527
3377 3375 0.0053527
3389 3375 0.0053527
4613 3375 0.0053527
728 3376 0.0063036
3375 3376 0.0063036
4693 3376 0.0063036
3378 3377 0.00090082
3379 3377 0.00090082
6063 3377 0.00090082
3376 3378 0.0052359
3377 3378 0.0052359
3389 3378 0.0052359
4613 3378 0.0052359
3380 3379 0.00037188
3387 3379 0.00037188
6065 3379 0.00037188
3378 3380 0.00064886
3379 3380 0.00064886
6063 3380 0.00064886
1477 3387 0.00036308
3381 3387 0.00036308
3388 3387 0.00036308
3380 3388 0.00057733
3387 3388 0.00057733
6065 3388 0.00057733
221 3389 0.0047404
3390 3389 0.0047404
6064 3389 0.0047404
3376 3390 0.00062085
3377 3390 0.00062085
3389 3390 0.00062085
4613 3390 0.00062085
458 3397 0.99986
3398 3397 0.99986
3399 3397 0.99986
3400 3399 0.98221
4579 3399 0.98221
7244 3399 0.98221
458 3400 0.00019257
3398 3400 0.00019257
3399 3400 0.00019257
268 3401 0.99986
3402 3401 0.99986
5255 3401 0.99986
518 3406 0.00013705
3403 3406 0.00013705
3405 3406 0.00013705
594 3407 0.0013259
3408 3407 0.0013259
3413 3407 0.0013259
3407 3408 0.00090865
3573 3408 0.00090865
3576 3408 0.00090865
3410 3409 0.0016314
3411 3409 0.0016314
3439 3409 0.0016314
3569 3409 0.0016314
3406 3411 0.00013705
3412 3411 0.00013705
6449 3411 0.00013705
3409 3413 0.00072037
3414 3413 0.00072037
6452 3413 0.00072037
594 3414 0.0017426
3408 3414 0.0017426
3413 3414 0.0017426
58 3417 0.00015192
519 3417 0.00015192
3418 3417 0.00015192
3416 3418 0.00083815
3417 3418 0.00083815
6453 3418 0.00083815
6456 3418 0.00083815
59 3419 0.0040389
3420 3419 0.0040389
3421 3419 0.0040389
522 3420 0.00025089
736 3420 0.00025089
3419 3420 0.00025089
3434 3420 0.00025089
521 3423 0.49428
3424 3423 0.49428
3890 3423 0.49428
1966 3424 0.00022703
3423 3424 0.00022703
763 3425 0.000243
3426 3425 0.000243
3427 3428 0.000243
3429 3428 0.000243
6139 3428 0.000243
6461 3428 0.000243
3425 3429 0.00012603
3430 3429 0.00012603
3891 3429 0.00012603
3427 3430 0.0076487
3429 3430 0.0076487
6139 3430 0.0076487
6461 3430 0.0076487
522 3433 0.0049612
736 3433 0.0049612
3419 3433 0.0049612
3434 3433 0.0049612
561 3434 0.0048016
3433 3434 0.0048016
6459 3434 0.0048016
6462 3434 0.0048016
3436 3435 0.0092724
3442 3435 0.0092724
3443 3435 0.0092724
4595 3435 0.0092724
3435 3436 0.00031584
3438 3436 0.00031584
3571 3436 0.00031584
3574 3436 0.00031584
3435 3437 0.0031945
3438 3437 0.0031945
3571 3437 0.0031945
3574 3437 0.0031945
517 3438 0.0002106
595 3438 0.0002106
3437 3438 0.0002106
3440 3438 0.0002106
517 3439 0.0015499
595 3439 0.0015499
3437 3439 0.0015499
3440 3439 0.0015499
3410 3440 0.00013335
3411 3440 0.00013335
3439 3440 0.00013335
3569 3440 0.00013335
3436 3441 0.027248
3442 3441 0.027248
3443 3441 0.027248
4595 3441 0.027248
796 3442 0.0021952
2875 3442 0.0021952
3441 3442 0.0021952
3435 3573 0.0064784
3438 3573 0.0064784
3571 3573 0.0064784
3574 3573 0.0064784
3407 3574 0.00050582
3573 3574 0.00050582
3576 3574 0.00050582
3407 3575 0.0067572
3573 3575 0.0067572
3576 3575 0.0067572
3575 3576 0.0003673
3578 3576 0.0003673
4617 3576 0.0003673
3575 3577 0.0018388
3578 3577 0.0018388
4617 3577 0.0018388
795 3578 0.0042667
3577 3578 0.0042667
4598 3578 0.0042667
4615 3578 0.0042667
3425 3890 0.0078799
3430 3890 0.0078799
3891 3890 0.0078799
521 3891 0.00012385
3424 3891 0.00012385
3890 3891 0.00012385
3898 3899 0.00023678
5581 3899 0.00023678
5935 3899 0.00023678
236 4579 0.00056652
819 4579 0.00056652
4580 4579 0.00056652
3400 4580 0.018408
4579 4580 0.018408
7244 4580 0.018408
797 4595 0.034815
2876 4595 0.034815
4596 4595 0.034815
3436 4596 0.00080604
3442 4596 0.00080604
3443 4596 0.00080604
4595 4596 0.00080604
795 4597 0.040823
3577 4597 0.040823
4598 4597 0.040823
4615 4597 0.040823
4597 4598 0.0011952
5250 4598 0.0011952
5253 4598 0.0011952
4611 4610 0.0033942
6455 4610 0.0033942
6458 4610 0.0033942
57 4611 0.00029247
60 4611 0.00029247
4610 4611 0.00029247
3376 4612 0.0011653
3377 4612 0.0011653
3389 4612 0.0011653
4613 4612 0.0011653
61 4613 0.00042999
4612 4613 0.00042999
6070 4613 0.00042999
3575 4616 0.0088957
3578 4616 0.0088957
4617 4616 0.0088957
225 4691 0.00014523
2186 4691 0.00014523
3371 4691 0.00014523
4692 4691 0.00014523
729 4693 0.00014523
4691 4693 0.00014523
4694 4693 0.00014523
4597 5251 0.98797
5250 5251 0.98797
5253 5251 0.98797
4597 5252 0.00018048
5250 5252 0.00018048
5253 5252 0.00018048
734 5253 0.94852
2879 5253 0.94852
5252 5253 0.94852
5254 5255 0.99534
7155 5255 0.99534
738 5576 0.50613
2913 5576 0.50613
5577 5576 0.50613
5576 5578 0.00023976
5579 5578 0.00023976
1233 5581 0.00023819
5580 5581 0.00023819
5582 5581 0.00023819
5578 5582 0.00023862
5583 5582 0.00023862
5584 5582 0.00023862
24 6004 0.00016959
894 6004 0.00016959
1646 6004 0.00016959
6003 6004 0.00016959
1045 6013 0.0003716
6014 6013 0.0003716
6246 6013 0.0003716
1049 6014 0.010326
6013 6014 0.010326
7236 6014 0.010326
811 6016 0.0013682
4582 6016 0.0013682
6015 6016 0.0013682
1594 6017 0.01083
6016 6017 0.01083
6018 6017 0.01083
1048 6018 0.00087575
1051 6018 0.00087575
6017 6018 0.00087575
261 6043 0.00023292
440 6043 0.00023292
6044 6043 0.00023292
1069 6044 0.0014816
1072 6044 0.0014816
6043 6044 0.0014816
250 6045 0.00022262
1073 6045 0.00022262
6046 6045 0.00022262
1081 6046 0.00033538
1082 6046 0.00033538
6045 6046 0.00033538
259 6047 0.0041449
1080 6047 0.0041449
6048 6047 0.0041449
255 6049 0.0043493
258 6049 0.0043493
6050 6049 0.0043493
247 6051 0.0015248
439 6051 0.0015248
6052 6051 0.0015248
260 6052 0.00026445
1068 6052 0.00026445
1071 6052 0.00026445
6051 6052 0.00026445
235 6055 0.014093
460 6055 0.014093
6056 6055 0.014093
456 6056 0.00073288
457 6056 0.00073288
6055 6056 0.00073288
221 6063 0.00063727
3390 6063 0.00063727
6064 6063 0.00063727
3378 6064 0.0046953
3379 6064 0.0046953
6063 6064 0.0046953
61 6069 0.0011653
4612 6069 0.0011653
6070 6069 0.0011653
1111 6070 0.00042999
1476 6070 0.00042999
6069 6070 0.00042999
2903 6130 0.00025587
6129 6130 0.00025587
6132 6130 0.00025587
2905 6132 0.00025587
6131 6132 0.00025587
6134 6132 0.00025587
2907 6134 0.00023795
6133 6134 0.00023795
6136 6134 0.00023795
2909 6136 0.00023678
3899 6136 0.00023678
6135 6136 0.00023678
2877 6445 0.0012319
2882 6445 0.0012319
6443 6445 0.0012319
6446 6445 0.0012319
2883 6446 0.00060343
6445 6446 0.00060343
6448 6446 0.00060343
2883 6447 0.0012136
6445 6447 0.0012136
6448 6447 0.0012136
523 6448 0.00074031
564 6448 0.00074031
6447 6448 0.00074031
3409 6451 0.0025899
3414 6451 0.0025899
6452 6451 0.0025899
4616 6453 0.011386
6451 6453 0.011386
6454 6453 0.011386
3416 6455 0.010703
3417 6455 0.010703
6453 6455 0.010703
6456 6455 0.010703
4611 6457 0.0076497
6455 6457 0.0076497
6458 6457 0.0076497
6071 6459 0.0076497
6457 6459 0.0076497
6460 6459 0.0076497
561 6461 0.0078419
3433 6461 0.0078419
6459 6461 0.0078419
6462 6461 0.0078419
733 7126 0.00014992
7127 7126 0.00014992
727 7127 0.94818
731 7127 0.94818
7126 7127 0.94818
6053 7155 0.99534
7154 7155 0.99534
7240 7155 0.99534
3397 7214 0.99986
7215 7214 0.99986
7214 7216 0.99986
7217 7216 0.99986
2205 7236 1
7237 7236 1
1052 7238 1
7239 7238 1
447 7240 0.99534
7241 7240 0.99534
1070 7242 0.001849
7243 7242 0.001849
448 7243 0.0065069
7238 7243 0.0065069
7242 7243 0.0065069
3401 7244 0.99986
7245 7244 0.99986
267 7246 0.00028267
7247 7246 0.00028267
270 7247 0.004796
6049 7247 0.004796
7246 7247 0.004796
