548 547 0.018771
6226 547 0.018771
6227 547 0.018771
6230 547 0.018771
547 548 0.022369
2073 548 0.022369
7094 548 0.022369
948 950 0.02564
951 950 0.02564
6355 950 0.02564
950 951 0.010718
6352 951 0.010718
6353 951 0.010718
6356 951 0.010718
995 994 0.091997
6359 994 0.091997
6360 994 0.091997
994 995 0.026244
997 995 0.026244
2076 995 0.026244
2077 995 0.026244
994 996 0.065343
997 996 0.065343
2076 996 0.065343
2077 996 0.065343
996 997 0.035447
3119 997 0.035447
4790 997 0.035447
6237 997 0.035447
2072 2071 0.0034252
2074 2071 0.0034252
2075 2071 0.0034252
3906 2071 0.0034252
2071 2072 0.16572
6238 2072 0.16572
6239 2072 0.16572
2072 2073 0.028492
2074 2073 0.028492
2075 2073 0.028492
3906 2073 0.028492
547 2074 0.027135
2073 2074 0.027135
7094 2074 0.027135
994 2075 0.43203
997 2075 0.43203
2076 2075 0.43203
2077 2075 0.43203
2072 2076 0.015049
2074 2076 0.015049
2075 2076 0.015049
3906 2076 0.015049
2078 2077 0.39147
2358 2077 0.39147
2361 2077 0.39147
6371 2077 0.39147
994 2078 0.010345
997 2078 0.010345
2076 2078 0.010345
2077 2078 0.010345
2348 2349 0.00016601
5239 2349 0.00016601
5739 2349 0.00016601
2353 2352 0.65904
3337 2352 0.65904
2352 2353 0.0002956
2355 2353 0.0002956
5269 2353 0.0002956
2352 2354 0.68461
2355 2354 0.68461
5269 2354 0.68461
2354 2356 0.46528
2357 2356 0.46528
2356 2357 0.00080369
2359 2357 0.00080369
6362 2357 0.00080369
7160 2357 0.00080369
2356 2358 0.50206
2359 2358 0.50206
6362 2358 0.50206
7160 2358 0.50206
2078 2359 0.00044923
2358 2359 0.00044923
2361 2359 0.00044923
6371 2359 0.00044923
2078 2360 0.13246
2358 2360 0.13246
2361 2360 0.13246
6371 2360 0.13246
2360 2361 0.0017177
2363 2361 0.0017177
3120 2361 0.0017177
2360 2362 0.011204
2363 2362 0.011204
3120 2362 0.011204
2362 2363 0.0020909
2365 2363 0.0020909
6395 2363 0.0020909
2362 2364 0.011194
2365 2364 0.011194
6395 2364 0.011194
2364 2365 0.00021435
2367 2365 0.00021435
6366 2365 0.00021435
6367 2365 0.00021435
2364 2366 0.00039285
2367 2366 0.00039285
6366 2366 0.00039285
6367 2366 0.00039285
3118 3117 0.00012171
6390 3117 0.00012171
6391 3117 0.00012171
2360 3119 0.12346
2363 3119 0.12346
3120 3119 0.12346
996 3120 0.0018298
3119 3120 0.0018298
4790 3120 0.0018298
6237 3120 0.0018298
3122 3121 0.00035272
5270 3121 0.00035272
6233 3121 0.00035272
3121 3122 0.2744
3328 3122 0.2744
3329 3122 0.2744
3124 3123 0.00019915
3307 3123 0.00019915
3308 3123 0.00019915
3637 3123 0.00019915
3123 3125 0.00019172
3126 3125 0.00019172
3312 3125 0.00019172
3125 3127 0.00017118
3128 3127 0.00017118
5949 3127 0.00017118
3136 3135 0.00022981
3305 3135 0.00022981
3306 3135 0.00022981
3138 3137 0.00067946
5832 3137 0.00067946
6422 3137 0.00067946
3140 3139 0.0018908
6372 3139 0.0018908
6373 3139 0.0018908
6407 3139 0.0018908
3139 3140 0.0010256
3910 3140 0.0010256
6112 3140 0.0010256
3142 3141 0.0015055
6414 3141 0.0015055
6415 3141 0.0015055
3141 3143 0.0019498
3144 3143 0.0019498
4787 3143 0.0019498
3143 3144 0.00016749
3146 3144 0.00016749
6374 3144 0.00016749
6375 3144 0.00016749
3143 3145 0.0012155
3146 3145 0.0012155
6374 3145 0.0012155
6375 3145 0.0012155
3145 3146 0.00015524
3148 3146 0.00015524
3911 3146 0.00015524
6109 3146 0.00015524
3145 3147 0.00061515
3148 3147 0.00061515
3911 3147 0.00061515
6109 3147 0.00061515
3304 3305 0.00021582
6420 3305 0.00021582
6421 3305 0.00021582
3316 3317 0.00037371
7005 3317 0.00037371
7008 3317 0.00037371
7088 3317 0.00037371
3319 3318 0.0012178
5985 3318 0.0012178
7093 3318 0.0012178
7095 3318 0.0012178
3318 3319 0.0014399
6983 3319 0.0014399
7092 3319 0.0014399
3321 3320 0.010792
3322 3320 0.010792
7097 3320 0.010792
3320 3321 0.006504
6977 3321 0.006504
7096 3321 0.006504
3323 3322 0.019074
3324 3322 0.019074
7103 3322 0.019074
3321 3323 0.0018769
3322 3323 0.0018769
7097 3323 0.0018769
3325 3324 0.021529
3326 3324 0.021529
7099 3324 0.021529
3323 3325 0.0034939
3324 3325 0.0034939
7103 3325 0.0034939
2753 3326 0.028411
3327 3326 0.028411
5237 3326 0.028411
3325 3327 0.00098083
3326 3327 0.00098083
7099 3327 0.00098083
2353 3328 0.34198
3337 3328 0.34198
3331 3332 0.0017047
5827 3332 0.0017047
5829 3332 0.0017047
3332 3333 0.0017047
3334 3333 0.0017047
3333 3335 0.00093001
3336 3335 0.00093001
6225 3335 0.00093001
3335 3336 0.0095465
5823 3336 0.0095465
5831 3336 0.0095465
6967 3336 0.0095465
3137 3337 1.0007
3302 3337 1.0007
3338 3337 1.0007
3638 3637 0.00027888
3640 3637 0.00027888
5268 3637 0.00027888
3907 3906 0.44375
4019 3906 0.44375
6228 3906 0.44375
6358 3906 0.44375
2072 3907 0.02168
2074 3907 0.02168
2075 3907 0.02168
3906 3907 0.02168
3145 3910 0.0007894
3148 3910 0.0007894
3911 3910 0.0007894
6109 3910 0.0007894
3139 3911 0.0002662
3910 3911 0.0002662
6112 3911 0.0002662
4020 4019 0.39894
6232 4019 0.39894
6351 4019 0.39894
3907 4020 0.0036426
4019 4020 0.0036426
6228 4020 0.0036426
6358 4020 0.0036426
4788 4787 0.00087863
6408 4787 0.00087863
6409 4787 0.00087863
3141 4788 0.00053144
3144 4788 0.00053144
4787 4788 0.00053144
996 4789 0.011899
3119 4789 0.011899
4790 4789 0.011899
6237 4789 0.011899
4789 4790 0.0043789
6240 4790 0.0043789
6365 4790 0.0043789
3121 5237 0.067934
3328 5237 0.067934
3329 5237 0.067934
3317 5239 0.00016468
5238 5239 0.00016468
7089 5239 0.00016468
3138 5268 0.00035075
5832 5268 0.00035075
6422 5268 0.00035075
3122 5269 0.031371
5270 5269 0.031371
6233 5269 0.031371
2753 5270 0.040504
3327 5270 0.040504
5237 5270 0.040504
3335 5822 0.0030299
5823 5822 0.0030299
5831 5822 0.0030299
6967 5822 0.0030299
5822 5823 0.0082236
6963 5823 0.0082236
7102 5823 0.0082236
7104 5823 0.0082236
5825 5824 0.00022799
5826 5824 0.00022799
5830 5824 0.00022799
5824 5825 0.0070153
6964 5825 0.0070153
7100 5825 0.0070153
5825 5827 0.0017047
5826 5827 0.0017047
5830 5827 0.0017047
3335 5830 0.00086177
5823 5830 0.00086177
5831 5830 0.00086177
6967 5830 0.00086177
5825 5831 0.0060318
5826 5831 0.0060318
5830 5831 0.0060318
2352 5832 0.0055373
2355 5832 0.0055373
5269 5832 0.0055373
3147 5950 0.00018612
5951 5950 0.00018612
6398 5950 0.00018612
6399 5950 0.00018612
3135 5952 0.00025205
5948 5952 0.00025205
5953 5952 0.00025205
2349 5985 0.00017703
5903 5985 0.00017703
5986 5985 0.00017703
7105 5985 0.00017703
3139 6111 0.0017903
3910 6111 0.0017903
6112 6111 0.0017903
6111 6112 0.0004019
6396 6112 0.0004019
6397 6112 0.0004019
6406 6112 0.0004019
548 6225 0.00079244
6226 6225 0.00079244
6227 6225 0.00079244
6230 6225 0.00079244
3333 6226 0.011026
3336 6226 0.011026
6225 6226 0.011026
3907 6227 0.018603
4019 6227 0.018603
6228 6227 0.018603
6358 6227 0.018603
548 6228 0.047764
6226 6228 0.047764
6227 6228 0.047764
6230 6228 0.047764
548 6229 0.0089128
6226 6229 0.0089128
6227 6229 0.0089128
6230 6229 0.0089128
6229 6230 0.024242
6979 6230 0.024242
7063 6230 0.024242
4020 6231 0.013645
6232 6231 0.013645
6351 6231 0.013645
6231 6232 0.2819
6234 6232 0.2819
6354 6232 0.2819
6231 6233 0.0031264
6234 6233 0.0031264
6354 6233 0.0031264
3122 6234 0.2863
5270 6234 0.2863
6233 6234 0.2863
2071 6237 0.0036881
6238 6237 0.0036881
6239 6237 0.0036881
996 6238 0.14769
3119 6238 0.14769
4790 6238 0.14769
6237 6238 0.14769
4789 6239 0.019456
6240 6239 0.019456
6365 6239 0.019456
2071 6240 0.0011657
6238 6240 0.0011657
6239 6240 0.0011657
950 6351 0.13868
6352 6351 0.13868
6353 6351 0.13868
6356 6351 0.13868
4020 6352 0.011642
6232 6352 0.011642
6351 6352 0.011642
2354 6353 0.2201
2357 6353 0.2201
948 6354 0.010718
951 6354 0.010718
6355 6354 0.010718
6231 6355 0.02564
6234 6355 0.02564
6354 6355 0.02564
6357 6356 0.00056549
6361 6356 0.00056549
950 6357 0.10855
6352 6357 0.10855
6353 6357 0.10855
6356 6357 0.10855
995 6358 0.053637
6359 6358 0.053637
6360 6358 0.053637
3907 6359 0.056015
4019 6359 0.056015
6228 6359 0.056015
6358 6359 0.056015
6357 6360 0.085148
6361 6360 0.085148
995 6361 0.021773
6359 6361 0.021773
6360 6361 0.021773
6357 6362 0.04461
6361 6362 0.04461
6364 6363 0.00031553
6410 6363 0.00031553
6411 6363 0.00031553
6363 6364 0.0077997
6943 6364 0.0077997
7165 6364 0.0077997
2364 6365 0.011012
2367 6365 0.011012
6366 6365 0.011012
6367 6365 0.011012
4789 6366 0.00024208
6240 6366 0.00024208
6365 6366 0.00024208
3117 6367 0.00017405
5957 6367 0.00017405
6368 6367 0.00017405
6369 6367 0.00017405
3140 6371 0.012962
6372 6371 0.012962
6373 6371 0.012962
6407 6371 0.012962
2078 6372 0.0026964
2358 6372 0.0026964
2361 6372 0.0026964
6371 6372 0.0026964
3143 6373 0.0044773
3146 6373 0.0044773
6374 6373 0.0044773
6375 6373 0.0044773
3140 6374 0.00089965
6372 6374 0.00089965
6373 6374 0.00089965
6407 6374 0.00089965
6376 6375 0.0028777
6377 6375 0.0028777
6417 6375 0.0028777
5952 6377 0.00037885
6378 6377 0.00037885
6379 6377 0.00037885
3127 6379 0.00013586
3130 6379 0.00013586
6380 6379 0.00013586
6381 6379 0.00013586
5950 6390 0.0001075
6389 6390 0.0001075
6405 6390 0.0001075
6111 6395 0.0022339
6396 6395 0.0022339
6397 6395 0.0022339
6406 6395 0.0022339
2362 6396 0.00036698
2365 6396 0.00036698
6395 6396 0.00036698
3147 6397 0.00057714
5951 6397 0.00057714
6398 6397 0.00057714
6399 6397 0.00057714
6111 6398 0.00016417
6396 6398 0.00016417
6397 6398 0.00016417
6406 6398 0.00016417
5950 6406 0.00013541
6389 6406 0.00013541
6405 6406 0.00013541
4788 6407 0.0081925
6408 6407 0.0081925
6409 6407 0.0081925
3140 6408 0.00063957
6372 6408 0.00063957
6373 6408 0.00063957
6407 6408 0.00063957
6364 6409 0.0081602
6410 6409 0.0081602
6411 6409 0.0081602
4788 6410 0.00026013
6408 6410 0.00026013
6409 6410 0.00026013
5834 6411 0.00073551
6412 6411 0.00073551
6413 6411 0.00073551
6364 6412 0.00031959
6410 6412 0.00031959
6411 6412 0.00031959
3142 6413 0.00073551
6414 6413 0.00073551
6415 6413 0.00073551
5834 6414 0.00031959
6412 6414 0.00031959
6413 6414 0.00031959
6416 6415 0.0019556
6418 6415 0.0019556
6419 6415 0.0019556
3142 6416 0.00010454
6414 6416 0.00010454
6415 6416 0.00010454
6416 6417 0.0025153
6418 6417 0.0025153
6419 6417 0.0025153
3304 6419 0.0043597
6420 6419 0.0043597
6421 6419 0.0043597
3138 6421 0.0045275
5832 6421 0.0045275
6422 6421 0.0045275
6939 6938 0.0020671
7067 6938 0.0020671
7163 6938 0.0020671
7164 6938 0.0020671
6938 6939 0.0014458
6941 6939 0.0014458
6949 6939 0.0014458
6938 6940 0.00046429
6941 6940 0.00046429
6949 6940 0.00046429
6940 6941 0.0018088
6942 6941 0.0018088
6945 6941 0.0018088
6947 6941 0.0018088
6363 6942 0.0018088
6943 6942 0.0018088
7165 6942 0.0018088
6940 6943 0.00046429
6942 6943 0.00046429
6945 6943 0.00046429
6947 6943 0.00046429
6938 6948 0.0025196
6941 6948 0.0025196
6949 6948 0.0025196
6948 6949 0.00055383
6950 6949 0.00055383
6953 6949 0.00055383
6948 6952 0.0025196
6950 6952 0.0025196
6953 6952 0.0025196
6952 6953 0.00055383
7161 6953 0.00055383
7162 6953 0.00055383
5824 6963 0.0050378
6964 6963 0.0050378
7100 6963 0.0050378
5822 6964 0.0024296
6963 6964 0.0024296
7102 6964 0.0024296
7104 6964 0.0024296
6965 6967 0.00095621
6968 6967 0.00095621
7101 6967 0.00095621
3335 6968 0.0027035
5823 6968 0.0027035
5831 6968 0.0027035
6967 6968 0.0027035
6969 6971 0.0078091
6972 6971 0.0078091
6975 6971 0.0078091
7066 6971 0.0078091
6971 6972 0.005421
6974 6972 0.005421
7064 6972 0.005421
6971 6973 0.011079
6974 6973 0.011079
7064 6973 0.011079
6973 6974 0.0064364
6976 6974 0.0064364
6978 6974 0.0064364
6973 6975 0.011599
6976 6975 0.011599
6978 6975 0.011599
6969 6976 0.0045362
6972 6976 0.0045362
6975 6976 0.0045362
7066 6976 0.0045362
6973 6977 0.0080162
6976 6977 0.0080162
6978 6977 0.0080162
3320 6978 0.010436
6977 6978 0.010436
7096 6978 0.010436
6980 6979 0.020863
7065 6979 0.020863
7098 6979 0.020863
6229 6980 0.0032795
6979 6980 0.0032795
7063 6980 0.0032795
6982 6981 0.00055197
6984 6981 0.00055197
6986 6981 0.00055197
6981 6982 0.00011328
6990 6982 0.00011328
6982 6983 0.00040075
6984 6983 0.00040075
6986 6983 0.00040075
3318 6984 0.0010335
6983 6984 0.0010335
7092 6984 0.0010335
6982 6985 0.00063184
6984 6985 0.00063184
6986 6985 0.00063184
6985 6986 0.00043773
6988 6986 0.00043773
6989 6986 0.00043773
6985 6987 0.00090975
6988 6987 0.00090975
6989 6987 0.00090975
6987 6988 0.00027696
6992 6988 0.00027696
6994 6988 0.00027696
6981 6989 0.00055197
6990 6989 0.00055197
6985 6990 0.00011328
6988 6990 0.00011328
6989 6990 0.00011328
6987 6991 0.00073531
6992 6991 0.00073531
6994 6991 0.00073531
6987 6993 0.00048935
6992 6993 0.00048935
6994 6993 0.00048935
6993 6994 0.00050059
6996 6994 0.00050059
6998 6994 0.00050059
7001 6994 0.00050059
6993 6995 0.00021606
6996 6995 0.00021606
6998 6995 0.00021606
7001 6995 0.00021606
6991 6996 0.00063431
6995 6996 0.00063431
7000 6996 0.00063431
6993 6997 0.00092832
6996 6997 0.00092832
6998 6997 0.00092832
7001 6997 0.00092832
6997 6998 0.00029553
7090 6998 0.00029553
7091 6998 0.00029553
6991 6999 0.00026634
6995 6999 0.00026634
7000 6999 0.00026634
6999 7001 0.00026634
7002 7001 0.00026634
7004 7001 0.00026634
2366 7005 0.00034656
7006 7005 0.00034656
7086 7005 0.00034656
6971 7063 0.008453
6974 7063 0.008453
7064 7063 0.008453
6229 7064 0.010708
6979 7064 0.010708
7063 7064 0.010708
6969 7065 0.0099454
6972 7065 0.0099454
6975 7065 0.0099454
7066 7065 0.0099454
6980 7066 0.0052705
7065 7066 0.0052705
7098 7066 0.0052705
6997 7089 0.00014776
7090 7089 0.00014776
7091 7089 0.00014776
3317 7090 0.0003698
5238 7090 0.0003698
7089 7090 0.0003698
3318 7091 0.00037298
6983 7091 0.00037298
7092 7091 0.00037298
6997 7092 0.0012278
7090 7092 0.0012278
7091 7092 0.0012278
547 7093 0.010176
2073 7093 0.010176
7094 7093 0.010176
3319 7094 0.012417
5985 7094 0.012417
7093 7094 0.012417
7095 7094 0.012417
3320 7095 0.011976
6977 7095 0.011976
7096 7095 0.011976
3319 7096 0.010108
5985 7096 0.010108
7093 7096 0.010108
7095 7096 0.010108
6980 7097 0.0021591
7065 7097 0.0021591
7098 7097 0.0021591
3321 7098 0.015068
3322 7098 0.015068
7097 7098 0.015068
5824 7099 0.00054927
6964 7099 0.00054927
7100 7099 0.00054927
3325 7100 0.0099448
3326 7100 0.0099448
7099 7100 0.0099448
5822 7101 0.00095621
6963 7101 0.00095621
7102 7101 0.00095621
7104 7101 0.00095621
6965 7102 0.0027035
6968 7102 0.0027035
7101 7102 0.0027035
5822 7103 0.0048392
6963 7103 0.0048392
7102 7103 0.0048392
7104 7103 0.0048392
3323 7104 0.0056775
3324 7104 0.0056775
7103 7104 0.0056775
6952 7160 0.0022847
7161 7160 0.0022847
7162 7160 0.0022847
2356 7161 0.0097688
2359 7161 0.0097688
6362 7161 0.0097688
7160 7161 0.0097688
6939 7162 0.0008843
7067 7162 0.0008843
7163 7162 0.0008843
7164 7162 0.0008843
6952 7163 0.010334
7161 7163 0.010334
7162 7163 0.010334
6363 7164 0.00037744
6943 7164 0.00037744
7165 7164 0.00037744
6939 7165 0.0092061
7067 7165 0.0092061
7163 7165 0.0092061
7164 7165 0.0092061
