548 547 0.0038505
6226 547 0.0038505
6227 547 0.0038505
6230 547 0.0038505
547 548 0.019798
2073 548 0.019798
7094 548 0.019798
948 950 0.0012466
951 950 0.0012466
6355 950 0.0012466
950 951 0.00046637
6352 951 0.00046637
6353 951 0.00046637
6356 951 0.00046637
995 994 0.04122
6359 994 0.04122
6360 994 0.04122
994 995 0.058531
997 995 0.058531
2076 995 0.058531
2077 995 0.058531
994 996 0.37588
997 996 0.37588
2076 996 0.37588
2077 996 0.37588
996 997 0.029064
3119 997 0.029064
4790 997 0.029064
6237 997 0.029064
2072 2071 0.27098
2074 2071 0.27098
2075 2071 0.27098
3906 2071 0.27098
2071 2072 0.038651
6238 2072 0.038651
6239 2072 0.038651
2072 2073 0.026154
2074 2073 0.026154
2075 2073 0.026154
3906 2073 0.026154
547 2074 0.0050561
2073 2074 0.0050561
7094 2074 0.0050561
994 2075 0.28604
997 2075 0.28604
2076 2075 0.28604
2077 2075 0.28604
2072 2076 0.032639
2074 2076 0.032639
2075 2076 0.032639
3906 2076 0.032639
2078 2077 0.64148
2358 2077 0.64148
2361 2077 0.64148
6371 2077 0.64148
994 2078 0.02396
997 2078 0.02396
2076 2078 0.02396
2077 2078 0.02396
2352 2353 0.00013839
2355 2353 0.00013839
5269 2353 0.00013839
2352 2354 0.00038285
2355 2354 0.00038285
5269 2354 0.00038285
2354 2355 0.00026677
2357 2355 0.00026677
2354 2356 0.00028479
2357 2356 0.00028479
2356 2357 0.0065633
2359 2357 0.0065633
6362 2357 0.0065633
7160 2357 0.0065633
2356 2358 0.052174
2359 2358 0.052174
6362 2358 0.052174
7160 2358 0.052174
2078 2359 0.015602
2358 2359 0.015602
2361 2359 0.015602
6371 2359 0.015602
2078 2360 0.38564
2358 2360 0.38564
2361 2360 0.38564
6371 2360 0.38564
2360 2361 0.0049105
2363 2361 0.0049105
3120 2361 0.0049105
2360 2362 0.034751
2363 2362 0.034751
3120 2362 0.034751
2362 2363 0.031557
2365 2363 0.031557
6395 2363 0.031557
2362 2364 0.042807
2365 2364 0.042807
6395 2364 0.042807
2364 2365 0.00062306
2367 2365 0.00062306
6366 2365 0.00062306
6367 2365 0.00062306
2364 2366 0.00045348
2367 2366 0.00045348
6366 2366 0.00045348
6367 2366 0.00045348
2366 2367 0.0002438
7006 2367 0.0002438
7086 2367 0.0002438
3118 3117 0.0012896
6390 3117 0.0012896
6391 3117 0.0012896
2360 3119 0.38192
2363 3119 0.38192
3120 3119 0.38192
996 3120 0.0043894
3119 3120 0.0043894
4790 3120 0.0043894
6237 3120 0.0043894
3121 3122 0.00011716
3328 3122 0.00011716
3329 3122 0.00011716
3129 3131 0.00014298
3132 3131 0.00014298
6105 3131 0.00014298
6108 3131 0.00014298
3131 3133 0.00020889
3134 3133 0.00020889
6402 3133 0.00020889
6403 3133 0.00020889
3140 3139 0.038127
6372 3139 0.038127
6373 3139 0.038127
6407 3139 0.038127
3139 3140 0.002912
3910 3140 0.002912
6112 3140 0.002912
3142 3141 0.0037668
6414 3141 0.0037668
6415 3141 0.0037668
3141 3142 0.00058194
3144 3142 0.00058194
4787 3142 0.00058194
3141 3143 0.027308
3144 3143 0.027308
4787 3143 0.027308
3143 3144 0.00013788
3146 3144 0.00013788
6374 3144 0.00013788
6375 3144 0.00013788
3143 3145 0.0060001
3146 3145 0.0060001
6374 3145 0.0060001
6375 3145 0.0060001
3145 3146 0.0007596
3148 3146 0.0007596
3911 3146 0.0007596
6109 3146 0.0007596
3145 3147 0.0055594
3148 3147 0.0055594
3911 3147 0.0055594
6109 3147 0.0055594
3147 3148 0.00028914
5951 3148 0.00028914
6398 3148 0.00028914
6399 3148 0.00028914
3316 3317 0.00038392
7005 3317 0.00038392
7008 3317 0.00038392
7088 3317 0.00038392
3319 3318 0.00037121
5985 3318 0.00037121
7093 3318 0.00037121
7095 3318 0.00037121
3318 3319 0.00069409
6983 3319 0.00069409
7092 3319 0.00069409
3321 3320 0.00035969
3322 3320 0.00035969
7097 3320 0.00035969
3320 3321 0.0031093
6977 3321 0.0031093
7096 3321 0.0031093
3323 3322 0.00015079
3324 3322 0.00015079
7103 3322 0.00015079
3321 3323 0.0006652
3322 3323 0.0006652
7097 3323 0.0006652
3323 3325 0.00041949
3324 3325 0.00041949
7103 3325 0.00041949
3325 3327 0.00011441
3326 3327 0.00011441
7099 3327 0.00011441
2353 3328 0.00014671
3337 3328 0.00014671
3331 3332 0.00013087
5827 3332 0.00013087
5829 3332 0.00013087
3332 3333 0.00013087
3334 3333 0.00013087
3333 3335 0.00024407
3336 3335 0.00024407
6225 3335 0.00024407
3335 3336 0.00055519
5823 3336 0.00055519
5831 3336 0.00055519
6967 3336 0.00055519
3907 3906 0.043026
4019 3906 0.043026
6228 3906 0.043026
6358 3906 0.043026
2072 3907 0.042996
2074 3907 0.042996
2075 3907 0.042996
3906 3907 0.042996
3909 3908 0.00033354
6113 3908 0.00033354
6400 3908 0.00033354
6401 3908 0.00033354
3145 3910 0.002904
3148 3910 0.002904
3911 3910 0.002904
6109 3910 0.002904
3139 3911 0.0035093
3910 3911 0.0035093
6112 3911 0.0035093
4020 4019 0.0046207
6232 4019 0.0046207
6351 4019 0.0046207
3907 4020 0.0037351
4019 4020 0.0037351
6228 4020 0.0037351
6358 4020 0.0037351
4788 4787 0.025106
6408 4787 0.025106
6409 4787 0.025106
3141 4788 0.0011201
3144 4788 0.0011201
4787 4788 0.0011201
996 4789 0.05614
3119 4789 0.05614
4790 4789 0.05614
6237 4789 0.05614
4789 4790 0.011136
6240 4790 0.011136
6365 4790 0.011136
3122 5269 0.00037099
5270 5269 0.00037099
6233 5269 0.00037099
2753 5270 0.00014146
3327 5270 0.00014146
5237 5270 0.00014146
3335 5822 0.0002649
5823 5822 0.0002649
5831 5822 0.0002649
6967 5822 0.0002649
5822 5823 0.00050277
6963 5823 0.00050277
7102 5823 0.00050277
7104 5823 0.00050277
5824 5825 0.00032194
6964 5825 0.00032194
7100 5825 0.00032194
5825 5827 0.00013087
5826 5827 0.00013087
5830 5827 0.00013087
3335 5830 0.00010877
5823 5830 0.00010877
5831 5830 0.00010877
6967 5830 0.00010877
5825 5831 0.00029051
5826 5831 0.00029051
5830 5831 0.00029051
2352 5832 0.00013761
2355 5832 0.00013761
5269 5832 0.00013761
3147 5950 0.0015347
5951 5950 0.0015347
6398 5950 0.0015347
6399 5950 0.0015347
5950 5951 0.0001967
6389 5951 0.0001967
6405 5951 0.0001967
3133 5954 0.00025381
5955 5954 0.00025381
6394 5954 0.00025381
3117 5956 0.00017946
5957 5956 0.00017946
6368 5956 0.00017946
6369 5956 0.00017946
6107 6108 0.00012874
6110 6108 0.00012874
6114 6108 0.00012874
3145 6110 0.00062551
3148 6110 0.00062551
3911 6110 0.00062551
6109 6110 0.00062551
3139 6111 0.035675
3910 6111 0.035675
6112 6111 0.035675
6111 6112 0.0010655
6396 6112 0.0010655
6397 6112 0.0010655
6406 6112 0.0010655
6107 6113 0.00051578
6110 6113 0.00051578
6114 6113 0.00051578
548 6225 0.00025019
6226 6225 0.00025019
6227 6225 0.00025019
6230 6225 0.00025019
3333 6226 0.00066905
3336 6226 0.00066905
6225 6226 0.00066905
3907 6227 0.0040534
4019 6227 0.0040534
6228 6227 0.0040534
6358 6227 0.0040534
548 6228 0.025438
6226 6228 0.025438
6227 6228 0.025438
6230 6228 0.025438
548 6229 0.0020969
6226 6229 0.0020969
6227 6229 0.0020969
6230 6229 0.0020969
6229 6230 0.0071155
6979 6230 0.0071155
7063 6230 0.0071155
4020 6231 0.0015311
6232 6231 0.0015311
6351 6231 0.0015311
6231 6232 0.00062216
6234 6232 0.00062216
6354 6232 0.00062216
6231 6233 0.00034209
6234 6233 0.00034209
6354 6233 0.00034209
3122 6234 0.00021335
5270 6234 0.00021335
6233 6234 0.00021335
2071 6237 0.0061839
6238 6237 0.0061839
6239 6237 0.0061839
996 6238 0.68553
3119 6238 0.68553
4790 6238 0.68553
6237 6238 0.68553
4789 6239 0.090417
6240 6239 0.090417
6365 6239 0.090417
2071 6240 0.0020917
6238 6240 0.0020917
6239 6240 0.0020917
950 6351 0.0045026
6352 6351 0.0045026
6353 6351 0.0045026
6356 6351 0.0045026
4020 6352 0.0027081
6232 6352 0.0027081
6351 6352 0.0027081
2354 6353 0.0063946
2357 6353 0.0063946
948 6354 0.00046637
951 6354 0.00046637
6355 6354 0.00046637
6231 6355 0.0012466
6234 6355 0.0012466
6354 6355 0.0012466
6357 6356 0.00078769
6361 6356 0.00078769
950 6357 0.0061678
6352 6357 0.0061678
6353 6357 0.0061678
6356 6357 0.0061678
995 6358 0.022809
6359 6358 0.022809
6360 6358 0.022809
3907 6359 0.045049
4019 6359 0.045049
6228 6359 0.045049
6358 6359 0.045049
6357 6360 0.0045679
6361 6360 0.0045679
995 6361 0.04412
6359 6361 0.04412
6360 6361 0.04412
6357 6362 0.044932
6361 6362 0.044932
6364 6363 0.0070757
6410 6363 0.0070757
6411 6363 0.0070757
6363 6364 0.0091575
6943 6364 0.0091575
7165 6364 0.0091575
2364 6365 0.043817
2367 6365 0.043817
6366 6365 0.043817
6367 6365 0.043817
4789 6366 0.00049535
6240 6366 0.00049535
6365 6366 0.00049535
3117 6367 0.0015084
5957 6367 0.0015084
6368 6367 0.0015084
6369 6367 0.0015084
2364 6368 0.00016117
2367 6368 0.00016117
6366 6368 0.00016117
6367 6368 0.00016117
5954 6369 0.00022962
6370 6369 0.00022962
6388 6369 0.00022962
7111 6369 0.00022962
3140 6371 0.96316
6372 6371 0.96316
6373 6371 0.96316
6407 6371 0.96316
2078 6372 0.0014813
2358 6372 0.0014813
2361 6372 0.0014813
6371 6372 0.0014813
3143 6373 1.0238
3146 6373 1.0238
6374 6373 1.0238
6375 6373 1.0238
3140 6374 0.00068782
6372 6374 0.00068782
6373 6374 0.00068782
6407 6374 0.00068782
6376 6375 0.0012021
6377 6375 0.0012021
6417 6375 0.0012021
5956 6385 0.00020814
6386 6385 0.00020814
6387 6385 0.00020814
3118 6389 0.00012969
6390 6389 0.00012969
6391 6389 0.00012969
5950 6390 0.0011363
6389 6390 0.0011363
6405 6390 0.0011363
3908 6391 0.00032588
6392 6391 0.00032588
6393 6391 0.00032588
6111 6395 0.039531
6396 6395 0.039531
6397 6395 0.039531
6406 6395 0.039531
2362 6396 0.00054156
2365 6396 0.00054156
6395 6396 0.00054156
3147 6397 0.0049841
5951 6397 0.0049841
6398 6397 0.0049841
6399 6397 0.0049841
6111 6398 0.00093546
6396 6398 0.00093546
6397 6398 0.00093546
6406 6398 0.00093546
3909 6399 0.00043602
6113 6399 0.00043602
6400 6399 0.00043602
6401 6399 0.00043602
3147 6400 0.00031973
5951 6400 0.00031973
6398 6400 0.00031973
6399 6400 0.00031973
3909 6402 0.00012604
6113 6402 0.00012604
6400 6402 0.00012604
6401 6402 0.00012604
6111 6405 0.00053789
6396 6405 0.00053789
6397 6405 0.00053789
6406 6405 0.00053789
5950 6406 0.00086926
6389 6406 0.00086926
6405 6406 0.00086926
4788 6407 0.0094985
6408 6407 0.0094985
6409 6407 0.0094985
3140 6408 0.03567
6372 6408 0.03567
6373 6408 0.03567
6407 6408 0.03567
6364 6409 0.0090441
6410 6409 0.0090441
6411 6409 0.0090441
4788 6410 0.01123
6408 6410 0.01123
6409 6410 0.01123
5834 6411 0.00019062
6412 6411 0.00019062
6413 6411 0.00019062
6364 6412 0.0044582
6410 6412 0.0044582
6411 6412 0.0044582
3142 6413 0.00019062
6414 6413 0.00019062
6415 6413 0.00019062
5834 6414 0.0044582
6412 6414 0.0044582
6413 6414 0.0044582
3142 6416 0.0011433
6414 6416 0.0011433
6415 6416 0.0011433
6416 6417 0.0011694
6418 6417 0.0011694
6419 6417 0.0011694
3304 6419 0.0001072
6420 6419 0.0001072
6421 6419 0.0001072
3138 6421 0.00011067
5832 6421 0.00011067
6422 6421 0.00011067
6939 6938 0.0030138
7067 6938 0.0030138
7163 6938 0.0030138
7164 6938 0.0030138
6938 6939 0.0022736
6941 6939 0.0022736
6949 6939 0.0022736
6938 6940 0.000598
6941 6940 0.000598
6949 6940 0.000598
6940 6941 0.0030525
6942 6941 0.0030525
6945 6941 0.0030525
6947 6941 0.0030525
6363 6942 0.0030525
6943 6942 0.0030525
7165 6942 0.0030525
6940 6943 0.000598
6942 6943 0.000598
6945 6943 0.000598
6947 6943 0.000598
6938 6948 0.0038998
6941 6948 0.0038998
6949 6948 0.0038998
6948 6949 0.00070507
6950 6949 0.00070507
6953 6949 0.00070507
6948 6952 0.0038998
6950 6952 0.0038998
6953 6952 0.0038998
6952 6953 0.00070507
7161 6953 0.00070507
7162 6953 0.00070507
5824 6963 0.0001778
6964 6963 0.0001778
7100 6963 0.0001778
5822 6964 0.00018762
6963 6964 0.00018762
7102 6964 0.00018762
7104 6964 0.00018762
3335 6968 0.00017043
5823 6968 0.00017043
5831 6968 0.00017043
6967 6968 0.00017043
6969 6971 0.0025509
6972 6971 0.0025509
6975 6971 0.0025509
7066 6971 0.0025509
6971 6972 0.0014618
6974 6972 0.0014618
7064 6972 0.0014618
6971 6973 0.0030955
6974 6973 0.0030955
7064 6973 0.0030955
6973 6974 0.002645
6976 6974 0.002645
6978 6974 0.002645
6973 6975 0.0042329
6976 6975 0.0042329
6978 6975 0.0042329
6969 6976 0.00099905
6972 6976 0.00099905
6975 6976 0.00099905
7066 6976 0.00099905
6973 6977 0.0020596
6976 6977 0.0020596
6978 6977 0.0020596
3320 6978 0.004843
6977 6978 0.004843
7096 6978 0.004843
6980 6979 0.0051799
7065 6979 0.0051799
7098 6979 0.0051799
6229 6980 0.00079994
6979 6980 0.00079994
7063 6980 0.00079994
6982 6981 0.00019334
6984 6981 0.00019334
6986 6981 0.00019334
6982 6983 0.00014954
6984 6983 0.00014954
6986 6983 0.00014954
3318 6984 0.00035411
6983 6984 0.00035411
7092 6984 0.00035411
6982 6985 0.00021681
6984 6985 0.00021681
6986 6985 0.00021681
6985 6986 0.00016315
6988 6986 0.00016315
6989 6986 0.00016315
6985 6987 0.00031452
6988 6987 0.00031452
6989 6987 0.00031452
6987 6988 0.00010994
6992 6988 0.00010994
6994 6988 0.00010994
6981 6989 0.00019334
6990 6989 0.00019334
6987 6991 0.00026755
6992 6991 0.00026755
6994 6991 0.00026755
6987 6993 0.00017122
6992 6993 0.00017122
6994 6993 0.00017122
6993 6994 0.00019649
6996 6994 0.00019649
6998 6994 0.00019649
7001 6994 0.00019649
6991 6996 0.00023186
6995 6996 0.00023186
7000 6996 0.00023186
6993 6997 0.00033453
6996 6997 0.00033453
6998 6997 0.00033453
7001 6997 0.00033453
6997 6998 0.00012995
7090 6998 0.00012995
7091 6998 0.00012995
6991 6999 0.00010382
6995 6999 0.00010382
7000 6999 0.00010382
6999 7001 0.00010382
7002 7001 0.00010382
7004 7001 0.00010382
2366 7005 0.00035911
7006 7005 0.00035911
7086 7005 0.00035911
6971 7063 0.0032237
6974 7063 0.0032237
7064 7063 0.0032237
6229 7064 0.002585
6979 7064 0.002585
7063 7064 0.002585
6969 7065 0.0032169
6972 7065 0.0032169
6975 7065 0.0032169
7066 7065 0.0032169
6980 7066 0.0010721
7065 7066 0.0010721
7098 7066 0.0010721
5670 7086 0.0002123
6385 7086 0.0002123
7085 7086 0.0002123
3317 7090 0.00037071
5238 7090 0.00037071
7089 7090 0.00037071
3318 7091 0.00011534
6983 7091 0.00011534
7092 7091 0.00011534
6997 7092 0.0006428
7090 7092 0.0006428
7091 7092 0.0006428
547 7093 0.0071373
2073 7093 0.0071373
7094 7093 0.0071373
3319 7094 0.0019869
5985 7094 0.0019869
7093 7094 0.0019869
7095 7094 0.0019869
3320 7095 0.0014804
6977 7095 0.0014804
7096 7095 0.0014804
3319 7096 0.0070134
5985 7096 0.0070134
7093 7096 0.0070134
7095 7096 0.0070134
6980 7097 0.00056424
7065 7097 0.00056424
7098 7097 0.00056424
3321 7098 0.0027994
3322 7098 0.0027994
7097 7098 0.0027994
3325 7100 0.00033145
3326 7100 0.00033145
7099 7100 0.00033145
6965 7102 0.00017043
6968 7102 0.00017043
7101 7102 0.00017043
5822 7103 0.00026887
6963 7103 0.00026887
7102 7103 0.00026887
7104 7103 0.00026887
3323 7104 0.00040808
3324 7104 0.00040808
7103 7104 0.00040808
6952 7160 0.0094184
7161 7160 0.0094184
7162 7160 0.0094184
2356 7161 0.0115
2359 7161 0.0115
6362 7161 0.0115
7160 7161 0.0115
6939 7162 0.0071164
7067 7162 0.0071164
7163 7162 0.0071164
7164 7162 0.0071164
6952 7163 0.012393
7161 7163 0.012393
7162 7163 0.012393
6363 7164 0.0065113
6943 7164 0.0065113
7165 7164 0.0065113
6939 7165 0.011048
7067 7165 0.011048
7163 7165 0.011048
7164 7165 0.011048
