118 117 0.0015935
3219 117 0.0015935
5730 117 0.0015935
117 118 0.00054736
6612 118 0.00054736
6615 118 0.00054736
133 134 0.00016636
3052 134 0.00016636
428 427 0.14031
429 427 0.14031
3089 427 0.14031
5680 427 0.14031
427 428 0.02352
431 428 0.02352
3097 428 0.02352
2279 431 0.67174
5674 431 0.67174
7273 431 0.67174
427 432 0.79177
431 432 0.79177
3097 432 0.79177
6878 434 0.50494
548 547 0.0079157
6226 547 0.0079157
6227 547 0.0079157
6230 547 0.0079157
547 548 0.012887
2073 548 0.012887
7094 548 0.012887
5260 723 0.00024319
723 724 0.0021206
6920 724 0.0021206
778 777 0.00034839
3045 777 0.00034839
6147 777 0.00034839
777 778 0.00034839
4784 778 0.00034839
6149 778 0.00034839
779 780 0.00032689
3046 780 0.00032689
948 950 0.00059591
951 950 0.00059591
6355 950 0.00059591
950 951 0.00058968
6352 951 0.00058968
6353 951 0.00058968
6356 951 0.00058968
995 994 0.012142
6359 994 0.012142
6360 994 0.012142
994 995 0.0037192
997 995 0.0037192
2076 995 0.0037192
2077 995 0.0037192
994 996 0.028707
997 996 0.028707
2076 996 0.028707
2077 996 0.028707
996 997 0.0035743
3119 997 0.0035743
4790 997 0.0035743
6237 997 0.0035743
434 1126 0.62248
5089 1126 0.62248
432 1127 0.0055491
5692 1127 0.0055491
6874 1128 0.0026989
5085 1129 0.060152
5267 1129 0.060152
1528 1530 0.00041341
1531 1530 0.00041341
3303 1530 0.00041341
1538 1540 0.0013893
1541 1540 0.0013893
1543 1540 0.0013893
5703 1540 0.0013893
1542 1543 0.004148
2809 1543 0.004148
1572 1573 0.0013927
7223 1573 0.0013927
1574 1575 0.0013927
1577 1575 0.0013927
6571 1575 0.0013927
1576 1577 0.0013732
7149 1577 0.0013732
1660 1659 0.00095894
6196 1659 0.00095894
7158 1659 0.00095894
1662 1661 0.00071788
3657 1661 0.00071788
3660 1661 0.00071788
1661 1662 0.00063896
1664 1662 0.00063896
6204 1662 0.00063896
1663 1664 0.00030826
1666 1664 0.00030826
6183 1664 0.00030826
1665 1666 0.00014458
1668 1666 0.00014458
6198 1666 0.00014458
1667 1668 0.00013266
7227 1668 0.00013266
1669 1670 0.00014102
1672 1670 0.00014102
6169 1670 0.00014102
1671 1672 0.00014102
1674 1672 0.00014102
3202 1672 0.00014102
1673 1674 0.011005
3205 1674 0.011005
6167 1674 0.011005
1676 1675 0.00035302
2854 1675 0.00035302
3661 1675 0.00035302
1675 1676 0.011519
3203 1676 0.011519
6201 1676 0.011519
1688 1687 0.00010257
4517 1687 0.00010257
6605 1687 0.00010257
1687 1688 0.00015383
3196 1688 0.00015383
3199 1688 0.00015383
1691 1693 0.00014666
1694 1693 0.00014666
3194 1693 0.00014666
1693 1694 0.00012789
5702 1694 0.00012789
5705 1694 0.00012789
1723 1724 0.00035884
4749 1724 0.00035884
5714 1724 0.00035884
1725 1726 0.0001206
1728 1726 0.0001206
5712 1726 0.0001206
5715 1726 0.0001206
1725 1727 0.00086684
1728 1727 0.00086684
5712 1727 0.00086684
5715 1727 0.00086684
1727 1729 0.0008113
1730 1729 0.0008113
4758 1729 0.0008113
1975 1976 0.93551
3091 1976 0.93551
5682 1976 0.93551
5693 1976 0.93551
2072 2071 0.047342
2074 2071 0.047342
2075 2071 0.047342
3906 2071 0.047342
2071 2072 0.0040591
6238 2072 0.0040591
6239 2072 0.0040591
2072 2073 0.0024078
2074 2073 0.0024078
2075 2073 0.0024078
3906 2073 0.0024078
547 2074 0.087171
2073 2074 0.087171
7094 2074 0.087171
994 2075 0.0025233
997 2075 0.0025233
2076 2075 0.0025233
2077 2075 0.0025233
2072 2076 0.047561
2074 2076 0.047561
2075 2076 0.047561
3906 2076 0.047561
2078 2077 0.0013752
2358 2077 0.0013752
2361 2077 0.0013752
6371 2077 0.0013752
994 2078 0.029704
997 2078 0.029704
2076 2078 0.029704
2077 2078 0.029704
2135 2134 0.0014204
2142 2134 0.0014204
2400 2134 0.0014204
2818 2134 0.0014204
2134 2135 0.0036233
2137 2135 0.0036233
6215 2135 0.0036233
2134 2136 0.0065627
2137 2136 0.0065627
6215 2136 0.0065627
2136 2137 0.0041286
2853 2137 0.0041286
3220 2137 0.0041286
6166 2137 0.0041286
2139 2138 0.00029973
2140 2138 0.00029973
3613 2138 0.00029973
2146 2147 0.058533
3712 2147 0.058533
4663 2147 0.058533
7113 2147 0.058533
2148 2149 0.060568
6795 2149 0.060568
2150 2151 0.060325
6797 2151 0.060325
2152 2153 0.00029971
6824 2153 0.00029971
1126 2279 0.62217
2349 2348 0.0068515
5903 2348 0.0068515
5986 2348 0.0068515
7105 2348 0.0068515
2348 2349 0.0043589
5239 2349 0.0043589
5739 2349 0.0043589
2351 2350 0.011245
4656 2350 0.011245
7014 2350 0.011245
7087 2350 0.011245
2350 2351 0.014806
5671 2351 0.014806
5836 2351 0.014806
2352 2354 0.0003931
2355 2354 0.0003931
5269 2354 0.0003931
2354 2355 0.017012
2357 2355 0.017012
2354 2356 0.00019065
2357 2356 0.00019065
2356 2357 0.017289
2359 2357 0.017289
6362 2357 0.017289
7160 2357 0.017289
2356 2358 0.0056584
2359 2358 0.0056584
6362 2358 0.0056584
7160 2358 0.0056584
2078 2359 0.008417
2358 2359 0.008417
2361 2359 0.008417
6371 2359 0.008417
2078 2360 0.020356
2358 2360 0.020356
2361 2360 0.020356
6371 2360 0.020356
2360 2361 0.0021276
2363 2361 0.0021276
3120 2361 0.0021276
2360 2362 0.029282
2363 2362 0.029282
3120 2362 0.029282
2362 2363 0.00059318
2365 2363 0.00059318
6395 2363 0.00059318
2362 2364 0.027635
2365 2364 0.027635
6395 2364 0.027635
2364 2365 0.00078644
2367 2365 0.00078644
6366 2365 0.00078644
6367 2365 0.00078644
2364 2366 0.018996
2367 2366 0.018996
6366 2366 0.018996
6367 2366 0.018996
2366 2367 0.016563
7006 2367 0.016563
7086 2367 0.016563
2401 2400 0.00027522
2402 2400 0.00027522
2406 2400 0.00027522
2135 2401 0.0038021
2142 2401 0.0038021
2400 2401 0.0038021
2818 2401 0.0038021
2407 2406 0.00027522
2408 2406 0.00027522
6214 2406 0.00027522
2401 2407 0.0038021
2402 2407 0.0038021
2406 2407 0.0038021
2441 2440 0.00021227
3600 2440 0.00021227
6596 2440 0.00021227
6712 2440 0.00021227
2440 2441 0.00012242
2443 2441 0.00012242
5710 2441 0.00012242
5713 2441 0.00012242
2440 2442 0.0023803
2443 2442 0.0023803
5710 2442 0.0023803
5713 2442 0.0023803
2442 2443 0.0008977
2445 2443 0.0008977
5720 2443 0.0008977
2442 2444 0.0050484
2445 2444 0.0050484
5720 2444 0.0050484
2444 2445 0.00097677
6160 2445 0.00097677
6161 2445 0.00097677
2746 2745 0.0007333
5708 2745 0.0007333
5711 2745 0.0007333
6604 2745 0.0007333
2745 2746 0.00047207
2748 2746 0.00047207
4735 2746 0.00047207
2745 2747 0.0009398
2748 2747 0.0009398
4735 2747 0.0009398
2747 2748 0.000303
3217 2748 0.000303
4733 2748 0.000303
2808 2809 0.004148
5685 2809 0.004148
5686 2809 0.004148
2817 2816 0.0010922
6594 2816 0.0010922
2138 2818 0.0013508
2816 2818 0.0013508
2819 2818 0.0013508
1530 2849 0.00040864
1533 2849 0.00040864
2850 2849 0.00040864
1676 2853 0.068319
2854 2853 0.068319
3661 2853 0.068319
2136 2854 0.0020736
2853 2854 0.0020736
3220 2854 0.0020736
6166 2854 0.0020736
549 2863 0.00029973
2153 2863 0.00029973
2864 2863 0.00029973
6808 2863 0.00029973
2866 2865 0.00074155
3609 2865 0.00074155
4755 2865 0.00074155
2865 2866 0.00054012
6077 2866 0.00054012
6080 2866 0.00054012
778 3046 0.00032689
3045 3046 0.00032689
6147 3046 0.00032689
3051 3052 0.00016636
3710 3052 0.00016636
3711 3052 0.00016636
3086 3085 0.3136
5668 3085 0.3136
5964 3085 0.3136
3085 3087 0.31096
3088 3087 0.31096
5398 3087 0.31096
3090 3089 0.27376
5675 3089 0.27376
5676 3089 0.27376
7150 3089 0.27376
428 3090 0.0049852
429 3090 0.0049852
3089 3090 0.0049852
5680 3090 0.0049852
1570 3091 0.001471
1573 3091 0.001471
3092 3091 0.001471
3094 3093 0.004148
5681 3093 0.004148
5683 3093 0.004148
1127 3096 0.0014042
3095 3096 0.0014042
3098 3096 0.0014042
1127 3097 0.0049693
3095 3097 0.0049693
3098 3097 0.0049693
427 3098 0.0017388
431 3098 0.0017388
3097 3098 0.0017388
3103 3104 0.00029473
3106 3104 0.00029473
5965 3104 0.00029473
3103 3105 0.0044492
3106 3105 0.0044492
5965 3105 0.0044492
3105 3106 0.00082139
5399 3106 0.00082139
5963 3106 0.00082139
3107 3109 0.00012256
3110 3109 0.00012256
3309 3109 0.00012256
3310 3109 0.00012256
3111 3112 0.00010866
3114 3112 0.00010866
6382 3112 0.00010866
6383 3112 0.00010866
3118 3117 0.0026445
6390 3117 0.0026445
6391 3117 0.0026445
3117 3118 0.0009448
5957 3118 0.0009448
6368 3118 0.0009448
6369 3118 0.0009448
2360 3119 0.0042696
2363 3119 0.0042696
3120 3119 0.0042696
996 3120 0.01473
3119 3120 0.01473
4790 3120 0.01473
6237 3120 0.01473
3122 3121 0.00015628
5270 3121 0.00015628
6233 3121 0.00015628
3124 3123 0.00010903
3307 3123 0.00010903
3308 3123 0.00010903
3637 3123 0.00010903
3123 3124 0.0011754
3126 3124 0.0011754
3312 3124 0.0011754
3125 3126 0.0010453
3128 3126 0.0010453
5949 3126 0.0010453
3127 3128 0.00084629
3130 3128 0.00084629
6380 3128 0.00084629
6381 3128 0.00084629
3127 3129 0.00041394
3130 3129 0.00041394
6380 3129 0.00041394
6381 3129 0.00041394
3129 3130 0.00029931
3132 3130 0.00029931
6105 3130 0.00029931
6108 3130 0.00029931
3129 3131 0.0010371
3132 3131 0.0010371
6105 3131 0.0010371
6108 3131 0.0010371
3131 3132 0.00012097
3134 3132 0.00012097
6402 3132 0.00012097
6403 3132 0.00012097
3131 3133 0.002691
3134 3133 0.002691
6402 3133 0.002691
6403 3133 0.002691
3135 3136 0.00043702
5948 3136 0.00043702
5953 3136 0.00043702
3138 3137 0.00044135
5832 3137 0.00044135
6422 3137 0.00044135
3140 3139 0.0029264
6372 3139 0.0029264
6373 3139 0.0029264
6407 3139 0.0029264
3139 3140 0.00042452
3910 3140 0.00042452
6112 3140 0.00042452
3141 3142 0.00064476
3144 3142 0.00064476
4787 3142 0.00064476
3141 3143 0.00038066
3144 3143 0.00038066
4787 3143 0.00038066
3143 3144 0.00047578
3146 3144 0.00047578
6374 3144 0.00047578
6375 3144 0.00047578
3143 3145 0.0021454
3146 3145 0.0021454
6374 3145 0.0021454
6375 3145 0.0021454
3145 3146 0.00022441
3148 3146 0.00022441
3911 3146 0.00022441
6109 3146 0.00022441
3145 3147 0.0018418
3148 3147 0.0018418
3911 3147 0.0018418
6109 3147 0.0018418
3147 3148 0.00024855
5951 3148 0.00024855
6398 3148 0.00024855
6399 3148 0.00024855
3195 3194 0.00014666
4521 3194 0.00014666
6601 3194 0.00014666
1691 3195 0.00012789
1694 3195 0.00012789
3194 3195 0.00012789
3198 3199 0.00015585
4720 3199 0.00015585
4721 3199 0.00015585
1671 3203 0.010874
1674 3203 0.010874
3202 3203 0.010874
3204 3205 0.011005
6162 3205 0.011005
6163 3205 0.011005
3207 3206 0.00010972
4559 3206 0.00010972
4562 3206 0.00010972
1659 3212 0.0010196
3213 3212 0.0010196
4560 3212 0.0010196
3212 3213 0.00024565
3651 3213 0.00024565
3654 3213 0.00024565
3215 3214 0.0031537
5729 3214 0.0031537
6614 3214 0.0031537
3214 3215 0.0041699
6156 3215 0.0041699
7264 3215 0.0041699
2747 3216 0.0015216
3217 3216 0.0015216
4733 3216 0.0015216
3216 3217 0.00020677
5721 3217 0.00020677
5722 3217 0.00020677
118 3218 0.00045166
3219 3218 0.00045166
5730 3218 0.00045166
3218 3219 0.0017958
5727 3219 0.0017958
5728 3219 0.0017958
3221 3220 0.023235
6081 3220 0.023235
6213 3220 0.023235
6592 3220 0.023235
2136 3221 0.010549
2853 3221 0.010549
3220 3221 0.010549
6166 3221 0.010549
3137 3303 0.00041341
3302 3303 0.00041341
3338 3303 0.00041341
3136 3304 0.00033306
3305 3304 0.00033306
3306 3304 0.00033306
3304 3305 0.00083245
6420 3305 0.00083245
6421 3305 0.00083245
3124 3306 0.0002558
3307 3306 0.0002558
3308 3306 0.0002558
3637 3306 0.0002558
3136 3307 0.0011412
3305 3307 0.0011412
3306 3307 0.0011412
3124 3309 0.00012256
3307 3309 0.00012256
3308 3309 0.00012256
3637 3309 0.00012256
3109 3312 0.0001632
3112 3312 0.0001632
3313 3312 0.0001632
3314 3312 0.0001632
3317 3316 0.84104
5238 3316 0.84104
7089 3316 0.84104
3319 3318 0.017642
5985 3318 0.017642
7093 3318 0.017642
7095 3318 0.017642
3318 3319 0.17428
6983 3319 0.17428
7092 3319 0.17428
3321 3320 0.0017223
3322 3320 0.0017223
7097 3320 0.0017223
3320 3321 0.049056
6977 3321 0.049056
7096 3321 0.049056
3323 3322 0.00064397
3324 3322 0.00064397
7103 3322 0.00064397
3321 3323 0.033278
3322 3323 0.033278
7097 3323 0.033278
3325 3324 0.00014621
3326 3324 0.00014621
7099 3324 0.00014621
3323 3325 0.036899
3324 3325 0.036899
7103 3325 0.036899
3325 3327 0.031806
3326 3327 0.031806
7099 3327 0.031806
3332 3331 0.00019625
3334 3331 0.00019625
3331 3332 0.00063262
5827 3332 0.00063262
5829 3332 0.00063262
3332 3333 0.00063262
3334 3333 0.00063262
3333 3334 0.00019625
3336 3334 0.00019625
6225 3334 0.00019625
3333 3335 0.0017242
3336 3335 0.0017242
6225 3335 0.0017242
3335 3336 0.0021212
5823 3336 0.0021212
5831 3336 0.0021212
6967 3336 0.0021212
600 3343 0.00038627
2849 3343 0.00038627
3344 3343 0.00038627
3345 3343 0.00038627
3343 3344 0.00014756
3639 3344 0.00014756
3962 3344 0.00014756
600 3346 0.00017109
2849 3346 0.00017109
3344 3346 0.00017109
3345 3346 0.00017109
3347 3348 0.00014282
3354 3348 0.00014282
4683 3348 0.00014282
73 3350 0.00014282
3348 3350 0.00014282
3349 3350 0.00014282
3350 3352 0.0001354
3351 3352 0.0001354
3363 3352 0.0001354
3599 3600 0.00013175
3602 3600 0.00013175
4759 3600 0.00013175
1726 3602 0.00013059
3601 3602 0.00013059
3604 3602 0.00013059
1724 3607 0.00036245
3608 3607 0.00036245
4753 3607 0.00036245
3607 3609 0.00052477
3610 3609 0.00052477
4757 3609 0.00052477
2866 3610 0.0001914
3609 3610 0.0001914
4755 3610 0.0001914
2828 3611 0.00029973
2863 3611 0.00029973
3612 3611 0.00029973
2830 3613 0.00029973
3611 3613 0.00029973
3614 3613 0.00029973
3638 3637 0.00037325
3640 3637 0.00037325
5268 3637 0.00037325
3124 3638 0.0022783
3307 3638 0.0022783
3308 3638 0.0022783
3637 3638 0.0022783
3638 3639 0.00019948
3640 3639 0.00019948
5268 3639 0.00019948
3343 3640 0.00037933
3639 3640 0.00037933
3962 3640 0.00037933
2151 3651 0.060047
3649 3651 0.060047
3652 3651 0.060047
6823 3651 0.060047
3212 3653 0.060823
3651 3653 0.060823
3654 3653 0.060823
3653 3655 0.051765
3656 3655 0.051765
6210 3655 0.051765
3655 3656 0.0011928
3658 3656 0.0011928
6205 3656 0.0011928
3655 3657 0.060979
3658 3657 0.060979
6205 3657 0.060979
1662 3658 0.00015895
3657 3658 0.00015895
3660 3658 0.00015895
1662 3659 0.060912
3657 3659 0.060912
3660 3659 0.060912
3659 3660 0.00017039
3662 3660 0.00017039
6218 3660 0.00017039
3659 3661 0.057106
3662 3661 0.057106
6218 3661 0.057106
1676 3662 0.0020262
2854 3662 0.0020262
3661 3662 0.0020262
3352 3692 0.0001314
3366 3692 0.0001314
3691 3692 0.0001314
3370 3694 0.00012504
3692 3694 0.00012504
3693 3694 0.00012504
3694 3696 0.00012245
3695 3696 0.00012245
6563 3696 0.00012245
3674 3698 0.00011466
3696 3698 0.00011466
3697 3698 0.00011466
3051 3709 0.00013547
3710 3709 0.00013547
3711 3709 0.00013547
134 3710 0.00018786
3708 3710 0.00018786
3709 3710 0.00018786
2146 3711 0.00029322
3712 3711 0.00029322
4663 3711 0.00029322
7113 3711 0.00029322
3051 3712 0.00023512
3710 3712 0.00023512
3711 3712 0.00023512
3688 3713 0.00012898
3714 3713 0.00012898
3715 3713 0.00012898
4199 3791 0.0049466
5395 3791 0.0049466
5396 3792 0.0049466
5397 3792 0.0049466
3791 3793 0.0016742
3793 3794 0.00013871
5993 3794 0.00013871
7115 3794 0.00013871
3790 3795 0.00013877
3794 3795 0.00013877
7083 3795 0.00013877
3907 3906 0.014391
4019 3906 0.014391
6228 3906 0.014391
6358 3906 0.014391
2072 3907 0.010834
2074 3907 0.010834
2075 3907 0.010834
3906 3907 0.010834
3909 3908 0.0010643
6113 3908 0.0010643
6400 3908 0.0010643
6401 3908 0.0010643
3908 3909 0.00017717
6392 3909 0.00017717
6393 3909 0.00017717
3145 3910 0.00036348
3148 3910 0.00036348
3911 3910 0.00036348
6109 3910 0.00036348
3139 3911 0.0012957
3910 3911 0.0012957
6112 3911 0.0012957
3951 3950 0.011475
6079 3950 0.011475
6082 3950 0.011475
3950 3951 0.019547
6164 3951 0.019547
6165 3951 0.019547
6876 3963 0.0002154
1129 3964 0.060278
3963 3964 0.060278
4020 4019 0.00022128
6232 4019 0.00022128
6351 4019 0.00022128
3907 4020 0.011143
4019 4020 0.011143
6228 4020 0.011143
6358 4020 0.011143
1540 4515 0.001392
4516 4515 0.001392
5699 4515 0.001392
6610 4515 0.001392
4518 4517 0.00010853
4741 4517 0.00010853
6597 4517 0.00010853
6602 4517 0.00010853
3195 4522 0.00011438
4521 4522 0.00011438
6601 4522 0.00011438
1659 4559 0.00024562
3213 4559 0.00024562
4560 4559 0.00024562
3207 4560 0.00010022
4559 4560 0.00010022
4562 4560 0.00010022
3207 4561 0.0001454
4559 4561 0.0001454
4562 4561 0.0001454
2351 4657 0.81747
4656 4657 0.81747
7014 4657 0.81747
7087 4657 0.81747
6736 4658 0.004943
4662 4663 0.060261
6739 4663 0.060261
3341 4683 0.00017332
3346 4683 0.00017332
4684 4683 0.00017332
4714 4713 0.00016084
4715 4713 0.00016084
4734 4713 0.00016084
4713 4714 0.00096443
5725 4714 0.00096443
5726 4714 0.00096443
4716 4715 0.00031976
4717 4715 0.00031976
4736 4715 0.00031976
4714 4716 0.00044527
4715 4716 0.00044527
4734 4716 0.00044527
4718 4717 0.00053753
4719 4717 0.00053753
5706 4717 0.00053753
5709 4717 0.00053753
4716 4718 0.00028748
4717 4718 0.00028748
4736 4718 0.00028748
3198 4719 0.00018324
4720 4719 0.00018324
4721 4719 0.00018324
4718 4720 0.00022618
4719 4720 0.00022618
5706 4720 0.00022618
5709 4720 0.00022618
4722 4721 0.00011324
4723 4721 0.00011324
4730 4721 0.00011324
4731 4721 0.00011324
4714 4733 0.00073164
4715 4733 0.00073164
4734 4733 0.00073164
4716 4735 0.00043948
4717 4735 0.00043948
4736 4735 0.00043948
1729 4755 0.00027967
4756 4755 0.00027967
6076 4755 0.00027967
2866 4756 0.0004116
3609 4756 0.0004116
4755 4756 0.0004116
1727 4757 0.00021709
1730 4757 0.00021709
4758 4757 0.00021709
3607 4758 0.00016297
3610 4758 0.00016297
4757 4758 0.00016297
777 4783 0.0071938
4784 4783 0.0071938
6149 4783 0.0071938
1685 4784 0.00021803
4783 4784 0.00021803
6151 4784 0.00021803
6154 4784 0.00021803
4788 4787 0.00052194
6408 4787 0.00052194
6409 4787 0.00052194
996 4789 0.02684
3119 4789 0.02684
4790 4789 0.02684
6237 4789 0.02684
4789 4790 0.0017776
6240 4790 0.0017776
6365 4790 0.0017776
5064 5063 0.0049465
5240 5063 0.0049465
5087 5086 0.00010655
5271 5086 0.00010655
5090 5089 0.11754
5091 5090 0.11758
5838 5090 0.11758
1128 5091 0.0028645
5092 5091 0.0028645
5093 5092 0.00016561
5088 5093 0.000381
5094 5093 0.000381
1126 5094 0.00030655
3121 5237 0.0001749
3328 5237 0.0001749
3329 5237 0.0001749
2348 5238 0.0062494
5239 5238 0.0062494
5739 5238 0.0062494
3317 5239 0.0086062
5238 5239 0.0086062
7089 5239 0.0086062
5241 5240 0.0049119
5738 5240 0.0049119
7218 5240 0.0049119
2149 5260 0.00024319
7287 5260 0.00024319
3638 5267 0.062756
3640 5267 0.062756
5268 5267 0.062756
3138 5268 0.060671
5832 5268 0.060671
6422 5268 0.060671
3122 5269 0.042724
5270 5269 0.042724
6233 5269 0.042724
2753 5270 0.031976
3327 5270 0.031976
5237 5270 0.031976
5063 5395 0.0049244
3791 5396 0.0032724
3793 5397 0.0016743
5993 5397 0.0016743
7115 5397 0.0016743
3105 5398 0.0019132
5399 5398 0.0019132
5963 5398 0.0019132
3085 5399 0.0045362
3088 5399 0.0045362
5398 5399 0.0045362
5666 5662 0.50031
5667 5662 0.50031
4658 5663 0.0003141
4658 5664 0.0046289
4657 5666 0.81778
5663 5666 0.81778
5665 5666 0.81778
3086 5667 0.00013666
5668 5667 0.00013666
5964 5667 0.00013666
5666 5668 0.31761
5667 5668 0.31761
2350 5670 0.011228
5671 5670 0.011228
5836 5670 0.011228
5670 5671 0.014829
6385 5671 0.014829
7085 5671 0.014829
3090 5674 0.06563
5675 5674 0.06563
5676 5674 0.06563
7150 5674 0.06563
2279 5675 0.016938
5674 5675 0.016938
7273 5675 0.016938
5677 5676 0.006969
5678 5676 0.006969
5962 5676 0.006969
3090 5677 0.00043217
5675 5677 0.00043217
5676 5677 0.00043217
7150 5677 0.00043217
5672 5678 0.00029478
5679 5678 0.00029478
5960 5678 0.00029478
3094 5680 0.001318
5681 5680 0.001318
5683 5680 0.001318
428 5681 0.1533
429 5681 0.1533
3089 5681 0.1533
5680 5681 0.1533
3094 5682 0.15001
5681 5682 0.15001
5683 5682 0.15001
1975 5683 0.0021722
3091 5683 0.0021722
5682 5683 0.0021722
5693 5683 0.0021722
3093 5685 0.004148
5684 5685 0.004148
432 5693 0.78626
5692 5693 0.78626
1538 5702 0.0028061
1541 5702 0.0028061
1543 5702 0.0028061
5703 5702 0.0028061
1693 5704 0.0028222
5702 5704 0.0028222
5705 5704 0.0028222
5704 5706 0.0030568
5707 5706 0.0030568
5731 5706 0.0030568
6600 5706 0.0030568
4718 5708 0.0028246
4719 5708 0.0028246
5706 5708 0.0028246
5709 5708 0.0028246
2746 5710 0.0029659
5708 5710 0.0029659
5711 5710 0.0029659
6604 5710 0.0029659
2440 5711 0.00041364
2443 5711 0.00041364
5710 5711 0.00041364
5713 5711 0.00041364
2440 5712 0.0012824
2443 5712 0.0012824
5710 5712 0.0012824
5713 5712 0.0012824
1725 5713 0.00012291
1728 5713 0.00012291
5712 5713 0.00012291
5715 5713 0.00012291
1725 5714 0.00040271
1728 5714 0.00040271
5712 5714 0.00040271
5715 5714 0.00040271
3216 5720 0.0027278
5721 5720 0.0027278
5722 5720 0.0027278
2442 5721 0.00013874
2445 5721 0.00013874
5720 5721 0.00013874
5723 5722 0.0013029
5724 5722 0.0013029
6606 5722 0.0013029
4713 5724 0.0013029
5725 5724 0.0013029
5726 5724 0.0013029
3218 5726 0.0021268
5727 5726 0.0021268
5728 5726 0.0021268
3215 5728 0.0037396
5729 5728 0.0037396
6614 5728 0.0037396
3218 5729 0.00031767
5727 5729 0.00031767
5728 5729 0.00031767
5704 5730 0.00013741
5707 5730 0.00013741
5731 5730 0.00013741
6600 5730 0.00013741
118 5731 0.00043544
3219 5731 0.00043544
5730 5731 0.00043544
2348 5738 0.0049305
5239 5738 0.0049305
5739 5738 0.0049305
3335 5822 0.0058643
5823 5822 0.0058643
5831 5822 0.0058643
6967 5822 0.0058643
5822 5823 0.0041966
6963 5823 0.0041966
7102 5823 0.0041966
7104 5823 0.0041966
5825 5824 0.0012429
5826 5824 0.0012429
5830 5824 0.0012429
5824 5825 0.0060034
6964 5825 0.0060034
7100 5825 0.0060034
3331 5826 0.00019625
5827 5826 0.00019625
5829 5826 0.00019625
5825 5827 0.00063262
5826 5827 0.00063262
5830 5827 0.00063262
3335 5830 0.0014342
5823 5830 0.0014342
5831 5830 0.0014342
6967 5830 0.0014342
5825 5831 0.0057584
5826 5831 0.0057584
5830 5831 0.0057584
2352 5832 0.059319
2355 5832 0.059319
5269 5832 0.059319
5837 5838 0.11472
6927 5838 0.11472
7069 5838 0.11472
7112 5838 0.11472
3135 5949 0.0002594
5948 5949 0.0002594
5953 5949 0.0002594
3147 5950 0.0019876
5951 5950 0.0019876
6398 5950 0.0019876
6399 5950 0.0019876
5950 5951 0.00025983
6389 5951 0.00025983
6405 5951 0.00025983
5952 5953 0.00058875
6378 5953 0.00058875
6379 5953 0.00058875
3133 5954 0.0047861
5955 5954 0.0047861
6394 5954 0.0047861
3117 5956 0.010402
5957 5956 0.010402
6368 5956 0.010402
6369 5956 0.010402
5956 5957 0.0069241
6386 5957 0.0069241
6387 5957 0.0069241
3101 5960 0.00027115
3104 5960 0.00027115
5961 5960 0.00027115
3105 5962 0.0066802
5399 5962 0.0066802
5963 5962 0.0066802
5677 5963 0.00042938
5678 5963 0.00042938
5962 5963 0.00042938
3103 5964 0.00081748
3106 5964 0.00081748
5965 5964 0.00081748
3086 5965 0.0047312
5668 5965 0.0047312
5964 5965 0.0047312
2349 5985 0.0043918
5903 5985 0.0043918
5986 5985 0.0043918
7105 5985 0.0043918
3319 5986 0.0068957
5985 5986 0.0068957
7093 5986 0.0068957
7095 5986 0.0068957
1729 6075 0.00097755
4756 6075 0.00097755
6076 6075 0.00097755
4747 6077 0.00097755
6075 6077 0.00097755
6078 6077 0.00097755
2865 6079 0.0016735
6077 6079 0.0016735
6080 6079 0.0016735
3951 6080 0.00058642
6079 6080 0.00058642
6082 6080 0.00058642
3951 6081 0.019675
6079 6081 0.019675
6082 6081 0.019675
3221 6082 0.010516
6081 6082 0.010516
6213 6082 0.010516
6592 6082 0.010516
6107 6108 0.00085887
6110 6108 0.00085887
6114 6108 0.00085887
3145 6110 0.0012798
3148 6110 0.0012798
3911 6110 0.0012798
6109 6110 0.0012798
3139 6111 0.0019857
3910 6111 0.0019857
6112 6111 0.0019857
6111 6112 0.00041595
6396 6112 0.00041595
6397 6112 0.00041595
6406 6112 0.00041595
6107 6113 0.00056711
6110 6113 0.00056711
6114 6113 0.00056711
3909 6114 0.00013706
6113 6114 0.00013706
6400 6114 0.00013706
6401 6114 0.00013706
780 6147 0.00032689
6148 6147 0.00032689
6150 6149 0.0071735
6616 6149 0.0071735
6619 6149 0.0071735
777 6150 0.00019767
4784 6150 0.00019767
6149 6150 0.00019767
6152 6151 0.016058
6618 6151 0.016058
6621 6151 0.016058
1685 6153 0.023062
4783 6153 0.023062
6151 6153 0.023062
6154 6153 0.023062
1976 6156 0.91166
6155 6156 0.91166
6617 6156 0.91166
6157 6158 0.91063
7265 6158 0.91063
6159 6160 0.93359
7269 6160 0.93359
2444 6162 0.93766
6160 6162 0.93766
6161 6162 0.93766
3204 6164 0.92678
6162 6164 0.92678
6163 6164 0.92678
3950 6166 0.91872
6164 6166 0.91872
6165 6166 0.91872
3210 6183 0.00017529
6184 6183 0.00017529
6185 6183 0.00017529
3201 6185 0.00011166
6186 6185 0.00011166
6187 6185 0.00011166
3208 6187 0.00010774
6188 6187 0.00010774
6189 6187 0.00010774
1680 6193 0.00010265
6194 6193 0.00010265
6195 6193 0.00010265
3206 6194 0.00011761
6192 6194 0.00011761
6193 6194 0.00011761
1660 6195 0.00010483
6196 6195 0.00010483
7158 6195 0.00010483
1680 6196 0.00012088
6194 6196 0.00012088
6195 6196 0.00012088
1678 6201 0.00070967
6202 6201 0.00070967
6203 6201 0.00070967
1675 6202 0.00038921
3203 6202 0.00038921
6201 6202 0.00038921
1661 6203 0.00069182
1664 6203 0.00069182
6204 6203 0.00069182
1678 6204 0.0003818
6202 6204 0.0003818
6203 6204 0.0003818
6206 6205 0.010523
6209 6205 0.010523
6211 6205 0.010523
3655 6206 0.00027499
3658 6206 0.00027499
6205 6206 0.00027499
3653 6209 0.010523
3656 6209 0.010523
6210 6209 0.010523
6206 6210 0.00027499
6209 6210 0.00027499
6211 6210 0.00027499
2407 6213 0.0038021
2408 6213 0.0038021
6214 6213 0.0038021
3221 6214 0.00027522
6081 6214 0.00027522
6213 6214 0.00027522
6592 6214 0.00027522
6216 6215 0.0052138
6217 6215 0.0052138
6595 6215 0.0052138
2134 6216 0.00057674
2137 6216 0.00057674
6215 6216 0.00057674
3659 6217 0.0059075
3662 6217 0.0059075
6218 6217 0.0059075
6216 6218 0.00024629
6217 6218 0.00024629
6595 6218 0.00024629
548 6225 0.0015059
6226 6225 0.0015059
6227 6225 0.0015059
6230 6225 0.0015059
3333 6226 0.0023392
3336 6226 0.0023392
6225 6226 0.0023392
3907 6227 0.00044944
4019 6227 0.00044944
6228 6227 0.00044944
6358 6227 0.00044944
548 6228 0.038022
6226 6228 0.038022
6227 6228 0.038022
6230 6228 0.038022
548 6229 0.0017204
6226 6229 0.0017204
6227 6229 0.0017204
6230 6229 0.0017204
6229 6230 0.033489
6979 6230 0.033489
7063 6230 0.033489
4020 6231 0.011047
6232 6231 0.011047
6351 6231 0.011047
6231 6232 0.00019013
6234 6232 0.00019013
6354 6232 0.00019013
6231 6233 0.011099
6234 6233 0.011099
6354 6233 0.011099
3122 6234 0.00024893
5270 6234 0.00024893
6233 6234 0.00024893
2071 6237 0.016535
6238 6237 0.016535
6239 6237 0.016535
996 6238 0.0061447
3119 6238 0.0061447
4790 6238 0.0061447
6237 6238 0.0061447
4789 6239 0.0020188
6240 6239 0.0020188
6365 6239 0.0020188
2071 6240 0.034911
6238 6240 0.034911
6239 6240 0.034911
950 6351 0.00098709
6352 6351 0.00098709
6353 6351 0.00098709
6356 6351 0.00098709
4020 6352 0.0010521
6232 6352 0.0010521
6351 6352 0.0010521
2354 6353 0.00047899
2357 6353 0.00047899
948 6354 0.00058968
951 6354 0.00058968
6355 6354 0.00058968
6231 6355 0.00059591
6234 6355 0.00059591
6354 6355 0.00059591
6357 6356 0.00061004
6361 6356 0.00061004
950 6357 0.0011603
6352 6357 0.0011603
6353 6357 0.0011603
6356 6357 0.0011603
995 6358 0.00072705
6359 6358 0.00072705
6360 6358 0.00072705
3907 6359 0.02382
4019 6359 0.02382
6228 6359 0.02382
6358 6359 0.02382
6357 6360 0.00044456
6361 6360 0.00044456
995 6361 0.015114
6359 6361 0.015114
6360 6361 0.015114
6357 6362 0.01522
6361 6362 0.01522
6364 6363 0.00012572
6410 6363 0.00012572
6411 6363 0.00012572
6363 6364 0.0010057
6943 6364 0.0010057
7165 6364 0.0010057
2364 6365 0.00085913
2367 6365 0.00085913
6366 6365 0.00085913
6367 6365 0.00085913
4789 6366 0.058814
6240 6366 0.058814
6365 6366 0.058814
2364 6368 0.082459
2367 6368 0.082459
6366 6368 0.082459
6367 6368 0.082459
5954 6369 0.00016168
6370 6369 0.00016168
6388 6369 0.00016168
7111 6369 0.00016168
3117 6370 0.080754
5957 6370 0.080754
6368 6370 0.080754
6369 6370 0.080754
3140 6371 0.00056063
6372 6371 0.00056063
6373 6371 0.00056063
6407 6371 0.00056063
2078 6372 0.0079022
2358 6372 0.0079022
2361 6372 0.0079022
6371 6372 0.0079022
3143 6373 0.0001567
3146 6373 0.0001567
6374 6373 0.0001567
6375 6373 0.0001567
3140 6374 0.0047789
6372 6374 0.0047789
6373 6374 0.0047789
6407 6374 0.0047789
3143 6376 0.0026497
3146 6376 0.0026497
6374 6376 0.0026497
6375 6376 0.0026497
6376 6378 0.0015859
6377 6378 0.0015859
6417 6378 0.0015859
5952 6380 0.0010411
6378 6380 0.0010411
6379 6380 0.0010411
3127 6382 0.00015087
3130 6382 0.00015087
6380 6382 0.00015087
6381 6382 0.00015087
5956 6385 0.0012191
6386 6385 0.0012191
6387 6385 0.0012191
5670 6386 0.027147
6385 6386 0.027147
7085 6386 0.027147
5954 6387 0.0026888
6370 6387 0.0026888
6388 6387 0.0026888
7111 6387 0.0026888
5956 6388 0.032094
6386 6388 0.032094
6387 6388 0.032094
3118 6389 0.00012935
6390 6389 0.00012935
6391 6389 0.00012935
5950 6390 0.0030231
6389 6390 0.0030231
6405 6390 0.0030231
3908 6391 0.00046979
6392 6391 0.00046979
6393 6391 0.00046979
3118 6392 0.0016638
6390 6392 0.0016638
6391 6392 0.0016638
3133 6393 0.00012994
5955 6393 0.00012994
6394 6393 0.00012994
3908 6394 0.0022111
6392 6394 0.0022111
6393 6394 0.0022111
6111 6395 0.0012593
6396 6395 0.0012593
6397 6395 0.0012593
6406 6395 0.0012593
2362 6396 0.0030996
2365 6396 0.0030996
6395 6396 0.0030996
3147 6397 0.00041786
5951 6397 0.00041786
6398 6397 0.00041786
6399 6397 0.00041786
6111 6398 0.0026619
6396 6398 0.0026619
6397 6398 0.0026619
6406 6398 0.0026619
3147 6400 0.002199
5951 6400 0.002199
6398 6400 0.002199
6399 6400 0.002199
3909 6402 0.0017151
6113 6402 0.0017151
6400 6402 0.0017151
6401 6402 0.0017151
6111 6405 0.0014375
6396 6405 0.0014375
6397 6405 0.0014375
6406 6405 0.0014375
5950 6406 0.00027156
6389 6406 0.00027156
6405 6406 0.00027156
4788 6407 0.0005981
6408 6407 0.0005981
6409 6407 0.0005981
3140 6408 0.00081554
6372 6408 0.00081554
6373 6408 0.00081554
6407 6408 0.00081554
6364 6409 0.00070354
6410 6409 0.00070354
6411 6409 0.00070354
4788 6410 0.00045431
6408 6410 0.00045431
6409 6410 0.00045431
6364 6412 0.0006411
6410 6412 0.0006411
6411 6412 0.0006411
5834 6414 0.0006411
6412 6414 0.0006411
6413 6414 0.0006411
3142 6416 0.0012095
6414 6416 0.0012095
6415 6416 0.0012095
6376 6418 0.0011242
6377 6418 0.0011242
6417 6418 0.0011242
6416 6420 0.0022845
6418 6420 0.0022845
6419 6420 0.0022845
3138 6421 0.00055312
5832 6421 0.00055312
6422 6421 0.00055312
3304 6422 0.0022951
6420 6422 0.0022951
6421 6422 0.0022951
6216 6594 0.0010922
6217 6594 0.0010922
6595 6594 0.0010922
4518 6596 0.0001187
4741 6596 0.0001187
6597 6596 0.0001187
6602 6596 0.0001187
2441 6597 0.00010133
3600 6597 0.00010133
6596 6597 0.00010133
6712 6597 0.00010133
3195 6600 0.00016475
4521 6600 0.00016475
6601 6600 0.00016475
5704 6601 0.000235
5707 6601 0.000235
5731 6601 0.000235
6600 6601 0.000235
1688 6604 0.00024291
4517 6604 0.00024291
6605 6604 0.00024291
2746 6605 0.00016587
5708 6605 0.00016587
5711 6605 0.00016587
6604 6605 0.00016587
4515 6612 0.001392
5700 6612 0.001392
6613 6612 0.001392
117 6614 0.0029378
6612 6614 0.0029378
6615 6614 0.0029378
3215 6615 0.0005322
5729 6615 0.0005322
6614 6615 0.0005322
1976 6616 0.023943
6155 6616 0.023943
6617 6616 0.023943
6150 6618 0.01693
6616 6618 0.01693
6619 6618 0.01693
6152 6620 0.00090469
6618 6620 0.00090469
6621 6620 0.00090469
5718 6622 0.00090363
6620 6622 0.00090363
6623 6622 0.00090363
6879 6736 0.004943
3964 6739 0.060261
6738 6739 0.060261
724 6795 0.060568
2147 6795 0.060568
6794 6795 0.060568
6796 6797 0.060325
7183 6797 0.060325
2151 6824 0.00029971
3649 6824 0.00029971
3652 6824 0.00029971
6823 6824 0.00029971
5085 6873 0.0026989
5267 6873 0.0026989
6873 6874 0.0026989
5093 6875 0.0002154
6875 6876 0.0002154
5662 6878 0.50494
5664 6878 0.50494
3792 6879 0.004943
3713 6920 0.0018873
6921 6920 0.0018873
7114 6920 0.0018873
6939 6938 0.00059237
7067 6938 0.00059237
7163 6938 0.00059237
7164 6938 0.00059237
6938 6939 0.00035073
6941 6939 0.00035073
6949 6939 0.00035073
6940 6941 0.00047979
6942 6941 0.00047979
6945 6941 0.00047979
6947 6941 0.00047979
6363 6942 0.00047979
6943 6942 0.00047979
7165 6942 0.00047979
6938 6948 0.00075789
6941 6948 0.00075789
6949 6948 0.00075789
6948 6949 0.00012138
6950 6949 0.00012138
6953 6949 0.00012138
6948 6952 0.00075789
6950 6952 0.00075789
6953 6952 0.00075789
6952 6953 0.00012138
7161 6953 0.00012138
7162 6953 0.00012138
5824 6963 0.0055981
6964 6963 0.0055981
7100 6963 0.0055981
5822 6964 0.0054063
6963 6964 0.0054063
7102 6964 0.0054063
7104 6964 0.0054063
6965 6967 0.00071349
6968 6967 0.00071349
7101 6967 0.00071349
3335 6968 0.002973
5823 6968 0.002973
5831 6968 0.002973
6967 6968 0.002973
6969 6971 0.0229
6972 6971 0.0229
6975 6971 0.0229
7066 6971 0.0229
6971 6972 0.0081822
6974 6972 0.0081822
7064 6972 0.0081822
6971 6973 0.026631
6974 6973 0.026631
7064 6973 0.026631
6973 6974 0.016914
6976 6974 0.016914
6978 6974 0.016914
6973 6975 0.035921
6976 6975 0.035921
6978 6975 0.035921
6969 6976 0.0091361
6972 6976 0.0091361
6975 6976 0.0091361
7066 6976 0.0091361
6973 6977 0.023897
6976 6977 0.023897
6978 6977 0.023897
3320 6978 0.040966
6977 6978 0.040966
7096 6978 0.040966
6980 6979 0.029737
7065 6979 0.029737
7098 6979 0.029737
6229 6980 0.0029702
6979 6980 0.0029702
7063 6980 0.0029702
6982 6981 0.10743
6984 6981 0.10743
6986 6981 0.10743
6981 6982 0.028032
6990 6982 0.028032
6982 6983 0.085077
6984 6983 0.085077
6986 6983 0.085077
3318 6984 0.13039
6983 6984 0.13039
7092 6984 0.13039
6982 6985 0.08924
6984 6985 0.08924
6986 6985 0.08924
6985 6986 0.12332
6988 6986 0.12332
6989 6986 0.12332
6985 6987 0.16495
6988 6987 0.16495
6989 6987 0.16495
6987 6988 0.11964
6992 6988 0.11964
6994 6988 0.11964
6981 6989 0.10743
6990 6989 0.10743
6985 6990 0.028032
6988 6990 0.028032
6989 6990 0.028032
6987 6991 0.36445
6992 6991 0.36445
6994 6991 0.36445
6991 6992 0.0078194
6995 6992 0.0078194
7000 6992 0.0078194
6987 6993 0.091828
6992 6993 0.091828
6994 6993 0.091828
6993 6994 0.40315
6996 6994 0.40315
6998 6994 0.40315
7001 6994 0.40315
6993 6995 0.017179
6996 6995 0.017179
6998 6995 0.017179
7001 6995 0.017179
6991 6996 1.3141
6995 6996 1.3141
7000 6996 1.3141
6993 6997 1.0468
6996 6997 1.0468
6998 6997 1.0468
7001 6997 1.0468
6997 6998 0.0015269
7090 6998 0.0015269
7091 6998 0.0015269
6991 6999 0.071282
6995 6999 0.071282
7000 6999 0.071282
6999 7000 0.011555
7002 7000 0.011555
7004 7000 0.011555
6999 7001 0.071282
7002 7001 0.071282
7004 7001 0.071282
6993 7002 0.011555
6996 7002 0.011555
6998 7002 0.011555
7001 7002 0.011555
2366 7005 0.0050823
7006 7005 0.0050823
7086 7005 0.0050823
3316 7006 0.032178
7005 7006 0.032178
7008 7006 0.032178
7088 7006 0.032178
6971 7063 0.01792
6974 7063 0.01792
7064 7063 0.01792
6229 7064 0.012919
6979 7064 0.012919
7063 7064 0.012919
6969 7065 0.021258
6972 7065 0.021258
6975 7065 0.021258
7066 7065 0.021258
6980 7066 0.0091905
7065 7066 0.0091905
7098 7066 0.0091905
2366 7085 0.033417
7006 7085 0.033417
7086 7085 0.033417
5670 7086 0.0038878
6385 7086 0.0038878
7085 7086 0.0038878
3316 7087 0.81463
7005 7087 0.81463
7008 7087 0.81463
7088 7087 0.81463
2351 7088 0.00072268
4656 7088 0.00072268
7014 7088 0.00072268
7087 7088 0.00072268
6997 7089 0.84343
7090 7089 0.84343
7091 7089 0.84343
3318 7091 0.064467
6983 7091 0.064467
7092 7091 0.064467
6997 7092 0.26642
7090 7092 0.26642
7091 7092 0.26642
547 7093 0.0057011
2073 7093 0.0057011
7094 7093 0.0057011
3319 7094 0.095435
5985 7094 0.095435
7093 7094 0.095435
7095 7094 0.095435
3320 7095 0.016733
6977 7095 0.016733
7096 7095 0.016733
3319 7096 0.081136
5985 7096 0.081136
7093 7096 0.081136
7095 7096 0.081136
6980 7097 0.0074236
7065 7097 0.0074236
7098 7097 0.0074236
3321 7098 0.022123
3322 7098 0.022123
7097 7098 0.022123
5824 7099 0.0040466
6964 7099 0.0040466
7100 7099 0.0040466
3325 7100 0.0089991
3326 7100 0.0089991
7099 7100 0.0089991
5822 7101 0.00071349
6963 7101 0.00071349
7102 7101 0.00071349
7104 7101 0.00071349
6965 7102 0.002973
6968 7102 0.002973
7101 7102 0.002973
5822 7103 0.0096936
6963 7103 0.0096936
7102 7103 0.0096936
7104 7103 0.0096936
3323 7104 0.0055745
3324 7104 0.0055745
7103 7104 0.0055745
5954 7112 0.11472
6370 7112 0.11472
6388 7112 0.11472
7111 7112 0.11472
3713 7113 0.00010237
6921 7113 0.00010237
7114 7113 0.00010237
2146 7114 0.0018578
3712 7114 0.0018578
4663 7114 0.0018578
7113 7114 0.0018578
3795 7115 0.00013877
416 7149 0.0013732
3096 7149 0.0013732
7148 7149 0.0013732
3087 7150 0.31096
7151 7150 0.31096
7157 7156 0.00090363
7230 7156 0.00090363
7156 7158 0.00090363
7159 7158 0.00090363
6952 7160 0.00091014
7161 7160 0.00091014
7162 7160 0.00091014
2356 7161 0.0017901
2359 7161 0.0017901
6362 7161 0.0017901
7160 7161 0.0017901
6939 7162 0.00035536
7067 7162 0.00035536
7163 7162 0.00035536
7164 7162 0.00035536
6952 7163 0.0018719
7161 7163 0.0018719
7162 7163 0.0018719
6363 7164 0.00015345
6943 7164 0.00015345
7165 7164 0.00015345
6939 7165 0.0014283
7067 7165 0.0014283
7163 7165 0.0014283
7164 7165 0.0014283
7182 7183 0.060325
7185 7183 0.060325
7184 7185 0.060325
7288 7185 0.060325
7222 7223 0.0013927
7225 7223 0.0013927
408 7225 0.0013927
1575 7225 0.0013927
7224 7225 0.0013927
1670 7227 0.00013266
6171 7227 0.00013266
7226 7227 0.00013266
6622 7228 0.00090363
7229 7228 0.00090363
7228 7230 0.00090363
7231 7230 0.00090363
3214 7265 0.91063
6156 7265 0.91063
7264 7265 0.91063
6153 7266 0.023062
7267 7266 0.023062
6158 7269 0.93359
7266 7269 0.93359
7268 7269 0.93359
7272 7273 0.00094451
7274 7273 0.00094451
1127 7274 0.00095403
3095 7274 0.00095403
3098 7274 0.00095403
2149 7288 0.060325
7287 7288 0.060325
