86 85 0.00010356
89 85 0.00010356
6576 85 0.00010356
88 87 0.00060627
90 87 0.00060627
773 87 0.00060627
6568 87 0.00060627
86 90 0.00010417
89 90 0.00010417
6576 90 0.00010417
92 91 0.00097739
4557 91 0.00097739
6569 91 0.00097739
98 97 0.00074876
3704 97 0.00074876
3705 97 0.00074876
97 98 0.00021271
412 98 0.00021271
6566 98 0.00021271
110 109 0.00073615
5717 109 0.00073615
6560 109 0.00073615
109 110 0.00048525
782 110 0.00048525
784 110 0.00048525
118 117 0.0001245
3219 117 0.0001245
5730 117 0.0001245
134 133 0.0028447
3708 133 0.0028447
3709 133 0.0028447
133 134 0.0033057
3052 134 0.0033057
402 404 0.00022686
403 404 0.00022686
418 404 0.00022686
419 404 0.00022686
97 411 0.00074876
412 411 0.00074876
6566 411 0.00074876
411 412 0.00021271
3734 412 0.00021271
3735 412 0.00021271
414 413 0.00012756
415 413 0.00012756
417 413 0.00012756
416 415 0.00069074
3096 415 0.00069074
7148 415 0.00069074
414 418 0.00056743
415 418 0.00056743
417 418 0.00056743
402 420 0.00038466
403 420 0.00038466
418 420 0.00038466
419 420 0.00038466
116 422 0.00019162
420 422 0.00019162
421 422 0.00019162
1584 422 0.00019162
114 424 0.00015768
422 424 0.00015768
423 424 0.00015768
6550 424 0.00015768
428 427 0.0056926
429 427 0.0056926
3089 427 0.0056926
5680 427 0.0056926
427 428 0.0096281
431 428 0.0096281
3097 428 0.0096281
2279 431 0.20139
5674 431 0.20139
7273 431 0.20139
427 432 0.187
431 432 0.187
3097 432 0.187
6878 434 0.98939
547 548 0.00040204
2073 548 0.00040204
7094 548 0.00040204
554 553 0.00070741
1525 553 0.00070741
2824 553 0.00070741
553 554 0.0007139
3702 554 0.0007139
3703 554 0.0007139
5260 723 0.0033637
723 724 0.030244
6920 724 0.030244
774 773 0.00076381
775 773 0.00076381
776 775 0.00076381
6574 775 0.00076381
778 777 0.00011929
3045 777 0.00011929
6147 777 0.00011929
777 778 0.00011929
4784 778 0.00011929
6149 778 0.00011929
779 780 0.00011192
3046 780 0.00011192
109 781 0.00073615
782 781 0.00073615
784 781 0.00073615
781 782 0.00048525
3700 782 0.00048525
3701 782 0.00048525
958 959 0.00018579
1681 959 0.00018579
4810 959 0.00018579
6181 959 0.00018579
995 994 0.00012551
6359 994 0.00012551
6360 994 0.00012551
994 995 0.00019691
997 995 0.00019691
2076 995 0.00019691
2077 995 0.00019691
994 996 0.0001301
997 996 0.0001301
2076 996 0.0001301
2077 996 0.0001301
996 997 0.00014845
3119 997 0.00014845
4790 997 0.00014845
6237 997 0.00014845
434 1126 0.98972
5089 1126 0.98972
432 1127 0.0083604
5692 1127 0.0083604
5085 1129 0.0048544
5267 1129 0.0048544
1521 1520 0.00035155
6558 1520 0.00035155
6561 1520 0.00035155
1520 1521 0.00017885
1523 1521 0.00017885
2825 1521 0.00017885
1520 1522 0.00011873
1523 1522 0.00011873
2825 1522 0.00011873
1522 1523 0.00013511
2821 1523 0.00013511
2827 1523 0.00013511
554 1524 0.00057465
1525 1524 0.00057465
2824 1524 0.00057465
1524 1525 0.00037908
1968 1525 0.00037908
2820 1525 0.00037908
1542 1543 0.0001389
2809 1543 0.0001389
1566 1568 0.00033945
1569 1568 0.00033945
5716 1568 0.00033945
1568 1569 0.00076305
1571 1569 0.00076305
3699 1569 0.00076305
1570 1571 0.026739
1573 1571 0.026739
3092 1571 0.026739
1572 1573 0.002756
7223 1573 0.002756
1574 1575 0.002756
1577 1575 0.002756
6571 1575 0.002756
1576 1577 0.0037945
7149 1577 0.0037945
1580 1581 0.00071352
1583 1581 0.00071352
6572 1581 0.00071352
6575 1581 0.00071352
1582 1583 0.00021206
1585 1583 0.00021206
4524 1583 0.00021206
116 1585 0.00023876
420 1585 0.00023876
421 1585 0.00023876
1584 1585 0.00023876
1660 1659 0.10877
6196 1659 0.10877
7158 1659 0.10877
1662 1661 0.00026525
3657 1661 0.00026525
3660 1661 0.00026525
1661 1662 0.0014923
1664 1662 0.0014923
6204 1662 0.0014923
1661 1663 0.00029687
1664 1663 0.00029687
6204 1663 0.00029687
1663 1664 0.00067095
1666 1664 0.00067095
6183 1664 0.00067095
1665 1666 0.00062789
1668 1666 0.00062789
6198 1666 0.00062789
1667 1668 0.00060261
7227 1668 0.00060261
1669 1670 0.0008704
1672 1670 0.0008704
6169 1670 0.0008704
1671 1672 0.0008704
1674 1672 0.0008704
3202 1672 0.0008704
1673 1674 0.0032525
3205 1674 0.0032525
6167 1674 0.0032525
1676 1675 0.00060225
2854 1675 0.00060225
3661 1675 0.00060225
1675 1676 0.0021076
3203 1676 0.0021076
6201 1676 0.0021076
1680 1679 0.00018831
6194 1679 0.00018831
6195 1679 0.00018831
1679 1680 0.00033177
1682 1680 0.00033177
1684 1680 0.00033177
1679 1681 0.00017028
1682 1681 0.00017028
1684 1681 0.00017028
958 1682 0.00015529
1681 1682 0.00015529
4810 1682 0.00015529
6181 1682 0.00015529
959 1684 0.00018579
1683 1684 0.00018579
6177 1684 0.00018579
6179 1684 0.00018579
1524 1967 0.0005423
1968 1967 0.0005423
2820 1967 0.0005423
1527 1968 0.00035755
1967 1968 0.00035755
2822 1968 0.00035755
1972 1971 0.00037501
3706 1971 0.00037501
3707 1971 0.00037501
3736 1971 0.00037501
1969 1972 0.00055421
1971 1972 0.00055421
2823 1972 0.00055421
1975 1976 0.16516
3091 1976 0.16516
5682 1976 0.16516
5693 1976 0.16516
2072 2071 0.0001066
2074 2071 0.0001066
2075 2071 0.0001066
3906 2071 0.0001066
2071 2072 0.00012936
6238 2072 0.00012936
6239 2072 0.00012936
547 2074 0.0011978
2073 2074 0.0011978
7094 2074 0.0011978
2072 2076 0.00080929
2074 2076 0.00080929
2075 2076 0.00080929
3906 2076 0.00080929
994 2078 0.00073295
997 2078 0.00073295
2076 2078 0.00073295
2077 2078 0.00073295
2135 2134 0.00015355
2142 2134 0.00015355
2400 2134 0.00015355
2818 2134 0.00015355
2134 2135 0.00067567
2137 2135 0.00067567
6215 2135 0.00067567
2134 2136 0.00033854
2137 2136 0.00033854
6215 2136 0.00033854
2136 2137 0.0036425
2853 2137 0.0036425
3220 2137 0.0036425
6166 2137 0.0036425
724 2146 0.0012031
2147 2146 0.0012031
6794 2146 0.0012031
2146 2147 0.80898
3712 2147 0.80898
4663 2147 0.80898
7113 2147 0.80898
2148 2149 0.83802
6795 2149 0.83802
2150 2151 0.83467
6797 2151 0.83467
1126 2279 0.31506
2348 2349 0.0020829
5239 2349 0.0020829
5739 2349 0.0020829
2351 2350 0.00026497
4656 2350 0.00026497
7014 2350 0.00026497
7087 2350 0.00026497
2354 2355 0.0013181
2357 2355 0.0013181
2356 2357 0.0013374
2359 2357 0.0013374
6362 2357 0.0013374
7160 2357 0.0013374
2078 2359 0.00082395
2358 2359 0.00082395
2361 2359 0.00082395
6371 2359 0.00082395
2360 2361 0.00040389
2363 2361 0.00040389
3120 2361 0.00040389
2362 2363 0.0003237
2365 2363 0.0003237
6395 2363 0.0003237
2364 2365 0.00036111
2367 2365 0.00036111
6366 2365 0.00036111
6367 2365 0.00036111
2366 2367 0.00046584
7006 2367 0.00046584
7086 2367 0.00046584
2135 2401 0.00049348
2142 2401 0.00049348
2400 2401 0.00049348
2818 2401 0.00049348
2401 2407 0.00049348
2402 2407 0.00049348
2406 2407 0.00049348
2442 2444 0.00023248
2445 2444 0.00023248
5720 2444 0.00023248
2808 2809 0.0001389
5685 2809 0.0001389
5686 2809 0.0001389
2817 2816 0.00012508
6594 2816 0.00012508
2138 2817 0.00014547
2816 2817 0.00014547
2819 2817 0.00014547
2138 2818 0.000113
2816 2818 0.000113
2819 2818 0.000113
2135 2819 0.00021353
2142 2819 0.00021353
2400 2819 0.00021353
2818 2819 0.00021353
1524 2821 0.00010895
1968 2821 0.00010895
2820 2821 0.00010895
1969 2822 0.00037501
1971 2822 0.00037501
2823 2822 0.00037501
1527 2823 0.00055421
1967 2823 0.00055421
2822 2823 0.00055421
1520 2824 0.00038228
1523 2824 0.00038228
2825 2824 0.00038228
554 2825 0.0001932
1525 2825 0.0001932
2824 2825 0.0001932
2136 2854 0.049593
2853 2854 0.049593
3220 2854 0.049593
6166 2854 0.049593
778 3046 0.00011192
3045 3046 0.00011192
6147 3046 0.00011192
133 3051 0.0028447
3052 3051 0.0028447
3051 3052 0.0033057
3710 3052 0.0033057
3711 3052 0.0033057
3086 3085 0.0069081
5668 3085 0.0069081
5964 3085 0.0069081
3085 3087 0.0068546
3088 3087 0.0068546
5398 3087 0.0068546
3090 3089 0.01046
5675 3089 0.01046
5676 3089 0.01046
7150 3089 0.01046
428 3090 0.0037345
429 3090 0.0037345
3089 3090 0.0037345
5680 3090 0.0037345
1570 3091 0.00023573
1573 3091 0.00023573
3092 3091 0.00023573
1975 3092 0.024246
3091 3092 0.024246
5682 3092 0.024246
5693 3092 0.024246
3094 3093 0.0001389
5681 3093 0.0001389
5683 3093 0.0001389
1127 3096 0.0044798
3095 3096 0.0044798
3098 3096 0.0044798
1127 3097 0.0012103
3095 3097 0.0012103
3098 3097 0.0012103
427 3098 0.011658
431 3098 0.011658
3097 3098 0.011658
3103 3105 0.00011241
3106 3105 0.00011241
5965 3105 0.00011241
996 3120 0.00011589
3119 3120 0.00011589
4790 3120 0.00011589
6237 3120 0.00011589
3123 3124 0.00018053
3126 3124 0.00018053
3312 3124 0.00018053
3125 3126 0.00016636
3128 3126 0.00016636
5949 3126 0.00016636
3127 3128 0.00015034
3130 3128 0.00015034
6380 3128 0.00015034
6381 3128 0.00015034
3129 3130 0.0001071
3132 3130 0.0001071
6105 3130 0.0001071
6108 3130 0.0001071
3200 3201 0.00018643
6172 3201 0.00018643
6173 3201 0.00018643
1671 3203 0.0023853
1674 3203 0.0023853
3202 3203 0.0023853
3204 3205 0.0032525
6162 3205 0.0032525
6163 3205 0.0032525
3207 3206 0.0017502
4559 3206 0.0017502
4562 3206 0.0017502
3206 3207 0.0026905
6192 3207 0.0026905
6193 3207 0.0026905
3209 3208 0.00071624
3211 3208 0.00071624
4561 3208 0.00071624
3208 3209 0.00072652
6188 3209 0.00072652
6189 3209 0.00072652
3209 3210 0.00039501
3211 3210 0.00039501
4561 3210 0.00039501
3210 3211 0.00080738
6184 3211 0.00080738
6185 3211 0.00080738
1659 3212 0.11022
3213 3212 0.11022
4560 3212 0.11022
3212 3213 0.00010603
3651 3213 0.00010603
3654 3213 0.00010603
3215 3214 0.00019272
5729 3214 0.00019272
6614 3214 0.00019272
3214 3215 0.000291
6156 3215 0.000291
7264 3215 0.000291
3218 3219 0.0001389
5727 3219 0.0001389
5728 3219 0.0001389
3221 3220 0.0032338
6081 3220 0.0032338
6213 3220 0.0032338
6592 3220 0.0032338
2136 3221 0.00058725
2853 3221 0.00058725
3220 3221 0.00058725
6166 3221 0.00058725
3317 3316 0.00047419
5238 3316 0.00047419
7089 3316 0.00047419
3318 3319 0.001043
6983 3319 0.001043
7092 3319 0.001043
3320 3321 0.0012453
6977 3321 0.0012453
7096 3321 0.0012453
3321 3323 0.0011918
3322 3323 0.0011918
7097 3323 0.0011918
3323 3325 0.0013803
3324 3325 0.0013803
7103 3325 0.0013803
3325 3327 0.0012291
3326 3327 0.0012291
7099 3327 0.0012291
3124 3638 0.00026853
3307 3638 0.00026853
3308 3638 0.00026853
3637 3638 0.00026853
3343 3640 0.00013748
3639 3640 0.00013748
3962 3640 0.00013748
2151 3651 0.0023885
3649 3651 0.0023885
3652 3651 0.0023885
6823 3651 0.0023885
3212 3652 0.1676
3651 3652 0.1676
3654 3652 0.1676
3212 3653 0.0085995
3651 3653 0.0085995
3654 3653 0.0085995
3653 3654 0.063698
3656 3654 0.063698
6210 3654 0.063698
3653 3655 0.0022775
3656 3655 0.0022775
6210 3655 0.0022775
3655 3656 0.060499
3658 3656 0.060499
6205 3656 0.060499
3655 3657 0.00015396
3658 3657 0.00015396
6205 3657 0.00015396
1662 3658 0.055253
3657 3658 0.055253
3660 3658 0.055253
3659 3660 0.053917
3662 3660 0.053917
6218 3660 0.053917
1676 3662 0.051103
2854 3662 0.051103
3661 3662 0.051103
1568 3700 0.026315
1571 3700 0.026315
3699 3700 0.026315
781 3702 0.026568
3700 3702 0.026568
3701 3702 0.026568
553 3704 0.026575
3702 3704 0.026575
3703 3704 0.026575
1972 3705 0.00027771
3706 3705 0.00027771
3707 3705 0.00027771
3736 3705 0.00027771
98 3706 0.026301
3704 3706 0.026301
3705 3706 0.026301
134 3707 0.00022465
3708 3707 0.00022465
3709 3707 0.00022465
1972 3708 0.0287
3706 3708 0.0287
3707 3708 0.0287
3736 3708 0.0287
3051 3709 0.0009156
3710 3709 0.0009156
3711 3709 0.0009156
134 3710 0.029852
3708 3710 0.029852
3709 3710 0.029852
2146 3711 0.0029395
3712 3711 0.0029395
4663 3711 0.0029395
7113 3711 0.0029395
3051 3712 0.031415
3710 3712 0.031415
3711 3712 0.031415
3713 3714 0.00010124
6921 3714 0.00010124
7114 3714 0.00010124
426 3722 0.00010622
3720 3722 0.00010622
3721 3722 0.00010622
4661 3722 0.00010622
85 3726 0.00018828
3724 3726 0.00018828
3725 3726 0.00018828
3726 3728 0.00019396
3727 3728 0.00019396
4556 3728 0.00019396
87 3730 0.00078131
3728 3730 0.00078131
3729 3730 0.00078131
373 3732 0.0007901
3730 3732 0.0007901
3731 3732 0.0007901
91 3734 0.0017391
3732 3734 0.0017391
3733 3734 0.0017391
411 3736 0.0023174
3734 3736 0.0023174
3735 3736 0.0023174
4199 3791 1.0003
5395 3791 1.0003
5396 3792 1.0003
5397 3792 1.0003
3791 3793 0.33856
3793 3794 0.028049
5993 3794 0.028049
7115 3794 0.028049
3790 3795 0.028042
3794 3795 0.028042
7083 3795 0.028042
2072 3907 0.00051807
2074 3907 0.00051807
2075 3907 0.00051807
3906 3907 0.00051807
3951 3950 0.00059218
6079 3950 0.00059218
6082 3950 0.00059218
3950 3951 0.0027422
6164 3951 0.0027422
6165 3951 0.0027422
4685 3962 0.00013844
5086 3962 0.00013844
6876 3963 0.80263
1129 3964 0.80641
3963 3964 0.80641
3907 4020 0.00062437
4019 4020 0.00062437
6228 4020 0.00062437
6358 4020 0.00062437
7116 4199 1
4523 4525 0.00010018
4526 4525 0.00010018
6551 4525 0.00010018
1578 4557 0.00071352
1581 4557 0.00071352
4558 4557 0.00071352
1659 4559 0.0026069
3213 4559 0.0026069
4560 4559 0.0026069
3207 4560 0.0039698
4559 4560 0.0039698
4562 4560 0.0039698
3207 4561 0.0010393
4559 4561 0.0010393
4562 4561 0.0010393
3209 4562 0.0014619
3211 4562 0.0014619
4561 4562 0.0014619
4657 4656 0.00044202
5663 4656 0.00044202
5665 4656 0.00044202
2351 4657 0.00030512
4656 4657 0.00030512
7014 4657 0.00030512
7087 4657 0.00030512
6736 4658 0.99649
4662 4663 0.80621
6739 4663 0.80621
777 4783 0.0012578
4784 4783 0.0012578
6149 4783 0.0012578
1685 4784 0.00094457
4783 4784 0.00094457
6151 4784 0.00094457
6154 4784 0.00094457
4809 4810 0.00018539
6174 4810 0.00018539
6175 4810 0.00018539
5064 5063 0.00028905
5240 5063 0.00028905
4659 5064 0.0037979
5065 5064 0.0037979
3792 5065 0.0037968
4685 5085 0.0011403
5086 5085 0.0011403
5087 5086 0.0012786
5271 5086 0.0012786
1129 5087 0.0010751
3963 5087 0.0010751
7272 5088 0.12824
7274 5088 0.12824
5090 5089 0.00032168
5091 5090 0.00032228
5838 5090 0.00032228
1128 5091 0.00027336
5092 5091 0.00027336
5093 5092 0.00027322
5088 5093 0.8029
5094 5093 0.8029
1126 5094 0.67466
2348 5238 0.0013831
5239 5238 0.0013831
5739 5238 0.0013831
5064 5241 0.0035089
5240 5241 0.0035089
2149 5260 0.0033637
7287 5260 0.0033637
3638 5267 0.0037143
3640 5267 0.0037143
5268 5267 0.0037143
3138 5268 0.0033405
5832 5268 0.0033405
6422 5268 0.0033405
3122 5269 0.001876
5270 5269 0.001876
6233 5269 0.001876
2753 5270 0.0012377
3327 5270 0.0012377
5237 5270 0.0012377
3964 5271 0.00020359
6738 5271 0.00020359
5390 5389 0.00011824
5877 5389 0.00011824
5992 5389 0.00011824
1512 5392 0.00011824
5391 5392 0.00011824
5876 5392 0.00011824
5063 5395 0.0002877
3791 5396 0.66174
3793 5397 0.33855
5993 5397 0.33855
7115 5397 0.33855
3085 5399 0.00012528
3088 5399 0.00012528
5398 5399 0.00012528
5666 5662 0.039689
5667 5662 0.039689
4658 5663 0.046788
4658 5664 0.9497
4657 5666 0.046651
5663 5666 0.046651
5665 5666 0.046651
5666 5668 0.0070099
5667 5668 0.0070099
2350 5670 0.00026454
5671 5670 0.00026454
5836 5670 0.00026454
3090 5674 0.0062294
5675 5674 0.0062294
5676 5674 0.0062294
7150 5674 0.0062294
2279 5675 0.0059936
5674 5675 0.0059936
7273 5675 0.0059936
5677 5676 0.00018802
5678 5676 0.00018802
5962 5676 0.00018802
3094 5680 0.00037608
5681 5680 0.00037608
5683 5680 0.00037608
428 5681 0.011037
429 5681 0.011037
3089 5681 0.011037
5680 5681 0.011037
3094 5682 0.010968
5681 5682 0.010968
5683 5682 0.010968
1975 5683 0.00044453
3091 5683 0.00044453
5682 5683 0.00044453
5693 5683 0.00044453
3093 5685 0.0001389
5684 5685 0.0001389
432 5693 0.17866
5692 5693 0.17866
5704 5706 0.00011033
5707 5706 0.00011033
5731 5706 0.00011033
6600 5706 0.00011033
4718 5708 0.00011029
4719 5708 0.00011029
5706 5708 0.00011029
5709 5708 0.00011029
2746 5710 0.00012581
5708 5710 0.00012581
5711 5710 0.00012581
6604 5710 0.00012581
110 5716 0.00033945
5717 5716 0.00033945
6560 5716 0.00033945
1566 5717 0.00076305
1569 5717 0.00076305
5716 5717 0.00076305
3216 5720 0.00014453
5721 5720 0.00014453
5722 5720 0.00014453
3218 5726 0.00012901
5727 5726 0.00012901
5728 5726 0.00012901
3215 5728 0.00025801
5729 5728 0.00025801
6614 5728 0.00025801
5241 5739 0.0034546
5738 5739 0.0034546
7218 5739 0.0034546
3335 5822 0.00022801
5823 5822 0.00022801
5831 5822 0.00022801
6967 5822 0.00022801
5822 5823 0.0001127
6963 5823 0.0001127
7102 5823 0.0001127
7104 5823 0.0001127
5824 5825 0.00020496
6964 5825 0.00020496
7100 5825 0.00020496
5825 5831 0.00019972
5826 5831 0.00019972
5830 5831 0.00019972
2352 5832 0.0031833
2355 5832 0.0031833
5269 5832 0.0031833
5389 5876 0.00011824
5875 5876 0.00011824
5994 5876 0.00011824
3105 5962 0.0001803
5399 5962 0.0001803
5963 5962 0.0001803
3086 5965 0.00011973
5668 5965 0.00011973
5964 5965 0.00011973
2349 5985 0.0021369
5903 5985 0.0021369
5986 5985 0.0021369
7105 5985 0.0021369
5392 5992 0.00011824
5393 5992 0.00011824
5991 5992 0.00011824
5389 5993 0.00013334
5875 5993 0.00013334
5994 5993 0.00013334
3793 5994 0.00013335
5993 5994 0.00013335
7115 5994 0.00013335
2865 6079 0.00012566
6077 6079 0.00012566
6080 6079 0.00012566
3951 6081 0.0027742
6079 6081 0.0027742
6082 6081 0.0027742
3221 6082 0.00054931
6081 6082 0.00054931
6213 6082 0.00054931
6592 6082 0.00054931
780 6147 0.00011192
6148 6147 0.00011192
6150 6149 0.0013072
6616 6149 0.0013072
6619 6149 0.0013072
777 6150 0.00099396
4784 6150 0.00099396
6149 6150 0.00099396
6152 6151 0.001754
6618 6151 0.001754
6621 6151 0.001754
1685 6152 0.0038102
4783 6152 0.0038102
6151 6152 0.0038102
6154 6152 0.0038102
1685 6153 0.0014281
4783 6153 0.0014281
6151 6153 0.0014281
6154 6153 0.0014281
6153 6154 0.0031711
7267 6154 0.0031711
1976 6156 0.057403
6155 6156 0.057403
6617 6156 0.057403
6157 6158 0.057263
7265 6158 0.057263
6159 6160 0.055463
7269 6160 0.055463
2444 6162 0.055624
6160 6162 0.055624
6161 6162 0.055624
3204 6164 0.052385
6162 6164 0.052385
6163 6164 0.052385
3950 6166 0.050227
6164 6166 0.050227
6165 6166 0.050227
1670 6172 0.0002745
6171 6172 0.0002745
7226 6172 0.0002745
3200 6174 0.00011773
6172 6174 0.00011773
6173 6174 0.00011773
6176 6175 0.0001746
6190 6175 0.0001746
6191 6175 0.0001746
4809 6176 0.00013359
6174 6176 0.00013359
6175 6176 0.00013359
3210 6183 0.00021829
6184 6183 0.00021829
6185 6183 0.00021829
1663 6184 0.00046611
1666 6184 0.00046611
6183 6184 0.00046611
3201 6185 0.00064093
6186 6185 0.00064093
6187 6185 0.00064093
3210 6186 0.00047637
6184 6186 0.00047637
6185 6186 0.00047637
3208 6187 0.00055874
6188 6187 0.00055874
6189 6187 0.00055874
3201 6188 0.00056316
6186 6188 0.00056316
6187 6188 0.00056316
6176 6189 0.00099311
6190 6189 0.00099311
6191 6189 0.00099311
3208 6190 0.00098726
6188 6190 0.00098726
6189 6190 0.00098726
3206 6191 0.001118
6192 6191 0.001118
6193 6191 0.001118
6176 6192 0.0010711
6190 6192 0.0010711
6191 6192 0.0010711
1680 6193 0.0032964
6194 6193 0.0032964
6195 6193 0.0032964
3206 6194 0.0023092
6192 6194 0.0023092
6193 6194 0.0023092
1660 6195 0.0034025
6196 6195 0.0034025
7158 6195 0.0034025
1680 6196 0.0025587
6194 6196 0.0025587
6195 6196 0.0025587
1675 6202 0.00089109
3203 6202 0.00089109
6201 6202 0.00089109
1678 6204 0.00087148
6202 6204 0.00087148
6203 6204 0.00087148
6206 6205 0.01242
6209 6205 0.01242
6211 6205 0.01242
3655 6206 0.0092977
3658 6206 0.0092977
6205 6206 0.0092977
3653 6209 0.01242
3656 6209 0.01242
6210 6209 0.01242
6206 6210 0.0092977
6209 6210 0.0092977
6211 6210 0.0092977
2407 6213 0.0004935
2408 6213 0.0004935
6214 6213 0.0004935
6216 6215 0.00023825
6217 6215 0.00023825
6595 6215 0.00023825
2134 6216 0.0030201
2137 6216 0.0030201
6215 6216 0.0030201
3659 6217 0.00028769
3662 6217 0.00028769
6218 6217 0.00028769
6216 6218 0.0030899
6217 6218 0.0030899
6595 6218 0.0030899
548 6228 0.00072996
6226 6228 0.00072996
6227 6228 0.00072996
6230 6228 0.00072996
6229 6230 0.00048263
6979 6230 0.00048263
7063 6230 0.00048263
4020 6231 0.00063814
6232 6231 0.00063814
6351 6231 0.00063814
6231 6233 0.000647
6234 6233 0.000647
6354 6233 0.000647
2071 6237 0.0001017
6238 6237 0.0001017
6239 6237 0.0001017
996 6238 0.00010137
3119 6238 0.00010137
4790 6238 0.00010137
6237 6238 0.00010137
3907 6359 0.00055922
4019 6359 0.00055922
6228 6359 0.00055922
6358 6359 0.00055922
995 6361 0.00060593
6359 6361 0.00060593
6360 6361 0.00060593
6357 6362 0.00060035
6361 6362 0.00060035
2078 6372 0.00028174
2358 6372 0.00028174
2361 6372 0.00028174
6371 6372 0.00028174
3140 6374 0.00023068
6372 6374 0.00023068
6373 6374 0.00023068
6407 6374 0.00023068
3143 6376 0.00020131
3146 6376 0.00020131
6374 6376 0.00020131
6375 6376 0.00020131
6376 6378 0.00010528
6377 6378 0.00010528
6417 6378 0.00010528
3142 6416 0.00010383
6414 6416 0.00010383
6415 6416 0.00010383
6376 6418 0.00010112
6377 6418 0.00010112
6417 6418 0.00010112
6416 6420 0.00020198
6418 6420 0.00020198
6419 6420 0.00020198
3304 6422 0.00019819
6420 6422 0.00019819
6421 6422 0.00019819
1521 6560 0.00018975
6558 6560 0.00018975
6561 6560 0.00018975
110 6561 0.00036246
5717 6561 0.00036246
6560 6561 0.00036246
88 6569 0.0003032
90 6569 0.0003032
773 6569 0.0003032
6568 6569 0.0003032
1574 6570 0.0010986
1577 6570 0.0010986
6571 6570 0.0010986
404 6572 0.0012792
405 6572 0.0012792
6570 6572 0.0012792
6573 6572 0.0012792
1580 6574 0.00076381
1583 6574 0.00076381
6572 6574 0.00076381
6575 6574 0.00076381
4525 6576 0.00016857
6553 6576 0.00016857
6577 6576 0.00016857
6216 6594 0.00012508
6217 6594 0.00012508
6595 6594 0.00012508
2817 6595 0.00014547
6594 6595 0.00014547
117 6614 0.00017593
6612 6614 0.00017593
6615 6614 0.00017593
1976 6616 0.10786
6155 6616 0.10786
6617 6616 0.10786
6150 6618 0.10754
6616 6618 0.10754
6619 6618 0.10754
6152 6620 0.1096
6618 6620 0.1096
6621 6620 0.1096
5718 6622 0.1096
6620 6622 0.1096
6623 6622 0.1096
6879 6736 0.99649
3964 6739 0.80621
6738 6739 0.80621
724 6795 0.83802
2147 6795 0.83802
6794 6795 0.83802
6796 6797 0.83467
7183 6797 0.83467
5093 6875 0.80263
6875 6876 0.80263
5662 6878 0.98939
5664 6878 0.98939
3792 6879 0.99649
3713 6920 0.027017
6921 6920 0.027017
7114 6920 0.027017
723 6921 0.00013595
6920 6921 0.00013595
5824 6963 0.00019566
6964 6963 0.00019566
7100 6963 0.00019566
5822 6964 0.00019998
6963 6964 0.00019998
7102 6964 0.00019998
7104 6964 0.00019998
3335 6968 0.00010182
5823 6968 0.00010182
5831 6968 0.00010182
6967 6968 0.00010182
6969 6971 0.00029479
6972 6971 0.00029479
6975 6971 0.00029479
7066 6971 0.00029479
6971 6972 0.00013044
6974 6972 0.00013044
7064 6972 0.00013044
6971 6973 0.00032656
6974 6973 0.00032656
7064 6973 0.00032656
6973 6974 0.00026453
6976 6974 0.00026453
6978 6974 0.00026453
6973 6975 0.00053913
6976 6975 0.00053913
6978 6975 0.00053913
6969 6976 0.00010108
6972 6976 0.00010108
6975 6976 0.00010108
7066 6976 0.00010108
6973 6977 0.00024655
6976 6977 0.00024655
6978 6977 0.00024655
3320 6978 0.00062258
6977 6978 0.00062258
7096 6978 0.00062258
6980 6979 0.00041647
7065 6979 0.00041647
7098 6979 0.00041647
6982 6981 0.00013302
6984 6981 0.00013302
6986 6981 0.00013302
6982 6983 0.00013029
6984 6983 0.00013029
6986 6983 0.00013029
3318 6984 0.00021999
6983 6984 0.00021999
7092 6984 0.00021999
6982 6985 0.00013567
6984 6985 0.00013567
6986 6985 0.00013567
6985 6986 0.0001416
6988 6986 0.0001416
6989 6986 0.0001416
6985 6987 0.00020392
6988 6987 0.00020392
6989 6987 0.00020392
6987 6988 0.00011422
6992 6988 0.00011422
6994 6988 0.00011422
6981 6989 0.00013302
6990 6989 0.00013302
6987 6991 0.00021376
6992 6991 0.00021376
6994 6991 0.00021376
6987 6993 0.00011717
6992 6993 0.00011717
6994 6993 0.00011717
6993 6994 0.00019822
6996 6994 0.00019822
6998 6994 0.00019822
7001 6994 0.00019822
6993 6995 0.00010328
6996 6995 0.00010328
6998 6995 0.00010328
7001 6995 0.00010328
6991 6996 0.00018831
6995 6996 0.00018831
7000 6996 0.00018831
6993 6997 0.00025789
6996 6997 0.00025789
6998 6997 0.00025789
7001 6997 0.00025789
6997 6998 0.00016819
7090 6998 0.00016819
7091 6998 0.00016819
6991 6999 0.00010278
6995 6999 0.00010278
7000 6999 0.00010278
6999 7001 0.00010278
7002 7001 0.00010278
7004 7001 0.00010278
3316 7006 0.00029988
7005 7006 0.00029988
7008 7006 0.00029988
7088 7006 0.00029988
6971 7063 0.00028075
6974 7063 0.00028075
7064 7063 0.00028075
6229 7064 0.00017842
6979 7064 0.00017842
7063 7064 0.00017842
6969 7065 0.00038028
6972 7065 0.00038028
6975 7065 0.00038028
7066 7065 0.00038028
6980 7066 0.00010658
7065 7066 0.00010658
7098 7066 0.00010658
5670 7086 0.00020447
6385 7086 0.00020447
7085 7086 0.00020447
3316 7087 0.00033475
7005 7087 0.00033475
7008 7087 0.00033475
7088 7087 0.00033475
2351 7088 0.00021844
4656 7088 0.00021844
7014 7088 0.00021844
7087 7088 0.00021844
3317 7090 0.00097336
5238 7090 0.00097336
7089 7090 0.00097336
6997 7092 0.0010761
7090 7092 0.0010761
7091 7092 0.0010761
3319 7094 0.0015478
5985 7094 0.0015478
7093 7094 0.0015478
7095 7094 0.0015478
3319 7096 0.0016419
5985 7096 0.0016419
7093 7096 0.0016419
7095 7096 0.0016419
6980 7097 0.0002362
7065 7097 0.0002362
7098 7097 0.0002362
3321 7098 0.00028733
3322 7098 0.00028733
7097 7098 0.00028733
5824 7099 0.00016025
6964 7099 0.00016025
7100 7099 0.00016025
3325 7100 0.00030933
3326 7100 0.00030933
7099 7100 0.00030933
6965 7102 0.00010182
6968 7102 0.00010182
7101 7102 0.00010182
5822 7103 0.00035954
6963 7103 0.00035954
7102 7103 0.00035954
7104 7103 0.00035954
3323 7104 0.00016846
3324 7104 0.00016846
7103 7104 0.00016846
3713 7113 0.00019345
6921 7113 0.00019345
7114 7113 0.00019345
2146 7114 0.027093
3712 7114 0.027093
4663 7114 0.027093
7113 7114 0.027093
3795 7115 0.028042
7117 7116 1
416 7149 0.0037945
3096 7149 0.0037945
7148 7149 0.0037945
3087 7150 0.0068546
7151 7150 0.0068546
7157 7156 0.1096
7230 7156 0.1096
7156 7158 0.1096
7159 7158 0.1096
7182 7183 0.83467
7185 7183 0.83467
7184 7185 0.83467
7288 7185 0.83467
7222 7223 0.002756
7225 7223 0.002756
408 7225 0.002756
1575 7225 0.002756
7224 7225 0.002756
1670 7227 0.00060261
6171 7227 0.00060261
7226 7227 0.00060261
6622 7228 0.1096
7229 7228 0.1096
7228 7230 0.1096
7231 7230 0.1096
3214 7265 0.057263
6156 7265 0.057263
7264 7265 0.057263
6153 7266 0.0014281
7267 7266 0.0014281
6158 7267 0.0031711
7266 7267 0.0031711
7268 7267 0.0031711
6158 7269 0.055463
7266 7269 0.055463
7268 7269 0.055463
2279 7272 0.11411
5674 7272 0.11411
7273 7272 0.11411
7272 7273 0.00021023
7274 7273 0.00021023
1127 7274 0.014339
3095 7274 0.014339
3098 7274 0.014339
2149 7288 0.83467
7287 7288 0.83467
