52 51 0.00069507
1744 51 0.00069507
1745 51 0.00069507
51 52 0.0004969
2161 52 0.0004969
2163 52 0.0004969
54 53 0.0035677
1742 53 0.0035677
1743 53 0.0035677
53 54 0.0006895
2159 54 0.0006895
2160 54 0.0006895
67 72 0.00050327
71 72 0.00050327
222 72 0.00050327
3393 72 0.00050327
221 222 0.00053231
3390 222 0.00053231
6064 222 0.00053231
223 224 0.0020122
226 224 0.0020122
495 224 0.0020122
225 226 0.0026087
2186 226 0.0026087
3371 226 0.0026087
4692 226 0.0026087
235 236 0.00050688
460 236 0.00050688
6056 236 0.00050688
255 256 0.00027159
258 256 0.00027159
6050 256 0.00027159
268 267 0.012281
3402 267 0.012281
5255 267 0.012281
270 269 0.012073
6049 269 0.012073
7246 269 0.012073
269 271 0.014217
272 271 0.014217
469 271 0.014217
271 273 0.014457
274 273 0.014457
435 273 0.014457
273 275 0.014912
276 275 0.014912
467 275 0.014912
275 277 0.081206
278 277 0.081206
6428 277 0.081206
277 279 0.081206
280 279 0.081206
1737 279 0.081206
282 281 0.077648
1741 281 0.077648
6704 281 0.077648
253 435 0.00034636
256 435 0.00034636
436 435 0.00034636
1086 435 0.00034636
271 436 0.00012143
274 436 0.00012143
435 436 0.00012143
456 455 0.0001339
457 455 0.0001339
6055 455 0.0001339
233 456 0.00013908
455 456 0.00013908
463 456 0.00013908
458 457 0.00068557
3398 457 0.00068557
3399 457 0.00068557
456 458 0.00022898
457 458 0.00022898
6055 458 0.00022898
235 459 0.00015072
460 459 0.00015072
6056 459 0.00015072
459 462 0.00013334
461 462 0.00013334
464 462 0.00013334
459 463 0.00013908
461 463 0.00013908
464 463 0.00013908
233 464 0.0001339
455 464 0.0001339
463 464 0.0001339
468 467 0.00045735
831 467 0.00045735
834 467 0.00045735
470 469 0.0021925
825 469 0.0021925
828 469 0.0021925
223 496 0.00060239
226 496 0.00060239
495 496 0.00060239
72 507 0.00053962
505 507 0.00053962
508 507 0.00053962
514 513 0.0035661
6444 513 0.0035661
513 514 0.00037736
6441 514 0.00037736
524 523 0.0032456
1965 523 0.0032456
2884 523 0.0032456
523 524 0.00059186
564 524 0.00059186
6447 524 0.00059186
557 558 0.76784
6037 558 0.76784
6465 558 0.76784
523 563 0.057002
564 563 0.057002
6447 563 0.057002
563 564 0.0011357
2888 564 0.0011357
4801 564 0.0011357
566 565 0.8885
2878 565 0.8885
6439 565 0.8885
568 567 0.00015908
4174 567 0.00015908
6435 567 0.00015908
567 568 0.0009406
1467 568 0.0009406
570 569 0.00077543
6429 569 0.00077543
6432 569 0.00077543
569 570 0.00101
4806 570 0.00101
5884 570 0.00101
5067 579 0.00026132
6033 579 0.00026132
728 727 0.0048901
3375 727 0.0048901
4693 727 0.0048901
727 728 0.00043035
731 728 0.00043035
7126 728 0.00043035
727 732 0.012211
731 732 0.012211
7126 732 0.012211
734 733 0.0095576
2879 733 0.0095576
5252 733 0.0095576
733 734 0.0018266
7127 734 0.0018266
735 738 0.00097965
737 738 0.00097965
740 738 0.00097965
739 740 0.00098144
2885 740 0.00098144
5251 740 0.00098144
795 796 0.00019397
3577 796 0.00019397
4598 796 0.00019397
4615 796 0.00019397
732 797 0.00043126
798 797 0.00043126
7216 797 0.00043126
797 798 0.00052618
2876 798 0.00052618
4596 798 0.00052618
462 819 0.00013334
817 819 0.00013334
820 819 0.00013334
496 823 0.00060239
821 823 0.00060239
824 823 0.00060239
224 825 0.0026087
823 825 0.0026087
826 825 0.0026087
470 827 0.00045735
825 827 0.00045735
828 827 0.00045735
477 829 0.00045735
827 829 0.00045735
830 829 0.00045735
479 831 0.00045735
829 831 0.00045735
832 831 0.00045735
5764 853 0.00012822
6814 853 0.00012822
565 981 0.98413
980 981 0.98413
983 981 0.98413
982 983 0.095646
985 983 0.095646
2889 983 0.095646
984 985 0.095646
987 985 0.095646
2891 985 0.095646
2893 985 0.095646
986 987 0.095646
2895 987 0.095646
4802 987 0.095646
1111 1110 0.99253
1476 1110 0.99253
6069 1110 0.99253
567 1466 0.00020463
1467 1466 0.00020463
1468 1467 0.00098614
5934 1467 0.00098614
1477 1476 1.0004
3381 1476 1.0004
3388 1476 1.0004
54 1741 0.0010714
1742 1741 0.0010714
1743 1741 0.0010714
282 1742 0.0046556
1741 1742 0.0046556
6704 1742 0.0046556
52 1743 0.00057327
1744 1743 0.00057327
1745 1743 0.00057327
54 1744 0.0012793
1742 1744 0.0012793
1743 1744 0.0012793
1746 1745 0.00020872
1747 1745 0.00020872
52 1746 0.00071657
1744 1746 0.00071657
1745 1746 0.00071657
1748 1747 0.00020872
1749 1747 0.00020872
2162 1747 0.00020872
1746 1748 0.00071657
1747 1748 0.00071657
1750 1749 0.00067411
1752 1749 0.00067411
2158 1749 0.00067411
1748 1750 0.0013825
1749 1750 0.0013825
2162 1750 0.0013825
1750 1751 0.0047666
1752 1751 0.0047666
2158 1751 0.0047666
1751 1752 0.0011824
4538 1752 0.0011824
6275 1752 0.0011824
6277 1752 0.0011824
1754 1753 0.00043109
3585 1753 0.00043109
3588 1753 0.00043109
281 1754 0.0030221
1753 1754 0.0030221
6278 1754 0.0030221
1756 1755 0.0036415
1757 1755 0.0036415
2157 1755 0.0036415
1755 1756 0.00039919
4537 1756 0.00039919
6038 1756 0.00039919
1760 1759 0.00039919
1761 1759 0.00039919
2156 1759 0.00039919
1759 1760 0.0036415
1765 1760 0.0036415
6276 1760 0.0036415
1766 1765 0.0027203
3587 1765 0.0027203
3590 1765 0.0027203
1759 1766 0.00061131
1765 1766 0.00061131
6276 1766 0.00061131
1767 1768 0.16135
1770 1768 0.16135
6250 1768 0.16135
1769 1770 0.16135
1771 1770 0.16135
1774 1770 0.16135
1773 1774 0.16135
1776 1774 0.16135
1792 1774 0.16135
1775 1776 0.02486
1778 1776 0.02486
4813 1776 0.02486
1777 1778 0.02486
3617 1778 0.02486
3620 1778 0.02486
1779 1780 0.19743
3663 1780 0.19743
5769 1780 0.19743
571 1782 0.19743
1780 1782 0.19743
1781 1782 0.19743
1784 1783 0.00011371
1785 1783 0.00011371
1801 1783 0.00011371
1782 1784 0.13661
1783 1784 0.13661
1803 1784 0.13661
1784 1786 0.13018
1785 1786 0.13018
1801 1786 0.13018
1786 1788 0.13241
1787 1788 0.13241
5989 1788 0.13241
1788 1790 0.12905
1789 1790 0.12905
1799 1790 0.12905
1790 1792 0.13655
1791 1792 0.13655
1797 1792 0.13655
1794 1793 0.0012366
1796 1793 0.0012366
1793 1794 0.0053419
1802 1794 0.0053419
5990 1794 0.0053419
1794 1795 0.0053419
1796 1795 0.0053419
1795 1796 0.0012366
1798 1796 0.0012366
1800 1796 0.0012366
1795 1797 0.011669
1798 1797 0.011669
1800 1797 0.011669
1790 1798 0.0041848
1791 1798 0.0041848
1797 1798 0.0041848
1795 1799 0.0043476
1798 1799 0.0043476
1800 1799 0.0043476
1788 1800 0.007727
1789 1800 0.007727
1799 1800 0.007727
1793 1801 0.0048378
1802 1801 0.0048378
5990 1801 0.0048378
1784 1802 0.011211
1785 1802 0.011211
1801 1802 0.011211
1804 1803 0.0011713
2284 1803 0.0011713
6475 1803 0.0011713
1782 1804 0.062088
1783 1804 0.062088
1803 1804 0.062088
4601 1809 0.00042563
5066 1809 0.00042563
1756 2156 0.00039919
1757 2156 0.00039919
2157 2156 0.00039919
1760 2157 0.0036415
1761 2157 0.0036415
2156 2157 0.0036415
53 2158 0.0035639
2159 2158 0.0035639
2160 2158 0.0035639
1750 2159 0.00068814
1752 2159 0.00068814
2158 2159 0.00068814
51 2160 0.00051858
2161 2160 0.00051858
2163 2160 0.00051858
53 2161 0.00052099
2159 2161 0.00052099
2160 2161 0.00052099
51 2162 0.00073634
2161 2162 0.00073634
2163 2162 0.00073634
1748 2163 0.00053576
1749 2163 0.00053576
2162 2163 0.00053576
1804 2285 0.83865
2284 2285 0.83865
6475 2285 0.83865
1466 2324 0.00019425
2325 2324 0.00019425
2632 2633 0.9148
5782 2633 0.9148
5883 2633 0.9148
5886 2633 0.9148
6716 2634 0.0039923
2634 2635 0.0022275
2636 2635 0.0022275
2633 2636 0.028093
2635 2636 0.028093
2644 2636 0.028093
2637 2638 0.00017438
2641 2638 0.00017438
2638 2639 0.00017344
4085 2640 0.024958
2639 2642 0.030031
2645 2642 0.030031
2633 2643 0.88924
2635 2643 0.88924
2644 2643 0.88924
2642 2644 0.00030332
2643 2644 0.00030332
2634 2645 0.029858
2636 2645 0.029858
3664 2749 0.69967
6466 2749 0.69967
796 2876 0.00051991
2875 2876 0.00051991
3441 2876 0.00051991
2877 2878 0.8849
2882 2878 0.8849
6443 2878 0.8849
6446 2878 0.8849
1110 2879 0.049551
2880 2879 0.049551
2881 2879 0.049551
734 2880 0.00097282
2879 2880 0.00097282
5252 2880 0.00097282
1110 2882 0.944
2880 2882 0.944
2881 2882 0.944
524 2883 0.00059186
1965 2883 0.00059186
2884 2883 0.00059186
2883 2884 0.0032456
6445 2884 0.0032456
6448 2884 0.0032456
739 2886 0.039827
2885 2886 0.039827
5251 2886 0.039827
2886 2888 0.039827
2887 2888 0.039827
2901 2888 0.039827
507 3371 0.00053962
3372 3371 0.00053962
6057 3371 0.00053962
3376 3375 0.0066058
3377 3375 0.0066058
3389 3375 0.0066058
4613 3375 0.0066058
3378 3377 0.00013845
3379 3377 0.00013845
6063 3377 0.00013845
3376 3378 0.0011008
3377 3378 0.0011008
3389 3378 0.0011008
4613 3378 0.0011008
3378 3380 0.00083326
3379 3380 0.00083326
6063 3380 0.00083326
3382 3381 0.00030806
3383 3381 0.00030806
6067 3381 0.00030806
1477 3382 0.00072569
3381 3382 0.00072569
3388 3382 0.00072569
3384 3383 0.00031407
4379 3383 0.00031407
4381 3383 0.00031407
6442 3383 0.00031407
3382 3384 0.00073252
3383 3384 0.00073252
6067 3384 0.00073252
3380 3388 0.00081562
3387 3388 0.00081562
6065 3388 0.00081562
221 3389 0.00035375
3390 3389 0.00035375
6064 3389 0.00035375
3376 3390 0.00068358
3377 3390 0.00068358
3389 3390 0.00068358
4613 3390 0.00068358
3397 3398 0.012286
7215 3398 0.012286
458 3400 0.011829
3398 3400 0.011829
3399 3400 0.011829
3401 3402 0.012286
7245 3402 0.012286
3436 3441 0.0004368
3442 3441 0.0004368
3443 3441 0.0004368
4595 3441 0.0004368
796 3442 0.00010392
2875 3442 0.00010392
3441 3442 0.00010392
1754 3587 0.0030221
3585 3587 0.0030221
3588 3587 0.0030221
1766 3588 0.00043109
3587 3588 0.00043109
3590 3588 0.00043109
1766 3589 0.0020417
3587 3589 0.0020417
3590 3589 0.0020417
1763 3590 0.0015597
3589 3590 0.0015597
4600 3590 0.0015597
2844 3615 0.024859
3616 3615 0.024859
4083 3615 0.024859
954 3617 0.024859
3618 3617 0.024859
7260 3617 0.024859
7262 3617 0.024859
3664 3663 0.19602
6466 3663 0.19602
1779 3664 0.00023066
3663 3664 0.00023066
5769 3664 0.00023066
4084 4083 0.024859
4086 4083 0.024859
5987 4083 0.024859
5770 4085 0.025034
5772 4085 0.025034
2640 4086 0.024859
4087 4086 0.024859
5732 4086 0.024859
4162 4163 0.00082168
4171 4163 0.00082168
5793 4163 0.00082168
4163 4165 0.00055905
4164 4165 0.00055905
5889 4165 0.00055905
5892 4165 0.00055905
4165 4167 0.00036919
4166 4167 0.00036919
5929 4167 0.00036919
5972 4167 0.00036919
4167 4169 0.00016432
4168 4169 0.00016432
5923 4169 0.00016432
5926 4169 0.00016432
4170 4171 0.00034377
4173 4171 0.00034377
5933 4171 0.00034377
4172 4173 0.00035045
5797 4173 0.00035045
568 4175 0.0099472
4174 4175 0.0099472
6435 4175 0.0099472
4175 4177 0.0095938
4176 4177 0.0095938
5784 4177 0.0095938
5785 4177 0.0095938
4177 4179 0.0098104
4178 4179 0.0098104
5970 4179 0.0098104
4181 4180 0.00035754
4182 4180 0.00035754
5885 4180 0.00035754
5888 4180 0.00035754
4179 4181 0.008758
4180 4181 0.008758
4183 4182 0.00023447
4184 4182 0.00023447
5928 4182 0.00023447
4181 4183 0.003641
4182 4183 0.003641
5885 4183 0.003641
5888 4183 0.003641
4185 4184 0.00011056
4186 4184 0.00011056
5922 4184 0.00011056
4183 4185 0.0034945
4184 4185 0.0034945
5928 4185 0.0034945
4185 4187 0.0037208
4186 4187 0.0037208
5922 4187 0.0037208
4187 4189 0.0038539
4188 4189 0.0038539
4195 4189 0.0038539
4189 4191 0.0039061
4190 4191 0.0039061
5918 4191 0.0039061
4169 4195 0.00015593
4193 4195 0.00015593
4194 4195 0.00015593
3385 4381 0.00045594
4382 4381 0.00045594
6437 4381 0.00045594
6440 4381 0.00045594
3384 4382 0.0040631
4379 4382 0.0040631
4381 4382 0.0040631
6442 4382 0.0040631
1751 4537 0.080221
4538 4537 0.080221
6275 4537 0.080221
6277 4537 0.080221
1755 4538 0.0027394
4537 4538 0.0027394
6038 4538 0.0027394
236 4579 0.00061001
819 4579 0.00061001
4580 4579 0.00061001
3400 4580 0.00015342
4579 4580 0.00015342
7244 4580 0.00015342
797 4595 0.00045067
2876 4595 0.00045067
4596 4595 0.00045067
3436 4596 0.00011873
3442 4596 0.00011873
3443 4596 0.00011873
4595 4596 0.00011873
795 4597 0.00010307
3577 4597 0.00010307
4598 4597 0.00010307
4615 4597 0.00010307
4597 4598 0.00020002
5250 4598 0.00020002
5253 4598 0.00020002
1763 4599 0.0020417
3589 4599 0.0020417
4600 4599 0.0020417
2749 4600 0.0015597
4599 4600 0.0015597
579 4601 0.00026132
6810 4601 0.00026132
61 4613 0.0078932
4612 4613 0.0078932
6070 4613 0.0078932
729 4692 0.0020721
4691 4692 0.0020721
4694 4692 0.0020721
728 4694 0.0020721
3375 4694 0.0020721
4693 4694 0.0020721
3189 4708 0.00011759
4707 4708 0.00011759
5981 4708 0.00011759
7130 4708 0.00011759
563 4802 0.095646
2888 4802 0.095646
4801 4802 0.095646
569 4805 0.0010425
4806 4805 0.0010425
5884 4805 0.0010425
4805 4806 0.031563
6431 4806 0.031563
6434 4806 0.031563
5067 5066 0.00029254
6033 5066 0.00029254
5068 5067 0.00043974
6463 5067 0.00043974
4597 5251 0.040776
5250 5251 0.040776
5253 5251 0.040776
734 5253 0.040928
2879 5253 0.040928
5252 5253 0.040928
738 5576 0.00092963
2913 5576 0.00092963
5577 5576 0.00092963
5576 5578 0.00092621
5579 5578 0.00092621
1233 5581 0.0009261
5580 5581 0.0009261
5582 5581 0.0009261
5578 5582 0.00092619
5583 5582 0.00092619
5584 5582 0.00092619
4601 5764 0.00012823
5066 5764 0.00012823
853 5765 0.00054607
1809 5765 0.00054607
6822 5766 0.013124
2190 5768 0.012578
5767 5768 0.012578
6464 5768 0.012578
558 5769 0.0031423
5766 5769 0.0031423
6474 5769 0.0031423
1779 5770 0.0015175
3663 5770 0.0015175
5769 5770 0.0015175
6467 5772 0.023516
981 5780 0.8785
5779 5780 0.8785
6433 5780 0.8785
6436 5780 0.8785
5780 5782 0.87825
5781 5782 0.87825
5786 5782 0.87825
4175 5783 0.00057301
4176 5783 0.00057301
5784 5783 0.00057301
5785 5783 0.00057301
5780 5785 0.002573
5781 5785 0.002573
5786 5785 0.002573
4175 5786 0.0023745
4176 5786 0.0023745
5784 5786 0.0023745
5785 5786 0.0023745
5790 5792 0.00014399
5791 5792 0.00014399
5932 5792 0.00014399
5969 5792 0.00014399
5794 5793 0.0005146
5931 5793 0.0005146
5795 5794 0.00013353
5887 5794 0.00013353
5890 5794 0.00013353
5794 5795 0.0010027
5931 5795 0.0010027
5783 5797 0.00057651
5788 5797 0.00057651
5796 5797 0.00057651
569 5883 0.031732
4806 5883 0.031732
5884 5883 0.031732
2632 5884 0.0014453
5782 5884 0.0014453
5883 5884 0.0014453
5886 5884 0.0014453
2632 5885 0.0025536
5782 5885 0.0025536
5883 5885 0.0025536
5886 5885 0.0025536
4181 5886 0.0088348
4182 5886 0.0088348
5885 5886 0.0088348
5888 5886 0.0088348
4181 5887 0.00040894
4182 5887 0.00040894
5885 5887 0.00040894
5888 5887 0.00040894
5795 5888 0.0016961
5887 5888 0.0016961
5890 5888 0.0016961
5795 5889 0.00036902
5887 5889 0.00036902
5890 5889 0.00036902
4163 5890 0.00078699
4164 5890 0.00078699
5889 5890 0.00078699
5892 5890 0.00078699
5792 5892 0.00018053
5891 5892 0.00018053
5894 5892 0.00018053
5921 5922 0.00038286
5924 5922 0.00038286
5973 5922 0.00038286
4167 5924 0.00022333
4168 5924 0.00022333
5923 5924 0.00022333
5926 5924 0.00022333
4183 5927 0.00028299
4184 5927 0.00028299
5928 5927 0.00028299
5927 5928 0.00026041
5930 5928 0.00026041
5974 5928 0.00026041
5927 5929 0.0001387
5930 5929 0.0001387
5974 5929 0.0001387
4165 5930 0.00028573
4166 5930 0.00028573
5929 5930 0.00028573
5972 5930 0.00028573
4179 5931 0.0013838
4180 5931 0.0013838
3898 5934 0.00097591
5581 5934 0.00097591
5935 5934 0.00097591
4172 5970 0.00025111
5797 5970 0.00025111
5927 5973 0.00022832
5930 5973 0.00022832
5974 5973 0.00022832
1793 5989 0.0076289
1802 5989 0.0076289
5990 5989 0.0076289
1786 5990 0.0053613
1787 5990 0.0053613
5989 5990 0.0053613
4541 6033 0.00011411
6034 6033 0.00011411
5068 6034 0.00011411
6463 6034 0.00011411
1755 6037 0.083758
4537 6037 0.083758
6038 6037 0.083758
557 6038 0.0030344
6037 6038 0.0030344
6465 6038 0.0030344
270 6050 0.00027284
6049 6050 0.00027284
7246 6050 0.00027284
235 6055 0.00011073
460 6055 0.00011073
6056 6055 0.00011073
456 6056 0.00057249
457 6056 0.00057249
6055 6056 0.00057249
221 6063 0.00027418
3390 6063 0.00027418
6064 6063 0.00027418
3378 6064 0.00046342
3379 6064 0.00046342
6063 6064 0.00046342
1111 6070 0.0078932
1476 6070 0.0078932
6069 6070 0.0078932
6271 6272 0.83865
6473 6272 0.83865
2285 6274 0.83865
6273 6274 0.83865
1759 6275 0.0025629
1765 6275 0.0025629
6276 6275 0.0025629
1751 6276 0.0036961
4538 6276 0.0036961
6275 6276 0.0036961
6277 6276 0.0036961
281 6277 0.075758
1753 6277 0.075758
6278 6277 0.075758
1751 6278 0.00072751
4538 6278 0.00072751
6275 6278 0.00072751
6277 6278 0.00072751
5736 6428 0.066311
6427 6428 0.066311
6430 6428 0.066311
570 6430 0.066311
6429 6430 0.066311
6432 6430 0.066311
4805 6432 0.066109
6431 6432 0.066109
6434 6432 0.066109
4805 6433 0.00091333
6431 6433 0.00091333
6434 6433 0.00091333
981 6434 0.097511
5779 6434 0.097511
6433 6434 0.097511
6436 6434 0.097511
981 6435 0.0099347
5779 6435 0.0099347
6433 6435 0.0099347
6436 6435 0.0099347
568 6436 0.00083663
4174 6436 0.00083663
6435 6436 0.00083663
3385 6439 0.0040631
4382 6439 0.0040631
6437 6439 0.0040631
6440 6439 0.0040631
566 6440 0.00045594
2878 6440 0.00045594
6439 6440 0.00045594
3384 6441 0.00037736
4379 6441 0.00037736
4381 6441 0.00037736
6442 6441 0.00037736
513 6442 0.0035661
6441 6442 0.0035661
514 6443 0.00037736
6444 6443 0.00037736
2877 6444 0.0035661
2882 6444 0.0035661
6443 6444 0.0035661
6446 6444 0.0035661
2877 6445 0.057414
2882 6445 0.057414
6443 6445 0.057414
6446 6445 0.057414
2883 6446 0.0015486
6445 6446 0.0015486
6448 6446 0.0015486
2883 6447 0.055134
6445 6447 0.055134
6448 6447 0.055134
523 6448 0.0019217
564 6448 0.0019217
6447 6448 0.0019217
2190 6463 0.00054607
5767 6463 0.00054607
6464 6463 0.00054607
6747 6464 0.013124
2749 6465 0.70015
4599 6465 0.70015
6467 6466 0.89545
2642 6467 0.91897
2643 6467 0.91897
4191 6468 0.0039972
4666 6468 0.0039972
6469 6468 0.0039972
1768 6470 0.16135
1961 6470 0.16135
6471 6470 0.16135
6274 6473 0.83865
6472 6473 0.83865
1804 6474 0.00052802
2284 6474 0.00052802
6475 6474 0.00052802
558 6475 0.77826
5766 6475 0.77826
6474 6475 0.77826
279 6704 0.081206
6705 6704 0.081206
5776 6716 0.0039923
6468 6716 0.0039923
557 6747 0.013124
6037 6747 0.013124
6465 6747 0.013124
580 6822 0.013124
5765 6822 0.013124
5768 6822 0.013124
733 7126 0.0095576
7127 7126 0.0095576
727 7127 0.0018266
731 7127 0.0018266
7126 7127 0.0018266
2324 7130 0.00019425
7131 7130 0.00019425
7214 7215 0.012286
7217 7215 0.012286
732 7217 0.012286
798 7217 0.012286
7216 7217 0.012286
3400 7245 0.012286
4579 7245 0.012286
7244 7245 0.012286
267 7246 0.012281
7247 7246 0.012281
3615 7262 0.024859
7263 7262 0.024859
