1340 1339 0.04242
1437 1339 0.04242
1440 1339 0.04242
1339 1340 0.11523
2300 1340 0.11523
4510 1340 0.11523
1354 1353 0.0034468
1441 1353 0.0034468
1444 1353 0.0034468
1353 1354 0.0037304
4571 1354 0.0037304
4574 1354 0.0037304
1356 1355 0.0032634
1439 1355 0.0032634
1442 1355 0.0032634
1355 1356 0.017559
1358 1356 0.017559
4573 1356 0.017559
1355 1357 0.0059372
1358 1357 0.0059372
4573 1357 0.0059372
1357 1358 0.020508
1408 1358 0.020508
2301 1358 0.020508
3158 1358 0.020508
1420 1419 0.0040165
2304 1419 0.0040165
2307 1419 0.0040165
1419 1420 0.018225
2308 1420 0.018225
5345 1420 0.018225
5947 1420 0.018225
1438 1437 0.03867
2303 1437 0.03867
4509 1437 0.03867
1340 1438 0.12605
1437 1438 0.12605
1440 1438 0.12605
1340 1439 0.0026124
1437 1439 0.0026124
1440 1439 0.0026124
1356 1440 0.017182
1439 1440 0.017182
1442 1440 0.017182
1356 1441 0.003453
1439 1441 0.003453
1442 1441 0.003453
1354 1442 0.0037272
1441 1442 0.0037272
1444 1442 0.0037272
1357 2300 0.98544
1408 2300 0.98544
2301 2300 0.98544
3158 2300 0.98544
1438 2302 1
2303 2302 1
4509 2302 1
2305 2304 0.0037992
4507 2304 0.0037992
5946 2304 0.0037992
1420 2305 0.022462
2304 2305 0.022462
2307 2305 0.022462
1420 2306 0.00067861
2304 2306 0.00067861
2307 2306 0.00067861
2306 2307 0.0051329
2312 2307 0.0051329
5343 2307 0.0051329
5945 2307 0.0051329
2309 2308 0.00067068
3758 2308 0.00067068
5944 2308 0.00067068
1419 2309 0.0051248
2308 2309 0.0051248
5345 2309 0.0051248
5947 2309 0.0051248
2495 2497 0.00017314
2496 2497 0.00017314
5641 2497 0.00017314
2499 2498 0.00028956
3155 2498 0.00028956
4512 2498 0.00028956
2497 2499 0.00018368
2498 2499 0.00018368
5647 2499 0.00018368
2509 2508 0.00012962
5646 2508 0.00012962
5649 2508 0.00012962
1830 3155 1.0001
3153 3155 1.0001
3156 3155 1.0001
5514 3155 1.0001
1302 3158 0.99999
3157 3158 0.99999
7142 3158 0.99999
2309 3757 0.0001719
3758 3757 0.0001719
5944 3757 0.0001719
2302 4507 1
4508 4507 1
5353 4507 1
1339 4509 0.91289
2300 4509 0.91289
4510 4509 0.91289
1438 4510 0.00027042
2303 4510 0.00027042
4509 4510 0.00027042
2499 4511 1
3155 4511 1
4512 4511 1
1349 4513 1
4511 4513 1
4514 4513 1
1353 4573 0.0034759
4571 4573 0.0034759
4574 4573 0.0034759
1355 4574 0.0037508
1358 4574 0.0037508
4573 4574 0.0037508
3757 5343 0.0001719
5344 5343 0.0001719
2484 5514 0.00010703
5515 5514 0.00010703
5516 5514 0.00010703
5648 5514 0.00010703
1835 5641 0.00012152
5640 5641 0.00012152
5642 5641 0.00012152
5645 5641 0.00012152
2497 5646 0.00023091
2498 5646 0.00023091
5647 5646 0.00023091
2509 5648 0.00010876
5646 5648 0.00010876
5649 5648 0.00010876
2306 5944 0.00065416
2312 5944 0.00065416
5343 5944 0.00065416
5945 5944 0.00065416
2309 5945 0.0049942
3758 5945 0.0049942
5944 5945 0.0049942
1419 5946 0.0034784
2308 5946 0.0034784
5345 5946 0.0034784
5947 5946 0.0034784
2305 5947 0.022141
4507 5947 0.022141
5946 5947 0.022141
4513 6863 1
6864 6863 1
6863 7142 1
7143 7142 1
