134 133 0.00029552
3708 133 0.00029552
3709 133 0.00029552
133 134 0.00086335
3052 134 0.00086335
5260 723 0.00099898
723 724 0.062913
6920 724 0.062913
786 785 0.0026627
2261 785 0.0026627
2264 785 0.0026627
3989 785 0.0026627
785 786 0.028042
3973 786 0.028042
3976 786 0.028042
3977 786 0.028042
5085 1129 0.12548
5267 1129 0.12548
1528 1530 0.0010459
1531 1530 0.0010459
3303 1530 0.0010459
1530 1531 0.00089535
1533 1531 0.00089535
2850 1531 0.00089535
1530 1532 0.0010953
1533 1532 0.0010953
2850 1532 0.0010953
1532 1533 0.0032995
2851 1533 0.0032995
3339 1533 0.0032995
724 2146 0.062628
2147 2146 0.062628
6794 2146 0.062628
2146 2147 0.00071359
3712 2147 0.00071359
4663 2147 0.00071359
7113 2147 0.00071359
2148 2149 0.00099891
6795 2149 0.00099891
2250 2249 0.0012354
4008 2249 0.0012354
6857 2249 0.0012354
2249 2250 0.0013778
2252 2250 0.0013778
4010 2250 0.0013778
2249 2251 0.0068883
2252 2251 0.0068883
4010 2251 0.0068883
2251 2252 0.0042753
2254 2252 0.0042753
4011 2252 0.0042753
2253 2254 0.99739
2256 2254 0.99739
4015 2254 0.99739
2255 2256 0.99739
2258 2256 0.99739
2814 2256 0.99739
2257 2258 1
2260 2258 1
2812 2258 1
2259 2260 1
2262 2260 1
5859 2260 1
786 2262 0.9964
2261 2262 0.9964
2264 2262 0.9964
3989 2262 0.9964
786 2263 0.001555
2261 2263 0.001555
2264 2263 0.001555
3989 2263 0.001555
2263 2264 0.97618
2266 2264 0.97618
3959 2264 0.97618
2263 2265 0.028044
2266 2265 0.028044
3959 2265 0.028044
2265 2266 0.0026649
2268 2266 0.0026649
3975 2266 0.0026649
2353 2352 0.00031497
3337 2352 0.00031497
2751 2750 0.0012354
4004 2750 0.0012354
4009 2750 0.0012354
125 2751 0.0013778
2750 2751 0.0013778
4005 2751 0.0013778
1721 2814 0.0026957
2815 2814 0.0026957
4001 2814 0.0026957
2255 2815 0.0053086
2258 2815 0.0053086
2814 2815 0.0053086
1530 2849 0.0040195
1533 2849 0.0040195
2850 2849 0.0040195
600 2850 0.0016647
2849 2850 0.0016647
3344 2850 0.0016647
3345 2850 0.0016647
133 3051 0.00029552
3052 3051 0.00029552
3051 3052 0.00086335
3710 3052 0.00086335
3711 3052 0.00086335
3054 3053 0.018217
3685 3053 0.018217
3053 3054 0.014113
3682 3054 0.014113
3683 3054 0.014113
3107 3109 0.00028648
3110 3109 0.00028648
3309 3109 0.00028648
3310 3109 0.00028648
3124 3123 0.00033383
3307 3123 0.00033383
3308 3123 0.00033383
3637 3123 0.00033383
3123 3124 0.00035583
3126 3124 0.00035583
3312 3124 0.00035583
3123 3125 0.0002765
3126 3125 0.0002765
3312 3125 0.0002765
3125 3126 0.00010131
3128 3126 0.00010131
5949 3126 0.00010131
3135 3136 0.00023321
5948 3136 0.00023321
5953 3136 0.00023321
3137 3138 0.0045316
3302 3138 0.0045316
3338 3138 0.0045316
1528 3302 0.00089535
1531 3302 0.00089535
3303 3302 0.00089535
3137 3303 0.0010459
3302 3303 0.0010459
3338 3303 0.0010459
3136 3304 0.0012886
3305 3304 0.0012886
3306 3304 0.0012886
3304 3305 0.00011131
6420 3305 0.00011131
6421 3305 0.00011131
3124 3306 0.0012768
3307 3306 0.0012768
3308 3306 0.0012768
3637 3306 0.0012768
3136 3307 0.00029372
3305 3307 0.00029372
3306 3307 0.00029372
3124 3309 0.00028648
3307 3309 0.00028648
3308 3309 0.00028648
3637 3309 0.00028648
3109 3312 0.00026126
3112 3312 0.00026126
3313 3312 0.00026126
3314 3312 0.00026126
3137 3337 0.00035101
3302 3337 0.00035101
3338 3337 0.00035101
3343 3338 0.0050085
3639 3338 0.0050085
3962 3338 0.0050085
3340 3339 0.0032995
3342 3339 0.0032995
3960 3339 0.0032995
1532 3340 0.0010953
2851 3340 0.0010953
3339 3340 0.0010953
3340 3341 0.0010953
3342 3341 0.0010953
3960 3341 0.0010953
3341 3342 0.0032995
3346 3342 0.0032995
4684 3342 0.0032995
600 3343 0.12406
2849 3343 0.12406
3344 3343 0.12406
3345 3343 0.12406
3341 3345 0.12171
3346 3345 0.12171
4684 3345 0.12171
73 3347 0.12394
3348 3347 0.12394
3349 3347 0.12394
3350 3349 0.12394
3351 3349 0.12394
3363 3349 0.12394
3352 3351 0.12318
3366 3351 0.12318
3691 3351 0.12318
3350 3352 0.00069959
3351 3352 0.00069959
3363 3352 0.00069959
3364 3363 0.002183
3365 3363 0.002183
3367 3363 0.002183
3350 3364 0.0007182
3351 3364 0.0007182
3363 3364 0.0007182
3352 3365 0.0036768
3366 3365 0.0036768
3691 3365 0.0036768
3364 3366 0.0010138
3365 3366 0.0010138
3367 3366 0.0010138
3368 3367 0.0011092
3369 3367 0.0011092
3665 3367 0.0011092
3364 3368 0.0023075
3365 3368 0.0023075
3367 3368 0.0023075
3370 3369 0.00010832
3692 3369 0.00010832
3693 3369 0.00010832
3368 3370 1.0023
3369 3370 1.0023
3665 3370 1.0023
3638 3637 0.0018677
3640 3637 0.0018677
5268 3637 0.0018677
3124 3638 0.0006583
3307 3638 0.0006583
3308 3638 0.0006583
3637 3638 0.0006583
3343 3640 0.11921
3639 3640 0.11921
3962 3640 0.11921
3666 3665 0.0031356
3667 3665 0.0031356
5843 3665 0.0031356
3368 3666 0.0021011
3369 3666 0.0021011
3665 3666 0.0021011
3668 3667 0.00087972
3669 3667 0.00087972
6478 3667 0.00087972
3666 3668 0.024472
3667 3668 0.024472
5843 3668 0.024472
3670 3669 0.012843
3679 3669 0.012843
5851 3669 0.012843
3668 3670 0.019441
3669 3670 0.019441
6478 3670 0.019441
3672 3671 0.037975
3673 3671 0.037975
3675 3671 0.037975
3671 3672 0.0021861
5854 3672 0.0021861
3674 3673 0.068091
3696 3673 0.068091
3697 3673 0.068091
3672 3674 0.0016146
3673 3674 0.0016146
3675 3674 0.0016146
3676 3675 0.00032367
3677 3675 0.00032367
3690 3675 0.00032367
3672 3676 0.031011
3673 3676 0.031011
3675 3676 0.031011
3680 3679 0.002397
3681 3679 0.002397
3689 3679 0.002397
6479 3679 0.002397
3670 3680 0.044784
3679 3680 0.044784
5851 3680 0.044784
3053 3681 0.0019437
3682 3681 0.0019437
3683 3681 0.0019437
3680 3682 0.092013
3681 3682 0.092013
3689 3682 0.092013
6479 3682 0.092013
3684 3683 0.0029027
3686 3683 0.0029027
3687 3683 0.0029027
3053 3684 0.097075
3682 3684 0.097075
3683 3684 0.097075
3684 3685 0.018217
3686 3685 0.018217
3687 3685 0.018217
3054 3686 0.014113
3685 3686 0.014113
3688 3687 0.013611
3714 3687 0.013611
3715 3687 0.013611
3684 3688 0.10368
3686 3688 0.10368
3687 3688 0.10368
3676 3689 0.031011
3677 3689 0.031011
3690 3689 0.031011
3680 3690 0.00032367
3681 3690 0.00032367
3689 3690 0.00032367
6479 3690 0.00032367
3370 3691 0.12642
3692 3691 0.12642
3693 3691 0.12642
3352 3692 0.0012828
3366 3692 0.0012828
3691 3692 0.0012828
3370 3694 0.87712
3692 3694 0.87712
3693 3694 0.87712
3694 3696 0.85248
3695 3696 0.85248
6563 3696 0.85248
3674 3698 0.78599
3696 3698 0.78599
3697 3698 0.78599
3051 3709 0.0003719
3710 3709 0.0003719
3711 3709 0.0003719
134 3710 0.00093878
3708 3710 0.00093878
3709 3710 0.00093878
2146 3711 0.0011944
3712 3711 0.0011944
4663 3711 0.0011944
7113 3711 0.0011944
3051 3712 0.0011934
3710 3712 0.0011934
3711 3712 0.0011934
3688 3713 0.87608
3714 3713 0.87608
3715 3713 0.87608
3642 3715 0.78599
3698 3715 0.78599
3716 3715 0.78599
4686 3959 1
4685 3962 0.00015734
5086 3962 0.00015734
1129 3964 0.019983
3963 3964 0.019983
785 3975 0.0026627
3973 3975 0.0026627
3976 3975 0.0026627
3977 3975 0.0026627
2265 3976 0.028042
2268 3976 0.028042
3975 3976 0.028042
2859 3989 0.0031059
3990 3989 0.0031059
3991 3989 0.0031059
786 3990 0.0067231
2261 3990 0.0067231
2264 3990 0.0067231
3989 3990 0.0067231
3166 3991 0.0031059
3992 3991 0.0031059
3993 3991 0.0031059
2859 3992 0.0067231
3990 3992 0.0067231
3991 3992 0.0067231
3994 3993 0.0031059
3995 3993 0.0031059
3999 3993 0.0031059
3166 3994 0.0067231
3992 3994 0.0067231
3993 3994 0.0067231
3998 3997 0.0067231
4000 3997 0.0067231
3997 3998 0.0031059
4651 3998 0.0031059
5860 3998 0.0031059
3998 3999 0.0031059
4000 3999 0.0031059
3994 4000 0.0067231
3995 4000 0.0067231
3999 4000 0.0067231
127 4001 0.0026957
4002 4001 0.0026957
4003 4001 0.0026957
1721 4002 0.0053086
2815 4002 0.0053086
4001 4002 0.0053086
2751 4003 0.0026957
4004 4003 0.0026957
4009 4003 0.0026957
127 4004 0.0053086
4002 4004 0.0053086
4003 4004 0.0053086
123 4005 0.0013778
4006 4005 0.0013778
4007 4005 0.0013778
125 4006 0.0012354
2750 4006 0.0012354
4005 4006 0.0012354
2250 4007 0.0013778
4008 4007 0.0013778
6857 4007 0.0013778
123 4008 0.0012354
4006 4008 0.0012354
4007 4008 0.0012354
2249 4009 0.0029478
2252 4009 0.0029478
4010 4009 0.0029478
2751 4010 0.0057031
4004 4010 0.0057031
4009 4010 0.0057031
2146 4662 0.87606
3712 4662 0.87606
4663 4662 0.87606
7113 4662 0.87606
3347 4684 0.12391
3354 4684 0.12391
4683 4684 0.12391
6743 4686 1
4685 5085 0.0014144
5086 5085 0.0014144
5087 5086 0.0015715
5271 5086 0.0015715
1129 5087 0.10553
3963 5087 0.10553
2149 5260 0.00099898
7287 5260 0.00099898
3638 5267 0.12406
3640 5267 0.12406
5268 5267 0.12406
3138 5268 0.0060675
5832 5268 0.0060675
6422 5268 0.0060675
3964 5271 0.89604
6738 5271 0.89604
2352 5832 0.00035465
2355 5832 0.00035465
5269 5832 0.00035465
5840 5839 0.02513
5846 5839 0.02513
6562 5839 0.02513
5839 5840 0.00050249
5842 5840 0.00050249
5848 5840 0.00050249
5839 5841 0.02513
5842 5841 0.02513
5848 5841 0.02513
5841 5842 0.00050249
5844 5842 0.00050249
5850 5842 0.00050249
5841 5843 0.02513
5844 5843 0.02513
5850 5843 0.02513
3666 5844 0.00050249
3667 5844 0.00050249
5843 5844 0.00050249
5852 5851 0.037975
5853 5851 0.037975
3670 5852 0.0021861
3679 5852 0.0021861
5851 5852 0.0021861
3671 5853 0.037975
5854 5853 0.037975
5852 5854 0.0021861
5853 5854 0.0021861
3997 5859 0.0067231
4651 5859 0.0067231
5860 5859 0.0067231
2259 5860 0.0031059
2262 5860 0.0031059
5859 5860 0.0031059
3125 5948 0.00021019
3128 5948 0.00021019
5949 5948 0.00021019
3138 6421 0.00011225
5832 6421 0.00011225
6422 6421 0.00011225
3304 6422 0.0013182
6420 6422 0.0013182
6421 6422 0.0013182
3680 6478 0.014132
3681 6478 0.014132
3689 6478 0.014132
6479 6478 0.014132
3668 6479 0.031127
3669 6479 0.031127
6478 6479 0.031127
3694 6562 0.02513
3695 6562 0.02513
6563 6562 0.02513
5840 6563 0.00050249
5846 6563 0.00050249
6562 6563 0.00050249
4662 6738 0.87606
6739 6738 0.87606
5087 6743 1
5271 6743 1
724 6795 0.00099891
2147 6795 0.00099891
6794 6795 0.00099891
3713 6920 0.062099
6921 6920 0.062099
7114 6920 0.062099
723 6921 0.00018435
6920 6921 0.00018435
3713 7113 0.81674
6921 7113 0.81674
7114 7113 0.81674
2146 7114 0.0025947
3712 7114 0.0025947
4663 7114 0.0025947
7113 7114 0.0025947
