296 295 0.0015881
299 295 0.0015881
1823 295 0.0015881
295 296 0.00081263
297 296 0.00081263
298 297 0.00081263
1338 297 0.00081263
1403 297 0.00081263
5596 297 0.00081263
295 298 0.0015881
297 298 0.0015881
1316 1315 0.00030121
2451 1315 0.00030121
2452 1315 0.00030121
1315 1316 0.0009501
2501 1316 0.0009501
2502 1316 0.0009501
1318 1317 0.00038536
1432 1317 0.00038536
2453 1317 0.00038536
1317 1318 0.00015871
2500 1318 0.00015871
5368 1318 0.00015871
298 1337 0.00010373
1338 1337 0.00010373
1403 1337 0.00010373
5596 1337 0.00010373
1337 1338 0.020914
1831 1338 0.020914
5653 1338 0.020914
1340 1339 0.042479
1437 1339 0.042479
1440 1339 0.042479
1339 1340 0.11334
2300 1340 0.11334
4510 1340 0.11334
1354 1353 0.0037647
1441 1353 0.0037647
1444 1353 0.0037647
1353 1354 0.005194
4571 1354 0.005194
4574 1354 0.005194
1356 1355 0.0038485
1439 1355 0.0038485
1442 1355 0.0038485
1355 1356 0.018485
1358 1356 0.018485
4573 1356 0.018485
1355 1357 0.010887
1358 1357 0.010887
4573 1357 0.010887
1357 1358 0.020072
1408 1358 0.020072
2301 1358 0.020072
3158 1358 0.020072
1360 1359 0.00017585
1435 1359 0.00017585
1873 1359 0.00017585
1359 1360 0.0018967
5594 1360 0.0018967
5597 1360 0.0018967
1394 1393 0.0069166
5592 1393 0.0069166
5595 1393 0.0069166
1399 1400 0.013396
7284 1400 0.013396
1401 1402 0.013396
1404 1402 0.013396
1436 1402 0.013396
298 1404 0.012744
1338 1404 0.012744
1403 1404 0.012744
5596 1404 0.012744
1420 1419 0.18198
2304 1419 0.18198
2307 1419 0.18198
1419 1420 0.034307
2308 1420 0.034307
5345 1420 0.034307
5947 1420 0.034307
1431 1432 0.0002127
1846 1432 0.0002127
2454 1432 0.0002127
1401 1435 0.00052816
1404 1435 0.00052816
1436 1435 0.00052816
1360 1436 0.0012276
1435 1436 0.0012276
1873 1436 0.0012276
1438 1437 0.038067
2303 1437 0.038067
4509 1437 0.038067
1340 1438 0.1263
1437 1438 0.1263
1440 1438 0.1263
1340 1439 0.0025699
1437 1439 0.0025699
1440 1439 0.0025699
1356 1440 0.019945
1439 1440 0.019945
1442 1440 0.019945
1356 1441 0.0036194
1439 1441 0.0036194
1442 1441 0.0036194
1354 1442 0.0063586
1441 1442 0.0063586
1444 1442 0.0063586
307 1444 0.0013549
1443 1444 0.0013549
1446 1444 0.0013549
305 1446 0.0013549
1445 1446 0.0013549
5589 1446 0.0013549
296 1822 0.00081263
299 1822 0.00081263
1823 1822 0.00081263
1822 1823 0.0015881
5650 1823 0.0015881
5652 1823 0.0015881
1337 1830 0.00076081
1831 1830 0.00076081
5653 1830 0.00076081
1830 1831 0.022347
3153 1831 0.022347
3156 1831 0.022347
5514 1831 0.022347
1833 1832 0.010559
1837 1832 0.010559
5638 1832 0.010559
5644 1832 0.010559
1832 1833 0.016913
1839 1833 0.016913
5636 1833 0.016913
1835 1834 0.0061096
5640 1834 0.0061096
5642 1834 0.0061096
5645 1834 0.0061096
1834 1835 0.13209
2505 1835 0.13209
2506 1835 0.13209
1833 1836 0.0025942
1837 1836 0.0025942
5638 1836 0.0025942
5644 1836 0.0025942
1836 1837 0.044947
2513 1837 0.044947
2514 1837 0.044947
1832 1838 0.0023627
1839 1838 0.0023627
5636 1838 0.0023627
1838 1839 0.023867
2515 1839 0.023867
2516 1839 0.023867
1841 1840 0.0026563
2479 1840 0.0026563
2480 1840 0.0026563
1840 1841 0.00092442
2482 1841 0.00092442
5620 1841 0.00092442
1343 1846 0.0002104
1847 1846 0.0002104
2472 1846 0.0002104
5632 1846 0.0002104
1360 1872 0.0013119
1435 1872 0.0013119
1873 1872 0.0013119
1872 1873 0.00029055
5590 1873 0.00029055
5593 1873 0.00029055
1357 2300 0.96923
1408 2300 0.96923
2301 2300 0.96923
3158 2300 0.96923
1438 2302 0.98661
2303 2302 0.98661
4509 2302 0.98661
2305 2304 0.29569
4507 2304 0.29569
5946 2304 0.29569
1420 2305 0.015659
2304 2305 0.015659
2307 2305 0.015659
1420 2306 0.17278
2304 2306 0.17278
2307 2306 0.17278
2306 2307 0.040422
2312 2307 0.040422
5343 2307 0.040422
5945 2307 0.040422
2309 2308 0.00031252
3758 2308 0.00031252
5944 2308 0.00031252
1419 2309 0.85456
2308 2309 0.85456
5345 2309 0.85456
5947 2309 0.85456
1400 2312 0.013396
2310 2312 0.013396
2313 2312 0.013396
2449 2448 0.74167
2450 2448 0.74167
2510 2448 0.74167
2448 2449 0.00095153
2478 2449 0.00095153
5517 2449 0.00095153
1316 2450 1.0009
2451 2450 1.0009
2452 2450 1.0009
2449 2451 0.00029924
2450 2451 0.00029924
2510 2451 0.00029924
1318 2452 0.00033
1432 2452 0.00033
2453 2452 0.00033
1316 2453 0.00034653
2451 2453 0.00034653
2452 2453 0.00034653
1841 2478 0.0034997
2479 2478 0.0034997
2480 2478 0.0034997
2448 2479 0.0037101
2478 2479 0.0037101
5517 2479 0.0037101
2481 2480 0.002649
2483 2480 0.002649
5623 2480 0.002649
1841 2481 0.0011276
2479 2481 0.0011276
2480 2481 0.0011276
2481 2482 0.00092442
2483 2482 0.00092442
5623 2482 0.00092442
1840 2483 0.0026563
2482 2483 0.0026563
5620 2483 0.0026563
2488 2489 0.0010166
5367 2489 0.0010166
5634 2489 0.0010166
2491 2490 0.00013428
2492 2490 0.00013428
5637 2490 0.00013428
2489 2491 0.027345
2490 2491 0.027345
2517 2491 0.027345
2493 2492 0.00018626
2494 2492 0.00018626
5639 2492 0.00018626
2491 2493 0.042548
2492 2493 0.042548
5637 2493 0.042548
2495 2494 0.00024543
2496 2494 0.00024543
5641 2494 0.00024543
2493 2495 0.058772
2494 2495 0.058772
5639 2495 0.058772
2497 2496 0.00018021
2498 2496 0.00018021
5647 2496 0.00018021
2495 2497 0.20333
2496 2497 0.20333
5641 2497 0.20333
2499 2498 0.00018341
3155 2498 0.00018341
4512 2498 0.00018341
2497 2499 0.35237
2498 2499 0.35237
5647 2499 0.35237
1315 2500 0.0011282
2501 2500 0.0011282
2502 2500 0.0011282
1317 2501 0.00036374
2500 2501 0.00036374
5368 2501 0.00036374
2503 2502 0.002011
2504 2502 0.002011
2511 2502 0.002011
2512 2502 0.002011
1315 2503 0.00059764
2501 2503 0.00059764
2502 2503 0.00059764
1834 2504 0.0030756
2505 2504 0.0030756
2506 2504 0.0030756
2503 2505 0.1715
2504 2505 0.1715
2511 2505 0.1715
2512 2505 0.1715
2507 2506 0.023767
2508 2506 0.023767
5643 2506 0.023767
1834 2507 0.066207
2505 2507 0.066207
2506 2507 0.066207
2509 2508 0.013152
5646 2508 0.013152
5649 2508 0.013152
2507 2509 0.069494
2508 2509 0.069494
5643 2509 0.069494
2503 2510 0.00073924
2504 2510 0.00073924
2511 2510 0.00073924
2512 2510 0.00073924
2449 2511 0.26065
2450 2511 0.26065
2510 2511 0.26065
1836 2512 0.0006878
2513 2512 0.0006878
2514 2512 0.0006878
2503 2513 0.090765
2504 2513 0.090765
2511 2513 0.090765
2512 2513 0.090765
1838 2514 0.00042311
2515 2514 0.00042311
2516 2514 0.00042311
1836 2515 0.048147
2513 2515 0.048147
2514 2515 0.048147
2489 2516 0.00025816
2490 2516 0.00025816
2517 2516 0.00025816
1838 2517 0.026477
2515 2517 0.026477
2516 2517 0.026477
1830 3155 0.62852
3153 3155 0.62852
3156 3155 0.62852
5514 3155 0.62852
2499 3156 0.0022961
3155 3156 0.0022961
4512 3156 0.0022961
1302 3158 0.9784
3157 3158 0.9784
7142 3158 0.9784
2309 3757 0.007814
3758 3757 0.007814
5944 3757 0.007814
3757 3758 0.0050204
5344 3758 0.0050204
2302 4507 0.98661
4508 4507 0.98661
5353 4507 0.98661
1339 4509 0.89864
2300 4509 0.89864
4510 4509 0.89864
1438 4510 0.00027097
2303 4510 0.00027097
4509 4510 0.00027097
2499 4511 0.97841
3155 4511 0.97841
4512 4511 0.97841
1349 4513 0.97841
4511 4513 0.97841
4514 4513 0.97841
1351 4571 0.0069166
1393 4571 0.0069166
4572 4571 0.0069166
1353 4573 0.0091298
4571 4573 0.0091298
4574 4573 0.0091298
1355 4574 0.0036792
1358 4574 0.0036792
4573 4574 0.0036792
3757 5343 0.007814
5344 5343 0.007814
2306 5344 0.0050204
2312 5344 0.0050204
5343 5344 0.0050204
5945 5344 0.0050204
1317 5367 0.0010166
2500 5367 0.0010166
5368 5367 0.0010166
2484 5514 0.6499
5515 5514 0.6499
5516 5514 0.6499
5648 5514 0.6499
1830 5515 0.0020827
3153 5515 0.0020827
3156 5515 0.0020827
5514 5515 0.0020827
2448 5516 0.74126
2478 5516 0.74126
5517 5516 0.74126
2484 5517 0.00075106
5515 5517 0.00075106
5516 5517 0.00075106
5648 5517 0.00075106
303 5589 0.0013549
5588 5589 0.0013549
5591 5589 0.0013549
1872 5591 0.0013549
5590 5591 0.0013549
5593 5591 0.0013549
1872 5592 0.0009063
5590 5592 0.0009063
5593 5592 0.0009063
1394 5593 0.0011949
5592 5593 0.0011949
5595 5593 0.0011949
1359 5595 0.0071795
5594 5595 0.0071795
5597 5595 0.0071795
298 5597 0.0089011
1338 5597 0.0089011
1403 5597 0.0089011
5596 5597 0.0089011
2481 5622 0.00021301
2483 5622 0.00021301
5623 5622 0.00021301
1341 5624 0.00021301
5622 5624 0.00021301
5625 5624 0.00021301
5624 5630 0.00019435
5627 5630 0.00019435
5628 5630 0.00019435
5631 5630 0.00019435
1842 5632 0.00019435
5630 5632 0.00019435
5633 5632 0.00019435
2491 5636 0.0027318
2492 5636 0.0027318
5637 5636 0.0027318
1832 5637 0.017883
1839 5637 0.017883
5636 5637 0.017883
2493 5638 0.0016042
2494 5638 0.0016042
5639 5638 0.0016042
1833 5639 0.017769
1837 5639 0.017769
5638 5639 0.017769
5644 5639 0.017769
2495 5640 0.0017032
2496 5640 0.0017032
5641 5640 0.0017032
1835 5641 0.14632
5640 5641 0.14632
5642 5641 0.14632
5645 5641 0.14632
2507 5642 0.024474
2508 5642 0.024474
5643 5642 0.024474
1835 5643 0.038375
5640 5643 0.038375
5642 5643 0.038375
5645 5643 0.038375
1835 5644 0.011577
5640 5644 0.011577
5642 5644 0.011577
5645 5644 0.011577
1833 5645 0.044118
1837 5645 0.044118
5638 5645 0.044118
5644 5645 0.044118
2497 5646 0.0050199
2498 5646 0.0050199
5647 5646 0.0050199
2509 5647 0.15406
5646 5647 0.15406
5649 5647 0.15406
2509 5648 0.027122
5646 5648 0.027122
5649 5648 0.027122
2484 5649 0.11982
5515 5649 0.11982
5516 5649 0.11982
5648 5649 0.11982
1337 5652 0.0015881
1831 5652 0.0015881
5653 5652 0.0015881
1822 5653 0.00081263
5650 5653 0.00081263
5652 5653 0.00081263
2306 5944 0.18776
2312 5944 0.18776
5343 5944 0.18776
5945 5944 0.18776
2309 5945 0.03922
3758 5945 0.03922
5944 5945 0.03922
1419 5946 0.00039307
2308 5946 0.00039307
5345 5946 0.00039307
5947 5946 0.00039307
2305 5947 0.70697
4507 5947 0.70697
5946 5947 0.70697
1402 6761 0.013396
2421 6761 0.013396
6760 6761 0.013396
4513 6863 0.97841
6864 6863 0.97841
6863 7142 0.97841
7143 7142 0.97841
6761 7284 0.013396
7283 7284 0.013396
