53 54 0.00017018
2159 54 0.00017018
2160 54 0.00017018
49 202 1
201 202 1
2169 202 1
47 204 1
203 204 1
1738 204 1
268 267 0.001854
3402 267 0.001854
5255 267 0.001854
270 269 0.001906
6049 269 0.001906
7246 269 0.001906
269 271 0.0019702
272 271 0.0019702
469 271 0.0019702
271 273 0.0021292
274 273 0.0021292
435 273 0.0021292
273 274 0.00026175
276 274 0.00026175
467 274 0.00026175
273 275 0.0021985
276 275 0.0021985
467 275 0.0021985
275 276 0.00026858
278 276 0.00026858
6428 276 0.00026858
275 277 0.99612
278 277 0.99612
6428 277 0.99612
279 280 0.0039174
6705 280 0.0039174
281 282 0.0036981
1753 282 0.0036981
6278 282 0.0036981
253 435 0.0001739
256 435 0.0001739
436 435 0.0001739
1086 435 0.0001739
271 436 0.00021282
274 436 0.00021282
435 436 0.00021282
458 457 0.0001035
3398 457 0.0001035
3399 457 0.0001035
521 522 0.0001047
3424 522 0.0001047
3890 522 0.0001047
548 547 0.060713
6226 547 0.060713
6227 547 0.060713
6230 547 0.060713
547 548 0.014318
2073 548 0.014318
7094 548 0.014318
568 567 0.00017388
4174 567 0.00017388
6435 567 0.00017388
567 568 0.5097
1467 568 0.5097
569 570 0.2392
4806 570 0.2392
5884 570 0.2392
727 732 0.0017723
731 732 0.0017723
7126 732 0.0017723
734 733 0.0018415
2879 733 0.0018415
5252 733 0.0018415
522 735 0.00010534
736 735 0.00010534
3419 735 0.00010534
3434 735 0.00010534
738 737 0.0031116
2913 737 0.0031116
5577 737 0.0031116
735 739 0.0032041
737 739 0.0032041
740 739 0.0032041
797 798 0.00013736
2876 798 0.00013736
4596 798 0.00013736
943 942 0.0073623
4221 942 0.0073623
4815 942 0.0073623
942 943 0.0043952
945 943 0.0043952
5898 943 0.0043952
7252 943 0.0043952
942 944 0.00082967
945 944 0.00082967
5898 944 0.00082967
7252 944 0.00082967
944 945 0.0036283
947 945 0.0036283
4210 945 0.0036283
944 946 0.0012052
947 946 0.0012052
4210 946 0.0012052
948 950 0.00019099
951 950 0.00019099
6355 950 0.00019099
950 951 0.000154
6352 951 0.000154
6353 951 0.000154
6356 951 0.000154
565 981 0.0012883
980 981 0.0012883
983 981 0.0012883
982 983 0.0011922
985 983 0.0011922
2889 983 0.0011922
984 985 0.0011922
987 985 0.0011922
2891 985 0.0011922
2893 985 0.0011922
986 987 0.0011922
2895 987 0.0011922
4802 987 0.0011922
995 994 0.0035335
6359 994 0.0035335
6360 994 0.0035335
994 995 0.00078253
997 995 0.00078253
2076 995 0.00078253
2077 995 0.00078253
994 996 0.0016555
997 996 0.0016555
2076 996 0.0016555
2077 996 0.0016555
996 997 0.00056969
3119 997 0.00056969
4790 997 0.00056969
6237 997 0.00056969
1085 1086 0.00011327
1087 1086 0.00011327
1088 1086 0.00011327
1466 1117 0.012487
2325 1117 0.012487
1232 1233 0.15779
7249 1233 0.15779
567 1466 0.0020773
1467 1466 0.0020773
1468 1467 0.5116
5934 1467 0.5116
1117 1468 0.35701
2345 1468 0.35701
1656 1655 0.0034377
5746 1655 0.0034377
5748 1655 0.0034377
1655 1656 0.037861
5745 1656 0.037861
5901 1656 0.037861
5904 1656 0.037861
1658 1657 0.0073623
5747 1657 0.0073623
5907 1657 0.0073623
5984 1657 0.0073623
1657 1658 0.0043952
4219 1658 0.0043952
4817 1658 0.0043952
277 1738 1
280 1738 1
1737 1738 1
54 1741 0.00022423
1742 1741 0.00022423
1743 1741 0.00022423
1751 1752 0.00021658
4538 1752 0.00021658
6275 1752 0.00021658
6277 1752 0.00021658
1754 1753 0.00048895
3585 1753 0.00048895
3588 1753 0.00048895
1766 1765 0.00030973
3587 1765 0.00030973
3590 1765 0.00030973
5576 1966 0.00010271
5579 1966 0.00010271
2072 2071 0.00046754
2074 2071 0.00046754
2075 2071 0.00046754
3906 2071 0.00046754
2071 2072 0.0020005
6238 2072 0.0020005
6239 2072 0.0020005
2072 2073 0.019221
2074 2073 0.019221
2075 2073 0.019221
3906 2073 0.019221
547 2074 0.0056126
2073 2074 0.0056126
7094 2074 0.0056126
994 2075 0.0039932
997 2075 0.0039932
2076 2075 0.0039932
2077 2075 0.0039932
2072 2076 0.0023387
2074 2076 0.0023387
2075 2076 0.0023387
3906 2076 0.0023387
2078 2077 0.00073011
2358 2077 0.00073011
2361 2077 0.00073011
6371 2077 0.00073011
994 2078 0.00074066
997 2078 0.00074066
2076 2078 0.00074066
2077 2078 0.00074066
1750 2159 0.00016662
1752 2159 0.00016662
2158 2159 0.00016662
204 2169 1
205 2169 1
2168 2169 1
1466 2324 0.00079376
2325 2324 0.00079376
2324 2325 0.011203
7131 2325 0.011203
2327 2326 0.0082857
4708 2326 0.0082857
5968 2326 0.0082857
2326 2327 0.060694
7259 2327 0.060694
2329 2328 0.039139
5896 2328 0.039139
7254 2328 0.039139
7258 2328 0.039139
2328 2329 0.00043509
7257 2329 0.00043509
2331 2330 0.0072223
4196 2330 0.0072223
5971 2330 0.0072223
7256 2330 0.0072223
2330 2331 0.00089788
2333 2331 0.00089788
5975 2331 0.00089788
2330 2332 0.00062758
2333 2332 0.00062758
5975 2332 0.00062758
2332 2333 0.0012738
2335 2333 0.0012738
4216 2333 0.0012738
2332 2334 0.0007273
2335 2334 0.0007273
4216 2334 0.0007273
2334 2335 0.0004491
2337 2335 0.0004491
5977 2335 0.0004491
7152 2335 0.0004491
2334 2336 0.00039033
2337 2336 0.00039033
5977 2336 0.00039033
7152 2336 0.00039033
2336 2337 0.00044413
2339 2337 0.00044413
4709 2337 0.00044413
2344 2345 0.34455
2347 2345 0.34455
5906 2345 0.34455
2344 2346 0.0035008
2347 2346 0.0035008
5906 2346 0.0035008
2346 2347 0.20929
6960 2347 0.20929
7108 2347 0.20929
2349 2348 0.0021245
5903 2348 0.0021245
5986 2348 0.0021245
7105 2348 0.0021245
2348 2349 0.0015966
5239 2349 0.0015966
5739 2349 0.0015966
2352 2353 0.00059661
2355 2353 0.00059661
5269 2353 0.00059661
2354 2355 0.00032171
2357 2355 0.00032171
2356 2357 0.00040629
2359 2357 0.00040629
6362 2357 0.00040629
7160 2357 0.00040629
2356 2358 0.00074271
2359 2358 0.00074271
6362 2358 0.00074271
7160 2358 0.00074271
2078 2359 0.00020291
2358 2359 0.00020291
2361 2359 0.00020291
6371 2359 0.00020291
2078 2360 0.0006692
2358 2360 0.0006692
2361 2360 0.0006692
6371 2360 0.0006692
2360 2361 0.00010831
2363 2361 0.00010831
3120 2361 0.00010831
2360 2362 0.00014748
2363 2362 0.00014748
3120 2362 0.00014748
2362 2364 0.00014753
2365 2364 0.00014753
6395 2364 0.00014753
2364 2366 0.00013695
2367 2366 0.00013695
6366 2366 0.00013695
6367 2366 0.00013695
2632 2633 0.0016311
5782 2633 0.0016311
5883 2633 0.0016311
5886 2633 0.0016311
6716 2634 0.002335
2634 2635 0.0013334
2636 2635 0.0013334
2639 2642 0.001063
2645 2642 0.001063
2633 2643 0.002836
2635 2643 0.002836
2644 2643 0.002836
2634 2645 0.0010623
2636 2645 0.0010623
3664 2749 0.0038469
6466 2749 0.0038469
2753 2752 0.1578
3327 2752 0.1578
5237 2752 0.1578
796 2876 0.00011989
2875 2876 0.00011989
3441 2876 0.00011989
739 2886 0.0012086
2885 2886 0.0012086
5251 2886 0.0012086
2886 2888 0.0012086
2887 2888 0.0012086
2901 2888 0.0012086
2911 2913 0.00011167
2914 2913 0.00011167
6130 2913 0.00011167
2360 3119 0.00060194
2363 3119 0.00060194
3120 3119 0.00060194
996 3120 0.00015401
3119 3120 0.00015401
4790 3120 0.00015401
6237 3120 0.00015401
3122 3121 0.0053785
5270 3121 0.0053785
6233 3121 0.0053785
3316 3317 0.00012115
7005 3317 0.00012115
7008 3317 0.00012115
7088 3317 0.00012115
3319 3318 0.0035903
5985 3318 0.0035903
7093 3318 0.0035903
7095 3318 0.0035903
3318 3319 1.002
6983 3319 1.002
7092 3319 1.002
3321 3320 0.013304
3322 3320 0.013304
7097 3320 0.013304
3320 3321 0.23306
6977 3321 0.23306
7096 3321 0.23306
3323 3322 0.004294
3324 3322 0.004294
7103 3322 0.004294
3321 3323 0.16155
3322 3323 0.16155
7097 3323 0.16155
3325 3324 0.00088468
3326 3324 0.00088468
7099 3324 0.00088468
3323 3325 0.18026
3324 3325 0.18026
7103 3325 0.18026
3325 3327 0.15512
3326 3327 0.15512
7099 3327 0.15512
2353 3328 0.00064032
3337 3328 0.00064032
3332 3331 0.00095907
3334 3331 0.00095907
3331 3332 0.0028896
5827 3332 0.0028896
5829 3332 0.0028896
3332 3333 0.0028896
3334 3333 0.0028896
3333 3334 0.00095907
3336 3334 0.00095907
6225 3334 0.00095907
3333 3335 0.0084516
3336 3335 0.0084516
6225 3335 0.0084516
3335 3336 0.0086827
5823 3336 0.0086827
5831 3336 0.0086827
6967 3336 0.0086827
3397 3398 0.0018547
7215 3398 0.0018547
458 3400 0.0017858
3398 3400 0.0017858
3399 3400 0.0017858
3401 3402 0.0018548
7245 3402 0.0018548
1966 3424 0.00010271
3423 3424 0.00010271
1766 3588 0.00048895
3587 3588 0.00048895
3590 3588 0.00048895
1763 3590 0.00070437
3589 3590 0.00070437
4600 3590 0.00070437
3898 3899 0.00011804
5581 3899 0.00011804
5935 3899 0.00011804
3907 3906 0.014664
4019 3906 0.014664
6228 3906 0.014664
6358 3906 0.014664
2072 3907 0.0042434
2074 3907 0.0042434
2075 3907 0.0042434
3906 3907 0.0042434
4020 4019 0.00030989
6232 4019 0.00030989
6351 4019 0.00030989
3907 4020 0.0028252
4019 4020 0.0028252
6228 4020 0.0028252
6358 4020 0.0028252
4163 4162 0.041406
4164 4162 0.041406
5889 4162 0.041406
5892 4162 0.041406
4162 4163 0.041508
4171 4163 0.041508
5793 4163 0.041508
4165 4164 0.019952
4166 4164 0.019952
5929 4164 0.019952
5972 4164 0.019952
4163 4165 0.022758
4164 4165 0.022758
5889 4165 0.022758
5892 4165 0.022758
4167 4166 0.0039392
4168 4166 0.0039392
5923 4166 0.0039392
5926 4166 0.0039392
4165 4167 0.0079949
4166 4167 0.0079949
5929 4167 0.0079949
5972 4167 0.0079949
4169 4168 0.00058412
4193 4168 0.00058412
4194 4168 0.00058412
4167 4169 0.0011237
4168 4169 0.0011237
5923 4169 0.0011237
5926 4169 0.0011237
4162 4170 0.046425
4171 4170 0.046425
5793 4170 0.046425
4170 4171 0.014521
4173 4171 0.014521
5933 4171 0.014521
4170 4172 0.058184
4173 4172 0.058184
5933 4172 0.058184
4172 4173 0.0030859
5797 4173 0.0030859
4175 4174 0.095416
4176 4174 0.095416
5784 4174 0.095416
5785 4174 0.095416
568 4175 0.0029606
4174 4175 0.0029606
6435 4175 0.0029606
4177 4176 0.071009
4178 4176 0.071009
5970 4176 0.071009
4175 4177 0.0032603
4176 4177 0.0032603
5784 4177 0.0032603
5785 4177 0.0032603
4179 4178 0.039016
4180 4178 0.039016
4177 4179 0.011736
4178 4179 0.011736
5970 4179 0.011736
4181 4180 0.063187
4182 4180 0.063187
5885 4180 0.063187
5888 4180 0.063187
4179 4181 0.010283
4180 4181 0.010283
4183 4182 0.043141
4184 4182 0.043141
5928 4182 0.043141
4181 4183 0.0007319
4182 4183 0.0007319
5885 4183 0.0007319
5888 4183 0.0007319
4185 4184 0.011101
4186 4184 0.011101
5922 4184 0.011101
4183 4185 0.00037924
4184 4185 0.00037924
5928 4185 0.00037924
4187 4186 0.0016101
4188 4186 0.0016101
4195 4186 0.0016101
4185 4187 0.0003548
4186 4187 0.0003548
5922 4187 0.0003548
4189 4188 0.00038218
4190 4188 0.00038218
5918 4188 0.00038218
4187 4189 0.00040857
4188 4189 0.00040857
4195 4189 0.00040857
4191 4190 0.00019621
4666 4190 0.00019621
6469 4190 0.00019621
4189 4191 0.00055393
4190 4191 0.00055393
5918 4191 0.00055393
4192 4193 0.00078639
5919 4193 0.00078639
5980 4193 0.00078639
4169 4195 0.0013178
4193 4195 0.0013178
4194 4195 0.0013178
4205 4206 0.001768
5741 4206 0.001768
5742 4206 0.001768
4204 4208 0.002268
4206 4208 0.002268
4207 4208 0.002268
4211 4208 0.002268
4201 4210 0.0040233
4208 4210 0.0040233
4209 4210 0.0040233
5909 4210 0.0040233
4212 4211 0.00061724
4214 4211 0.00061724
4204 4212 0.00011349
4206 4212 0.00011349
4207 4212 0.00011349
4211 4212 0.00011349
4212 4213 0.00011349
4214 4213 0.00011349
4213 4214 0.00061724
5743 4214 0.00061724
5744 4214 0.00061724
4215 4216 0.00093032
6725 4216 0.00093032
4218 4217 0.00028024
6706 4217 0.00028024
6724 4217 0.00028024
4220 4219 0.0043952
4222 4219 0.0043952
1657 4220 0.0073623
4219 4220 0.0073623
4817 4220 0.0073623
4220 4221 0.0073623
4222 4221 0.0073623
943 4222 0.0043952
4221 4222 0.0043952
4815 4222 0.0043952
1755 4538 0.0031606
4537 4538 0.0031606
6038 4538 0.0031606
2749 4600 0.00070437
4599 4600 0.00070437
2327 4707 0.030346
4708 4707 0.030346
5968 4707 0.030346
3189 4708 0.0051179
4707 4708 0.0051179
5981 4708 0.0051179
7130 4708 0.0051179
1537 4709 0.0020196
4710 4709 0.0020196
5063 4710 0.0020308
996 4789 0.00029212
3119 4789 0.00029212
4790 4789 0.00029212
6237 4789 0.00029212
4789 4790 0.00012764
6240 4790 0.00012764
6365 4790 0.00012764
563 4802 0.0011922
2888 4802 0.0011922
4801 4802 0.0011922
569 4805 0.087021
4806 4805 0.087021
5884 4805 0.087021
4805 4806 0.0060459
6431 4806 0.0060459
6434 4806 0.0060459
5064 5063 0.0020318
5240 5063 0.0020318
3121 5237 0.0060173
3328 5237 0.0060173
3329 5237 0.0060173
3317 5239 0.0018126
5238 5239 0.0018126
7089 5239 0.0018126
5241 5240 0.0020144
5738 5240 0.0020144
7218 5240 0.0020144
739 5250 0.0019987
2885 5250 0.0019987
5251 5250 0.0019987
4597 5252 0.0019177
5250 5252 0.0019177
5253 5252 0.0019177
3122 5269 0.0004021
5270 5269 0.0004021
6233 5269 0.0004021
2753 5270 0.0033088
3327 5270 0.0033088
5237 5270 0.0033088
5576 5577 0.0030996
5579 5577 0.0030996
5578 5579 0.003202
5583 5579 0.003202
5584 5579 0.003202
1233 5581 0.15472
5580 5581 0.15472
5582 5581 0.15472
1233 5583 0.0032032
5580 5583 0.0032032
5582 5583 0.0032032
2348 5738 0.0022604
5239 5738 0.0022604
5739 5738 0.0022604
5740 5741 0.00029391
7219 5741 0.00029391
4213 5742 0.0017326
5743 5742 0.0017326
5744 5742 0.0017326
4205 5743 0.00022964
5741 5743 0.00022964
5742 5743 0.00022964
1655 5744 0.0023171
5745 5744 0.0023171
5901 5744 0.0023171
5904 5744 0.0023171
4213 5745 0.00031036
5743 5745 0.00031036
5744 5745 0.00031036
1658 5746 0.0034377
5747 5746 0.0034377
5907 5746 0.0034377
5984 5746 0.0034377
1656 5747 0.037861
5746 5747 0.037861
5748 5747 0.037861
5780 5779 0.072942
5781 5779 0.072942
5786 5779 0.072942
981 5780 0.0021724
5779 5780 0.0021724
6433 5780 0.0021724
6436 5780 0.0021724
2632 5781 0.053888
5782 5781 0.053888
5883 5781 0.053888
5886 5781 0.053888
5780 5782 0.0033592
5781 5782 0.0033592
5786 5782 0.0033592
4175 5783 0.0026314
4176 5783 0.0026314
5784 5783 0.0026314
5785 5783 0.0026314
5783 5784 0.047579
5788 5784 0.047579
5796 5784 0.047579
5780 5785 0.00063013
5781 5785 0.00063013
5786 5785 0.00063013
4175 5786 0.020871
4176 5786 0.020871
5784 5786 0.020871
5785 5786 0.020871
5783 5787 0.002585
5788 5787 0.002585
5796 5787 0.002585
5787 5788 0.032904
5914 5788 0.032904
5915 5788 0.032904
5790 5789 0.020608
5791 5789 0.020608
5932 5789 0.020608
5969 5789 0.020608
5789 5790 0.0051072
5911 5790 0.0051072
5913 5790 0.0051072
5982 5790 0.0051072
5792 5791 0.037016
5891 5791 0.037016
5894 5791 0.037016
5790 5792 0.025502
5791 5792 0.025502
5932 5792 0.025502
5969 5792 0.025502
5794 5793 0.032006
5931 5793 0.032006
5795 5794 0.025263
5887 5794 0.025263
5890 5794 0.025263
5794 5795 0.018882
5931 5795 0.018882
4172 5796 0.025735
5797 5796 0.025735
5783 5797 0.011107
5788 5797 0.011107
5796 5797 0.011107
3335 5822 0.029003
5823 5822 0.029003
5831 5822 0.029003
6967 5822 0.029003
5822 5823 0.019131
6963 5823 0.019131
7102 5823 0.019131
7104 5823 0.019131
5825 5824 0.0061103
5826 5824 0.0061103
5830 5824 0.0061103
5824 5825 0.02918
6964 5825 0.02918
7100 5825 0.02918
3331 5826 0.00095907
5827 5826 0.00095907
5829 5826 0.00095907
5825 5827 0.0028896
5826 5827 0.0028896
5830 5827 0.0028896
3335 5830 0.0069438
5823 5830 0.0069438
5831 5830 0.0069438
6967 5830 0.0069438
5825 5831 0.028083
5826 5831 0.028083
5830 5831 0.028083
2632 5884 0.32018
5782 5884 0.32018
5883 5884 0.32018
5886 5884 0.32018
4181 5886 0.37225
4182 5886 0.37225
5885 5886 0.37225
5888 5886 0.37225
4181 5887 0.0015518
4182 5887 0.0015518
5885 5887 0.0015518
5888 5887 0.0015518
5795 5888 0.38428
5887 5888 0.38428
5890 5888 0.38428
5795 5889 0.0014329
5887 5889 0.0014329
5890 5889 0.0014329
4163 5890 0.39055
4164 5890 0.39055
5889 5890 0.39055
5892 5890 0.39055
4163 5891 0.00099765
4164 5891 0.00099765
5889 5891 0.00099765
5892 5891 0.00099765
5792 5892 0.39281
5891 5892 0.39281
5894 5892 0.39281
5792 5893 0.00054298
5891 5893 0.00054298
5894 5893 0.00054298
5893 5894 0.40387
7255 5894 0.40387
5895 5896 0.49445
7253 5896 0.49445
5897 5898 0.48876
5900 5898 0.48876
5983 5898 0.48876
5899 5900 0.52578
5902 5900 0.52578
5910 5900 0.52578
1655 5902 0.52753
5745 5902 0.52753
5901 5902 0.52753
5904 5902 0.52753
2349 5904 0.564
5903 5904 0.564
5986 5904 0.564
7105 5904 0.564
2344 5905 0.00054227
2347 5905 0.00054227
5906 5905 0.00054227
5905 5906 0.13928
6955 5906 0.13928
7110 5906 0.13928
719 5907 0.0007836
5908 5907 0.0007836
7109 5907 0.0007836
1658 5908 0.069287
5747 5908 0.069287
5907 5908 0.069287
5984 5908 0.069287
5899 5909 0.0028241
5902 5909 0.0028241
5910 5909 0.0028241
4201 5910 0.0010663
4208 5910 0.0010663
4209 5910 0.0010663
5909 5910 0.0010663
5787 5913 0.002585
5914 5913 0.002585
5915 5913 0.002585
5789 5914 0.032904
5911 5914 0.032904
5913 5914 0.032904
5982 5914 0.032904
5917 5918 0.00033612
5920 5918 0.00033612
5978 5918 0.00033612
5917 5919 0.00037468
5920 5919 0.00037468
5978 5919 0.00037468
4185 5921 0.00029185
4186 5921 0.00029185
5922 5921 0.00029185
5921 5922 0.009758
5924 5922 0.009758
5973 5922 0.009758
5921 5923 0.00034849
5924 5923 0.00034849
5973 5923 0.00034849
4167 5924 0.010373
4168 5924 0.010373
5923 5924 0.010373
5926 5924 0.010373
4167 5925 0.00023779
4168 5925 0.00023779
5923 5925 0.00023779
5926 5925 0.00023779
5925 5926 0.006746
5976 5926 0.006746
5979 5926 0.006746
4183 5927 0.0014015
4184 5927 0.0014015
5928 5927 0.0014015
5927 5928 0.03309
5930 5928 0.03309
5974 5928 0.03309
5927 5929 0.0018664
5930 5929 0.0018664
5974 5929 0.0018664
4165 5930 0.032996
4166 5930 0.032996
5929 5930 0.032996
5972 5930 0.032996
4179 5931 0.025625
4180 5931 0.025625
4170 5932 0.01561
4173 5932 0.01561
5933 5932 0.01561
5790 5933 0.038803
5791 5933 0.038803
5932 5933 0.038803
5969 5933 0.038803
3898 5934 0.15466
5581 5934 0.15466
5935 5934 0.15466
5790 5968 0.0082389
5791 5968 0.0082389
5932 5968 0.0082389
5969 5968 0.0082389
2327 5969 0.035419
4708 5969 0.035419
5968 5969 0.035419
4172 5970 0.040469
5797 5970 0.040469
4165 5971 0.00040135
4166 5971 0.00040135
5929 5971 0.00040135
5972 5971 0.00040135
2331 5972 0.032781
4196 5972 0.032781
5971 5972 0.032781
7256 5972 0.032781
5927 5973 0.0031396
5930 5973 0.0031396
5974 5973 0.0031396
5921 5974 0.0036977
5924 5974 0.0036977
5973 5974 0.0036977
2330 5976 0.0070679
2333 5976 0.0070679
5975 5976 0.0070679
2334 5978 0.00062934
2337 5978 0.00062934
5977 5978 0.00062934
7152 5978 0.00062934
4192 5979 0.00023062
5919 5979 0.00023062
5980 5979 0.00023062
5925 5980 0.00069297
5976 5980 0.00069297
5979 5980 0.00069297
5789 5981 0.0057738
5911 5981 0.0057738
5913 5981 0.0057738
5982 5981 0.0057738
3189 5982 0.020592
4707 5982 0.020592
5981 5982 0.020592
7130 5982 0.020592
1658 5983 0.011907
5747 5983 0.011907
5907 5983 0.011907
5984 5983 0.011907
5897 5984 0.048954
5900 5984 0.048954
5983 5984 0.048954
3319 5986 0.84052
5985 5986 0.84052
7093 5986 0.84052
7095 5986 0.84052
557 6038 0.0031785
6037 6038 0.0031785
6465 6038 0.0031785
2903 6130 0.00011167
6129 6130 0.00011167
6132 6130 0.00011167
2905 6132 0.00011167
6131 6132 0.00011167
6134 6132 0.00011167
2907 6134 0.0001119
6133 6134 0.0001119
6136 6134 0.0001119
2909 6136 0.00011804
3899 6136 0.00011804
6135 6136 0.00011804
548 6225 0.0073724
6226 6225 0.0073724
6227 6225 0.0073724
6230 6225 0.0073724
3333 6226 0.009534
3336 6226 0.009534
6225 6226 0.009534
3907 6227 0.0026899
4019 6227 0.0026899
6228 6227 0.0026899
6358 6227 0.0026899
548 6228 0.019145
6226 6228 0.019145
6227 6228 0.019145
6230 6228 0.019145
548 6229 0.0096217
6226 6229 0.0096217
6227 6229 0.0096217
6230 6229 0.0096217
6229 6230 0.07031
6979 6230 0.07031
7063 6230 0.07031
4020 6231 0.0027392
6232 6231 0.0027392
6351 6231 0.0027392
6231 6232 0.00023198
6234 6232 0.00023198
6354 6232 0.00023198
6231 6233 0.002712
6234 6233 0.002712
6354 6233 0.002712
3122 6234 0.00024179
5270 6234 0.00024179
6233 6234 0.00024179
2071 6237 0.00037018
6238 6237 0.00037018
6239 6237 0.00037018
996 6238 0.0017395
3119 6238 0.0017395
4790 6238 0.0017395
6237 6238 0.0017395
4789 6239 0.0003038
6240 6239 0.0003038
6365 6239 0.0003038
2071 6240 0.00014008
6238 6240 0.00014008
6239 6240 0.00014008
1759 6275 0.00036137
1765 6275 0.00036137
6276 6275 0.00036137
1751 6278 0.0032819
4538 6278 0.0032819
6275 6278 0.0032819
6277 6278 0.0032819
950 6351 0.00031691
6352 6351 0.00031691
6353 6351 0.00031691
6356 6351 0.00031691
4020 6352 0.00032501
6232 6352 0.00032501
6351 6352 0.00032501
2354 6353 0.00014707
2357 6353 0.00014707
948 6354 0.000154
951 6354 0.000154
6355 6354 0.000154
6231 6355 0.00019099
6234 6355 0.00019099
6354 6355 0.00019099
6357 6356 0.00017806
6361 6356 0.00017806
950 6357 0.00037022
6352 6357 0.00037022
6353 6357 0.00037022
6356 6357 0.00037022
995 6358 0.00081443
6359 6358 0.00081443
6360 6358 0.00081443
3907 6359 0.0043335
4019 6359 0.0043335
6228 6359 0.0043335
6358 6359 0.0043335
6357 6360 0.00032506
6361 6360 0.00032506
995 6361 0.0010932
6359 6361 0.0010932
6360 6361 0.0010932
6357 6362 0.0009603
6361 6362 0.0009603
5736 6428 0.99419
6427 6428 0.99419
6430 6428 0.99419
570 6430 0.99419
6429 6430 0.99419
6432 6430 0.99419
4805 6432 0.75506
6431 6432 0.75506
6434 6432 0.75506
4805 6433 0.00037972
6431 6433 0.00037972
6434 6433 0.00037972
981 6434 0.67441
5779 6434 0.67441
6433 6434 0.67441
6436 6434 0.67441
981 6435 0.00036381
5779 6435 0.00036381
6433 6435 0.00036381
6436 6435 0.00036381
568 6436 0.60234
4174 6436 0.60234
6435 6436 0.60234
2749 6465 0.0031457
4599 6465 0.0031457
6467 6466 0.0038797
2642 6467 0.0038804
2643 6467 0.0038804
4191 6468 0.0023399
4666 6468 0.0023399
6469 6468 0.0023399
2336 6469 0.0019776
2339 6469 0.0019776
4709 6469 0.0019776
282 6705 0.0039174
1741 6705 0.0039174
6704 6705 0.0039174
946 6706 0.0012052
6707 6706 0.0012052
5776 6716 0.002335
6468 6716 0.002335
4218 6725 0.00093032
6706 6725 0.00093032
6724 6725 0.00093032
4217 6726 0.00028024
6727 6726 0.00028024
5905 6954 0.0033771
6955 6954 0.0033771
7110 6954 0.0033771
6954 6955 0.073607
6957 6955 0.073607
6959 6955 0.073607
2346 6959 0.073607
6960 6959 0.073607
7108 6959 0.073607
6954 6960 0.0033771
6957 6960 0.0033771
6959 6960 0.0033771
5824 6963 0.02766
6964 6963 0.02766
7100 6963 0.02766
5822 6964 0.026445
6963 6964 0.026445
7102 6964 0.026445
7104 6964 0.026445
6965 6967 0.0033559
6968 6967 0.0033559
7101 6967 0.0033559
3335 6968 0.014393
5823 6968 0.014393
5831 6968 0.014393
6967 6968 0.014393
6969 6971 0.12471
6972 6971 0.12471
6975 6971 0.12471
7066 6971 0.12471
6971 6972 0.039333
6974 6972 0.039333
7064 6972 0.039333
6971 6973 0.16539
6974 6973 0.16539
7064 6973 0.16539
6973 6974 0.050578
6976 6974 0.050578
6978 6974 0.050578
6973 6975 0.17319
6976 6975 0.17319
6978 6975 0.17319
6969 6976 0.060193
6972 6976 0.060193
6975 6976 0.060193
7066 6976 0.060193
6973 6977 0.17058
6976 6977 0.17058
6978 6977 0.17058
3320 6978 0.16876
6977 6978 0.16876
7096 6978 0.16876
6980 6979 0.10657
7065 6979 0.10657
7098 6979 0.10657
6229 6980 0.016458
6979 6980 0.016458
7063 6980 0.016458
6982 6981 0.00094957
6984 6981 0.00094957
6986 6981 0.00094957
6981 6982 0.00018284
6990 6982 0.00018284
6982 6983 0.0006444
6984 6983 0.0006444
6986 6983 0.0006444
3318 6984 0.0018095
6983 6984 0.0018095
7092 6984 0.0018095
6982 6985 0.0011124
6984 6985 0.0011124
6986 6985 0.0011124
6985 6986 0.00071397
6988 6986 0.00071397
6989 6986 0.00071397
6985 6987 0.0016038
6988 6987 0.0016038
6989 6987 0.0016038
6987 6988 0.00043865
6992 6988 0.00043865
6994 6988 0.00043865
6981 6989 0.00094957
6990 6989 0.00094957
6985 6990 0.00018284
6988 6990 0.00018284
6989 6990 0.00018284
6987 6991 0.0012639
6992 6991 0.0012639
6994 6991 0.0012639
6991 6992 0.00014459
6995 6992 0.00014459
7000 6992 0.00014459
6987 6993 0.00086342
6992 6993 0.00086342
6994 6993 0.00086342
6993 6994 0.00081757
6996 6994 0.00081757
6998 6994 0.00081757
7001 6994 0.00081757
6993 6995 0.00034546
6996 6995 0.00034546
6998 6995 0.00034546
7001 6995 0.00034546
6991 6996 0.00109
6995 6996 0.00109
7000 6996 0.00109
6993 6997 0.0016233
6996 6997 0.0016233
6998 6997 0.0016233
7001 6997 0.0016233
6997 6998 0.00045814
7090 6998 0.00045814
7091 6998 0.00045814
6991 6999 0.00044131
6995 6999 0.00044131
7000 6999 0.00044131
6999 7001 0.00044131
7002 7001 0.00044131
7004 7001 0.00044131
2366 7005 0.00011205
7006 7005 0.00011205
7086 7005 0.00011205
6971 7063 0.04449
6974 7063 0.04449
7064 7063 0.04449
6229 7064 0.073918
6979 7064 0.073918
7063 7064 0.073918
6969 7065 0.085205
6972 7065 0.085205
6975 7065 0.085205
7066 7065 0.085205
6980 7066 0.057593
7065 7066 0.057593
7098 7066 0.057593
6997 7089 0.0017797
7090 7089 0.0017797
7091 7089 0.0017797
3317 7090 0.00017739
5238 7090 0.00017739
7089 7090 0.00017739
3318 7091 0.0020621
6983 7091 0.0020621
7092 7091 0.0020621
6997 7092 0.0016248
7090 7092 0.0016248
7091 7092 0.0016248
547 7093 0.078481
2073 7093 0.078481
7094 7093 0.078481
3319 7094 0.018477
5985 7094 0.018477
7093 7094 0.018477
7095 7094 0.018477
3320 7095 0.14186
6977 7095 0.14186
7096 7095 0.14186
3319 7096 0.3598
5985 7096 0.3598
7093 7096 0.3598
7095 7096 0.3598
6980 7097 0.039746
7065 7097 0.039746
7098 7097 0.039746
3321 7098 0.10225
3322 7098 0.10225
7097 7098 0.10225
5824 7099 0.019895
6964 7099 0.019895
7100 7099 0.019895
3325 7100 0.04418
3326 7100 0.04418
7099 7100 0.04418
5822 7101 0.0033559
6963 7101 0.0033559
7102 7101 0.0033559
7104 7101 0.0033559
6965 7102 0.014393
6968 7102 0.014393
7101 7102 0.014393
5822 7103 0.048306
6963 7103 0.048306
7102 7103 0.048306
7104 7103 0.048306
3323 7104 0.026183
3324 7104 0.026183
7103 7104 0.026183
2349 7106 0.2761
5903 7106 0.2761
5986 7106 0.2761
7105 7106 0.2761
6961 7108 0.2761
7106 7108 0.2761
7107 7108 0.2761
5905 7109 0.0007836
6955 7109 0.0007836
7110 7109 0.0007836
719 7110 0.069287
5908 7110 0.069287
7109 7110 0.069287
733 7126 0.0018415
7127 7126 0.0018415
2324 7130 0.00079376
7131 7130 0.00079376
3189 7131 0.011203
4707 7131 0.011203
5981 7131 0.011203
7130 7131 0.011203
6726 7152 0.00028024
7153 7152 0.00028024
7214 7215 0.0018547
7217 7215 0.0018547
732 7217 0.0018547
798 7217 0.0018547
7216 7217 0.0018547
5241 7219 0.00029391
5738 7219 0.00029391
7218 7219 0.00029391
3400 7245 0.0018548
4579 7245 0.0018548
7244 7245 0.0018548
267 7246 0.001854
7247 7246 0.001854
1235 7249 0.15779
7248 7249 0.15779
7250 7249 0.15779
2752 7250 0.1578
7251 7250 0.1578
942 7253 0.49445
945 7253 0.49445
5898 7253 0.49445
7252 7253 0.49445
5893 7254 0.00054298
7255 7254 0.00054298
2329 7255 0.40387
5896 7255 0.40387
7254 7255 0.40387
7258 7255 0.40387
2328 7256 0.039139
7257 7256 0.039139
2331 7257 0.00043509
4196 7257 0.00043509
5971 7257 0.00043509
7256 7257 0.00043509
2326 7258 0.0082857
7259 7258 0.0082857
2329 7259 0.060694
5896 7259 0.060694
7254 7259 0.060694
7258 7259 0.060694
