296 295 0.0011191
299 295 0.0011191
1823 295 0.0011191
295 296 0.0005727
297 296 0.0005727
298 297 0.0005727
1338 297 0.0005727
1403 297 0.0005727
5596 297 0.0005727
295 298 0.0011191
297 298 0.0011191
1301 1300 0.00013171
2463 1300 0.00013171
5146 1300 0.00013171
1303 1302 0.096975
1325 1302 0.096975
1429 1302 0.096975
1316 1315 0.14534
2451 1315 0.14534
2452 1315 0.14534
1315 1316 0.026115
2501 1316 0.026115
2502 1316 0.026115
1318 1317 0.17882
1432 1317 0.17882
2453 1317 0.17882
1317 1318 0.00072045
2500 1318 0.00072045
5368 1318 0.00072045
1303 1326 0.0039111
1325 1326 0.0039111
1429 1326 0.0039111
1337 1338 0.014737
1831 1338 0.014737
5653 1338 0.014737
1340 1339 0.042485
1437 1339 0.042485
1440 1339 0.042485
1339 1340 0.11388
2300 1340 0.11388
4510 1340 0.11388
1346 1345 0.060528
1383 1345 0.060528
6665 1345 0.060528
1345 1346 0.016153
5364 1346 0.016153
5599 1346 0.016153
1348 1347 0.005996
1395 1347 0.005996
5815 1347 0.005996
1347 1348 0.00069575
5378 1348 0.00069575
1354 1353 0.0036916
1441 1353 0.0036916
1444 1353 0.0036916
1353 1354 0.0047859
4571 1354 0.0047859
4574 1354 0.0047859
1356 1355 0.0036811
1439 1355 0.0036811
1442 1355 0.0036811
1355 1356 0.018325
1358 1356 0.018325
4573 1356 0.018325
1355 1357 0.0094463
1358 1357 0.0094463
4573 1357 0.0094463
1357 1358 0.020336
1408 1358 0.020336
2301 1358 0.020336
3158 1358 0.020336
1360 1359 0.00012496
1435 1359 0.00012496
1873 1359 0.00012496
1359 1360 0.0013375
5594 1360 0.0013375
5597 1360 0.0013375
1361 1362 0.00092225
1377 1362 0.00092225
1380 1362 0.00092225
1364 1363 0.00057848
1366 1363 0.00057848
1391 1363 0.00057848
1363 1364 0.00014257
1379 1364 0.00014257
1382 1364 0.00014257
1364 1365 0.00014257
1366 1365 0.00014257
1391 1365 0.00014257
1365 1366 0.00057848
5357 1366 0.00057848
5360 1366 0.00057848
1300 1372 0.00013275
1371 1372 0.00013275
2464 1372 0.00013275
1363 1380 0.00092225
1379 1380 0.00092225
1382 1380 0.00092225
1372 1382 0.00045072
1381 1382 0.00045072
5173 1382 0.00045072
1384 1383 0.0015748
5361 1383 0.0015748
5598 1383 0.0015748
1346 1384 0.09735
1383 1384 0.09735
6665 1384 0.09735
1386 1385 0.00027497
5359 1385 0.00027497
5362 1385 0.00027497
1369 1386 0.0010535
1385 1386 0.0010535
5369 1386 0.0010535
1394 1393 0.0048851
5592 1393 0.0048851
5595 1393 0.0048851
1399 1400 0.0094422
7284 1400 0.0094422
1401 1402 0.0094422
1404 1402 0.0094422
1436 1402 0.0094422
298 1404 0.0089807
1338 1404 0.0089807
1403 1404 0.0089807
5596 1404 0.0089807
1407 1408 0.0039973
1410 1408 0.0039973
1868 1408 0.0039973
1409 1410 0.0039973
1412 1410 0.0039973
1870 1410 0.0039973
1326 1412 0.0039973
1328 1412 0.0039973
1330 1412 0.0039973
1411 1412 0.0039973
1420 1419 0.18248
2304 1419 0.18248
2307 1419 0.18248
1419 1420 0.034438
2308 1420 0.034438
5345 1420 0.034438
5947 1420 0.034438
1427 1429 0.10087
1430 1429 0.10087
5356 1429 0.10087
1431 1432 0.891
1846 1432 0.891
2454 1432 0.891
1434 1433 0.00070875
2455 1433 0.00070875
5808 1433 0.00070875
1433 1434 0.86651
1844 1434 0.86651
2456 1434 0.86651
1401 1435 0.00037219
1404 1435 0.00037219
1436 1435 0.00037219
1360 1436 0.00086712
1435 1436 0.00086712
1873 1436 0.00086712
1438 1437 0.038242
2303 1437 0.038242
4509 1437 0.038242
1340 1438 0.1263
1437 1438 0.1263
1440 1438 0.1263
1340 1439 0.0025822
1437 1439 0.0025822
1440 1439 0.0025822
1356 1440 0.01924
1439 1440 0.01924
1442 1440 0.01924
1356 1441 0.0035911
1439 1441 0.0035911
1442 1441 0.0035911
1354 1442 0.0056054
1441 1442 0.0056054
1444 1442 0.0056054
307 1444 0.00096212
1443 1444 0.00096212
1446 1444 0.00096212
305 1446 0.00096212
1445 1446 0.00096212
5589 1446 0.00096212
296 1822 0.0005727
299 1822 0.0005727
1823 1822 0.0005727
1822 1823 0.0011191
5650 1823 0.0011191
5652 1823 0.0011191
1337 1830 0.00053671
1831 1830 0.00053671
5653 1830 0.00053671
1830 1831 0.015747
3153 1831 0.015747
3156 1831 0.015747
5514 1831 0.015747
1833 1832 0.013738
1837 1832 0.013738
5638 1832 0.013738
5644 1832 0.013738
1832 1833 0.019543
1839 1833 0.019543
5636 1833 0.019543
1835 1834 0.0069331
5640 1834 0.0069331
5642 1834 0.0069331
5645 1834 0.0069331
1834 1835 0.2221
2505 1835 0.2221
2506 1835 0.2221
1833 1836 0.0033105
1837 1836 0.0033105
5638 1836 0.0033105
5644 1836 0.0033105
1836 1837 0.04714
2513 1837 0.04714
2514 1837 0.04714
1832 1838 0.0037379
1839 1838 0.0037379
5636 1838 0.0037379
1838 1839 0.026327
2515 1839 0.026327
2516 1839 0.026327
1841 1840 0.001934
2479 1840 0.001934
2480 1840 0.001934
1840 1841 0.001494
2482 1841 0.001494
5620 1841 0.001494
555 1844 0.0021104
1845 1844 0.0021104
2733 1844 0.0021104
1433 1845 0.011611
1844 1845 0.011611
2456 1845 0.011611
1343 1846 0.011616
1847 1846 0.011616
2472 1846 0.011616
5632 1846 0.011616
1431 1847 0.010198
1846 1847 0.010198
2454 1847 0.010198
1849 1848 0.0018825
2476 1848 0.0018825
5626 1848 0.0018825
1848 1849 0.0022917
2473 1849 0.0022917
2474 1849 0.0022917
1360 1872 0.00092489
1435 1872 0.00092489
1873 1872 0.00092489
1872 1873 0.00020728
5590 1873 0.00020728
5593 1873 0.00020728
1357 2300 0.97391
1408 2300 0.97391
2301 2300 0.97391
3158 2300 0.97391
1438 2302 0.99056
2303 2302 0.99056
4509 2302 0.99056
2305 2304 0.29687
4507 2304 0.29687
5946 2304 0.29687
1420 2305 0.015701
2304 2305 0.015701
2307 2305 0.015701
1420 2306 0.17346
2304 2306 0.17346
2307 2306 0.17346
2306 2307 0.04033
2312 2307 0.04033
5343 2307 0.04033
5945 2307 0.04033
2309 2308 0.00030778
3758 2308 0.00030778
5944 2308 0.00030778
1419 2309 0.85773
2308 2309 0.85773
5345 2309 0.85773
5947 2309 0.85773
1400 2312 0.0094422
2310 2312 0.0094422
2313 2312 0.0094422
2449 2448 0.48111
2450 2448 0.48111
2510 2448 0.48111
2448 2449 0.0018193
2478 2449 0.0018193
5517 2449 0.0018193
1316 2450 0.60514
2451 2450 0.60514
2452 2450 0.60514
2449 2451 0.011507
2450 2451 0.011507
2510 2451 0.011507
1318 2452 0.72304
1432 2452 0.72304
2453 2452 0.72304
1316 2453 0.010185
2451 2453 0.010185
2452 2453 0.010185
1434 2454 0.88955
2455 2454 0.88955
5808 2454 0.88955
2457 2456 0.87595
5812 2456 0.87595
6662 2456 0.87595
1433 2457 0.00064839
1844 2457 0.00064839
2456 2457 0.00064839
1397 2458 1.0001
2459 2458 1.0001
6666 2458 1.0001
2458 2459 0.0013758
5373 2459 0.0013758
6663 2459 0.0013758
6664 2459 0.0013758
2460 2461 0.00048389
6667 2461 0.00048389
6668 2461 0.00048389
2462 2463 0.00013171
3070 2463 0.00013171
5172 2463 0.00013171
1848 2472 0.011778
2473 2472 0.011778
2474 2472 0.011778
1343 2473 0.0026865
1847 2473 0.0026865
2472 2473 0.0026865
5632 2473 0.0026865
2470 2474 0.011611
2475 2474 0.011611
2732 2474 0.011611
1848 2475 0.0021104
2473 2475 0.0021104
2474 2475 0.0021104
1841 2478 0.010497
2479 2478 0.010497
2480 2478 0.010497
2448 2479 0.0024143
2478 2479 0.0024143
5517 2479 0.0024143
2481 2480 0.0092578
2483 2480 0.0092578
5623 2480 0.0092578
1841 2481 0.00073522
2479 2481 0.00073522
2480 2481 0.00073522
2481 2482 0.001494
2483 2482 0.001494
5623 2482 0.001494
1840 2483 0.001934
2482 2483 0.001934
5620 2483 0.001934
2488 2489 0.023278
5367 2489 0.023278
5634 2489 0.023278
2491 2490 0.00016934
2492 2490 0.00016934
5637 2490 0.00016934
2489 2491 0.049092
2490 2491 0.049092
2517 2491 0.049092
2493 2492 0.00025242
2494 2492 0.00025242
5639 2492 0.00025242
2491 2493 0.065958
2492 2493 0.065958
5637 2493 0.065958
2495 2494 0.00034765
2496 2494 0.00034765
5641 2494 0.00034765
2493 2495 0.085984
2494 2495 0.085984
5639 2495 0.085984
2497 2496 0.00016161
2498 2496 0.00016161
5647 2496 0.00016161
2495 2497 0.30916
2496 2497 0.30916
5641 2497 0.30916
2499 2498 0.00012995
3155 2498 0.00012995
4512 2498 0.00012995
2497 2499 0.44791
2498 2499 0.44791
5647 2499 0.44791
1315 2500 0.0052945
2501 2500 0.0052945
2502 2500 0.0052945
1317 2501 0.16014
2500 2501 0.16014
5368 2501 0.16014
2503 2502 0.0013797
2504 2502 0.0013797
2511 2502 0.0013797
2512 2502 0.0013797
1315 2503 0.27545
2501 2503 0.27545
2502 2503 0.27545
1834 2504 0.0038095
2505 2504 0.0038095
2506 2504 0.0038095
2503 2505 0.30013
2504 2505 0.30013
2511 2505 0.30013
2512 2505 0.30013
2507 2506 0.031897
2508 2506 0.031897
5643 2506 0.031897
1834 2507 0.11305
2505 2507 0.11305
2506 2507 0.11305
2509 2508 0.011116
5646 2508 0.011116
5649 2508 0.011116
2507 2509 0.11379
2508 2509 0.11379
5643 2509 0.11379
2503 2510 0.044339
2504 2510 0.044339
2511 2510 0.044339
2512 2510 0.044339
2449 2511 0.15868
2450 2511 0.15868
2510 2511 0.15868
1836 2512 0.001797
2513 2512 0.001797
2514 2512 0.001797
2503 2513 0.093888
2504 2513 0.093888
2511 2513 0.093888
2512 2513 0.093888
1838 2514 0.0020645
2515 2514 0.0020645
2516 2514 0.0020645
1836 2515 0.050326
2513 2515 0.050326
2514 2515 0.050326
2489 2516 0.0031159
2490 2516 0.0031159
2517 2516 0.0031159
1838 2517 0.028788
2515 2517 0.028788
2516 2517 0.028788
2470 2731 0.0021104
2475 2731 0.0021104
2732 2731 0.0021104
2468 2732 0.011611
2731 2732 0.011611
2734 2732 0.011611
2468 2733 0.0021104
2731 2733 0.0021104
2734 2733 0.0021104
555 2734 0.011611
1845 2734 0.011611
2733 2734 0.011611
1123 3070 0.00044879
2461 3070 0.00044879
3067 3070 0.00044879
3069 3070 0.00044879
1830 3155 0.43897
3153 3155 0.43897
3156 3155 0.43897
5514 3155 0.43897
2499 3156 0.0029244
3155 3156 0.0029244
4512 3156 0.0029244
1302 3158 0.98079
3157 3158 0.98079
7142 3158 0.98079
2309 3757 0.0078141
3758 3757 0.0078141
5944 3757 0.0078141
3757 3758 0.0050063
5344 3758 0.0050063
2302 4507 0.99056
4508 4507 0.99056
5353 4507 0.99056
1339 4509 0.90277
2300 4509 0.90277
4510 4509 0.90277
1438 4510 0.00027096
2303 4510 0.00027096
4509 4510 0.00027096
2499 4511 0.88383
3155 4511 0.88383
4512 4511 0.88383
1349 4513 0.88383
4511 4513 0.88383
4514 4513 0.88383
1351 4571 0.0048851
1393 4571 0.0048851
4572 4571 0.0048851
1353 4573 0.0074805
4571 4573 0.0074805
4574 4573 0.0074805
1355 4574 0.0037269
1358 4574 0.0037269
4573 4574 0.0037269
2462 5173 0.0003304
3070 5173 0.0003304
5172 5173 0.0003304
3757 5343 0.0078141
5344 5343 0.0078141
2306 5344 0.0050063
2312 5344 0.0050063
5343 5344 0.0050063
5945 5344 0.0050063
1362 5356 0.10096
5355 5356 0.10096
5358 5356 0.10096
1365 5358 0.10009
5357 5358 0.10009
5360 5358 0.10009
1386 5360 0.10052
5359 5360 0.10052
5362 5360 0.10052
1386 5361 0.00016674
5359 5361 0.00016674
5362 5361 0.00016674
1384 5362 0.099903
5361 5362 0.099903
5598 5362 0.099903
1345 5363 0.05118
5364 5363 0.05118
5599 5363 0.05118
5363 5364 0.010766
5810 5364 0.010766
5813 5364 0.010766
1317 5367 0.023278
2500 5367 0.023278
5368 5367 0.023278
1388 5369 0.0010535
5370 5369 0.0010535
6669 5369 0.0010535
1369 5370 0.00027497
1385 5370 0.00027497
5369 5370 0.00027497
5371 5373 0.0062236
5374 5373 0.0062236
5375 5373 0.0062236
2458 5374 0.0062236
5373 5374 0.0062236
6663 5374 0.0062236
6664 5374 0.0062236
5376 5375 0.0062236
5377 5375 0.0062236
5814 5375 0.0062236
5371 5376 0.0062236
5374 5376 0.0062236
5375 5376 0.0062236
1347 5377 0.005996
5378 5377 0.005996
5376 5378 0.00069575
5377 5378 0.00069575
5814 5378 0.00069575
2484 5514 0.45389
5515 5514 0.45389
5516 5514 0.45389
5648 5514 0.45389
1830 5515 0.0026358
3153 5515 0.0026358
3156 5515 0.0026358
5514 5515 0.0026358
2448 5516 0.48858
2478 5516 0.48858
5517 5516 0.48858
2484 5517 0.0012069
5515 5517 0.0012069
5516 5517 0.0012069
5648 5517 0.0012069
303 5589 0.00096212
5588 5589 0.00096212
5591 5589 0.00096212
1872 5591 0.00096212
5590 5591 0.00096212
5593 5591 0.00096212
1872 5592 0.00064913
5590 5592 0.00064913
5593 5592 0.00064913
1394 5593 0.00085151
5592 5593 0.00085151
5595 5593 0.00085151
1359 5595 0.0050602
5594 5595 0.0050602
5597 5595 0.0050602
298 5597 0.0062722
1338 5597 0.0062722
1403 5597 0.0062722
5596 5597 0.0062722
1345 5598 0.036388
5364 5598 0.036388
5599 5598 0.036388
1384 5599 0.032427
5361 5599 0.032427
5598 5599 0.032427
2481 5622 0.00013962
2483 5622 0.00013962
5623 5622 0.00013962
1341 5623 0.0082221
5622 5623 0.0082221
5625 5623 0.0082221
1341 5624 0.00013962
5622 5624 0.00013962
5625 5624 0.00013962
5624 5625 0.0082221
5627 5625 0.0082221
5628 5625 0.0082221
5631 5625 0.0082221
5624 5626 0.0018825
5627 5626 0.0018825
5628 5626 0.0018825
5631 5626 0.0018825
1849 5627 0.0022917
2476 5627 0.0022917
5626 5627 0.0022917
5624 5630 0.00077989
5627 5630 0.00077989
5628 5630 0.00077989
5631 5630 0.00077989
1842 5631 0.0084532
5630 5631 0.0084532
5633 5631 0.0084532
1842 5632 0.00077989
5630 5632 0.00077989
5633 5632 0.00077989
1343 5633 0.0084532
1847 5633 0.0084532
2472 5633 0.0084532
5632 5633 0.0084532
2491 5636 0.0048433
2492 5636 0.0048433
5637 5636 0.0048433
1832 5637 0.021627
1839 5637 0.021627
5636 5637 0.021627
2493 5638 0.0024692
2494 5638 0.0024692
5639 5638 0.0024692
1833 5639 0.0224
1837 5639 0.0224
5638 5639 0.0224
5644 5639 0.0224
2495 5640 0.002417
2496 5640 0.002417
5641 5640 0.002417
1835 5641 0.22577
5640 5641 0.22577
5642 5641 0.22577
5645 5641 0.22577
2507 5642 0.034039
2508 5642 0.034039
5643 5642 0.034039
1835 5643 0.055552
5640 5643 0.055552
5642 5643 0.055552
5645 5643 0.055552
1835 5644 0.018144
5640 5644 0.018144
5642 5644 0.018144
5645 5644 0.018144
1833 5645 0.047848
1837 5645 0.047848
5638 5645 0.047848
5644 5645 0.047848
2497 5646 0.0075158
2498 5646 0.0075158
5647 5646 0.0075158
2509 5647 0.1463
5646 5647 0.1463
5649 5647 0.1463
2509 5648 0.044096
5646 5648 0.044096
5649 5648 0.044096
2484 5649 0.080213
5515 5649 0.080213
5516 5649 0.080213
5648 5649 0.080213
1337 5652 0.0011191
1831 5652 0.0011191
5653 5652 0.0011191
1822 5653 0.0005727
5650 5653 0.0005727
5652 5653 0.0005727
5806 5808 0.024221
5809 5808 0.024221
5811 5808 0.024221
1434 5809 0.00048609
2455 5809 0.00048609
5808 5809 0.00048609
5806 5810 0.00048609
5809 5810 0.00048609
5811 5810 0.00048609
5363 5811 0.024221
5810 5811 0.024221
5813 5811 0.024221
5363 5812 0.044351
5810 5812 0.044351
5813 5812 0.044351
2457 5813 0.027671
5812 5813 0.027671
6662 5813 0.027671
1348 5814 0.00069575
1395 5814 0.00069575
5815 5814 0.00069575
5376 5815 0.005996
5377 5815 0.005996
5814 5815 0.005996
2306 5944 0.18475
2312 5944 0.18475
5343 5944 0.18475
5945 5944 0.18475
2309 5945 0.039365
3758 5945 0.039365
5944 5945 0.039365
1419 5946 0.00039297
2308 5946 0.00039297
5345 5946 0.00039297
5947 5946 0.00039297
2305 5947 0.70978
4507 5947 0.70978
5946 5947 0.70978
2458 6662 0.86626
5373 6662 0.86626
6663 6662 0.86626
6664 6662 0.86626
2457 6663 0.0076346
5812 6663 0.0076346
6662 6663 0.0076346
1346 6664 0.0035398
1383 6664 0.0035398
6665 6664 0.0035398
2458 6665 0.14369
5373 6665 0.14369
6663 6665 0.14369
6664 6665 0.14369
2460 6666 1.0001
6667 6666 1.0001
6668 6666 1.0001
1397 6667 0.0013759
2459 6667 0.0013759
6666 6667 0.0013759
1388 6668 0.00027825
5370 6668 0.00027825
6669 6668 0.00027825
2460 6669 0.0010299
6667 6669 0.0010299
6668 6669 0.0010299
1402 6761 0.0094422
2421 6761 0.0094422
6760 6761 0.0094422
4513 6863 0.88383
6864 6863 0.88383
6863 7142 0.88383
7143 7142 0.88383
6761 7284 0.0094422
7283 7284 0.0094422
