568 567 0.00035438
4174 567 0.00035438
6435 567 0.00035438
942 943 0.00015698
945 943 0.00015698
5898 943 0.00015698
7252 943 0.00015698
944 945 0.0033002
947 945 0.0033002
4210 945 0.0033002
946 947 0.003323
6707 947 0.003323
1227 1226 0.55203
7040 1226 0.55203
7075 1226 0.55203
7079 1226 0.55203
1226 1227 0.0033848
1536 1227 0.0033848
4200 1227 0.0033848
567 1466 0.00038698
1467 1466 0.00038698
1226 1537 0.55667
1536 1537 0.55667
4200 1537 0.55667
1653 1654 0.45103
7054 1654 0.45103
7076 1654 0.45103
1657 1658 0.00015698
4219 1658 0.00015698
4817 1658 0.00015698
1466 2324 0.00038592
2325 2324 0.00038592
2327 2326 0.0025568
4708 2326 0.0025568
5968 2326 0.0025568
2326 2327 0.85514
7259 2327 0.85514
2329 2328 0.00081745
5896 2328 0.00081745
7254 2328 0.00081745
7258 2328 0.00081745
2328 2329 0.8917
7257 2329 0.8917
2331 2330 0.00092189
4196 2330 0.00092189
5971 2330 0.00092189
7256 2330 0.00092189
2330 2331 0.92713
2333 2331 0.92713
5975 2331 0.92713
2330 2332 0.00047574
2333 2332 0.00047574
5975 2332 0.00047574
2332 2333 0.94058
2335 2333 0.94058
4216 2333 0.94058
2332 2334 0.00046023
2335 2334 0.00046023
4216 2334 0.00046023
2334 2335 0.94298
2337 2335 0.94298
5977 2335 0.94298
7152 2335 0.94298
2336 2337 0.98747
2339 2337 0.98747
4709 2337 0.98747
2336 2338 0.0005359
2339 2338 0.0005359
4709 2338 0.0005359
2338 2339 0.44388
2341 2339 0.44388
4198 2339 0.44388
1654 2341 0.45143
2340 2341 0.45143
2343 2341 0.45143
2342 2343 0.00041296
7057 2343 0.00041296
7074 2343 0.00041296
2633 2632 0.00013779
2635 2632 0.00013779
2644 2632 0.00013779
6716 2634 0.0001378
2634 2635 0.00012585
2636 2635 0.00012585
4163 4162 0.063293
4164 4162 0.063293
5889 4162 0.063293
5892 4162 0.063293
4162 4163 0.0022544
4171 4163 0.0022544
5793 4163 0.0022544
4165 4164 0.093666
4166 4164 0.093666
5929 4164 0.093666
5972 4164 0.093666
4163 4165 0.0011978
4164 4165 0.0011978
5889 4165 0.0011978
5892 4165 0.0011978
4167 4166 0.052925
4168 4166 0.052925
5923 4166 0.052925
5926 4166 0.052925
4165 4167 0.0024914
4166 4167 0.0024914
5929 4167 0.0024914
5972 4167 0.0024914
4169 4168 0.015434
4193 4168 0.015434
4194 4168 0.015434
4167 4169 0.00067982
4168 4169 0.00067982
5923 4169 0.00067982
5926 4169 0.00067982
4162 4170 0.070097
4171 4170 0.070097
5793 4170 0.070097
4170 4171 0.00041898
4173 4171 0.00041898
5933 4171 0.00041898
4170 4172 0.0071476
4173 4172 0.0071476
5933 4172 0.0071476
4172 4173 0.0011028
5797 4173 0.0011028
4175 4174 0.00031999
4176 4174 0.00031999
5784 4174 0.00031999
5785 4174 0.00031999
4177 4176 0.0013845
4178 4176 0.0013845
5970 4176 0.0013845
4179 4178 0.0010757
4180 4178 0.0010757
4177 4179 0.0001324
4178 4179 0.0001324
5970 4179 0.0001324
4181 4180 0.0056699
4182 4180 0.0056699
5885 4180 0.0056699
5888 4180 0.0056699
4183 4182 0.013358
4184 4182 0.013358
5928 4182 0.013358
4181 4183 0.00011874
4182 4183 0.00011874
5885 4183 0.00011874
5888 4183 0.00011874
4185 4184 0.01367
4186 4184 0.01367
5922 4184 0.01367
4183 4185 0.00012157
4184 4185 0.00012157
5928 4185 0.00012157
4187 4186 0.013148
4188 4186 0.013148
4195 4186 0.013148
4189 4188 0.013691
4190 4188 0.013691
5918 4188 0.013691
4191 4190 0.012393
4666 4190 0.012393
6469 4190 0.012393
4169 4192 0.00039603
4193 4192 0.00039603
4194 4192 0.00039603
4192 4193 0.014563
5919 4193 0.014563
5980 4193 0.014563
4187 4194 0.0021454
4188 4194 0.0021454
4195 4194 0.0021454
4169 4195 0.0015586
4193 4195 0.0015586
4194 4195 0.0015586
2338 4200 0.0081166
2341 4200 0.0081166
4198 4200 0.0081166
2332 4215 0.0037609
2335 4215 0.0037609
4216 4215 0.0037609
4215 4216 0.0013462
6725 4216 0.0013462
4218 4217 0.0019168
6706 4217 0.0019168
6724 4217 0.0019168
4217 4218 0.0027405
6727 4218 0.0027405
4220 4219 0.00015698
4222 4219 0.00015698
943 4222 0.00015698
4221 4222 0.00015698
4815 4222 0.00015698
4223 4224 0.00041069
6896 4224 0.00041069
7081 4224 0.00041069
4228 4227 0.00041049
4229 4227 0.00041049
6893 4227 0.00041049
2327 4707 0.001676
4708 4707 0.001676
5968 4707 0.001676
3189 4708 0.031172
4707 4708 0.031172
5981 4708 0.031172
7130 4708 0.031172
1537 4709 0.5567
4710 4709 0.5567
4175 5783 0.0011414
4176 5783 0.0011414
5784 5783 0.0011414
5785 5783 0.0011414
5783 5787 0.0072865
5788 5787 0.0072865
5796 5787 0.0072865
5787 5788 0.00059346
5914 5788 0.00059346
5915 5788 0.00059346
5790 5789 0.025394
5791 5789 0.025394
5932 5789 0.025394
5969 5789 0.025394
5789 5790 0.0029401
5911 5790 0.0029401
5913 5790 0.0029401
5982 5790 0.0029401
5792 5791 0.08065
5891 5791 0.08065
5894 5791 0.08065
5790 5792 0.0039079
5791 5792 0.0039079
5932 5792 0.0039079
5969 5792 0.0039079
5794 5793 0.0086388
5931 5793 0.0086388
5795 5794 0.0049118
5887 5794 0.0049118
5890 5794 0.0049118
5794 5795 0.00095524
5931 5795 0.00095524
4172 5796 0.0068044
5797 5796 0.0068044
5783 5797 0.0011734
5788 5797 0.0011734
5796 5797 0.0011734
2632 5885 0.00012942
5782 5885 0.00012942
5883 5885 0.00012942
5886 5885 0.00012942
4181 5887 0.0092058
4182 5887 0.0092058
5885 5887 0.0092058
5888 5887 0.0092058
5795 5888 0.0015137
5887 5888 0.0015137
5890 5888 0.0015137
5795 5889 0.0088755
5887 5889 0.0088755
5890 5889 0.0088755
4163 5890 0.00514
4164 5890 0.00514
5889 5890 0.00514
5892 5890 0.00514
4163 5891 0.047287
4164 5891 0.047287
5889 5891 0.047287
5892 5891 0.047287
5792 5892 0.012123
5891 5892 0.012123
5894 5892 0.012123
5792 5893 0.014926
5891 5893 0.014926
5894 5893 0.014926
5893 5894 0.056504
7255 5894 0.056504
2329 5895 0.00024867
5896 5895 0.00024867
7254 5895 0.00024867
7258 5895 0.00024867
5895 5896 0.0035231
7253 5896 0.0035231
5897 5898 0.00027633
5900 5898 0.00027633
5983 5898 0.00027633
5899 5900 0.0001251
5902 5900 0.0001251
5910 5900 0.0001251
5787 5913 0.0072865
5914 5913 0.0072865
5915 5913 0.0072865
5789 5914 0.00059346
5911 5914 0.00059346
5913 5914 0.00059346
5982 5914 0.00059346
4189 5917 0.0014991
4190 5917 0.0014991
5918 5917 0.0014991
5917 5918 0.0027982
5920 5918 0.0027982
5978 5918 0.0027982
5917 5919 0.043083
5920 5919 0.043083
5978 5919 0.043083
4192 5920 0.00028217
5919 5920 0.00028217
5980 5920 0.00028217
4185 5921 0.0043585
4186 5921 0.0043585
5922 5921 0.0043585
5921 5922 0.0048097
5924 5922 0.0048097
5973 5922 0.0048097
5921 5923 0.0036166
5924 5923 0.0036166
5973 5923 0.0036166
4167 5924 0.010476
4168 5924 0.010476
5923 5924 0.010476
5926 5924 0.010476
4167 5925 0.0029775
4168 5925 0.0029775
5923 5925 0.0029775
5926 5925 0.0029775
5925 5926 0.045516
5976 5926 0.045516
5979 5926 0.045516
4183 5927 0.0052585
4184 5927 0.0052585
5928 5927 0.0052585
5927 5928 0.0049491
5930 5928 0.0049491
5974 5928 0.0049491
5927 5929 0.011191
5930 5929 0.011191
5974 5929 0.011191
4165 5930 0.004474
4166 5930 0.004474
5929 5930 0.004474
5972 5930 0.004474
4179 5931 0.0046823
4180 5931 0.0046823
4170 5932 0.065545
4173 5932 0.065545
5933 5932 0.065545
5790 5933 0.0019121
5791 5933 0.0019121
5932 5933 0.0019121
5969 5933 0.0019121
5790 5968 0.12858
5791 5968 0.12858
5932 5968 0.12858
5969 5968 0.12858
2327 5969 0.010661
4708 5969 0.010661
5968 5969 0.010661
4172 5970 0.00041381
5797 5970 0.00041381
4165 5971 0.010972
4166 5971 0.010972
5929 5971 0.010972
5972 5971 0.010972
2331 5972 0.046289
4196 5972 0.046289
5971 5972 0.046289
7256 5972 0.046289
5927 5973 0.0014998
5930 5973 0.0014998
5974 5973 0.0014998
5921 5974 0.0079076
5924 5974 0.0079076
5973 5974 0.0079076
5925 5975 0.023498
5976 5975 0.023498
5979 5975 0.023498
2330 5976 0.037403
2333 5976 0.037403
5975 5976 0.037403
5917 5977 0.0011157
5920 5977 0.0011157
5978 5977 0.0011157
2334 5978 0.045216
2337 5978 0.045216
5977 5978 0.045216
7152 5978 0.045216
4192 5979 0.032091
5919 5979 0.032091
5980 5979 0.032091
5925 5980 0.0034567
5976 5980 0.0034567
5979 5980 0.0034567
5789 5981 0.030801
5911 5981 0.030801
5913 5981 0.030801
5982 5981 0.030801
3189 5982 0.0016533
4707 5982 0.0016533
5981 5982 0.0016533
7130 5982 0.0016533
1658 5983 0.00015308
5747 5983 0.00015308
5907 5983 0.00015308
5984 5983 0.00015308
4191 6468 0.00021432
4666 6468 0.00021432
6469 6468 0.00021432
2336 6469 0.012599
2339 6469 0.012599
4709 6469 0.012599
4218 6707 0.003323
6706 6707 0.003323
6724 6707 0.003323
5776 6716 0.0001378
6468 6716 0.0001378
4215 6724 0.0037609
6725 6724 0.0037609
4218 6725 0.0013462
6706 6725 0.0013462
6724 6725 0.0013462
4217 6726 0.0019168
6727 6726 0.0019168
6726 6727 0.0027405
7153 6727 0.0027405
4224 6893 0.00041069
4225 6893 0.00041069
6894 6893 0.00041069
6895 6896 0.00033939
7017 6896 0.00033939
7084 6896 0.00033939
7016 7017 0.00031148
7019 7017 0.00031148
7026 7017 0.00031148
7021 7020 1.3106
7023 7020 1.3106
7025 7020 1.3106
7036 7020 1.3106
7020 7021 0.18706
7032 7021 0.18706
7035 7021 0.18706
7021 7022 0.28435
7023 7022 0.28435
7025 7022 0.28435
7036 7022 0.28435
7022 7023 0.13308
7029 7023 0.13308
7031 7023 0.13308
7033 7023 0.13308
7021 7024 0.46516
7023 7024 0.46516
7025 7024 0.46516
7036 7024 0.46516
7024 7025 0.12826
7027 7025 0.12826
7077 7025 0.12826
7080 7025 0.12826
7024 7026 0.00039336
7027 7026 0.00039336
7077 7026 0.00039336
7080 7026 0.00039336
7022 7030 0.044906
7029 7030 0.044906
7031 7030 0.044906
7033 7030 0.044906
1230 7031 0.23703
7030 7031 0.23703
7078 7031 0.23703
7022 7032 0.41747
7029 7032 0.41747
7031 7032 0.41747
7033 7032 0.41747
7020 7033 0.074078
7032 7033 0.074078
7035 7033 0.074078
7020 7034 1.4763
7032 7034 1.4763
7035 7034 1.4763
7034 7035 0.009358
7037 7035 0.009358
7039 7035 0.009358
7034 7036 0.70328
7037 7036 0.70328
7039 7036 0.70328
7021 7037 0.091606
7023 7037 0.091606
7025 7037 0.091606
7036 7037 0.091606
7034 7038 0.85963
7037 7038 0.85963
7039 7038 0.85963
7038 7039 0.0044093
7041 7039 0.0044093
7043 7039 0.0044093
7038 7040 0.85537
7041 7040 0.85537
7043 7040 0.85537
1227 7041 0.0045181
7040 7041 0.0045181
7075 7041 0.0045181
7079 7041 0.0045181
7038 7042 0.0043992
7041 7042 0.0043992
7043 7042 0.0043992
7042 7044 0.0043992
7045 7044 0.0043992
7044 7046 0.0043992
7047 7046 0.0043992
7046 7048 0.0043992
7049 7048 0.0043992
7048 7050 0.0043992
7051 7050 0.0043992
7050 7052 0.0043992
7053 7052 0.0043992
7052 7054 0.0043992
7055 7054 0.0043992
4227 7074 0.00041296
5937 7074 0.00041296
7073 7074 0.00041296
1653 7075 0.00072201
7054 7075 0.00072201
7076 7075 0.00072201
1227 7076 0.44733
7040 7076 0.44733
7075 7076 0.44733
7079 7076 0.44733
1230 7077 0.044906
7030 7077 0.044906
7078 7077 0.044906
7024 7078 0.23703
7027 7078 0.23703
7077 7078 0.23703
7080 7078 0.23703
7024 7079 0.33314
7027 7079 0.33314
7077 7079 0.33314
7080 7079 0.33314
1227 7080 0.18874
7040 7080 0.18874
7075 7080 0.18874
7079 7080 0.18874
2324 7130 0.00038592
7131 7130 0.00038592
6726 7152 0.0019168
7153 7152 0.0019168
2334 7153 0.0027405
2337 7153 0.0027405
5977 7153 0.0027405
7152 7153 0.0027405
5895 7252 0.00024867
7253 7252 0.00024867
942 7253 0.0035231
945 7253 0.0035231
5898 7253 0.0035231
7252 7253 0.0035231
5893 7254 0.014926
7255 7254 0.014926
2329 7255 0.056504
5896 7255 0.056504
7254 7255 0.056504
7258 7255 0.056504
2328 7256 0.00081745
7257 7256 0.00081745
2331 7257 0.8917
4196 7257 0.8917
5971 7257 0.8917
7256 7257 0.8917
2326 7258 0.0025568
7259 7258 0.0025568
2329 7259 0.85514
5896 7259 0.85514
7254 7259 0.85514
7258 7259 0.85514
