568 567 0.0057589
4174 567 0.0057589
6435 567 0.0057589
570 569 1
6429 569 1
6432 569 1
942 944 0.0025328
945 944 0.0025328
5898 944 0.0025328
7252 944 0.0025328
944 946 0.0025812
947 946 0.0025812
4210 946 0.0025812
1226 1227 0.00022437
1536 1227 0.00022437
4200 1227 0.00022437
567 1466 0.0057731
1467 1466 0.0057731
1226 1537 0.00035855
1536 1537 0.00035855
4200 1537 0.00035855
1653 1654 0.00022015
7054 1654 0.00022015
7076 1654 0.00022015
1466 2324 0.0057447
2325 2324 0.0057447
2327 2326 0.03109
4708 2326 0.03109
5968 2326 0.03109
2326 2327 0.00023211
7259 2327 0.00023211
2329 2328 0.17196
5896 2328 0.17196
7254 2328 0.17196
7258 2328 0.17196
2328 2329 0.00044852
7257 2329 0.00044852
2331 2330 0.53387
4196 2330 0.53387
5971 2330 0.53387
7256 2330 0.53387
2330 2331 0.00024175
2333 2331 0.00024175
5975 2331 0.00024175
2330 2332 0.78629
2333 2332 0.78629
5975 2332 0.78629
2332 2334 0.78429
2335 2334 0.78429
4216 2334 0.78429
2334 2335 0.00022207
2337 2335 0.00022207
5977 2335 0.00022207
7152 2335 0.00022207
2334 2336 0.0011796
2337 2336 0.0011796
5977 2336 0.0011796
7152 2336 0.0011796
2336 2337 0.0028949
2339 2337 0.0028949
4709 2337 0.0028949
2336 2338 0.00046385
2339 2338 0.00046385
4709 2338 0.00046385
2338 2339 0.0025325
2341 2339 0.0025325
4198 2339 0.0025325
1654 2341 0.00022036
2340 2341 0.00022036
2343 2341 0.00022036
4163 4162 0.012661
4164 4162 0.012661
5889 4162 0.012661
5892 4162 0.012661
4162 4163 0.069687
4171 4163 0.069687
5793 4163 0.069687
4165 4164 0.010254
4166 4164 0.010254
5929 4164 0.010254
5972 4164 0.010254
4163 4165 0.39402
4164 4165 0.39402
5889 4165 0.39402
5892 4165 0.39402
4167 4166 0.024622
4168 4166 0.024622
5923 4166 0.024622
5926 4166 0.024622
4165 4167 0.28459
4166 4167 0.28459
5929 4167 0.28459
5972 4167 0.28459
4169 4168 0.019886
4193 4168 0.019886
4194 4168 0.019886
4167 4169 0.075353
4168 4169 0.075353
5923 4169 0.075353
5926 4169 0.075353
4162 4170 0.020771
4171 4170 0.020771
5793 4170 0.020771
4170 4171 0.0067539
4173 4171 0.0067539
5933 4171 0.0067539
4170 4172 0.0022222
4173 4172 0.0022222
5933 4172 0.0022222
4172 4173 0.0072263
5797 4173 0.0072263
4175 4174 0.00031055
4176 4174 0.00031055
5784 4174 0.00031055
5785 4174 0.00031055
568 4175 0.012025
4174 4175 0.012025
6435 4175 0.012025
4177 4176 0.0034803
4178 4176 0.0034803
5970 4176 0.0034803
4175 4177 0.015275
4176 4177 0.015275
5784 4177 0.015275
5785 4177 0.015275
4179 4178 0.003134
4180 4178 0.003134
4177 4179 0.0162
4178 4179 0.0162
5970 4179 0.0162
4181 4180 0.053133
4182 4180 0.053133
5885 4180 0.053133
5888 4180 0.053133
4179 4181 0.011078
4180 4181 0.011078
4183 4182 0.016026
4184 4182 0.016026
5928 4182 0.016026
4181 4183 0.45815
4182 4183 0.45815
5885 4183 0.45815
5888 4183 0.45815
4185 4184 0.03351
4186 4184 0.03351
5922 4184 0.03351
4183 4185 0.21299
4184 4185 0.21299
5928 4185 0.21299
4187 4186 0.010688
4188 4186 0.010688
4195 4186 0.010688
4185 4187 0.090119
4186 4187 0.090119
5922 4187 0.090119
4189 4188 0.00062546
4190 4188 0.00062546
5918 4188 0.00062546
4187 4189 0.060844
4188 4189 0.060844
4195 4189 0.060844
4191 4190 0.00090021
4666 4190 0.00090021
6469 4190 0.00090021
4189 4191 0.0025943
4190 4191 0.0025943
5918 4191 0.0025943
4169 4192 0.087085
4193 4192 0.087085
4194 4192 0.087085
4192 4193 0.012405
5919 4193 0.012405
5980 4193 0.012405
4187 4194 0.031611
4188 4194 0.031611
4195 4194 0.031611
4169 4195 0.012398
4193 4195 0.012398
4194 4195 0.012398
5771 4198 0.0024271
5881 4198 0.0024271
2338 4200 0.00053529
2341 4200 0.00053529
4198 4200 0.00053529
2332 4215 0.0030198
2335 4215 0.0030198
4216 4215 0.0030198
4215 4216 0.00086731
6725 4216 0.00086731
4218 4217 0.0047778
6706 4217 0.0047778
6724 4217 0.0047778
2646 4664 0.00039754
5774 4664 0.00039754
5775 4664 0.00039754
4191 4665 0.0021764
4666 4665 0.0021764
6469 4665 0.0021764
4664 4666 0.00020121
4665 4666 0.00020121
3189 4708 0.0099933
4707 4708 0.0099933
5981 4708 0.0099933
7130 4708 0.0099933
1537 4709 0.00036802
4710 4709 0.00036802
569 4805 0.020911
4806 4805 0.020911
5884 4805 0.020911
4664 5771 0.0023727
4665 5771 0.0023727
5776 5775 0.00043392
6468 5775 0.00043392
5780 5779 0.003477
5781 5779 0.003477
5786 5779 0.003477
981 5780 0.0068865
5779 5780 0.0068865
6433 5780 0.0068865
6436 5780 0.0068865
2632 5781 0.01107
5782 5781 0.01107
5883 5781 0.01107
5886 5781 0.01107
5780 5782 0.0054513
5781 5782 0.0054513
5786 5782 0.0054513
4175 5783 0.009043
4176 5783 0.009043
5784 5783 0.009043
5785 5783 0.009043
5780 5785 0.0091365
5781 5785 0.0091365
5786 5785 0.0091365
4175 5786 0.00010856
4176 5786 0.00010856
5784 5786 0.00010856
5785 5786 0.00010856
5783 5787 0.0031
5788 5787 0.0031
5796 5787 0.0031
5787 5788 0.00042686
5914 5788 0.00042686
5915 5788 0.00042686
5790 5789 0.0032297
5791 5789 0.0032297
5932 5789 0.0032297
5969 5789 0.0032297
5789 5790 0.0017441
5911 5790 0.0017441
5913 5790 0.0017441
5982 5790 0.0017441
5792 5791 0.012444
5891 5791 0.012444
5894 5791 0.012444
5790 5792 0.0090233
5791 5792 0.0090233
5932 5792 0.0090233
5969 5792 0.0090233
5794 5793 0.071043
5931 5793 0.071043
5795 5794 0.034963
5887 5794 0.034963
5890 5794 0.034963
5794 5795 0.019041
5931 5795 0.019041
4172 5796 0.0016747
5797 5796 0.0016747
5783 5797 0.0079501
5788 5797 0.0079501
5796 5797 0.0079501
569 5883 0.97914
4806 5883 0.97914
5884 5883 0.97914
2632 5885 0.97354
5782 5885 0.97354
5883 5885 0.97354
5886 5885 0.97354
4181 5887 0.49783
4182 5887 0.49783
5885 5887 0.49783
5888 5887 0.49783
5795 5888 0.0085149
5887 5888 0.0085149
5890 5888 0.0085149
5795 5889 0.48173
5887 5889 0.48173
5890 5889 0.48173
4163 5890 0.0083457
4164 5890 0.0083457
5889 5890 0.0083457
5892 5890 0.0083457
4163 5891 0.15201
4164 5891 0.15201
5889 5891 0.15201
5892 5891 0.15201
5792 5892 0.0053594
5891 5892 0.0053594
5894 5892 0.0053594
5792 5893 0.14451
5891 5893 0.14451
5894 5893 0.14451
5893 5894 0.0012792
7255 5894 0.0012792
2329 5895 0.0025957
5896 5895 0.0025957
7254 5895 0.0025957
7258 5895 0.0025957
5787 5913 0.0031
5914 5913 0.0031
5915 5913 0.0031
5789 5914 0.00042686
5911 5914 0.00042686
5913 5914 0.00042686
5982 5914 0.00042686
4189 5917 0.059102
4190 5917 0.059102
5918 5917 0.059102
5917 5918 0.00057747
5920 5918 0.00057747
5978 5918 0.00057747
5917 5919 0.0075497
5920 5919 0.0075497
5978 5919 0.0075497
4192 5920 0.15851
5919 5920 0.15851
5980 5920 0.15851
4185 5921 0.1368
4186 5921 0.1368
5922 5921 0.1368
5921 5922 0.03675
5924 5922 0.03675
5973 5922 0.03675
5921 5923 0.18293
5924 5923 0.18293
5973 5923 0.18293
4167 5924 0.058557
4168 5924 0.058557
5923 5924 0.058557
5926 5924 0.058557
4167 5925 0.33637
4168 5925 0.33637
5923 5925 0.33637
5926 5925 0.33637
5925 5926 0.0074952
5976 5926 0.0074952
5979 5926 0.0074952
4183 5927 0.27849
4184 5927 0.27849
5928 5927 0.27849
5927 5928 0.015848
5930 5928 0.015848
5974 5928 0.015848
5927 5929 0.26925
5930 5929 0.26925
5974 5929 0.26925
4165 5930 0.03093
4166 5930 0.03093
5929 5930 0.03093
5972 5930 0.03093
4179 5931 0.055121
4180 5931 0.055121
4170 5932 0.020417
4173 5932 0.020417
5933 5932 0.020417
5790 5933 0.0013956
5791 5933 0.0013956
5932 5933 0.0013956
5969 5933 0.0013956
5790 5968 0.021971
5791 5968 0.021971
5932 5968 0.021971
5969 5968 0.021971
2327 5969 0.001014
4708 5969 0.001014
5968 5969 0.001014
4172 5970 0.0012713
5797 5970 0.0012713
4165 5971 0.36541
4166 5971 0.36541
5929 5971 0.36541
5972 5971 0.36541
2331 5972 0.0032937
4196 5972 0.0032937
5971 5972 0.0032937
7256 5972 0.0032937
5927 5973 0.080917
5930 5973 0.080917
5974 5973 0.080917
5921 5974 0.056593
5924 5974 0.056593
5973 5974 0.056593
5925 5975 0.27242
5976 5975 0.27242
5979 5975 0.27242
2330 5976 0.019826
2333 5976 0.019826
5975 5976 0.019826
5917 5977 0.21618
5920 5977 0.21618
5978 5977 0.21618
2334 5978 0.006695
2337 5978 0.006695
5977 5978 0.006695
7152 5978 0.006695
4192 5979 0.023672
5919 5979 0.023672
5980 5979 0.023672
5925 5980 0.099955
5976 5980 0.099955
5979 5980 0.099955
5789 5981 0.0047946
5911 5981 0.0047946
5913 5981 0.0047946
5982 5981 0.0047946
3189 5982 0.00063589
4707 5982 0.00063589
5981 5982 0.00063589
7130 5982 0.00063589
4805 6433 0.0209
6431 6433 0.0209
6434 6433 0.0209
981 6435 0.017479
5779 6435 0.017479
6433 6435 0.017479
6436 6435 0.017479
4191 6468 0.00044025
4666 6468 0.00044025
6469 6468 0.00044025
2336 6469 0.00072136
2339 6469 0.00072136
4709 6469 0.00072136
946 6706 0.0025812
6707 6706 0.0025812
4215 6724 0.0030198
6725 6724 0.0030198
4218 6725 0.00086731
6706 6725 0.00086731
6724 6725 0.00086731
4217 6726 0.0047778
6727 6726 0.0047778
1227 7076 0.00021961
7040 7076 0.00021961
7075 7076 0.00021961
7079 7076 0.00021961
2324 7130 0.0057447
7131 7130 0.0057447
6726 7152 0.0047778
7153 7152 0.0047778
5895 7252 0.0025957
7253 7252 0.0025957
5893 7254 0.14451
7255 7254 0.14451
2329 7255 0.0012792
5896 7255 0.0012792
7254 7255 0.0012792
7258 7255 0.0012792
2328 7256 0.17196
7257 7256 0.17196
2331 7257 0.00044852
4196 7257 0.00044852
5971 7257 0.00044852
7256 7257 0.00044852
2326 7258 0.03109
7259 7258 0.03109
2329 7259 0.00023211
5896 7259 0.00023211
7254 7259 0.00023211
7258 7259 0.00023211
