557 558 0.0017509
6037 558 0.0017509
6465 558 0.0017509
1227 1226 0.00013135
7040 1226 0.00013135
7075 1226 0.00013135
7079 1226 0.00013135
1226 1227 0.006551
1536 1227 0.006551
4200 1227 0.006551
1226 1537 0.001507
1536 1537 0.001507
4200 1537 0.001507
1654 1653 0.00022063
2340 1653 0.00022063
2343 1653 0.00022063
1653 1654 0.0066394
7054 1654 0.0066394
7076 1654 0.0066394
1779 1780 0.00038317
3663 1780 0.00038317
5769 1780 0.00038317
571 1782 0.00038317
1780 1782 0.00038317
1781 1782 0.00038317
1782 1804 0.00033231
1783 1804 0.00033231
1803 1804 0.00033231
2331 2330 0.00057441
4196 2330 0.00057441
5971 2330 0.00057441
7256 2330 0.00057441
2330 2332 0.0018946
2333 2332 0.0018946
5975 2332 0.0018946
2332 2334 0.0018969
2335 2334 0.0018969
4216 2334 0.0018969
2334 2336 0.02366
2337 2336 0.02366
5977 2336 0.02366
7152 2336 0.02366
2336 2337 0.00012122
2339 2337 0.00012122
4709 2337 0.00012122
2336 2338 0.025125
2339 2338 0.025125
4709 2338 0.025125
2338 2339 0.00018912
2341 2339 0.00018912
4198 2339 0.00018912
2338 2340 0.0002222
2341 2340 0.0002222
4198 2340 0.0002222
1654 2341 0.0066434
2340 2341 0.0066434
2343 2341 0.0066434
2633 2632 0.0002859
2635 2632 0.0002859
2644 2632 0.0002859
2640 2637 0.56613
4087 2637 0.56613
5732 2637 0.56613
2637 2638 1.0002
2641 2638 1.0002
2638 2639 0.00046692
4085 2640 0.56613
4085 2641 0.43406
2639 2642 0.00047282
2645 2642 0.00047282
2633 2643 1
2635 2643 1
2644 2643 1
2642 2644 0.00028364
2643 2644 0.00028364
6717 2646 0.99972
3664 2749 0.0018363
6466 2749 0.0018363
3664 3663 0.0586
6466 3663 0.0586
5770 4085 1.0002
5772 4085 1.0002
4163 4165 0.00015775
4164 4165 0.00015775
5889 4165 0.00015775
5892 4165 0.00015775
4167 4166 0.0001579
4168 4166 0.0001579
5923 4166 0.0001579
5926 4166 0.0001579
4165 4167 0.00021618
4166 4167 0.00021618
5929 4167 0.00021618
5972 4167 0.00021618
4169 4168 0.00030887
4193 4168 0.00030887
4194 4168 0.00030887
4167 4169 0.00013525
4168 4169 0.00013525
5923 4169 0.00013525
5926 4169 0.00013525
4181 4183 0.00014499
4182 4183 0.00014499
5885 4183 0.00014499
5888 4183 0.00014499
4185 4184 0.00039111
4186 4184 0.00039111
5922 4184 0.00039111
4187 4186 0.0012037
4188 4186 0.0012037
4195 4186 0.0012037
4189 4188 0.0021079
4190 4188 0.0021079
5918 4188 0.0021079
4191 4190 0.023298
4666 4190 0.023298
6469 4190 0.023298
4169 4192 0.00080085
4193 4192 0.00080085
4194 4192 0.00080085
4187 4194 0.00093542
4188 4194 0.00093542
4195 4194 0.00093542
5771 4198 0.97657
5881 4198 0.97657
2338 4200 0.0079284
2341 4200 0.0079284
4198 4200 0.0079284
2646 4664 0.89934
5774 4664 0.89934
5775 4664 0.89934
4664 4666 0.025263
4665 4666 0.025263
1537 4709 0.0015072
4710 4709 0.0015072
558 5769 0.0021372
5766 5769 0.0021372
6474 5769 0.0021372
1779 5770 0.060432
3663 5770 0.060432
5769 5770 0.060432
4664 5771 0.87416
4665 5771 0.87416
6467 5772 0.93975
2646 5773 0.10353
5774 5773 0.10353
5775 5773 0.10353
5773 5774 0.0011177
5880 5774 0.0011177
5776 5775 0.0020364
6468 5775 0.0020364
5773 5879 0.10353
5880 5879 0.10353
5879 5880 0.0011177
5882 5880 0.0011177
5879 5881 0.10353
5882 5881 0.10353
5771 5882 0.0011177
5881 5882 0.0011177
2632 5885 0.00028289
5782 5885 0.00028289
5883 5885 0.00028289
5886 5885 0.00028289
4181 5887 0.00018946
4182 5887 0.00018946
5885 5887 0.00018946
5888 5887 0.00018946
5795 5889 0.00018531
5887 5889 0.00018531
5890 5889 0.00018531
4189 5917 0.021217
4190 5917 0.021217
5918 5917 0.021217
5917 5919 0.00045205
5920 5919 0.00045205
5978 5919 0.00045205
4192 5920 0.00091664
5919 5920 0.00091664
5980 5920 0.00091664
4185 5921 0.00088361
4186 5921 0.00088361
5922 5921 0.00088361
5921 5923 0.00086363
5924 5923 0.00086363
5973 5923 0.00086363
4167 5925 0.0010623
4168 5925 0.0010623
5923 5925 0.0010623
5926 5925 0.0010623
4183 5927 0.00039252
4184 5927 0.00039252
5928 5927 0.00039252
5927 5929 0.00043109
5930 5929 0.00043109
5974 5929 0.00043109
4165 5971 0.00049077
4166 5971 0.00049077
5929 5971 0.00049077
5972 5971 0.00049077
5927 5973 0.0001024
5930 5973 0.0001024
5974 5973 0.0001024
5921 5974 0.00013674
5924 5974 0.00013674
5973 5974 0.00013674
5925 5975 0.0013428
5976 5975 0.0013428
5979 5975 0.0013428
5917 5977 0.021769
5920 5977 0.021769
5978 5977 0.021769
2334 5978 0.00010008
2337 5978 0.00010008
5977 5978 0.00010008
7152 5978 0.00010008
4192 5979 0.00057156
5919 5979 0.00057156
5980 5979 0.00057156
5925 5980 0.00030483
5976 5980 0.00030483
5979 5980 0.00030483
2749 6465 0.001834
4599 6465 0.001834
6467 6466 0.060436
2642 6467 1.0002
2643 6467 1.0002
4191 6468 0.002038
4666 6468 0.002038
6469 6468 0.002038
2336 6469 0.00011014
2339 6469 0.00011014
4709 6469 0.00011014
1804 6474 0.00033232
2284 6474 0.00033232
6475 6474 0.00033232
2638 6717 0.99972
7021 7020 0.00035922
7023 7020 0.00035922
7025 7020 0.00035922
7036 7020 0.00035922
7020 7021 0.00028706
7032 7021 0.00028706
7035 7021 0.00028706
7021 7022 0.00029716
7023 7022 0.00029716
7025 7022 0.00029716
7036 7022 0.00029716
7022 7023 0.00017201
7029 7023 0.00017201
7031 7023 0.00017201
7033 7023 0.00017201
7021 7024 0.00049762
7023 7024 0.00049762
7025 7024 0.00049762
7036 7024 0.00049762
7024 7025 0.00038138
7027 7025 0.00038138
7077 7025 0.00038138
7080 7025 0.00038138
1230 7031 0.00038545
7030 7031 0.00038545
7078 7031 0.00038545
7022 7032 0.00051715
7029 7032 0.00051715
7031 7032 0.00051715
7033 7032 0.00051715
7020 7034 0.00061548
7032 7034 0.00061548
7035 7034 0.00061548
7034 7036 0.00049977
7037 7036 0.00049977
7039 7036 0.00049977
7021 7037 0.00018623
7023 7037 0.00018623
7025 7037 0.00018623
7036 7037 0.00018623
7034 7038 0.00045956
7037 7038 0.00045956
7039 7038 0.00045956
7038 7039 0.00023362
7041 7039 0.00023362
7043 7039 0.00023362
7038 7040 0.00045559
7041 7040 0.00045559
7043 7040 0.00045559
1227 7041 0.00024335
7040 7041 0.00024335
7075 7041 0.00024335
7079 7041 0.00024335
1653 7075 0.00022077
7054 7075 0.00022077
7076 7075 0.00022077
1227 7076 0.0066258
7040 7076 0.0066258
7075 7076 0.0066258
7079 7076 0.0066258
7024 7078 0.00038545
7027 7078 0.00038545
7077 7078 0.00038545
7080 7078 0.00038545
7024 7079 0.0003724
7027 7079 0.0003724
7077 7079 0.0003724
7080 7079 0.0003724
1227 7080 0.0005992
7040 7080 0.0005992
7075 7080 0.0005992
7079 7080 0.0005992
