428 427 0.00022015
429 427 0.00022015
3089 427 0.00022015
5680 427 0.00022015
427 428 0.00014013
431 428 0.00014013
3097 428 0.00014013
2279 431 0.00018681
5674 431 0.00018681
7273 431 0.00018681
5835 433 0.00045901
6878 434 0.00015997
548 547 0.036804
6226 547 0.036804
6227 547 0.036804
6230 547 0.036804
547 548 0.0058682
2073 548 0.0058682
7094 548 0.0058682
948 950 0.00010245
951 950 0.00010245
6355 950 0.00010245
995 994 0.0029051
6359 994 0.0029051
6360 994 0.0029051
994 995 0.0023522
997 995 0.0023522
2076 995 0.0023522
2077 995 0.0023522
994 996 0.0015676
997 996 0.0015676
2076 996 0.0015676
2077 996 0.0015676
996 997 0.0066386
3119 997 0.0066386
4790 997 0.0066386
6237 997 0.0066386
434 1126 0.00016049
5089 1126 0.00016049
1656 1655 0.00024605
5746 1655 0.00024605
5748 1655 0.00024605
2072 2071 0.00025453
2074 2071 0.00025453
2075 2071 0.00025453
3906 2071 0.00025453
2071 2072 0.012904
6238 2072 0.012904
6239 2072 0.012904
2072 2073 0.030723
2074 2073 0.030723
2075 2073 0.030723
3906 2073 0.030723
547 2074 0.0021632
2073 2074 0.0021632
7094 2074 0.0021632
994 2075 0.01257
997 2075 0.01257
2076 2075 0.01257
2077 2075 0.01257
2072 2076 0.0017203
2074 2076 0.0017203
2075 2076 0.0017203
3906 2076 0.0017203
2078 2077 0.0062882
2358 2077 0.0062882
2361 2077 0.0062882
6371 2077 0.0062882
994 2078 0.0010625
997 2078 0.0010625
2076 2078 0.0010625
2077 2078 0.0010625
2349 2348 0.00011582
5903 2348 0.00011582
5986 2348 0.00011582
7105 2348 0.00011582
2348 2349 0.476
5239 2349 0.476
5739 2349 0.476
2351 2350 0.11766
4656 2350 0.11766
7014 2350 0.11766
7087 2350 0.11766
2350 2351 0.011547
5671 2351 0.011547
5836 2351 0.011547
2356 2357 0.00019859
2359 2357 0.00019859
6362 2357 0.00019859
7160 2357 0.00019859
2356 2358 0.0011171
2359 2358 0.0011171
6362 2358 0.0011171
7160 2358 0.0011171
2078 2359 0.00031875
2358 2359 0.00031875
2361 2359 0.00031875
6371 2359 0.00031875
2078 2360 0.0011973
2358 2360 0.0011973
2361 2360 0.0011973
6371 2360 0.0011973
2360 2361 0.005176
2363 2361 0.005176
3120 2361 0.005176
2360 2362 0.0005179
2363 2362 0.0005179
3120 2362 0.0005179
2362 2363 0.0094456
2365 2363 0.0094456
6395 2363 0.0094456
2362 2364 0.00056071
2365 2364 0.00056071
6395 2364 0.00056071
2364 2365 0.0097389
2367 2365 0.0097389
6366 2365 0.0097389
6367 2365 0.0097389
2364 2366 0.00071246
2367 2366 0.00071246
6366 2366 0.00071246
6367 2366 0.00071246
2366 2367 0.022154
7006 2367 0.022154
7086 2367 0.022154
3085 3086 0.99786
3088 3086 0.99786
5398 3086 0.99786
3085 3087 0.0034461
3088 3087 0.0034461
5398 3087 0.0034461
3087 3088 0.00017593
7151 3088 0.00017593
3090 3089 0.00022142
5675 3089 0.00022142
5676 3089 0.00022142
7150 3089 0.00022142
428 3090 0.00014329
429 3090 0.00014329
3089 3090 0.00014329
5680 3090 0.00014329
427 3098 0.00019323
431 3098 0.00019323
3097 3098 0.00019323
3105 3106 0.00085811
5399 3106 0.00085811
5963 3106 0.00085811
3117 3118 0.00013939
5957 3118 0.00013939
6368 3118 0.00013939
6369 3118 0.00013939
2360 3119 0.0056451
2363 3119 0.0056451
3120 3119 0.0056451
996 3120 0.0006961
3119 3120 0.0006961
4790 3120 0.0006961
6237 3120 0.0006961
3140 3139 0.00013332
6372 3139 0.00013332
6373 3139 0.00013332
6407 3139 0.00013332
3139 3140 0.00043334
3910 3140 0.00043334
6112 3140 0.00043334
3147 3148 0.00010416
5951 3148 0.00010416
6398 3148 0.00010416
6399 3148 0.00010416
3316 3317 0.88998
7005 3317 0.88998
7008 3317 0.88998
7088 3317 0.88998
3319 3318 0.0050196
5985 3318 0.0050196
7093 3318 0.0050196
7095 3318 0.0050196
3318 3319 0.50322
6983 3319 0.50322
7092 3319 0.50322
3321 3320 0.0085793
3322 3320 0.0085793
7097 3320 0.0085793
3320 3321 0.058699
6977 3321 0.058699
7096 3321 0.058699
3323 3322 0.0026467
3324 3322 0.0026467
7103 3322 0.0026467
3321 3323 0.0070658
3322 3323 0.0070658
7097 3323 0.0070658
3325 3324 0.00045962
3326 3324 0.00045962
7099 3324 0.00045962
3323 3325 0.0040317
3324 3325 0.0040317
7103 3325 0.0040317
3325 3327 0.00013064
3326 3327 0.00013064
7099 3327 0.00013064
3331 3332 0.00068968
5827 3332 0.00068968
5829 3332 0.00068968
3332 3333 0.00068968
3334 3333 0.00068968
3333 3335 0.00067497
3336 3335 0.00067497
6225 3335 0.00067497
3335 3336 0.0043567
5823 3336 0.0043567
5831 3336 0.0043567
6967 3336 0.0043567
3907 3906 0.0092959
4019 3906 0.0092959
6228 3906 0.0092959
6358 3906 0.0092959
2072 3907 0.0042356
2074 3907 0.0042356
2075 3907 0.0042356
3906 3907 0.0042356
4020 4019 0.00030789
6232 4019 0.00030789
6351 4019 0.00030789
3907 4020 0.00034166
4019 4020 0.00034166
6228 4020 0.00034166
6358 4020 0.00034166
4205 4206 0.00027207
5741 4206 0.00027207
5742 4206 0.00027207
4204 4208 0.0001822
4206 4208 0.0001822
4207 4208 0.0001822
4211 4208 0.0001822
4204 4212 0.00011573
4206 4212 0.00011573
4207 4212 0.00011573
4211 4212 0.00011573
4212 4213 0.00011573
4214 4213 0.00011573
4657 4656 0.99859
5663 4656 0.99859
5665 4656 0.99859
6737 4659 0.088028
996 4789 0.00057608
3119 4789 0.00057608
4790 4789 0.00057608
6237 4789 0.00057608
4789 4790 0.0054384
6240 4790 0.0054384
6365 4790 0.0054384
4659 5064 0.088056
5065 5064 0.088056
7272 5088 0.0013057
7274 5088 0.0013057
5091 5090 0.00077257
5838 5090 0.00077257
1128 5091 0.0014003
5092 5091 0.0014003
5093 5092 0.0014
5088 5093 0.0014071
5094 5093 0.0014071
1126 5094 0.00010145
2348 5238 0.0020542
5239 5238 0.0020542
5739 5238 0.0020542
3317 5239 0.39381
5238 5239 0.39381
7089 5239 0.39381
5064 5241 0.088028
5240 5241 0.088028
2753 5270 0.00013242
3327 5270 0.00013242
5237 5270 0.00013242
3105 5398 1.0011
5399 5398 1.0011
5963 5398 1.0011
5666 5662 0.00015997
5667 5662 0.00015997
5666 5665 0.99859
5667 5665 0.99859
3086 5667 0.99875
5668 5667 0.99875
5964 5667 0.99875
2350 5669 0.087569
5671 5669 0.087569
5836 5669 0.087569
2350 5670 0.035609
5671 5670 0.035609
5836 5670 0.035609
5670 5671 0.01675
6385 5671 0.01675
7085 5671 0.01675
3090 5674 0.0012142
5675 5674 0.0012142
5676 5674 0.0012142
7150 5674 0.0012142
3090 5677 0.002025
5675 5677 0.002025
5676 5677 0.002025
7150 5677 0.002025
2348 5738 0.0017356
5239 5738 0.0017356
5739 5738 0.0017356
5241 5739 0.085858
5738 5739 0.085858
7218 5739 0.085858
5740 5741 0.0039157
7219 5741 0.0039157
4205 5743 0.0037432
5741 5743 0.0037432
5742 5743 0.0037432
1655 5744 0.00011847
5745 5744 0.00011847
5901 5744 0.00011847
5904 5744 0.00011847
4213 5745 0.0038489
5743 5745 0.0038489
5744 5745 0.0038489
1658 5746 0.00024605
5747 5746 0.00024605
5907 5746 0.00024605
5984 5746 0.00024605
3335 5822 0.001935
5823 5822 0.001935
5831 5822 0.001935
6967 5822 0.001935
5822 5823 0.0044052
6963 5823 0.0044052
7102 5823 0.0044052
7104 5823 0.0044052
5825 5824 0.00019943
5826 5824 0.00019943
5830 5824 0.00019943
5824 5825 0.0029342
6964 5825 0.0029342
7100 5825 0.0029342
5825 5827 0.00068968
5826 5827 0.00068968
5830 5827 0.00068968
3335 5830 0.0005225
5823 5830 0.0005225
5831 5830 0.0005225
6967 5830 0.0005225
5825 5831 0.0026295
5826 5831 0.0026295
5830 5831 0.0026295
6877 5835 0.00077205
5835 5836 0.00031305
5091 5837 0.00069495
5838 5837 0.00069495
5899 5900 0.00030285
5902 5900 0.00030285
5910 5900 0.00030285
5899 5901 0.00024052
5902 5901 0.00024052
5910 5901 0.00024052
1655 5902 0.00031964
5745 5902 0.00031964
5901 5902 0.00031964
5904 5902 0.00031964
1655 5903 0.0043254
5745 5903 0.0043254
5901 5903 0.0043254
5904 5903 0.0043254
2349 5904 0.0004869
5903 5904 0.0004869
5986 5904 0.0004869
7105 5904 0.0004869
4201 5910 0.00017316
4208 5910 0.00017316
4209 5910 0.00017316
5909 5910 0.00017316
3117 5956 0.00074493
5957 5956 0.00074493
6368 5956 0.00074493
6369 5956 0.00074493
5956 5957 0.00079439
6386 5957 0.00079439
6387 5957 0.00079439
5677 5963 0.00194
5678 5963 0.00194
5962 5963 0.00194
3103 5964 0.00094122
3106 5964 0.00094122
5965 5964 0.00094122
5897 5984 0.00027295
5900 5984 0.00027295
5983 5984 0.00027295
2349 5985 0.0062768
5903 5985 0.0062768
5986 5985 0.0062768
7105 5985 0.0062768
3319 5986 0.52649
5985 5986 0.52649
7093 5986 0.52649
7095 5986 0.52649
3139 6111 0.00012914
3910 6111 0.00012914
6112 6111 0.00012914
6111 6112 0.00039562
6396 6112 0.00039562
6397 6112 0.00039562
6406 6112 0.00039562
548 6225 0.00059808
6226 6225 0.00059808
6227 6225 0.00059808
6230 6225 0.00059808
3333 6226 0.0049076
3336 6226 0.0049076
6225 6226 0.0049076
3907 6227 0.0039286
4019 6227 0.0039286
6228 6227 0.0039286
6358 6227 0.0039286
548 6228 0.01037
6226 6228 0.01037
6227 6228 0.01037
6230 6228 0.01037
548 6229 0.0053242
6226 6229 0.0053242
6227 6229 0.0053242
6230 6229 0.0053242
6229 6230 0.038392
6979 6230 0.038392
7063 6230 0.038392
4020 6231 0.0001184
6232 6231 0.0001184
6351 6231 0.0001184
6231 6232 0.00013128
6234 6232 0.00013128
6354 6232 0.00013128
3122 6234 0.00011562
5270 6234 0.00011562
6233 6234 0.00011562
2071 6237 0.00099615
6238 6237 0.00099615
6239 6237 0.00099615
996 6238 0.0057365
3119 6238 0.0057365
4790 6238 0.0057365
6237 6238 0.0057365
4789 6239 0.0080192
6240 6239 0.0080192
6365 6239 0.0080192
2071 6240 0.00010987
6238 6240 0.00010987
6239 6240 0.00010987
950 6351 0.00019909
6352 6351 0.00019909
6353 6351 0.00019909
6356 6351 0.00019909
4020 6352 0.00024573
6232 6352 0.00024573
6351 6352 0.00024573
2354 6353 0.00020238
2357 6353 0.00020238
6231 6355 0.00010245
6234 6355 0.00010245
6354 6355 0.00010245
950 6357 0.00038001
6352 6357 0.00038001
6353 6357 0.00038001
6356 6357 0.00038001
995 6358 0.0019433
6359 6358 0.0019433
6360 6358 0.0019433
3907 6359 0.0032905
4019 6359 0.0032905
6228 6359 0.0032905
6358 6359 0.0032905
6357 6360 0.00033426
6361 6360 0.00033426
995 6361 0.0011286
6359 6361 0.0011286
6360 6361 0.0011286
6357 6362 0.0011225
6361 6362 0.0011225
6363 6364 0.00015902
6943 6364 0.00015902
7165 6364 0.00015902
2364 6365 0.012891
2367 6365 0.012891
6366 6365 0.012891
6367 6365 0.012891
4789 6366 0.0001191
6240 6366 0.0001191
6365 6366 0.0001191
3117 6367 0.0014228
5957 6367 0.0014228
6368 6367 0.0014228
6369 6367 0.0014228
2364 6368 0.0009145
2367 6368 0.0009145
6366 6368 0.0009145
6367 6368 0.0009145
5954 6369 0.00076466
6370 6369 0.00076466
6388 6369 0.00076466
7111 6369 0.00076466
3117 6370 0.00025456
5957 6370 0.00025456
6368 6370 0.00025456
6369 6370 0.00025456
3140 6371 0.0006895
6372 6371 0.0006895
6373 6371 0.0006895
6407 6371 0.0006895
2078 6372 0.00024079
2358 6372 0.00024079
2361 6372 0.00024079
6371 6372 0.00024079
3143 6373 0.00016364
3146 6373 0.00016364
6374 6373 0.00016364
6375 6373 0.00016364
5956 6385 0.0010284
6386 6385 0.0010284
6387 6385 0.0010284
5670 6386 0.00096092
6385 6386 0.00096092
7085 6386 0.00096092
5954 6387 0.00043854
6370 6387 0.00043854
6388 6387 0.00043854
7111 6387 0.00043854
5956 6388 0.00032161
6386 6388 0.00032161
6387 6388 0.00032161
3118 6389 0.00011618
6390 6389 0.00011618
6391 6389 0.00011618
6111 6395 0.00027175
6396 6395 0.00027175
6397 6395 0.00027175
6406 6395 0.00027175
2362 6396 0.00052227
2365 6396 0.00052227
6395 6396 0.00052227
3147 6397 0.00012501
5951 6397 0.00012501
6398 6397 0.00012501
6399 6397 0.00012501
6111 6398 0.00016901
6396 6398 0.00016901
6397 6398 0.00016901
6406 6398 0.00016901
5950 6406 0.00012598
6389 6406 0.00012598
6405 6406 0.00012598
4788 6407 0.00016113
6408 6407 0.00016113
6409 6407 0.00016113
6364 6409 0.00015661
6410 6409 0.00015661
6411 6409 0.00015661
6880 6737 0.088028
5090 6877 0.00077205
5662 6878 0.00015997
5664 6878 0.00015997
433 6880 0.088028
5669 6880 0.088028
5824 6963 0.0022576
6964 6963 0.0022576
7100 6963 0.0022576
5822 6964 0.00153
6963 6964 0.00153
7102 6964 0.00153
7104 6964 0.00153
6965 6967 0.00053951
6968 6967 0.00053951
7101 6967 0.00053951
3335 6968 0.001435
5823 6968 0.001435
5831 6968 0.001435
6967 6968 0.001435
6969 6971 0.064412
6972 6971 0.064412
6975 6971 0.064412
7066 6971 0.064412
6971 6972 0.018528
6974 6972 0.018528
7064 6972 0.018528
6971 6973 0.086832
6974 6973 0.086832
7064 6973 0.086832
6973 6974 0.023847
6976 6974 0.023847
6978 6974 0.023847
6973 6975 0.08288
6976 6975 0.08288
6978 6975 0.08288
6969 6976 0.032527
6972 6976 0.032527
6975 6976 0.032527
7066 6976 0.032527
6973 6977 0.092793
6976 6977 0.092793
6978 6977 0.092793
3320 6978 0.080161
6977 6978 0.080161
7096 6978 0.080161
6980 6979 0.05532
7065 6979 0.05532
7098 6979 0.05532
6229 6980 0.0051497
6979 6980 0.0051497
7063 6980 0.0051497
6982 6981 0.057995
6984 6981 0.057995
6986 6981 0.057995
6981 6982 0.01677
6990 6982 0.01677
6982 6983 0.057665
6984 6983 0.057665
6986 6983 0.057665
3318 6984 0.092722
6983 6984 0.092722
7092 6984 0.092722
6982 6985 0.058021
6984 6985 0.058021
6986 6985 0.058021
6985 6986 0.064188
6988 6986 0.064188
6989 6986 0.064188
6985 6987 0.089444
6988 6987 0.089444
6989 6987 0.089444
6987 6988 0.054387
6992 6988 0.054387
6994 6988 0.054387
6981 6989 0.057995
6990 6989 0.057995
6985 6990 0.01677
6988 6990 0.01677
6989 6990 0.01677
6987 6991 0.10157
6992 6991 0.10157
6994 6991 0.10157
6991 6992 0.021683
6995 6992 0.021683
7000 6992 0.021683
6987 6993 0.053236
6992 6993 0.053236
6994 6993 0.053236
6993 6994 0.09807
6996 6994 0.09807
6998 6994 0.09807
7001 6994 0.09807
6993 6995 0.053255
6996 6995 0.053255
6998 6995 0.053255
7001 6995 0.053255
6991 6996 0.090275
6995 6996 0.090275
7000 6996 0.090275
6993 6997 0.12374
6996 6997 0.12374
6998 6997 0.12374
7001 6997 0.12374
6997 6998 0.088682
7090 6998 0.088682
7091 6998 0.088682
6991 6999 0.051616
6995 6999 0.051616
7000 6999 0.051616
6999 7000 0.008744
7002 7000 0.008744
7004 7000 0.008744
6999 7001 0.051616
7002 7001 0.051616
7004 7001 0.051616
6993 7002 0.008744
6996 7002 0.008744
6998 7002 0.008744
7001 7002 0.008744
2366 7005 0.023941
7006 7005 0.023941
7086 7005 0.023941
3316 7006 0.026455
7005 7006 0.026455
7008 7006 0.026455
7088 7006 0.026455
6971 7063 0.021207
6974 7063 0.021207
7064 7063 0.021207
6229 7064 0.038309
6979 7064 0.038309
7063 7064 0.038309
6969 7065 0.035283
6972 7065 0.035283
6975 7065 0.035283
7066 7065 0.035283
6980 7066 0.030813
7065 7066 0.030813
7098 7066 0.030813
2366 7085 0.016704
7006 7085 0.016704
7086 7085 0.016704
5670 7086 0.035631
6385 7086 0.035631
7085 7086 0.035631
2351 7088 0.89251
4656 7088 0.89251
7014 7088 0.89251
7087 7088 0.89251
6997 7089 0.02396
7090 7089 0.02396
7091 7089 0.02396
3317 7090 0.52216
5238 7090 0.52216
7089 7090 0.52216
3318 7091 0.0063742
6983 7091 0.0063742
7092 7091 0.0063742
6997 7092 0.53964
7090 7092 0.53964
7091 7092 0.53964
547 7093 0.066241
2073 7093 0.066241
7094 7093 0.066241
3319 7094 0.0067457
5985 7094 0.0067457
7093 7094 0.0067457
7095 7094 0.0067457
3320 7095 0.09036
6977 7095 0.09036
7096 7095 0.09036
3319 7096 0.12785
5985 7096 0.12785
7093 7096 0.12785
7095 7096 0.12785
6980 7097 0.0078414
7065 7097 0.0078414
7098 7097 0.0078414
3321 7098 0.053542
3322 7098 0.053542
7097 7098 0.053542
5824 7099 0.00045809
6964 7099 0.00045809
7100 7099 0.00045809
3325 7100 0.0039205
3326 7100 0.0039205
7099 7100 0.0039205
5822 7101 0.00053951
6963 7101 0.00053951
7102 7101 0.00053951
7104 7101 0.00053951
6965 7102 0.001435
6968 7102 0.001435
7101 7102 0.001435
5822 7103 0.0032407
6963 7103 0.0032407
7102 7103 0.0032407
7104 7103 0.0032407
3323 7104 0.0040878
3324 7104 0.0040878
7103 7104 0.0040878
6961 7105 0.00011696
7106 7105 0.00011696
7107 7105 0.00011696
2346 7107 0.00011696
6960 7107 0.00011696
7108 7107 0.00011696
5837 7111 0.00069495
6927 7111 0.00069495
7069 7111 0.00069495
7112 7111 0.00069495
3087 7150 0.0034461
7151 7150 0.0034461
3090 7151 0.00017592
5675 7151 0.00017592
5676 7151 0.00017592
7150 7151 0.00017592
2356 7161 0.00019872
2359 7161 0.00019872
6362 7161 0.00019872
7160 7161 0.00019872
6952 7163 0.0002106
7161 7163 0.0002106
7162 7163 0.0002106
6939 7165 0.00018785
7067 7165 0.00018785
7163 7165 0.00018785
7164 7165 0.00018785
5241 7219 0.0039157
5738 7219 0.0039157
7218 7219 0.0039157
2279 7272 0.0010526
5674 7272 0.0010526
7273 7272 0.0010526
1127 7274 0.00026492
3095 7274 0.00026492
3098 7274 0.00026492
