86 85 0.00019497
89 85 0.00019497
6576 85 0.00019497
106 105 0.00014268
3357 105 0.00014268
105 106 0.00014068
4553 106 0.00014068
108 107 0.00029913
396 107 0.00029913
397 107 0.00029913
107 108 0.0010209
390 108 0.0010209
391 108 0.0010209
112 111 0.00148
424 111 0.00148
425 111 0.00148
6552 111 0.00148
111 112 0.0010846
387 112 0.0010846
394 112 0.0010846
114 113 0.00074994
422 113 0.00074994
423 113 0.00074994
6550 113 0.00074994
113 114 0.00032414
384 114 0.00032414
385 114 0.00032414
116 115 0.00026414
420 115 0.00026414
421 115 0.00026414
1584 115 0.00026414
115 384 0.00031951
382 384 0.00031951
383 384 0.00031951
380 385 0.00023932
386 385 0.00023932
393 385 0.00023932
113 386 0.00089529
384 386 0.00089529
385 386 0.00089529
388 387 0.00073456
389 387 0.00073456
3717 387 0.00073456
6554 387 0.00073456
111 388 0.0017997
387 388 0.0017997
394 388 0.0017997
107 389 0.00022958
390 389 0.00022958
391 389 0.00022958
388 390 0.0013386
389 390 0.0013386
3717 390 0.0013386
6554 390 0.0013386
107 392 0.00045563
390 392 0.00045563
391 392 0.00045563
111 393 0.0002385
387 393 0.0002385
394 393 0.0002385
380 394 0.00090823
386 394 0.00090823
393 394 0.00090823
392 396 0.00045563
395 396 0.00045563
998 396 0.00045563
398 397 0.00032177
3718 397 0.00032177
3719 397 0.00032177
108 398 0.0014308
396 398 0.0014308
397 398 0.0014308
414 416 0.00017176
415 416 0.00017176
417 416 0.00017176
402 417 0.00018145
403 417 0.00018145
418 417 0.00018145
419 417 0.00018145
116 419 0.00026693
420 419 0.00026693
421 419 0.00026693
1584 419 0.00026693
114 421 0.00053093
422 421 0.00053093
423 421 0.00053093
6550 421 0.00053093
116 422 0.00021184
420 422 0.00021184
421 422 0.00021184
1584 422 0.00021184
112 423 0.0013646
424 423 0.0013646
425 423 0.0013646
6552 423 0.0013646
114 424 0.00099063
422 424 0.00099063
423 424 0.00099063
6550 424 0.00099063
426 425 0.0033964
3720 425 0.0033964
3721 425 0.0033964
4661 425 0.0033964
112 426 0.0020489
424 426 0.0020489
425 426 0.0020489
6552 426 0.0020489
5085 1129 0.00037035
5267 1129 0.00037035
1528 1530 0.0078089
1531 1530 0.0078089
3303 1530 0.0078089
1530 1531 0.079928
1533 1531 0.079928
2850 1531 0.079928
1530 1532 0.0086171
1533 1532 0.0086171
2850 1532 0.0086171
1532 1533 0.050508
2851 1533 0.050508
3339 1533 0.050508
1582 1584 0.00012491
1585 1584 0.00012491
4524 1584 0.00012491
2353 2352 0.00096027
3337 2352 0.00096027
2352 2353 0.0029449
2355 2353 0.0029449
5269 2353 0.0029449
2352 2354 0.00032636
2355 2354 0.00032636
5269 2354 0.00032636
2354 2355 0.00073721
2357 2355 0.00073721
2356 2357 0.00074179
2359 2357 0.00074179
6362 2357 0.00074179
7160 2357 0.00074179
2078 2359 0.00047235
2358 2359 0.00047235
2361 2359 0.00047235
6371 2359 0.00047235
1530 2849 0.030052
1533 2849 0.030052
2850 2849 0.030052
600 2850 0.06028
2849 2850 0.06028
3344 2850 0.06028
3345 2850 0.06028
416 3095 0.00018014
3096 3095 0.00018014
7148 3095 0.00018014
3107 3109 0.00015503
3110 3109 0.00015503
3309 3109 0.00015503
3310 3109 0.00015503
3121 3122 0.0015677
3328 3122 0.0015677
3329 3122 0.0015677
3124 3123 0.00065179
3307 3123 0.00065179
3308 3123 0.00065179
3637 3123 0.00065179
3123 3124 0.00016241
3126 3124 0.00016241
3312 3124 0.00016241
3123 3125 0.00061283
3126 3125 0.00061283
3312 3125 0.00061283
3125 3127 0.00028135
3128 3127 0.00028135
5949 3127 0.00028135
3136 3135 0.00012044
3305 3135 0.00012044
3306 3135 0.00012044
3135 3136 0.00032667
5948 3136 0.00032667
5953 3136 0.00032667
3138 3137 0.0074537
5832 3137 0.0074537
6422 3137 0.0074537
3137 3138 0.0010789
3302 3138 0.0010789
3338 3138 0.0010789
1528 3302 0.079928
1531 3302 0.079928
3303 3302 0.079928
3137 3303 0.0078089
3302 3303 0.0078089
3338 3303 0.0078089
3136 3304 0.0069099
3305 3304 0.0069099
3306 3304 0.0069099
3124 3306 0.0067697
3307 3306 0.0067697
3308 3306 0.0067697
3637 3306 0.0067697
3136 3307 0.00012832
3305 3307 0.00012832
3306 3307 0.00012832
3124 3309 0.00015503
3307 3309 0.00015503
3308 3309 0.00015503
3637 3309 0.00015503
3109 3312 0.00012617
3112 3312 0.00012617
3313 3312 0.00012617
3314 3312 0.00012617
2353 3328 0.0021124
3337 3328 0.0021124
3137 3337 1.0001
3302 3337 1.0001
3338 3337 1.0001
3343 3338 0.92163
3639 3338 0.92163
3962 3338 0.92163
3340 3339 0.050508
3342 3339 0.050508
3960 3339 0.050508
1532 3340 0.0086171
2851 3340 0.0086171
3339 3340 0.0086171
3340 3341 0.0086171
3342 3341 0.0086171
3960 3341 0.0086171
3341 3342 0.050508
3346 3342 0.050508
4684 3342 0.050508
600 3343 0.9277
2849 3343 0.9277
3344 3343 0.9277
3345 3343 0.9277
3341 3345 0.95794
3346 3345 0.95794
4684 3345 0.95794
73 3347 0.0027206
3348 3347 0.0027206
3349 3347 0.0027206
3347 3348 0.0027369
3354 3348 0.0027369
4683 3348 0.0027369
3350 3349 0.0027206
3351 3349 0.0027206
3363 3349 0.0027206
73 3350 0.0027369
3348 3350 0.0027369
3349 3350 0.0027369
3352 3351 0.00091215
3366 3351 0.00091215
3691 3351 0.00091215
3350 3352 0.0021754
3351 3352 0.0021754
3363 3352 0.0021754
3353 3354 0.99982
3355 3354 0.99982
7220 3354 0.99982
3356 3355 0.00028205
4554 3355 0.00028205
5855 3355 0.00028205
3353 3356 0.00028205
3355 3356 0.00028205
7220 3356 0.00028205
3358 3357 0.00014268
3360 3357 0.00014268
106 3358 0.00014068
3357 3358 0.00014068
3358 3359 0.00014068
3360 3359 0.00014068
3359 3360 0.00014268
5856 3360 0.00014268
5858 3360 0.00014268
3364 3363 0.0018519
3365 3363 0.0018519
3367 3363 0.0018519
3350 3364 0.00060483
3351 3364 0.00060483
3363 3364 0.00060483
3352 3365 0.0016015
3366 3365 0.0016015
3691 3365 0.0016015
3364 3366 0.00084923
3365 3366 0.00084923
3367 3366 0.00084923
3368 3367 0.00056994
3369 3367 0.00056994
3665 3367 0.00056994
3370 3369 0.00055015
3692 3369 0.00055015
3693 3369 0.00055015
3638 3637 0.007529
3640 3637 0.007529
5268 3637 0.007529
3124 3638 0.00026409
3307 3638 0.00026409
3308 3638 0.00026409
3637 3638 0.00026409
3638 3639 0.0011449
3640 3639 0.0011449
5268 3639 0.0011449
3343 3640 0.0077417
3639 3640 0.0077417
3962 3640 0.0077417
3352 3692 0.00059738
3366 3692 0.00059738
3691 3692 0.00059738
398 3717 0.0018645
3718 3717 0.0018645
3719 3717 0.0018645
388 3718 0.0018206
389 3718 0.0018206
3717 3718 0.0018206
6554 3718 0.0018206
426 3719 0.0021255
3720 3719 0.0021255
3721 3719 0.0021255
4661 3719 0.0021255
398 3720 0.0031906
3718 3720 0.0031906
3719 3720 0.0031906
365 3721 1.0002
3722 3721 1.0002
3723 3721 1.0002
426 3722 0.00011524
3720 3722 0.00011524
3721 3722 0.00011524
4661 3722 0.00011524
85 3723 0.00021046
3724 3723 0.00021046
3725 3723 0.00021046
4685 3962 0.00054907
5086 3962 0.00054907
6876 3963 0.0001606
4523 4524 0.0001227
4526 4524 0.0001227
6551 4524 0.0001227
4523 4525 0.00011637
4526 4525 0.00011637
6551 4525 0.00011637
4525 4526 0.00058724
6553 4526 0.00058724
6577 4526 0.00058724
3356 4553 0.00014068
4554 4553 0.00014068
5855 4553 0.00014068
105 4554 0.00014268
4553 4554 0.00014268
426 4660 0.99982
3720 4660 0.99982
3721 4660 0.99982
4661 4660 0.99982
3347 4684 0.9998
3354 4684 0.9998
4683 4684 0.9998
5087 5086 0.00054983
5271 5086 0.00054983
1129 5087 0.00044642
3963 5087 0.00044642
7272 5088 0.00017987
7274 5088 0.00017987
5088 5093 0.00017992
5094 5093 0.00017992
3121 5237 0.0005476
3328 5237 0.0005476
3329 5237 0.0005476
3638 5267 0.00037216
3640 5267 0.00037216
5268 5267 0.00037216
3138 5268 0.0010403
5832 5268 0.0010403
6422 5268 0.0010403
3122 5269 0.0023147
5270 5269 0.0023147
6233 5269 0.0023147
2753 5270 0.00055036
3327 5270 0.00055036
5237 5270 0.00055036
3964 5271 0.00010344
6738 5271 0.00010344
2352 5832 0.00074095
2355 5832 0.00074095
5269 5832 0.00074095
3359 5855 0.00014068
5856 5855 0.00014068
5858 5855 0.00014068
3356 5856 0.00014268
4554 5856 0.00014268
5855 5856 0.00014268
3125 5948 0.00034582
3128 5948 0.00034582
5949 5948 0.00034582
3135 5952 0.00016518
5948 5952 0.00016518
5953 5952 0.00016518
4020 6231 0.00017954
6232 6231 0.00017954
6351 6231 0.00017954
6231 6233 0.00022698
6234 6233 0.00022698
6354 6233 0.00022698
950 6351 0.00016594
6352 6351 0.00016594
6353 6351 0.00016594
6356 6351 0.00016594
2354 6353 0.00025336
2357 6353 0.00025336
6357 6362 0.00012288
6361 6362 0.00012288
6364 6363 0.00014103
6410 6363 0.00014103
6411 6363 0.00014103
3140 6371 0.00043914
6372 6371 0.00043914
6373 6371 0.00043914
6407 6371 0.00043914
3143 6373 0.00038552
3146 6373 0.00038552
6374 6373 0.00038552
6375 6373 0.00038552
6376 6375 0.00036425
6377 6375 0.00036425
6417 6375 0.00036425
5952 6377 0.00036572
6378 6377 0.00036572
6379 6377 0.00036572
3127 6379 0.00025947
3130 6379 0.00025947
6380 6379 0.00025947
6381 6379 0.00025947
5834 6411 0.00012195
6412 6411 0.00012195
6413 6411 0.00012195
3142 6413 0.00012195
6414 6413 0.00012195
6415 6413 0.00012195
6416 6415 0.00020359
6418 6415 0.00020359
6419 6415 0.00020359
6416 6417 0.00014693
6418 6417 0.00014693
6419 6417 0.00014693
6376 6418 0.00015007
6377 6418 0.00015007
6417 6418 0.00015007
3304 6419 0.00034239
6420 6419 0.00034239
6421 6419 0.00034239
6416 6420 0.0001689
6418 6420 0.0001689
6419 6420 0.0001689
3138 6421 0.00033014
5832 6421 0.00033014
6422 6421 0.00033014
3304 6422 0.0070043
6420 6422 0.0070043
6421 6422 0.0070043
4523 6550 0.00052218
4526 6550 0.00052218
6551 6550 0.00052218
114 6551 0.00015122
422 6551 0.00015122
423 6551 0.00015122
6550 6551 0.00015122
4525 6552 0.00014951
6553 6552 0.00014951
6577 6552 0.00014951
112 6553 0.00072763
424 6553 0.00072763
425 6553 0.00072763
6552 6553 0.00072763
4525 6576 0.00020041
6553 6576 0.00020041
6577 6576 0.00020041
5093 6875 0.0001606
6875 6876 0.0001606
6952 7160 0.00017785
7161 7160 0.00017785
7162 7160 0.00017785
6939 7162 0.00014338
7067 7162 0.00014338
7163 7162 0.00014338
7164 7162 0.00014338
6363 7164 0.00013385
6943 7164 0.00013385
7165 7164 0.00013385
4660 7220 0.99982
7221 7220 0.99982
1127 7274 0.00017737
3095 7274 0.00017737
3098 7274 0.00017737
