86 85 0.0027495
89 85 0.0027495
6576 85 0.0027495
85 86 0.0016729
3724 86 0.0016729
3725 86 0.0016729
88 87 0.0014612
90 87 0.0014612
773 87 0.0014612
6568 87 0.0014612
87 88 0.0024333
3728 88 0.0024333
3729 88 0.0024333
88 89 0.0047792
90 89 0.0047792
773 89 0.0047792
6568 89 0.0047792
91 92 0.0047902
3732 92 0.0047902
3733 92 0.0047902
98 97 0.0080668
3704 97 0.0080668
3705 97 0.0080668
97 98 0.002213
412 98 0.002213
6566 98 0.002213
100 99 0.0014606
102 99 0.0014606
4555 99 0.0014606
99 100 0.00035577
366 100 0.00035577
3737 100 0.00035577
100 101 0.00059457
102 101 0.00059457
4555 101 0.00059457
101 102 0.00058492
367 102 0.00058492
3738 102 0.00058492
112 111 0.000128
424 111 0.000128
425 111 0.000128
6552 111 0.000128
134 133 0.07212
3708 133 0.07212
3709 133 0.07212
133 134 0.040542
3052 134 0.040542
99 365 0.0021881
366 365 0.0021881
3737 365 0.0021881
365 366 0.00044618
3722 366 0.00044618
3723 366 0.00044618
368 367 0.00095373
371 367 0.00095373
376 367 0.00095373
101 368 0.00032628
367 368 0.00032628
3738 368 0.00032628
370 369 0.00047608
372 369 0.00047608
369 370 0.00024183
374 370 0.00024183
375 370 0.00024183
370 371 0.00024183
372 371 0.00024183
368 372 0.00047608
371 372 0.00047608
376 372 0.00047608
369 373 0.00070544
374 373 0.00070544
375 373 0.00070544
373 374 0.0013329
3730 374 0.0013329
3731 374 0.0013329
368 375 0.00029532
371 375 0.00029532
376 375 0.00029532
369 376 0.001157
374 376 0.001157
375 376 0.001157
113 386 0.00011737
384 386 0.00011737
385 386 0.00011737
111 388 0.00017352
387 388 0.00017352
394 388 0.00017352
380 394 0.00011992
386 394 0.00011992
393 394 0.00011992
404 403 0.00014101
405 403 0.00014101
6570 403 0.00014101
6573 403 0.00014101
97 411 0.0080668
412 411 0.0080668
6566 411 0.0080668
411 412 0.002213
3734 412 0.002213
3735 412 0.002213
402 420 0.00013365
403 420 0.00013365
418 420 0.00013365
419 420 0.00013365
116 422 0.00074593
420 422 0.00074593
421 422 0.00074593
1584 422 0.00074593
114 424 0.0015264
422 424 0.0015264
423 424 0.0015264
6550 424 0.0015264
112 426 0.0045302
424 426 0.0045302
425 426 0.0045302
6552 426 0.0045302
554 553 0.00031288
1525 553 0.00031288
2824 553 0.00031288
553 554 0.00033946
3702 554 0.00033946
3703 554 0.00033946
5260 723 0.0060455
723 724 0.10488
6920 724 0.10488
774 773 0.00014979
775 773 0.00014979
88 774 0.00035534
90 774 0.00035534
773 774 0.00035534
6568 774 0.00035534
776 775 0.00014979
6574 775 0.00014979
774 776 0.00035534
775 776 0.00035534
432 1127 0.00030776
5692 1127 0.00030776
5085 1129 0.0015291
5267 1129 0.0015291
554 1524 0.00025634
1525 1524 0.00025634
2824 1524 0.00025634
1524 1525 0.00025588
1968 1525 0.00025588
2820 1525 0.00025588
1528 1530 0.0083633
1531 1530 0.0083633
3303 1530 0.0083633
1530 1531 0.0072254
1533 1531 0.0072254
2850 1531 0.0072254
1530 1532 0.0010645
1533 1532 0.0010645
2850 1532 0.0010645
1532 1533 0.0023178
2851 1533 0.0023178
3339 1533 0.0023178
1568 1570 0.00040792
1571 1570 0.00040792
3699 1570 0.00040792
1574 1576 0.00012365
1577 1576 0.00012365
6571 1576 0.00012365
1578 1580 0.00078416
1581 1580 0.00078416
4558 1580 0.00078416
1580 1582 0.00080428
1583 1582 0.00080428
6572 1582 0.00080428
6575 1582 0.00080428
1582 1584 0.00067305
1585 1584 0.00067305
4524 1584 0.00067305
1524 1967 0.00023135
1968 1967 0.00023135
2820 1967 0.00023135
1527 1968 0.00025696
1967 1968 0.00025696
2822 1968 0.00025696
1972 1971 0.00027312
3706 1971 0.00027312
3707 1971 0.00027312
3736 1971 0.00027312
1969 1972 1.0002
1971 1972 1.0002
2823 1972 1.0002
724 2146 0.1044
2147 2146 0.1044
6794 2146 0.1044
2146 2147 0.0055675
3712 2147 0.0055675
4663 2147 0.0055675
7113 2147 0.0055675
2148 2149 0.0060455
6795 2149 0.0060455
2353 2352 0.00096042
3337 2352 0.00096042
2352 2353 0.0027905
2355 2353 0.0027905
5269 2353 0.0027905
2352 2354 0.0003264
2355 2354 0.0003264
5269 2354 0.0003264
2354 2355 0.00058177
2357 2355 0.00058177
2356 2357 0.00058538
2359 2357 0.00058538
6362 2357 0.00058538
7160 2357 0.00058538
2078 2359 0.00035441
2358 2359 0.00035441
2361 2359 0.00035441
6371 2359 0.00035441
1969 2822 0.00027312
1971 2822 0.00027312
2823 2822 0.00027312
1527 2823 1.0002
1967 2823 1.0002
2822 2823 1.0002
1530 2849 0.0093019
1533 2849 0.0093019
2850 2849 0.0093019
600 2850 0.0069107
2849 2850 0.0069107
3344 2850 0.0069107
3345 2850 0.0069107
133 3051 0.07212
3052 3051 0.07212
3051 3052 0.040542
3710 3052 0.040542
3711 3052 0.040542
3054 3053 0.0010186
3685 3053 0.0010186
3053 3054 0.00010996
3682 3054 0.00010996
3683 3054 0.00010996
1570 3091 0.00033084
1573 3091 0.00033084
3092 3091 0.00033084
416 3095 0.00013813
3096 3095 0.00013813
7148 3095 0.00013813
3121 3122 0.0015679
3328 3122 0.0015679
3329 3122 0.0015679
3124 3123 0.00028494
3307 3123 0.00028494
3308 3123 0.00028494
3637 3123 0.00028494
3123 3125 0.00026796
3126 3125 0.00026796
3312 3125 0.00026796
3125 3127 0.00012347
3128 3127 0.00012347
5949 3127 0.00012347
3135 3136 0.00014373
5948 3136 0.00014373
5953 3136 0.00014373
3138 3137 0.0036254
5832 3137 0.0036254
6422 3137 0.0036254
3137 3138 0.00096362
3302 3138 0.00096362
3338 3138 0.00096362
1528 3302 0.0072254
1531 3302 0.0072254
3303 3302 0.0072254
3137 3303 0.0083633
3302 3303 0.0083633
3338 3303 0.0083633
3136 3304 0.0030032
3305 3304 0.0030032
3306 3304 0.0030032
3124 3306 0.0029409
3307 3306 0.0029409
3308 3306 0.0029409
3637 3306 0.0029409
2353 3328 0.0021126
3337 3328 0.0021126
3137 3337 1.0003
3302 3337 1.0003
3338 3337 1.0003
3343 3338 0.99876
3639 3338 0.99876
3962 3338 0.99876
3340 3339 0.0023178
3342 3339 0.0023178
3960 3339 0.0023178
1532 3340 0.0010645
2851 3340 0.0010645
3339 3340 0.0010645
3340 3341 0.0010645
3342 3341 0.0010645
3960 3341 0.0010645
3341 3342 0.0023178
3346 3342 0.0023178
4684 3342 0.0023178
600 3343 0.041755
2849 3343 0.041755
3344 3343 0.041755
3345 3343 0.041755
3343 3344 0.0052558
3639 3344 0.0052558
3962 3344 0.0052558
3341 3345 0.034642
3346 3345 0.034642
4684 3345 0.034642
600 3346 0.00053375
2849 3346 0.00053375
3344 3346 0.00053375
3345 3346 0.00053375
73 3347 0.0055969
3348 3347 0.0055969
3349 3347 0.0055969
3350 3349 0.0055969
3351 3349 0.0055969
3363 3349 0.0055969
3352 3351 0.0051733
3366 3351 0.0051733
3691 3351 0.0051733
3353 3354 0.029847
3355 3354 0.029847
7220 3354 0.029847
3364 3363 0.00043835
3365 3363 0.00043835
3367 3363 0.00043835
3352 3365 0.00010459
3366 3365 0.00010459
3691 3365 0.00010459
3364 3366 0.00035096
3365 3366 0.00035096
3367 3366 0.00035096
3368 3367 0.00066565
3369 3367 0.00066565
3665 3367 0.00066565
3368 3370 0.0002922
3369 3370 0.0002922
3665 3370 0.0002922
3638 3637 0.0032702
3640 3637 0.0032702
5268 3637 0.0032702
3124 3638 0.00013622
3307 3638 0.00013622
3308 3638 0.00013622
3637 3638 0.00013622
3638 3639 0.00084263
3640 3639 0.00084263
5268 3639 0.00084263
3343 3640 0.0033089
3639 3640 0.0033089
3962 3640 0.0033089
3666 3665 0.00086264
3667 3665 0.00086264
5843 3665 0.00086264
3668 3667 0.00097273
3669 3667 0.00097273
6478 3667 0.00097273
3670 3669 0.00020228
3679 3669 0.00020228
5851 3669 0.00020228
3668 3670 0.00028213
3669 3670 0.00028213
6478 3670 0.00028213
3671 3672 0.00022447
5854 3672 0.00022447
3672 3674 0.00032053
3673 3674 0.00032053
3675 3674 0.00032053
3676 3675 0.00012583
3677 3675 0.00012583
3690 3675 0.00012583
3680 3679 0.00033836
3681 3679 0.00033836
3689 3679 0.00033836
6479 3679 0.00033836
3670 3680 0.00020828
3679 3680 0.00020828
5851 3680 0.00020828
3053 3681 0.0013836
3682 3681 0.0013836
3683 3681 0.0013836
3680 3682 0.00010614
3681 3682 0.00010614
3689 3682 0.00010614
6479 3682 0.00010614
3684 3683 0.0012604
3686 3683 0.0012604
3687 3683 0.0012604
3053 3684 0.0008916
3682 3684 0.0008916
3683 3684 0.0008916
3684 3685 0.0010186
3686 3685 0.0010186
3687 3685 0.0010186
3054 3686 0.00010996
3685 3686 0.00010996
3688 3687 0.0021892
3714 3687 0.0021892
3715 3687 0.0021892
3684 3688 0.00091168
3686 3688 0.00091168
3687 3688 0.00091168
3680 3690 0.00012583
3681 3690 0.00012583
3689 3690 0.00012583
6479 3690 0.00012583
3370 3691 0.0048813
3692 3691 0.0048813
3693 3691 0.0048813
3694 3693 0.004657
3695 3693 0.004657
6563 3693 0.004657
3674 3695 0.0045458
3696 3695 0.0045458
3697 3695 0.0045458
3642 3697 0.0042546
3698 3697 0.0042546
3716 3697 0.0042546
781 3699 0.00040179
3700 3699 0.00040179
3701 3699 0.00040179
553 3701 0.00044992
3702 3701 0.00044992
3703 3701 0.00044992
781 3702 0.00011531
3700 3702 0.00011531
3701 3702 0.00011531
98 3703 0.00078472
3704 3703 0.00078472
3705 3703 0.00078472
553 3704 0.00042353
3702 3704 0.00042353
3703 3704 0.00042353
1972 3705 0.008809
3706 3705 0.008809
3707 3705 0.008809
3736 3705 0.008809
98 3706 0.0025941
3704 3706 0.0025941
3705 3706 0.0025941
134 3707 0.00088107
3708 3707 0.00088107
3709 3707 0.00088107
1972 3708 0.97057
3706 3708 0.97057
3707 3708 0.97057
3736 3708 0.97057
3051 3709 0.0002745
3710 3709 0.0002745
3711 3709 0.0002745
134 3710 0.93838
3708 3710 0.93838
3709 3710 0.93838
3051 3712 0.96975
3710 3712 0.96975
3711 3712 0.96975
3688 3713 0.00091908
3714 3713 0.00091908
3715 3713 0.00091908
3713 3714 0.0064331
6921 3714 0.0064331
7114 3714 0.0064331
3688 3716 0.0042546
3714 3716 0.0042546
3715 3716 0.0042546
388 3718 0.00016408
389 3718 0.00016408
3717 3718 0.00016408
6554 3718 0.00016408
398 3720 0.00021077
3718 3720 0.00021077
3719 3720 0.00021077
365 3721 0.025309
3722 3721 0.025309
3723 3721 0.025309
85 3723 0.023584
3724 3723 0.023584
3725 3723 0.023584
3726 3725 0.022663
3727 3725 0.022663
4556 3725 0.022663
85 3726 0.00022916
3724 3726 0.00022916
3725 3726 0.00022916
87 3727 0.023764
3728 3727 0.023764
3729 3727 0.023764
3726 3728 0.0002151
3727 3728 0.0002151
4556 3728 0.0002151
373 3729 0.024792
3730 3729 0.024792
3731 3729 0.024792
87 3730 0.00027095
3728 3730 0.00027095
3729 3730 0.00027095
91 3731 0.02543
3732 3731 0.02543
3733 3731 0.02543
373 3732 0.00028187
3730 3732 0.00028187
3731 3732 0.00028187
411 3733 0.030002
3734 3733 0.030002
3735 3733 0.030002
1972 3735 0.030905
3706 3735 0.030905
3707 3735 0.030905
3736 3735 0.030905
411 3736 0.0068519
3734 3736 0.0068519
3735 3736 0.0068519
101 3737 0.00083889
367 3737 0.00083889
3738 3737 0.00083889
99 3738 0.00020178
366 3738 0.00020178
3737 3738 0.00020178
4685 3962 0.96473
5086 3962 0.96473
6876 3963 0.00041541
1129 3964 0.00030958
3963 3964 0.00030958
1582 4523 0.00024016
1585 4523 0.00024016
4524 4523 0.00024016
4523 4524 0.00010901
4526 4524 0.00010901
6551 4524 0.00010901
4523 4525 0.00017727
4526 4525 0.00017727
6551 4525 0.00017727
4525 4526 0.00082374
6553 4526 0.00082374
6577 4526 0.00082374
3726 4555 0.0018425
3727 4555 0.0018425
4556 4555 0.0018425
100 4556 0.00072805
102 4556 0.00072805
4555 4556 0.00072805
92 4558 0.00078416
4557 4558 0.00078416
6569 4558 0.00078416
426 4660 0.029847
3720 4660 0.029847
3721 4660 0.029847
4661 4660 0.029847
2146 4662 0.96417
3712 4662 0.96417
4663 4662 0.96417
7113 4662 0.96417
3347 4684 0.035362
3354 4684 0.035362
4683 4684 0.035362
4685 5085 0.0013902
5086 5085 0.0013902
5087 5086 0.96607
5271 5086 0.96607
1129 5087 0.0016349
3963 5087 0.0016349
7272 5088 0.00046522
7274 5088 0.00046522
5088 5093 0.0004654
5094 5093 0.0004654
3121 5237 0.00054764
3328 5237 0.00054764
3329 5237 0.00054764
2149 5260 0.0060455
7287 5260 0.0060455
3638 5267 0.000166
3640 5267 0.000166
5268 5267 0.000166
3138 5268 0.00083368
5832 5268 0.00083368
6422 5268 0.00083368
3122 5269 0.0023136
5270 5269 0.0023136
6233 5269 0.0023136
2753 5270 0.00055045
3327 5270 0.00055045
5237 5270 0.00055045
3964 5271 0.96448
6738 5271 0.96448
1975 5692 0.00029853
3091 5692 0.00029853
5682 5692 0.00029853
5693 5692 0.00029853
2352 5832 0.00073891
2355 5832 0.00073891
5269 5832 0.00073891
5839 5840 0.00012761
5842 5840 0.00012761
5848 5840 0.00012761
5841 5842 0.00012761
5844 5842 0.00012761
5850 5842 0.00012761
3666 5844 0.00012761
3667 5844 0.00012761
5843 5844 0.00012761
3670 5852 0.00022447
3679 5852 0.00022447
5851 5852 0.00022447
5852 5854 0.00022447
5853 5854 0.00022447
3125 5948 0.00015142
3128 5948 0.00015142
5949 5948 0.00015142
4020 6231 0.00017838
6232 6231 0.00017838
6351 6231 0.00017838
6231 6233 0.00022562
6234 6233 0.00022562
6354 6233 0.00022562
950 6351 0.00016528
6352 6351 0.00016528
6353 6351 0.00016528
6356 6351 0.00016528
2354 6353 0.00025243
2357 6353 0.00025243
6357 6362 0.00011765
6361 6362 0.00011765
6364 6363 0.00010591
6410 6363 0.00010591
6411 6363 0.00010591
3140 6371 0.00028209
6372 6371 0.00028209
6373 6371 0.00028209
6407 6371 0.00028209
3143 6373 0.00023709
3146 6373 0.00023709
6374 6373 0.00023709
6375 6373 0.00023709
6376 6375 0.00021486
6377 6375 0.00021486
6417 6375 0.00021486
5952 6377 0.00016659
6378 6377 0.00016659
6379 6377 0.00016659
3127 6379 0.0001148
3130 6379 0.0001148
6380 6379 0.0001148
6381 6379 0.0001148
6416 6415 0.00016126
6418 6415 0.00016126
6419 6415 0.00016126
6416 6417 0.00011679
6418 6417 0.00011679
6419 6417 0.00011679
3304 6419 0.00027371
6420 6419 0.00027371
6421 6419 0.00027371
3138 6421 0.00029584
5832 6421 0.00029584
6422 6421 0.00029584
3304 6422 0.0030524
6420 6422 0.0030524
6421 6422 0.0030524
3680 6478 0.0010662
3681 6478 0.0010662
3689 6478 0.0010662
6479 6478 0.0010662
4523 6550 0.00079989
4526 6550 0.00079989
6551 6550 0.00079989
4525 6552 0.0030879
6553 6552 0.0030879
6577 6552 0.0030879
5840 6563 0.00012761
5846 6563 0.00012761
6562 6563 0.00012761
92 6568 0.0040495
4557 6568 0.0040495
6569 6568 0.0040495
1580 6573 0.00019594
1583 6573 0.00019594
6572 6573 0.00019594
6575 6573 0.00019594
1580 6574 0.00014979
1583 6574 0.00014979
6572 6574 0.00014979
6575 6574 0.00014979
776 6575 0.00035534
6574 6575 0.00035534
86 6577 0.0037456
89 6577 0.0037456
6576 6577 0.0037456
4662 6738 0.96417
6739 6738 0.96417
724 6795 0.0060455
2147 6795 0.0060455
6794 6795 0.0060455
5093 6875 0.00041541
6875 6876 0.00041541
3713 6920 0.099971
6921 6920 0.099971
7114 6920 0.099971
723 6921 0.0011403
6920 6921 0.0011403
3713 7113 0.0019587
6921 7113 0.0019587
7114 7113 0.0019587
2146 7114 0.1063
3712 7114 0.1063
4663 7114 0.1063
7113 7114 0.1063
1576 7148 0.00012365
7149 7148 0.00012365
6952 7160 0.00014005
7161 7160 0.00014005
7162 7160 0.00014005
6939 7162 0.00010965
7067 7162 0.00010965
7163 7162 0.00010965
7164 7162 0.00010965
6363 7164 0.00010082
6943 7164 0.00010082
7165 7164 0.00010082
4660 7220 0.029847
7221 7220 0.029847
1127 7274 0.00045345
3095 7274 0.00045345
3098 7274 0.00045345
