145 146 0.00015682
2374 146 0.00015682
2730 146 0.00015682
5260 723 0.00011083
723 724 0.0069146
6920 724 0.0069146
5085 1129 0.00048555
5267 1129 0.00048555
1528 1530 0.0078642
1531 1530 0.0078642
3303 1530 0.0078642
1530 1531 0.072702
1533 1531 0.072702
2850 1531 0.072702
1530 1532 0.0078664
1533 1532 0.0078664
2850 1532 0.0078664
1532 1533 0.045718
2851 1533 0.045718
3339 1533 0.045718
146 1548 0.0002008
1546 1548 0.0002008
1549 1548 0.0002008
724 2146 0.0068842
2147 2146 0.0068842
6794 2146 0.0068842
2148 2149 0.00011032
6795 2149 0.00011032
2353 2352 0.00096031
3337 2352 0.00096031
2352 2353 0.0029081
2355 2353 0.0029081
5269 2353 0.0029081
2352 2354 0.00032636
2355 2354 0.00032636
5269 2354 0.00032636
2354 2355 0.00070083
2357 2355 0.00070083
2356 2357 0.00070518
2359 2357 0.00070518
6362 2357 0.00070518
7160 2357 0.00070518
2078 2359 0.00044192
2358 2359 0.00044192
2361 2359 0.00044192
6371 2359 0.00044192
145 2375 0.00010781
2374 2375 0.00010781
2730 2375 0.00010781
79 2679 0.00023232
2680 2679 0.00023232
2681 2679 0.00023232
2682 2681 0.00022609
2683 2681 0.00022609
2804 2681 0.00022609
2712 2711 1
2713 2711 1
2715 2711 1
2709 2721 0.00041224
2722 2721 0.00041224
2723 2721 0.00041224
6588 2721 0.00041224
2711 2722 0.00041388
2721 2722 0.00041388
3641 2722 0.00041388
2724 2723 0.00041224
2725 2723 0.00041224
2861 2723 0.00041224
2709 2724 0.00041388
2722 2724 0.00041388
2723 2724 0.00041388
6588 2724 0.00041388
2679 2725 0.00041224
2726 2725 0.00041224
2727 2725 0.00041224
2724 2726 0.00041388
2725 2726 0.00041388
2861 2726 0.00041388
2728 2727 0.00020211
2729 2727 0.00020211
2873 2727 0.00020211
2679 2728 0.00039543
2726 2728 0.00039543
2727 2728 0.00039543
2728 2730 0.00025258
2729 2730 0.00025258
2873 2730 0.00025258
1000 2804 0.00022
1548 2804 0.00022
2805 2804 0.00022
2874 2804 0.00022
2375 2807 0.00010627
2376 2807 0.00010627
2806 2807 0.00010627
1530 2849 0.02799
1533 2849 0.02799
2850 2849 0.02799
600 2850 0.054976
2849 2850 0.054976
3344 2850 0.054976
3345 2850 0.054976
1000 2873 0.00016734
1548 2873 0.00016734
2805 2873 0.00016734
2874 2873 0.00016734
2728 2874 0.00017074
2729 2874 0.00017074
2873 2874 0.00017074
3054 3053 0.0018898
3685 3053 0.0018898
3053 3054 0.00028104
3682 3054 0.00028104
3683 3054 0.00028104
3107 3109 0.00014642
3110 3109 0.00014642
3309 3109 0.00014642
3310 3109 0.00014642
3121 3122 0.0015678
3328 3122 0.0015678
3329 3122 0.0015678
3124 3123 0.00061533
3307 3123 0.00061533
3308 3123 0.00061533
3637 3123 0.00061533
3123 3124 0.00015309
3126 3124 0.00015309
3312 3124 0.00015309
3123 3125 0.00057855
3126 3125 0.00057855
3312 3125 0.00057855
3125 3127 0.00026565
3128 3127 0.00026565
5949 3127 0.00026565
3136 3135 0.00011437
3305 3135 0.00011437
3306 3135 0.00011437
3135 3136 0.00030838
5948 3136 0.00030838
5953 3136 0.00030838
3138 3137 0.0070724
5832 3137 0.0070724
6422 3137 0.0070724
3137 3138 0.0010674
3302 3138 0.0010674
3338 3138 0.0010674
1528 3302 0.072702
1531 3302 0.072702
3303 3302 0.072702
3137 3303 0.0078642
3302 3303 0.0078642
3338 3303 0.0078642
3136 3304 0.0065215
3305 3304 0.0065215
3306 3304 0.0065215
3124 3306 0.0063891
3307 3306 0.0063891
3308 3306 0.0063891
3637 3306 0.0063891
3136 3307 0.00012316
3305 3307 0.00012316
3306 3307 0.00012316
3124 3309 0.00014642
3307 3309 0.00014642
3308 3309 0.00014642
3637 3309 0.00014642
3109 3312 0.00011914
3112 3312 0.00011914
3313 3312 0.00011914
3314 3312 0.00011914
2353 3328 0.0021125
3337 3328 0.0021125
3137 3337 1.0002
3302 3337 1.0002
3338 3337 1.0002
3343 3338 0.92932
3639 3338 0.92932
3962 3338 0.92932
3340 3339 0.045718
3342 3339 0.045718
3960 3339 0.045718
1532 3340 0.0078664
2851 3340 0.0078664
3339 3340 0.0078664
3340 3341 0.0078664
3342 3341 0.0078664
3960 3341 0.0078664
3341 3342 0.045718
3346 3342 0.045718
4684 3342 0.045718
600 3343 0.83964
2849 3343 0.83964
3344 3343 0.83964
3345 3343 0.83964
3343 3344 0.00054034
3639 3344 0.00054034
3962 3344 0.00054034
3341 3345 0.86617
3346 3345 0.86617
4684 3345 0.86617
73 3347 0.90393
3348 3347 0.90393
3349 3347 0.90393
3350 3349 0.90393
3351 3349 0.90393
3363 3349 0.90393
3352 3351 0.8874
3366 3351 0.8874
3691 3351 0.8874
3350 3352 0.00040785
3351 3352 0.00040785
3363 3352 0.00040785
3364 3363 0.017732
3365 3363 0.017732
3367 3363 0.017732
3350 3364 0.0007994
3351 3364 0.0007994
3363 3364 0.0007994
3352 3365 0.0093317
3366 3365 0.0093317
3691 3365 0.0093317
3364 3366 0.0091953
3365 3366 0.0091953
3367 3366 0.0091953
3368 3367 0.017065
3369 3367 0.017065
3665 3367 0.017065
3364 3368 0.00026809
3365 3368 0.00026809
3367 3368 0.00026809
3370 3369 0.012907
3692 3369 0.012907
3693 3369 0.012907
3368 3370 0.0023712
3369 3370 0.0023712
3665 3370 0.0023712
3638 3637 0.0071058
3640 3637 0.0071058
5268 3637 0.0071058
3124 3638 0.00025082
3307 3638 0.00025082
3308 3638 0.00025082
3637 3638 0.00025082
3638 3639 0.0011143
3640 3639 0.0011143
5268 3639 0.0011143
3343 3640 0.0073011
3639 3640 0.0073011
3962 3640 0.0073011
2711 3642 1
2721 3642 1
3641 3642 1
3666 3665 0.0063388
3667 3665 0.0063388
5843 3665 0.0063388
3668 3667 0.0040123
3669 3667 0.0040123
6478 3667 0.0040123
3670 3669 0.0020387
3679 3669 0.0020387
5851 3669 0.0020387
3668 3670 0.00079745
3669 3670 0.00079745
6478 3670 0.00079745
3672 3671 0.0019963
3673 3671 0.0019963
3675 3671 0.0019963
3671 3672 0.00058625
5854 3672 0.00058625
3674 3673 0.0029441
3696 3673 0.0029441
3697 3673 0.0029441
3672 3674 0.00076436
3673 3674 0.00076436
3675 3674 0.00076436
3676 3675 0.00025325
3677 3675 0.00025325
3690 3675 0.00025325
3672 3676 0.0010229
3673 3676 0.0010229
3675 3676 0.0010229
3680 3679 0.00084571
3681 3679 0.00084571
3689 3679 0.00084571
6479 3679 0.00084571
3670 3680 0.0010145
3679 3680 0.0010145
5851 3680 0.0010145
3053 3681 0.0025121
3682 3681 0.0025121
3683 3681 0.0025121
3680 3682 0.00077488
3681 3682 0.00077488
3689 3682 0.00077488
6479 3682 0.00077488
3684 3683 0.002279
3686 3683 0.002279
3687 3683 0.002279
3053 3684 0.0021506
3682 3684 0.0021506
3683 3684 0.0021506
3684 3685 0.0018898
3686 3685 0.0018898
3687 3685 0.0018898
3054 3686 0.00028104
3685 3686 0.00028104
3688 3687 0.0039512
3714 3687 0.0039512
3715 3687 0.0039512
3684 3688 0.0022141
3686 3688 0.0022141
3687 3688 0.0022141
3676 3689 0.0010229
3677 3689 0.0010229
3690 3689 0.0010229
3680 3690 0.00025325
3681 3690 0.00025325
3689 3690 0.00025325
6479 3690 0.00025325
3370 3691 0.88748
3692 3691 0.88748
3693 3691 0.88748
3352 3692 0.00035198
3366 3692 0.00035198
3691 3692 0.00035198
3694 3693 0.89772
3695 3693 0.89772
6563 3693 0.89772
3674 3695 0.90004
3696 3695 0.90004
3697 3695 0.90004
3642 3697 0.90225
3698 3697 0.90225
3716 3697 0.90225
134 3710 0.00010329
3708 3710 0.00010329
3709 3710 0.00010329
2146 3711 0.00014459
3712 3711 0.00014459
4663 3711 0.00014459
7113 3711 0.00014459
3051 3712 0.00013131
3710 3712 0.00013131
3711 3712 0.00013131
3688 3713 0.096088
3714 3713 0.096088
3715 3713 0.096088
3642 3715 0.097843
3698 3715 0.097843
3716 3715 0.097843
4685 3962 0.096405
5086 3962 0.096405
2146 4662 0.096058
3712 4662 0.096058
4663 4662 0.096058
7113 4662 0.096058
3347 4684 0.90394
3354 4684 0.90394
4683 4684 0.90394
4685 5085 0.00013892
5086 5085 0.00013892
5087 5086 0.096539
5271 5086 0.096539
1129 5087 0.00040866
3963 5087 0.00040866
3121 5237 0.0005476
3328 5237 0.0005476
3329 5237 0.0005476
2149 5260 0.00011083
7287 5260 0.00011083
3638 5267 0.00035167
3640 5267 0.00035167
5268 5267 0.00035167
3138 5268 0.0010197
5832 5268 0.0010197
6422 5268 0.0010197
3122 5269 0.0023138
5270 5269 0.0023138
6233 5269 0.0023138
2753 5270 0.00055025
3327 5270 0.00055025
5237 5270 0.00055025
3964 5271 0.096135
6738 5271 0.096135
2352 5832 0.00074045
2355 5832 0.00074045
5269 5832 0.00074045
5840 5839 0.0029083
5846 5839 0.0029083
6562 5839 0.0029083
5839 5840 0.00056428
5842 5840 0.00056428
5848 5840 0.00056428
5839 5841 0.0029083
5842 5841 0.0029083
5848 5841 0.0029083
5841 5842 0.00056428
5844 5842 0.00056428
5850 5842 0.00056428
5841 5843 0.0029083
5844 5843 0.0029083
5850 5843 0.0029083
3666 5844 0.00056428
3667 5844 0.00056428
5843 5844 0.00056428
5852 5851 0.0019963
5853 5851 0.0019963
3670 5852 0.00058625
3679 5852 0.00058625
5851 5852 0.00058625
3671 5853 0.0019963
5854 5853 0.0019963
5852 5854 0.00058625
5853 5854 0.00058625
3125 5948 0.00032644
3128 5948 0.00032644
5949 5948 0.00032644
3135 5952 0.0001565
5948 5952 0.0001565
5953 5952 0.0001565
4020 6231 0.00017871
6232 6231 0.00017871
6351 6231 0.00017871
6231 6233 0.0002261
6234 6233 0.0002261
6354 6233 0.0002261
950 6351 0.00016575
6352 6351 0.00016575
6353 6351 0.00016575
6356 6351 0.00016575
2354 6353 0.00025314
2357 6353 0.00025314
6357 6362 0.00012005
6361 6362 0.00012005
6364 6363 0.00013718
6410 6363 0.00013718
6411 6363 0.00013718
3140 6371 0.00042148
6372 6371 0.00042148
6373 6371 0.00042148
6407 6371 0.00042148
3143 6373 0.00036994
3146 6373 0.00036994
6374 6373 0.00036994
6375 6373 0.00036994
6376 6375 0.00034923
6377 6375 0.00034923
6417 6375 0.00034923
5952 6377 0.00034568
6378 6377 0.00034568
6379 6377 0.00034568
3127 6379 0.0002448
3130 6379 0.0002448
6380 6379 0.0002448
6381 6379 0.0002448
5834 6411 0.00011934
6412 6411 0.00011934
6413 6411 0.00011934
3142 6413 0.00011934
6414 6413 0.00011934
6415 6413 0.00011934
6416 6415 0.00019937
6418 6415 0.00019937
6419 6415 0.00019937
6416 6417 0.00014391
6418 6417 0.00014391
6419 6417 0.00014391
6376 6418 0.00014182
6377 6418 0.00014182
6417 6418 0.00014182
3304 6419 0.00033556
6420 6419 0.00033556
6421 6419 0.00033556
6416 6420 0.00015986
6418 6420 0.00015986
6419 6420 0.00015986
3138 6421 0.00032674
5832 6421 0.00032674
6422 6421 0.00032674
3304 6422 0.006611
6420 6422 0.006611
6421 6422 0.006611
3680 6478 0.0028727
3681 6478 0.0028727
3689 6478 0.0028727
6479 6478 0.0028727
3668 6479 0.00019712
3669 6479 0.00019712
6478 6479 0.00019712
3694 6562 0.0029083
3695 6562 0.0029083
6563 6562 0.0029083
5840 6563 0.00056428
5846 6563 0.00056428
6562 6563 0.00056428
4662 6738 0.096058
6739 6738 0.096058
724 6795 0.00011032
2147 6795 0.00011032
6794 6795 0.00011032
3713 6920 0.0068246
6921 6920 0.0068246
7114 6920 0.0068246
3713 7113 0.089566
6921 7113 0.089566
7114 7113 0.089566
2146 7114 0.00030062
3712 7114 0.00030062
4663 7114 0.00030062
7113 7114 0.00030062
6952 7160 0.00017318
7161 7160 0.00017318
7162 7160 0.00017318
6939 7162 0.00013951
7067 7162 0.00013951
7163 7162 0.00013951
7164 7162 0.00013951
6363 7164 0.0001302
6943 7164 0.0001302
7165 7164 0.0001302
