5835 433 0.00014014
548 547 0.012937
6226 547 0.012937
6227 547 0.012937
6230 547 0.012937
547 548 0.0061732
2073 548 0.0061732
7094 548 0.0061732
948 950 0.010793
951 950 0.010793
6355 950 0.010793
950 951 0.002849
6352 951 0.002849
6353 951 0.002849
6356 951 0.002849
995 994 0.041005
6359 994 0.041005
6360 994 0.041005
994 995 0.026391
997 995 0.026391
2076 995 0.026391
2077 995 0.026391
994 996 0.097659
997 996 0.097659
2076 996 0.097659
2077 996 0.097659
996 997 0.034429
3119 997 0.034429
4790 997 0.034429
6237 997 0.034429
6874 1128 0.043092
5085 1129 0.00019256
5267 1129 0.00019256
1528 1530 0.023976
1531 1530 0.023976
3303 1530 0.023976
1530 1532 0.00024482
1533 1532 0.00024482
2850 1532 0.00024482
2072 2071 0.053083
2074 2071 0.053083
2075 2071 0.053083
3906 2071 0.053083
2071 2072 0.021163
6238 2072 0.021163
6239 2072 0.021163
2072 2073 0.031735
2074 2073 0.031735
2075 2073 0.031735
3906 2073 0.031735
547 2074 0.0046132
2073 2074 0.0046132
7094 2074 0.0046132
994 2075 0.042731
997 2075 0.042731
2076 2075 0.042731
2077 2075 0.042731
2072 2076 0.03089
2074 2076 0.03089
2075 2076 0.03089
3906 2076 0.03089
2078 2077 0.11311
2358 2077 0.11311
2361 2077 0.11311
6371 2077 0.11311
994 2078 0.052653
997 2078 0.052653
2076 2078 0.052653
2077 2078 0.052653
2349 2348 0.0088933
5903 2348 0.0088933
5986 2348 0.0088933
7105 2348 0.0088933
2348 2349 0.00028398
5239 2349 0.00028398
5739 2349 0.00028398
2350 2351 0.73628
5671 2351 0.73628
5836 2351 0.73628
2353 2352 0.64951
3337 2352 0.64951
2352 2353 0.00012573
2355 2353 0.00012573
5269 2353 0.00012573
2352 2354 0.67104
2355 2354 0.67104
5269 2354 0.67104
2354 2356 0.59668
2357 2356 0.59668
2356 2357 0.00078269
2359 2357 0.00078269
6362 2357 0.00078269
7160 2357 0.00078269
2356 2358 0.65907
2359 2358 0.65907
6362 2358 0.65907
7160 2358 0.65907
2078 2359 0.0020249
2358 2359 0.0020249
2361 2359 0.0020249
6371 2359 0.0020249
2078 2360 0.67827
2358 2360 0.67827
2361 2360 0.67827
6371 2360 0.67827
2360 2361 0.0019134
2363 2361 0.0019134
3120 2361 0.0019134
2360 2362 0.65702
2363 2362 0.65702
3120 2362 0.65702
2362 2363 0.0039671
2365 2363 0.0039671
6395 2363 0.0039671
2362 2364 0.72313
2365 2364 0.72313
6395 2364 0.72313
2364 2365 0.00036552
2367 2365 0.00036552
6366 2365 0.00036552
6367 2365 0.00036552
2364 2366 0.84201
2367 2366 0.84201
6366 2366 0.84201
6367 2366 0.84201
2366 2367 0.00078835
7006 2367 0.00078835
7086 2367 0.00078835
1530 2849 0.023748
1533 2849 0.023748
2850 2849 0.023748
3107 3109 0.0019757
3110 3109 0.0019757
3309 3109 0.0019757
3310 3109 0.0019757
3109 3111 0.0028037
3112 3111 0.0028037
3313 3111 0.0028037
3314 3111 0.0028037
3111 3113 0.0028273
3114 3113 0.0028273
6382 3113 0.0028273
6383 3113 0.0028273
3113 3115 0.0018059
3116 3115 0.0018059
6106 3115 0.0018059
3118 3117 0.018165
6390 3117 0.018165
6391 3117 0.018165
3117 3118 0.00045255
5957 3118 0.00045255
6368 3118 0.00045255
6369 3118 0.00045255
2360 3119 0.079644
2363 3119 0.079644
3120 3119 0.079644
996 3120 0.05634
3119 3120 0.05634
4790 3120 0.05634
6237 3120 0.05634
3122 3121 0.00029709
5270 3121 0.00029709
6233 3121 0.00029709
3121 3122 0.075701
3328 3122 0.075701
3329 3122 0.075701
3124 3123 0.017673
3307 3123 0.017673
3308 3123 0.017673
3637 3123 0.017673
3123 3124 0.00020426
3126 3124 0.00020426
3312 3124 0.00020426
3123 3125 0.016856
3126 3125 0.016856
3312 3125 0.016856
3125 3126 0.00022121
3128 3126 0.00022121
5949 3126 0.00022121
3125 3127 0.017938
3128 3127 0.017938
5949 3127 0.017938
3127 3128 0.00012242
3130 3128 0.00012242
6380 3128 0.00012242
6381 3128 0.00012242
3127 3129 0.020439
3130 3129 0.020439
6380 3129 0.020439
6381 3129 0.020439
3129 3130 0.00012536
3132 3130 0.00012536
6105 3130 0.00012536
6108 3130 0.00012536
3129 3131 0.01914
3132 3131 0.01914
6105 3131 0.01914
6108 3131 0.01914
3131 3132 0.00010719
3134 3132 0.00010719
6402 3132 0.00010719
6403 3132 0.00010719
3131 3133 0.019547
3134 3133 0.019547
6402 3133 0.019547
6403 3133 0.019547
3136 3135 0.0099519
3305 3135 0.0099519
3306 3135 0.0099519
3135 3136 0.0003819
5948 3136 0.0003819
5953 3136 0.0003819
3138 3137 0.0006882
5832 3137 0.0006882
6422 3137 0.0006882
3137 3138 0.20415
3302 3138 0.20415
3338 3138 0.20415
3140 3139 0.041318
6372 3139 0.041318
6373 3139 0.041318
6407 3139 0.041318
3139 3140 0.0066316
3910 3140 0.0066316
6112 3140 0.0066316
3142 3141 0.051419
6414 3141 0.051419
6415 3141 0.051419
3141 3142 0.0010548
3144 3142 0.0010548
4787 3142 0.0010548
3141 3143 0.045637
3144 3143 0.045637
4787 3143 0.045637
3143 3144 0.0030324
3146 3144 0.0030324
6374 3144 0.0030324
6375 3144 0.0030324
3143 3145 0.049673
3146 3145 0.049673
6374 3145 0.049673
6375 3145 0.049673
3145 3146 0.00073915
3148 3146 0.00073915
3911 3146 0.00073915
6109 3146 0.00073915
3145 3147 0.038799
3148 3147 0.038799
3911 3147 0.038799
6109 3147 0.038799
3147 3148 0.00068985
5951 3148 0.00068985
6398 3148 0.00068985
6399 3148 0.00068985
3137 3303 0.023976
3302 3303 0.023976
3338 3303 0.023976
3136 3304 0.0014545
3305 3304 0.0014545
3306 3304 0.0014545
3304 3305 0.013405
6420 3305 0.013405
6421 3305 0.013405
3124 3306 0.0028213
3307 3306 0.0028213
3308 3306 0.0028213
3637 3306 0.0028213
3136 3307 0.0052017
3305 3307 0.0052017
3306 3307 0.0052017
3124 3309 0.0019757
3307 3309 0.0019757
3308 3309 0.0019757
3637 3309 0.0019757
3109 3312 0.00044777
3112 3312 0.00044777
3313 3312 0.00044777
3314 3312 0.00044777
3123 3313 0.0012818
3126 3313 0.0012818
3312 3313 0.0012818
3317 3316 0.079998
5238 3316 0.079998
7089 3316 0.079998
3316 3317 0.00084081
7005 3317 0.00084081
7008 3317 0.00084081
7088 3317 0.00084081
3319 3318 0.070531
5985 3318 0.070531
7093 3318 0.070531
7095 3318 0.070531
3318 3319 0.00051962
6983 3319 0.00051962
7092 3319 0.00051962
3321 3320 0.033896
3322 3320 0.033896
7097 3320 0.033896
3320 3321 0.0059756
6977 3321 0.0059756
7096 3321 0.0059756
3323 3322 0.038675
3324 3322 0.038675
7103 3322 0.038675
3321 3323 0.0012624
3322 3323 0.0012624
7097 3323 0.0012624
3325 3324 0.036984
3326 3324 0.036984
7099 3324 0.036984
3323 3325 0.0026376
3324 3325 0.0026376
7103 3325 0.0026376
2753 3326 0.042516
3327 3326 0.042516
5237 3326 0.042516
3325 3327 0.0003602
3326 3327 0.0003602
7099 3327 0.0003602
2353 3328 0.13218
3337 3328 0.13218
3331 3332 0.00093819
5827 3332 0.00093819
5829 3332 0.00093819
3332 3333 0.00093819
3334 3333 0.00093819
3333 3335 0.00087771
3336 3335 0.00087771
6225 3335 0.00087771
3335 3336 0.0047609
5823 3336 0.0047609
5831 3336 0.0047609
6967 3336 0.0047609
3137 3337 0.78157
3302 3337 0.78157
3338 3337 0.78157
3343 3338 1.009
3639 3338 1.009
3962 3338 1.009
1532 3340 0.00024482
2851 3340 0.00024482
3339 3340 0.00024482
3340 3341 0.00024482
3342 3341 0.00024482
3960 3341 0.00024482
600 3343 0.023967
2849 3343 0.023967
3344 3343 0.023967
3345 3343 0.023967
3341 3345 0.00024481
3346 3345 0.00024481
4684 3345 0.00024481
3638 3637 0.017938
3640 3637 0.017938
5268 3637 0.017938
3124 3638 0.00089381
3307 3638 0.00089381
3308 3638 0.00089381
3637 3638 0.00089381
3638 3639 0.0006727
3640 3639 0.0006727
5268 3639 0.0006727
3343 3640 0.01567
3639 3640 0.01567
3962 3640 0.01567
3907 3906 0.062274
4019 3906 0.062274
6228 3906 0.062274
6358 3906 0.062274
2072 3907 0.015074
2074 3907 0.015074
2075 3907 0.015074
3906 3907 0.015074
3909 3908 0.0049764
6113 3908 0.0049764
6400 3908 0.0049764
6401 3908 0.0049764
3908 3909 0.00061302
6392 3909 0.00061302
6393 3909 0.00061302
3145 3910 0.014017
3148 3910 0.014017
3911 3910 0.014017
6109 3910 0.014017
3139 3911 0.0051215
3910 3911 0.0051215
6112 3911 0.0051215
4020 4019 0.078173
6232 4019 0.078173
6351 4019 0.078173
3907 4020 0.0021672
4019 4020 0.0021672
6228 4020 0.0021672
6358 4020 0.0021672
6737 4659 0.00050742
4788 4787 0.0061127
6408 4787 0.0061127
6409 4787 0.0061127
3141 4788 0.013872
3144 4788 0.013872
4787 4788 0.013872
996 4789 0.092052
3119 4789 0.092052
4790 4789 0.092052
6237 4789 0.092052
4789 4790 0.011103
6240 4790 0.011103
6365 4790 0.011103
4659 5064 0.00050818
5065 5064 0.00050818
4685 5085 0.00016528
5086 5085 0.00016528
5087 5086 0.00019253
5271 5086 0.00019253
1129 5087 0.0001619
3963 5087 0.0001619
5091 5090 0.032115
5838 5090 0.032115
1128 5091 0.043103
5092 5091 0.043103
3121 5237 0.056778
3328 5237 0.056778
3329 5237 0.056778
2348 5238 0.0094277
5239 5238 0.0094277
5739 5238 0.0094277
3317 5239 0.00028161
5238 5239 0.00028161
7089 5239 0.00028161
5064 5241 0.0005077
5240 5241 0.0005077
3638 5267 0.043119
3640 5267 0.043119
5268 5267 0.043119
3138 5268 0.045167
5832 5268 0.045167
6422 5268 0.045167
3122 5269 0.031085
5270 5269 0.031085
6233 5269 0.031085
2753 5270 0.014622
3327 5270 0.014622
5237 5270 0.014622
2350 5669 0.00036728
5671 5669 0.00036728
5836 5669 0.00036728
2350 5670 0.0009365
5671 5670 0.0009365
5836 5670 0.0009365
5670 5671 0.70556
6385 5671 0.70556
7085 5671 0.70556
5241 5739 0.00054694
5738 5739 0.00054694
7218 5739 0.00054694
3335 5822 0.0032812
5823 5822 0.0032812
5831 5822 0.0032812
6967 5822 0.0032812
5822 5823 0.004444
6963 5823 0.004444
7102 5823 0.004444
7104 5823 0.004444
5825 5824 0.00025235
5826 5824 0.00025235
5830 5824 0.00025235
5824 5825 0.0051642
6964 5825 0.0051642
7100 5825 0.0051642
5825 5827 0.00093819
5826 5827 0.00093819
5830 5827 0.00093819
3335 5830 0.00058956
5823 5830 0.00058956
5831 5830 0.00058956
6967 5830 0.00058956
5825 5831 0.004641
5826 5831 0.004641
5830 5831 0.004641
2352 5832 0.0095203
2355 5832 0.0095203
5269 5832 0.0095203
6877 5835 0.03207
5835 5836 0.03193
5091 5837 0.012277
5838 5837 0.012277
5837 5838 0.001289
6927 5838 0.001289
7069 5838 0.001289
7112 5838 0.001289
3125 5948 0.0013149
3128 5948 0.0013149
5949 5948 0.0013149
3135 5949 0.0024959
5948 5949 0.0024959
5953 5949 0.0024959
3147 5950 0.014585
5951 5950 0.014585
6398 5950 0.014585
6399 5950 0.014585
5950 5951 0.00082383
6389 5951 0.00082383
6405 5951 0.00082383
3135 5952 0.0089962
5948 5952 0.0089962
5953 5952 0.0089962
5952 5953 0.0006072
6378 5953 0.0006072
6379 5953 0.0006072
3133 5954 0.019454
5955 5954 0.019454
6394 5954 0.019454
5954 5955 0.00013106
6370 5955 0.00013106
6388 5955 0.00013106
7111 5955 0.00013106
3117 5956 0.027035
5957 5956 0.027035
6368 5956 0.027035
6369 5956 0.027035
5956 5957 0.0021449
6386 5957 0.0021449
6387 5957 0.0021449
2349 5985 0.0003024
5903 5985 0.0003024
5986 5985 0.0003024
7105 5985 0.0003024
3319 5986 0.0089424
5985 5986 0.0089424
7093 5986 0.0089424
7095 5986 0.0089424
3113 6105 0.0015397
3116 6105 0.0015397
6106 6105 0.0015397
3129 6106 0.00051944
3132 6106 0.00051944
6105 6106 0.00051944
6108 6106 0.00051944
3129 6107 0.0039832
3132 6107 0.0039832
6105 6107 0.0039832
6108 6107 0.0039832
6107 6108 0.0016824
6110 6108 0.0016824
6114 6108 0.0016824
6107 6109 0.0023763
6110 6109 0.0023763
6114 6109 0.0023763
3145 6110 0.0043054
3148 6110 0.0043054
3911 6110 0.0043054
6109 6110 0.0043054
3139 6111 0.046206
3910 6111 0.046206
6112 6111 0.046206
6111 6112 0.0026246
6396 6112 0.0026246
6397 6112 0.0026246
6406 6112 0.0026246
6107 6113 0.0048141
6110 6113 0.0048141
6114 6113 0.0048141
3909 6114 0.00058421
6113 6114 0.00058421
6400 6114 0.00058421
6401 6114 0.00058421
548 6225 0.0007501
6226 6225 0.0007501
6227 6225 0.0007501
6230 6225 0.0007501
3333 6226 0.0054938
3336 6226 0.0054938
6225 6226 0.0054938
3907 6227 0.020221
4019 6227 0.020221
6228 6227 0.020221
6358 6227 0.020221
548 6228 0.010847
6226 6228 0.010847
6227 6228 0.010847
6230 6228 0.010847
548 6229 0.014829
6226 6229 0.014829
6227 6229 0.014829
6230 6229 0.014829
6229 6230 0.0074754
6979 6230 0.0074754
7063 6230 0.0074754
4020 6231 0.0071306
6232 6231 0.0071306
6351 6231 0.0071306
6231 6232 0.058127
6234 6232 0.058127
6354 6232 0.058127
6231 6233 0.0031101
6234 6233 0.0031101
6354 6233 0.0031101
3122 6234 0.062051
5270 6234 0.062051
6233 6234 0.062051
2071 6237 0.029158
6238 6237 0.029158
6239 6237 0.029158
996 6238 0.034745
3119 6238 0.034745
4790 6238 0.034745
6237 6238 0.034745
4789 6239 0.011632
6240 6239 0.011632
6365 6239 0.011632
2071 6240 0.049139
6238 6240 0.049139
6239 6240 0.049139
950 6351 0.031328
6352 6351 0.031328
6353 6351 0.031328
6356 6351 0.031328
4020 6352 0.0063186
6232 6352 0.0063186
6351 6352 0.0063186
2354 6353 0.075054
2357 6353 0.075054
948 6354 0.002849
951 6354 0.002849
6355 6354 0.002849
6231 6355 0.010793
6234 6355 0.010793
6354 6355 0.010793
6357 6356 0.00016008
6361 6356 0.00016008
950 6357 0.058149
6352 6357 0.058149
6353 6357 0.058149
6356 6357 0.058149
995 6358 0.013252
6359 6358 0.013252
6360 6358 0.013252
3907 6359 0.032684
4019 6359 0.032684
6228 6359 0.032684
6358 6359 0.032684
6357 6360 0.028221
6361 6360 0.028221
995 6361 0.033039
6359 6361 0.033039
6360 6361 0.033039
6357 6362 0.062807
6361 6362 0.062807
6364 6363 0.0083281
6410 6363 0.0083281
6411 6363 0.0083281
6363 6364 0.0099872
6943 6364 0.0099872
7165 6364 0.0099872
2364 6365 0.0135
2367 6365 0.0135
6366 6365 0.0135
6367 6365 0.0135
4789 6366 0.13196
6240 6366 0.13196
6365 6366 0.13196
3117 6367 0.016774
5957 6367 0.016774
6368 6367 0.016774
6369 6367 0.016774
2364 6368 0.016773
2367 6368 0.016773
6366 6368 0.016773
6367 6368 0.016773
5954 6369 0.011341
6370 6369 0.011341
6388 6369 0.011341
7111 6369 0.011341
3117 6370 0.004162
5957 6370 0.004162
6368 6370 0.004162
6369 6370 0.004162
3140 6371 0.098272
6372 6371 0.098272
6373 6371 0.098272
6407 6371 0.098272
2078 6372 0.018499
2358 6372 0.018499
2361 6372 0.018499
6371 6372 0.018499
3143 6373 0.089237
3146 6373 0.089237
6374 6373 0.089237
6375 6373 0.089237
3140 6374 0.0069972
6372 6374 0.0069972
6373 6374 0.0069972
6407 6374 0.0069972
6376 6375 0.089177
6377 6375 0.089177
6417 6375 0.089177
3143 6376 0.00060776
3146 6376 0.00060776
6374 6376 0.00060776
6375 6376 0.00060776
5952 6377 0.0102
6378 6377 0.0102
6379 6377 0.0102
6376 6378 0.0043298
6377 6378 0.0043298
6417 6378 0.0043298
3127 6379 0.003391
3130 6379 0.003391
6380 6379 0.003391
6381 6379 0.003391
5952 6380 0.0059097
6378 6380 0.0059097
6379 6380 0.0059097
3111 6381 0.0011298
3114 6381 0.0011298
6382 6381 0.0011298
6383 6381 0.0011298
3127 6382 0.0011512
3130 6382 0.0011512
6380 6382 0.0011512
6381 6382 0.0011512
5956 6385 0.048438
6386 6385 0.048438
6387 6385 0.048438
5670 6386 0.00041527
6385 6386 0.00041527
7085 6386 0.00041527
5954 6387 0.023489
6370 6387 0.023489
6388 6387 0.023489
7111 6387 0.023489
5956 6388 0.00035682
6386 6388 0.00035682
6387 6388 0.00035682
3118 6389 0.00097529
6390 6389 0.00097529
6391 6389 0.00097529
5950 6390 0.014148
6389 6390 0.014148
6405 6390 0.014148
3908 6391 0.00576
6392 6391 0.00576
6393 6391 0.00576
3118 6392 0.0012195
6390 6392 0.0012195
6391 6392 0.0012195
3133 6393 0.0024421
5955 6393 0.0024421
6394 6393 0.0024421
3908 6394 0.0022649
6392 6394 0.0022649
6393 6394 0.0022649
6111 6395 0.073298
6396 6395 0.073298
6397 6395 0.073298
6406 6395 0.073298
2362 6396 0.0035896
2365 6396 0.0035896
6395 6396 0.0035896
3147 6397 0.029657
5951 6397 0.029657
6398 6397 0.029657
6399 6397 0.029657
6111 6398 0.0041184
6396 6398 0.0041184
6397 6398 0.0041184
6406 6398 0.0041184
3909 6399 0.0047306
6113 6399 0.0047306
6400 6399 0.0047306
6401 6399 0.0047306
3147 6400 0.0035404
5951 6400 0.0035404
6398 6400 0.0035404
6399 6400 0.0035404
3131 6401 0.0037075
3134 6401 0.0037075
6402 6401 0.0037075
6403 6401 0.0037075
3909 6402 0.0023838
6113 6402 0.0023838
6400 6402 0.0023838
6401 6402 0.0023838
3115 6403 0.0018059
5959 6403 0.0018059
6404 6403 0.0018059
6111 6405 0.0034236
6396 6405 0.0034236
6397 6405 0.0034236
6406 6405 0.0034236
5950 6406 0.0040121
6389 6406 0.0040121
6405 6406 0.0040121
4788 6407 0.037996
6408 6407 0.037996
6409 6407 0.037996
3140 6408 0.0057768
6372 6408 0.0057768
6373 6408 0.0057768
6407 6408 0.0057768
6364 6409 0.028278
6410 6409 0.028278
6411 6409 0.028278
4788 6410 0.0038181
6408 6410 0.0038181
6409 6410 0.0038181
5834 6411 0.024743
6412 6411 0.024743
6413 6411 0.024743
6364 6412 0.0019426
6410 6412 0.0019426
6411 6412 0.0019426
3142 6413 0.024743
6414 6413 0.024743
6415 6413 0.024743
5834 6414 0.0019426
6412 6414 0.0019426
6413 6414 0.0019426
6416 6415 0.074218
6418 6415 0.074218
6419 6415 0.074218
3142 6416 0.0010537
6414 6416 0.0010537
6415 6416 0.0010537
6416 6417 0.082916
6418 6417 0.082916
6419 6417 0.082916
6376 6418 0.00021732
6377 6418 0.00021732
6417 6418 0.00021732
3304 6419 0.15598
6420 6419 0.15598
6421 6419 0.15598
6416 6420 0.00011933
6418 6420 0.00011933
6419 6420 0.00011933
3138 6421 0.16828
5832 6421 0.16828
6422 6421 0.16828
3304 6422 0.00046694
6420 6422 0.00046694
6421 6422 0.00046694
6880 6737 0.00050742
5085 6873 0.043092
5267 6873 0.043092
6873 6874 0.043092
5090 6877 0.03207
433 6880 0.00050742
5669 6880 0.00050742
6939 6938 0.0031711
7067 6938 0.0031711
7163 6938 0.0031711
7164 6938 0.0031711
6938 6939 0.0024626
6941 6939 0.0024626
6949 6939 0.0024626
6938 6940 0.00064524
6941 6940 0.00064524
6949 6940 0.00064524
6940 6941 0.0033073
6942 6941 0.0033073
6945 6941 0.0033073
6947 6941 0.0033073
6363 6942 0.0033073
6943 6942 0.0033073
7165 6942 0.0033073
6940 6943 0.00064524
6942 6943 0.00064524
6945 6943 0.00064524
6947 6943 0.00064524
6938 6948 0.0041173
6941 6948 0.0041173
6949 6948 0.0041173
6948 6949 0.00074678
6950 6949 0.00074678
6953 6949 0.00074678
6948 6952 0.0041173
6950 6952 0.0041173
6953 6952 0.0041173
6952 6953 0.00074678
7161 6953 0.00074678
7162 6953 0.00074678
5824 6963 0.0048743
6964 6963 0.0048743
7100 6963 0.0048743
5822 6964 0.0019769
6963 6964 0.0019769
7102 6964 0.0019769
7104 6964 0.0019769
6965 6967 0.00055899
6968 6967 0.00055899
7101 6967 0.00055899
3335 6968 0.00189
5823 6968 0.00189
5831 6968 0.00189
6967 6968 0.00189
6969 6971 0.010432
6972 6971 0.010432
6975 6971 0.010432
7066 6971 0.010432
6971 6972 0.0053682
6974 6972 0.0053682
7064 6972 0.0053682
6971 6973 0.021222
6974 6973 0.021222
7064 6973 0.021222
6973 6974 0.0028543
6976 6974 0.0028543
6978 6974 0.0028543
6973 6975 0.011748
6976 6975 0.011748
6978 6975 0.011748
6969 6976 0.010225
6972 6976 0.010225
6975 6976 0.010225
7066 6976 0.010225
6973 6977 0.024638
6976 6977 0.024638
6978 6977 0.024638
3320 6978 0.0077925
6977 6978 0.0077925
7096 6978 0.0077925
6980 6979 0.012323
7065 6979 0.012323
7098 6979 0.012323
6229 6980 0.0063719
6979 6980 0.0063719
7063 6980 0.0063719
6982 6981 0.0031256
6984 6981 0.0031256
6986 6981 0.0031256
6981 6982 0.00029708
6990 6982 0.00029708
6982 6983 0.00088125
6984 6983 0.00088125
6986 6983 0.00088125
3318 6984 0.0066464
6983 6984 0.0066464
7092 6984 0.0066464
6982 6985 0.0043898
6984 6985 0.0043898
6986 6985 0.0043898
6985 6986 0.0014531
6988 6986 0.0014531
6989 6986 0.0014531
6985 6987 0.0066439
6988 6987 0.0066439
6989 6987 0.0066439
6987 6988 0.00087874
6992 6988 0.00087874
6994 6988 0.00087874
6981 6989 0.0031256
6990 6989 0.0031256
6985 6990 0.00029708
6988 6990 0.00029708
6989 6990 0.00029708
6987 6991 0.005048
6992 6991 0.005048
6994 6991 0.005048
6991 6992 0.00043322
6995 6992 0.00043322
7000 6992 0.00043322
6987 6993 0.0038038
6992 6993 0.0038038
6994 6993 0.0038038
6993 6994 0.0026534
6996 6994 0.0026534
6998 6994 0.0026534
7001 6994 0.0026534
6993 6995 0.0012355
6996 6995 0.0012355
6998 6995 0.0012355
7001 6995 0.0012355
6991 6996 0.0044461
6995 6996 0.0044461
7000 6996 0.0044461
6993 6997 0.0074285
6996 6997 0.0074285
6998 6997 0.0074285
7001 6997 0.0074285
6997 6998 0.0016634
7090 6998 0.0016634
7091 6998 0.0016634
6991 6999 0.0016663
6995 6999 0.0016663
7000 6999 0.0016663
6999 7000 0.00026208
7002 7000 0.00026208
7004 7000 0.00026208
6999 7001 0.0016663
7002 7001 0.0016663
7004 7001 0.0016663
6993 7002 0.00026208
6996 7002 0.00026208
6998 7002 0.00026208
7001 7002 0.00026208
2366 7005 0.19606
7006 7005 0.19606
7086 7005 0.19606
3316 7006 0.01144
7005 7006 0.01144
7008 7006 0.01144
7088 7006 0.01144
6971 7063 0.0029461
6974 7063 0.0029461
7064 7063 0.0029461
6229 7064 0.016251
6979 7064 0.016251
7063 7064 0.016251
6969 7065 0.0065671
6972 7065 0.0065671
6975 7065 0.0065671
7066 7065 0.0065671
6980 7066 0.010108
7065 7066 0.010108
7098 7066 0.010108
2366 7085 0.66174
7006 7085 0.66174
7086 7085 0.66174
5670 7086 0.0051334
6385 7086 0.0051334
7085 7086 0.0051334
3316 7087 0.27318
7005 7087 0.27318
7008 7087 0.27318
7088 7087 0.27318
2351 7088 0.0094028
4656 7088 0.0094028
7014 7088 0.0094028
7087 7088 0.0094028
6997 7089 0.070844
7090 7089 0.070844
7091 7089 0.070844
3317 7090 0.00083285
5238 7090 0.00083285
7089 7090 0.00083285
3318 7091 0.06587
6983 7091 0.06587
7092 7091 0.06587
6997 7092 0.001624
7090 7092 0.001624
7091 7092 0.001624
547 7093 0.036065
2073 7093 0.036065
7094 7093 0.036065
3319 7094 0.0021794
5985 7094 0.0021794
7093 7094 0.0021794
7095 7094 0.0021794
3320 7095 0.053148
6977 7095 0.053148
7096 7095 0.053148
3319 7096 0.0083821
5985 7096 0.0083821
7093 7096 0.0083821
7095 7096 0.0083821
6980 7097 0.0042317
7065 7097 0.0042317
7098 7097 0.0042317
3321 7098 0.013724
3322 7098 0.013724
7097 7098 0.013724
5824 7099 0.00064755
6964 7099 0.00064755
7100 7099 0.00064755
3325 7100 0.0084569
3326 7100 0.0084569
7099 7100 0.0084569
5822 7101 0.00055899
6963 7101 0.00055899
7102 7101 0.00055899
7104 7101 0.00055899
6965 7102 0.00189
6968 7102 0.00189
7101 7102 0.00189
5822 7103 0.0063286
6963 7103 0.0063286
7102 7103 0.0063286
7104 7103 0.0063286
3323 7104 0.0032629
3324 7104 0.0032629
7103 7104 0.0032629
5837 7111 0.012277
6927 7111 0.012277
7069 7111 0.012277
7112 7111 0.012277
5954 7112 0.001289
6370 7112 0.001289
6388 7112 0.001289
7111 7112 0.001289
6952 7160 0.010557
7161 7160 0.010557
7162 7160 0.010557
2356 7161 0.012217
2359 7161 0.012217
6362 7161 0.012217
7160 7161 0.012217
6939 7162 0.008192
7067 7162 0.008192
7163 7162 0.008192
7164 7162 0.008192
6952 7163 0.013222
7161 7163 0.013222
7162 7163 0.013222
6363 7164 0.0076158
6943 7164 0.0076158
7165 7164 0.0076158
6939 7165 0.011937
7067 7165 0.011937
7163 7165 0.011937
7164 7165 0.011937
