134 133 0.00032876
3708 133 0.00032876
3709 133 0.00032876
133 134 0.00097112
3052 134 0.00097112
5260 723 0.0011129
723 724 0.069746
6920 724 0.069746
5085 1129 0.0015343
5267 1129 0.0015343
1528 1530 0.0083662
1531 1530 0.0083662
3303 1530 0.0083662
1530 1531 0.006899
1533 1531 0.006899
2850 1531 0.006899
1530 1532 0.0010307
1533 1532 0.0010307
2850 1532 0.0010307
1532 1533 0.0021014
2851 1533 0.0021014
3339 1533 0.0021014
724 2146 0.069428
2147 2146 0.069428
6794 2146 0.069428
2146 2147 0.00079498
3712 2147 0.00079498
4663 2147 0.00079498
7113 2147 0.00079498
2148 2149 0.0011129
6795 2149 0.0011129
2353 2352 0.00096047
3337 2352 0.00096047
2352 2353 0.0027415
2355 2353 0.0027415
5269 2353 0.0027415
2352 2354 0.0003264
2355 2354 0.0003264
5269 2354 0.0003264
2354 2355 0.00053396
2357 2355 0.00053396
2356 2357 0.00053728
2359 2357 0.00053728
6362 2357 0.00053728
7160 2357 0.00053728
2078 2359 0.00031178
2358 2359 0.00031178
2361 2359 0.00031178
6371 2359 0.00031178
1530 2849 0.0092091
1533 2849 0.0092091
2850 2849 0.0092091
600 2850 0.0066712
2849 2850 0.0066712
3344 2850 0.0066712
3345 2850 0.0066712
133 3051 0.00032876
3052 3051 0.00032876
3051 3052 0.00097112
3710 3052 0.00097112
3711 3052 0.00097112
3054 3053 0.10254
3685 3053 0.10254
3053 3054 0.00023688
3682 3054 0.00023688
3683 3054 0.00023688
3121 3122 0.0015679
3328 3122 0.0015679
3329 3122 0.0015679
3124 3123 0.00028329
3307 3123 0.00028329
3308 3123 0.00028329
3637 3123 0.00028329
3123 3125 0.00026641
3126 3125 0.00026641
3312 3125 0.00026641
3125 3127 0.00012275
3128 3127 0.00012275
5949 3127 0.00012275
3135 3136 0.00014267
5948 3136 0.00014267
5953 3136 0.00014267
3138 3137 0.0036066
5832 3137 0.0036066
6422 3137 0.0036066
3137 3138 0.00096315
3302 3138 0.00096315
3338 3138 0.00096315
1528 3302 0.006899
1531 3302 0.006899
3303 3302 0.006899
3137 3303 0.0083662
3302 3303 0.0083662
3338 3303 0.0083662
3136 3304 0.0029854
3305 3304 0.0029854
3306 3304 0.0029854
3124 3306 0.0029237
3307 3306 0.0029237
3308 3306 0.0029237
3637 3306 0.0029237
2353 3328 0.0021127
3337 3328 0.0021127
3137 3337 1.0003
3302 3337 1.0003
3338 3337 1.0003
3343 3338 0.99916
3639 3338 0.99916
3962 3338 0.99916
3340 3339 0.0021014
3342 3339 0.0021014
3960 3339 0.0021014
1532 3340 0.0010307
2851 3340 0.0010307
3339 3340 0.0010307
3340 3341 0.0010307
3342 3341 0.0010307
3960 3341 0.0010307
3341 3342 0.0021014
3346 3342 0.0021014
4684 3342 0.0021014
600 3343 0.037775
2849 3343 0.037775
3344 3343 0.037775
3345 3343 0.037775
3343 3344 0.0052796
3639 3344 0.0052796
3962 3344 0.0052796
3341 3345 0.030494
3346 3345 0.030494
4684 3345 0.030494
600 3346 0.00053603
2849 3346 0.00053603
3344 3346 0.00053603
3345 3346 0.00053603
73 3347 0.030901
3348 3347 0.030901
3349 3347 0.030901
3350 3349 0.030901
3351 3349 0.030901
3363 3349 0.030901
3352 3351 0.026038
3366 3351 0.026038
3691 3351 0.026038
3350 3352 0.00011611
3351 3352 0.00011611
3363 3352 0.00011611
3353 3354 0.00013067
3355 3354 0.00013067
7220 3354 0.00013067
3364 3363 0.0050007
3365 3363 0.0050007
3367 3363 0.0050007
3352 3365 0.00030681
3366 3365 0.00030681
3691 3365 0.00030681
3364 3366 0.004629
3365 3366 0.004629
3367 3366 0.004629
3368 3367 0.0093078
3369 3367 0.0093078
3665 3367 0.0093078
3370 3369 0.00038739
3692 3369 0.00038739
3693 3369 0.00038739
3368 3370 0.0044932
3369 3370 0.0044932
3665 3370 0.0044932
3638 3637 0.0032512
3640 3637 0.0032512
5268 3637 0.0032512
3124 3638 0.00013441
3307 3638 0.00013441
3308 3638 0.00013441
3637 3638 0.00013441
3638 3639 0.00084001
3640 3639 0.00084001
5268 3639 0.00084001
3343 3640 0.0032892
3639 3640 0.0032892
3962 3640 0.0032892
3666 3665 0.013407
3667 3665 0.013407
5843 3665 0.013407
3668 3667 0.015333
3669 3667 0.015333
6478 3667 0.015333
3670 3669 0.0031108
3679 3669 0.0031108
5851 3669 0.0031108
3668 3670 0.0044702
3669 3670 0.0044702
6478 3670 0.0044702
3672 3671 0.00010416
3673 3671 0.00010416
3675 3671 0.00010416
3671 3672 0.0035602
5854 3672 0.0035602
3672 3674 0.0050885
3673 3674 0.0050885
3675 3674 0.0050885
3676 3675 0.0020007
3677 3675 0.0020007
3690 3675 0.0020007
3672 3676 0.00041979
3673 3676 0.00041979
3675 3676 0.00041979
3680 3679 0.0053692
3681 3679 0.0053692
3689 3679 0.0053692
6479 3679 0.0053692
3670 3680 0.0032726
3679 3680 0.0032726
5851 3680 0.0032726
3053 3681 0.022018
3682 3681 0.022018
3683 3681 0.022018
3680 3682 0.0016501
3681 3682 0.0016501
3689 3682 0.0016501
6479 3682 0.0016501
3053 3684 1.082
3682 3684 1.082
3683 3684 1.082
3684 3685 0.10254
3686 3685 0.10254
3687 3685 0.10254
3054 3686 0.00023688
3685 3686 0.00023688
3684 3688 0.97971
3686 3688 0.97971
3687 3688 0.97971
3676 3689 0.00041979
3677 3689 0.00041979
3690 3689 0.00041979
3680 3690 0.0020007
3681 3690 0.0020007
3689 3690 0.0020007
6479 3690 0.0020007
3370 3691 0.021754
3692 3691 0.021754
3693 3691 0.021754
3352 3692 0.00015362
3366 3692 0.00015362
3691 3692 0.00015362
3694 3693 0.017547
3695 3693 0.017547
6563 3693 0.017547
3674 3695 0.015619
3696 3695 0.015619
3697 3695 0.015619
3642 3697 0.010811
3698 3697 0.010811
3716 3697 0.010811
3674 3698 0.00027947
3696 3698 0.00027947
3697 3698 0.00027947
134 3707 0.00023043
3708 3707 0.00023043
3709 3707 0.00023043
3051 3709 0.00053355
3710 3709 0.00053355
3711 3709 0.00053355
134 3710 0.0010419
3708 3710 0.0010419
3709 3710 0.0010419
2146 3711 0.0014585
3712 3711 0.0014585
4663 3711 0.0014585
7113 3711 0.0014585
3051 3712 0.0013245
3710 3712 0.0013245
3711 3712 0.0013245
3688 3713 0.96929
3714 3713 0.96929
3715 3713 0.96929
3713 3714 0.0001894
6921 3714 0.0001894
7114 3714 0.0001894
3642 3715 0.00027951
3698 3715 0.00027951
3716 3715 0.00027951
3688 3716 0.010811
3714 3716 0.010811
3715 3716 0.010811
365 3721 0.00010978
3722 3721 0.00010978
3723 3721 0.00010978
85 3723 0.0001023
3724 3723 0.0001023
3725 3723 0.0001023
87 3727 0.00010306
3728 3727 0.00010306
3729 3727 0.00010306
373 3729 0.00010751
3730 3729 0.00010751
3731 3729 0.00010751
91 3731 0.00011027
3732 3731 0.00011027
3733 3731 0.00011027
411 3733 0.0001301
3734 3733 0.0001301
3735 3733 0.0001301
1972 3735 0.00012506
3706 3735 0.00012506
3707 3735 0.00012506
3736 3735 0.00012506
4685 3962 0.96911
5086 3962 0.96911
1129 3964 0.00024492
3963 3964 0.00024492
426 4660 0.00012971
3720 4660 0.00012971
3721 4660 0.00012971
4661 4660 0.00012971
2146 4662 0.96897
3712 4662 0.96897
4663 4662 0.96897
7113 4662 0.96897
3347 4684 0.03103
3354 4684 0.03103
4683 4684 0.03103
4685 5085 0.0013965
5086 5085 0.0013965
5087 5086 0.97046
5271 5086 0.97046
1129 5087 0.0012934
3963 5087 0.0012934
3121 5237 0.00054765
3328 5237 0.00054765
3329 5237 0.00054765
2149 5260 0.0011129
7287 5260 0.0011129
3638 5267 0.00016507
3640 5267 0.00016507
5268 5267 0.00016507
3138 5268 0.0008327
5832 5268 0.0008327
6422 5268 0.0008327
3122 5269 0.0023117
5270 5269 0.0023117
6233 5269 0.0023117
2753 5270 0.00055016
3327 5270 0.00055016
5237 5270 0.00055016
3964 5271 0.96921
6738 5271 0.96921
2352 5832 0.00073823
2355 5832 0.00073823
5269 5832 0.00073823
5839 5840 0.0020074
5842 5840 0.0020074
5848 5840 0.0020074
5841 5842 0.0020074
5844 5842 0.0020074
5850 5842 0.0020074
3666 5844 0.0020074
3667 5844 0.0020074
5843 5844 0.0020074
5852 5851 0.00010416
5853 5851 0.00010416
3670 5852 0.0035602
3679 5852 0.0035602
5851 5852 0.0035602
3671 5853 0.00010416
5854 5853 0.00010416
5852 5854 0.0035602
5853 5854 0.0035602
3125 5948 0.00015042
3128 5948 0.00015042
5949 5948 0.00015042
4020 6231 0.00017676
6232 6231 0.00017676
6351 6231 0.00017676
6231 6233 0.00022393
6234 6233 0.00022393
6354 6233 0.00022393
950 6351 0.00016499
6352 6351 0.00016499
6353 6351 0.00016499
6356 6351 0.00016499
2354 6353 0.00025213
2357 6353 0.00025213
6357 6362 0.00011241
6361 6362 0.00011241
6364 6363 0.00010494
6410 6363 0.00010494
6411 6363 0.00010494
3140 6371 0.0002768
6372 6371 0.0002768
6373 6371 0.0002768
6407 6371 0.0002768
3143 6373 0.00023456
3146 6373 0.00023456
6374 6373 0.00023456
6375 6373 0.00023456
6376 6375 0.00021381
6377 6375 0.00021381
6417 6375 0.00021381
5952 6377 0.00016515
6378 6377 0.00016515
6379 6377 0.00016515
3127 6379 0.0001135
3130 6379 0.0001135
6380 6379 0.0001135
6381 6379 0.0001135
6416 6415 0.00016106
6418 6415 0.00016106
6419 6415 0.00016106
6416 6417 0.0001166
6418 6417 0.0001166
6419 6417 0.0001166
3304 6419 0.0002734
6420 6419 0.0002734
6421 6419 0.0002734
3138 6421 0.00029569
5832 6421 0.00029569
6422 6421 0.00029569
3304 6422 0.0030336
6420 6422 0.0030336
6421 6422 0.0030336
3680 6478 0.016905
3681 6478 0.016905
3689 6478 0.016905
6479 6478 0.016905
3668 6479 0.00021478
3669 6479 0.00021478
6478 6479 0.00021478
5840 6563 0.0020074
5846 6563 0.0020074
6562 6563 0.0020074
4662 6738 0.96897
6739 6738 0.96897
724 6795 0.0011129
2147 6795 0.0011129
6794 6795 0.0011129
3713 6920 0.068843
6921 6920 0.068843
7114 6920 0.068843
723 6921 0.0002099
6920 6921 0.0002099
3713 7113 0.9035
6921 7113 0.9035
7114 7113 0.9035
2146 7114 0.0030319
3712 7114 0.0030319
4663 7114 0.0030319
7113 7114 0.0030319
6952 7160 0.00013783
7161 7160 0.00013783
7162 7160 0.00013783
6939 7162 0.00010835
7067 7162 0.00010835
7163 7162 0.00010835
7164 7162 0.00010835
4660 7220 0.00012971
7221 7220 0.00012971
