86 85 0.0027218
89 85 0.0027218
6576 85 0.0027218
85 86 0.0016559
3724 86 0.0016559
3725 86 0.0016559
88 87 0.0014469
90 87 0.0014469
773 87 0.0014469
6568 87 0.0014469
87 88 0.0024085
3728 88 0.0024085
3729 88 0.0024085
88 89 0.0047309
90 89 0.0047309
773 89 0.0047309
6568 89 0.0047309
91 92 0.0047413
3732 92 0.0047413
3733 92 0.0047413
98 97 0.0083666
3704 97 0.0083666
3705 97 0.0083666
97 98 0.0021857
412 98 0.0021857
6566 98 0.0021857
100 99 0.0014457
102 99 0.0014457
4555 99 0.0014457
99 100 0.00035216
366 100 0.00035216
3737 100 0.00035216
100 101 0.00058852
102 101 0.00058852
4555 101 0.00058852
101 102 0.00057896
367 102 0.00057896
3738 102 0.00057896
110 109 0.00041684
5717 109 0.00041684
6560 109 0.00041684
112 111 0.00012675
424 111 0.00012675
425 111 0.00012675
6552 111 0.00012675
134 133 0.072135
3708 133 0.072135
3709 133 0.072135
133 134 0.040551
3052 134 0.040551
99 365 0.0021658
366 365 0.0021658
3737 365 0.0021658
365 366 0.00044165
3722 366 0.00044165
3723 366 0.00044165
368 367 0.000944
371 367 0.000944
376 367 0.000944
101 368 0.00032296
367 368 0.00032296
3738 368 0.00032296
370 369 0.00047123
372 369 0.00047123
369 370 0.00023937
374 370 0.00023937
375 370 0.00023937
370 371 0.00023937
372 371 0.00023937
368 372 0.00047123
371 372 0.00047123
376 372 0.00047123
369 373 0.00069825
374 373 0.00069825
375 373 0.00069825
373 374 0.0013193
3730 374 0.0013193
3731 374 0.0013193
368 375 0.00029232
371 375 0.00029232
376 375 0.00029232
369 376 0.0011452
374 376 0.0011452
375 376 0.0011452
113 386 0.00011661
384 386 0.00011661
385 386 0.00011661
111 388 0.00017201
387 388 0.00017201
394 388 0.00017201
380 394 0.00011916
386 394 0.00011916
393 394 0.00011916
404 403 0.0001416
405 403 0.0001416
6570 403 0.0001416
6573 403 0.0001416
97 411 0.0083666
412 411 0.0083666
6566 411 0.0083666
411 412 0.0021857
3734 412 0.0021857
3735 412 0.0021857
402 420 0.00013603
403 420 0.00013603
418 420 0.00013603
419 420 0.00013603
116 422 0.00074299
420 422 0.00074299
421 422 0.00074299
1584 422 0.00074299
114 424 0.001516
422 424 0.001516
423 424 0.001516
6550 424 0.001516
112 426 0.0044895
424 426 0.0044895
425 426 0.0044895
6552 426 0.0044895
554 553 0.020029
1525 553 0.020029
2824 553 0.020029
553 554 0.00034371
3702 554 0.00034371
3703 554 0.00034371
5260 723 0.0060468
723 724 0.1049
6920 724 0.1049
774 773 0.00014922
775 773 0.00014922
88 774 0.00035172
90 774 0.00035172
773 774 0.00035172
6568 774 0.00035172
776 775 0.00014922
6574 775 0.00014922
774 776 0.00035172
775 776 0.00035172
109 781 0.00041684
782 781 0.00041684
784 781 0.00041684
432 1127 0.00038206
5692 1127 0.00038206
5085 1129 0.0015294
5267 1129 0.0015294
1520 1521 0.00046409
1523 1521 0.00046409
2825 1521 0.00046409
1522 1523 0.0016311
2821 1523 0.0016311
2827 1523 0.0016311
554 1524 0.00043652
1525 1524 0.00043652
2824 1524 0.00043652
1524 1525 0.018983
1968 1525 0.018983
2820 1525 0.018983
1527 1526 0.0013908
1967 1526 0.0013908
2822 1526 0.0013908
1528 1530 0.0083634
1531 1530 0.0083634
3303 1530 0.0083634
1530 1531 0.007203
1533 1531 0.007203
2850 1531 0.007203
1530 1532 0.0010622
1533 1532 0.0010622
2850 1532 0.0010622
1532 1533 0.002303
2851 1533 0.002303
3339 1533 0.002303
1568 1570 0.00050713
1571 1570 0.00050713
3699 1570 0.00050713
1574 1576 0.00013783
1577 1576 0.00013783
6571 1576 0.00013783
1578 1580 0.0007762
1581 1580 0.0007762
4558 1580 0.0007762
1580 1582 0.00079744
1583 1582 0.00079744
6572 1582 0.00079744
6575 1582 0.00079744
1582 1584 0.0006672
1585 1584 0.0006672
4524 1584 0.0006672
1524 1967 0.00076683
1968 1967 0.00076683
2820 1967 0.00076683
1527 1968 0.019582
1967 1968 0.019582
2822 1968 0.019582
1970 1969 1
1972 1971 0.00048715
3706 1971 0.00048715
3707 1971 0.00048715
3736 1971 0.00048715
1969 1972 0.98036
1971 1972 0.98036
2823 1972 0.98036
724 2146 0.10442
2147 2146 0.10442
6794 2146 0.10442
2146 2147 0.0055687
3712 2147 0.0055687
4663 2147 0.0055687
7113 2147 0.0055687
2148 2149 0.0060468
6795 2149 0.0060468
2353 2352 0.00096041
3337 2352 0.00096041
2352 2353 0.0028
2355 2353 0.0028
5269 2353 0.0028
2352 2354 0.0003264
2355 2354 0.0003264
5269 2354 0.0003264
2354 2355 0.00059107
2357 2355 0.00059107
2356 2357 0.00059474
2359 2357 0.00059474
6362 2357 0.00059474
7160 2357 0.00059474
2078 2359 0.00036273
2358 2359 0.00036273
2361 2359 0.00036273
6371 2359 0.00036273
1522 2820 0.00063834
2821 2820 0.00063834
2827 2820 0.00063834
1524 2821 0.00090714
1968 2821 0.00090714
2820 2821 0.00090714
1969 2822 0.020915
1971 2822 0.020915
2823 2822 0.020915
1527 2823 0.00078484
1967 2823 0.00078484
2822 2823 0.00078484
1520 2824 0.0013809
1523 2824 0.0013809
2825 2824 0.0013809
554 2825 0.00024198
1525 2825 0.00024198
2824 2825 0.00024198
1526 2827 0.0013908
2826 2827 0.0013908
1530 2849 0.0092954
1533 2849 0.0092954
2850 2849 0.0092954
600 2850 0.0068942
2849 2850 0.0068942
3344 2850 0.0068942
3345 2850 0.0068942
133 3051 0.072135
3052 3051 0.072135
3051 3052 0.040551
3710 3052 0.040551
3711 3052 0.040551
3054 3053 0.0010189
3685 3053 0.0010189
3053 3054 0.00010998
3682 3054 0.00010998
3683 3054 0.00010998
1570 3091 0.00041108
1573 3091 0.00041108
3092 3091 0.00041108
416 3095 0.00015014
3096 3095 0.00015014
7148 3095 0.00015014
3121 3122 0.0015679
3328 3122 0.0015679
3329 3122 0.0015679
3124 3123 0.00028482
3307 3123 0.00028482
3308 3123 0.00028482
3637 3123 0.00028482
3123 3125 0.00026785
3126 3125 0.00026785
3312 3125 0.00026785
3125 3127 0.00012343
3128 3127 0.00012343
5949 3127 0.00012343
3135 3136 0.00014372
5948 3136 0.00014372
5953 3136 0.00014372
3138 3137 0.0036245
5832 3137 0.0036245
6422 3137 0.0036245
3137 3138 0.00096357
3302 3138 0.00096357
3338 3138 0.00096357
1528 3302 0.007203
1531 3302 0.007203
3303 3302 0.007203
3137 3303 0.0083634
3302 3303 0.0083634
3338 3303 0.0083634
3136 3304 0.0030021
3305 3304 0.0030021
3306 3304 0.0030021
3124 3306 0.0029398
3307 3306 0.0029398
3308 3306 0.0029398
3637 3306 0.0029398
2353 3328 0.0021126
3337 3328 0.0021126
3137 3337 1.0003
3302 3337 1.0003
3338 3337 1.0003
3343 3338 0.99877
3639 3338 0.99877
3962 3338 0.99877
3340 3339 0.002303
3342 3339 0.002303
3960 3339 0.002303
1532 3340 0.0010622
2851 3340 0.0010622
3339 3340 0.0010622
3340 3341 0.0010622
3342 3341 0.0010622
3960 3341 0.0010622
3341 3342 0.002303
3346 3342 0.002303
4684 3342 0.002303
600 3343 0.041482
2849 3343 0.041482
3344 3343 0.041482
3345 3343 0.041482
3343 3344 0.0052574
3639 3344 0.0052574
3962 3344 0.0052574
3341 3345 0.034357
3346 3345 0.034357
4684 3345 0.034357
600 3346 0.0005339
2849 3346 0.0005339
3344 3346 0.0005339
3345 3346 0.0005339
73 3347 0.0055972
3348 3347 0.0055972
3349 3347 0.0055972
3350 3349 0.0055972
3351 3349 0.0055972
3363 3349 0.0055972
3352 3351 0.0051741
3366 3351 0.0051741
3691 3351 0.0051741
3353 3354 0.029549
3355 3354 0.029549
7220 3354 0.029549
3364 3363 0.00043788
3365 3363 0.00043788
3367 3363 0.00043788
3352 3365 0.00010413
3366 3365 0.00010413
3691 3365 0.00010413
3364 3366 0.00035078
3365 3366 0.00035078
3367 3366 0.00035078
3368 3367 0.00066562
3369 3367 0.00066562
3665 3367 0.00066562
3368 3370 0.00029224
3369 3370 0.00029224
3665 3370 0.00029224
3638 3637 0.0032688
3640 3637 0.0032688
5268 3637 0.0032688
3124 3638 0.00013642
3307 3638 0.00013642
3308 3638 0.00013642
3637 3638 0.00013642
3638 3639 0.00084279
3640 3639 0.00084279
5268 3639 0.00084279
3343 3640 0.0033075
3639 3640 0.0033075
3962 3640 0.0033075
3666 3665 0.00086281
3667 3665 0.00086281
5843 3665 0.00086281
3668 3667 0.00097293
3669 3667 0.00097293
6478 3667 0.00097293
3670 3669 0.00020232
3679 3669 0.00020232
5851 3669 0.00020232
3668 3670 0.00028219
3669 3670 0.00028219
6478 3670 0.00028219
3671 3672 0.00022452
5854 3672 0.00022452
3672 3674 0.0003206
3673 3674 0.0003206
3675 3674 0.0003206
3676 3675 0.00012586
3677 3675 0.00012586
3690 3675 0.00012586
3680 3679 0.00033843
3681 3679 0.00033843
3689 3679 0.00033843
6479 3679 0.00033843
3670 3680 0.00020832
3679 3680 0.00020832
5851 3680 0.00020832
3053 3681 0.0013839
3682 3681 0.0013839
3683 3681 0.0013839
3680 3682 0.00010616
3681 3682 0.00010616
3689 3682 0.00010616
6479 3682 0.00010616
3684 3683 0.0012607
3686 3683 0.0012607
3687 3683 0.0012607
3053 3684 0.00089179
3682 3684 0.00089179
3683 3684 0.00089179
3684 3685 0.0010189
3686 3685 0.0010189
3687 3685 0.0010189
3054 3686 0.00010998
3685 3686 0.00010998
3688 3687 0.0021896
3714 3687 0.0021896
3715 3687 0.0021896
3684 3688 0.00091187
3686 3688 0.00091187
3687 3688 0.00091187
3680 3690 0.00012586
3681 3690 0.00012586
3689 3690 0.00012586
6479 3690 0.00012586
3370 3691 0.0048823
3692 3691 0.0048823
3693 3691 0.0048823
3694 3693 0.004658
3695 3693 0.004658
6563 3693 0.004658
3674 3695 0.0045468
3696 3695 0.0045468
3697 3695 0.0045468
3642 3697 0.0042555
3698 3697 0.0042555
3716 3697 0.0042555
781 3699 0.00049034
3700 3699 0.00049034
3701 3699 0.00049034
553 3701 0.00054056
3702 3701 0.00054056
3703 3701 0.00054056
781 3702 0.0004778
3700 3702 0.0004778
3701 3702 0.0004778
98 3703 0.00077184
3704 3703 0.00077184
3705 3703 0.00077184
553 3704 0.020395
3702 3704 0.020395
3703 3704 0.020395
1972 3705 0.0086629
3706 3705 0.0086629
3707 3705 0.0086629
3736 3705 0.0086629
98 3706 0.022105
3704 3706 0.022105
3705 3706 0.022105
134 3707 0.00088125
3708 3707 0.00088125
3709 3707 0.00088125
1972 3708 0.97077
3706 3708 0.97077
3707 3708 0.97077
3736 3708 0.97077
3051 3709 0.00027456
3710 3709 0.00027456
3711 3709 0.00027456
134 3710 0.93858
3708 3710 0.93858
3709 3710 0.93858
3051 3712 0.96995
3710 3712 0.96995
3711 3712 0.96995
3688 3713 0.00091927
3714 3713 0.00091927
3715 3713 0.00091927
3713 3714 0.0064345
6921 3714 0.0064345
7114 3714 0.0064345
3688 3716 0.0042555
3714 3716 0.0042555
3715 3716 0.0042555
388 3718 0.00016264
389 3718 0.00016264
3717 3718 0.00016264
6554 3718 0.00016264
398 3720 0.00020888
3718 3720 0.00020888
3719 3720 0.00020888
365 3721 0.025051
3722 3721 0.025051
3723 3721 0.025051
85 3723 0.023344
3724 3723 0.023344
3725 3723 0.023344
3726 3725 0.022432
3727 3725 0.022432
4556 3725 0.022432
85 3726 0.00022686
3724 3726 0.00022686
3725 3726 0.00022686
87 3727 0.023522
3728 3727 0.023522
3729 3727 0.023522
3726 3728 0.00021294
3727 3728 0.00021294
4556 3728 0.00021294
373 3729 0.024539
3730 3729 0.024539
3731 3729 0.024539
87 3730 0.00026828
3728 3730 0.00026828
3729 3730 0.00026828
91 3731 0.02517
3732 3731 0.02517
3733 3731 0.02517
373 3732 0.00027908
3730 3732 0.00027908
3731 3732 0.00027908
411 3733 0.029695
3734 3733 0.029695
3735 3733 0.029695
1972 3735 0.030523
3706 3735 0.030523
3707 3735 0.030523
3736 3735 0.030523
411 3736 0.0071025
3734 3736 0.0071025
3735 3736 0.0071025
101 3737 0.00083033
367 3737 0.00083033
3738 3737 0.00083033
99 3738 0.00019973
366 3738 0.00019973
3737 3738 0.00019973
4685 3962 0.96501
5086 3962 0.96501
6876 3963 0.00049702
1129 3964 0.00032263
3963 3964 0.00032263
1582 4523 0.00023817
1585 4523 0.00023817
4524 4523 0.00023817
4523 4524 0.00010796
4526 4524 0.00010796
6551 4524 0.00010796
4523 4525 0.00017584
4526 4525 0.00017584
6551 4525 0.00017584
4525 4526 0.00081552
6553 4526 0.00081552
6577 4526 0.00081552
3726 4555 0.0018238
3727 4555 0.0018238
4556 4555 0.0018238
100 4556 0.00072065
102 4556 0.00072065
4555 4556 0.00072065
92 4558 0.0007762
4557 4558 0.0007762
6569 4558 0.0007762
426 4660 0.029549
3720 4660 0.029549
3721 4660 0.029549
4661 4660 0.029549
2146 4662 0.96438
3712 4662 0.96438
4663 4662 0.96438
7113 4662 0.96438
3347 4684 0.035066
3354 4684 0.035066
4683 4684 0.035066
4685 5085 0.0013906
5086 5085 0.0013906
5087 5086 0.96635
5271 5086 0.96635
1129 5087 0.0017038
3963 5087 0.0017038
7272 5088 0.00055662
7274 5088 0.00055662
5088 5093 0.00055682
5094 5093 0.00055682
3121 5237 0.00054764
3328 5237 0.00054764
3329 5237 0.00054764
2149 5260 0.0060468
7287 5260 0.0060468
3638 5267 0.00016594
3640 5267 0.00016594
5268 5267 0.00016594
3138 5268 0.00083363
5832 5268 0.00083363
6422 5268 0.00083363
3122 5269 0.002314
5270 5269 0.002314
6233 5269 0.002314
2753 5270 0.00055051
3327 5270 0.00055051
5237 5270 0.00055051
3964 5271 0.9647
6738 5271 0.9647
1975 5692 0.00037093
3091 5692 0.00037093
5682 5692 0.00037093
5693 5692 0.00037093
2352 5832 0.00073905
2355 5832 0.00073905
5269 5832 0.00073905
5839 5840 0.00012764
5842 5840 0.00012764
5848 5840 0.00012764
5841 5842 0.00012764
5844 5842 0.00012764
5850 5842 0.00012764
3666 5844 0.00012764
3667 5844 0.00012764
5843 5844 0.00012764
3670 5852 0.00022452
3679 5852 0.00022452
5851 5852 0.00022452
5852 5854 0.00022452
5853 5854 0.00022452
3125 5948 0.00015139
3128 5948 0.00015139
5949 5948 0.00015139
4020 6231 0.00017871
6232 6231 0.00017871
6351 6231 0.00017871
6231 6233 0.00022595
6234 6233 0.00022595
6354 6233 0.00022595
950 6351 0.00016534
6352 6351 0.00016534
6353 6351 0.00016534
6356 6351 0.00016534
2354 6353 0.00025248
2357 6353 0.00025248
6357 6362 0.00011868
6361 6362 0.00011868
6364 6363 0.00010607
6410 6363 0.00010607
6411 6363 0.00010607
3140 6371 0.00028295
6372 6371 0.00028295
6373 6371 0.00028295
6407 6371 0.00028295
3143 6373 0.00023741
3146 6373 0.00023741
6374 6373 0.00023741
6375 6373 0.00023741
6376 6375 0.00021489
6377 6375 0.00021489
6417 6375 0.00021489
5952 6377 0.00016664
6378 6377 0.00016664
6379 6377 0.00016664
3127 6379 0.00011489
3130 6379 0.00011489
6380 6379 0.00011489
6381 6379 0.00011489
6416 6415 0.00016125
6418 6415 0.00016125
6419 6415 0.00016125
6416 6417 0.00011679
6418 6417 0.00011679
6419 6417 0.00011679
3304 6419 0.00027369
6420 6419 0.00027369
6421 6419 0.00027369
3138 6421 0.00029583
5832 6421 0.00029583
6422 6421 0.00029583
3304 6422 0.0030514
6420 6422 0.0030514
6421 6422 0.0030514
3680 6478 0.0010664
3681 6478 0.0010664
3689 6478 0.0010664
6479 6478 0.0010664
4523 6550 0.00079204
4526 6550 0.00079204
6551 6550 0.00079204
4525 6552 0.0030569
6553 6552 0.0030569
6577 6552 0.0030569
1521 6560 0.00046305
6558 6560 0.00046305
6561 6560 0.00046305
5840 6563 0.00012764
5846 6563 0.00012764
6562 6563 0.00012764
92 6568 0.0040083
4557 6568 0.0040083
6569 6568 0.0040083
1580 6573 0.00019397
1583 6573 0.00019397
6572 6573 0.00019397
6575 6573 0.00019397
1580 6574 0.00014922
1583 6574 0.00014922
6572 6574 0.00014922
6575 6574 0.00014922
776 6575 0.00035172
6574 6575 0.00035172
86 6577 0.0037076
89 6577 0.0037076
6576 6577 0.0037076
4662 6738 0.96438
6739 6738 0.96438
724 6795 0.0060468
2147 6795 0.0060468
6794 6795 0.0060468
5093 6875 0.00049702
6875 6876 0.00049702
3713 6920 0.099992
6921 6920 0.099992
7114 6920 0.099992
723 6921 0.0011405
6920 6921 0.0011405
3713 7113 0.0019591
6921 7113 0.0019591
7114 7113 0.0019591
2146 7114 0.10633
3712 7114 0.10633
4663 7114 0.10633
7113 7114 0.10633
1576 7148 0.00013783
7149 7148 0.00013783
6952 7160 0.00014044
7161 7160 0.00014044
7162 7160 0.00014044
6939 7162 0.00010986
7067 7162 0.00010986
7163 7162 0.00010986
7164 7162 0.00010986
6363 7164 0.00010098
6943 7164 0.00010098
7165 7164 0.00010098
4660 7220 0.029549
7221 7220 0.029549
1127 7274 0.00054229
3095 7274 0.00054229
3098 7274 0.00054229
