129 130 0.0001676
1289 130 0.0001676
1290 130 0.0001676
294 293 0.11427
2570 293 0.11427
2577 293 0.11427
293 294 0.12758
1586 294 0.12758
1589 294 0.12758
2572 294 0.12758
516 515 0.0063523
3537 515 0.0063523
3540 515 0.0063523
4638 515 0.0063523
515 516 0.0051871
1091 516 0.0051871
3535 516 0.0051871
521 522 0.00025585
3424 522 0.00025585
3890 522 0.00025585
548 547 0.00058725
6226 547 0.00058725
6227 547 0.00058725
6230 547 0.00058725
547 548 0.00034882
2073 548 0.00034882
7094 548 0.00034882
522 735 0.00025984
736 735 0.00025984
3419 735 0.00025984
3434 735 0.00025984
735 738 0.00026312
737 738 0.00026312
740 738 0.00026312
742 741 1
744 741 1
743 744 1
1016 744 1
3076 744 1
741 746 1
745 746 1
748 747 0.036189
750 747 0.036189
799 747 0.036189
747 748 0.00041731
802 748 0.00041731
1094 748 0.00041731
752 751 0.00010902
3486 751 0.00010902
3487 751 0.00010902
3490 751 0.00010902
800 799 0.036189
2924 799 0.036189
2925 799 0.036189
748 800 0.00041731
750 800 0.00041731
799 800 0.00041731
747 801 0.00368
802 801 0.00368
1094 801 0.00368
801 803 0.0026515
804 803 0.0026515
3458 803 0.0026515
803 805 0.0026515
806 805 0.0026515
3479 805 0.0026515
948 950 0.0025672
951 950 0.0025672
6355 950 0.0025672
950 951 0.0012708
6352 951 0.0012708
6353 951 0.0012708
6356 951 0.0012708
978 979 0.017273
1465 979 0.017273
995 994 0.00076058
6359 994 0.00076058
6360 994 0.00076058
994 995 0.0009807
997 995 0.0009807
2076 995 0.0009807
2077 995 0.0009807
994 996 0.00035376
997 996 0.00035376
2076 996 0.00035376
2077 996 0.00035376
996 997 0.00049545
3119 997 0.00049545
4790 997 0.00049545
6237 997 0.00049545
746 1034 1
1035 1034 1
1036 1034 1
3549 1034 1
515 1090 0.022196
1091 1090 0.022196
3535 1090 0.022196
1090 1091 0.0089637
2286 1091 0.0089637
2935 1091 0.0089637
1093 1092 0.0027266
3476 1092 0.0027266
3477 1092 0.0027266
1095 1094 0.0016748
2923 1094 0.0016748
2928 1094 0.0016748
3529 1094 0.0016748
747 1095 0.033779
802 1095 0.033779
1094 1095 0.033779
1097 1096 0.038769
2927 1096 0.038769
2930 1096 0.038769
2931 1096 0.038769
3519 1096 0.038769
1096 1097 0.2063
3527 1097 0.2063
3530 1097 0.2063
1101 1100 0.004388
1500 1100 0.004388
3512 1100 0.004388
1100 1101 0.0096242
3503 1101 0.0096242
3516 1101 0.0096242
6255 1101 0.0096242
1466 1117 0.00011622
2325 1117 0.00011622
1463 1118 1.0022
3513 1118 1.0022
5085 1129 0.00011905
5267 1129 0.00011905
1233 1232 0.93847
5580 1232 0.93847
5582 1232 0.93847
1234 1235 0.044256
5816 1235 0.044256
6117 1235 0.044256
1236 1237 0.0075707
1243 1237 0.0075707
6115 1237 0.0075707
1238 1239 0.00027458
1250 1239 0.00027458
6121 1239 0.00027458
1239 1241 0.0070179
1240 1241 0.0070179
1244 1241 0.0070179
6125 1241 0.0070179
1241 1243 0.0075707
1242 1243 0.0075707
3900 1243 0.0075707
1253 1252 0.00020005
1254 1252 0.00020005
1260 1252 0.00020005
1252 1253 0.00020005
1262 1253 0.00020005
6119 1253 0.00020005
1255 1254 0.00019709
1256 1254 0.00019709
1259 1254 0.00019709
1258 1259 0.00019709
1261 1259 0.00019709
3888 1259 0.00019709
1253 1261 0.00019709
1254 1261 0.00019709
1260 1261 0.00019709
1264 1265 0.017273
6892 1265 0.017273
1265 1267 0.017273
1266 1267 0.017273
1286 1267 0.017273
1267 1269 0.015153
1268 1269 0.015153
1700 1269 0.015153
131 1271 0.015153
1269 1271 0.015153
1270 1271 0.015153
1272 1273 0.014899
1275 1273 0.014899
3170 1273 0.014899
1271 1275 0.015153
1274 1275 0.015153
3169 1275 0.015153
1273 1277 0.014609
1276 1277 0.014609
3172 1277 0.014609
1277 1279 0.016162
1278 1279 0.016162
2869 1279 0.016162
1279 1281 0.016502
1280 1281 0.016502
3174 1281 0.016502
1282 1283 0.017275
1285 1283 0.017275
3954 1283 0.017275
1281 1285 0.016738
1284 1285 0.016738
3178 1285 0.016738
1288 1289 0.0001676
1699 1289 0.0001676
1702 1289 0.0001676
1292 1293 0.00010447
1703 1293 0.00010447
3183 1293 0.00010447
1014 1299 0.00049503
1298 1299 0.00049503
3592 1299 0.00049503
1464 1463 0.0022348
6702 1463 0.0022348
978 1464 0.0022208
1465 1464 0.0022208
1118 1465 0.019493
5262 1465 0.019493
567 1466 0.00011744
1467 1466 0.00011744
1468 1467 0.00011775
5934 1467 0.00011775
1117 1468 0.00010709
2345 1468 0.00010709
1483 1482 0.0094825
2292 1482 0.0094825
3505 1482 0.0094825
1482 1483 0.00010869
3499 1483 0.00010869
3514 1483 0.00010869
3515 1483 0.00010869
1487 1486 0.00020165
3243 1486 0.00020165
3492 1486 0.00020165
1490 1492 0.00010895
1493 1492 0.00010895
3248 1492 0.00010895
1494 1495 0.00033398
1497 1495 0.00033398
1511 1495 0.00033398
1496 1497 0.00058606
1499 1497 0.00058606
3239 1497 0.00058606
3240 1497 0.00058606
1496 1498 0.0032408
1499 1498 0.0032408
3239 1498 0.0032408
3240 1498 0.0032408
1498 1499 0.00040658
1501 1499 0.00040658
4635 1499 0.00040658
1498 1500 0.0033372
1501 1500 0.0033372
4635 1500 0.0033372
1101 1501 0.0021935
1500 1501 0.0021935
3512 1501 0.0021935
1502 1504 0.0025315
1505 1504 0.0025315
6254 1504 0.0025315
1504 1505 0.029619
2289 1505 0.029619
4648 1505 0.029619
1507 1506 0.022186
2288 1506 0.022186
2919 1506 0.022186
1506 1507 0.047342
4632 1507 0.047342
6257 1507 0.047342
6262 1507 0.047342
1508 1509 0.00083962
3236 1509 0.00083962
4608 1509 0.00083962
1494 1510 0.00028642
1497 1510 0.00028642
1511 1510 0.00028642
1528 1530 0.0008891
1531 1530 0.0008891
3303 1530 0.0008891
1530 1531 0.00011038
1533 1531 0.00011038
2850 1531 0.00011038
293 1588 0.11427
1586 1588 0.11427
1589 1588 0.11427
2572 1588 0.11427
1588 1589 0.12758
1591 1589 0.12758
2574 1589 0.12758
1588 1590 0.11427
1591 1590 0.11427
2574 1590 0.11427
1590 1591 0.12758
2576 1591 0.12758
2589 1591 0.12758
4398 1591 0.12758
1267 1699 0.0021295
1268 1699 0.0021295
1700 1699 0.0021295
1288 1701 0.0019919
1699 1701 0.0019919
1702 1701 0.0019919
130 1703 0.0021217
1701 1703 0.0021217
1704 1703 0.0021217
1293 1706 0.00010447
1294 1706 0.00010447
1705 1706 0.00010447
1283 1707 0.017275
1708 1707 0.017275
4653 1707 0.017275
1709 1711 0.00033709
1712 1711 0.00033709
3179 1711 0.00033709
1711 1712 0.00056886
1714 1712 0.00056886
3175 1712 0.00056886
1711 1713 0.00023652
1714 1713 0.00023652
3175 1713 0.00023652
1713 1714 0.00080706
3173 1714 0.00080706
3177 1714 0.00080706
5576 1966 0.00025024
5579 1966 0.00025024
2072 2071 0.00026344
2074 2071 0.00026344
2075 2071 0.00026344
3906 2071 0.00026344
2071 2072 0.00032141
6238 2072 0.00032141
6239 2072 0.00032141
2072 2073 0.00036393
2074 2073 0.00036393
2075 2073 0.00036393
3906 2073 0.00036393
547 2074 0.00066383
2073 2074 0.00066383
7094 2074 0.00066383
994 2075 0.00044062
997 2075 0.00044062
2076 2075 0.00044062
2077 2075 0.00044062
2072 2076 0.0011109
2074 2076 0.0011109
2075 2076 0.0011109
3906 2076 0.0011109
2078 2077 0.00085529
2358 2077 0.00085529
2361 2077 0.00085529
6371 2077 0.00085529
994 2078 0.0014471
997 2078 0.0014471
2076 2078 0.0014471
2077 2078 0.0014471
2287 2286 0.013391
2922 2286 0.013391
2934 2286 0.013391
1090 2287 0.022713
2286 2287 0.022713
2935 2287 0.022713
1504 2288 0.0025315
2289 2288 0.0025315
4648 2288 0.0025315
1507 2289 0.029619
2288 2289 0.029619
2919 2289 0.029619
2290 2292 0.00054162
2293 2292 0.00054162
3232 2292 0.00054162
2352 2353 0.94884
2355 2353 0.94884
5269 2353 0.94884
2352 2354 0.0062035
2355 2354 0.0062035
5269 2354 0.0062035
2354 2355 0.0084865
2357 2355 0.0084865
2354 2356 0.0014745
2357 2356 0.0014745
2356 2357 0.0085393
2359 2357 0.0085393
6362 2357 0.0085393
7160 2357 0.0085393
2356 2358 0.0012694
2359 2358 0.0012694
6362 2358 0.0012694
7160 2358 0.0012694
2078 2359 0.002126
2358 2359 0.002126
2361 2359 0.002126
6371 2359 0.002126
2078 2360 0.0005058
2358 2360 0.0005058
2361 2360 0.0005058
6371 2360 0.0005058
2360 2361 0.0003858
2363 2361 0.0003858
3120 2361 0.0003858
2362 2363 0.00011389
2365 2363 0.00011389
6395 2363 0.00011389
2562 2570 1
2571 2570 1
6786 2570 1
294 2576 1.014
2570 2576 1.014
2577 2576 1.014
1590 2577 0.00071581
2576 2577 0.00071581
2589 2577 0.00071581
4398 2577 0.00071581
1590 2588 1
2576 2588 1
2589 2588 1
4398 2588 1
2582 2590 1
2588 2590 1
2591 2590 1
2752 2753 0.98271
7251 2753 0.98271
1530 2849 0.00088613
1533 2849 0.00088613
2850 2849 0.00088613
600 2850 0.00011954
2849 2850 0.00011954
3344 2850 0.00011954
3345 2850 0.00011954
2870 2869 0.0016144
3181 2869 0.0016144
3593 2869 0.0016144
2911 2913 0.00034287
2914 2913 0.00034287
6130 2913 0.00034287
738 2914 0.00012726
2913 2914 0.00012726
5577 2914 0.00012726
2916 2915 0.043921
3525 2915 0.043921
3533 2915 0.043921
3536 2915 0.043921
2915 2916 0.012029
3450 2916 0.012029
3451 2916 0.012029
3528 2916 0.012029
2918 2917 0.012018
3531 2917 0.012018
3534 2917 0.012018
2917 2918 0.0015118
3521 2918 0.0015118
3524 2918 0.0015118
2920 2919 0.028442
2921 2919 0.028442
4647 2919 0.028442
1507 2920 0.02651
2288 2920 0.02651
2919 2920 0.02651
2287 2921 0.025824
2922 2921 0.025824
2934 2921 0.025824
2920 2922 0.035757
2921 2922 0.035757
4647 2922 0.035757
800 2923 0.76895
2924 2923 0.76895
2925 2923 0.76895
1095 2924 0.00055332
2923 2924 0.00055332
2928 2924 0.00055332
3529 2924 0.00055332
2926 2925 0.80427
3454 2925 0.80427
6241 2925 0.80427
800 2926 0.00010611
2924 2926 0.00010611
2925 2926 0.00010611
1095 2927 0.70075
2923 2927 0.70075
2928 2927 0.70075
3529 2927 0.70075
1097 2928 0.0013885
2927 2928 0.0013885
2930 2928 0.0013885
2931 2928 0.0013885
3519 2928 0.0013885
1097 2929 0.55591
2927 2929 0.55591
2930 2929 0.55591
2931 2929 0.55591
3519 2929 0.55591
2929 2930 0.033888
2942 2930 0.033888
3445 2930 0.033888
2932 2931 0.095174
2933 2931 0.095174
3448 2931 0.095174
3449 2931 0.095174
1097 2932 0.085157
2927 2932 0.085157
2930 2932 0.085157
2931 2932 0.085157
3519 2932 0.085157
2287 2933 0.05024
2922 2933 0.05024
2934 2933 0.05024
2932 2934 0.030985
2933 2934 0.030985
3448 2934 0.030985
3449 2934 0.030985
2936 2935 0.0041424
2937 2935 0.0041424
3539 2935 0.0041424
1090 2936 0.0080519
2286 2936 0.0080519
2935 2936 0.0080519
2929 2941 0.36004
2942 2941 0.36004
3445 2941 0.36004
2941 2942 0.025799
6260 2942 0.025799
6261 2942 0.025799
2944 2943 0.54258
2945 2943 0.54258
3446 2943 0.54258
2943 2944 0.00040245
6256 2944 0.00040245
6259 2944 0.00040245
6263 2944 0.00040245
2946 2945 0.3559
3461 2945 0.3559
3520 2945 0.3559
2944 2946 0.0015051
2945 2946 0.0015051
3446 2946 0.0015051
2590 3071 1
3072 3071 1
3082 3071 1
3071 3076 1
3075 3076 1
3080 3076 1
2360 3119 0.00046375
2363 3119 0.00046375
3120 3119 0.00046375
996 3120 0.00029382
3119 3120 0.00029382
4790 3120 0.00029382
6237 3120 0.00029382
3122 3121 0.0024893
5270 3121 0.0024893
6233 3121 0.0024893
3121 3122 0.00062934
3328 3122 0.00062934
3329 3122 0.00062934
3138 3137 0.032305
5832 3137 0.032305
6422 3137 0.032305
3142 3141 0.00010398
6414 3141 0.00010398
6415 3141 0.00010398
3141 3143 0.00010043
3144 3143 0.00010043
4787 3143 0.00010043
1717 3170 0.00024157
3171 3170 0.00024157
3176 3170 0.00024157
1272 3171 0.00050015
1275 3171 0.00050015
3170 3171 0.00050015
1713 3172 0.00029495
3173 3172 0.00029495
3177 3172 0.00029495
1273 3173 0.00060692
1276 3173 0.00060692
3172 3173 0.00060692
1711 3174 0.0006749
1714 3174 0.0006749
3175 3174 0.0006749
1279 3175 0.00033613
1280 3175 0.00033613
3174 3175 0.00033613
1713 3176 0.00024157
3173 3176 0.00024157
3177 3176 0.00024157
1717 3177 0.00050015
3171 3177 0.00050015
3176 3177 0.00050015
1709 3178 0.00056886
1712 3178 0.00056886
3179 3178 0.00056886
1281 3179 0.00033709
1284 3179 0.00033709
3178 3179 0.00033709
1292 3182 0.0020223
1703 3182 0.0020223
3183 3182 0.0020223
1510 3231 0.00025244
3230 3231 0.00025244
4609 3231 0.00025244
3231 3232 0.00054465
3233 3232 0.00054465
3234 3232 0.00054465
1492 3234 0.00037621
1495 3234 0.00037621
3235 3234 0.00037621
1098 3236 0.00076288
3237 3236 0.00076288
3238 3236 0.00076288
1496 3238 0.00076288
1499 3238 0.00076288
3239 3238 0.00076288
3240 3238 0.00076288
1092 3240 0.004047
3241 3240 0.004047
3244 3240 0.004047
1487 3242 0.001248
3243 3242 0.001248
3492 3242 0.001248
3242 3244 0.0013407
3245 3244 0.0013407
3485 3244 0.0013407
1528 3302 0.00011038
1531 3302 0.00011038
3303 3302 0.00011038
3137 3303 0.0008891
3302 3303 0.0008891
3338 3303 0.0008891
3136 3304 0.00041122
3305 3304 0.00041122
3306 3304 0.00041122
3124 3306 0.00039883
3307 3306 0.00039883
3308 3306 0.00039883
3637 3306 0.00039883
3321 3320 0.0010834
3322 3320 0.0010834
7097 3320 0.0010834
3320 3321 0.0010522
6977 3321 0.0010522
7096 3321 0.0010522
3323 3322 0.0027694
3324 3322 0.0027694
7103 3322 0.0027694
3321 3323 0.0014816
3322 3323 0.0014816
7097 3323 0.0014816
3325 3324 0.0060639
3326 3324 0.0060639
7099 3324 0.0060639
3323 3325 0.017484
3324 3325 0.017484
7103 3325 0.017484
2753 3326 0.020357
3327 3326 0.020357
5237 3326 0.020357
3325 3327 0.017683
3326 3327 0.017683
7099 3327 0.017683
2353 3328 0.00084799
3337 3328 0.00084799
3331 3332 0.00066795
5827 3332 0.00066795
5829 3332 0.00066795
3332 3333 0.00066795
3334 3333 0.00066795
3333 3335 0.00064537
3336 3335 0.00064537
6225 3335 0.00064537
3335 3336 0.0014332
5823 3336 0.0014332
5831 3336 0.0014332
6967 3336 0.0014332
3137 3337 0.052057
3302 3337 0.052057
3338 3337 0.052057
3343 3338 0.02055
3639 3338 0.02055
3962 3338 0.02055
600 3343 0.00090969
2849 3343 0.00090969
3344 3343 0.00090969
3345 3343 0.00090969
3343 3344 0.00013096
3639 3344 0.00013096
3962 3344 0.00013096
1966 3424 0.00025024
3423 3424 0.00025024
2944 3445 0.081898
2945 3445 0.081898
3446 3445 0.081898
2929 3446 0.26968
2942 3446 0.26968
3445 3446 0.26968
2932 3447 0.15343
2933 3447 0.15343
3448 3447 0.15343
3449 3447 0.15343
3447 3448 0.024069
4646 3448 0.024069
6258 3448 0.024069
2915 3449 0.1532
3450 3449 0.1532
3451 3449 0.1532
3528 3449 0.1532
2932 3450 0.033077
2933 3450 0.033077
3448 3450 0.033077
3449 3450 0.033077
3452 3451 0.15695
3453 3451 0.15695
3532 3451 0.15695
2915 3452 0.0023278
3450 3452 0.0023278
3451 3452 0.0023278
3528 3452 0.0023278
2926 3453 0.19835
3454 3453 0.19835
6241 3453 0.19835
3452 3454 0.0025136
3453 3454 0.0025136
3532 3454 0.0025136
3456 3455 0.0010499
3459 3455 0.0010499
801 3457 0.0010499
804 3457 0.0010499
3458 3457 0.0010499
3457 3459 0.0010499
3460 3459 0.0010499
3462 3461 0.0018852
3463 3461 0.0018852
3465 3461 0.0018852
2946 3462 0.0023711
3461 3462 0.0023711
3520 3462 0.0023711
3455 3463 0.0018852
3464 3463 0.0018852
3475 3463 0.0018852
3462 3464 0.0023711
3463 3464 0.0023711
3465 3464 0.0023711
1093 3475 0.0010592
3476 3475 0.0010592
3477 3475 0.0010592
3455 3476 0.0025648
3464 3476 0.0025648
3475 3476 0.0025648
3478 3477 0.0017704
3491 3477 0.0017704
4587 3477 0.0017704
1093 3478 0.00056176
3476 3478 0.00056176
3477 3478 0.00056176
752 3485 0.00010336
3486 3485 0.00010336
3487 3485 0.00010336
3490 3485 0.00010336
1486 3490 0.00020165
3483 3490 0.00020165
3489 3490 0.00020165
3478 3492 0.0014437
3491 3492 0.0014437
4587 3492 0.0014437
3494 3493 0.011595
3504 3493 0.011595
3493 3494 0.0050266
3501 3494 0.0050266
3551 3494 0.0050266
4637 3494 0.0050266
3500 3499 0.011595
3502 3499 0.011595
1482 3500 0.0050266
3499 3500 0.0050266
3514 3500 0.0050266
3515 3500 0.0050266
3500 3501 0.0050266
3502 3501 0.0050266
3493 3502 0.011595
3501 3502 0.011595
3551 3502 0.011595
4637 3502 0.011595
3494 3503 0.0050266
3504 3503 0.0050266
1100 3504 0.011595
3503 3504 0.011595
3516 3504 0.011595
6255 3504 0.011595
3506 3505 0.0089478
3507 3505 0.0089478
3517 3505 0.0089478
1509 3507 0.0089478
3508 3507 0.0089478
3509 3507 0.0089478
3510 3509 0.0084363
3511 3509 0.0084363
4634 3509 0.0084363
1509 3510 0.00036589
3508 3510 0.00036589
3509 3510 0.00036589
1101 3511 0.0079829
1500 3511 0.0079829
3512 3511 0.0079829
3510 3512 0.001603
3511 3512 0.001603
4634 3512 0.001603
1482 3513 0.99999
3499 3513 0.99999
3514 3513 0.99999
3515 3513 0.99999
1100 3515 0.9841
3503 3515 0.9841
3516 3515 0.9841
6255 3515 0.9841
2946 3519 0.0021464
3461 3519 0.0021464
3520 3519 0.0021464
1097 3520 0.35703
2927 3520 0.35703
2930 3520 0.35703
2931 3520 0.35703
3519 3520 0.35703
2917 3523 0.012018
3521 3523 0.012018
3524 3523 0.012018
3523 3524 0.0015118
3526 3524 0.0015118
3538 3524 0.0015118
3523 3525 0.017179
3526 3525 0.017179
3538 3525 0.017179
2916 3526 0.0039279
3525 3526 0.0039279
3533 3526 0.0039279
3536 3526 0.0039279
2915 3527 0.11157
3450 3527 0.11157
3451 3527 0.11157
3528 3527 0.11157
1096 3528 0.045186
3527 3528 0.045186
3530 3528 0.045186
1096 3529 0.079095
3527 3529 0.079095
3530 3529 0.079095
1095 3530 0.18024
2923 3530 0.18024
2928 3530 0.18024
3529 3530 0.18024
3452 3531 0.044448
3453 3531 0.044448
3532 3531 0.044448
2918 3532 0.0032338
3531 3532 0.0032338
3534 3532 0.0032338
2918 3533 0.033533
3531 3533 0.033533
3534 3533 0.033533
2916 3534 0.0028256
3525 3534 0.0028256
3533 3534 0.0028256
3536 3534 0.0028256
2916 3535 0.02141
3525 3535 0.02141
3533 3535 0.02141
3536 3535 0.02141
515 3536 0.0093429
1091 3536 0.0093429
3535 3536 0.0093429
3523 3537 0.0041975
3526 3537 0.0041975
3538 3537 0.0041975
516 3538 0.0069418
3537 3538 0.0069418
3540 3538 0.0069418
4638 3538 0.0069418
516 3539 0.0041424
3537 3539 0.0041424
3540 3539 0.0041424
4638 3539 0.0041424
2936 3540 0.0080519
2937 3540 0.0080519
3539 3540 0.0080519
3182 3592 0.00048419
3591 3592 0.00048419
3594 3592 0.00048419
3182 3593 0.0016144
3591 3593 0.0016144
3594 3593 0.0016144
3638 3637 0.00044245
3640 3637 0.00044245
5268 3637 0.00044245
3638 3639 0.0025057
3640 3639 0.0025057
5268 3639 0.0025057
2909 3898 0.00012931
3899 3898 0.00012931
6135 3898 0.00012931
3898 3899 0.00034492
5581 3899 0.00034492
5935 3899 0.00034492
1246 3900 0.0019994
3901 3900 0.0019994
3903 3900 0.0019994
6127 3900 0.0019994
1241 3901 0.0014401
1242 3901 0.0014401
3900 3901 0.0014401
1246 3902 0.036776
3901 3902 0.036776
3903 3902 0.036776
6127 3902 0.036776
3907 3906 0.0010177
4019 3906 0.0010177
6228 3906 0.0010177
6358 3906 0.0010177
2072 3907 0.00070532
2074 3907 0.00070532
2075 3907 0.00070532
3906 3907 0.00070532
1299 3954 0.00054424
3955 3954 0.00054424
3956 3954 0.00054424
4685 3962 0.017327
5086 3962 0.017327
4020 4019 0.0023946
6232 4019 0.0023946
6351 4019 0.0023946
3907 4020 0.0013261
4019 4020 0.0013261
6228 4020 0.0013261
6358 4020 0.0013261
805 4587 0.0026515
3481 4587 0.0026515
4588 4587 0.0026515
1510 4608 0.00024653
3230 4608 0.00024653
4609 4608 0.00024653
1508 4609 0.00017368
3236 4609 0.00017368
4608 4609 0.00017368
1498 4634 0.0021695
1501 4634 0.0021695
4635 4634 0.0021695
3510 4635 0.00047895
3511 4635 0.00047895
4634 4635 0.00047895
2920 4646 0.023813
2921 4646 0.023813
4647 4646 0.023813
3447 4647 0.035678
4646 4647 0.035678
6258 4647 0.035678
6742 4685 0.017275
5087 5086 0.00011904
5271 5086 0.00011904
1129 5087 0.0001001
3963 5087 0.0001001
3121 5237 0.002708
3328 5237 0.002708
3329 5237 0.002708
1118 5261 0.98272
5262 5261 0.98272
5261 5263 0.98272
5264 5263 0.98272
6120 5263 0.98272
5263 5265 0.98272
5266 5265 0.98272
3138 5268 0.0028675
5832 5268 0.0028675
6422 5268 0.0028675
3122 5269 0.98164
5270 5269 0.98164
6233 5269 0.98164
2753 5270 0.98275
3327 5270 0.98275
5237 5270 0.98275
738 5576 0.00060473
2913 5576 0.00060473
5577 5576 0.00060473
5576 5577 0.00013862
5579 5577 0.00013862
5576 5578 0.00060458
5579 5578 0.00060458
5578 5579 0.00038871
5583 5579 0.00038871
5584 5579 0.00038871
3898 5580 0.00023588
5581 5580 0.00023588
5935 5580 0.00023588
1233 5581 0.00046215
5580 5581 0.00046215
5582 5581 0.00046215
5578 5582 0.9387
5583 5582 0.9387
5584 5582 0.9387
5265 5584 0.93848
5585 5584 0.93848
6124 5584 0.93848
5819 5818 0.043995
5821 5818 0.043995
6123 5818 0.043995
5819 5820 0.00027458
5821 5820 0.00027458
6123 5820 0.00027458
3335 5822 0.0079987
5823 5822 0.0079987
5831 5822 0.0079987
6967 5822 0.0079987
5822 5823 0.0034646
6963 5823 0.0034646
7102 5823 0.0034646
7104 5823 0.0034646
5825 5824 0.0010033
5826 5824 0.0010033
5830 5824 0.0010033
5824 5825 0.0097575
6964 5825 0.0097575
7100 5825 0.0097575
5825 5827 0.00066795
5826 5827 0.00066795
5830 5827 0.00066795
3335 5830 0.0011737
5823 5830 0.0011737
5831 5830 0.0011737
6967 5830 0.0011737
5825 5831 0.0093295
5826 5831 0.0093295
5830 5831 0.0093295
2352 5832 0.035133
2355 5832 0.035133
5269 5832 0.035133
3898 5934 0.00011748
5581 5934 0.00011748
5935 5934 0.00011748
1468 5935 0.00010682
5934 5935 0.00010682
1237 6117 0.044256
3902 6117 0.044256
6118 6117 0.044256
5261 6119 0.00020005
5264 6119 0.00020005
6120 6119 0.00020005
1252 6120 0.00020005
1262 6120 0.00020005
6119 6120 0.00020005
5820 6121 0.00027458
6122 6121 0.00027458
5265 6123 0.044268
5585 6123 0.044268
6124 6123 0.044268
5818 6125 0.006794
6126 6125 0.006794
6128 6125 0.006794
5818 6127 0.037397
6126 6127 0.037397
6128 6127 0.037397
1246 6128 0.00015419
3901 6128 0.00015419
3903 6128 0.00015419
6127 6128 0.00015419
2911 6129 0.00012726
2914 6129 0.00012726
6130 6129 0.00012726
2903 6130 0.00034287
6129 6130 0.00034287
6132 6130 0.00034287
2903 6131 0.00012726
6129 6131 0.00012726
6132 6131 0.00012726
2905 6132 0.00034287
6131 6132 0.00034287
6134 6132 0.00034287
2905 6133 0.00013025
6131 6133 0.00013025
6134 6133 0.00013025
2907 6134 0.00034097
6133 6134 0.00034097
6136 6134 0.00034097
2907 6135 0.00012931
6133 6135 0.00012931
6136 6135 0.00012931
2909 6136 0.00034492
3899 6136 0.00034492
6135 6136 0.00034492
548 6225 0.00019895
6226 6225 0.00019895
6227 6225 0.00019895
6230 6225 0.00019895
3333 6226 0.0015851
3336 6226 0.0015851
6225 6226 0.0015851
3907 6227 0.00041609
4019 6227 0.00041609
6228 6227 0.00041609
6358 6227 0.00041609
548 6228 0.0027997
6226 6228 0.0027997
6227 6228 0.0027997
6230 6228 0.0027997
548 6229 0.00067873
6226 6229 0.00067873
6227 6229 0.00067873
6230 6229 0.00067873
6229 6230 0.0019146
6979 6230 0.0019146
7063 6230 0.0019146
4020 6231 0.0054258
6232 6231 0.0054258
6351 6231 0.0054258
6231 6232 0.0033771
6234 6232 0.0033771
6354 6232 0.0033771
6231 6233 0.0064048
6234 6233 0.0064048
6354 6233 0.0064048
3122 6234 0.0056524
5270 6234 0.0056524
6233 6234 0.0056524
2071 6237 0.00024251
6238 6237 0.00024251
6239 6237 0.00024251
996 6238 0.0002871
3119 6238 0.0002871
4790 6238 0.0002871
6237 6238 0.0002871
6242 6241 1
6244 6241 1
6861 6241 1
1502 6253 0.029619
1505 6253 0.029619
6254 6253 0.029619
6253 6254 0.0025315
6264 6254 0.0025315
6266 6254 0.0025315
2943 6255 0.99588
6256 6255 0.99588
6259 6255 0.99588
6263 6255 0.99588
3447 6257 0.14109
4646 6257 0.14109
6258 6257 0.14109
1506 6258 0.023591
4632 6258 0.023591
6257 6258 0.023591
6262 6258 0.023591
2941 6259 0.43874
6260 6259 0.43874
6261 6259 0.43874
2943 6260 0.012156
6256 6260 0.012156
6259 6260 0.012156
6263 6260 0.012156
1506 6261 0.13825
4632 6261 0.13825
6257 6261 0.13825
6262 6261 0.13825
2941 6262 0.045906
6260 6262 0.045906
6261 6262 0.045906
6253 6263 0.029619
6264 6263 0.029619
6266 6263 0.029619
2943 6264 0.0025315
6256 6264 0.0025315
6259 6264 0.0025315
6263 6264 0.0025315
950 6351 0.004384
6352 6351 0.004384
6353 6351 0.004384
6356 6351 0.004384
4020 6352 0.0012668
6232 6352 0.0012668
6351 6352 0.0012668
2354 6353 0.0047816
2357 6353 0.0047816
948 6354 0.0012708
951 6354 0.0012708
6355 6354 0.0012708
6231 6355 0.0025672
6234 6355 0.0025672
6354 6355 0.0025672
950 6357 0.0030543
6352 6357 0.0030543
6353 6357 0.0030543
6356 6357 0.0030543
995 6358 0.00045907
6359 6358 0.00045907
6360 6358 0.00045907
3907 6359 0.0035987
4019 6359 0.0035987
6228 6359 0.0035987
6358 6359 0.0035987
6357 6360 0.00053977
6361 6360 0.00053977
995 6361 0.0038996
6359 6361 0.0038996
6360 6361 0.0038996
6357 6362 0.0063206
6361 6362 0.0063206
6364 6363 0.00017242
6410 6363 0.00017242
6411 6363 0.00017242
6363 6364 0.00028487
6943 6364 0.00028487
7165 6364 0.00028487
3140 6371 0.00055271
6372 6371 0.00055271
6373 6371 0.00055271
6407 6371 0.00055271
2078 6372 0.000168
2358 6372 0.000168
2361 6372 0.000168
6371 6372 0.000168
3143 6373 0.00024895
3146 6373 0.00024895
6374 6373 0.00024895
6375 6373 0.00024895
6376 6375 0.00018236
6377 6375 0.00018236
6417 6375 0.00018236
4788 6407 0.00030481
6408 6407 0.00030481
6409 6407 0.00030481
6364 6409 0.00029937
6410 6409 0.00029937
6411 6409 0.00029937
5834 6411 0.00012937
6412 6411 0.00012937
6413 6411 0.00012937
3142 6413 0.00012937
6414 6413 0.00012937
6415 6413 0.00012937
6416 6415 0.00021699
6418 6415 0.00021699
6419 6415 0.00021699
6416 6417 0.00016035
6418 6417 0.00016035
6419 6417 0.00016035
3304 6419 0.00037141
6420 6419 0.00037141
6421 6419 0.00037141
3138 6421 0.00044785
5832 6421 0.00044785
6422 6421 0.00044785
3304 6422 0.0004678
6420 6422 0.0004678
6421 6422 0.0004678
1707 6742 0.017275
4655 6742 0.017275
1034 6861 1
6862 6861 1
199 6892 0.017273
979 6892 0.017273
6891 6892 0.017273
6939 6938 0.00051546
7067 6938 0.00051546
7163 6938 0.00051546
7164 6938 0.00051546
6938 6939 0.00027559
6941 6939 0.00027559
6949 6939 0.00027559
6940 6941 0.00040101
6942 6941 0.00040101
6945 6941 0.00040101
6947 6941 0.00040101
6363 6942 0.00040101
6943 6942 0.00040101
7165 6942 0.00040101
6938 6948 0.00067767
6941 6948 0.00067767
6949 6948 0.00067767
6948 6952 0.00067767
6950 6952 0.00067767
6953 6952 0.00067767
5824 6963 0.01128
6964 6963 0.01128
7100 6963 0.01128
5822 6964 0.0059399
6963 6964 0.0059399
7102 6964 0.0059399
7104 6964 0.0059399
6965 6967 0.00063363
6968 6967 0.00063363
7101 6967 0.00063363
3335 6968 0.0034675
5823 6968 0.0034675
5831 6968 0.0034675
6967 6968 0.0034675
6969 6971 0.00073
6972 6971 0.00073
6975 6971 0.00073
7066 6971 0.00073
6971 6972 0.00046354
6974 6972 0.00046354
7064 6972 0.00046354
6971 6973 0.001027
6974 6973 0.001027
7064 6973 0.001027
6973 6974 0.00050103
6976 6974 0.00050103
6978 6974 0.00050103
6973 6975 0.0010475
6976 6975 0.0010475
6978 6975 0.0010475
6969 6976 0.00054217
6972 6976 0.00054217
6975 6976 0.00054217
7066 6976 0.00054217
6973 6977 0.00090285
6976 6977 0.00090285
6978 6977 0.00090285
3320 6978 0.00088221
6977 6978 0.00088221
7096 6978 0.00088221
6980 6979 0.0020354
7065 6979 0.0020354
7098 6979 0.0020354
6229 6980 0.00053997
6979 6980 0.00053997
7063 6980 0.00053997
6971 7063 0.00062222
6974 7063 0.00062222
7064 7063 0.00062222
6229 7064 0.00088176
6979 7064 0.00088176
7063 7064 0.00088176
6969 7065 0.000908
6972 7065 0.000908
6975 7065 0.000908
7066 7065 0.000908
6980 7066 0.0006691
7065 7066 0.0006691
7098 7066 0.0006691
547 7093 0.0004559
2073 7093 0.0004559
7094 7093 0.0004559
3319 7094 0.00051737
5985 7094 0.00051737
7093 7094 0.00051737
7095 7094 0.00051737
3320 7095 0.00054729
6977 7095 0.00054729
7096 7095 0.00054729
3319 7096 0.00049547
5985 7096 0.00049547
7093 7096 0.00049547
7095 7096 0.00049547
6980 7097 0.00076399
7065 7097 0.00076399
7098 7097 0.00076399
3321 7098 0.0020206
3322 7098 0.0020206
7097 7098 0.0020206
5824 7099 0.0042587
6964 7099 0.0042587
7100 7099 0.0042587
3325 7100 0.018353
3326 7100 0.018353
7099 7100 0.018353
5822 7101 0.00063363
6963 7101 0.00063363
7102 7101 0.00063363
7104 7101 0.00063363
6965 7102 0.0034675
6968 7102 0.0034675
7101 7102 0.0034675
5822 7103 0.016488
6963 7103 0.016488
7102 7103 0.016488
7104 7103 0.016488
3323 7104 0.0037805
3324 7104 0.0037805
7103 7104 0.0037805
6952 7160 0.00095767
7161 7160 0.00095767
7162 7160 0.00095767
2356 7161 0.0010701
2359 7161 0.0010701
6362 7161 0.0010701
7160 7161 0.0010701
6939 7162 0.00040054
7067 7162 0.00040054
7163 7162 0.00040054
7164 7162 0.00040054
6952 7163 0.0011031
7161 7163 0.0011031
7162 7163 0.0011031
6363 7164 0.0001984
6943 7164 0.0001984
7165 7164 0.0001984
6939 7165 0.00066113
7067 7165 0.00066113
7163 7165 0.00066113
7164 7165 0.00066113
1232 7248 0.93847
7249 7248 0.93847
1235 7251 0.98271
7248 7251 0.98271
7250 7251 0.98271
