57 58 0.00016379
60 58 0.00016379
4610 58 0.00016379
59 60 0.00099366
3420 60 0.00099366
3421 60 0.00099366
86 85 0.0026889
89 85 0.0026889
6576 85 0.0026889
85 86 0.0016357
3724 86 0.0016357
3725 86 0.0016357
88 87 0.0014307
90 87 0.0014307
773 87 0.0014307
6568 87 0.0014307
87 88 0.0023817
3728 88 0.0023817
3729 88 0.0023817
88 89 0.0046731
90 89 0.0046731
773 89 0.0046731
6568 89 0.0046731
91 92 0.0046875
3732 92 0.0046875
3733 92 0.0046875
98 97 0.0087257
3704 97 0.0087257
3705 97 0.0087257
97 98 0.0021547
412 98 0.0021547
6566 98 0.0021547
100 99 0.0014275
102 99 0.0014275
4555 99 0.0014275
99 100 0.00034778
366 100 0.00034778
3737 100 0.00034778
100 101 0.00058115
102 101 0.00058115
4555 101 0.00058115
101 102 0.00057166
367 102 0.00057166
3738 102 0.00057166
110 109 0.0056263
5717 109 0.0056263
6560 109 0.0056263
112 111 0.00012543
424 111 0.00012543
425 111 0.00012543
6552 111 0.00012543
134 133 0.072127
3708 133 0.072127
3709 133 0.072127
133 134 0.040548
3052 134 0.040548
228 227 1
451 227 1
814 227 1
236 235 0.012858
819 235 0.012858
4580 235 0.012858
235 236 0.24553
460 236 0.24553
6056 236 0.24553
267 268 0.00012143
7247 268 0.00012143
269 270 0.00011839
272 270 0.00011839
469 270 0.00011839
271 272 0.00010105
274 272 0.00010105
435 272 0.00010105
273 274 0.00010302
276 274 0.00010302
467 274 0.00010302
275 276 0.00010311
278 276 0.00010311
6428 276 0.00010311
99 365 0.0021384
366 365 0.0021384
3737 365 0.0021384
365 366 0.00043616
3722 366 0.00043616
3723 366 0.00043616
368 367 0.00093204
371 367 0.00093204
376 367 0.00093204
101 368 0.00031895
367 368 0.00031895
3738 368 0.00031895
370 369 0.00046534
372 369 0.00046534
369 370 0.00023634
374 370 0.00023634
375 370 0.00023634
370 371 0.00023634
372 371 0.00023634
368 372 0.00046534
371 372 0.00046534
376 372 0.00046534
369 373 0.00068955
374 373 0.00068955
375 373 0.00068955
373 374 0.0013026
3730 374 0.0013026
3731 374 0.0013026
368 375 0.00028868
371 375 0.00028868
376 375 0.00028868
369 376 0.0011308
374 376 0.0011308
375 376 0.0011308
113 386 0.0001167
384 386 0.0001167
385 386 0.0001167
111 388 0.00017075
387 388 0.00017075
394 388 0.00017075
380 394 0.00011933
386 394 0.00011933
393 394 0.00011933
404 403 0.00014831
405 403 0.00014831
6570 403 0.00014831
6573 403 0.00014831
97 411 0.0087257
412 411 0.0087257
6566 411 0.0087257
411 412 0.0021547
3734 412 0.0021547
3735 412 0.0021547
402 420 0.00014739
403 420 0.00014739
418 420 0.00014739
419 420 0.00014739
116 422 0.00074981
420 422 0.00074981
421 422 0.00074981
1584 422 0.00074981
114 424 0.0015144
422 424 0.0015144
423 424 0.0015144
6550 424 0.0015144
112 426 0.0044518
424 426 0.0044518
425 426 0.0044518
6552 426 0.0044518
456 455 0.20964
457 455 0.20964
6055 455 0.20964
233 456 0.016002
455 456 0.016002
463 456 0.016002
458 457 0.50819
3398 457 0.50819
3399 457 0.50819
456 458 0.0097063
457 458 0.0097063
6055 458 0.0097063
235 459 0.10895
460 459 0.10895
6056 459 0.10895
459 460 0.03678
461 460 0.03678
464 460 0.03678
462 461 0.023483
817 461 0.023483
820 461 0.023483
459 462 0.28929
461 462 0.28929
464 462 0.28929
459 463 0.016002
461 463 0.016002
464 463 0.016002
233 464 0.20964
455 464 0.20964
463 464 0.20964
517 518 0.00034181
595 518 0.00034181
3437 518 0.00034181
3440 518 0.00034181
522 521 0.00017169
736 521 0.00017169
3419 521 0.00017169
3434 521 0.00017169
521 522 0.030947
3424 522 0.030947
3890 522 0.030947
524 523 0.00015391
1965 523 0.00015391
2884 523 0.00015391
523 524 0.00011629
564 524 0.00011629
6447 524 0.00011629
547 548 0.0001201
2073 548 0.0001201
7094 548 0.0001201
554 553 0.038644
1525 553 0.038644
2824 553 0.038644
553 554 0.00048745
3702 554 0.00048745
3703 554 0.00048745
563 564 0.0014144
2888 564 0.0014144
4801 564 0.0014144
565 566 0.00016705
980 566 0.00016705
983 566 0.00016705
567 568 0.00038011
1467 568 0.00038011
517 594 0.0012751
595 594 0.0012751
3437 594 0.0012751
3440 594 0.0012751
594 595 0.0015318
3408 595 0.0015318
3413 595 0.0015318
5260 723 0.0060461
723 724 0.10489
6920 724 0.10489
728 727 0.0020579
3375 727 0.0020579
4693 727 0.0020579
727 728 0.0006775
731 728 0.0006775
7126 728 0.0006775
727 732 0.95459
731 732 0.95459
7126 732 0.95459
734 733 0.9532
2879 733 0.9532
5252 733 0.9532
522 735 0.030901
736 735 0.030901
3419 735 0.030901
3434 735 0.030901
735 736 0.0025592
737 736 0.0025592
740 736 0.0025592
738 737 0.96919
2913 737 0.96919
5577 737 0.96919
735 739 0.99752
737 739 0.99752
740 739 0.99752
774 773 0.00015073
775 773 0.00015073
88 774 0.00035199
90 774 0.00035199
773 774 0.00035199
6568 774 0.00035199
776 775 0.00015073
6574 775 0.00015073
774 776 0.00035199
775 776 0.00035199
109 781 0.0056263
782 781 0.0056263
784 781 0.0056263
796 795 0.0028729
2875 795 0.0028729
3441 795 0.0028729
795 796 0.044197
3577 796 0.044197
4598 796 0.044197
4615 796 0.044197
732 797 0.027726
798 797 0.027726
7216 797 0.027726
797 798 0.073035
2876 798 0.073035
4596 798 0.073035
37 814 1
449 814 1
813 814 1
816 814 1
815 816 1
818 816 1
2188 816 1
462 818 1
817 818 1
820 818 1
462 819 0.00025799
817 819 0.00025799
820 819 0.00025799
236 820 0.73445
819 820 0.73445
4580 820 0.73445
948 950 0.00019609
951 950 0.00019609
6355 950 0.00019609
950 951 0.00074206
6352 951 0.00074206
6353 951 0.00074206
6356 951 0.00074206
981 980 0.00027979
5779 980 0.00027979
6433 980 0.00027979
6436 980 0.00027979
565 982 0.00013471
980 982 0.00013471
983 982 0.00013471
982 984 0.00013471
985 984 0.00013471
2889 984 0.00013471
984 986 0.00013471
987 986 0.00013471
2891 986 0.00013471
2893 986 0.00013471
994 995 0.00017162
997 995 0.00017162
2076 995 0.00017162
2077 995 0.00017162
1110 1111 0.0013797
2880 1111 0.0013797
2881 1111 0.0013797
432 1127 0.00071684
5692 1127 0.00071684
5085 1129 0.0015296
5267 1129 0.0015296
1232 1233 0.99967
7249 1233 0.99967
1235 1234 0.00040493
7248 1234 0.00040493
7250 1234 0.00040493
1234 1235 0.0001009
5816 1235 0.0001009
6117 1235 0.0001009
1468 1467 0.00039897
5934 1467 0.00039897
1111 1477 0.00052369
1476 1477 0.00052369
6069 1477 0.00052369
1520 1521 0.0063555
1523 1521 0.0063555
2825 1521 0.0063555
1522 1523 0.03775
2821 1523 0.03775
2827 1523 0.03775
554 1524 0.004618
1525 1524 0.004618
2824 1524 0.004618
1524 1525 0.011384
1968 1525 0.011384
2820 1525 0.011384
1527 1526 0.065828
1967 1526 0.065828
2822 1526 0.065828
1528 1530 0.0083619
1531 1530 0.0083619
3303 1530 0.0083619
1530 1531 0.007175
1533 1531 0.007175
2850 1531 0.007175
1530 1532 0.0010593
1533 1532 0.0010593
2850 1532 0.0010593
1532 1533 0.0022851
2851 1533 0.0022851
3339 1533 0.0022851
1566 1568 0.00077526
1569 1568 0.00077526
5716 1568 0.00077526
1568 1570 0.00098297
1571 1570 0.00098297
3699 1570 0.00098297
1570 1572 0.00017865
1573 1572 0.00017865
3092 1572 0.00017865
408 1574 0.00017865
1575 1574 0.00017865
7224 1574 0.00017865
1574 1576 0.00021045
1577 1576 0.00021045
6571 1576 0.00021045
1578 1580 0.000771
1581 1580 0.000771
4558 1580 0.000771
1580 1582 0.00079337
1583 1582 0.00079337
6572 1582 0.00079337
6575 1582 0.00079337
1582 1584 0.00066374
1585 1584 0.00066374
4524 1584 0.00066374
5576 1966 0.030437
5579 1966 0.030437
1524 1967 1.022
1968 1967 1.022
2820 1967 1.022
1527 1968 0.00070433
1967 1968 0.00070433
2822 1968 0.00070433
1972 1971 0.00074373
3706 1971 0.00074373
3707 1971 0.00074373
3736 1971 0.00074373
1969 1972 0.95628
1971 1972 0.95628
2823 1972 0.95628
2071 2072 0.00015172
6238 2072 0.00015172
6239 2072 0.00015172
2072 2073 0.00039025
2074 2073 0.00039025
2075 2073 0.00039025
3906 2073 0.00039025
994 2075 0.00035308
997 2075 0.00035308
2076 2075 0.00035308
2077 2075 0.00035308
2078 2077 0.00042136
2358 2077 0.00042136
2361 2077 0.00042136
6371 2077 0.00042136
724 2146 0.10441
2147 2146 0.10441
6794 2146 0.10441
2146 2147 0.005568
3712 2147 0.005568
4663 2147 0.005568
7113 2147 0.005568
2148 2149 0.0060461
6795 2149 0.0060461
2353 2352 0.0037505
3337 2352 0.0037505
2352 2353 0.0010411
2355 2353 0.0010411
5269 2353 0.0010411
2352 2354 0.0032486
2355 2354 0.0032486
5269 2354 0.0032486
2354 2355 0.0002347
2357 2355 0.0002347
2354 2356 0.00030258
2357 2356 0.00030258
2356 2357 0.00028063
2359 2357 0.00028063
6362 2357 0.00028063
7160 2357 0.00028063
2356 2358 0.00032682
2359 2358 0.00032682
6362 2358 0.00032682
7160 2358 0.00032682
2078 2359 0.00017732
2358 2359 0.00017732
2361 2359 0.00017732
6371 2359 0.00017732
2753 2752 0.99997
3327 2752 0.99997
5237 2752 0.99997
1522 2820 0.028842
2821 2820 0.028842
2827 2820 0.028842
1524 2821 0.00078301
1968 2821 0.00078301
2820 2821 0.00078301
1969 2822 0.00074373
1971 2822 0.00074373
2823 2822 0.00074373
1527 2823 0.95628
1967 2823 0.95628
2822 2823 0.95628
1520 2824 0.031613
1523 2824 0.031613
2825 2824 0.031613
554 2825 0.00022258
1525 2825 0.00022258
2824 2825 0.00022258
1526 2827 0.065828
2826 2827 0.065828
1530 2849 0.009286
1533 2849 0.009286
2850 2849 0.009286
600 2850 0.0068733
2849 2850 0.0068733
3344 2850 0.0068733
3345 2850 0.0068733
797 2875 0.0043782
2876 2875 0.0043782
4596 2875 0.0043782
796 2876 0.063649
2875 2876 0.063649
3441 2876 0.063649
566 2877 0.0001531
2878 2877 0.0001531
6439 2877 0.0001531
1110 2879 0.0015117
2880 2879 0.0015117
2881 2879 0.0015117
734 2880 0.0013615
2879 2880 0.0013615
5252 2880 0.0013615
2877 2881 0.0015372
2882 2881 0.0015372
6443 2881 0.0015372
6446 2881 0.0015372
524 2883 0.00011629
1965 2883 0.00011629
2884 2883 0.00011629
2883 2884 0.00015391
6445 2884 0.00015391
6448 2884 0.00015391
2886 2885 0.00015795
2887 2885 0.00015795
2901 2885 0.00015795
739 2886 0.0014268
2885 2886 0.0014268
5251 2886 0.0014268
563 2887 0.00015795
2888 2887 0.00015795
4801 2887 0.00015795
2886 2888 0.0014268
2887 2888 0.0014268
2901 2888 0.0014268
2911 2913 0.012216
2914 2913 0.012216
6130 2913 0.012216
133 3051 0.072127
3052 3051 0.072127
3051 3052 0.040548
3710 3052 0.040548
3711 3052 0.040548
3054 3053 0.0010187
3685 3053 0.0010187
3053 3054 0.00010997
3682 3054 0.00010997
3683 3054 0.00010997
1570 3091 0.00080541
1573 3091 0.00080541
3092 3091 0.00080541
416 3095 0.00021962
3096 3095 0.00021962
7148 3095 0.00021962
2360 3119 0.00010471
2363 3119 0.00010471
3120 3119 0.00010471
3122 3121 0.0053215
5270 3121 0.0053215
6233 3121 0.0053215
3121 3122 0.0011819
3328 3122 0.0011819
3329 3122 0.0011819
3124 3123 0.00027857
3307 3123 0.00027857
3308 3123 0.00027857
3637 3123 0.00027857
3123 3125 0.00026184
3126 3125 0.00026184
3312 3125 0.00026184
3125 3127 0.00011884
3128 3127 0.00011884
5949 3127 0.00011884
3135 3136 0.00014351
5948 3136 0.00014351
5953 3136 0.00014351
3138 3137 0.003624
5832 3137 0.003624
6422 3137 0.003624
3137 3138 0.00091576
3302 3138 0.00091576
3338 3138 0.00091576
1528 3302 0.007175
1531 3302 0.007175
3303 3302 0.007175
3137 3303 0.0083619
3302 3303 0.0083619
3338 3303 0.0083619
3136 3304 0.0029943
3305 3304 0.0029943
3306 3304 0.0029943
3124 3306 0.0029302
3307 3306 0.0029302
3308 3306 0.0029302
3637 3306 0.0029302
3318 3319 0.00010464
6983 3319 0.00010464
7092 3319 0.00010464
3320 3321 0.00057759
6977 3321 0.00057759
7096 3321 0.00057759
3323 3322 0.00012683
3324 3322 0.00012683
7103 3322 0.00012683
3321 3323 0.00106
3322 3323 0.00106
7097 3323 0.00106
3325 3324 0.00054825
3326 3324 0.00054825
7099 3324 0.00054825
3323 3325 0.0036649
3324 3325 0.0036649
7103 3325 0.0036649
2753 3326 0.0024789
3327 3326 0.0024789
5237 3326 0.0024789
3325 3327 0.0036925
3326 3327 0.0036925
7099 3327 0.0036925
2353 3328 0.99743
3337 3328 0.99743
3333 3335 0.00040688
3336 3335 0.00040688
6225 3335 0.00040688
3137 3337 1.0001
3302 3337 1.0001
3338 3337 1.0001
3343 3338 0.99862
3639 3338 0.99862
3962 3338 0.99862
3340 3339 0.0022851
3342 3339 0.0022851
3960 3339 0.0022851
1532 3340 0.0010593
2851 3340 0.0010593
3339 3340 0.0010593
3340 3341 0.0010593
3342 3341 0.0010593
3960 3341 0.0010593
3341 3342 0.0022851
3346 3342 0.0022851
4684 3342 0.0022851
600 3343 0.041155
2849 3343 0.041155
3344 3343 0.041155
3345 3343 0.041155
3343 3344 0.005258
3639 3344 0.005258
3962 3344 0.005258
3341 3345 0.034018
3346 3345 0.034018
4684 3345 0.034018
600 3346 0.00053395
2849 3346 0.00053395
3344 3346 0.00053395
3345 3346 0.00053395
73 3347 0.0055954
3348 3347 0.0055954
3349 3347 0.0055954
3350 3349 0.0055954
3351 3349 0.0055954
3363 3349 0.0055954
3352 3351 0.0051729
3366 3351 0.0051729
3691 3351 0.0051729
3353 3354 0.029196
3355 3354 0.029196
7220 3354 0.029196
3364 3363 0.00043716
3365 3363 0.00043716
3367 3363 0.00043716
3352 3365 0.00010355
3366 3365 0.00010355
3691 3365 0.00010355
3364 3366 0.00035043
3365 3366 0.00035043
3367 3366 0.00035043
3368 3367 0.00066531
3369 3367 0.00066531
3665 3367 0.00066531
3368 3370 0.00029216
3369 3370 0.00029216
3665 3370 0.00029216
3376 3375 0.0020544
3377 3375 0.0020544
3389 3375 0.0020544
4613 3375 0.0020544
728 3376 0.00066139
3375 3376 0.00066139
4693 3376 0.00066139
3378 3377 0.00057711
3379 3377 0.00057711
6063 3377 0.00057711
3376 3378 0.00065613
3377 3378 0.00065613
3389 3378 0.00065613
4613 3378 0.00065613
3380 3379 0.00055052
3387 3379 0.00055052
6065 3379 0.00055052
1477 3387 0.00055521
3381 3387 0.00055521
3388 3387 0.00055521
221 3389 0.00071046
3390 3389 0.00071046
6064 3389 0.00071046
3397 3398 0.99988
7215 3398 0.99988
3400 3399 0.00010673
4579 3399 0.00010673
7244 3399 0.00010673
458 3400 0.5015
3398 3400 0.5015
3399 3400 0.5015
268 3401 0.00012165
3402 3401 0.00012165
5255 3401 0.00012165
518 3406 0.00034181
3403 3406 0.00034181
3405 3406 0.00034181
594 3407 0.0018184
3408 3407 0.0018184
3413 3407 0.0018184
3407 3408 0.0012115
3573 3408 0.0012115
3576 3408 0.0012115
3410 3409 0.0012971
3411 3409 0.0012971
3439 3409 0.0012971
3569 3409 0.0012971
3409 3410 0.0011019
3414 3410 0.0011019
6452 3410 0.0011019
3406 3411 0.00034181
3412 3411 0.00034181
6449 3411 0.00034181
3409 3413 0.0016671
3414 3413 0.0016671
6452 3413 0.0016671
594 3414 0.00080349
3408 3414 0.00080349
3413 3414 0.00080349
58 3417 0.00016379
519 3417 0.00016379
3418 3417 0.00016379
522 3420 0.00099366
736 3420 0.00099366
3419 3420 0.00099366
3434 3420 0.00099366
1966 3424 0.030437
3423 3424 0.030437
3425 3429 0.00066381
3430 3429 0.00066381
3891 3429 0.00066381
3427 3430 0.00095868
3429 3430 0.00095868
6139 3430 0.00095868
6461 3430 0.00095868
522 3433 0.0022862
736 3433 0.0022862
3419 3433 0.0022862
3434 3433 0.0022862
561 3434 0.00078869
3433 3434 0.00078869
6459 3434 0.00078869
6462 3434 0.00078869
3436 3435 0.0031216
3442 3435 0.0031216
3443 3435 0.0031216
4595 3435 0.0031216
3435 3436 0.0071073
3438 3436 0.0071073
3571 3436 0.0071073
3574 3436 0.0071073
3435 3437 0.0022926
3438 3437 0.0022926
3571 3437 0.0022926
3574 3437 0.0022926
517 3438 0.002354
595 3438 0.002354
3437 3438 0.002354
3440 3438 0.002354
517 3439 0.0012326
595 3439 0.0012326
3437 3439 0.0012326
3440 3439 0.0012326
3410 3440 0.0013152
3411 3440 0.0013152
3439 3440 0.0013152
3569 3440 0.0013152
3436 3441 0.036085
3442 3441 0.036085
3443 3441 0.036085
4595 3441 0.036085
796 3442 0.018139
2875 3442 0.018139
3441 3442 0.018139
3435 3573 0.0017418
3438 3573 0.0017418
3571 3573 0.0017418
3574 3573 0.0017418
3407 3574 0.005666
3573 3574 0.005666
3576 3574 0.005666
3407 3575 0.0019831
3573 3575 0.0019831
3576 3575 0.0019831
3575 3576 0.0053005
3578 3576 0.0053005
4617 3576 0.0053005
3575 3577 0.0026521
3578 3577 0.0026521
4617 3577 0.0026521
795 3578 0.0045434
3577 3578 0.0045434
4598 3578 0.0045434
4615 3578 0.0045434
3638 3637 0.0032526
3640 3637 0.0032526
5268 3637 0.0032526
3124 3638 0.00013724
3307 3638 0.00013724
3308 3638 0.00013724
3637 3638 0.00013724
3638 3639 0.00084346
3640 3639 0.00084346
5268 3639 0.00084346
3343 3640 0.0032926
3639 3640 0.0032926
3962 3640 0.0032926
3666 3665 0.00086266
3667 3665 0.00086266
5843 3665 0.00086266
3668 3667 0.00097277
3669 3667 0.00097277
6478 3667 0.00097277
3670 3669 0.00020229
3679 3669 0.00020229
5851 3669 0.00020229
3668 3670 0.00028215
3669 3670 0.00028215
6478 3670 0.00028215
3671 3672 0.00022449
5854 3672 0.00022449
3672 3674 0.00032055
3673 3674 0.00032055
3675 3674 0.00032055
3676 3675 0.00012584
3677 3675 0.00012584
3690 3675 0.00012584
3680 3679 0.00033838
3681 3679 0.00033838
3689 3679 0.00033838
6479 3679 0.00033838
3670 3680 0.0002083
3679 3680 0.0002083
5851 3680 0.0002083
3053 3681 0.0013837
3682 3681 0.0013837
3683 3681 0.0013837
3680 3682 0.00010615
3681 3682 0.00010615
3689 3682 0.00010615
6479 3682 0.00010615
3684 3683 0.0012605
3686 3683 0.0012605
3687 3683 0.0012605
3053 3684 0.00089169
3682 3684 0.00089169
3683 3684 0.00089169
3684 3685 0.0010187
3686 3685 0.0010187
3687 3685 0.0010187
3054 3686 0.00010997
3685 3686 0.00010997
3688 3687 0.0021893
3714 3687 0.0021893
3715 3687 0.0021893
3684 3688 0.00091177
3686 3688 0.00091177
3687 3688 0.00091177
3680 3690 0.00012584
3681 3690 0.00012584
3689 3690 0.00012584
6479 3690 0.00012584
3370 3691 0.0048815
3692 3691 0.0048815
3693 3691 0.0048815
3694 3693 0.0046572
3695 3693 0.0046572
6563 3693 0.0046572
3674 3695 0.0045461
3696 3695 0.0045461
3697 3695 0.0045461
3642 3697 0.0042548
3698 3697 0.0042548
3716 3697 0.0042548
781 3699 0.00078575
3700 3699 0.00078575
3701 3699 0.00078575
1568 3700 0.00056944
1571 3700 0.00056944
3699 3700 0.00056944
553 3701 0.0007038
3702 3701 0.0007038
3703 3701 0.0007038
781 3702 0.0060296
3700 3702 0.0060296
3701 3702 0.0060296
98 3703 0.00081199
3704 3703 0.00081199
3705 3703 0.00081199
553 3704 0.044294
3702 3704 0.044294
3703 3704 0.044294
1972 3705 0.0085413
3706 3705 0.0085413
3707 3705 0.0085413
3736 3705 0.0085413
98 3706 0.045452
3704 3706 0.045452
3705 3706 0.045452
134 3707 0.00088367
3708 3707 0.00088367
3709 3707 0.00088367
1972 3708 0.97067
3706 3708 0.97067
3707 3708 0.97067
3736 3708 0.97067
3051 3709 0.00027484
3710 3709 0.00027484
3711 3709 0.00027484
134 3710 0.93848
3708 3710 0.93848
3709 3710 0.93848
3051 3712 0.96984
3710 3712 0.96984
3711 3712 0.96984
3688 3713 0.00091916
3714 3713 0.00091916
3715 3713 0.00091916
3713 3714 0.0064335
6921 3714 0.0064335
7114 3714 0.0064335
3688 3716 0.0042548
3714 3716 0.0042548
3715 3716 0.0042548
388 3718 0.00016143
389 3718 0.00016143
3717 3718 0.00016143
6554 3718 0.00016143
398 3720 0.00020717
3718 3720 0.00020717
3719 3720 0.00020717
365 3721 0.024736
3722 3721 0.024736
3723 3721 0.024736
85 3723 0.02305
3724 3723 0.02305
3725 3723 0.02305
3726 3725 0.022149
3727 3725 0.022149
4556 3725 0.022149
85 3726 0.00022437
3724 3726 0.00022437
3725 3726 0.00022437
87 3727 0.023224
3728 3727 0.023224
3729 3727 0.023224
3726 3728 0.00021065
3727 3728 0.00021065
4556 3728 0.00021065
373 3729 0.02423
3730 3729 0.02423
3731 3729 0.02423
87 3730 0.00026547
3728 3730 0.00026547
3729 3730 0.00026547
91 3731 0.024854
3732 3731 0.024854
3733 3731 0.024854
373 3732 0.00027613
3730 3732 0.00027613
3731 3732 0.00027613
411 3733 0.029327
3734 3733 0.029327
3735 3733 0.029327
1972 3735 0.030066
3706 3735 0.030066
3707 3735 0.030066
3736 3735 0.030066
411 3736 0.007403
3734 3736 0.007403
3735 3736 0.007403
101 3737 0.00081981
367 3737 0.00081981
3738 3737 0.00081981
99 3738 0.00019724
366 3738 0.00019724
3737 3738 0.00019724
3425 3890 0.0010014
3430 3890 0.0010014
3891 3890 0.0010014
521 3891 0.00066314
3424 3891 0.00066314
3890 3891 0.00066314
3898 3899 0.012212
5581 3899 0.012212
5935 3899 0.012212
1237 3903 0.0003462
3902 3903 0.0003462
6118 3903 0.0003462
3907 3906 0.00014563
4019 3906 0.00014563
6228 3906 0.00014563
6358 3906 0.00014563
2072 3907 0.00024185
2074 3907 0.00024185
2075 3907 0.00024185
3906 3907 0.00024185
4685 3962 0.96517
5086 3962 0.96517
6876 3963 0.00078939
1129 3964 0.0003692
3963 3964 0.0003692
4020 4019 0.00062588
6232 4019 0.00062588
6351 4019 0.00062588
3907 4020 0.00026281
4019 4020 0.00026281
6228 4020 0.00026281
6358 4020 0.00026281
1582 4523 0.00023682
1585 4523 0.00023682
4524 4523 0.00023682
4523 4524 0.00010712
4526 4524 0.00010712
6551 4524 0.00010712
4523 4525 0.00017497
4526 4525 0.00017497
6551 4525 0.00017497
4525 4526 0.00080641
6553 4526 0.00080641
6577 4526 0.00080641
3726 4555 0.0018008
3727 4555 0.0018008
4556 4555 0.0018008
100 4556 0.00071163
102 4556 0.00071163
4555 4556 0.00071163
92 4558 0.000771
4557 4558 0.000771
6569 4558 0.000771
236 4579 0.00010335
819 4579 0.00010335
4580 4579 0.00010335
3400 4580 0.50162
4579 4580 0.50162
7244 4580 0.50162
797 4595 0.036183
2876 4595 0.036183
4596 4595 0.036183
3436 4596 0.022222
3442 4596 0.022222
3443 4596 0.022222
4595 4596 0.022222
795 4597 0.0030067
3577 4597 0.0030067
4598 4597 0.0030067
4615 4597 0.0030067
4597 4598 0.046222
5250 4598 0.046222
5253 4598 0.046222
57 4611 0.00085097
60 4611 0.00085097
4610 4611 0.00085097
61 4613 0.00087499
4612 4613 0.00087499
6070 4613 0.00087499
3575 4616 0.00030062
3578 4616 0.00030062
4617 4616 0.00030062
4616 4617 0.0017267
6451 4617 0.0017267
6454 4617 0.0017267
426 4660 0.029195
3720 4660 0.029195
3721 4660 0.029195
4661 4660 0.029195
2146 4662 0.96427
3712 4662 0.96427
4663 4662 0.96427
7113 4662 0.96427
3347 4684 0.034711
3354 4684 0.034711
4683 4684 0.034711
986 4801 0.00013471
2895 4801 0.00013471
4802 4801 0.00013471
4685 5085 0.0014134
5086 5085 0.0014134
5087 5086 0.96654
5271 5086 0.96654
1129 5087 0.0019498
3963 5087 0.0019498
7272 5088 0.00096628
7274 5088 0.00096628
1128 5091 0.00022785
5092 5091 0.00022785
5093 5092 0.00017721
5088 5093 0.0009666
5094 5093 0.0009666
3121 5237 1.0016
3328 5237 1.0016
3329 5237 1.0016
739 5250 0.99626
2885 5250 0.99626
5251 5250 0.99626
4597 5252 0.95308
5250 5252 0.95308
5253 5252 0.95308
2149 5260 0.0060461
7287 5260 0.0060461
3638 5267 0.00016684
3640 5267 0.00016684
5268 5267 0.00016684
3138 5268 0.00083307
5832 5268 0.00083307
6422 5268 0.00083307
3122 5269 0.0010424
5270 5269 0.0010424
6233 5269 0.0010424
2753 5270 0.0028161
3327 5270 0.0028161
5237 5270 0.0028161
3964 5271 0.96464
6738 5271 0.96464
5576 5577 0.95706
5579 5577 0.95706
5578 5579 0.98741
5583 5579 0.98741
5584 5579 0.98741
1233 5581 0.012603
5580 5581 0.012603
5582 5581 0.012603
1233 5583 0.98711
5580 5583 0.98711
5582 5583 0.98711
5265 5584 0.00031904
5585 5584 0.00031904
6124 5584 0.00031904
3094 5680 0.00010875
5681 5680 0.00010875
5683 5680 0.00010875
1975 5683 0.00010875
3091 5683 0.00010875
5682 5683 0.00010875
5693 5683 0.00010875
1975 5692 0.00069698
3091 5692 0.00069698
5682 5692 0.00069698
5693 5692 0.00069698
110 5716 0.00077526
5717 5716 0.00077526
6560 5716 0.00077526
5818 5819 0.00031734
6126 5819 0.00031734
6128 5819 0.00031734
3335 5822 0.0015151
5823 5822 0.0015151
5831 5822 0.0015151
6967 5822 0.0015151
5822 5823 0.00045426
6963 5823 0.00045426
7102 5823 0.00045426
7104 5823 0.00045426
5825 5824 0.0002473
5826 5824 0.0002473
5830 5824 0.0002473
5824 5825 0.0014957
6964 5825 0.0014957
7100 5825 0.0014957
3335 5830 0.00025629
5823 5830 0.00025629
5831 5830 0.00025629
6967 5830 0.00025629
5825 5831 0.0014553
5826 5831 0.0014553
5830 5831 0.0014553
2352 5832 0.00073789
2355 5832 0.00073789
5269 5832 0.00073789
5091 5837 0.00018266
5838 5837 0.00018266
5839 5840 0.00012762
5842 5840 0.00012762
5848 5840 0.00012762
5841 5842 0.00012762
5844 5842 0.00012762
5850 5842 0.00012762
3666 5844 0.00012762
3667 5844 0.00012762
5843 5844 0.00012762
3670 5852 0.00022449
3679 5852 0.00022449
5851 5852 0.00022449
5852 5854 0.00022449
5853 5854 0.00022449
3898 5934 0.00039666
5581 5934 0.00039666
5935 5934 0.00039666
3125 5948 0.00014985
3128 5948 0.00014985
5949 5948 0.00014985
235 6055 0.0056256
460 6055 0.0056256
6056 6055 0.0056256
456 6056 0.31047
457 6056 0.31047
6055 6056 0.31047
3378 6064 0.00070079
3379 6064 0.00070079
6063 6064 0.00070079
1111 6070 0.00087499
1476 6070 0.00087499
6069 6070 0.00087499
1237 6117 0.0001009
3902 6117 0.0001009
6118 6117 0.0001009
1234 6118 0.00040493
5816 6118 0.00040493
6117 6118 0.00040493
5819 6124 0.00031888
5821 6124 0.00031888
6123 6124 0.00031888
1246 6128 0.00029223
3901 6128 0.00029223
3903 6128 0.00029223
6127 6128 0.00029223
2903 6130 0.012216
6129 6130 0.012216
6132 6130 0.012216
2905 6132 0.012216
6131 6132 0.012216
6134 6132 0.012216
2907 6134 0.012157
6133 6134 0.012157
6136 6134 0.012157
2909 6136 0.012212
3899 6136 0.012212
6135 6136 0.012212
548 6225 0.00036024
6226 6225 0.00036024
6227 6225 0.00036024
6230 6225 0.00036024
3907 6227 0.0007904
4019 6227 0.0007904
6228 6227 0.0007904
6358 6227 0.0007904
548 6229 0.00055161
6226 6229 0.00055161
6227 6229 0.00055161
6230 6229 0.00055161
4020 6231 0.0022796
6232 6231 0.0022796
6351 6231 0.0022796
6231 6232 0.00045969
6234 6232 0.00045969
6354 6232 0.00045969
6231 6233 0.0029162
6234 6233 0.0029162
6354 6233 0.0029162
3122 6234 0.00055035
5270 6234 0.00055035
6233 6234 0.00055035
950 6351 0.0022307
6352 6351 0.0022307
6353 6351 0.0022307
6356 6351 0.0022307
2354 6353 0.0029919
2357 6353 0.0029919
948 6354 0.00074206
951 6354 0.00074206
6355 6354 0.00074206
6231 6355 0.00019609
6234 6355 0.00019609
6354 6355 0.00019609
950 6357 0.0002867
6352 6357 0.0002867
6353 6357 0.0002867
6356 6357 0.0002867
995 6358 0.00034626
6359 6358 0.00034626
6360 6358 0.00034626
6357 6360 0.0002509
6361 6360 0.0002509
2364 6365 0.00011009
2367 6365 0.00011009
6366 6365 0.00011009
6367 6365 0.00011009
3117 6367 0.00013785
5957 6367 0.00013785
6368 6367 0.00013785
6369 6367 0.00013785
5954 6369 0.00013057
6370 6369 0.00013057
6388 6369 0.00013057
7111 6369 0.00013057
3140 6371 0.00027467
6372 6371 0.00027467
6373 6371 0.00027467
6407 6371 0.00027467
3143 6373 0.00022288
3146 6373 0.00022288
6374 6373 0.00022288
6375 6373 0.00022288
6376 6375 0.00019922
6377 6375 0.00019922
6417 6375 0.00019922
5952 6377 0.00015895
6378 6377 0.00015895
6379 6377 0.00015895
3127 6379 0.00011081
3130 6379 0.00011081
6380 6379 0.00011081
6381 6379 0.00011081
6416 6415 0.00011459
6418 6415 0.00011459
6419 6415 0.00011459
6416 6417 0.00010833
6418 6417 0.00010833
6419 6417 0.00010833
3304 6419 0.00021928
6420 6419 0.00021928
6421 6419 0.00021928
3138 6421 0.00024696
5832 6421 0.00024696
6422 6421 0.00024696
3304 6422 0.0030503
6420 6422 0.0030503
6421 6422 0.0030503
5736 6428 0.00010308
6427 6428 0.00010308
6430 6428 0.00010308
570 6430 0.00010308
6429 6430 0.00010308
6432 6430 0.00010308
4805 6432 0.00010156
6431 6432 0.00010156
6434 6432 0.00010156
981 6434 0.00010225
5779 6434 0.00010225
6433 6434 0.00010225
6436 6434 0.00010225
568 6436 0.00037771
4174 6436 0.00037771
6435 6436 0.00037771
2883 6446 0.0013973
6445 6446 0.0013973
6448 6446 0.0013973
523 6448 0.0014372
564 6448 0.0014372
6447 6448 0.0014372
3409 6451 0.00019161
3414 6451 0.00019161
6452 6451 0.00019161
4616 6452 0.00085991
6451 6452 0.00085991
6454 6452 0.00085991
3416 6454 0.0021381
3417 6454 0.0021381
6453 6454 0.0021381
6456 6454 0.0021381
4611 6456 0.0020064
6455 6456 0.0020064
6458 6456 0.0020064
4611 6457 0.00041561
6455 6457 0.00041561
6458 6457 0.00041561
6071 6458 0.0015749
6457 6458 0.0015749
6460 6458 0.0015749
6071 6459 0.00041561
6457 6459 0.00041561
6460 6459 0.00041561
561 6460 0.0015749
3433 6460 0.0015749
6459 6460 0.0015749
6462 6460 0.0015749
561 6461 0.00099012
3433 6461 0.00099012
6459 6461 0.00099012
6462 6461 0.00099012
3427 6462 0.00065189
3429 6462 0.00065189
6139 6462 0.00065189
6461 6462 0.00065189
3680 6478 0.0010662
3681 6478 0.0010662
3689 6478 0.0010662
6479 6478 0.0010662
4523 6550 0.00078338
4526 6550 0.00078338
6551 6550 0.00078338
4525 6552 0.00302
6553 6552 0.00302
6577 6552 0.00302
1521 6560 0.0063338
6558 6560 0.0063338
6561 6560 0.0063338
5840 6563 0.00012762
5846 6563 0.00012762
6562 6563 0.00012762
92 6568 0.0039597
4557 6568 0.0039597
6569 6568 0.0039597
1580 6573 0.00019966
1583 6573 0.00019966
6572 6573 0.00019966
6575 6573 0.00019966
1580 6574 0.00015073
1583 6574 0.00015073
6572 6574 0.00015073
6575 6574 0.00015073
776 6575 0.00035199
6574 6575 0.00035199
86 6577 0.0036624
89 6577 0.0036624
6576 6577 0.0036624
4662 6738 0.96427
6739 6738 0.96427
724 6795 0.0060461
2147 6795 0.0060461
6794 6795 0.0060461
5093 6875 0.00078939
6875 6876 0.00078939
3713 6920 0.099981
6921 6920 0.099981
7114 6920 0.099981
723 6921 0.0011404
6920 6921 0.0011404
5824 6963 0.0017162
6964 6963 0.0017162
7100 6963 0.0017162
5822 6964 0.0010616
6963 6964 0.0010616
7102 6964 0.0010616
7104 6964 0.0010616
3335 6968 0.00056249
5823 6968 0.00056249
5831 6968 0.00056249
6967 6968 0.00056249
6969 6971 0.00013975
6972 6971 0.00013975
6975 6971 0.00013975
7066 6971 0.00013975
6971 6972 0.00010747
6974 6972 0.00010747
7064 6972 0.00010747
6971 6973 0.00026361
6974 6973 0.00026361
7064 6973 0.00026361
6973 6975 0.00022661
6976 6975 0.00022661
6978 6975 0.00022661
6969 6976 0.00010462
6972 6976 0.00010462
6975 6976 0.00010462
7066 6976 0.00010462
6973 6977 0.00024633
6976 6977 0.00024633
6978 6977 0.00024633
3320 6978 0.00016059
6977 6978 0.00016059
7096 6978 0.00016059
6980 6979 0.00014636
7065 6979 0.00014636
7098 6979 0.00014636
6229 6980 0.00046297
6979 6980 0.00046297
7063 6980 0.00046297
6229 7064 0.00022781
6979 7064 0.00022781
7063 7064 0.00022781
6969 7065 0.00019772
6972 7065 0.00019772
6975 7065 0.00019772
7066 7065 0.00019772
6980 7066 0.00010802
7065 7066 0.00010802
7098 7066 0.00010802
6997 7092 0.00010769
7090 7092 0.00010769
7091 7092 0.00010769
547 7093 0.00037533
2073 7093 0.00037533
7094 7093 0.00037533
3319 7096 0.00046118
5985 7096 0.00046118
7093 7096 0.00046118
7095 7096 0.00046118
6980 7097 0.00055948
7065 7097 0.00055948
7098 7097 0.00055948
3321 7098 0.00015317
3322 7098 0.00015317
7097 7098 0.00015317
5824 7099 0.00083809
6964 7099 0.00083809
7100 7099 0.00083809
3325 7100 0.0027411
3326 7100 0.0027411
7099 7100 0.0027411
6965 7102 0.00056249
6968 7102 0.00056249
7101 7102 0.00056249
5822 7103 0.0027573
6963 7103 0.0027573
7102 7103 0.0027573
7104 7103 0.0027573
3323 7104 0.00057389
3324 7104 0.00057389
7103 7104 0.00057389
5837 7111 0.00018266
6927 7111 0.00018266
7069 7111 0.00018266
7112 7111 0.00018266
3713 7113 0.0019589
6921 7113 0.0019589
7114 7113 0.0019589
2146 7114 0.10631
3712 7114 0.10631
4663 7114 0.10631
7113 7114 0.10631
733 7126 0.9532
7127 7126 0.9532
1576 7148 0.00021045
7149 7148 0.00021045
7214 7215 0.99988
7217 7215 0.99988
732 7217 0.99988
798 7217 0.99988
7216 7217 0.99988
4660 7220 0.029195
7221 7220 0.029195
1572 7222 0.00017865
7223 7222 0.00017865
7222 7224 0.00017865
7225 7224 0.00017865
3401 7244 0.00012165
7245 7244 0.00012165
270 7247 0.00012143
6049 7247 0.00012143
7246 7247 0.00012143
1235 7249 0.99967
7248 7249 0.99967
7250 7249 0.99967
2752 7250 0.99997
7251 7250 0.99997
1127 7274 0.00094529
3095 7274 0.00094529
3098 7274 0.00094529
