786 785 0.1438
2261 785 0.1438
2264 785 0.1438
3989 785 0.1438
785 786 0.049194
3973 786 0.049194
3976 786 0.049194
3977 786 0.049194
948 950 0.00029216
951 950 0.00029216
6355 950 0.00029216
950 951 0.001098
6352 951 0.001098
6353 951 0.001098
6356 951 0.001098
994 995 0.00044456
997 995 0.00044456
2076 995 0.00044456
2077 995 0.00044456
996 997 0.00023248
3119 997 0.00023248
4790 997 0.00023248
6237 997 0.00023248
6874 1128 0.00055073
5085 1129 0.0039904
5267 1129 0.0039904
1272 1273 0.0001539
1275 1273 0.0001539
3170 1273 0.0001539
1277 1276 0.0001161
1278 1276 0.0001161
2869 1276 0.0001161
1273 1277 0.00064992
1276 1277 0.00064992
3172 1277 0.00064992
1279 1278 0.00023542
1280 1278 0.00023542
3174 1278 0.00023542
1277 1279 0.00067117
1278 1279 0.00067117
2869 1279 0.00067117
1281 1280 0.00075565
1284 1280 0.00075565
3178 1280 0.00075565
1279 1281 0.0025056
1280 1281 0.0025056
3174 1281 0.0025056
1283 1282 0.0028692
1708 1282 0.0028692
4653 1282 0.0028692
1282 1283 0.0028692
1285 1283 0.0028692
3954 1283 0.0028692
1282 1284 0.0028388
1285 1284 0.0028388
3954 1284 0.0028388
1281 1285 0.002739
1284 1285 0.002739
3178 1285 0.002739
1014 1299 0.00011454
1298 1299 0.00011454
3592 1299 0.00011454
1528 1530 0.0083915
1531 1530 0.0083915
3303 1530 0.0083915
1530 1531 0.0045657
1533 1531 0.0045657
2850 1531 0.0045657
1530 1532 0.00078839
1533 1532 0.00078839
2850 1532 0.00078839
1532 1533 0.00055155
2851 1533 0.00055155
3339 1533 0.00055155
1283 1707 1
1708 1707 1
4653 1707 1
1709 1711 0.0021339
1712 1711 0.0021339
3179 1711 0.0021339
1711 1712 0.00028417
1714 1712 0.00028417
3175 1712 0.00028417
1711 1713 0.00061963
1714 1713 0.00061963
3175 1713 0.00061963
2071 2072 0.00014534
6238 2072 0.00014534
6239 2072 0.00014534
994 2075 0.00021077
997 2075 0.00021077
2076 2075 0.00021077
2077 2075 0.00021077
2078 2077 0.0005408
2358 2077 0.0005408
2361 2077 0.0005408
6371 2077 0.0005408
994 2078 0.00020138
997 2078 0.00020138
2076 2078 0.00020138
2077 2078 0.00020138
2250 2249 1.0004
4008 2249 1.0004
6857 2249 1.0004
2249 2251 0.97273
2252 2251 0.97273
4010 2251 0.97273
2251 2253 0.97273
2254 2253 0.97273
4011 2253 0.97273
2253 2255 0.97273
2256 2255 0.97273
4015 2255 0.97273
2255 2257 1
2258 2257 1
2814 2257 1
2257 2259 1
2260 2259 1
2812 2259 1
2259 2261 0.99721
2262 2261 0.99721
5859 2261 0.99721
786 2263 0.9058
2261 2263 0.9058
2264 2263 0.9058
3989 2263 0.9058
2263 2264 0.00040205
2266 2264 0.00040205
3959 2264 0.00040205
2263 2265 0.9058
2266 2265 0.9058
3959 2265 0.9058
2265 2266 0.00040204
2268 2266 0.00040204
3975 2266 0.00040204
2265 2267 1
2268 2267 1
3975 2267 1
2353 2352 0.95676
3337 2352 0.95676
2352 2354 0.004924
2355 2354 0.004924
5269 2354 0.004924
2354 2355 0.0041661
2357 2355 0.0041661
2354 2356 0.00065223
2357 2356 0.00065223
2356 2357 0.0042269
2359 2357 0.0042269
6362 2357 0.0042269
7160 2357 0.0042269
2356 2358 0.00051003
2359 2358 0.00051003
6362 2358 0.00051003
7160 2358 0.00051003
2078 2359 0.0025391
2358 2359 0.0025391
2361 2359 0.0025391
6371 2359 0.0025391
2078 2360 0.00019223
2358 2360 0.00019223
2361 2360 0.00019223
6371 2360 0.00019223
2360 2361 0.00052717
2363 2361 0.00052717
3120 2361 0.00052717
2362 2363 0.00049529
2365 2363 0.00049529
6395 2363 0.00049529
2364 2365 0.00034003
2367 2365 0.00034003
6366 2365 0.00034003
6367 2365 0.00034003
2366 2367 0.00013375
7006 2367 0.00013375
7086 2367 0.00013375
2751 2750 0.00036907
4004 2750 0.00036907
4009 2750 0.00036907
1721 2814 0.027406
2815 2814 0.027406
4001 2814 0.027406
1530 2849 0.0085491
1533 2849 0.0085491
2850 2849 0.0085491
600 2850 0.0049601
2849 2850 0.0049601
3344 2850 0.0049601
3345 2850 0.0049601
1277 2870 0.00012123
1278 2870 0.00012123
2869 2870 0.00012123
3107 3109 0.00010316
3110 3109 0.00010316
3309 3109 0.00010316
3310 3109 0.00010316
2360 3119 0.00020986
2363 3119 0.00020986
3120 3119 0.00020986
3121 3122 0.030197
3328 3122 0.030197
3329 3122 0.030197
3124 3123 0.00079523
3307 3123 0.00079523
3308 3123 0.00079523
3637 3123 0.00079523
3123 3125 0.00075812
3126 3125 0.00075812
3312 3125 0.00075812
3125 3127 0.00053004
3128 3127 0.00053004
5949 3127 0.00053004
3127 3129 0.00014328
3130 3129 0.00014328
6380 3129 0.00014328
6381 3129 0.00014328
3136 3135 0.00025181
3305 3135 0.00025181
3306 3135 0.00025181
3135 3136 0.00015034
5948 3136 0.00015034
5953 3136 0.00015034
3138 3137 0.0034752
5832 3137 0.0034752
6422 3137 0.0034752
3137 3138 0.0024975
3302 3138 0.0024975
3338 3138 0.0024975
3139 3140 0.00019207
3910 3140 0.00019207
6112 3140 0.00019207
3142 3141 0.00050558
6414 3141 0.00050558
6415 3141 0.00050558
3141 3143 0.00037208
3144 3143 0.00037208
4787 3143 0.00037208
3143 3145 0.00014349
3146 3145 0.00014349
6374 3145 0.00014349
6375 3145 0.00014349
1717 3170 0.00015361
3171 3170 0.00015361
3176 3170 0.00015361
1713 3172 0.00050267
3173 3172 0.00050267
3177 3172 0.00050267
1273 3173 0.00010112
1276 3173 0.00010112
3172 3173 0.00010112
1711 3174 0.0018506
1714 3174 0.0018506
3175 3174 0.0018506
1279 3175 0.00053647
1280 3175 0.00053647
3174 3175 0.00053647
1713 3176 0.00015361
3173 3176 0.00015361
3177 3176 0.00015361
1709 3178 0.00028417
1712 3178 0.00028417
3179 3178 0.00028417
1281 3179 0.0021339
1284 3179 0.0021339
3178 3179 0.0021339
1528 3302 0.0045657
1531 3302 0.0045657
3303 3302 0.0045657
3137 3303 0.0083915
3302 3303 0.0083915
3338 3303 0.0083915
3136 3304 0.0030411
3305 3304 0.0030411
3306 3304 0.0030411
3304 3305 0.00011
6420 3305 0.00011
6421 3305 0.00011
3124 3306 0.0031223
3307 3306 0.0031223
3308 3306 0.0031223
3637 3306 0.0031223
3124 3309 0.00010316
3307 3309 0.00010316
3308 3309 0.00010316
3637 3309 0.00010316
3323 3325 0.00026954
3324 3325 0.00026954
7103 3325 0.00026954
2753 3326 0.0002029
3327 3326 0.0002029
5237 3326 0.0002029
3325 3327 0.00027066
3326 3327 0.00027066
7099 3327 0.00027066
2353 3328 0.040714
3337 3328 0.040714
3137 3337 0.99743
3302 3337 0.99743
3338 3337 0.99743
3343 3338 1.0003
3639 3338 1.0003
3962 3338 1.0003
3340 3339 0.00055155
3342 3339 0.00055155
3960 3339 0.00055155
1532 3340 0.00078839
2851 3340 0.00078839
3339 3340 0.00078839
3340 3341 0.00078839
3342 3341 0.00078839
3960 3341 0.00078839
3341 3342 0.00055155
3346 3342 0.00055155
4684 3342 0.00055155
600 3343 0.0092804
2849 3343 0.0092804
3344 3343 0.0092804
3345 3343 0.0092804
3343 3344 0.0054546
3639 3344 0.0054546
3962 3344 0.0054546
3341 3345 0.0007896
3346 3345 0.0007896
4684 3345 0.0007896
600 3346 0.00055277
2849 3346 0.00055277
3344 3346 0.00055277
3345 3346 0.00055277
3182 3592 0.00011737
3591 3592 0.00011737
3594 3592 0.00011737
2870 3594 0.00012123
3181 3594 0.00012123
3593 3594 0.00012123
3638 3637 0.0039801
3640 3637 0.0039801
5268 3637 0.0039801
3124 3638 0.00013128
3307 3638 0.00013128
3308 3638 0.00013128
3637 3638 0.00013128
3638 3639 0.00083036
3640 3639 0.00083036
5268 3639 0.00083036
3343 3640 0.003988
3639 3640 0.003988
3962 3640 0.003988
2072 3907 0.00026936
2074 3907 0.00026936
2075 3907 0.00026936
3906 3907 0.00026936
3145 3910 0.00015727
3148 3910 0.00015727
3911 3910 0.00015727
6109 3910 0.00015727
1299 3954 0.00013179
3955 3954 0.00013179
3956 3954 0.00013179
4685 3962 0.99961
5086 3962 0.99961
1129 3964 0.00063534
3963 3964 0.00063534
785 3975 0.1438
3973 3975 0.1438
3976 3975 0.1438
3977 3975 0.1438
2265 3976 0.049194
2268 3976 0.049194
3975 3976 0.049194
2859 3989 0.0030196
3990 3989 0.0030196
3991 3989 0.0030196
786 3990 0.00017934
2261 3990 0.00017934
2264 3990 0.00017934
3989 3990 0.00017934
3166 3991 0.0030196
3992 3991 0.0030196
3993 3991 0.0030196
2859 3992 0.00017934
3990 3992 0.00017934
3991 3992 0.00017934
3994 3993 0.0030196
3995 3993 0.0030196
3999 3993 0.0030196
3166 3994 0.00017934
3992 3994 0.00017934
3993 3994 0.00017934
3998 3997 0.00017934
4000 3997 0.00017934
3997 3998 0.0030196
4651 3998 0.0030196
5860 3998 0.0030196
3998 3999 0.0030196
4000 3999 0.0030196
3994 4000 0.00017934
3995 4000 0.00017934
3999 4000 0.00017934
127 4001 0.027406
4002 4001 0.027406
4003 4001 0.027406
2751 4003 0.027406
4004 4003 0.027406
4009 4003 0.027406
125 4006 0.00036907
2750 4006 0.00036907
4005 4006 0.00036907
123 4008 0.00036907
4006 4008 0.00036907
4007 4008 0.00036907
2249 4009 0.027761
2252 4009 0.027761
4010 4009 0.027761
4020 4019 0.00016133
6232 4019 0.00016133
6351 4019 0.00016133
3907 4020 0.00037055
4019 4020 0.00037055
6228 4020 0.00037055
6358 4020 0.00037055
2267 4653 1
4652 4653 1
6742 4685 1
3141 4788 0.00026083
3144 4788 0.00026083
4787 4788 0.00026083
4789 4790 0.00011098
6240 4790 0.00011098
6365 4790 0.00011098
4685 5085 0.0043756
5086 5085 0.0043756
5087 5086 0.0039904
5271 5086 0.0039904
1129 5087 0.0033552
3963 5087 0.0033552
1128 5091 0.00055087
5092 5091 0.00055087
3121 5237 0.010572
3328 5237 0.010572
3329 5237 0.010572
3638 5267 0.00016548
3640 5267 0.00016548
5268 5267 0.00016548
3138 5268 0.00085665
5832 5268 0.00085665
6422 5268 0.00085665
3122 5269 0.044825
5270 5269 0.044825
6233 5269 0.044825
2753 5270 0.01064
3327 5270 0.01064
5237 5270 0.01064
3964 5271 0.00063534
6738 5271 0.00063534
3335 5822 0.00011411
5823 5822 0.00011411
5831 5822 0.00011411
6967 5822 0.00011411
5824 5825 0.00011576
6964 5825 0.00011576
7100 5825 0.00011576
5825 5831 0.00011208
5826 5831 0.00011208
5830 5831 0.00011208
2352 5832 0.00078839
2355 5832 0.00078839
5269 5832 0.00078839
5091 5837 0.00047963
5838 5837 0.00047963
3997 5859 0.00017934
4651 5859 0.00017934
5860 5859 0.00017934
2259 5860 0.0030196
2262 5860 0.0030196
5859 5860 0.0030196
3125 5948 0.00025412
3128 5948 0.00025412
5949 5948 0.00025412
3135 5952 0.00035613
5948 5952 0.00035613
5953 5952 0.00035613
3129 6107 0.00011719
3132 6107 0.00011719
6105 6107 0.00011719
6108 6107 0.00011719
6107 6109 0.0001132
6110 6109 0.0001132
6114 6109 0.0001132
4020 6231 0.003406
6232 6231 0.003406
6351 6231 0.003406
6231 6232 0.00016816
6234 6232 0.00016816
6354 6232 0.00016816
6231 6233 0.0043662
6234 6233 0.0043662
6354 6233 0.0043662
3122 6234 0.0003225
5270 6234 0.0003225
6233 6234 0.0003225
950 6351 0.0031098
6352 6351 0.0031098
6353 6351 0.0031098
6356 6351 0.0031098
2354 6353 0.0043325
2357 6353 0.0043325
948 6354 0.001098
951 6354 0.001098
6355 6354 0.001098
6231 6355 0.00029216
6234 6355 0.00029216
6354 6355 0.00029216
950 6357 0.00052964
6352 6357 0.00052964
6353 6357 0.00052964
6356 6357 0.00052964
995 6358 0.00019823
6359 6358 0.00019823
6360 6358 0.00019823
3907 6359 0.00019064
4019 6359 0.00019064
6228 6359 0.00019064
6358 6359 0.00019064
6357 6360 0.00016186
6361 6360 0.00016186
995 6361 0.00053377
6359 6361 0.00053377
6360 6361 0.00053377
6357 6362 0.00087001
6361 6362 0.00087001
6364 6363 0.00077204
6410 6363 0.00077204
6411 6363 0.00077204
2364 6365 0.00016886
2367 6365 0.00016886
6366 6365 0.00016886
6367 6365 0.00016886
3117 6367 0.00035556
5957 6367 0.00035556
6368 6367 0.00035556
6369 6367 0.00035556
5954 6369 0.00034506
6370 6369 0.00034506
6388 6369 0.00034506
7111 6369 0.00034506
3140 6371 0.0020778
6372 6371 0.0020778
6373 6371 0.0020778
6407 6371 0.0020778
3143 6373 0.0017303
3146 6373 0.0017303
6374 6373 0.0017303
6375 6373 0.0017303
6376 6375 0.0015047
6377 6375 0.0015047
6417 6375 0.0015047
5952 6377 0.00076481
6378 6377 0.00076481
6379 6377 0.00076481
3127 6379 0.00044762
3130 6379 0.00044762
6380 6379 0.00044762
6381 6379 0.00044762
5954 6387 0.00010766
6370 6387 0.00010766
6388 6387 0.00010766
7111 6387 0.00010766
6111 6395 0.00017181
6396 6395 0.00017181
6397 6395 0.00017181
6406 6395 0.00017181
3147 6397 0.00011986
5951 6397 0.00011986
6398 6397 0.00011986
6399 6397 0.00011986
4788 6407 0.00037966
6408 6407 0.00037966
6409 6407 0.00037966
3140 6408 0.00018661
6372 6408 0.00018661
6373 6408 0.00018661
6407 6408 0.00018661
6364 6409 0.00027015
6410 6409 0.00027015
6411 6409 0.00027015
4788 6410 0.00026938
6408 6410 0.00026938
6409 6410 0.00026938
5834 6411 0.00070332
6412 6411 0.00070332
6413 6411 0.00070332
3142 6413 0.00070332
6414 6413 0.00070332
6415 6413 0.00070332
6416 6415 0.0011742
6418 6415 0.0011742
6419 6415 0.0011742
6416 6417 0.00082098
6418 6417 0.00082098
6419 6417 0.00082098
3304 6419 0.0019649
6420 6419 0.0019649
6421 6419 0.0019649
3138 6421 0.0018571
5832 6421 0.0018571
6422 6421 0.0018571
3304 6422 0.002903
6420 6422 0.002903
6421 6422 0.002903
1707 6742 1
4655 6742 1
5085 6873 0.00055073
5267 6873 0.00055073
6873 6874 0.00055073
6939 6938 0.0001956
7067 6938 0.0001956
7163 6938 0.0001956
7164 6938 0.0001956
6938 6939 0.00011926
6941 6939 0.00011926
6949 6939 0.00011926
6940 6941 0.00018436
6942 6941 0.00018436
6945 6941 0.00018436
6947 6941 0.00018436
6363 6942 0.00018436
6943 6942 0.00018436
7165 6942 0.00018436
6938 6948 0.00027245
6941 6948 0.00027245
6949 6948 0.00027245
6948 6952 0.00027245
6950 6952 0.00027245
6953 6952 0.00027245
5824 6963 0.00013102
6964 6963 0.00013102
7100 6963 0.00013102
5670 7086 0.00013332
6385 7086 0.00013332
7085 7086 0.00013332
3325 7100 0.00021059
3326 7100 0.00021059
7099 7100 0.00021059
5822 7103 0.00020784
6963 7103 0.00020784
7102 7103 0.00020784
7104 7103 0.00020784
5837 7111 0.00047963
6927 7111 0.00047963
7069 7111 0.00047963
7112 7111 0.00047963
6952 7160 0.0010223
7161 7160 0.0010223
7162 7160 0.0010223
2356 7161 0.00034676
2359 7161 0.00034676
6362 7161 0.00034676
7160 7161 0.00034676
6939 7162 0.00079976
7067 7162 0.00079976
7163 7162 0.00079976
7164 7162 0.00079976
6952 7163 0.00036653
7161 7163 0.00036653
7162 7163 0.00036653
6363 7164 0.00073508
6943 7164 0.00073508
7165 7164 0.00073508
6939 7165 0.00022551
7067 7165 0.00022551
7163 7165 0.00022551
7164 7165 0.00022551
