548 547 0.020943
6226 547 0.020943
6227 547 0.020943
6230 547 0.020943
547 548 0.15233
2073 548 0.15233
7094 548 0.15233
942 943 0.00010322
945 943 0.00010322
5898 943 0.00010322
7252 943 0.00010322
948 950 0.0095935
951 950 0.0095935
6355 950 0.0095935
950 951 0.011822
6352 951 0.011822
6353 951 0.011822
6356 951 0.011822
995 994 0.037168
6359 994 0.037168
6360 994 0.037168
994 995 0.064192
997 995 0.064192
2076 995 0.064192
2077 995 0.064192
994 996 0.042678
997 996 0.042678
2076 996 0.042678
2077 996 0.042678
996 997 0.031404
3119 997 0.031404
4790 997 0.031404
6237 997 0.031404
1656 1655 0.00087819
5746 1655 0.00087819
5748 1655 0.00087819
1655 1656 0.00017379
5745 1656 0.00017379
5901 1656 0.00017379
5904 1656 0.00017379
1657 1658 0.00010322
4219 1658 0.00010322
4817 1658 0.00010322
2072 2071 0.033535
2074 2071 0.033535
2075 2071 0.033535
3906 2071 0.033535
2071 2072 0.035734
6238 2072 0.035734
6239 2072 0.035734
2072 2073 0.014525
2074 2073 0.014525
2075 2073 0.014525
3906 2073 0.014525
547 2074 0.4024
2073 2074 0.4024
7094 2074 0.4024
994 2075 0.020093
997 2075 0.020093
2076 2075 0.020093
2077 2075 0.020093
2072 2076 0.24459
2074 2076 0.24459
2075 2076 0.24459
3906 2076 0.24459
2078 2077 0.010332
2358 2077 0.010332
2361 2077 0.010332
6371 2077 0.010332
994 2078 0.19653
997 2078 0.19653
2076 2078 0.19653
2077 2078 0.19653
2349 2348 0.00564
5903 2348 0.00564
5986 2348 0.00564
7105 2348 0.00564
2348 2349 0.003017
5239 2349 0.003017
5739 2349 0.003017
2351 2350 0.00019579
4656 2350 0.00019579
7014 2350 0.00019579
7087 2350 0.00019579
2353 2352 0.001993
3337 2352 0.001993
2352 2353 0.0012444
2355 2353 0.0012444
5269 2353 0.0012444
2352 2354 0.0030222
2355 2354 0.0030222
5269 2354 0.0030222
2354 2355 0.39034
2357 2355 0.39034
2354 2356 0.00040032
2357 2356 0.00040032
2356 2357 0.39603
2359 2357 0.39603
6362 2357 0.39603
7160 2357 0.39603
2356 2358 0.012453
2359 2358 0.012453
6362 2358 0.012453
7160 2358 0.012453
2078 2359 0.2113
2358 2359 0.2113
2361 2359 0.2113
6371 2359 0.2113
2078 2360 0.022617
2358 2360 0.022617
2361 2360 0.022617
6371 2360 0.022617
2360 2361 0.036866
2363 2361 0.036866
3120 2361 0.036866
2360 2362 0.0038288
2363 2362 0.0038288
3120 2362 0.0038288
2362 2363 0.0080017
2365 2363 0.0080017
6395 2363 0.0080017
2362 2364 0.0031806
2365 2364 0.0031806
6395 2364 0.0031806
2364 2365 0.0031645
2367 2365 0.0031645
6366 2365 0.0031645
6367 2365 0.0031645
2364 2366 0.00016326
2367 2366 0.00016326
6366 2366 0.00016326
6367 2366 0.00016326
2366 2367 0.0011753
7006 2367 0.0011753
7086 2367 0.0011753
2360 3119 0.021086
2363 3119 0.021086
3120 3119 0.021086
996 3120 0.031162
3119 3120 0.031162
4790 3120 0.031162
6237 3120 0.031162
3122 3121 0.0025284
5270 3121 0.0025284
6233 3121 0.0025284
3121 3122 0.00098581
3328 3122 0.00098581
3329 3122 0.00098581
3138 3137 0.0019237
5832 3137 0.0019237
6422 3137 0.0019237
3140 3139 0.0044758
6372 3139 0.0044758
6373 3139 0.0044758
6407 3139 0.0044758
3139 3140 0.0024383
3910 3140 0.0024383
6112 3140 0.0024383
3142 3141 0.00040277
6414 3141 0.00040277
6415 3141 0.00040277
3141 3142 0.00021828
3144 3142 0.00021828
4787 3142 0.00021828
3141 3143 0.0016125
3144 3143 0.0016125
4787 3143 0.0016125
3143 3144 0.00042091
3146 3144 0.00042091
6374 3144 0.00042091
6375 3144 0.00042091
3143 3145 0.0025672
3146 3145 0.0025672
6374 3145 0.0025672
6375 3145 0.0025672
3145 3146 0.00038237
3148 3146 0.00038237
3911 3146 0.00038237
6109 3146 0.00038237
3145 3147 0.0012391
3148 3147 0.0012391
3911 3147 0.0012391
6109 3147 0.0012391
3147 3148 0.00021966
5951 3148 0.00021966
6398 3148 0.00021966
6399 3148 0.00021966
3317 3316 0.001068
5238 3316 0.001068
7089 3316 0.001068
3316 3317 0.00014027
7005 3317 0.00014027
7008 3317 0.00014027
7088 3317 0.00014027
3319 3318 0.03787
5985 3318 0.03787
7093 3318 0.03787
7095 3318 0.03787
3318 3319 0.039228
6983 3319 0.039228
7092 3319 0.039228
3321 3320 0.0021397
3322 3320 0.0021397
7097 3320 0.0021397
3320 3321 0.37393
6977 3321 0.37393
7096 3321 0.37393
3323 3322 0.0014506
3324 3322 0.0014506
7103 3322 0.0014506
3321 3323 0.36379
3322 3323 0.36379
7097 3323 0.36379
3325 3324 0.00070074
3326 3324 0.00070074
7099 3324 0.00070074
3323 3325 0.42519
3324 3325 0.42519
7103 3325 0.42519
3325 3327 0.38046
3326 3327 0.38046
7099 3327 0.38046
2353 3328 0.0013291
3337 3328 0.0013291
3332 3331 0.0034017
3334 3331 0.0034017
3331 3332 0.0056323
5827 3332 0.0056323
5829 3332 0.0056323
3332 3333 0.0056323
3334 3333 0.0056323
3333 3334 0.0034017
3336 3334 0.0034017
6225 3334 0.0034017
3333 3335 0.029941
3336 3335 0.029941
6225 3335 0.029941
3335 3336 0.0096431
5823 3336 0.0096431
5831 3336 0.0096431
6967 3336 0.0096431
3137 3337 0.0020777
3302 3337 0.0020777
3338 3337 0.0020777
3343 3338 0.00019722
3639 3338 0.00019722
3962 3338 0.00019722
3638 3639 0.00015216
3640 3639 0.00015216
5268 3639 0.00015216
3907 3906 0.025481
4019 3906 0.025481
6228 3906 0.025481
6358 3906 0.025481
2072 3907 0.19106
2074 3907 0.19106
2075 3907 0.19106
3906 3907 0.19106
3145 3910 0.0017358
3148 3910 0.0017358
3911 3910 0.0017358
6109 3910 0.0017358
3139 3911 0.00065316
3910 3911 0.00065316
6112 3911 0.00065316
4020 4019 0.00079076
6232 4019 0.00079076
6351 4019 0.00079076
3907 4020 0.22639
4019 4020 0.22639
6228 4020 0.22639
6358 4020 0.22639
4220 4219 0.00010322
4222 4219 0.00010322
943 4222 0.00010322
4221 4222 0.00010322
4815 4222 0.00010322
4788 4787 0.0014353
6408 4787 0.0014353
6409 4787 0.0014353
3141 4788 0.00042823
3144 4788 0.00042823
4787 4788 0.00042823
996 4789 0.0072371
3119 4789 0.0072371
4790 4789 0.0072371
6237 4789 0.0072371
4789 4790 0.0076446
6240 4790 0.0076446
6365 4790 0.0076446
3121 5237 0.0028717
3328 5237 0.0028717
3329 5237 0.0028717
2348 5238 0.0053123
5239 5238 0.0053123
5739 5238 0.0053123
3317 5239 0.0030258
5238 5239 0.0030258
7089 5239 0.0030258
3138 5268 0.00016376
5832 5268 0.00016376
6422 5268 0.00016376
3122 5269 0.61391
5270 5269 0.61391
6233 5269 0.61391
2753 5270 0.38337
3327 5270 0.38337
5237 5270 0.38337
2350 5670 0.00019575
5671 5670 0.00019575
5836 5670 0.00019575
2348 5738 0.00034269
5239 5738 0.00034269
5739 5738 0.00034269
5740 5741 0.00034183
7219 5741 0.00034183
4205 5743 0.00034999
5741 5743 0.00034999
5742 5743 0.00034999
4213 5745 1.0004
5743 5745 1.0004
5744 5745 1.0004
1658 5746 0.00087819
5747 5746 0.00087819
5907 5746 0.00087819
5984 5746 0.00087819
1656 5747 0.00017379
5746 5747 0.00017379
5748 5747 0.00017379
3335 5822 0.073869
5823 5822 0.073869
5831 5822 0.073869
6967 5822 0.073869
5822 5823 0.034209
6963 5823 0.034209
7102 5823 0.034209
7104 5823 0.034209
5825 5824 0.016943
5826 5824 0.016943
5830 5824 0.016943
5824 5825 0.063496
6964 5825 0.063496
7100 5825 0.063496
3331 5826 0.0034017
5827 5826 0.0034017
5829 5826 0.0034017
5825 5827 0.0056323
5826 5827 0.0056323
5830 5827 0.0056323
3335 5830 0.017744
5823 5830 0.017744
5831 5830 0.017744
6967 5830 0.017744
5825 5831 0.062066
5826 5831 0.062066
5830 5831 0.062066
2352 5832 0.0019753
2355 5832 0.0019753
5269 5832 0.0019753
5897 5898 0.00011831
5900 5898 0.00011831
5983 5898 0.00011831
5897 5899 0.00019528
5900 5899 0.00019528
5983 5899 0.00019528
5899 5900 0.0010293
5902 5900 0.0010293
5910 5900 0.0010293
5899 5901 0.00021394
5902 5901 0.00021394
5910 5901 0.00021394
1655 5902 0.0010958
5745 5902 0.0010958
5901 5902 0.0010958
5904 5902 0.0010958
1655 5903 1.0002
5745 5903 1.0002
5901 5903 1.0002
5904 5903 1.0002
5905 5906 0.00010352
6955 5906 0.00010352
7110 5906 0.00010352
1658 5908 0.0001513
5747 5908 0.0001513
5907 5908 0.0001513
5984 5908 0.0001513
3147 5950 0.00032612
5951 5950 0.00032612
6398 5950 0.00032612
6399 5950 0.00032612
5950 5951 0.00010251
6389 5951 0.00010251
6405 5951 0.00010251
3117 5956 0.00010139
5957 5956 0.00010139
6368 5956 0.00010139
6369 5956 0.00010139
1658 5983 0.00015086
5747 5983 0.00015086
5907 5983 0.00015086
5984 5983 0.00015086
5897 5984 0.00091468
5900 5984 0.00091468
5983 5984 0.00091468
2349 5985 0.99765
5903 5985 0.99765
5986 5985 0.99765
7105 5985 0.99765
3145 6110 0.00012279
3148 6110 0.00012279
3911 6110 0.00012279
6109 6110 0.00012279
3139 6111 0.0041584
3910 6111 0.0041584
6112 6111 0.0041584
6111 6112 0.0010383
6396 6112 0.0010383
6397 6112 0.0010383
6406 6112 0.0010383
6107 6113 0.00010537
6110 6113 0.00010537
6114 6113 0.00010537
548 6225 0.028477
6226 6225 0.028477
6227 6225 0.028477
6230 6225 0.028477
3333 6226 0.01041
3336 6226 0.01041
6225 6226 0.01041
3907 6227 0.0060076
4019 6227 0.0060076
6228 6227 0.0060076
6358 6227 0.0060076
548 6228 0.23672
6226 6228 0.23672
6227 6228 0.23672
6230 6228 0.23672
548 6229 0.020506
6226 6229 0.020506
6227 6229 0.020506
6230 6229 0.020506
6229 6230 0.13789
6979 6230 0.13789
7063 6230 0.13789
4020 6231 0.2306
6232 6231 0.2306
6351 6231 0.2306
6231 6232 0.00074192
6234 6232 0.00074192
6354 6232 0.00074192
6231 6233 0.23343
6234 6233 0.23343
6354 6233 0.23343
3122 6234 0.0013468
5270 6234 0.0013468
6233 6234 0.0013468
2071 6237 0.029708
6238 6237 0.029708
6239 6237 0.029708
996 6238 0.031313
3119 6238 0.031313
4790 6238 0.031313
6237 6238 0.031313
4789 6239 0.0074636
6240 6239 0.0074636
6365 6239 0.0074636
2071 6240 0.0068701
6238 6240 0.0068701
6239 6240 0.0068701
950 6351 0.018496
6352 6351 0.018496
6353 6351 0.018496
6356 6351 0.018496
4020 6352 0.014237
6232 6352 0.014237
6351 6352 0.014237
2354 6353 0.0083127
2357 6353 0.0083127
948 6354 0.011822
951 6354 0.011822
6355 6354 0.011822
6231 6355 0.0095935
6234 6355 0.0095935
6354 6355 0.0095935
6357 6356 0.011931
6361 6356 0.011931
950 6357 0.013757
6352 6357 0.013757
6353 6357 0.013757
6356 6357 0.013757
995 6358 0.012671
6359 6358 0.012671
6360 6358 0.012671
3907 6359 0.18335
4019 6359 0.18335
6228 6359 0.18335
6358 6359 0.18335
6357 6360 0.0042041
6361 6360 0.0042041
995 6361 0.20191
6359 6361 0.20191
6360 6361 0.20191
6357 6362 0.19953
6361 6362 0.19953
6364 6363 0.0028846
6410 6363 0.0028846
6411 6363 0.0028846
6363 6364 0.0056346
6943 6364 0.0056346
7165 6364 0.0056346
2364 6365 0.0033061
2367 6365 0.0033061
6366 6365 0.0033061
6367 6365 0.0033061
4789 6366 0.002305
6240 6366 0.002305
6365 6366 0.002305
3117 6367 0.00012974
5957 6367 0.00012974
6368 6367 0.00012974
6369 6367 0.00012974
2364 6368 0.00015687
2367 6368 0.00015687
6366 6368 0.00015687
6367 6368 0.00015687
3140 6371 0.0086975
6372 6371 0.0086975
6373 6371 0.0086975
6407 6371 0.0086975
2078 6372 0.010298
2358 6372 0.010298
2361 6372 0.010298
6371 6372 0.010298
3143 6373 0.0019055
3146 6373 0.0019055
6374 6373 0.0019055
6375 6373 0.0019055
3140 6374 0.0028853
6372 6374 0.0028853
6373 6374 0.0028853
6407 6374 0.0028853
6376 6375 0.00021231
6377 6375 0.00021231
6417 6375 0.00021231
3143 6376 0.00019885
3146 6376 0.00019885
6374 6376 0.00019885
6375 6376 0.00019885
5956 6385 0.00011411
6386 6385 0.00011411
6387 6385 0.00011411
6111 6395 0.0050649
6396 6395 0.0050649
6397 6395 0.0050649
6406 6395 0.0050649
2362 6396 0.0008758
2365 6396 0.0008758
6395 6396 0.0008758
3147 6397 0.0011976
5951 6397 0.0011976
6398 6397 0.0011976
6399 6397 0.0011976
6111 6398 0.00034732
6396 6398 0.00034732
6397 6398 0.00034732
6406 6398 0.00034732
3909 6399 0.00011676
6113 6399 0.00011676
6400 6399 0.00011676
6401 6399 0.00011676
6111 6405 0.00010018
6396 6405 0.00010018
6397 6405 0.00010018
6406 6405 0.00010018
5950 6406 0.00031878
6389 6406 0.00031878
6405 6406 0.00031878
4788 6407 0.0053624
6408 6407 0.0053624
6409 6407 0.0053624
3140 6408 0.0039457
6372 6408 0.0039457
6373 6408 0.0039457
6407 6408 0.0039457
6364 6409 0.0054637
6410 6409 0.0054637
6411 6409 0.0054637
4788 6410 0.0030398
6408 6410 0.0030398
6409 6410 0.0030398
5834 6411 0.00014594
6412 6411 0.00014594
6413 6411 0.00014594
6364 6412 0.00047216
6410 6412 0.00047216
6411 6412 0.00047216
3142 6413 0.00014594
6414 6413 0.00014594
6415 6413 0.00014594
5834 6414 0.00047216
6412 6414 0.00047216
6413 6414 0.00047216
6416 6415 0.0001091
6418 6415 0.0001091
6419 6415 0.0001091
3142 6416 0.00025084
6414 6416 0.00025084
6415 6416 0.00025084
6416 6417 0.00019036
6418 6417 0.00019036
6419 6417 0.00019036
6376 6418 0.00014431
6377 6418 0.00014431
6417 6418 0.00014431
3304 6419 0.00014094
6420 6419 0.00014094
6421 6419 0.00014094
6416 6420 0.00023662
6418 6420 0.00023662
6419 6420 0.00023662
3138 6421 0.00014715
5832 6421 0.00014715
6422 6421 0.00014715
3304 6422 0.0002588
6420 6422 0.0002588
6421 6422 0.0002588
6939 6938 0.010355
7067 6938 0.010355
7163 6938 0.010355
7164 6938 0.010355
6938 6939 0.005519
6941 6939 0.005519
6949 6939 0.005519
6938 6940 0.001016
6941 6940 0.001016
6949 6940 0.001016
6940 6941 0.0080262
6942 6941 0.0080262
6945 6941 0.0080262
6947 6941 0.0080262
6363 6942 0.0080262
6943 6942 0.0080262
7165 6942 0.0080262
6940 6943 0.001016
6942 6943 0.001016
6945 6943 0.001016
6947 6943 0.001016
6938 6948 0.013604
6941 6948 0.013604
6949 6948 0.013604
6948 6949 0.0017577
6950 6949 0.0017577
6953 6949 0.0017577
6948 6952 0.013604
6950 6952 0.013604
6953 6952 0.013604
6952 6953 0.0017577
7161 6953 0.0017577
7162 6953 0.0017577
5824 6963 0.060331
6964 6963 0.060331
7100 6963 0.060331
5822 6964 0.062794
6963 6964 0.062794
7102 6964 0.062794
7104 6964 0.062794
6965 6967 0.0066505
6968 6967 0.0066505
7101 6967 0.0066505
3335 6968 0.031611
5823 6968 0.031611
5831 6968 0.031611
6967 6968 0.031611
6969 6971 0.086742
6972 6971 0.086742
6975 6971 0.086742
7066 6971 0.086742
6971 6972 0.038907
6974 6972 0.038907
7064 6972 0.038907
6971 6973 0.097292
6974 6973 0.097292
7064 6973 0.097292
6973 6974 0.076579
6976 6974 0.076579
6978 6974 0.076579
6973 6975 0.15878
6976 6975 0.15878
6978 6975 0.15878
6969 6976 0.03013
6972 6976 0.03013
6975 6976 0.03013
7066 6976 0.03013
6973 6977 0.073781
6976 6977 0.073781
6978 6977 0.073781
3320 6978 0.18171
6977 6978 0.18171
7096 6978 0.18171
6980 6979 0.12073
7065 6979 0.12073
7098 6979 0.12073
6229 6980 0.030466
6979 6980 0.030466
7063 6980 0.030466
6982 6981 0.016959
6984 6981 0.016959
6986 6981 0.016959
6981 6982 0.0034118
6990 6982 0.0034118
6982 6983 0.012087
6984 6983 0.012087
6986 6983 0.012087
3318 6984 0.031956
6983 6984 0.031956
7092 6984 0.031956
6982 6985 0.019522
6984 6985 0.019522
6986 6985 0.019522
6985 6986 0.0132
6988 6986 0.0132
6989 6986 0.0132
6985 6987 0.02804
6988 6987 0.02804
6989 6987 0.02804
6987 6988 0.0081711
6992 6988 0.0081711
6994 6988 0.0081711
6981 6989 0.016959
6990 6989 0.016959
6985 6990 0.0034118
6988 6990 0.0034118
6989 6990 0.0034118
6987 6991 0.02231
6992 6991 0.02231
6994 6991 0.02231
6991 6992 0.0026513
6995 6992 0.0026513
7000 6992 0.0026513
6987 6993 0.015024
6992 6993 0.015024
6994 6993 0.015024
6993 6994 0.014814
6996 6994 0.014814
6998 6994 0.014814
7001 6994 0.014814
6993 6995 0.0062623
6996 6995 0.0062623
6998 6995 0.0062623
7001 6995 0.0062623
6991 6996 0.019216
6995 6996 0.019216
7000 6996 0.019216
6993 6997 0.028238
6996 6997 0.028238
6998 6997 0.028238
7001 6997 0.028238
6997 6998 0.0083683
7090 6998 0.0083683
7091 6998 0.0083683
6991 6999 0.0078975
6995 6999 0.0078975
7000 6999 0.0078975
6999 7000 0.0011921
7002 7000 0.0011921
7004 7000 0.0011921
6999 7001 0.0078975
7002 7001 0.0078975
7004 7001 0.0078975
6993 7002 0.0011921
6996 7002 0.0011921
6998 7002 0.0011921
7001 7002 0.0011921
2366 7005 0.0001264
7006 7005 0.0001264
7086 7005 0.0001264
3316 7006 0.00090398
7005 7006 0.00090398
7008 7006 0.00090398
7088 7006 0.00090398
6971 7063 0.080952
6974 7063 0.080952
7064 7063 0.080952
6229 7064 0.05383
6979 7064 0.05383
7063 7064 0.05383
6969 7065 0.11249
6972 7065 0.11249
6975 7065 0.11249
7066 7065 0.11249
6980 7066 0.031682
7065 7066 0.031682
7098 7066 0.031682
5670 7086 0.00030202
6385 7086 0.00030202
7085 7086 0.00030202
3316 7087 0.00019577
7005 7087 0.00019577
7008 7087 0.00019577
7088 7087 0.00019577
6997 7089 0.0035125
7090 7089 0.0035125
7091 7089 0.0035125
3317 7090 0.0048711
5238 7090 0.0048711
7089 7090 0.0048711
3318 7091 0.010833
6983 7091 0.010833
7092 7091 0.010833
6997 7092 0.032061
7090 7092 0.032061
7091 7092 0.032061
547 7093 0.020498
2073 7093 0.020498
7094 7093 0.020498
3319 7094 0.53976
5985 7094 0.53976
7093 7094 0.53976
7095 7094 0.53976
3320 7095 0.007437
6977 7095 0.007437
7096 7095 0.007437
3319 7096 0.48715
5985 7096 0.48715
7093 7096 0.48715
7095 7096 0.48715
6980 7097 0.074208
7065 7097 0.074208
7098 7097 0.074208
3321 7098 0.083659
3322 7098 0.083659
7097 7098 0.083659
5824 7099 0.051018
6964 7099 0.051018
7100 7099 0.051018
3325 7100 0.095109
3326 7100 0.095109
7099 7100 0.095109
5822 7101 0.0066505
6963 7101 0.0066505
7102 7101 0.0066505
7104 7101 0.0066505
6965 7102 0.031611
6968 7102 0.031611
7101 7102 0.031611
5822 7103 0.11331
6963 7103 0.11331
7102 7103 0.11331
7104 7103 0.11331
3323 7104 0.051157
3324 7104 0.051157
7103 7104 0.051157
6961 7105 0.00010412
7106 7105 0.00010412
7107 7105 0.00010412
2346 7107 0.00010412
6960 7107 0.00010412
7108 7107 0.00010412
719 7110 0.0001513
5908 7110 0.0001513
7109 7110 0.0001513
6952 7160 0.018716
7161 7160 0.018716
7162 7160 0.018716
2356 7161 0.021466
2359 7161 0.021466
6362 7161 0.021466
7160 7161 0.021466
6939 7162 0.0075212
7067 7162 0.0075212
7163 7162 0.0075212
7164 7162 0.0075212
6952 7163 0.022117
7161 7163 0.022117
7162 7163 0.022117
6363 7164 0.0034459
6943 7164 0.0034459
7165 7164 0.0034459
6939 7165 0.013206
7067 7165 0.013206
7163 7165 0.013206
7164 7165 0.013206
5241 7219 0.00034183
5738 7219 0.00034183
7218 7219 0.00034183
