1124 1123 0.25029
5099 1123 0.25029
5102 1123 0.25029
1123 1124 0.00071888
2461 1124 0.00071888
3067 1124 0.00071888
3069 1124 0.00071888
5103 1125 0.0060526
5143 1125 0.0060526
1301 1300 0.0058974
2463 1300 0.0058974
5146 1300 0.0058974
1300 1301 0.68257
1371 1301 0.68257
2464 1301 0.68257
1346 1345 0.00070019
1383 1345 0.00070019
6665 1345 0.00070019
1345 1346 0.00086018
5364 1346 0.00086018
5599 1346 0.00086018
1361 1362 0.0027442
1377 1362 0.0027442
1380 1362 0.0027442
1363 1364 0.0017425
1379 1364 0.0017425
1382 1364 0.0017425
1364 1365 0.0017425
1366 1365 0.0017425
1391 1365 0.0017425
1368 1367 0.00044545
1387 1367 0.00044545
1389 1367 0.00044545
1367 1368 0.076304
3068 1368 0.076304
1372 1371 0.0025797
1381 1371 0.0025797
5173 1371 0.0025797
1300 1372 0.07634
1371 1372 0.07634
2464 1372 0.07634
1363 1380 0.0027442
1379 1380 0.0027442
1382 1380 0.0027442
1372 1382 0.0044649
1381 1382 0.0044649
5173 1382 0.0044649
1384 1383 0.002057
5361 1383 0.002057
5598 1383 0.002057
1346 1384 0.00093551
1383 1384 0.00093551
6665 1384 0.00093551
1386 1385 0.004503
5359 1385 0.004503
5362 1385 0.004503
1369 1386 0.0023723
1385 1386 0.0023723
5369 1386 0.0023723
1388 1387 0.00044545
5370 1387 0.00044545
6669 1387 0.00044545
1368 1388 0.076304
1387 1388 0.076304
1389 1388 0.076304
1808 1805 0.00011509
4680 1805 0.00011509
5101 1805 0.00011509
1808 1807 0.00014296
4680 1807 0.00014296
5101 1807 0.00014296
1807 1808 0.00018496
5115 1808 0.00018496
1855 1854 0.00088545
1859 1854 0.00088545
5610 1854 0.00088545
1857 1856 0.011525
1858 1856 0.011525
5612 1856 0.011525
1856 1857 0.00015046
1861 1857 0.00015046
4575 1857 0.00015046
1857 1859 0.00088545
1858 1859 0.00088545
5612 1859 0.00088545
1856 1860 0.011758
1861 1860 0.011758
4575 1860 0.011758
1397 2458 0.0013132
2459 2458 0.0013132
6666 2458 0.0013132
2458 2459 0.0036242
5373 2459 0.0036242
6663 2459 0.0036242
6664 2459 0.0036242
1123 2460 0.92177
2461 2460 0.92177
3067 2460 0.92177
3069 2460 0.92177
2460 2461 0.0020686
6667 2461 0.0020686
6668 2461 0.0020686
1301 2462 0.68257
2463 2462 0.68257
5146 2462 0.68257
2462 2463 0.0058974
3070 2463 0.0058974
5172 2463 0.0058974
2465 2464 0.75053
5097 2464 0.75053
1300 2465 0.00010067
1371 2465 0.00010067
2464 2465 0.00010067
1367 3067 0.00044545
3068 3067 0.00044545
1123 3068 0.076304
2461 3068 0.076304
3067 3068 0.076304
3069 3068 0.076304
2462 3069 0.74658
3070 3069 0.74658
5172 3069 0.74658
1123 3070 0.00059017
2461 3070 0.00059017
3067 3070 0.00059017
3069 3070 0.00059017
1854 4575 0.00062861
4576 4575 0.00062861
5153 4575 0.00062861
1856 4576 0.00026554
1861 4576 0.00026554
4575 4576 0.00026554
5114 5069 0.00018735
5116 5069 0.00018735
5098 5097 0.75373
5104 5097 0.75373
5100 5098 0.25515
5136 5098 0.25515
5100 5099 0.25027
5136 5099 0.25027
1124 5100 0.00070315
5099 5100 0.00070315
5102 5100 0.00070315
1124 5101 0.00027918
5099 5101 0.00027918
5102 5101 0.00027918
1808 5102 0.00027925
4680 5102 0.00027925
5101 5102 0.00027925
5098 5103 0.0044258
5104 5103 0.0044258
5105 5104 0.503
5106 5105 1.0077
5137 5105 1.0077
1125 5106 0.0033908
5141 5106 0.0033908
5069 5115 0.00018735
1807 5116 0.00014535
5115 5116 0.00014535
5105 5136 0.50472
5140 5137 1.0043
5144 5137 1.0043
1125 5140 0.0043792
5141 5140 0.0043792
5138 5141 0.0017175
5142 5141 0.0017175
5103 5142 0.0016754
5143 5142 0.0016754
2465 5143 0.0033022
5097 5143 0.0033022
5145 5144 0.99998
5148 5144 0.99998
5175 5144 0.99998
1860 5148 1.0122
5149 5148 1.0122
5164 5148 1.0122
1854 5152 0.00051032
4576 5152 0.00051032
5153 5152 0.00051032
5108 5164 0.00049966
5152 5164 0.00049966
5165 5164 0.00049966
5166 5164 0.00049966
1372 5172 0.072922
1381 5172 0.072922
5173 5172 0.072922
2462 5173 0.0036033
3070 5173 0.0036033
5172 5173 0.0036033
5145 5174 0.012382
5148 5174 0.012382
5175 5174 0.012382
5150 5175 0.00014313
5174 5175 0.00014313
5613 5175 0.00014313
1362 5357 0.0027442
5355 5357 0.0027442
5358 5357 0.0027442
1365 5359 0.0044444
5357 5359 0.0044444
5360 5359 0.0044444
1386 5361 0.0027377
5359 5361 0.0027377
5362 5361 0.0027377
1384 5362 0.00042672
5361 5362 0.00042672
5598 5362 0.00042672
1345 5363 0.0011144
5364 5363 0.0011144
5599 5363 0.0011144
1388 5369 0.0023723
5370 5369 0.0023723
6669 5369 0.0023723
1369 5370 0.004503
1385 5370 0.004503
5369 5370 0.004503
1345 5598 0.00025004
5364 5598 0.00025004
5599 5598 0.00025004
1384 5599 0.0014395
5361 5599 0.0014395
5598 5599 0.0014395
5150 5612 0.012382
5174 5612 0.012382
5613 5612 0.012382
1857 5613 0.00014313
1858 5613 0.00014313
5612 5613 0.00014313
5363 5812 0.0011043
5810 5812 0.0011043
5813 5812 0.0011043
2457 5813 0.00010042
5812 5813 0.00010042
6662 5813 0.00010042
2458 6662 0.00010515
5373 6662 0.00010515
6663 6662 0.00010515
6664 6662 0.00010515
2457 6663 0.0011347
5812 6663 0.0011347
6662 6663 0.0011347
1346 6664 0.0025331
1383 6664 0.0025331
6665 6664 0.0025331
2458 6665 0.0012516
5373 6665 0.0012516
6663 6665 0.0012516
6664 6665 0.0012516
2460 6666 0.0013132
6667 6666 0.0013132
6668 6666 0.0013132
1397 6667 0.0036242
2459 6667 0.0036242
6666 6667 0.0036242
1388 6668 0.080365
5370 6668 0.080365
6669 6668 0.080365
2460 6669 0.002376
6667 6669 0.002376
6668 6669 0.002376
