968 1948 0.0004219
1949 1948 0.0004219
4808 1948 0.0004219
1948 1954 0.00041521
1955 1954 0.00041521
1957 1954 0.00041521
961 2133 1.0004
1954 2133 1.0004
2132 2133 1.0004
2425 2424 1
2426 2424 1
5940 2424 1
2427 2426 0.68679
2428 2426 0.68679
2430 2426 0.68679
2425 2427 0.0001085
2426 2427 0.0001085
5940 2427 0.0001085
2431 2430 0.68679
2436 2430 0.68679
5943 2430 0.68679
2427 2431 0.0001085
2428 2431 0.0001085
2430 2431 0.0001085
591 2436 1
2133 2436 1
2437 2436 1
4807 2436 1
2314 4567 0.31506
4568 4567 0.31506
5942 4567 0.31506
2432 4568 0.0017474
4567 4568 0.0017474
5941 4568 0.0017474
591 4808 0.00047412
2133 4808 0.00047412
2437 4808 0.00047412
4807 4808 0.00047412
2432 5940 0.31506
4567 5940 0.31506
5941 5940 0.31506
2425 5941 0.0017474
2426 5941 0.0017474
5940 5941 0.0017474
2431 5942 0.31506
2436 5942 0.31506
5943 5942 0.31506
2314 5943 0.0017474
4568 5943 0.0017474
5942 5943 0.0017474
