568 567 0.00041036
4174 567 0.00041036
6435 567 0.00041036
567 568 0.00020191
1467 568 0.00020191
1466 1117 0.00021613
2325 1117 0.00021613
567 1466 0.00042054
1467 1466 0.00042054
1468 1467 0.00021209
5934 1467 0.00021209
1117 1468 0.0002121
2345 1468 0.0002121
1466 2324 0.0004
2325 2324 0.0004
2324 2325 0.0001956
7131 2325 0.0001956
2327 2326 0.051333
4708 2326 0.051333
5968 2326 0.051333
2326 2327 0.00033924
7259 2327 0.00033924
2329 2328 0.029977
5896 2328 0.029977
7254 2328 0.029977
7258 2328 0.029977
2328 2329 0.00017633
7257 2329 0.00017633
2331 2330 0.022685
4196 2330 0.022685
5971 2330 0.022685
7256 2330 0.022685
2330 2332 0.018647
2333 2332 0.018647
5975 2332 0.018647
2332 2334 0.01865
2335 2334 0.01865
4216 2334 0.01865
2334 2336 0.016302
2337 2336 0.016302
5977 2336 0.016302
7152 2336 0.016302
2632 2633 0.87111
5782 2633 0.87111
5883 2633 0.87111
5886 2633 0.87111
6716 2634 0.12889
2634 2635 0.11771
2636 2635 0.11771
2633 2636 0.0034051
2635 2636 0.0034051
2644 2636 0.0034051
2639 2642 0.014604
2645 2642 0.014604
2642 2644 0.014602
2643 2644 0.014602
2634 2645 0.014579
2636 2645 0.014579
4163 4162 0.022991
4164 4162 0.022991
5889 4162 0.022991
5892 4162 0.022991
4162 4163 0.29564
4171 4163 0.29564
5793 4163 0.29564
4165 4164 0.0065695
4166 4164 0.0065695
5929 4164 0.0065695
5972 4164 0.0065695
4163 4165 0.10882
4164 4165 0.10882
5889 4165 0.10882
5892 4165 0.10882
4167 4166 0.0019627
4168 4166 0.0019627
5923 4166 0.0019627
5926 4166 0.0019627
4165 4167 0.054373
4166 4167 0.054373
5929 4167 0.054373
5972 4167 0.054373
4169 4168 0.00074987
4193 4168 0.00074987
4194 4168 0.00074987
4167 4169 0.019332
4168 4169 0.019332
5923 4169 0.019332
5926 4169 0.019332
4162 4170 0.027357
4171 4170 0.027357
5793 4170 0.027357
4170 4171 0.23991
4173 4171 0.23991
5933 4171 0.23991
4170 4172 0.066333
4173 4172 0.066333
5933 4172 0.066333
4172 4173 0.13385
5797 4173 0.13385
4175 4174 0.014561
4176 4174 0.014561
5784 4174 0.014561
5785 4174 0.014561
568 4175 0.0010316
4174 4175 0.0010316
6435 4175 0.0010316
4177 4176 0.021436
4178 4176 0.021436
5970 4176 0.021436
4175 4177 0.068634
4176 4177 0.068634
5784 4177 0.068634
5785 4177 0.068634
4179 4178 0.0031617
4180 4178 0.0031617
4177 4179 0.18378
4178 4179 0.18378
5970 4179 0.18378
4181 4180 0.044054
4182 4180 0.044054
5885 4180 0.044054
5888 4180 0.044054
4179 4181 0.1638
4180 4181 0.1638
4183 4182 0.052159
4184 4182 0.052159
5928 4182 0.052159
4181 4183 0.04891
4182 4183 0.04891
5885 4183 0.04891
5888 4183 0.04891
4185 4184 0.015534
4186 4184 0.015534
5922 4184 0.015534
4183 4185 0.062844
4184 4185 0.062844
5928 4185 0.062844
4187 4186 0.0022248
4188 4186 0.0022248
4195 4186 0.0022248
4185 4187 0.088857
4186 4187 0.088857
5922 4187 0.088857
4189 4188 0.00010686
4190 4188 0.00010686
5918 4188 0.00010686
4187 4189 0.10498
4188 4189 0.10498
4195 4189 0.10498
4189 4191 0.11261
4190 4191 0.11261
5918 4191 0.11261
4169 4192 0.0023184
4193 4192 0.0023184
4194 4192 0.0023184
4192 4193 0.001975
5919 4193 0.001975
5980 4193 0.001975
4187 4194 0.00024503
4188 4194 0.00024503
4195 4194 0.00024503
4169 4195 0.018484
4193 4195 0.018484
4194 4195 0.018484
2646 4664 0.0002297
5774 4664 0.0002297
5775 4664 0.0002297
4664 4666 0.00022518
4665 4666 0.00022518
2327 4707 0.00094199
4708 4707 0.00094199
5968 4707 0.00094199
3189 4708 0.056788
4707 4708 0.056788
5981 4708 0.056788
7130 4708 0.056788
569 4805 0.0021908
4806 4805 0.0021908
5884 4805 0.0021908
4805 4806 0.0016843
6431 4806 0.0016843
6434 4806 0.0016843
5776 5775 0.0002265
6468 5775 0.0002265
5780 5779 0.0013772
5781 5779 0.0013772
5786 5779 0.0013772
981 5780 0.015191
5779 5780 0.015191
6433 5780 0.015191
6436 5780 0.015191
2632 5781 0.00078064
5782 5781 0.00078064
5883 5781 0.00078064
5886 5781 0.00078064
5780 5782 0.085562
5781 5782 0.085562
5786 5782 0.085562
4175 5783 0.0081356
4176 5783 0.0081356
5784 5783 0.0081356
5785 5783 0.0081356
5783 5784 0.13983
5788 5784 0.13983
5796 5784 0.13983
5780 5785 0.000491
5781 5785 0.000491
5786 5785 0.000491
4175 5786 0.071458
4176 5786 0.071458
5784 5786 0.071458
5785 5786 0.071458
5783 5787 0.009948
5788 5787 0.009948
5796 5787 0.009948
5787 5788 0.34258
5914 5788 0.34258
5915 5788 0.34258
5790 5789 0.0039345
5791 5789 0.0039345
5932 5789 0.0039345
5969 5789 0.0039345
5789 5790 0.61566
5911 5790 0.61566
5913 5790 0.61566
5982 5790 0.61566
5792 5791 0.002222
5891 5791 0.002222
5894 5791 0.002222
5790 5792 0.47376
5791 5792 0.47376
5932 5792 0.47376
5969 5792 0.47376
5794 5793 0.060092
5931 5793 0.060092
5795 5794 0.044009
5887 5794 0.044009
5890 5794 0.044009
5794 5795 0.044786
5931 5795 0.044786
4172 5796 0.021629
5797 5796 0.021629
5783 5797 0.22257
5788 5797 0.22257
5796 5797 0.22257
569 5883 0.001729
4806 5883 0.001729
5884 5883 0.001729
2632 5884 0.0022221
5782 5884 0.0022221
5883 5884 0.0022221
5886 5884 0.0022221
2632 5885 0.00016788
5782 5885 0.00016788
5883 5885 0.00016788
5886 5885 0.00016788
4181 5886 0.78699
4182 5886 0.78699
5885 5886 0.78699
5888 5886 0.78699
4181 5887 0.004251
4182 5887 0.004251
5885 5887 0.004251
5888 5887 0.004251
5795 5888 0.66808
5887 5888 0.66808
5890 5888 0.66808
5795 5889 0.0046793
5887 5889 0.0046793
5890 5889 0.0046793
4163 5890 0.66773
4164 5890 0.66773
5889 5890 0.66773
5892 5890 0.66773
4163 5891 0.0021507
4164 5891 0.0021507
5889 5891 0.0021507
5892 5891 0.0021507
5792 5892 0.4948
5891 5892 0.4948
5894 5892 0.4948
5792 5893 0.0092498
5891 5893 0.0092498
5894 5893 0.0092498
5893 5894 0.030359
7255 5894 0.030359
5912 5911 1
5787 5913 0.009948
5914 5913 0.009948
5915 5913 0.009948
5789 5914 0.34258
5911 5914 0.34258
5913 5914 0.34258
5982 5914 0.34258
4189 5917 0.00012409
4190 5917 0.00012409
5918 5917 0.00012409
5917 5918 0.0078365
5920 5918 0.0078365
5978 5918 0.0078365
5917 5919 0.0003761
5920 5919 0.0003761
5978 5919 0.0003761
4192 5920 0.0056729
5919 5920 0.0056729
5980 5920 0.0056729
4185 5921 0.0015872
4186 5921 0.0015872
5922 5921 0.0015872
5921 5922 0.04091
5924 5922 0.04091
5973 5922 0.04091
5921 5923 0.0026506
5924 5923 0.0026506
5973 5923 0.0026506
4167 5924 0.035481
4168 5924 0.035481
5923 5924 0.035481
5926 5924 0.035481
4167 5925 0.0055486
4168 5925 0.0055486
5923 5925 0.0055486
5926 5925 0.0055486
5925 5926 0.0045517
5976 5926 0.0045517
5979 5926 0.0045517
4183 5927 0.0071148
4184 5927 0.0071148
5928 5927 0.0071148
5927 5928 0.057674
5930 5928 0.057674
5974 5928 0.057674
5927 5929 0.0066947
5930 5929 0.0066947
5974 5929 0.0066947
4165 5930 0.063746
4166 5930 0.063746
5929 5930 0.063746
5972 5930 0.063746
4179 5931 0.060869
4180 5931 0.060869
4170 5932 0.033636
4173 5932 0.033636
5933 5932 0.033636
5790 5933 0.17867
5791 5933 0.17867
5932 5933 0.17867
5969 5933 0.17867
5790 5968 0.023282
5791 5968 0.023282
5932 5968 0.023282
5969 5968 0.023282
2327 5969 0.028134
4708 5969 0.028134
5968 5969 0.028134
4172 5970 0.13342
5797 5970 0.13342
4165 5971 0.0047673
4166 5971 0.0047673
5929 5971 0.0047673
5972 5971 0.0047673
2331 5972 0.011981
4196 5972 0.011981
5971 5972 0.011981
7256 5972 0.011981
5927 5973 0.014659
5930 5973 0.014659
5974 5973 0.014659
5921 5974 0.0081667
5924 5974 0.0081667
5973 5974 0.0081667
5925 5975 0.0024143
5976 5975 0.0024143
5979 5975 0.0024143
2330 5976 0.0063708
2333 5976 0.0063708
5975 5976 0.0063708
5917 5977 0.0013912
5920 5977 0.0013912
5978 5977 0.0013912
2334 5978 0.0038068
2337 5978 0.0038068
5977 5978 0.0038068
7152 5978 0.0038068
4192 5979 0.00043097
5919 5979 0.00043097
5980 5979 0.00043097
5925 5980 0.0053843
5976 5980 0.0053843
5979 5980 0.0053843
5789 5981 0.056752
5911 5981 0.056752
5913 5981 0.056752
5982 5981 0.056752
3189 5982 0.0011105
4707 5982 0.0011105
5981 5982 0.0011105
7130 5982 0.0011105
4805 6433 0.0022071
6431 6433 0.0022071
6434 6433 0.0022071
981 6434 0.001714
5779 6434 0.001714
6433 6434 0.001714
6436 6434 0.001714
981 6435 0.0010066
5779 6435 0.0010066
6433 6435 0.0010066
6436 6435 0.0010066
568 6436 0.014327
4174 6436 0.014327
6435 6436 0.014327
4191 6468 0.12907
4666 6468 0.12907
6469 6468 0.12907
2336 6469 0.016314
2339 6469 0.016314
4709 6469 0.016314
5776 6716 0.12889
6468 6716 0.12889
2324 7130 0.0004
7131 7130 0.0004
3189 7131 0.0001956
4707 7131 0.0001956
5981 7131 0.0001956
7130 7131 0.0001956
5893 7254 0.0092498
7255 7254 0.0092498
2329 7255 0.030359
5896 7255 0.030359
7254 7255 0.030359
7258 7255 0.030359
2328 7256 0.029977
7257 7256 0.029977
2331 7257 0.00017633
4196 7257 0.00017633
5971 7257 0.00017633
7256 7257 0.00017633
2326 7258 0.051333
7259 7258 0.051333
2329 7259 0.00033924
5896 7259 0.00033924
7254 7259 0.00033924
7258 7259 0.00033924
