295 296 0.00030155
297 296 0.00030155
298 297 0.00030155
1338 297 0.00030155
1403 297 0.00030155
5596 297 0.00030155
1303 1302 0.001427
1325 1302 0.001427
1429 1302 0.001427
1316 1315 0.20828
2451 1315 0.20828
2452 1315 0.20828
1315 1316 0.028462
2501 1316 0.028462
2502 1316 0.028462
1318 1317 0.25033
1432 1317 0.25033
2453 1317 0.25033
1317 1318 0.00075302
2500 1318 0.00075302
5368 1318 0.00075302
1337 1338 0.00030749
1831 1338 0.00030749
5653 1338 0.00030749
1346 1345 0.034928
1383 1345 0.034928
6665 1345 0.034928
1345 1346 0.0057794
5364 1346 0.0057794
5599 1346 0.0057794
1348 1347 0.0052369
1395 1347 0.0052369
5815 1347 0.0052369
1347 1348 0.00060767
5378 1348 0.00060767
1384 1383 0.0013144
5361 1383 0.0013144
5598 1383 0.0013144
1346 1384 0.023865
1383 1384 0.023865
6665 1384 0.023865
1386 1385 0.00014039
5359 1385 0.00014039
5362 1385 0.00014039
1369 1386 0.00013815
1385 1386 0.00013815
5369 1386 0.00013815
1427 1429 0.0014317
1430 1429 0.0014317
5356 1429 0.0014317
1431 1432 0.99219
1846 1432 0.99219
2454 1432 0.99219
1434 1433 0.00043685
2455 1433 0.00043685
5808 1433 0.00043685
1433 1434 0.96258
1844 1434 0.96258
2456 1434 0.96258
296 1822 0.00030155
299 1822 0.00030155
1823 1822 0.00030155
1337 1830 0.00034672
1831 1830 0.00034672
5653 1830 0.00034672
1830 1831 0.00034607
3153 1831 0.00034607
3156 1831 0.00034607
5514 1831 0.00034607
1833 1832 0.022336
1837 1832 0.022336
5638 1832 0.022336
5644 1832 0.022336
1832 1833 0.030432
1839 1833 0.030432
5636 1833 0.030432
1835 1834 0.0096362
5640 1834 0.0096362
5642 1834 0.0096362
5645 1834 0.0096362
1834 1835 0.35514
2505 1835 0.35514
2506 1835 0.35514
1833 1836 0.0051372
1837 1836 0.0051372
5638 1836 0.0051372
5644 1836 0.0051372
1836 1837 0.073819
2513 1837 0.073819
2514 1837 0.073819
1832 1838 0.0059695
1839 1838 0.0059695
5636 1838 0.0059695
1838 1839 0.04165
2515 1839 0.04165
2516 1839 0.04165
1841 1840 0.001549
2479 1840 0.001549
2480 1840 0.001549
1840 1841 0.001195
2482 1841 0.001195
5620 1841 0.001195
555 1844 0.0023295
1845 1844 0.0023295
2733 1844 0.0023295
1433 1845 0.012369
1844 1845 0.012369
2456 1845 0.012369
1343 1846 0.012932
1847 1846 0.012932
2472 1846 0.012932
5632 1846 0.012932
1431 1847 0.0093136
1846 1847 0.0093136
2454 1847 0.0093136
1849 1848 0.0020597
2476 1848 0.0020597
5626 1848 0.0020597
1848 1849 0.0020373
2473 1849 0.0020373
2474 1849 0.0020373
2449 2448 0.3629
2450 2448 0.3629
2510 2448 0.3629
2448 2449 0.0027702
2478 2449 0.0027702
5517 2449 0.0027702
1316 2450 0.57916
2451 2450 0.57916
2452 2450 0.57916
2449 2451 0.016408
2450 2451 0.016408
2510 2451 0.016408
1318 2452 0.7568
1432 2452 0.7568
2453 2452 0.7568
1316 2453 0.014235
2451 2453 0.014235
2452 2453 0.014235
1434 2454 0.98854
2455 2454 0.98854
5808 2454 0.98854
2457 2456 0.97255
5812 2456 0.97255
6662 2456 0.97255
1433 2457 0.00035883
1844 2457 0.00035883
2456 2457 0.00035883
1397 2458 1.0001
2459 2458 1.0001
6666 2458 1.0001
2458 2459 0.00015307
5373 2459 0.00015307
6663 2459 0.00015307
6664 2459 0.00015307
1848 2472 0.012879
2473 2472 0.012879
2474 2472 0.012879
1343 2473 0.0028177
1847 2473 0.0028177
2472 2473 0.0028177
5632 2473 0.0028177
2470 2474 0.012369
2475 2474 0.012369
2732 2474 0.012369
1848 2475 0.0023295
2473 2475 0.0023295
2474 2475 0.0023295
1841 2478 0.0083951
2479 2478 0.0083951
2480 2478 0.0083951
2448 2479 0.0019741
2478 2479 0.0019741
5517 2479 0.0019741
2481 2480 0.0074044
2483 2480 0.0074044
5623 2480 0.0074044
1841 2481 0.0006294
2479 2481 0.0006294
2480 2481 0.0006294
2481 2482 0.001195
2483 2482 0.001195
5623 2482 0.001195
1840 2483 0.001549
2482 2483 0.001549
5620 2483 0.001549
2488 2489 0.037418
5367 2489 0.037418
5634 2489 0.037418
2491 2490 0.00025088
2492 2490 0.00025088
5637 2490 0.00025088
2489 2491 0.079754
2490 2491 0.079754
2517 2491 0.079754
2493 2492 0.00039204
2494 2492 0.00039204
5639 2492 0.00039204
2491 2493 0.10748
2492 2493 0.10748
5637 2493 0.10748
2495 2494 0.00054536
2496 2494 0.00054536
5641 2494 0.00054536
2493 2495 0.14026
2494 2495 0.14026
5639 2495 0.14026
2497 2496 0.00024854
2498 2496 0.00024854
5647 2496 0.00024854
2495 2497 0.50518
2496 2497 0.50518
5641 2497 0.50518
2499 2498 0.00016231
3155 2498 0.00016231
4512 2498 0.00016231
2497 2499 0.73703
2498 2499 0.73703
5647 2499 0.73703
1315 2500 0.0081096
2501 2500 0.0081096
2502 2500 0.0081096
1317 2501 0.22031
2500 2501 0.22031
5368 2501 0.22031
2503 2502 0.0018428
2504 2502 0.0018428
2511 2502 0.0018428
2512 2502 0.0018428
1315 2503 0.39385
2501 2503 0.39385
2502 2503 0.39385
1834 2504 0.0056674
2505 2504 0.0056674
2506 2504 0.0056674
2503 2505 0.45381
2504 2505 0.45381
2511 2505 0.45381
2512 2505 0.45381
2507 2506 0.050774
2508 2506 0.050774
5643 2506 0.050774
1834 2507 0.15342
2505 2507 0.15342
2506 2507 0.15342
2509 2508 0.017961
5646 2508 0.017961
5649 2508 0.017961
2507 2509 0.14504
2508 2509 0.14504
5643 2509 0.14504
2503 2510 0.041031
2504 2510 0.041031
2511 2510 0.041031
2512 2510 0.041031
2449 2511 0.24365
2450 2511 0.24365
2510 2511 0.24365
1836 2512 0.0023248
2513 2512 0.0023248
2514 2512 0.0023248
2503 2513 0.14881
2504 2513 0.14881
2511 2513 0.14881
2512 2513 0.14881
1838 2514 0.002894
2515 2514 0.002894
2516 2514 0.002894
1836 2515 0.080696
2513 2515 0.080696
2514 2515 0.080696
2489 2516 0.00464
2490 2516 0.00464
2517 2516 0.00464
1838 2517 0.046762
2515 2517 0.046762
2516 2517 0.046762
2470 2731 0.0023295
2475 2731 0.0023295
2732 2731 0.0023295
2468 2732 0.012369
2731 2732 0.012369
2734 2732 0.012369
2468 2733 0.0023295
2731 2733 0.0023295
2734 2733 0.0023295
555 2734 0.012369
1845 2734 0.012369
2733 2734 0.012369
1830 3155 0.266
3153 3155 0.266
3156 3155 0.266
5514 3155 0.266
2499 3156 0.0042965
3155 3156 0.0042965
4512 3156 0.0042965
1349 4512 0.0014335
4511 4512 0.0014335
4514 4512 0.0014335
4513 4514 0.0014335
6864 4514 0.0014335
1362 5356 0.0014318
5355 5356 0.0014318
5358 5356 0.0014318
1365 5358 0.0014197
5357 5358 0.0014197
5360 5358 0.0014197
1386 5360 0.0014263
5359 5360 0.0014263
5362 5360 0.0014263
1386 5361 0.00012621
5359 5361 0.00012621
5362 5361 0.00012621
1384 5362 0.0015539
5361 5362 0.0015539
5598 5362 0.0015539
1345 5363 0.051216
5364 5363 0.051216
5599 5363 0.051216
5363 5364 0.00094535
5810 5364 0.00094535
5813 5364 0.00094535
1317 5367 0.037418
2500 5367 0.037418
5368 5367 0.037418
1388 5369 0.00013815
5370 5369 0.00013815
6669 5369 0.00013815
1369 5370 0.00014039
1385 5370 0.00014039
5369 5370 0.00014039
5371 5373 0.0054357
5374 5373 0.0054357
5375 5373 0.0054357
2458 5374 0.0054357
5373 5374 0.0054357
6663 5374 0.0054357
6664 5374 0.0054357
5376 5375 0.0054357
5377 5375 0.0054357
5814 5375 0.0054357
5371 5376 0.0054357
5374 5376 0.0054357
5375 5376 0.0054357
1347 5377 0.0052369
5378 5377 0.0052369
5376 5378 0.00060767
5377 5378 0.00060767
5814 5378 0.00060767
2484 5514 0.26602
5515 5514 0.26602
5516 5514 0.26602
5648 5514 0.26602
1830 5515 0.0043238
3153 5515 0.0043238
3156 5515 0.0043238
5514 5515 0.0043238
2448 5516 0.36838
2478 5516 0.36838
5517 5516 0.36838
2484 5517 0.0018287
5515 5517 0.0018287
5516 5517 0.0018287
5648 5517 0.0018287
1345 5598 0.0018025
5364 5598 0.0018025
5599 5598 0.0018025
1384 5599 0.022925
5361 5599 0.022925
5598 5599 0.022925
2481 5622 0.00015517
2483 5622 0.00015517
5623 5622 0.00015517
1341 5623 0.0065761
5622 5623 0.0065761
5625 5623 0.0065761
1341 5624 0.00015517
5622 5624 0.00015517
5625 5624 0.00015517
5624 5625 0.0065761
5627 5625 0.0065761
5628 5625 0.0065761
5631 5625 0.0065761
5624 5626 0.0020597
5627 5626 0.0020597
5628 5626 0.0020597
5631 5626 0.0020597
1849 5627 0.0020373
2476 5627 0.0020373
5626 5627 0.0020373
5624 5630 0.00086806
5627 5630 0.00086806
5628 5630 0.00086806
5631 5630 0.00086806
1842 5631 0.0073114
5630 5631 0.0073114
5633 5631 0.0073114
1842 5632 0.00086806
5630 5632 0.00086806
5633 5632 0.00086806
1343 5633 0.0073114
1847 5633 0.0073114
2472 5633 0.0073114
5632 5633 0.0073114
2491 5636 0.0076412
2492 5636 0.0076412
5637 5636 0.0076412
1832 5637 0.035226
1839 5637 0.035226
5636 5637 0.035226
2493 5638 0.0039063
2494 5638 0.0039063
5639 5638 0.0039063
1833 5639 0.036531
1837 5639 0.036531
5638 5639 0.036531
5644 5639 0.036531
2495 5640 0.0036901
2496 5640 0.0036901
5641 5640 0.0036901
1835 5641 0.36891
5640 5641 0.36891
5642 5641 0.36891
5645 5641 0.36891
2507 5642 0.055376
2508 5642 0.055376
5643 5642 0.055376
1835 5643 0.07981
5640 5643 0.07981
5642 5643 0.07981
5645 5643 0.07981
1835 5644 0.02949
5640 5644 0.02949
5642 5644 0.02949
5645 5644 0.02949
1833 5645 0.073642
1837 5645 0.073642
5638 5645 0.073642
5644 5645 0.073642
2497 5646 0.0087903
2498 5646 0.0087903
5647 5646 0.0087903
2509 5647 0.24072
5646 5647 0.24072
5649 5647 0.24072
2509 5648 0.026919
5646 5648 0.026919
5649 5648 0.026919
2484 5649 0.13178
5515 5649 0.13178
5516 5649 0.13178
5648 5649 0.13178
1822 5653 0.00030155
5650 5653 0.00030155
5652 5653 0.00030155
5806 5808 0.026573
5809 5808 0.026573
5811 5808 0.026573
1434 5809 0.00019169
2455 5809 0.00019169
5808 5809 0.00019169
5806 5810 0.00019169
5809 5810 0.00019169
5811 5810 0.00019169
5363 5811 0.026573
5810 5811 0.026573
5813 5811 0.026573
5363 5812 0.043705
5810 5812 0.043705
5813 5812 0.043705
2457 5813 0.019815
5812 5813 0.019815
6662 5813 0.019815
1348 5814 0.00060767
1395 5814 0.00060767
5815 5814 0.00060767
5376 5815 0.0052369
5377 5815 0.0052369
5814 5815 0.0052369
2458 6662 0.95102
5373 6662 0.95102
6663 6662 0.95102
6664 6662 0.95102
2457 6663 0.0027188
5812 6663 0.0027188
6662 6663 0.0027188
1346 6664 0.0034354
1383 6664 0.0034354
6665 6664 0.0034354
2458 6665 0.055134
5373 6665 0.055134
6663 6665 0.055134
6664 6665 0.055134
2460 6666 1.0001
6667 6666 1.0001
6668 6666 1.0001
1397 6667 0.00015307
2459 6667 0.00015307
6666 6667 0.00015307
1388 6668 0.00014953
5370 6668 0.00014953
6669 6668 0.00014953
2460 6669 0.00013535
6667 6669 0.00013535
6668 6669 0.00013535
6863 6864 0.0014335
7143 6864 0.0014335
1302 7143 0.0014335
3157 7143 0.0014335
7142 7143 0.0014335
