134 133 0.00014054
3708 133 0.00014054
3709 133 0.00014054
133 134 0.00043063
3052 134 0.00043063
146 145 0.00088384
1546 145 0.00088384
1549 145 0.00088384
145 146 0.001149
2374 146 0.001149
2730 146 0.001149
427 428 0.00010426
431 428 0.00010426
3097 428 0.00010426
5835 433 0.011457
521 522 0.00028919
3424 522 0.00028919
3890 522 0.00028919
548 547 0.054839
6226 547 0.054839
6227 547 0.054839
6230 547 0.054839
547 548 0.0063355
2073 548 0.0063355
7094 548 0.0063355
550 549 0.020695
2391 549 0.020695
2392 549 0.020695
523 563 0.00010742
564 563 0.00010742
6447 563 0.00010742
563 564 0.00023136
2888 564 0.00023136
4801 564 0.00023136
566 565 0.00064166
2878 565 0.00064166
6439 565 0.00064166
567 568 0.61197
1467 568 0.61197
570 569 0.00089517
6429 569 0.00089517
6432 569 0.00089517
5260 723 0.30257
723 724 0.28318
6920 724 0.28318
522 735 0.00029368
736 735 0.00029368
3419 735 0.00029368
3434 735 0.00029368
738 737 0.0083777
2913 737 0.0083777
5577 737 0.0083777
735 739 0.0086344
737 739 0.0086344
740 739 0.0086344
943 942 0.0047118
4221 942 0.0047118
4815 942 0.0047118
942 943 0.0020319
945 943 0.0020319
5898 943 0.0020319
7252 943 0.0020319
942 944 0.00049729
945 944 0.00049729
5898 944 0.00049729
7252 944 0.00049729
944 945 0.002384
947 945 0.002384
4210 945 0.002384
944 946 0.00073247
947 946 0.00073247
4210 946 0.00073247
948 950 0.0060483
951 950 0.0060483
6355 950 0.0060483
950 951 0.0029928
6352 951 0.0029928
6353 951 0.0029928
6356 951 0.0029928
565 981 0.0086437
980 981 0.0086437
983 981 0.0086437
982 983 0.0080033
985 983 0.0080033
2889 983 0.0080033
984 985 0.0080033
987 985 0.0080033
2891 985 0.0080033
2893 985 0.0080033
986 987 0.0080033
2895 987 0.0080033
4802 987 0.0080033
995 994 0.012493
6359 994 0.012493
6360 994 0.012493
994 995 0.010367
997 995 0.010367
2076 995 0.010367
2077 995 0.010367
994 996 0.0056517
997 996 0.0056517
2076 996 0.0056517
2077 996 0.0056517
996 997 0.0083081
3119 997 0.0083081
4790 997 0.0083081
6237 997 0.0083081
1001 1000 0.00024396
1552 1000 0.00024396
1555 1000 0.00024396
1466 1117 0.0016358
2325 1117 0.0016358
432 1127 0.0016113
5692 1127 0.0016113
6874 1128 0.02066
5085 1129 0.0015399
5267 1129 0.0015399
1226 1227 0.00012582
1536 1227 0.00012582
4200 1227 0.00012582
1232 1233 0.6692
7249 1233 0.6692
567 1466 0.05211
1467 1466 0.05211
1468 1467 0.66402
5934 1467 0.66402
1117 1468 0.0034352
2345 1468 0.0034352
1528 1530 0.0083762
1531 1530 0.0083762
3303 1530 0.0083762
1530 1531 0.0063426
1533 1531 0.0063426
2850 1531 0.0063426
1530 1532 0.00097597
1533 1532 0.00097597
2850 1532 0.00097597
1532 1533 0.0017462
2851 1533 0.0017462
3339 1533 0.0017462
1537 1536 0.00012172
4710 1536 0.00012172
1544 1545 0.00026384
1547 1545 0.00026384
2807 1545 0.00026384
1544 1546 0.0018299
1547 1546 0.0018299
2807 1546 0.0018299
146 1548 0.0020925
1546 1548 0.0020925
1549 1548 0.0020925
1545 1550 0.00026384
1551 1550 0.00026384
4529 1550 0.00026384
1550 1552 0.00026384
1553 1552 0.00026384
4785 1552 0.00026384
1568 1570 0.0001858
1571 1570 0.0001858
3699 1570 0.0001858
1653 1654 0.0001142
7054 1654 0.0001142
7076 1654 0.0001142
1656 1655 0.0019969
5746 1655 0.0019969
5748 1655 0.0019969
1655 1656 0.0082907
5745 1656 0.0082907
5901 1656 0.0082907
5904 1656 0.0082907
1658 1657 0.0047118
5747 1657 0.0047118
5907 1657 0.0047118
5984 1657 0.0047118
1657 1658 0.0020319
4219 1658 0.0020319
4817 1658 0.0020319
1659 1660 0.0010759
3213 1660 0.0010759
4560 1660 0.0010759
5576 1966 0.0002828
5579 1966 0.0002828
1976 1975 0.0016704
6155 1975 0.0016704
6617 1975 0.0016704
2072 2071 0.0004804
2074 2071 0.0004804
2075 2071 0.0004804
3906 2071 0.0004804
2071 2072 0.016385
6238 2072 0.016385
6239 2072 0.016385
2072 2073 0.15511
2074 2073 0.15511
2075 2073 0.15511
3906 2073 0.15511
547 2074 0.00024357
2073 2074 0.00024357
7094 2074 0.00024357
994 2075 0.089786
997 2075 0.089786
2076 2075 0.089786
2077 2075 0.089786
2072 2076 0.0015787
2074 2076 0.0015787
2075 2076 0.0015787
3906 2076 0.0015787
2078 2077 0.084755
2358 2077 0.084755
2361 2077 0.084755
6371 2077 0.084755
994 2078 0.0013306
997 2078 0.0013306
2076 2078 0.0013306
2077 2078 0.0013306
724 2146 0.95661
2147 2146 0.95661
6794 2146 0.95661
2149 2148 0.67472
7287 2148 0.67472
2148 2149 0.0013444
6795 2149 0.0013444
2151 2150 0.97594
3649 2150 0.97594
3652 2150 0.97594
6823 2150 0.97594
549 2152 0.020686
2153 2152 0.020686
2864 2152 0.020686
6808 2152 0.020686
1466 2324 0.050538
2325 2324 0.050538
2327 2326 0.018039
4708 2326 0.018039
5968 2326 0.018039
2326 2327 0.017388
7259 2327 0.017388
2329 2328 0.028819
5896 2328 0.028819
7254 2328 0.028819
7258 2328 0.028819
2328 2329 0.0013159
7257 2329 0.0013159
2331 2330 0.0051952
4196 2330 0.0051952
5971 2330 0.0051952
7256 2330 0.0051952
2330 2331 0.003729
2333 2331 0.003729
5975 2331 0.003729
2330 2332 0.00026958
2333 2332 0.00026958
5975 2332 0.00026958
2332 2333 0.0056404
2335 2333 0.0056404
4216 2333 0.0056404
2332 2334 0.00030532
2335 2334 0.00030532
4216 2334 0.00030532
2334 2335 0.0051123
2337 2335 0.0051123
5977 2335 0.0051123
7152 2335 0.0051123
2336 2337 0.0066279
2339 2337 0.0066279
4709 2337 0.0066279
2338 2339 0.0001149
2341 2339 0.0001149
4198 2339 0.0001149
1654 2341 0.00011639
2340 2341 0.00011639
2343 2341 0.00011639
2344 2345 0.0018484
2347 2345 0.0018484
5906 2345 0.0018484
2346 2347 0.0013066
6960 2347 0.0013066
7108 2347 0.0013066
2349 2348 0.00058533
5903 2348 0.00058533
5986 2348 0.00058533
7105 2348 0.00058533
2348 2349 0.0042652
5239 2349 0.0042652
5739 2349 0.0042652
2350 2351 0.0012519
5671 2351 0.0012519
5836 2351 0.0012519
2353 2352 0.10668
3337 2352 0.10668
2352 2353 0.00084776
2355 2353 0.00084776
5269 2353 0.00084776
2352 2354 0.11043
2355 2354 0.11043
5269 2354 0.11043
2354 2355 0.00017597
2357 2355 0.00017597
2354 2356 0.058466
2357 2356 0.058466
2356 2357 0.00086878
2359 2357 0.00086878
6362 2357 0.00086878
7160 2357 0.00086878
2356 2358 0.065134
2359 2358 0.065134
6362 2358 0.065134
7160 2358 0.065134
2078 2359 0.00083973
2358 2359 0.00083973
2361 2359 0.00083973
6371 2359 0.00083973
2078 2360 0.014178
2358 2360 0.014178
2361 2360 0.014178
6371 2360 0.014178
2360 2361 0.0018433
2363 2361 0.0018433
3120 2361 0.0018433
2360 2362 0.0019754
2363 2362 0.0019754
3120 2362 0.0019754
2362 2363 0.0030724
2365 2363 0.0030724
6395 2363 0.0030724
2362 2364 0.0022993
2365 2364 0.0022993
6395 2364 0.0022993
2364 2365 0.0015527
2367 2365 0.0015527
6366 2365 0.0015527
6367 2365 0.0015527
2364 2366 0.0023149
2367 2366 0.0023149
6366 2366 0.0023149
6367 2366 0.0023149
2366 2367 0.0011417
7006 2367 0.0011417
7086 2367 0.0011417
2375 2374 0.020672
2376 2374 0.020672
2806 2374 0.020672
145 2375 0.00027878
2374 2375 0.00027878
2730 2375 0.00027878
2377 2376 0.022394
2380 2376 0.022394
3644 2376 0.022394
2383 2382 0.97936
2385 2382 0.97936
2386 2382 0.97936
2384 2385 1.0001
6904 2385 1.0001
2383 2387 0.020695
2385 2387 0.020695
2386 2387 0.020695
2387 2391 0.020695
2388 2391 0.020695
2390 2391 0.020695
2633 2632 0.002452
2635 2632 0.002452
2644 2632 0.002452
6716 2634 0.0024483
2634 2635 0.002236
2636 2635 0.002236
2639 2642 0.00021826
2645 2642 0.00021826
2642 2644 0.00021821
2643 2644 0.00021821
2634 2645 0.00021814
2636 2645 0.00021814
82 2661 0.00044329
2662 2661 0.00044329
2663 2661 0.00044329
2673 2661 0.00044329
2661 2662 0.00044329
3643 2662 0.00044329
3646 2662 0.00044329
2664 2663 0.00011686
2665 2663 0.00011686
2671 2663 0.00011686
82 2664 0.00033685
2662 2664 0.00033685
2663 2664 0.00033685
2673 2664 0.00033685
2672 2671 0.00011686
2674 2671 0.00011686
2664 2672 0.00033685
2665 2672 0.00033685
2671 2672 0.00033685
2672 2673 0.00033685
2674 2673 0.00033685
82 2674 0.00011686
2662 2674 0.00011686
2663 2674 0.00011686
2673 2674 0.00011686
79 2679 0.0011614
2680 2679 0.0011614
2681 2679 0.0011614
2682 2681 0.0011529
2683 2681 0.0011529
2804 2681 0.0011529
2709 2721 0.02239
2722 2721 0.02239
2723 2721 0.02239
6588 2721 0.02239
2724 2723 0.02239
2725 2723 0.02239
2861 2723 0.02239
2679 2725 0.02239
2726 2725 0.02239
2727 2725 0.02239
2728 2727 0.02137
2729 2727 0.02137
2873 2727 0.02137
2679 2728 0.00010954
2726 2728 0.00010954
2727 2728 0.00010954
145 2729 0.02044
2374 2729 0.02044
2730 2729 0.02044
2728 2730 0.00031256
2729 2730 0.00031256
2873 2730 0.00031256
2753 2752 0.66922
3327 2752 0.66922
5237 2752 0.66922
1000 2804 0.0011247
1548 2804 0.0011247
2805 2804 0.0011247
2874 2804 0.0011247
2375 2807 0.002048
2376 2807 0.002048
2806 2807 0.002048
1530 2849 0.009064
1533 2849 0.009064
2850 2849 0.009064
600 2850 0.0062602
2849 2850 0.0062602
3344 2850 0.0062602
3345 2850 0.0062602
1676 2853 0.00049058
2854 2853 0.00049058
3661 2853 0.00049058
1000 2873 0.0015666
1548 2873 0.0015666
2805 2873 0.0015666
2874 2873 0.0015666
2728 2874 0.0004338
2729 2874 0.0004338
2873 2874 0.0004338
2877 2878 0.00063082
2882 2878 0.00063082
6443 2878 0.00063082
6446 2878 0.00063082
734 2880 0.00051037
2879 2880 0.00051037
5252 2880 0.00051037
1110 2882 0.00050645
2880 2882 0.00050645
2881 2882 0.00050645
739 2886 0.0081257
2885 2886 0.0081257
5251 2886 0.0081257
2886 2888 0.0081257
2887 2888 0.0081257
2901 2888 0.0081257
2911 2913 0.00034592
2914 2913 0.00034592
6130 2913 0.00034592
738 2914 0.00014097
2913 2914 0.00014097
5577 2914 0.00014097
133 3051 0.00014054
3052 3051 0.00014054
3051 3052 0.00043063
3710 3052 0.00043063
3711 3052 0.00043063
3054 3053 0.00072467
3685 3053 0.00072467
3085 3086 0.0003083
3088 3086 0.0003083
5398 3086 0.0003083
3087 3088 0.00030633
7151 3088 0.00030633
428 3090 0.00029993
429 3090 0.00029993
3089 3090 0.00029993
5680 3090 0.00029993
1570 3091 0.00016297
1573 3091 0.00016297
3092 3091 0.00016297
1127 3097 0.00010936
3095 3097 0.00010936
3098 3097 0.00010936
3107 3109 0.00070939
3110 3109 0.00070939
3309 3109 0.00070939
3310 3109 0.00070939
3109 3111 0.0010255
3112 3111 0.0010255
3313 3111 0.0010255
3314 3111 0.0010255
3111 3113 0.00042907
3114 3113 0.00042907
6382 3113 0.00042907
6383 3113 0.00042907
3113 3115 0.00016133
3116 3115 0.00016133
6106 3115 0.00016133
3118 3117 0.0002375
6390 3117 0.0002375
6391 3117 0.0002375
3117 3118 0.0002414
5957 3118 0.0002414
6368 3118 0.0002414
6369 3118 0.0002414
2360 3119 0.013951
2363 3119 0.013951
3120 3119 0.013951
996 3120 0.00051886
3119 3120 0.00051886
4790 3120 0.00051886
6237 3120 0.00051886
3122 3121 0.0041213
5270 3121 0.0041213
6233 3121 0.0041213
3121 3122 0.061997
3328 3122 0.061997
3329 3122 0.061997
3124 3123 0.0091681
3307 3123 0.0091681
3308 3123 0.0091681
3637 3123 0.0091681
3123 3124 0.00010005
3126 3124 0.00010005
3312 3124 0.00010005
3123 3125 0.0087942
3126 3125 0.0087942
3312 3125 0.0087942
3125 3127 0.0071716
3128 3127 0.0071716
5949 3127 0.0071716
3127 3129 0.0022538
3130 3129 0.0022538
6380 3129 0.0022538
6381 3129 0.0022538
3129 3131 0.00095968
3132 3131 0.00095968
6105 3131 0.00095968
6108 3131 0.00095968
3131 3133 0.00053608
3134 3133 0.00053608
6402 3133 0.00053608
6403 3133 0.00053608
3133 3134 0.00013843
5955 3134 0.00013843
6394 3134 0.00013843
3136 3135 0.0032875
3305 3135 0.0032875
3306 3135 0.0032875
3135 3136 0.00033649
5948 3136 0.00033649
5953 3136 0.00033649
3138 3137 0.0033872
5832 3137 0.0033872
6422 3137 0.0033872
3137 3138 0.019757
3302 3138 0.019757
3338 3138 0.019757
3140 3139 0.00071885
6372 3139 0.00071885
6373 3139 0.00071885
6407 3139 0.00071885
3139 3140 0.002338
3910 3140 0.002338
6112 3140 0.002338
3142 3141 0.0061381
6414 3141 0.0061381
6415 3141 0.0061381
3141 3142 0.00026025
3144 3142 0.00026025
4787 3142 0.00026025
3141 3143 0.0053606
3144 3143 0.0053606
4787 3143 0.0053606
3143 3144 0.00076519
3146 3144 0.00076519
6374 3144 0.00076519
6375 3144 0.00076519
3143 3145 0.0019365
3146 3145 0.0019365
6374 3145 0.0019365
6375 3145 0.0019365
3145 3146 0.00087036
3148 3146 0.00087036
3911 3146 0.00087036
6109 3146 0.00087036
3145 3147 0.0009003
3148 3147 0.0009003
3911 3147 0.0009003
6109 3147 0.0009003
3147 3148 0.00031341
5951 3148 0.00031341
6398 3148 0.00031341
6399 3148 0.00031341
3212 3213 0.0011415
3651 3213 0.0011415
3654 3213 0.0011415
1528 3302 0.0063426
1531 3302 0.0063426
3303 3302 0.0063426
3137 3303 0.0083762
3302 3303 0.0083762
3338 3303 0.0083762
3136 3304 0.005156
3305 3304 0.005156
3306 3304 0.005156
3304 3305 0.00095881
6420 3305 0.00095881
6421 3305 0.00095881
3124 3306 0.0074737
3307 3306 0.0074737
3308 3306 0.0074737
3637 3306 0.0074737
3136 3307 0.00032558
3305 3307 0.00032558
3306 3307 0.00032558
3124 3309 0.00070939
3307 3309 0.00070939
3308 3309 0.00070939
3637 3309 0.00070939
3109 3312 0.00020309
3112 3312 0.00020309
3313 3312 0.00020309
3314 3312 0.00020309
3123 3313 0.00052988
3126 3313 0.00052988
3312 3313 0.00052988
3316 3317 0.0049249
7005 3317 0.0049249
7008 3317 0.0049249
7088 3317 0.0049249
3319 3318 0.0032767
5985 3318 0.0032767
7093 3318 0.0032767
7095 3318 0.0032767
3318 3319 0.0056785
6983 3319 0.0056785
7092 3319 0.0056785
3321 3320 0.082012
3322 3320 0.082012
7097 3320 0.082012
3320 3321 0.015584
6977 3321 0.015584
7096 3321 0.015584
3323 3322 0.092494
3324 3322 0.092494
7103 3322 0.092494
3321 3323 0.0039659
3322 3323 0.0039659
7097 3323 0.0039659
3325 3324 0.089338
3326 3324 0.089338
7099 3324 0.089338
3323 3325 0.0085018
3324 3325 0.0085018
7103 3325 0.0085018
2753 3326 0.10436
3327 3326 0.10436
5237 3326 0.10436
3325 3327 0.0026009
3326 3327 0.0026009
7099 3327 0.0026009
2353 3328 0.83973
3337 3328 0.83973
3332 3331 0.0002251
3334 3331 0.0002251
3331 3332 0.0026217
5827 3332 0.0026217
5829 3332 0.0026217
3332 3333 0.0026217
3334 3333 0.0026217
3333 3334 0.0002251
3336 3334 0.0002251
6225 3334 0.0002251
3333 3335 0.0024847
3336 3335 0.0024847
6225 3335 0.0024847
3335 3336 0.013319
5823 3336 0.013319
5831 3336 0.013319
6967 3336 0.013319
3137 3337 0.94557
3302 3337 0.94557
3338 3337 0.94557
3343 3338 0.96397
3639 3338 0.96397
3962 3338 0.96397
3340 3339 0.0017462
3342 3339 0.0017462
3960 3339 0.0017462
1532 3340 0.00097597
2851 3340 0.00097597
3339 3340 0.00097597
3340 3341 0.00097597
3342 3341 0.00097597
3960 3341 0.00097597
3341 3342 0.0017462
3346 3342 0.0017462
4684 3342 0.0017462
600 3343 0.031331
2849 3343 0.031331
3344 3343 0.031331
3345 3343 0.031331
3343 3344 0.0053005
3639 3344 0.0053005
3962 3344 0.0053005
3341 3345 0.023765
3346 3345 0.023765
4684 3345 0.023765
600 3346 0.00053867
2849 3346 0.00053867
3344 3346 0.00053867
3345 3346 0.00053867
73 3347 0.023943
3348 3347 0.023943
3349 3347 0.023943
3350 3349 0.023943
3351 3349 0.023943
3363 3349 0.023943
3352 3351 0.023324
3366 3351 0.023324
3691 3351 0.023324
3364 3363 0.00065443
3365 3363 0.00065443
3367 3363 0.00065443
3352 3365 0.00024738
3366 3365 0.00024738
3691 3365 0.00024738
3364 3366 0.00042452
3365 3366 0.00042452
3367 3366 0.00042452
3368 3367 0.00081738
3369 3367 0.00081738
3665 3367 0.00081738
3370 3369 0.00033984
3692 3369 0.00033984
3693 3369 0.00033984
3368 3370 0.0002475
3369 3370 0.0002475
3665 3370 0.0002475
1966 3424 0.0002828
3423 3424 0.0002828
3638 3637 0.017044
3640 3637 0.017044
5268 3637 0.017044
3124 3638 0.00013406
3307 3638 0.00013406
3308 3638 0.00013406
3637 3638 0.00013406
3638 3639 0.00080827
3640 3639 0.00080827
5268 3639 0.00080827
3343 3640 0.017377
3639 3640 0.017377
3962 3640 0.017377
2711 3642 0.02239
2721 3642 0.02239
3641 3642 0.02239
2661 3644 0.022394
3643 3644 0.022394
3646 3644 0.022394
2661 3645 0.00043446
3643 3645 0.00043446
3646 3645 0.00043446
2382 3646 0.022824
3645 3646 0.022824
3648 3646 0.022824
2382 3647 0.95697
3645 3647 0.95697
3648 3647 0.95697
3647 3649 0.95692
3650 3649 0.95692
2151 3651 0.0026798
3649 3651 0.0026798
3652 3651 0.0026798
6823 3651 0.0026798
3212 3652 0.0010179
3651 3652 0.0010179
3654 3652 0.0010179
3212 3653 0.0015518
3651 3653 0.0015518
3654 3653 0.0015518
3653 3654 0.0009821
3656 3654 0.0009821
6210 3654 0.0009821
3653 3655 0.00073541
3656 3655 0.00073541
6210 3655 0.00073541
3655 3656 0.00082924
3658 3656 0.00082924
6205 3656 0.00082924
3655 3657 0.00057678
3658 3657 0.00057678
6205 3657 0.00057678
1662 3659 0.00054374
3657 3659 0.00054374
3660 3659 0.00054374
3659 3661 0.00050968
3662 3661 0.00050968
6218 3661 0.00050968
3666 3665 0.00071998
3667 3665 0.00071998
5843 3665 0.00071998
3668 3667 0.00074228
3669 3667 0.00074228
6478 3667 0.00074228
3670 3669 0.00018126
3679 3669 0.00018126
5851 3669 0.00018126
3668 3670 0.00020694
3669 3670 0.00020694
6478 3670 0.00020694
3671 3672 0.00016367
5854 3672 0.00016367
3672 3674 0.0002321
3673 3674 0.0002321
3675 3674 0.0002321
3680 3679 0.00024588
3681 3679 0.00024588
3689 3679 0.00024588
6479 3679 0.00024588
3670 3680 0.00016226
3679 3680 0.00016226
5851 3680 0.00016226
3053 3681 0.00098431
3682 3681 0.00098431
3683 3681 0.00098431
3684 3683 0.00089633
3686 3683 0.00089633
3687 3683 0.00089633
3053 3684 0.0006451
3682 3684 0.0006451
3683 3684 0.0006451
3684 3685 0.00072467
3686 3685 0.00072467
3687 3685 0.00072467
3688 3687 0.0015559
3714 3687 0.0015559
3715 3687 0.0015559
3684 3688 0.00065995
3686 3688 0.00065995
3687 3688 0.00065995
3370 3691 0.023147
3692 3691 0.023147
3693 3691 0.023147
3694 3693 0.023227
3695 3693 0.023227
6563 3693 0.023227
3674 3695 0.023205
3696 3695 0.023205
3697 3695 0.023205
3642 3697 0.023059
3698 3697 0.023059
3716 3697 0.023059
781 3699 0.00018042
3700 3699 0.00018042
3701 3699 0.00018042
553 3701 0.00018351
3702 3701 0.00018351
3703 3701 0.00018351
98 3703 0.00018349
3704 3703 0.00018349
3705 3703 0.00018349
1972 3705 0.00022749
3706 3705 0.00022749
3707 3705 0.00022749
3736 3705 0.00022749
134 3707 0.00029752
3708 3707 0.00029752
3709 3707 0.00029752
3051 3709 0.00041111
3710 3709 0.00041111
3711 3709 0.00041111
134 3710 0.00044502
3708 3710 0.00044502
3709 3710 0.00044502
2146 3711 0.0008209
3712 3711 0.0008209
4663 3711 0.0008209
7113 3711 0.0008209
3051 3712 0.00056472
3710 3712 0.00056472
3711 3712 0.00056472
3688 3713 0.0027631
3714 3713 0.0027631
3715 3713 0.0027631
3713 3714 0.004315
6921 3714 0.004315
7114 3714 0.004315
3642 3715 0.0021991
3698 3715 0.0021991
3716 3715 0.0021991
3688 3716 0.002855
3714 3716 0.002855
3715 3716 0.002855
2909 3898 0.00016406
3899 3898 0.00016406
6135 3898 0.00016406
3898 3899 0.000369
5581 3899 0.000369
5935 3899 0.000369
3907 3906 0.060585
4019 3906 0.060585
6228 3906 0.060585
6358 3906 0.060585
2072 3907 0.0098317
2074 3907 0.0098317
2075 3907 0.0098317
3906 3907 0.0098317
3909 3908 0.00013006
6113 3908 0.00013006
6400 3908 0.00013006
6401 3908 0.00013006
3908 3909 0.00011149
6392 3909 0.00011149
6393 3909 0.00011149
3145 3910 0.002046
3148 3910 0.002046
3911 3910 0.002046
6109 3910 0.002046
3139 3911 0.00016338
3910 3911 0.00016338
6112 3911 0.00016338
4685 3962 0.95451
5086 3962 0.95451
1129 3964 0.00024788
3963 3964 0.00024788
4020 4019 0.09186
6232 4019 0.09186
6351 4019 0.09186
3907 4020 0.0012268
4019 4020 0.0012268
6228 4020 0.0012268
6358 4020 0.0012268
4163 4162 0.015125
4164 4162 0.015125
5889 4162 0.015125
5892 4162 0.015125
4162 4163 0.056587
4171 4163 0.056587
5793 4163 0.056587
4165 4164 0.017137
4166 4164 0.017137
5929 4164 0.017137
5972 4164 0.017137
4163 4165 0.020284
4164 4165 0.020284
5889 4165 0.020284
5892 4165 0.020284
4167 4166 0.0045034
4168 4166 0.0045034
5923 4166 0.0045034
5926 4166 0.0045034
4165 4167 0.0071243
4166 4167 0.0071243
5929 4167 0.0071243
5972 4167 0.0071243
4169 4168 0.00099253
4193 4168 0.00099253
4194 4168 0.00099253
4167 4169 0.0010243
4168 4169 0.0010243
5923 4169 0.0010243
5926 4169 0.0010243
4162 4170 0.017461
4171 4170 0.017461
5793 4170 0.017461
4170 4171 0.027043
4173 4171 0.027043
5933 4171 0.027043
4170 4172 0.012678
4173 4172 0.012678
5933 4172 0.012678
4172 4173 0.01276
5797 4173 0.01276
4175 4174 0.00073013
4176 4174 0.00073013
5784 4174 0.00073013
5785 4174 0.00073013
568 4175 0.20715
4174 4175 0.20715
6435 4175 0.20715
4177 4176 0.0026487
4178 4176 0.0026487
5970 4176 0.0026487
4175 4177 0.18329
4176 4177 0.18329
5784 4177 0.18329
5785 4177 0.18329
4179 4178 0.0010838
4180 4178 0.0010838
4177 4179 0.19922
4178 4179 0.19922
5970 4179 0.19922
4181 4180 0.024297
4182 4180 0.024297
5885 4180 0.024297
5888 4180 0.024297
4179 4181 0.17703
4180 4181 0.17703
4183 4182 0.041619
4184 4182 0.041619
5928 4182 0.041619
4181 4183 0.0011827
4182 4183 0.0011827
5885 4183 0.0011827
5888 4183 0.0011827
4185 4184 0.013583
4186 4184 0.013583
5922 4184 0.013583
4183 4185 0.00028821
4184 4185 0.00028821
5928 4185 0.00028821
4187 4186 0.0044054
4188 4186 0.0044054
4195 4186 0.0044054
4189 4188 0.0031555
4190 4188 0.0031555
5918 4188 0.0031555
4191 4190 0.002595
4666 4190 0.002595
6469 4190 0.002595
4192 4193 0.0012396
5919 4193 0.0012396
5980 4193 0.0012396
4187 4194 0.00012612
4188 4194 0.00012612
4195 4194 0.00012612
4169 4195 0.0013555
4193 4195 0.0013555
4194 4195 0.0013555
4205 4206 0.0012534
5741 4206 0.0012534
5742 4206 0.0012534
4204 4208 0.0015581
4206 4208 0.0015581
4207 4208 0.0015581
4211 4208 0.0015581
4201 4210 0.002621
4208 4210 0.002621
4209 4210 0.002621
5909 4210 0.002621
4212 4211 0.00037794
4214 4211 0.00037794
4213 4214 0.00037794
5743 4214 0.00037794
5744 4214 0.00037794
4215 4216 0.00058933
6725 4216 0.00058933
4218 4217 0.00016985
6706 4217 0.00016985
6724 4217 0.00016985
4220 4219 0.0020319
4222 4219 0.0020319
1657 4220 0.0047118
4219 4220 0.0047118
4817 4220 0.0047118
4220 4221 0.0047118
4222 4221 0.0047118
943 4222 0.0020319
4221 4222 0.0020319
4815 4222 0.0020319
4657 4656 0.00031268
5663 4656 0.00031268
5665 4656 0.00031268
6737 4659 0.013397
2146 4662 0.97413
3712 4662 0.97413
4663 4662 0.97413
7113 4662 0.97413
3347 4684 0.023998
3354 4684 0.023998
4683 4684 0.023998
2327 4707 0.0040151
4708 4707 0.0040151
5968 4707 0.0040151
3189 4708 0.028916
4707 4708 0.028916
5981 4708 0.028916
7130 4708 0.028916
1537 4709 0.011409
4710 4709 0.011409
5063 4710 0.01151
4788 4787 0.00094495
6408 4787 0.00094495
6409 4787 0.00094495
3141 4788 0.0022274
3144 4788 0.0022274
4787 4788 0.0022274
996 4789 0.0011984
3119 4789 0.0011984
4790 4789 0.0011984
6237 4789 0.0011984
4789 4790 0.0023592
6240 4790 0.0023592
6365 4790 0.0023592
563 4802 0.0080033
2888 4802 0.0080033
4801 4802 0.0080033
569 4805 0.00098667
4806 4805 0.00098667
5884 4805 0.00098667
4805 4806 0.0358
6431 4806 0.0358
6434 4806 0.0358
5064 5063 0.011517
5240 5063 0.011517
4659 5064 0.013402
5065 5064 0.013402
4685 5085 0.02118
5086 5085 0.02118
5087 5086 0.97564
5271 5086 0.97564
1129 5087 0.001309
3963 5087 0.001309
7272 5088 0.0015626
7274 5088 0.0015626
5091 5090 0.014873
5838 5090 0.014873
1128 5091 0.02221
5092 5091 0.02221
5093 5092 0.0015504
5088 5093 0.0015675
5094 5093 0.0015675
3121 5237 0.78186
3328 5237 0.78186
3329 5237 0.78186
2348 5238 0.00015087
5239 5238 0.00015087
5739 5238 0.00015087
3317 5239 0.0026709
5238 5239 0.0026709
7089 5239 0.0026709
5241 5240 0.00070259
5738 5240 0.00070259
7218 5240 0.00070259
5064 5241 0.0025872
5240 5241 0.0025872
739 5250 0.00051891
2885 5250 0.00051891
5251 5250 0.00051891
4597 5252 0.00051837
5250 5252 0.00051837
5253 5252 0.00051837
2149 5260 0.30257
7287 5260 0.30257
3638 5267 0.0010193
3640 5267 0.0010193
5268 5267 0.0010193
3138 5268 0.0013602
5832 5268 0.0013602
6422 5268 0.0013602
3122 5269 0.0057639
5270 5269 0.0057639
6233 5269 0.0057639
2753 5270 0.010877
3327 5270 0.010877
5237 5270 0.010877
3964 5271 0.97438
6738 5271 0.97438
738 5576 0.00026647
2913 5576 0.00026647
5577 5576 0.00026647
5576 5577 0.0084124
5579 5577 0.0084124
5576 5578 0.00026567
5579 5578 0.00026567
5578 5579 0.0086944
5583 5579 0.0086944
5584 5579 0.0086944
1233 5581 0.66079
5580 5581 0.66079
5582 5581 0.66079
5578 5582 0.0002947
5583 5582 0.0002947
5584 5582 0.0002947
1233 5583 0.0087009
5580 5583 0.0087009
5582 5583 0.0087009
5666 5665 0.00031268
5667 5665 0.00031268
3086 5667 0.00031275
5668 5667 0.00031275
5964 5667 0.00031275
2350 5669 0.0019408
5671 5669 0.0019408
5836 5669 0.0019408
2350 5670 0.0013596
5671 5670 0.0013596
5836 5670 0.0013596
5670 5671 0.0010507
6385 5671 0.0010507
7085 5671 0.0010507
3094 5680 0.00024305
5681 5680 0.00024305
5683 5680 0.00024305
1975 5683 0.00024167
3091 5683 0.00024167
5682 5683 0.00024167
5693 5683 0.00024167
1975 5692 0.0015892
3091 5692 0.0015892
5682 5692 0.0015892
5693 5692 0.0015892
2348 5738 0.00092935
5239 5738 0.00092935
5739 5738 0.00092935
5241 5739 0.0020891
5738 5739 0.0020891
7218 5739 0.0020891
5740 5741 0.00073825
7219 5741 0.00073825
4213 5742 0.0010207
5743 5742 0.0010207
5744 5742 0.0010207
4205 5743 0.00050577
5741 5743 0.00050577
5742 5743 0.00050577
1655 5744 0.0013691
5745 5744 0.0013691
5901 5744 0.0013691
5904 5744 0.0013691
4213 5745 0.00054786
5743 5745 0.00054786
5744 5745 0.00054786
1658 5746 0.0019969
5747 5746 0.0019969
5907 5746 0.0019969
5984 5746 0.0019969
1656 5747 0.0082907
5746 5747 0.0082907
5748 5747 0.0082907
5780 5779 0.00084797
5781 5779 0.00084797
5786 5779 0.00084797
981 5780 0.3793
5779 5780 0.3793
6433 5780 0.3793
6436 5780 0.3793
2632 5781 0.00043943
5782 5781 0.00043943
5883 5781 0.00043943
5886 5781 0.00043943
5780 5782 0.40396
5781 5782 0.40396
5786 5782 0.40396
4175 5783 0.0084135
4176 5783 0.0084135
5784 5783 0.0084135
5785 5783 0.0084135
5783 5784 0.0077006
5788 5784 0.0077006
5796 5784 0.0077006
5780 5785 0.0027203
5781 5785 0.0027203
5786 5785 0.0027203
4175 5786 0.027787
4176 5786 0.027787
5784 5786 0.027787
5785 5786 0.027787
5783 5787 0.0023937
5788 5787 0.0023937
5796 5787 0.0023937
5787 5788 0.019259
5914 5788 0.019259
5915 5788 0.019259
5790 5789 0.0056818
5791 5789 0.0056818
5932 5789 0.0056818
5969 5789 0.0056818
5789 5790 0.014389
5911 5790 0.014389
5913 5790 0.014389
5982 5790 0.014389
5792 5791 0.012907
5891 5791 0.012907
5894 5791 0.012907
5790 5792 0.036364
5791 5792 0.036364
5932 5792 0.036364
5969 5792 0.036364
5794 5793 0.03188
5931 5793 0.03188
5795 5794 0.0209
5887 5794 0.0209
5890 5794 0.0209
5794 5795 0.034427
5931 5795 0.034427
4172 5796 0.0037021
5797 5796 0.0037021
5783 5797 0.021281
5788 5797 0.021281
5796 5797 0.021281
3335 5822 0.0089434
5823 5822 0.0089434
5831 5822 0.0089434
6967 5822 0.0089434
5822 5823 0.01243
6963 5823 0.01243
7102 5823 0.01243
7104 5823 0.01243
5825 5824 0.00074615
5826 5824 0.00074615
5830 5824 0.00074615
5824 5825 0.014173
6964 5825 0.014173
7100 5825 0.014173
3331 5826 0.0002251
5827 5826 0.0002251
5829 5826 0.0002251
5825 5827 0.0026217
5826 5827 0.0026217
5830 5827 0.0026217
3335 5830 0.0016905
5823 5830 0.0016905
5831 5830 0.0016905
6967 5830 0.0016905
5825 5831 0.012721
5826 5831 0.012721
5830 5831 0.012721
2352 5832 0.0013364
2355 5832 0.0013364
5269 5832 0.0013364
6877 5835 0.014866
5835 5836 0.003409
5091 5837 0.0073741
5838 5837 0.0073741
3670 5852 0.00016367
3679 5852 0.00016367
5851 5852 0.00016367
5852 5854 0.00016367
5853 5854 0.00016367
569 5883 0.036667
4806 5883 0.036667
5884 5883 0.036667
2632 5884 0.00099538
5782 5884 0.00099538
5883 5884 0.00099538
5886 5884 0.00099538
2632 5885 0.00047428
5782 5885 0.00047428
5883 5885 0.00047428
5886 5885 0.00047428
4181 5886 0.55883
4182 5886 0.55883
5885 5886 0.55883
5888 5886 0.55883
4181 5887 0.0023254
4182 5887 0.0023254
5885 5887 0.0023254
5888 5887 0.0023254
5795 5888 0.36752
5887 5888 0.36752
5890 5888 0.36752
5795 5889 0.0020164
5887 5889 0.0020164
5890 5889 0.0020164
4163 5890 0.35368
4164 5890 0.35368
5889 5890 0.35368
5892 5890 0.35368
4163 5891 0.00065605
4164 5891 0.00065605
5889 5891 0.00065605
5892 5891 0.00065605
5792 5892 0.314
5891 5892 0.314
5894 5892 0.314
5792 5893 0.00054757
5891 5893 0.00054757
5894 5893 0.00054757
5893 5894 0.29044
7255 5894 0.29044
5895 5896 0.31675
7253 5896 0.31675
5897 5898 0.31219
5900 5898 0.31219
5983 5898 0.31219
5899 5900 0.30845
5902 5900 0.30845
5910 5900 0.30845
1655 5902 0.30949
5745 5902 0.30949
5901 5902 0.30949
5904 5902 0.30949
2349 5904 0.31661
5903 5904 0.31661
5986 5904 0.31661
7105 5904 0.31661
2344 5905 0.00022551
2347 5905 0.00022551
5906 5905 0.00022551
5905 5906 0.00078512
6955 5906 0.00078512
7110 5906 0.00078512
719 5907 0.00054903
5908 5907 0.00054903
7109 5907 0.00054903
1658 5908 0.00040754
5747 5908 0.00040754
5907 5908 0.00040754
5984 5908 0.00040754
5899 5909 0.0017627
5902 5909 0.0017627
5910 5909 0.0017627
4201 5910 0.00070008
4208 5910 0.00070008
4209 5910 0.00070008
5909 5910 0.00070008
5787 5913 0.0023937
5914 5913 0.0023937
5915 5913 0.0023937
5789 5914 0.019259
5911 5914 0.019259
5913 5914 0.019259
5982 5914 0.019259
5917 5918 0.00063812
5920 5918 0.00063812
5978 5918 0.00063812
5917 5919 0.0013698
5920 5919 0.0013698
5978 5919 0.0013698
4185 5921 0.00057397
4186 5921 0.00057397
5922 5921 0.00057397
5921 5922 0.0095356
5924 5922 0.0095356
5973 5922 0.0095356
5921 5923 0.00047794
5924 5923 0.00047794
5973 5923 0.00047794
4167 5924 0.010018
4168 5924 0.010018
5923 5924 0.010018
5926 5924 0.010018
4167 5925 0.0002332
4168 5925 0.0002332
5923 5925 0.0002332
5926 5925 0.0002332
5925 5926 0.0071844
5976 5926 0.0071844
5979 5926 0.0071844
4183 5927 0.0020293
4184 5927 0.0020293
5928 5927 0.0020293
5927 5928 0.029171
5930 5928 0.029171
5974 5928 0.029171
5927 5929 0.0021323
5930 5929 0.0021323
5974 5929 0.0021323
4165 5930 0.028695
4166 5930 0.028695
5929 5930 0.028695
5972 5930 0.028695
4179 5931 0.045407
4180 5931 0.045407
4170 5932 0.013457
4173 5932 0.013457
5933 5932 0.013457
5790 5933 0.022957
5791 5933 0.022957
5932 5933 0.022957
5969 5933 0.022957
3898 5934 0.66059
5581 5934 0.66059
5935 5934 0.66059
3125 5948 0.0019563
3128 5948 0.0019563
5949 5948 0.0019563
3135 5949 0.00033727
5948 5949 0.00033727
5953 5949 0.00033727
3147 5950 0.00022932
5951 5950 0.00022932
6398 5950 0.00022932
6399 5950 0.00022932
5950 5951 0.00017169
6389 5951 0.00017169
6405 5951 0.00017169
3135 5952 0.0047469
5948 5952 0.0047469
5953 5952 0.0047469
5952 5953 0.00017685
6378 5953 0.00017685
6379 5953 0.00017685
3133 5954 0.00045685
5955 5954 0.00045685
6394 5954 0.00045685
5954 5955 0.00026697
6370 5955 0.00026697
6388 5955 0.00026697
7111 5955 0.00026697
3117 5956 0.00038259
5957 5956 0.00038259
6368 5956 0.00038259
6369 5956 0.00038259
5956 5957 0.00077552
6386 5957 0.00077552
6387 5957 0.00077552
5790 5968 0.0054354
5791 5968 0.0054354
5932 5968 0.0054354
5969 5968 0.0054354
2327 5969 0.029685
4708 5969 0.029685
5968 5969 0.029685
4172 5970 0.017496
5797 5970 0.017496
4165 5971 0.00037358
4166 5971 0.00037358
5929 5971 0.00037358
5972 5971 0.00037358
2331 5972 0.026411
4196 5972 0.026411
5971 5972 0.026411
7256 5972 0.026411
5927 5973 0.0031489
5930 5973 0.0031489
5974 5973 0.0031489
5921 5974 0.0037276
5924 5974 0.0037276
5973 5974 0.0037276
5925 5975 0.00016227
5976 5975 0.00016227
5979 5975 0.00016227
2330 5976 0.0069994
2333 5976 0.0069994
5975 5976 0.0069994
2334 5978 0.0019338
2337 5978 0.0019338
5977 5978 0.0019338
7152 5978 0.0019338
4192 5979 0.00077562
5919 5979 0.00077562
5980 5979 0.00077562
5925 5980 0.00066155
5976 5980 0.00066155
5979 5980 0.00066155
5789 5981 0.0034161
5911 5981 0.0034161
5913 5981 0.0034161
5982 5981 0.0034161
3189 5982 0.028989
4707 5982 0.028989
5981 5982 0.028989
7130 5982 0.028989
1658 5983 0.0076395
5747 5983 0.0076395
5907 5983 0.0076395
5984 5983 0.0076395
5897 5984 0.0038841
5900 5984 0.0038841
5983 5984 0.0038841
2349 5985 0.000134
5903 5985 0.000134
5986 5985 0.000134
7105 5985 0.000134
3319 5986 0.31499
5985 5986 0.31499
7093 5986 0.31499
7095 5986 0.31499
3113 6105 0.00031562
3116 6105 0.00031562
6106 6105 0.00031562
3129 6107 0.001591
3132 6107 0.001591
6105 6107 0.001591
6108 6107 0.001591
6107 6109 0.0014832
6110 6109 0.0014832
6114 6109 0.0014832
3139 6111 0.00087539
3910 6111 0.00087539
6112 6111 0.00087539
6111 6112 0.00061198
6396 6112 0.00061198
6397 6112 0.00061198
6406 6112 0.00061198
6107 6113 0.00027603
6110 6113 0.00027603
6114 6113 0.00027603
3909 6114 0.0001287
6113 6114 0.0001287
6400 6114 0.0001287
6401 6114 0.0001287
2911 6129 0.00014097
2914 6129 0.00014097
6130 6129 0.00014097
2903 6130 0.00034592
6129 6130 0.00034592
6132 6130 0.00034592
2903 6131 0.00014097
6129 6131 0.00014097
6132 6131 0.00014097
2905 6132 0.00034592
6131 6132 0.00034592
6134 6132 0.00034592
2905 6133 0.0001622
6131 6133 0.0001622
6134 6133 0.0001622
2907 6134 0.00034701
6133 6134 0.00034701
6136 6134 0.00034701
2907 6135 0.00016406
6133 6135 0.00016406
6136 6135 0.00016406
2909 6136 0.000369
3899 6136 0.000369
6135 6136 0.000369
3214 6155 0.00059257
6156 6155 0.00059257
7264 6155 0.00059257
6158 6157 0.00059019
7266 6157 0.00059019
7268 6157 0.00059019
2444 6159 0.00057157
6160 6159 0.00057157
6161 6159 0.00057157
3204 6161 0.00057459
6162 6161 0.00057459
6163 6161 0.00057459
3950 6163 0.00053024
6164 6163 0.00053024
6165 6163 0.00053024
2136 6165 0.00050267
2853 6165 0.00050267
3220 6165 0.00050267
6166 6165 0.00050267
6206 6205 0.00091163
6209 6205 0.00091163
6211 6205 0.00091163
3655 6206 0.00024808
3658 6206 0.00024808
6205 6206 0.00024808
3653 6209 0.00091163
3656 6209 0.00091163
6210 6209 0.00091163
6206 6210 0.00024808
6209 6210 0.00024808
6211 6210 0.00024808
548 6225 0.0021435
6226 6225 0.0021435
6227 6225 0.0021435
6230 6225 0.0021435
3333 6226 0.015375
3336 6226 0.015375
6225 6226 0.015375
3907 6227 0.063193
4019 6227 0.063193
6228 6227 0.063193
6358 6227 0.063193
548 6228 0.0073593
6226 6228 0.0073593
6227 6228 0.0073593
6230 6228 0.0073593
548 6229 0.037001
6226 6229 0.037001
6227 6229 0.037001
6230 6229 0.037001
6229 6230 0.016439
6979 6230 0.016439
7063 6230 0.016439
4020 6231 0.0047555
6232 6231 0.0047555
6351 6231 0.0047555
6231 6232 0.064689
6234 6232 0.064689
6354 6232 0.064689
6231 6233 0.002721
6234 6233 0.002721
6354 6233 0.002721
3122 6234 0.06571
5270 6234 0.06571
6233 6234 0.06571
2071 6237 0.0007649
6238 6237 0.0007649
6239 6237 0.0007649
996 6238 0.012701
3119 6238 0.012701
4790 6238 0.012701
6237 6238 0.012701
4789 6239 0.0041772
6240 6239 0.0041772
6365 6239 0.0041772
2071 6240 0.00020898
6238 6240 0.00020898
6239 6240 0.00020898
950 6351 0.033545
6352 6351 0.033545
6353 6351 0.033545
6356 6351 0.033545
4020 6352 0.0028452
6232 6352 0.0028452
6351 6352 0.0028452
2354 6353 0.052662
2357 6353 0.052662
948 6354 0.0029928
951 6354 0.0029928
6355 6354 0.0029928
6231 6355 0.0060483
6234 6355 0.0060483
6354 6355 0.0060483
6357 6356 0.00020052
6361 6356 0.00020052
950 6357 0.025218
6352 6357 0.025218
6353 6357 0.025218
6356 6357 0.025218
995 6358 0.024269
6359 6358 0.024269
6360 6358 0.024269
3907 6359 0.008314
4019 6359 0.008314
6228 6359 0.008314
6358 6359 0.008314
6357 6360 0.022185
6361 6360 0.022185
995 6361 0.0041044
6359 6361 0.0041044
6360 6361 0.0041044
6357 6362 0.0069368
6361 6362 0.0069368
6364 6363 0.0011712
6410 6363 0.0011712
6411 6363 0.0011712
6363 6364 0.0014109
6943 6364 0.0014109
7165 6364 0.0014109
2364 6365 0.0053376
2367 6365 0.0053376
6366 6365 0.0053376
6367 6365 0.0053376
4789 6366 0.00020863
6240 6366 0.00020863
6365 6366 0.00020863
3117 6367 0.0056195
5957 6367 0.0056195
6368 6367 0.0056195
6369 6367 0.0056195
5954 6369 0.0052665
6370 6369 0.0052665
6388 6369 0.0052665
7111 6369 0.0052665
3140 6371 0.03187
6372 6371 0.03187
6373 6371 0.03187
6407 6371 0.03187
2078 6372 0.00040471
2358 6372 0.00040471
2361 6372 0.00040471
6371 6372 0.00040471
3143 6373 0.025396
3146 6373 0.025396
6374 6373 0.025396
6375 6373 0.025396
3140 6374 0.00028221
6372 6374 0.00028221
6373 6374 0.00028221
6407 6374 0.00028221
6376 6375 0.021606
6377 6375 0.021606
6417 6375 0.021606
5952 6377 0.010194
6378 6377 0.010194
6379 6377 0.010194
3127 6379 0.0057109
3130 6379 0.0057109
6380 6379 0.0057109
6381 6379 0.0057109
5952 6380 0.00015097
6378 6380 0.00015097
6379 6380 0.00015097
3111 6381 0.00073473
3114 6381 0.00073473
6382 6381 0.00073473
6383 6381 0.00073473
3127 6382 0.00013452
3130 6382 0.00013452
6380 6382 0.00013452
6381 6382 0.00013452
5956 6385 0.0020069
6386 6385 0.0020069
6387 6385 0.0020069
5954 6387 0.0023855
6370 6387 0.0023855
6388 6387 0.0023855
7111 6387 0.0023855
3118 6389 0.00032711
6390 6389 0.00032711
6391 6389 0.00032711
3908 6391 0.00030805
6392 6391 0.00030805
6393 6391 0.00030805
3133 6393 0.00027932
5955 6393 0.00027932
6394 6393 0.00027932
6111 6395 0.0019829
6396 6395 0.0019829
6397 6395 0.0019829
6406 6395 0.0019829
2362 6396 0.0001393
2365 6396 0.0001393
6395 6396 0.0001393
3147 6397 0.0013832
5951 6397 0.0013832
6398 6397 0.0013832
6399 6397 0.0013832
3909 6399 0.00080665
6113 6399 0.00080665
6400 6399 0.00080665
6401 6399 0.00080665
3131 6401 0.00067597
3134 6401 0.00067597
6402 6401 0.00067597
6403 6401 0.00067597
3115 6403 0.00016133
5959 6403 0.00016133
6404 6403 0.00016133
5950 6406 0.00032388
6389 6406 0.00032388
6405 6406 0.00032388
4788 6407 0.0057722
6408 6407 0.0057722
6409 6407 0.0057722
3140 6408 0.0010399
6372 6408 0.0010399
6373 6408 0.0010399
6407 6408 0.0010399
6364 6409 0.004077
6410 6409 0.004077
6411 6409 0.004077
4788 6410 0.00062721
6408 6410 0.00062721
6409 6410 0.00062721
5834 6411 0.0035063
6412 6411 0.0035063
6413 6411 0.0035063
6364 6412 0.00029623
6410 6412 0.00029623
6411 6412 0.00029623
3142 6413 0.0035063
6414 6413 0.0035063
6415 6413 0.0035063
5834 6414 0.00029623
6412 6414 0.00029623
6413 6414 0.00029623
6416 6415 0.0093299
6418 6415 0.0093299
6419 6415 0.0093299
3142 6416 0.00024197
6414 6416 0.00024197
6415 6416 0.00024197
6416 6417 0.011653
6418 6417 0.011653
6419 6417 0.011653
6376 6418 0.00019782
6377 6418 0.00019782
6417 6418 0.00019782
3304 6419 0.020642
6420 6419 0.020642
6421 6419 0.020642
3138 6421 0.019255
5832 6421 0.019255
6422 6421 0.019255
3304 6422 0.0029098
6420 6422 0.0029098
6421 6422 0.0029098
4805 6432 0.00089516
6431 6432 0.00089516
6434 6432 0.00089516
4805 6433 0.001008
6431 6433 0.001008
6434 6433 0.001008
981 6434 0.03668
5779 6434 0.03668
6433 6434 0.03668
6436 6434 0.03668
981 6435 0.00092884
5779 6435 0.00092884
6433 6435 0.00092884
6436 6435 0.00092884
568 6436 0.40642
4174 6436 0.40642
6435 6436 0.40642
2883 6446 0.00016291
6445 6446 0.00016291
6448 6446 0.00016291
523 6448 0.00022261
564 6448 0.00022261
6447 6448 0.00022261
4191 6468 0.0024649
4666 6468 0.0024649
6469 6468 0.0024649
2336 6469 0.0049481
2339 6469 0.0049481
4709 6469 0.0049481
3680 6478 0.00077937
3681 6478 0.00077937
3689 6478 0.00077937
6479 6478 0.00077937
6150 6617 0.0010785
6616 6617 0.0010785
6619 6617 0.0010785
6152 6619 0.0010682
6618 6619 0.0010682
6621 6619 0.0010682
5718 6621 0.0010968
6620 6621 0.0010968
6623 6621 0.0010968
6622 6623 0.0010967
7229 6623 0.0010967
946 6706 0.00073247
6707 6706 0.00073247
5776 6716 0.0024483
6468 6716 0.0024483
4218 6725 0.00058933
6706 6725 0.00058933
6724 6725 0.00058933
4217 6726 0.00016985
6727 6726 0.00016985
6880 6737 0.013397
4662 6738 0.97413
6739 6738 0.97413
2148 6794 0.67472
6795 6794 0.67472
724 6795 0.0013444
2147 6795 0.0013444
6794 6795 0.0013444
2150 6796 0.97594
6797 6796 0.97594
2152 6823 0.020686
6824 6823 0.020686
5085 6873 0.02066
5267 6873 0.02066
6873 6874 0.02066
5090 6877 0.014866
433 6880 0.013397
5669 6880 0.013397
6903 6904 1.0001
6906 6904 1.0001
6916 6904 1.0001
6903 6905 0.18639
6906 6905 0.18639
6916 6905 0.18639
6905 6906 0.24414
6908 6906 0.24414
6910 6906 0.24414
6905 6907 0.30666
6908 6907 0.30666
6910 6907 0.30666
6907 6908 0.11756
6914 6908 0.11756
6917 6908 0.11756
6905 6909 0.068319
6908 6909 0.068319
6910 6909 0.068319
6909 6910 0.31517
6912 6910 0.31517
7072 6910 0.31517
6913 6911 1
6911 6912 1
6913 6912 1
6915 6914 0.7554
6919 6914 0.7554
7071 6914 0.7554
6907 6915 0.0022034
6914 6915 0.0022034
6917 6915 0.0022034
6907 6916 0.94589
6914 6916 0.94589
6917 6916 0.94589
6903 6917 0.0035852
6906 6917 0.0035852
6916 6917 0.0035852
3713 6920 0.037702
6921 6920 0.037702
7114 6920 0.037702
723 6921 0.057085
6920 6921 0.057085
6939 6938 0.00042306
7067 6938 0.00042306
7163 6938 0.00042306
7164 6938 0.00042306
6938 6939 0.0003384
6941 6939 0.0003384
6949 6939 0.0003384
6940 6941 0.00045246
6942 6941 0.00045246
6945 6941 0.00045246
6947 6941 0.00045246
6363 6942 0.00045246
6943 6942 0.00045246
7165 6942 0.00045246
6938 6948 0.00054908
6941 6948 0.00054908
6949 6948 0.00054908
6948 6949 0.00010146
6950 6949 0.00010146
6953 6949 0.00010146
6948 6952 0.00054908
6950 6952 0.00054908
6953 6952 0.00054908
6952 6953 0.00010146
7161 6953 0.00010146
7162 6953 0.00010146
6954 6955 0.00074435
6957 6955 0.00074435
6959 6955 0.00074435
2346 6959 0.00074435
6960 6959 0.00074435
7108 6959 0.00074435
5824 6963 0.01309
6964 6963 0.01309
7100 6963 0.01309
5822 6964 0.0055947
6963 6964 0.0055947
7102 6964 0.0055947
7104 6964 0.0055947
6965 6967 0.0015606
6968 6967 0.0015606
7101 6967 0.0015606
3335 6968 0.0052431
5823 6968 0.0052431
5831 6968 0.0052431
6967 6968 0.0052431
6969 6971 0.026249
6972 6971 0.026249
6975 6971 0.026249
7066 6971 0.026249
6971 6972 0.013197
6974 6972 0.013197
7064 6972 0.013197
6971 6973 0.053386
6974 6973 0.053386
7064 6973 0.053386
6973 6974 0.0067797
6976 6974 0.0067797
6978 6974 0.0067797
6973 6975 0.02948
6976 6975 0.02948
6978 6975 0.02948
6969 6976 0.025535
6972 6976 0.025535
6975 6976 0.025535
7066 6976 0.025535
6973 6977 0.062253
6976 6977 0.062253
6978 6977 0.062253
3320 6978 0.019592
6977 6978 0.019592
7096 6978 0.019592
6980 6979 0.029197
7065 6979 0.029197
7098 6979 0.029197
6229 6980 0.016205
6979 6980 0.016205
7063 6980 0.016205
6982 6981 0.001343
6984 6981 0.001343
6986 6981 0.001343
6981 6982 0.00030277
6990 6982 0.00030277
6982 6983 0.0010602
6984 6983 0.0010602
6986 6983 0.0010602
3318 6984 0.0024288
6983 6984 0.0024288
7092 6984 0.0024288
6982 6985 0.0014958
6984 6985 0.0014958
6986 6985 0.0014958
6985 6986 0.0011674
6988 6986 0.0011674
6989 6986 0.0011674
6985 6987 0.0021911
6988 6987 0.0021911
6989 6987 0.0021911
6987 6988 0.00082244
6992 6988 0.00082244
6994 6988 0.00082244
6981 6989 0.001343
6990 6989 0.001343
6985 6990 0.00030277
6988 6990 0.00030277
6989 6990 0.00030277
6987 6991 0.0019381
6992 6991 0.0019381
6994 6991 0.0019381
6991 6992 0.0002936
6995 6992 0.0002936
7000 6992 0.0002936
6987 6993 0.0012102
6992 6993 0.0012102
6994 6993 0.0012102
6993 6994 0.001486
6996 6994 0.001486
6998 6994 0.001486
7001 6994 0.001486
6993 6995 0.00070607
6996 6995 0.00070607
6998 6995 0.00070607
7001 6995 0.00070607
6991 6996 0.0016879
6995 6996 0.0016879
7000 6996 0.0016879
6993 6997 0.0024282
6996 6997 0.0024282
6998 6997 0.0024282
7001 6997 0.0024282
6997 6998 0.0010595
7090 6998 0.0010595
7091 6998 0.0010595
6991 6999 0.00078782
6995 6999 0.00078782
7000 6999 0.00078782
6999 7000 0.00012516
7002 7000 0.00012516
7004 7000 0.00012516
6999 7001 0.00078782
7002 7001 0.00078782
7004 7001 0.00078782
6993 7002 0.00012516
6996 7002 0.00012516
6998 7002 0.00012516
7001 7002 0.00012516
2366 7005 0.0035193
7006 7005 0.0035193
7086 7005 0.0035193
6971 7063 0.0067319
6974 7063 0.0067319
7064 7063 0.0067319
6229 7064 0.040286
6979 7064 0.040286
7063 7064 0.040286
6969 7065 0.015983
6972 7065 0.015983
6975 7065 0.015983
7066 7065 0.015983
6980 7066 0.02509
7065 7066 0.02509
7098 7066 0.02509
6909 7071 0.75536
6912 7071 0.75536
7072 7071 0.75536
6915 7072 0.0022106
6919 7072 0.0022106
7071 7072 0.0022106
1227 7076 0.00011401
7040 7076 0.00011401
7075 7076 0.00011401
7079 7076 0.00011401
2366 7085 0.00044662
7006 7085 0.00044662
7086 7085 0.00044662
5670 7086 0.0027232
6385 7086 0.0027232
7085 7086 0.0027232
2351 7088 0.0014847
4656 7088 0.0014847
7014 7088 0.0014847
7087 7088 0.0014847
6997 7089 0.0014848
7090 7089 0.0014848
7091 7089 0.0014848
3317 7090 0.0038867
5238 7090 0.0038867
7089 7090 0.0038867
3318 7091 0.0017459
6983 7091 0.0017459
7092 7091 0.0017459
6997 7092 0.0055164
7090 7092 0.0055164
7091 7092 0.0055164
547 7093 0.20373
2073 7093 0.20373
7094 7093 0.20373
3319 7094 0.00035987
5985 7094 0.00035987
7093 7094 0.00035987
7095 7094 0.00035987
3320 7095 0.13129
6977 7095 0.13129
7096 7095 0.13129
3319 7096 0.022198
5985 7096 0.022198
7093 7096 0.022198
7095 7096 0.022198
6980 7097 0.011038
7065 7097 0.011038
7098 7097 0.011038
3321 7098 0.033138
3322 7098 0.033138
7097 7098 0.033138
5824 7099 0.0019792
6964 7099 0.0019792
7100 7099 0.0019792
3325 7100 0.022901
3326 7100 0.022901
7099 7100 0.022901
5822 7101 0.0015606
6963 7101 0.0015606
7102 7101 0.0015606
7104 7101 0.0015606
6965 7102 0.0052431
6968 7102 0.0052431
7101 7102 0.0052431
5822 7103 0.016849
6963 7103 0.016849
7102 7103 0.016849
7104 7103 0.016849
3323 7104 0.0091581
3324 7104 0.0091581
7103 7104 0.0091581
2349 7106 0.0019913
5903 7106 0.0019913
5986 7106 0.0019913
7105 7106 0.0019913
6961 7108 0.0019913
7106 7108 0.0019913
7107 7108 0.0019913
5905 7109 0.00054903
6955 7109 0.00054903
7110 7109 0.00054903
719 7110 0.00040754
5908 7110 0.00040754
7109 7110 0.00040754
5837 7111 0.0073741
6927 7111 0.0073741
7069 7111 0.0073741
7112 7111 0.0073741
3713 7113 0.057751
6921 7113 0.057751
7114 7113 0.057751
2146 7114 0.039919
3712 7114 0.039919
4663 7114 0.039919
7113 7114 0.039919
2324 7130 0.050538
7131 7130 0.050538
3090 7151 0.00030633
5675 7151 0.00030633
5676 7151 0.00030633
7150 7151 0.00030633
6726 7152 0.00016985
7153 7152 0.00016985
7156 7157 0.0010967
7159 7157 0.0010967
1660 7159 0.0010967
6196 7159 0.0010967
7158 7159 0.0010967
6952 7160 0.0014353
7161 7160 0.0014353
7162 7160 0.0014353
2356 7161 0.001675
2359 7161 0.001675
6362 7161 0.001675
7160 7161 0.001675
6939 7162 0.0011321
7067 7162 0.0011321
7163 7162 0.0011321
7164 7162 0.0011321
6952 7163 0.0018194
7161 7163 0.0018194
7162 7163 0.0018194
6363 7164 0.0010638
6943 7164 0.0010638
7165 7164 0.0010638
6939 7165 0.0016665
7067 7165 0.0016665
7163 7165 0.0016665
7164 7165 0.0016665
6796 7182 0.97594
7183 7182 0.97594
7182 7184 0.97594
7185 7184 0.97594
5241 7219 0.00073825
5738 7219 0.00073825
7218 7219 0.00073825
7228 7229 0.0010967
7231 7229 0.0010967
7157 7231 0.0010967
7230 7231 0.0010967
1235 7249 0.6692
7248 7249 0.6692
7250 7249 0.6692
2752 7250 0.66922
7251 7250 0.66922
942 7253 0.31675
945 7253 0.31675
5898 7253 0.31675
7252 7253 0.31675
5893 7254 0.00054757
7255 7254 0.00054757
2329 7255 0.29044
5896 7255 0.29044
7254 7255 0.29044
7258 7255 0.29044
2328 7256 0.028819
7257 7256 0.028819
2331 7257 0.0013159
4196 7257 0.0013159
5971 7257 0.0013159
7256 7257 0.0013159
2326 7258 0.018039
7259 7258 0.018039
2329 7259 0.017388
5896 7259 0.017388
7254 7259 0.017388
7258 7259 0.017388
6157 7264 0.00059019
7265 7264 0.00059019
6159 7268 0.00057157
7269 7268 0.00057157
1127 7274 0.0015812
3095 7274 0.0015812
3098 7274 0.0015812
7184 7287 0.97594
7288 7287 0.97594
