557 558 0.0017532
6037 558 0.0017532
6465 558 0.0017532
570 569 1
6429 569 1
6432 569 1
1779 1780 0.00038317
3663 1780 0.00038317
5769 1780 0.00038317
571 1782 0.00038317
1780 1782 0.00038317
1781 1782 0.00038317
1782 1804 0.00033232
1783 1804 0.00033232
1803 1804 0.00033232
2632 2633 0.99754
5782 2633 0.99754
5883 2633 0.99754
5886 2633 0.99754
6716 2634 0.0024561
2634 2635 0.0013704
2636 2635 0.0013704
2633 2636 0.030625
2635 2636 0.030625
2644 2636 0.030625
2640 2637 0.56613
4087 2637 0.56613
5732 2637 0.56613
2637 2638 1.0002
2641 2638 1.0002
2638 2639 0.00018873
4085 2640 0.56613
4085 2641 0.43406
2639 2642 0.0319
2645 2642 0.0319
2633 2643 0.96861
2635 2643 0.96861
2644 2643 0.96861
2642 2644 0.00032219
2643 2644 0.00032219
2634 2645 0.031711
2636 2645 0.031711
3664 2749 0.001836
6466 2749 0.001836
3664 3663 0.0586
6466 3663 0.0586
5770 4085 1.0002
5772 4085 1.0002
4162 4163 0.00016474
4171 4163 0.00016474
5793 4163 0.00016474
4163 4165 0.00030319
4164 4165 0.00030319
5889 4165 0.00030319
5892 4165 0.00030319
4165 4167 0.00020582
4166 4167 0.00020582
5929 4167 0.00020582
5972 4167 0.00020582
568 4175 0.00020736
4174 4175 0.00020736
6435 4175 0.00020736
4175 4177 0.0002413
4176 4177 0.0002413
5784 4177 0.0002413
5785 4177 0.0002413
4177 4179 0.00025591
4178 4179 0.00025591
5970 4179 0.00025591
4181 4180 0.00028823
4182 4180 0.00028823
5885 4180 0.00028823
5888 4180 0.00028823
4179 4181 0.00022847
4180 4181 0.00022847
4183 4182 0.00012891
4184 4182 0.00012891
5928 4182 0.00012891
4181 4183 0.0022828
4182 4183 0.0022828
5885 4183 0.0022828
5888 4183 0.0022828
4183 4185 0.0021815
4184 4185 0.0021815
5928 4185 0.0021815
4185 4187 0.0023099
4186 4187 0.0023099
5922 4187 0.0023099
4187 4189 0.002385
4188 4189 0.002385
4195 4189 0.002385
4189 4191 0.002413
4190 4191 0.002413
5918 4191 0.002413
569 4805 0.0057175
4806 4805 0.0057175
5884 4805 0.0057175
558 5769 0.0021395
5766 5769 0.0021395
6474 5769 0.0021395
1779 5770 0.060435
3663 5770 0.060435
5769 5770 0.060435
6467 5772 0.93975
981 5780 0.0055408
5779 5780 0.0055408
6433 5780 0.0055408
6436 5780 0.0055408
2632 5781 0.00014158
5782 5781 0.00014158
5883 5781 0.00014158
5886 5781 0.00014158
5780 5782 0.0055827
5781 5782 0.0055827
5786 5782 0.0055827
5794 5793 0.00016017
5931 5793 0.00016017
5794 5795 0.00021402
5931 5795 0.00021402
569 5883 0.99432
4806 5883 0.99432
5884 5883 0.99432
2632 5885 0.0028083
5782 5885 0.0028083
5883 5885 0.0028083
5886 5885 0.0028083
4181 5886 0.00059745
4182 5886 0.00059745
5885 5886 0.00059745
5888 5886 0.00059745
4181 5887 0.00034964
4182 5887 0.00034964
5885 5887 0.00034964
5888 5887 0.00034964
5795 5888 0.00035249
5887 5888 0.00035249
5890 5888 0.00035249
5795 5889 0.0002901
5887 5889 0.0002901
5890 5889 0.0002901
4163 5890 0.00015775
4164 5890 0.00015775
5889 5890 0.00015775
5892 5890 0.00015775
5921 5922 0.00022141
5924 5922 0.00022141
5973 5922 0.00022141
4167 5924 0.00012343
4168 5924 0.00012343
5923 5924 0.00012343
5926 5924 0.00012343
4183 5927 0.00017584
4184 5927 0.00017584
5928 5927 0.00017584
5927 5928 0.00013972
5930 5928 0.00013972
5974 5928 0.00013972
4165 5930 0.00015223
4166 5930 0.00015223
5929 5930 0.00015223
5972 5930 0.00015223
4179 5931 0.00029536
4180 5931 0.00029536
5927 5973 0.00013713
5930 5973 0.00013713
5974 5973 0.00013713
4805 6433 0.0057041
6431 6433 0.0057041
6434 6433 0.0057041
981 6435 0.00021064
5779 6435 0.00021064
6433 6435 0.00021064
6436 6435 0.00021064
2749 6465 0.0018337
4599 6465 0.0018337
6467 6466 0.060436
2642 6467 1.0002
2643 6467 1.0002
4191 6468 0.0024588
4666 6468 0.0024588
6469 6468 0.0024588
1804 6474 0.00033232
2284 6474 0.00033232
6475 6474 0.00033232
5776 6716 0.0024561
6468 6716 0.0024561
2638 6717 1
