98 97 0.00025184
3704 97 0.00025184
3705 97 0.00025184
134 133 0.00085886
3708 133 0.00085886
3709 133 0.00085886
133 134 0.0026083
3052 134 0.0026083
310 309 0.073565
2653 309 0.073565
2655 309 0.073565
309 310 0.00059261
2145 310 0.00059261
5494 310 0.00059261
97 411 0.00025184
412 411 0.00025184
6566 411 0.00025184
414 416 0.00039177
415 416 0.00039177
417 416 0.00039177
402 417 0.0003639
403 417 0.0003639
418 417 0.0003639
419 417 0.0003639
116 419 0.0004036
420 419 0.0004036
421 419 0.0004036
1584 419 0.0004036
114 421 0.00041881
422 421 0.00041881
423 421 0.00041881
6550 421 0.00041881
112 423 0.00043341
424 423 0.00043341
425 423 0.00043341
6552 423 0.00043341
426 425 0.00045937
3720 425 0.00045937
3721 425 0.00045937
4661 425 0.00045937
428 427 0.0009762
429 427 0.0009762
3089 427 0.0009762
5680 427 0.0009762
427 428 0.0019255
431 428 0.0019255
3097 428 0.0019255
2279 431 0.054195
5674 431 0.054195
7273 431 0.054195
427 432 0.05386
431 432 0.05386
3097 432 0.05386
6878 434 0.00047367
5260 723 0.0037993
723 724 0.033103
6920 724 0.033103
948 950 0.00015969
951 950 0.00015969
6355 950 0.00015969
950 951 0.0010809
6352 951 0.0010809
6353 951 0.0010809
6356 951 0.0010809
995 994 0.00027192
6359 994 0.00027192
6360 994 0.00027192
994 995 0.00041215
997 995 0.00041215
2076 995 0.00041215
2077 995 0.00041215
994 996 0.00066838
997 996 0.00066838
2076 996 0.00066838
2077 996 0.00066838
996 997 0.00033777
3119 997 0.00033777
4790 997 0.00033777
6237 997 0.00033777
434 1126 0.055194
5089 1126 0.055194
432 1127 0.00037814
5692 1127 0.00037814
6874 1128 0.050026
5085 1129 0.94357
5267 1129 0.94357
1528 1530 0.0063585
1531 1530 0.0063585
3303 1530 0.0063585
1530 1532 0.00014691
1533 1532 0.00014691
2850 1532 0.00014691
1542 1543 0.00011698
2809 1543 0.00011698
1568 1570 0.0013607
1571 1570 0.0013607
3699 1570 0.0013607
1572 1573 0.00018639
7223 1573 0.00018639
1574 1575 0.00018639
1577 1575 0.00018639
6571 1575 0.00018639
1576 1577 0.00011113
7149 1577 0.00011113
1660 1659 0.0012422
6196 1659 0.0012422
7158 1659 0.0012422
1659 1660 0.00046381
3213 1660 0.00046381
4560 1660 0.00046381
1662 1661 0.0056071
3657 1661 0.0056071
3660 1661 0.0056071
1661 1662 0.0036182
1664 1662 0.0036182
6204 1662 0.0036182
1661 1663 0.00085443
1664 1663 0.00085443
6204 1663 0.00085443
1663 1664 0.0014735
1666 1664 0.0014735
6183 1664 0.0014735
1663 1665 0.00040433
1666 1665 0.00040433
6183 1665 0.00040433
1665 1666 0.00025503
1668 1666 0.00025503
6198 1666 0.00025503
1665 1667 0.00024693
1668 1667 0.00024693
6198 1667 0.00024693
1670 1669 0.00033735
6171 1669 0.00033735
7226 1669 0.00033735
1669 1671 0.00033735
1672 1671 0.00033735
6169 1671 0.00033735
1671 1673 0.00061562
1674 1673 0.00061562
3202 1673 0.00061562
1673 1674 0.00053836
3205 1674 0.00053836
6167 1674 0.00053836
1676 1675 0.0026502
2854 1675 0.0026502
3661 1675 0.0026502
1675 1676 0.0054281
3203 1676 0.0054281
6201 1676 0.0054281
1678 1677 0.00023661
6202 1677 0.00023661
6203 1677 0.00023661
1677 1678 0.00016415
6197 1678 0.00016415
6199 1678 0.00016415
1826 1827 0.14688
3149 1827 0.14688
3152 1827 0.14688
1975 1976 0.057192
3091 1976 0.057192
5682 1976 0.057192
5693 1976 0.057192
2072 2071 0.00026777
2074 2071 0.00026777
2075 2071 0.00026777
3906 2071 0.00026777
2071 2072 0.00019612
6238 2072 0.00019612
6239 2072 0.00019612
994 2075 0.00035056
997 2075 0.00035056
2076 2075 0.00035056
2077 2075 0.00035056
2072 2076 0.00018842
2074 2076 0.00018842
2075 2076 0.00018842
3906 2076 0.00018842
2078 2077 0.0010426
2358 2077 0.0010426
2361 2077 0.0010426
6371 2077 0.0010426
994 2078 0.00040966
997 2078 0.00040966
2076 2078 0.00040966
2077 2078 0.00040966
2135 2134 0.0017667
2142 2134 0.0017667
2400 2134 0.0017667
2818 2134 0.0017667
2134 2135 0.60787
2137 2135 0.60787
6215 2135 0.60787
2134 2136 0.0026029
2137 2136 0.0026029
6215 2136 0.0026029
2136 2137 0.43632
2853 2137 0.43632
3220 2137 0.43632
6166 2137 0.43632
2139 2138 0.070821
2140 2138 0.070821
3613 2138 0.070821
2135 2143 0.8344
2142 2143 0.8344
2400 2143 0.8344
2818 2143 0.8344
309 2144 0.091758
2145 2144 0.091758
5494 2144 0.091758
724 2146 0.001325
2147 2146 0.001325
6794 2146 0.001325
2146 2147 0.91445
3712 2147 0.91445
4663 2147 0.91445
7113 2147 0.91445
2148 2149 0.94622
6795 2149 0.94622
2150 2151 0.94243
6797 2151 0.94243
2152 2153 0.23639
6824 2153 0.23639
2154 2155 0.1656
6809 2155 0.1656
1126 2279 0.055169
2350 2351 0.00042538
5671 2351 0.00042538
5836 2351 0.00042538
2353 2352 0.00065643
3337 2352 0.00065643
2352 2353 0.00075767
2355 2353 0.00075767
5269 2353 0.00075767
2352 2354 0.0099175
2355 2354 0.0099175
5269 2354 0.0099175
2354 2355 0.0009827
2357 2355 0.0009827
2354 2356 0.0050837
2357 2356 0.0050837
2356 2357 0.00099894
2359 2357 0.00099894
6362 2357 0.00099894
7160 2357 0.00099894
2356 2358 0.005088
2359 2358 0.005088
6362 2358 0.005088
7160 2358 0.005088
2078 2359 0.00027377
2358 2359 0.00027377
2361 2359 0.00027377
6371 2359 0.00027377
2078 2360 0.0038755
2358 2360 0.0038755
2361 2360 0.0038755
6371 2360 0.0038755
2360 2362 0.0033305
2363 2362 0.0033305
3120 2362 0.0033305
2362 2364 0.0031513
2365 2364 0.0031513
6395 2364 0.0031513
2364 2366 0.00124
2367 2366 0.00124
6366 2366 0.00124
6367 2366 0.00124
145 2375 0.00027998
2374 2375 0.00027998
2730 2375 0.00027998
2375 2377 0.00026625
2376 2377 0.00026625
2806 2377 0.00026625
2401 2400 0.026244
2402 2400 0.026244
2406 2400 0.026244
2135 2401 0.0044045
2142 2401 0.0044045
2400 2401 0.0044045
2818 2401 0.0044045
2407 2406 0.026244
2408 2406 0.026244
6214 2406 0.026244
2401 2407 0.0044045
2402 2407 0.0044045
2406 2407 0.0044045
2442 2444 0.00024176
2445 2444 0.00024176
5720 2444 0.00024176
2647 2648 0.8344
7286 2648 0.8344
2650 2649 0.074098
2651 2649 0.074098
2654 2649 0.074098
2648 2650 0.0002332
2649 2650 0.0002332
7140 2650 0.0002332
2650 2653 0.0002332
2651 2653 0.0002332
2654 2653 0.0002332
310 2654 0.074098
2653 2654 0.074098
2655 2654 0.074098
1827 2655 0.14684
2656 2655 0.14684
4672 2655 0.14684
2711 2722 0.00026626
2721 2722 0.00026626
3641 2722 0.00026626
2709 2724 0.00026626
2722 2724 0.00026626
2723 2724 0.00026626
6588 2724 0.00026626
2724 2726 0.00026626
2725 2726 0.00026626
2861 2726 0.00026626
2679 2728 0.00027032
2726 2728 0.00027032
2727 2728 0.00027032
2728 2730 0.00027798
2729 2730 0.00027798
2873 2730 0.00027798
2808 2809 0.00011698
5685 2809 0.00011698
5686 2809 0.00011698
2817 2816 0.13705
6594 2816 0.13705
2138 2817 0.0013984
2816 2817 0.0013984
2819 2817 0.0013984
2138 2818 0.2065
2816 2818 0.2065
2819 2818 0.2065
1530 2849 0.0062849
1533 2849 0.0062849
2850 2849 0.0062849
1676 2853 0.40045
2854 2853 0.40045
3661 2853 0.40045
2136 2854 0.0022512
2853 2854 0.0022512
3220 2854 0.0022512
6166 2854 0.0022512
549 2863 0.070821
2153 2863 0.070821
2864 2863 0.070821
6808 2863 0.070821
133 3051 0.00085886
3052 3051 0.00085886
3051 3052 0.0026083
3710 3052 0.0026083
3711 3052 0.0026083
3054 3053 0.00010833
3685 3053 0.00010833
3086 3085 0.00029507
5668 3085 0.00029507
5964 3085 0.00029507
3085 3087 0.00029828
3088 3087 0.00029828
5398 3087 0.00029828
3090 3089 0.0017397
5675 3089 0.0017397
5676 3089 0.0017397
7150 3089 0.0017397
428 3090 0.00040754
429 3090 0.00040754
3089 3090 0.00040754
5680 3090 0.00040754
1570 3091 0.0015458
1573 3091 0.0015458
3092 3091 0.0015458
3094 3093 0.00011698
5681 3093 0.00011698
5683 3093 0.00011698
416 3095 0.00038137
3096 3095 0.00038137
7148 3095 0.00038137
1127 3097 0.0007074
3095 3097 0.0007074
3098 3097 0.0007074
3107 3109 0.0012791
3110 3109 0.0012791
3309 3109 0.0012791
3310 3109 0.0012791
3109 3110 0.00015403
3112 3110 0.00015403
3313 3110 0.00015403
3314 3110 0.00015403
3109 3111 0.00029893
3112 3111 0.00029893
3313 3111 0.00029893
3314 3111 0.00029893
3111 3113 0.00011857
3114 3113 0.00011857
6382 3113 0.00011857
6383 3113 0.00011857
3118 3117 0.00032964
6390 3117 0.00032964
6391 3117 0.00032964
2360 3119 0.00077645
2363 3119 0.00077645
3120 3119 0.00077645
996 3120 0.00024741
3119 3120 0.00024741
4790 3120 0.00024741
6237 3120 0.00024741
3121 3122 0.00061747
3328 3122 0.00061747
3329 3122 0.00061747
3124 3123 0.0015844
3307 3123 0.0015844
3308 3123 0.0015844
3637 3123 0.0015844
3123 3124 0.0019415
3126 3124 0.0019415
3312 3124 0.0019415
3123 3125 0.0013664
3126 3125 0.0013664
3312 3125 0.0013664
3125 3126 0.00084312
3128 3126 0.00084312
5949 3126 0.00084312
3125 3127 0.00069006
3128 3127 0.00069006
5949 3127 0.00069006
3127 3128 0.00043519
3130 3128 0.00043519
6380 3128 0.00043519
6381 3128 0.00043519
3127 3129 0.00056882
3130 3129 0.00056882
6380 3129 0.00056882
6381 3129 0.00056882
3129 3131 0.00064332
3132 3131 0.00064332
6105 3131 0.00064332
6108 3131 0.00064332
3131 3133 0.00085989
3134 3133 0.00085989
6402 3133 0.00085989
6403 3133 0.00085989
3136 3135 0.00057999
3305 3135 0.00057999
3306 3135 0.00057999
3135 3136 0.00092774
5948 3136 0.00092774
5953 3136 0.00092774
3138 3137 0.006792
5832 3137 0.006792
6422 3137 0.006792
3137 3138 0.00078468
3302 3138 0.00078468
3338 3138 0.00078468
3140 3139 0.00030972
6372 3139 0.00030972
6373 3139 0.00030972
6407 3139 0.00030972
3142 3141 0.00019063
6414 3141 0.00019063
6415 3141 0.00019063
3141 3142 0.00016884
3144 3142 0.00016884
4787 3142 0.00016884
3141 3143 0.00020052
3144 3143 0.00020052
4787 3143 0.00020052
3143 3144 0.00014578
3146 3144 0.00014578
6374 3144 0.00014578
6375 3144 0.00014578
3143 3145 0.00035939
3146 3145 0.00035939
6374 3145 0.00035939
6375 3145 0.00035939
3145 3147 0.00028276
3148 3147 0.00028276
3911 3147 0.00028276
6109 3147 0.00028276
3150 3149 0.16563
4674 3149 0.16563
7178 3149 0.16563
1826 3151 0.018761
3149 3151 0.018761
3152 3151 0.018761
1675 3202 0.0003379
3203 3202 0.0003379
6201 3202 0.0003379
1671 3203 0.0005803
1674 3203 0.0005803
3202 3203 0.0005803
1673 3204 0.00061562
3205 3204 0.00061562
6167 3204 0.00061562
3204 3205 0.00053836
6162 3205 0.00053836
6163 3205 0.00053836
3207 3206 0.0011141
4559 3206 0.0011141
4562 3206 0.0011141
3206 3207 0.00035663
6192 3207 0.00035663
6193 3207 0.00035663
3209 3208 0.00062196
3211 3208 0.00062196
4561 3208 0.00062196
3208 3209 0.00020649
6188 3209 0.00020649
6189 3209 0.00020649
3209 3210 0.00085423
3211 3210 0.00085423
4561 3210 0.00085423
3210 3211 0.00041274
6184 3211 0.00041274
6185 3211 0.00041274
1659 3212 0.0020269
3213 3212 0.0020269
4560 3212 0.0020269
3212 3213 0.002863
3651 3213 0.002863
3654 3213 0.002863
3215 3214 0.00014514
5729 3214 0.00014514
6614 3214 0.00014514
3214 3215 0.00025801
6156 3215 0.00025801
7264 3215 0.00025801
3218 3219 0.00010974
5727 3219 0.00010974
5728 3219 0.00010974
3221 3220 0.0059953
6081 3220 0.0059953
6213 3220 0.0059953
6592 3220 0.0059953
2136 3221 0.036981
2853 3221 0.036981
3220 3221 0.036981
6166 3221 0.036981
3137 3303 0.0063585
3302 3303 0.0063585
3338 3303 0.0063585
3136 3304 0.0039985
3305 3304 0.0039985
3306 3304 0.0039985
3304 3305 0.0086707
6420 3305 0.0086707
6421 3305 0.0086707
3124 3306 0.0039385
3307 3306 0.0039385
3308 3306 0.0039385
3637 3306 0.0039385
3136 3307 0.0089585
3305 3307 0.0089585
3306 3307 0.0089585
3107 3308 0.00015403
3110 3308 0.00015403
3309 3308 0.00015403
3310 3308 0.00015403
3124 3309 0.0012791
3307 3309 0.0012791
3308 3309 0.0012791
3637 3309 0.0012791
3109 3312 0.0011477
3112 3312 0.0011477
3313 3312 0.0011477
3314 3312 0.0011477
3123 3313 0.00026735
3126 3313 0.00026735
3312 3313 0.00026735
2353 3328 0.00083324
3337 3328 0.00083324
3137 3337 0.00073201
3302 3337 0.00073201
3338 3337 0.00073201
3343 3338 0.0010621
3639 3338 0.0010621
3962 3338 0.0010621
1532 3340 0.00014691
2851 3340 0.00014691
3339 3340 0.00014691
3340 3341 0.00014691
3342 3341 0.00014691
3960 3341 0.00014691
600 3343 0.005938
2849 3343 0.005938
3344 3343 0.005938
3345 3343 0.005938
3343 3344 0.002249
3639 3344 0.002249
3962 3344 0.002249
600 3346 0.0026141
2849 3346 0.0026141
3344 3346 0.0026141
3345 3346 0.0026141
3347 3348 0.0021118
3354 3348 0.0021118
4683 3348 0.0021118
73 3350 0.0021118
3348 3350 0.0021118
3349 3350 0.0021118
3350 3352 0.0020006
3351 3352 0.0020006
3363 3352 0.0020006
3347 3353 0.00053743
3354 3353 0.00053743
4683 3353 0.00053743
3350 3364 0.00015062
3351 3364 0.00015062
3363 3364 0.00015062
3352 3365 0.00013415
3366 3365 0.00013415
3691 3365 0.00013415
3364 3368 0.00020248
3365 3368 0.00020248
3367 3368 0.00020248
3370 3369 0.00012382
3692 3369 0.00012382
3693 3369 0.00012382
2828 3611 0.070821
2863 3611 0.070821
3612 3611 0.070821
2830 3613 0.070821
3611 3613 0.070821
3614 3613 0.070821
3638 3637 0.006112
3640 3637 0.006112
5268 3637 0.006112
3124 3638 0.010364
3307 3638 0.010364
3308 3638 0.010364
3637 3638 0.010364
3638 3639 0.0030352
3640 3639 0.0030352
5268 3639 0.0030352
3343 3640 0.0058347
3639 3640 0.0058347
3962 3640 0.0058347
3642 3641 0.00026626
3698 3641 0.00026626
3716 3641 0.00026626
2377 3643 0.00026625
2380 3643 0.00026625
3644 3643 0.00026625
2661 3645 0.00026683
3643 3645 0.00026683
3646 3645 0.00026683
2382 3647 0.00027135
3645 3647 0.00027135
3648 3647 0.00027135
3647 3649 0.00027133
3650 3649 0.00027133
2151 3651 0.70696
3649 3651 0.70696
3652 3651 0.70696
6823 3651 0.70696
3212 3652 0.00067808
3651 3652 0.00067808
3654 3652 0.00067808
3212 3653 0.70611
3651 3653 0.70611
3654 3653 0.70611
3653 3654 0.00067067
3656 3654 0.00067067
6210 3654 0.00067067
3653 3655 0.60038
3656 3655 0.60038
6210 3655 0.60038
3655 3656 0.012627
3658 3656 0.012627
6205 3656 0.012627
3655 3657 0.70553
3658 3657 0.70553
6205 3657 0.70553
1662 3659 0.7035
3657 3659 0.7035
3660 3659 0.7035
3659 3661 0.39803
3662 3661 0.39803
6218 3661 0.39803
1676 3662 0.0026106
2854 3662 0.0026106
3661 3662 0.0026106
3368 3666 0.00027273
3369 3666 0.00027273
3665 3666 0.00027273
3666 3668 0.00030878
3667 3668 0.00030878
5843 3668 0.00030878
3668 3670 0.00011208
3669 3670 0.00011208
6478 3670 0.00011208
3674 3673 0.00012655
3696 3673 0.00012655
3697 3673 0.00012655
3670 3680 0.00015471
3679 3680 0.00015471
5851 3680 0.00015471
3680 3682 0.00043717
3681 3682 0.00043717
3689 3682 0.00043717
6479 3682 0.00043717
3053 3684 0.00048244
3682 3684 0.00048244
3683 3684 0.00048244
3684 3685 0.00010833
3686 3685 0.00010833
3687 3685 0.00010833
3684 3688 0.00051465
3686 3688 0.00051465
3687 3688 0.00051465
3352 3692 0.0019397
3366 3692 0.0019397
3691 3692 0.0019397
3370 3694 0.001844
3692 3694 0.001844
3693 3694 0.001844
3694 3696 0.0018049
3695 3696 0.0018049
6563 3696 0.0018049
3674 3698 0.0016873
3696 3698 0.0016873
3697 3698 0.0016873
781 3699 0.0013215
3700 3699 0.0013215
3701 3699 0.0013215
553 3701 0.0013439
3702 3701 0.0013439
3703 3701 0.0013439
98 3703 0.0013414
3704 3703 0.0013414
3705 3703 0.0013414
1972 3705 0.0015667
3706 3705 0.0015667
3707 3705 0.0015667
3736 3705 0.0015667
134 3707 0.0015988
3708 3707 0.0015988
3709 3707 0.0015988
1972 3708 0.0002882
3706 3708 0.0002882
3707 3708 0.0002882
3736 3708 0.0002882
3051 3709 0.0023079
3710 3709 0.0023079
3711 3709 0.0023079
134 3710 0.0027468
3708 3710 0.0027468
3709 3710 0.0027468
2146 3711 0.0047889
3712 3711 0.0047889
4663 3711 0.0047889
7113 3711 0.0047889
3051 3712 0.0034783
3710 3712 0.0034783
3711 3712 0.0034783
3688 3713 0.0019471
3714 3713 0.0019471
3715 3713 0.0019471
3713 3714 0.00010182
6921 3714 0.00010182
7114 3714 0.00010182
3642 3715 0.0014585
3698 3715 0.0014585
3716 3715 0.0014585
411 3736 0.00029701
3734 3736 0.00029701
3735 3736 0.00029701
3907 3906 0.00022713
4019 3906 0.00022713
6228 3906 0.00022713
6358 3906 0.00022713
2072 3907 0.00023559
2074 3907 0.00023559
2075 3907 0.00023559
3906 3907 0.00023559
3909 3908 0.00014996
6113 3908 0.00014996
6400 3908 0.00014996
6401 3908 0.00014996
3139 3911 0.00013912
3910 3911 0.00013912
6112 3911 0.00013912
3951 3950 0.012044
6079 3950 0.012044
6082 3950 0.012044
3950 3951 0.0028425
6164 3951 0.0028425
6165 3951 0.0028425
4685 3962 0.00017263
5086 3962 0.00017263
1129 3964 0.94216
3963 3964 0.94216
4020 4019 0.00025276
6232 4019 0.00025276
6351 4019 0.00025276
3907 4020 0.00024555
4019 4020 0.00024555
6228 4020 0.00024555
6358 4020 0.00024555
1659 4559 0.0024499
3213 4559 0.0024499
4560 4559 0.0024499
3207 4560 0.00083543
4559 4560 0.00083543
4562 4560 0.00083543
3207 4561 0.0014008
4559 4561 0.0014008
4562 4561 0.0014008
3209 4562 0.00054385
3211 4562 0.00054385
4561 4562 0.00054385
2351 4657 0.00076823
4656 4657 0.00076823
7014 4657 0.00076823
7087 4657 0.00076823
4660 4661 0.00053699
7221 4661 0.00053699
4662 4663 0.94189
6739 4663 0.94189
1312 4674 0.16564
2155 4674 0.16564
4673 4674 0.16564
3341 4683 0.0026486
3346 4683 0.0026486
4684 4683 0.0026486
777 4783 0.00043998
4784 4783 0.00043998
6149 4783 0.00043998
996 4789 0.00075053
3119 4789 0.00075053
4790 4789 0.00075053
6237 4789 0.00075053
4685 5085 0.001524
5086 5085 0.001524
5087 5086 0.0016964
5271 5086 0.0016964
1129 5087 0.0014265
3963 5087 0.0014265
5090 5089 0.05472
5091 5090 0.05474
5838 5090 0.05474
1128 5091 0.05004
5092 5091 0.05004
3121 5237 0.0002444
3328 5237 0.0002444
3329 5237 0.0002444
2149 5260 0.0037993
7287 5260 0.0037993
3638 5267 0.99207
3640 5267 0.99207
5268 5267 0.99207
3138 5268 0.98502
5832 5268 0.98502
6422 5268 0.98502
3122 5269 1.0049
5270 5269 1.0049
6233 5269 1.0049
2753 5270 0.0002814
3327 5270 0.0002814
5237 5270 0.0002814
3964 5271 0.00027012
6738 5271 0.00027012
35 5494 0.018761
5495 5494 0.018761
5496 5494 0.018761
1313 5496 0.018761
5497 5496 0.018761
5498 5496 0.018761
3151 5498 0.018761
3154 5498 0.018761
5499 5498 0.018761
5500 5498 0.018761
5666 5662 0.00047219
5667 5662 0.00047219
4657 5666 0.00076833
5663 5666 0.00076833
5665 5666 0.00076833
5666 5668 0.00029845
5667 5668 0.00029845
5670 5671 0.00042201
6385 5671 0.00042201
7085 5671 0.00042201
3090 5674 0.00046511
5675 5674 0.00046511
5676 5674 0.00046511
7150 5674 0.00046511
2279 5675 0.0015011
5674 5675 0.0015011
7273 5675 0.0015011
428 5681 0.0023776
429 5681 0.0023776
3089 5681 0.0023776
5680 5681 0.0023776
3094 5682 0.0023253
5681 5682 0.0023253
5683 5682 0.0023253
1975 5683 0.00016048
3091 5683 0.00016048
5682 5683 0.00016048
5693 5683 0.00016048
3093 5685 0.00011698
5684 5685 0.00011698
432 5693 0.053485
5692 5693 0.053485
5704 5706 0.00010245
5707 5706 0.00010245
5731 5706 0.00010245
6600 5706 0.00010245
4718 5708 0.00010275
4719 5708 0.00010275
5706 5708 0.00010275
5709 5708 0.00010275
2746 5710 0.0001173
5708 5710 0.0001173
5711 5710 0.0001173
6604 5710 0.0001173
3216 5720 0.00014768
5721 5720 0.00014768
5722 5720 0.00014768
3218 5726 0.00012954
5727 5726 0.00012954
5728 5726 0.00012954
3215 5728 0.00022945
5729 5728 0.00022945
6614 5728 0.00022945
2352 5832 0.99589
2355 5832 0.99589
5269 5832 0.99589
5837 5838 0.0047686
6927 5838 0.0047686
7069 5838 0.0047686
7112 5838 0.0047686
3125 5948 0.00076364
3128 5948 0.00076364
5949 5948 0.00076364
3135 5949 0.00049522
5948 5949 0.00049522
5953 5949 0.00049522
3147 5950 0.00025645
5951 5950 0.00025645
6398 5950 0.00025645
6399 5950 0.00025645
3135 5952 0.00024779
5948 5952 0.00024779
5953 5952 0.00024779
5952 5953 0.00032711
6378 5953 0.00032711
6379 5953 0.00032711
3133 5954 0.0010433
5955 5954 0.0010433
6394 5954 0.0010433
3117 5956 0.00044275
5957 5956 0.00044275
6368 5956 0.00044275
6369 5956 0.00044275
5956 5957 0.00029188
6386 5957 0.00029188
6387 5957 0.00029188
1729 6075 0.00010887
4756 6075 0.00010887
6076 6075 0.00010887
4747 6077 0.00010887
6075 6077 0.00010887
6078 6077 0.00010887
2865 6079 0.00015699
6077 6079 0.00015699
6080 6079 0.00015699
3951 6080 0.00010213
6079 6080 0.00010213
6082 6080 0.00010213
3951 6081 0.0028632
6079 6081 0.0028632
6082 6081 0.0028632
3221 6082 0.01201
6081 6082 0.01201
6213 6082 0.01201
6592 6082 0.01201
6107 6108 0.00012031
6110 6108 0.00012031
6114 6108 0.00012031
3145 6110 0.00017064
3148 6110 0.00017064
3911 6110 0.00017064
6109 6110 0.00017064
3139 6111 0.00021774
3910 6111 0.00021774
6112 6111 0.00021774
6150 6149 0.00043871
6616 6149 0.00043871
6619 6149 0.00043871
6152 6151 0.00098592
6618 6151 0.00098592
6621 6151 0.00098592
1685 6153 0.0014145
4783 6153 0.0014145
6151 6153 0.0014145
6154 6153 0.0014145
1976 6156 0.055753
6155 6156 0.055753
6617 6156 0.055753
6157 6158 0.05564
7265 6158 0.05564
6159 6160 0.057049
7269 6160 0.057049
2444 6162 0.057225
6160 6162 0.057225
6161 6162 0.057225
3950 6163 0.00026247
6164 6163 0.00026247
6165 6163 0.00026247
3204 6164 0.057563
6162 6164 0.057563
6163 6164 0.057563
2136 6165 0.0011908
2853 6165 0.0011908
3220 6165 0.0011908
6166 6165 0.0011908
3950 6166 0.067693
6164 6166 0.067693
6165 6166 0.067693
3200 6171 0.00011078
6172 6171 0.00011078
6173 6171 0.00011078
3210 6183 0.0012949
6184 6183 0.0012949
6185 6183 0.0012949
1663 6184 0.00052655
1666 6184 0.00052655
6183 6184 0.00052655
3201 6185 0.00068506
6186 6185 0.00068506
6187 6185 0.00068506
3210 6186 0.00035819
6184 6186 0.00035819
6185 6186 0.00035819
3208 6187 0.00071313
6188 6187 0.00071313
6189 6187 0.00071313
3201 6188 0.00033319
6186 6188 0.00033319
6187 6188 0.00033319
6176 6189 0.00047916
6190 6189 0.00047916
6191 6189 0.00047916
3208 6190 0.00051469
6188 6190 0.00051469
6189 6190 0.00051469
3206 6191 0.00052023
6192 6191 0.00052023
6193 6191 0.00052023
6176 6192 0.00050236
6190 6192 0.00050236
6191 6192 0.00050236
1680 6193 0.00045355
6194 6193 0.00045355
6195 6193 0.00045355
3206 6194 0.0011932
6192 6194 0.0011932
6193 6194 0.0011932
1660 6195 0.000461
6196 6195 0.000461
7158 6195 0.000461
1680 6196 0.0012092
6194 6196 0.0012092
6195 6196 0.0012092
1665 6197 0.00016415
1668 6197 0.00016415
6198 6197 0.00016415
1677 6198 0.00023661
6197 6198 0.00023661
6199 6198 0.00023661
1678 6201 0.0048937
6202 6201 0.0048937
6203 6201 0.0048937
1675 6202 0.0023582
3203 6202 0.0023582
6201 6202 0.0023582
1661 6203 0.0049254
1664 6203 0.0049254
6204 6203 0.0049254
1678 6204 0.0023174
6202 6204 0.0023174
6203 6204 0.0023174
6206 6205 0.12085
6209 6205 0.12085
6211 6205 0.12085
3655 6206 0.0031562
3658 6206 0.0031562
6205 6206 0.0031562
3653 6209 0.12085
3656 6209 0.12085
6210 6209 0.12085
6206 6210 0.0031562
6209 6210 0.0031562
6211 6210 0.0031562
2407 6213 0.0044045
2408 6213 0.0044045
6214 6213 0.0044045
3221 6214 0.026244
6081 6214 0.026244
6213 6214 0.026244
6592 6214 0.026244
6216 6215 0.17616
6217 6215 0.17616
6595 6215 0.17616
2134 6216 0.003777
2137 6216 0.003777
6215 6216 0.003777
3659 6217 0.30822
3662 6217 0.30822
6218 6217 0.30822
6216 6218 0.00018355
6217 6218 0.00018355
6595 6218 0.00018355
4020 6231 0.0031636
6232 6231 0.0031636
6351 6231 0.0031636
6231 6233 0.0040683
6234 6233 0.0040683
6354 6233 0.0040683
2071 6237 0.00014301
6238 6237 0.00014301
6239 6237 0.00014301
996 6238 0.00031481
3119 6238 0.00031481
4790 6238 0.00031481
6237 6238 0.00031481
2071 6240 0.00032317
6238 6240 0.00032317
6239 6240 0.00032317
950 6351 0.0031667
6352 6351 0.0031667
6353 6351 0.0031667
6356 6351 0.0031667
2354 6353 0.0048501
2357 6353 0.0048501
948 6354 0.0010809
951 6354 0.0010809
6355 6354 0.0010809
6231 6355 0.00015969
6234 6355 0.00015969
6354 6355 0.00015969
950 6357 0.00080895
6352 6357 0.00080895
6353 6357 0.00080895
6356 6357 0.00080895
995 6358 0.00021495
6359 6358 0.00021495
6360 6358 0.00021495
3907 6359 0.00022328
4019 6359 0.00022328
6228 6359 0.00022328
6358 6359 0.00022328
6357 6360 0.00031635
6361 6360 0.00031635
995 6361 0.00046491
6359 6361 0.00046491
6360 6361 0.00046491
6357 6362 0.00093958
6361 6362 0.00093958
6363 6364 0.00027434
6943 6364 0.00027434
7165 6364 0.00027434
4789 6366 0.0010165
6240 6366 0.0010165
6365 6366 0.0010165
2364 6368 0.0028999
2367 6368 0.0028999
6366 6368 0.0028999
6367 6368 0.0028999
3117 6370 0.0030575
5957 6370 0.0030575
6368 6370 0.0030575
6369 6370 0.0030575
3140 6371 0.00026068
6372 6371 0.00026068
6373 6371 0.00026068
6407 6371 0.00026068
2078 6372 0.00062122
2358 6372 0.00062122
2361 6372 0.00062122
6371 6372 0.00062122
3143 6373 0.00018695
3146 6373 0.00018695
6374 6373 0.00018695
6375 6373 0.00018695
3140 6374 0.00040845
6372 6374 0.00040845
6373 6374 0.00040845
6407 6374 0.00040845
6376 6375 0.00031201
6377 6375 0.00031201
6417 6375 0.00031201
3143 6376 0.00025721
3146 6376 0.00025721
6374 6376 0.00025721
6375 6376 0.00025721
5952 6377 0.000232
6378 6377 0.000232
6379 6377 0.000232
6376 6378 0.00040528
6377 6378 0.00040528
6417 6378 0.00040528
3127 6379 0.00027128
3130 6379 0.00027128
6380 6379 0.00027128
6381 6379 0.00027128
5952 6380 0.00036523
6378 6380 0.00036523
6379 6380 0.00036523
3111 6381 0.00023182
3114 6381 0.00023182
6382 6381 0.00023182
6383 6381 0.00023182
5670 6386 0.00054465
6385 6386 0.00054465
7085 6386 0.00054465
5954 6387 0.00021857
6370 6387 0.00021857
6388 6387 0.00021857
7111 6387 0.00021857
5956 6388 0.00085486
6386 6388 0.00085486
6387 6388 0.00085486
5950 6390 0.00035822
6389 6390 0.00035822
6405 6390 0.00035822
3118 6392 0.00013222
6390 6392 0.00013222
6391 6392 0.00013222
3908 6394 0.00021658
6392 6394 0.00021658
6393 6394 0.00021658
6111 6395 0.0001471
6396 6395 0.0001471
6397 6395 0.0001471
6406 6395 0.0001471
2362 6396 0.00029741
2365 6396 0.00029741
6395 6396 0.00029741
6111 6398 0.00027017
6396 6398 0.00027017
6397 6398 0.00027017
6406 6398 0.00027017
3147 6400 0.00025132
5951 6400 0.00025132
6398 6400 0.00025132
6399 6400 0.00025132
3909 6402 0.00021143
6113 6402 0.00021143
6400 6402 0.00021143
6401 6402 0.00021143
6111 6405 0.00014857
6396 6405 0.00014857
6397 6405 0.00014857
6406 6405 0.00014857
4788 6407 0.00021355
6408 6407 0.00021355
6409 6407 0.00021355
3140 6408 0.00010236
6372 6408 0.00010236
6373 6408 0.00010236
6407 6408 0.00010236
6364 6409 0.00023167
6410 6409 0.00023167
6411 6409 0.00023167
6364 6412 0.00014441
6410 6412 0.00014441
6411 6412 0.00014441
5834 6414 0.00014441
6412 6414 0.00014441
6413 6414 0.00014441
6416 6415 0.00025054
6418 6415 0.00025054
6419 6415 0.00025054
3142 6416 0.00029472
6414 6416 0.00029472
6415 6416 0.00029472
6416 6417 0.0005234
6418 6417 0.0005234
6419 6417 0.0005234
6376 6418 0.00029532
6377 6418 0.00029532
6417 6418 0.00029532
3304 6419 0.00076128
6420 6419 0.00076128
6421 6419 0.00076128
6416 6420 0.00057737
6418 6420 0.00057737
6419 6420 0.00057737
3138 6421 0.0093427
5832 6421 0.0093427
6422 6421 0.0093427
3304 6422 0.0044866
6420 6422 0.0044866
6421 6422 0.0044866
3668 6479 0.00026246
3669 6479 0.00026246
6478 6479 0.00026246
6216 6594 0.13705
6217 6594 0.13705
6595 6594 0.13705
2817 6595 0.0013984
6594 6595 0.0013984
117 6614 0.00013297
6612 6614 0.00013297
6615 6614 0.00013297
1976 6616 0.001445
6155 6616 0.001445
6617 6616 0.001445
6150 6618 0.0010162
6616 6618 0.0010162
6619 6618 0.0010162
3964 6739 0.94189
6738 6739 0.94189
724 6795 0.94622
2147 6795 0.94622
6794 6795 0.94622
6796 6797 0.94243
7183 6797 0.94243
549 6809 0.1656
2153 6809 0.1656
2864 6809 0.1656
6808 6809 0.1656
2151 6824 0.23639
3649 6824 0.23639
3652 6824 0.23639
6823 6824 0.23639
5085 6873 0.050026
5267 6873 0.050026
6873 6874 0.050026
5662 6878 0.00047367
5664 6878 0.00047367
3713 6920 0.029457
6921 6920 0.029457
7114 6920 0.029457
723 6921 0.000154
6920 6921 0.000154
6939 6938 0.00015684
7067 6938 0.00015684
7163 6938 0.00015684
7164 6938 0.00015684
6940 6941 0.00012904
6942 6941 0.00012904
6945 6941 0.00012904
6947 6941 0.00012904
6363 6942 0.00012904
6943 6942 0.00012904
7165 6942 0.00012904
6938 6948 0.00020113
6941 6948 0.00020113
6949 6948 0.00020113
6948 6952 0.00020113
6950 6952 0.00020113
6953 6952 0.00020113
2366 7005 0.00031871
7006 7005 0.00031871
7086 7005 0.00031871
2366 7085 0.00093811
7006 7085 0.00093811
7086 7085 0.00093811
3316 7087 0.00036868
7005 7087 0.00036868
7008 7087 0.00036868
7088 7087 0.00036868
5954 7112 0.0047686
6370 7112 0.0047686
6388 7112 0.0047686
7111 7112 0.0047686
3713 7113 0.0015508
6921 7113 0.0015508
7114 7113 0.0015508
2146 7114 0.029009
3712 7114 0.029009
4663 7114 0.029009
7113 7114 0.029009
2144 7138 0.091758
7139 7138 0.091758
7138 7140 0.091758
7141 7140 0.091758
416 7149 0.00011113
3096 7149 0.00011113
7148 7149 0.00011113
3087 7150 0.00029828
7151 7150 0.00029828
6952 7160 0.00026747
7161 7160 0.00026747
7162 7160 0.00026747
2356 7161 0.00047758
2359 7161 0.00047758
6362 7161 0.00047758
7160 7161 0.00047758
6939 7162 0.00012135
7067 7162 0.00012135
7163 7162 0.00012135
7164 7162 0.00012135
6952 7163 0.00050034
7161 7163 0.00050034
7162 7163 0.00050034
6939 7165 0.00038537
7067 7165 0.00038537
7163 7165 0.00038537
7164 7165 0.00038537
7182 7183 0.94243
7185 7183 0.94243
7184 7185 0.94243
7288 7185 0.94243
3353 7221 0.00053699
3355 7221 0.00053699
7220 7221 0.00053699
7222 7223 0.00018639
7225 7223 0.00018639
408 7225 0.00018639
1575 7225 0.00018639
7224 7225 0.00018639
1667 7226 0.00024693
7227 7226 0.00024693
3214 7265 0.05564
6156 7265 0.05564
7264 7265 0.05564
6153 7266 0.0014145
7267 7266 0.0014145
6158 7269 0.057049
7266 7269 0.057049
7268 7269 0.057049
2143 7286 0.8344
2404 7286 0.8344
7285 7286 0.8344
2149 7288 0.94243
7287 7288 0.94243
