557 558 0.0017504
6037 558 0.0017504
6465 558 0.0017504
1227 1226 0.65808
7040 1226 0.65808
7075 1226 0.65808
7079 1226 0.65808
1226 1227 0.0028119
1536 1227 0.0028119
4200 1227 0.0028119
1226 1537 0.66706
1536 1537 0.66706
4200 1537 0.66706
1653 1654 0.34471
7054 1654 0.34471
7076 1654 0.34471
1779 1780 0.00038307
3663 1780 0.00038307
5769 1780 0.00038307
571 1782 0.00038307
1780 1782 0.00038307
1781 1782 0.00038307
1782 1804 0.00033223
1783 1804 0.00033223
1803 1804 0.00033223
1886 2317 0.00025495
2316 2317 0.00025495
7271 2317 0.00025495
2318 2319 0.00025495
7209 2319 0.00025495
1880 2321 0.00025495
2320 2321 0.00025495
2323 2321 0.00025495
1882 2323 0.00025495
2322 2323 0.00025495
5939 2323 0.00025495
2328 2329 0.00030548
7257 2329 0.00030548
2331 2330 0.00017888
4196 2330 0.00017888
5971 2330 0.00017888
7256 2330 0.00017888
2330 2331 0.0012344
2333 2331 0.0012344
5975 2331 0.0012344
2330 2332 0.0011954
2333 2332 0.0011954
5975 2332 0.0011954
2332 2333 0.0031675
2335 2333 0.0031675
4216 2333 0.0031675
2332 2334 0.0012247
2335 2334 0.0012247
4216 2334 0.0012247
2334 2335 0.0034673
2337 2335 0.0034673
5977 2335 0.0034673
7152 2335 0.0034673
2334 2336 0.0019316
2337 2336 0.0019316
5977 2336 0.0019316
7152 2336 0.0019316
2336 2337 0.028373
2339 2337 0.028373
4709 2337 0.028373
2336 2338 0.00050377
2339 2338 0.00050377
4709 2338 0.00050377
2338 2339 0.33319
2341 2339 0.33319
4198 2339 0.33319
1654 2341 0.34455
2340 2341 0.34455
2343 2341 0.34455
1654 2342 0.00025564
2340 2342 0.00025564
2343 2342 0.00025564
2632 2633 0.0018917
5782 2633 0.0018917
5883 2633 0.0018917
5886 2633 0.0018917
6716 2634 0.99786
2634 2635 0.55675
2636 2635 0.55675
2633 2636 0.0045601
2635 2636 0.0045601
2644 2636 0.0045601
2640 2637 0.56624
4087 2637 0.56624
5732 2637 0.56624
2637 2638 1.0002
2641 2638 1.0002
2638 2639 0.00018873
4085 2640 0.56599
4085 2641 0.43394
2639 2642 0.44586
2645 2642 0.44586
2633 2643 0.55858
2635 2643 0.55858
2644 2643 0.55858
2642 2644 0.0045033
2643 2644 0.0045033
2634 2645 0.44567
2636 2645 0.44567
3664 2749 0.0018355
6466 2749 0.0018355
3615 3616 0.00025989
7263 3616 0.00025989
1777 3618 0.00025989
3617 3618 0.00025989
3620 3618 0.00025989
3619 3620 0.00025585
3622 3620 0.00025585
4035 3620 0.00025585
4078 3620 0.00025585
3621 3622 0.00023153
3624 3622 0.00023153
5872 3622 0.00023153
3623 3624 0.00022578
7129 3624 0.00022578
2317 3626 0.00025492
3625 3626 0.00025492
3628 3626 0.00025492
3664 3663 0.058585
6466 3663 0.058585
2844 4084 0.00025989
3616 4084 0.00025989
4083 4084 0.00025989
5770 4085 0.99993
5772 4085 0.99993
4084 4087 0.00025989
4086 4087 0.00025989
5987 4087 0.00025989
4155 4154 0.00025663
7132 4154 0.00025663
4162 4163 0.00015901
4171 4163 0.00015901
5793 4163 0.00015901
4165 4164 0.00062334
4166 4164 0.00062334
5929 4164 0.00062334
5972 4164 0.00062334
4163 4165 0.00014453
4164 4165 0.00014453
5889 4165 0.00014453
5892 4165 0.00014453
4167 4166 0.00058657
4168 4166 0.00058657
5923 4166 0.00058657
5926 4166 0.00058657
4165 4167 0.00045329
4166 4167 0.00045329
5929 4167 0.00045329
5972 4167 0.00045329
4169 4168 0.00042819
4193 4168 0.00042819
4194 4168 0.00042819
4167 4169 0.00050552
4168 4169 0.00050552
5923 4169 0.00050552
5926 4169 0.00050552
4162 4170 0.00010317
4171 4170 0.00010317
5793 4170 0.00010317
4181 4180 0.00022749
4182 4180 0.00022749
5885 4180 0.00022749
5888 4180 0.00022749
4183 4182 0.0012206
4184 4182 0.0012206
5928 4182 0.0012206
4185 4184 0.0010535
4186 4184 0.0010535
5922 4184 0.0010535
4183 4185 0.00038947
4184 4185 0.00038947
5928 4185 0.00038947
4187 4186 0.00089953
4188 4186 0.00089953
4195 4186 0.00089953
4185 4187 0.0014728
4186 4187 0.0014728
5922 4187 0.0014728
4189 4188 0.0009338
4190 4188 0.0009338
5918 4188 0.0009338
4187 4189 0.0026544
4188 4189 0.0026544
4195 4189 0.0026544
4191 4190 0.0013693
4666 4190 0.0013693
6469 4190 0.0013693
4189 4191 0.025927
4190 4191 0.025927
5918 4191 0.025927
4169 4192 0.00016117
4193 4192 0.00016117
4194 4192 0.00016117
4192 4193 0.0012311
5919 4193 0.0012311
5980 4193 0.0012311
4187 4194 0.00015204
4188 4194 0.00015204
4195 4194 0.00015204
4169 4195 0.0012993
4193 4195 0.0012993
4194 4195 0.0012993
2338 4200 0.011848
2341 4200 0.011848
4198 4200 0.011848
2332 4215 0.00030651
2335 4215 0.00030651
4216 4215 0.00030651
4218 4217 0.0003065
6706 4217 0.0003065
6724 4217 0.0003065
2646 4664 0.0017628
5774 4664 0.0017628
5775 4664 0.0017628
4191 4665 0.00015743
4666 4665 0.00015743
6469 4665 0.00015743
4664 4666 0.0017282
4665 4666 0.0017282
1537 4709 0.6671
4710 4709 0.6671
558 5769 0.0021367
5766 5769 0.0021367
6474 5769 0.0021367
1779 5770 0.060417
3663 5770 0.060417
5769 5770 0.060417
4664 5771 0.00019211
4665 5771 0.00019211
6467 5772 0.93951
5773 5774 0.00015183
5880 5774 0.00015183
5776 5775 0.0017528
6468 5775 0.0017528
2646 5776 0.00014052
5774 5776 0.00014052
5775 5776 0.00014052
5794 5793 0.00013899
5931 5793 0.00013899
5794 5795 0.00015623
5931 5795 0.00015623
5879 5880 0.00015183
5882 5880 0.00015183
5771 5882 0.00015183
5881 5882 0.00015183
4181 5886 0.0018746
4182 5886 0.0018746
5885 5886 0.0018746
5888 5886 0.0018746
5795 5888 0.0010054
5887 5888 0.0010054
5890 5888 0.0010054
4163 5890 0.00091829
4164 5890 0.00091829
5889 5890 0.00091829
5892 5890 0.00091829
5792 5892 0.0003373
5891 5892 0.0003373
5894 5892 0.0003373
5893 5894 0.00026852
7255 5894 0.00026852
4189 5917 0.00064639
4190 5917 0.00064639
5918 5917 0.00064639
5917 5918 0.023483
5920 5918 0.023483
5978 5918 0.023483
5917 5919 0.0023515
5920 5919 0.0023515
5978 5919 0.0023515
4192 5920 0.00071873
5919 5920 0.00071873
5980 5920 0.00071873
4185 5921 0.00023678
4186 5921 0.00023678
5922 5921 0.00023678
5921 5922 0.0014741
5924 5922 0.0014741
5973 5922 0.0014741
5921 5923 0.00021651
5924 5923 0.00021651
5973 5923 0.00021651
4167 5924 0.0014853
4168 5924 0.0014853
5923 5924 0.0014853
5926 5924 0.0014853
4167 5925 0.00026844
4168 5925 0.00026844
5923 5925 0.00026844
5926 5925 0.00026844
5925 5926 0.0017479
5976 5926 0.0017479
5979 5926 0.0017479
4183 5927 0.00029538
4184 5927 0.00029538
5928 5927 0.00029538
5927 5928 0.00077187
5930 5928 0.00077187
5974 5928 0.00077187
5927 5929 0.00029522
5930 5929 0.00029522
5974 5929 0.00029522
4165 5930 0.00074026
4166 5930 0.00074026
5929 5930 0.00074026
5972 5930 0.00074026
4179 5931 0.0002156
4180 5931 0.0002156
4227 5936 0.0002547
5937 5936 0.0002547
7073 5936 0.0002547
4154 5939 0.00025495
5938 5939 0.00025495
4165 5971 0.00015558
4166 5971 0.00015558
5929 5971 0.00015558
5972 5971 0.00015558
2331 5972 0.00094616
4196 5972 0.00094616
5971 5972 0.00094616
7256 5972 0.00094616
5927 5973 0.0003216
5930 5973 0.0003216
5974 5973 0.0003216
5921 5974 0.00035305
5924 5974 0.00035305
5973 5974 0.00035305
5925 5975 0.0010932
5976 5975 0.0010932
5979 5975 0.0010932
2330 5976 0.0020097
2333 5976 0.0020097
5975 5976 0.0020097
5917 5977 0.00077868
5920 5977 0.00077868
5978 5977 0.00077868
2334 5978 0.025248
2337 5978 0.025248
5977 5978 0.025248
7152 5978 0.025248
4192 5979 0.0014067
5919 5979 0.0014067
5980 5979 0.0014067
5925 5980 0.00084383
5976 5980 0.00084383
5979 5980 0.00084383
2749 6465 0.0018332
4599 6465 0.0018332
6467 6466 0.06042
2642 6467 0.99993
2643 6467 0.99993
4191 6468 0.99947
4666 6468 0.99947
6469 6468 0.99947
2336 6469 0.97335
2339 6469 0.97335
4709 6469 0.97335
1804 6474 0.00033223
2284 6474 0.00033223
6475 6474 0.00033223
5776 6716 0.99786
6468 6716 0.99786
2638 6717 1
4215 6724 0.00030651
6725 6724 0.00030651
4217 6726 0.0003065
6727 6726 0.0003065
7021 7020 0.13738
7023 7020 0.13738
7025 7020 0.13738
7036 7020 0.13738
7020 7021 0.11793
7032 7021 0.11793
7035 7021 0.11793
7021 7022 0.10582
7023 7022 0.10582
7025 7022 0.10582
7036 7022 0.10582
7022 7023 0.092284
7029 7023 0.092284
7031 7023 0.092284
7033 7023 0.092284
7021 7024 0.16799
7023 7024 0.16799
7025 7024 0.16799
7036 7024 0.16799
7024 7025 0.15587
7027 7025 0.15587
7077 7025 0.15587
7080 7025 0.15587
7016 7027 1
7019 7027 1
7026 7027 1
7022 7030 0.010591
7029 7030 0.010591
7031 7030 0.010591
7033 7030 0.010591
1230 7031 0.2527
7030 7031 0.2527
7078 7031 0.2527
7022 7032 0.26606
7029 7032 0.26606
7031 7032 0.26606
7033 7032 0.26606
7020 7033 0.010419
7032 7033 0.010419
7035 7033 0.010419
7020 7034 0.28526
7032 7034 0.28526
7035 7034 0.28526
7034 7035 0.01017
7037 7035 0.01017
7039 7035 0.01017
7034 7036 0.13713
7037 7036 0.13713
7039 7036 0.13713
7021 7037 0.092028
7023 7037 0.092028
7025 7037 0.092028
7036 7037 0.092028
7034 7038 0.24148
7037 7038 0.24148
7039 7038 0.24148
7038 7039 0.011495
7041 7039 0.011495
7043 7039 0.011495
7038 7040 0.24078
7041 7040 0.24078
7043 7040 0.24078
1227 7041 0.01169
7040 7041 0.01169
7075 7041 0.01169
7079 7041 0.01169
7038 7042 0.00093594
7041 7042 0.00093594
7043 7042 0.00093594
7042 7044 0.00093594
7045 7044 0.00093594
7044 7046 0.00093594
7047 7046 0.00093594
7046 7048 0.00093594
7049 7048 0.00093594
7048 7050 0.00093594
7051 7050 0.00093594
7050 7052 0.00093594
7053 7052 0.00093594
7052 7054 0.00093594
7055 7054 0.00093594
2342 7073 0.00025564
7057 7073 0.00025564
7074 7073 0.00025564
1653 7075 0.00030762
7054 7075 0.00030762
7076 7075 0.00030762
1227 7076 0.34407
7040 7076 0.34407
7075 7076 0.34407
7079 7076 0.34407
1230 7077 0.010591
7030 7077 0.010591
7078 7077 0.010591
7024 7078 0.2527
7027 7078 0.2527
7077 7078 0.2527
7080 7078 0.2527
7024 7079 0.8205
7027 7079 0.8205
7077 7079 0.8205
7080 7079 0.8205
1227 7080 0.050561
7040 7080 0.050561
7075 7080 0.050561
7079 7080 0.050561
3626 7129 0.00022578
4050 7129 0.00022578
4051 7129 0.00022578
7128 7129 0.00022578
5936 7132 0.0002547
7133 7132 0.0002547
6726 7152 0.0003065
7153 7152 0.0003065
1878 7209 0.00025495
2321 7209 0.00025495
7208 7209 0.00025495
2329 7255 0.00026852
5896 7255 0.00026852
7254 7255 0.00026852
7258 7255 0.00026852
2331 7257 0.00030548
4196 7257 0.00030548
5971 7257 0.00030548
7256 7257 0.00030548
954 7263 0.00025989
3618 7263 0.00025989
7260 7263 0.00025989
7262 7263 0.00025989
1876 7271 0.00025495
2319 7271 0.00025495
7270 7271 0.00025495
