295 296 0.00012272
297 296 0.00012272
298 297 0.00012272
1338 297 0.00012272
1403 297 0.00012272
5596 297 0.00012272
310 309 0.011517
2653 309 0.011517
2655 309 0.011517
309 310 0.24398
2145 310 0.24398
5494 310 0.24398
5462 1312 0.00014397
6768 1312 0.00014397
1316 1315 0.033377
2451 1315 0.033377
2452 1315 0.033377
1315 1316 0.0032325
2501 1316 0.0032325
2502 1316 0.0032325
1318 1317 0.009856
1432 1317 0.009856
2453 1317 0.009856
1317 1318 0.00043824
2500 1318 0.00043824
5368 1318 0.00043824
1337 1338 0.00012513
1831 1338 0.00012513
5653 1338 0.00012513
1431 1432 0.00011146
1846 1432 0.00011146
2454 1432 0.00011146
296 1822 0.00012272
299 1822 0.00012272
1823 1822 0.00012272
1826 1827 0.60507
3149 1827 0.60507
3152 1827 0.60507
1337 1830 0.0001416
1831 1830 0.0001416
5653 1830 0.0001416
1830 1831 0.00014081
3153 1831 0.00014081
3156 1831 0.00014081
5514 1831 0.00014081
1833 1832 0.0075487
1837 1832 0.0075487
5638 1832 0.0075487
5644 1832 0.0075487
1832 1833 0.015059
1839 1833 0.015059
5636 1833 0.015059
1835 1834 0.012352
5640 1834 0.012352
5642 1834 0.012352
5645 1834 0.012352
1834 1835 0.20847
2505 1835 0.20847
2506 1835 0.20847
1833 1836 0.0029855
1837 1836 0.0029855
5638 1836 0.0029855
5644 1836 0.0029855
1836 1837 0.037043
2513 1837 0.037043
2514 1837 0.037043
1832 1838 0.0018934
1839 1838 0.0018934
5636 1838 0.0018934
1838 1839 0.017665
2515 1839 0.017665
2516 1839 0.017665
1841 1840 0.0015101
2479 1840 0.0015101
2480 1840 0.0015101
1840 1841 0.00053222
2482 1841 0.00053222
5620 1841 0.00053222
309 2144 0.16265
2145 2144 0.16265
5494 2144 0.16265
2449 2448 0.42357
2450 2448 0.42357
2510 2448 0.42357
2448 2449 0.0018543
2478 2449 0.0018543
5517 2449 0.0018543
1316 2450 0.0032383
2451 2450 0.0032383
2452 2450 0.0032383
2449 2451 0.042784
2450 2451 0.042784
2510 2451 0.042784
1318 2452 0.00053551
1432 2452 0.00053551
2453 2452 0.00053551
1316 2453 0.0099367
2451 2453 0.0099367
2452 2453 0.0099367
1841 2478 0.0020509
2479 2478 0.0020509
2480 2478 0.0020509
2448 2479 0.0020681
2478 2479 0.0020681
5517 2479 0.0020681
2481 2480 0.001562
2483 2480 0.001562
5623 2480 0.001562
1841 2481 0.00060139
2479 2481 0.00060139
2480 2481 0.00060139
2481 2482 0.00053222
2483 2482 0.00053222
5623 2482 0.00053222
1840 2483 0.0015101
2482 2483 0.0015101
5620 2483 0.0015101
2488 2489 0.00073446
5367 2489 0.00073446
5634 2489 0.00073446
2491 2490 0.00025162
2492 2490 0.00025162
5637 2490 0.00025162
2489 2491 0.01369
2490 2491 0.01369
2517 2491 0.01369
2493 2492 0.0002838
2494 2492 0.0002838
5639 2492 0.0002838
2491 2493 0.021983
2492 2493 0.021983
5637 2493 0.021983
2495 2494 0.00036908
2496 2494 0.00036908
5641 2494 0.00036908
2493 2495 0.032084
2494 2495 0.032084
5639 2495 0.032084
2497 2496 0.00011569
2498 2496 0.00011569
5647 2496 0.00011569
2495 2497 0.16485
2496 2497 0.16485
5641 2497 0.16485
2497 2499 0.17926
2498 2499 0.17926
5647 2499 0.17926
1315 2500 0.00080793
2501 2500 0.00080793
2502 2500 0.00080793
1317 2501 0.0095602
2500 2501 0.0095602
5368 2501 0.0095602
2503 2502 0.00054216
2504 2502 0.00054216
2511 2502 0.00054216
2512 2502 0.00054216
1315 2503 1.0394
2501 2503 1.0394
2502 2503 1.0394
1834 2504 0.0054165
2505 2504 0.0054165
2506 2504 0.0054165
2503 2505 0.52045
2504 2505 0.52045
2511 2505 0.52045
2512 2505 0.52045
2507 2506 0.026565
2508 2506 0.026565
5643 2506 0.026565
1834 2507 0.34547
2505 2507 0.34547
2506 2507 0.34547
2509 2508 0.0034459
5646 2508 0.0034459
5649 2508 0.0034459
2507 2509 0.417
2508 2509 0.417
5643 2509 0.417
2503 2510 0.46298
2504 2510 0.46298
2511 2510 0.46298
2512 2510 0.46298
2449 2511 0.001718
2450 2511 0.001718
2510 2511 0.001718
1836 2512 0.0021041
2513 2512 0.0021041
2514 2512 0.0021041
2503 2513 0.064706
2504 2513 0.064706
2511 2513 0.064706
2512 2513 0.064706
1838 2514 0.00095783
2515 2514 0.00095783
2516 2514 0.00095783
1836 2515 0.029502
2513 2515 0.029502
2514 2515 0.029502
2489 2516 0.00043705
2490 2516 0.00043705
2517 2516 0.00043705
1838 2517 0.01321
2515 2517 0.01321
2516 2517 0.01321
2648 2650 0.16265
2649 2650 0.16265
7140 2650 0.16265
310 2654 0.83746
2653 2654 0.83746
2655 2654 0.83746
1827 2655 0.60493
2656 2655 0.60493
4672 2655 0.60493
3150 3149 0.00014469
4674 3149 0.00014469
7178 3149 0.00014469
3151 3152 0.60492
3154 3152 0.60492
5499 3152 0.60492
5500 3152 0.60492
1830 3154 1
3153 3154 1
3156 3154 1
5514 3154 1
2499 3156 0.17926
3155 3156 0.17926
4512 3156 0.17926
1827 4671 0.00014397
2656 4671 0.00014397
4672 4671 0.00014397
1312 4674 0.00014395
2155 4674 0.00014395
4673 4674 0.00014395
1317 5367 0.00073446
2500 5367 0.00073446
5368 5367 0.00073446
35 5494 0.3951
5495 5494 0.3951
5496 5494 0.3951
1313 5496 0.3951
5497 5496 0.3951
5498 5496 0.3951
3151 5498 0.3951
3154 5498 0.3951
5499 5498 0.3951
5500 5498 0.3951
2484 5514 0.82196
5515 5514 0.82196
5516 5514 0.82196
5648 5514 0.82196
1830 5515 0.0011322
3153 5515 0.0011322
3156 5515 0.0011322
5514 5515 0.0011322
2448 5516 0.42363
2478 5516 0.42363
5517 5516 0.42363
2484 5517 0.0019238
5515 5517 0.0019238
5516 5517 0.0019238
5648 5517 0.0019238
2491 5636 0.002209
2492 5636 0.002209
5637 5636 0.002209
1832 5637 0.01047
1839 5637 0.01047
5636 5637 0.01047
2493 5638 0.0014023
2494 5638 0.0014023
5639 5638 0.0014023
1833 5639 0.011418
1837 5639 0.011418
5638 5639 0.011418
5644 5639 0.011418
2495 5640 0.0021203
2496 5640 0.0021203
5641 5640 0.0021203
1835 5641 0.13514
5640 5641 0.13514
5642 5641 0.13514
5645 5641 0.13514
2507 5642 0.020685
2508 5642 0.020685
5643 5642 0.020685
1835 5643 0.11534
5640 5643 0.11534
5642 5643 0.11534
5645 5643 0.11534
1835 5644 0.01202
5640 5644 0.01202
5642 5644 0.01202
5645 5644 0.01202
1833 5645 0.043572
1837 5645 0.043572
5638 5645 0.043572
5644 5645 0.043572
2497 5646 0.029001
2498 5646 0.029001
5647 5646 0.029001
2509 5647 0.043433
5646 5647 0.043433
5649 5647 0.043433
2509 5648 0.40477
5646 5648 0.40477
5649 5648 0.40477
2484 5649 0.0056454
5515 5649 0.0056454
5516 5649 0.0056454
5648 5649 0.0056454
1822 5653 0.00012272
5650 5653 0.00012272
5652 5653 0.00012272
6769 6768 0.00014397
7281 6768 0.00014397
2144 7138 0.16265
7139 7138 0.16265
7138 7140 0.16265
7141 7140 0.16265
4671 7281 0.00014397
7282 7281 0.00014397
