958 959 0.00010255
1681 959 0.00010255
4810 959 0.00010255
6181 959 0.00010255
1660 1659 0.0025519
6196 1659 0.0025519
7158 1659 0.0025519
1662 1661 0.0028914
3657 1661 0.0028914
3660 1661 0.0028914
1661 1662 0.023114
1664 1662 0.023114
6204 1662 0.023114
1661 1663 0.0035099
1664 1663 0.0035099
6204 1663 0.0035099
1663 1664 0.0086453
1666 1664 0.0086453
6183 1664 0.0086453
1665 1666 0.011179
1668 1666 0.011179
6198 1666 0.011179
1667 1668 0.010779
7227 1668 0.010779
1669 1670 0.015634
1672 1670 0.015634
6169 1670 0.015634
1671 1672 0.015634
1674 1672 0.015634
3202 1672 0.015634
1673 1674 0.058428
3205 1674 0.058428
6167 1674 0.058428
1676 1675 0.010475
2854 1675 0.010475
3661 1675 0.010475
1675 1676 0.03778
3203 1676 0.03778
6201 1676 0.03778
1678 1677 0.00058022
6202 1677 0.00058022
6203 1677 0.00058022
1677 1678 0.00018697
6197 1678 0.00018697
6199 1678 0.00018697
1679 1680 0.00037022
1682 1680 0.00037022
1684 1680 0.00037022
958 1682 0.00027338
1681 1682 0.00027338
4810 1682 0.00027338
6181 1682 0.00027338
959 1684 0.00010255
1683 1684 0.00010255
6177 1684 0.00010255
6179 1684 0.00010255
1723 1724 0.00020513
4749 1724 0.00020513
5714 1724 0.00020513
1725 1727 0.00050866
1728 1727 0.00050866
5712 1727 0.00050866
5715 1727 0.00050866
1727 1729 0.00058558
1730 1729 0.00058558
4758 1729 0.00058558
2135 2134 0.002717
2142 2134 0.002717
2400 2134 0.002717
2818 2134 0.002717
2134 2135 0.01217
2137 2135 0.01217
6215 2135 0.01217
2134 2136 0.005879
2137 2136 0.005879
6215 2136 0.005879
2136 2137 0.065428
2853 2137 0.065428
3220 2137 0.065428
6166 2137 0.065428
2138 2139 0.0015224
2816 2139 0.0015224
2819 2139 0.0015224
549 2152 0.0014687
2153 2152 0.0014687
2864 2152 0.0014687
6808 2152 0.0014687
2383 2382 0.0039844
2385 2382 0.0039844
2386 2382 0.0039844
2382 2383 0.00029083
3645 2383 0.00029083
3648 2383 0.00029083
2383 2384 0.00028766
2385 2384 0.00028766
2386 2384 0.00028766
2384 2385 0.0038902
6904 2385 0.0038902
2401 2400 0.0012899
2402 2400 0.0012899
2406 2400 0.0012899
2135 2401 0.0088516
2142 2401 0.0088516
2400 2401 0.0088516
2818 2401 0.0088516
2407 2406 0.0012899
2408 2406 0.0012899
6214 2406 0.0012899
2401 2407 0.0088516
2402 2407 0.0088516
2406 2407 0.0088516
2440 2442 0.00023668
2443 2442 0.00023668
5710 2442 0.00023668
5713 2442 0.00023668
2442 2443 0.001131
2445 2443 0.001131
5720 2443 0.001131
2442 2444 0.00066373
2445 2444 0.00066373
5720 2444 0.00066373
2444 2445 0.0012881
6160 2445 0.0012881
6161 2445 0.0012881
2661 2662 1
3643 2662 1
3646 2662 1
2664 2663 0.00090629
2665 2663 0.00090629
2671 2663 0.00090629
82 2664 0.41424
2662 2664 0.41424
2663 2664 0.41424
2673 2664 0.41424
2672 2671 0.00090629
2674 2671 0.00090629
2664 2672 0.41424
2665 2672 0.41424
2671 2672 0.41424
2672 2673 0.012583
2674 2673 0.012583
82 2674 0.59925
2662 2674 0.59925
2663 2674 0.59925
2673 2674 0.59925
2746 2745 0.00037772
5708 2745 0.00037772
5711 2745 0.00037772
6604 2745 0.00037772
2745 2746 0.0001125
2748 2746 0.0001125
4735 2746 0.0001125
2745 2747 0.00038343
2748 2747 0.00038343
4735 2747 0.00038343
2747 2748 0.00011287
3217 2748 0.00011287
4733 2748 0.00011287
2817 2816 0.0022154
6594 2816 0.0022154
2138 2817 0.0025855
2816 2817 0.0025855
2819 2817 0.0025855
2138 2818 0.0019886
2816 2818 0.0019886
2819 2818 0.0019886
2135 2819 0.0038793
2142 2819 0.0038793
2400 2819 0.0038793
2818 2819 0.0038793
1676 2853 0.00046755
2854 2853 0.00046755
3661 2853 0.00046755
2136 2854 0.89005
2853 2854 0.89005
3220 2854 0.89005
6166 2854 0.89005
2828 2864 0.0015224
2863 2864 0.0015224
3612 2864 0.0015224
2866 2865 0.00051814
3609 2865 0.00051814
4755 2865 0.00051814
2865 2866 0.00082668
6077 2866 0.00082668
6080 2866 0.00082668
3647 3161 0.0036025
3650 3161 0.0036025
3200 3201 0.0030766
6172 3201 0.0030766
6173 3201 0.0030766
1671 3203 0.042841
1674 3203 0.042841
3202 3203 0.042841
3204 3205 0.058428
6162 3205 0.058428
6163 3205 0.058428
3207 3206 0.00033881
4559 3206 0.00033881
4562 3206 0.00033881
3206 3207 0.0014273
6192 3207 0.0014273
6193 3207 0.0014273
3209 3208 0.00026473
3211 3208 0.00026473
4561 3208 0.00026473
3208 3209 0.0016404
6188 3209 0.0016404
6189 3209 0.0016404
3209 3210 0.0001863
3211 3210 0.0001863
4561 3210 0.0001863
3210 3211 0.0061171
6184 3211 0.0061171
6185 3211 0.0061171
1659 3212 0.01121
3213 3212 0.01121
4560 3212 0.01121
3212 3213 0.00030421
3651 3213 0.00030421
3654 3213 0.00030421
2747 3216 0.00040609
3217 3216 0.00040609
4733 3216 0.00040609
3216 3217 0.00013427
5721 3217 0.00013427
5722 3217 0.00013427
3221 3220 0.057598
6081 3220 0.057598
6213 3220 0.057598
6592 3220 0.057598
2136 3221 0.010537
2853 3221 0.010537
3220 3221 0.010537
6166 3221 0.010537
1724 3607 0.0002085
3608 3607 0.0002085
4753 3607 0.0002085
3607 3609 0.00031833
3610 3609 0.00031833
4757 3609 0.00031833
2866 3610 0.00025525
3609 3610 0.00025525
4755 3610 0.00025525
2830 3612 0.0015224
3611 3612 0.0015224
3614 3612 0.0015224
2139 3614 0.0015224
2140 3614 0.0015224
3613 3614 0.0015224
2382 3646 1
3645 3646 1
3648 3646 1
3647 3648 0.99631
3650 3648 0.99631
2151 3650 0.99991
3649 3650 0.99991
3652 3650 0.99991
6823 3650 0.99991
3212 3652 0.99848
3651 3652 0.99848
3654 3652 0.99848
3212 3653 0.0006422
3651 3653 0.0006422
3654 3653 0.0006422
3653 3654 0.98822
3656 3654 0.98822
6210 3654 0.98822
3653 3655 0.00083841
3656 3655 0.00083841
6210 3655 0.00083841
3655 3656 0.95607
3658 3656 0.95607
6205 3656 0.95607
3655 3657 0.00032697
3658 3657 0.00032697
6205 3657 0.00032697
1662 3658 0.9879
3657 3658 0.9879
3660 3658 0.9879
1662 3659 0.00021722
3657 3659 0.00021722
3660 3659 0.00021722
3659 3660 0.96757
3662 3660 0.96757
6218 3660 0.96757
3659 3661 0.00021191
3662 3661 0.00021191
6218 3661 0.00021191
1676 3662 0.9171
2854 3662 0.9171
3661 3662 0.9171
3951 3950 0.010349
6079 3950 0.010349
6082 3950 0.010349
3950 3951 0.049268
6164 3951 0.049268
6165 3951 0.049268
1659 4559 0.00032637
3213 4559 0.00032637
4560 4559 0.00032637
3207 4560 0.0087213
4559 4560 0.0087213
4562 4560 0.0087213
3207 4561 0.00019443
4559 4561 0.00019443
4562 4561 0.00019443
3209 4562 0.0075008
3211 4562 0.0075008
4561 4562 0.0075008
1729 4755 0.00024569
4756 4755 0.00024569
6076 4755 0.00024569
2866 4756 0.00061731
3609 4756 0.00061731
4755 4756 0.00061731
1727 4757 0.00013972
1730 4757 0.00013972
4758 4757 0.00013972
3607 4758 0.00020802
3610 4758 0.00020802
4757 4758 0.00020802
4809 4810 0.00036559
6174 4810 0.00036559
6175 4810 0.00036559
2746 5710 0.00016205
5708 5710 0.00016205
5711 5710 0.00016205
6604 5710 0.00016205
2440 5711 0.00042293
2443 5711 0.00042293
5710 5711 0.00042293
5713 5711 0.00042293
2440 5712 0.00069805
2443 5712 0.00069805
5710 5712 0.00069805
5713 5712 0.00069805
1725 5714 0.00022572
1728 5714 0.00022572
5712 5714 0.00022572
5715 5714 0.00022572
3216 5720 0.00043881
5721 5720 0.00043881
5722 5720 0.00043881
2442 5721 0.00016883
2445 5721 0.00016883
5720 5721 0.00016883
1729 6075 0.0010198
4756 6075 0.0010198
6076 6075 0.0010198
4747 6076 0.00013154
6075 6076 0.00013154
6078 6076 0.00013154
4747 6077 0.0010198
6075 6077 0.0010198
6078 6077 0.0010198
2865 6078 0.00013154
6077 6078 0.00013154
6080 6078 0.00013154
2865 6079 0.0014921
6077 6079 0.0014921
6080 6079 0.0014921
3951 6080 0.00091234
6079 6080 0.00091234
6082 6080 0.00091234
3951 6081 0.049353
6079 6081 0.049353
6082 6081 0.049353
3221 6082 0.0098541
6081 6082 0.0098541
6213 6082 0.0098541
6592 6082 0.0098541
6159 6160 1
7269 6160 1
2444 6162 0.99941
6160 6162 0.99941
6161 6162 0.99941
3950 6163 0.00022416
6164 6163 0.00022416
6165 6163 0.00022416
3204 6164 0.94121
6162 6164 0.94121
6163 6164 0.94121
3950 6166 0.90216
6164 6166 0.90216
6165 6166 0.90216
1670 6172 0.0048811
6171 6172 0.0048811
7226 6172 0.0048811
3200 6174 0.0018209
6172 6174 0.0018209
6173 6174 0.0018209
4809 6176 0.0014861
6174 6176 0.0014861
6175 6176 0.0014861
3210 6183 0.00052471
6184 6183 0.00052471
6185 6183 0.00052471
1663 6184 0.006535
1666 6184 0.006535
6183 6184 0.006535
3201 6185 0.001872
6186 6185 0.001872
6187 6185 0.001872
3210 6186 0.0019516
6184 6186 0.0019516
6185 6186 0.0019516
3208 6187 0.00026812
6188 6187 0.00026812
6189 6187 0.00026812
3201 6188 0.0034087
6186 6188 0.0034087
6187 6188 0.0034087
6176 6189 0.00049013
6190 6189 0.00049013
6191 6189 0.00049013
3208 6190 0.0022551
6188 6190 0.0022551
6189 6190 0.0022551
6176 6192 0.0032745
6190 6192 0.0032745
6191 6192 0.0032745
1680 6193 0.00012471
6194 6193 0.00012471
6195 6193 0.00012471
3206 6194 0.0022571
6192 6194 0.0022571
6193 6194 0.0022571
1680 6196 0.0025363
6194 6196 0.0025363
6195 6196 0.0025363
1665 6197 0.00018697
1668 6197 0.00018697
6198 6197 0.00018697
1677 6198 0.00058022
6197 6198 0.00058022
6199 6198 0.00058022
1678 6201 0.00018414
6202 6201 0.00018414
6203 6201 0.00018414
1675 6202 0.015664
3203 6202 0.015664
6201 6202 0.015664
1661 6203 0.00021913
1664 6203 0.00021913
6204 6203 0.00021913
1678 6204 0.015306
6202 6204 0.015306
6203 6204 0.015306
6206 6205 0.096073
6209 6205 0.096073
6211 6205 0.096073
3655 6206 0.12841
3658 6206 0.12841
6205 6206 0.12841
3653 6209 0.096073
3656 6209 0.096073
6210 6209 0.096073
6206 6210 0.12841
6209 6210 0.12841
6211 6210 0.12841
2407 6213 0.0088516
2408 6213 0.0088516
6214 6213 0.0088516
3221 6214 0.0012899
6081 6214 0.0012899
6213 6214 0.0012899
6592 6214 0.0012899
6216 6215 0.004103
6217 6215 0.004103
6595 6215 0.004103
2134 6216 0.054199
2137 6216 0.054199
6215 6216 0.054199
3659 6217 0.0049564
3662 6217 0.0049564
6218 6217 0.0049564
6216 6218 0.055423
6217 6218 0.055423
6595 6218 0.055423
6216 6594 0.0022154
6217 6594 0.0022154
6595 6594 0.0022154
2817 6595 0.0025855
6594 6595 0.0025855
2152 6823 0.0014687
6824 6823 0.0014687
2384 6903 0.00028766
6904 6903 0.00028766
6903 6904 0.0038902
6906 6904 0.0038902
6916 6904 0.0038902
6903 6905 0.00098865
6906 6905 0.00098865
6916 6905 0.00098865
6905 6906 0.00068072
6908 6906 0.00068072
6910 6906 0.00068072
6905 6907 0.0010754
6908 6907 0.0010754
6910 6907 0.0010754
6907 6908 0.0006074
6914 6908 0.0006074
6917 6908 0.0006074
6905 6909 0.00035715
6908 6909 0.00035715
6910 6909 0.00035715
6909 6910 0.00051725
6912 6910 0.00051725
7072 6910 0.00051725
6915 6914 0.0034653
6919 6914 0.0034653
7071 6914 0.0034653
6907 6916 0.0040095
6914 6916 0.0040095
6917 6916 0.0040095
3161 6919 0.0036025
6918 6919 0.0036025
6909 7071 0.00035715
6912 7071 0.00035715
7072 7071 0.00035715
6915 7072 0.00051725
6919 7072 0.00051725
7071 7072 0.00051725
1670 7227 0.010779
6171 7227 0.010779
7226 7227 0.010779
6158 7269 1
7266 7269 1
7268 7269 1
