80 79 0.008327
2703 79 0.008327
2707 79 0.008327
79 80 0.030466
2680 80 0.030466
2681 80 0.030466
138 137 0.39277
1558 137 0.39277
1561 137 0.39277
137 138 0.030491
2684 138 0.030491
2685 138 0.030491
142 141 0.27907
144 141 0.27907
1562 141 0.27907
1564 141 0.27907
141 142 0.038284
2686 142 0.038284
2687 142 0.038284
142 143 0.31238
144 143 0.31238
1562 143 0.31238
1564 143 0.31238
143 144 0.0012055
4551 144 0.0012055
6659 144 0.0012055
146 145 0.007929
1546 145 0.007929
1549 145 0.007929
145 146 0.02056
2374 146 0.02056
2730 146 0.02056
1001 1000 0.10389
1552 1000 0.10389
1555 1000 0.10389
1000 1001 0.014364
1548 1001 0.014364
2805 1001 0.014364
2874 1001 0.014364
1545 1544 0.01057
1551 1544 0.01057
4529 1544 0.01057
1544 1545 0.014335
1547 1545 0.014335
2807 1545 0.014335
1544 1546 0.018843
1547 1546 0.018843
2807 1546 0.018843
146 1547 0.011438
1546 1547 0.011438
1549 1547 0.011438
146 1548 0.035064
1546 1548 0.035064
1549 1548 0.035064
1000 1549 0.015028
1548 1549 0.015028
2805 1549 0.015028
2874 1549 0.015028
1545 1550 0.014335
1551 1550 0.014335
4529 1550 0.014335
1550 1551 0.01057
1553 1551 0.01057
4785 1551 0.01057
1550 1552 0.014335
1553 1552 0.014335
4785 1552 0.014335
1001 1553 0.01057
1552 1553 0.01057
1555 1553 0.01057
1001 1554 0.025186
1552 1554 0.025186
1555 1554 0.025186
1554 1555 0.11095
1557 1555 0.11095
2378 1555 0.11095
1554 1556 0.91435
1557 1556 0.91435
2378 1556 0.91435
135 1557 0.0001087
1556 1557 0.0001087
1559 1557 0.0001087
135 1558 0.91435
1556 1558 0.91435
1559 1558 0.91435
138 1559 0.0001087
1558 1559 0.0001087
1561 1559 0.0001087
138 1560 0.55286
1558 1560 0.55286
1561 1560 0.55286
139 1561 0.00090259
1560 1561 0.00090259
1563 1561 0.00090259
139 1562 0.55286
1560 1562 0.55286
1563 1562 0.55286
142 1563 0.00090259
144 1563 0.00090259
1562 1563 0.00090259
1564 1563 0.00090259
2375 2374 0.0030899
2376 2374 0.0030899
2806 2374 0.0030899
145 2375 0.01426
2374 2375 0.01426
2730 2375 0.01426
2379 2378 1
79 2679 0.011148
2680 2679 0.011148
2681 2679 0.011148
2679 2680 0.016101
2726 2680 0.016101
2727 2680 0.016101
2682 2681 0.035176
2683 2681 0.035176
2804 2681 0.035176
79 2682 0.017989
2680 2682 0.017989
2681 2682 0.017989
137 2683 0.027517
2684 2683 0.027517
2685 2683 0.027517
2682 2684 0.091138
2683 2684 0.091138
2804 2684 0.091138
141 2685 0.030743
2686 2685 0.030743
2687 2685 0.030743
137 2686 0.45664
2684 2686 0.45664
2685 2686 0.45664
2688 2687 0.028173
2701 2687 0.028173
6658 2687 0.028173
6660 2687 0.028173
141 2688 0.69486
2686 2688 0.69486
2687 2688 0.69486
2690 2689 0.0046636
2691 2689 0.0046636
3049 2689 0.0046636
2689 2690 0.53646
3063 2690 0.53646
6661 2690 0.53646
2692 2691 0.061828
2694 2691 0.061828
2695 2691 0.061828
2690 2692 0.31282
2691 2692 0.31282
3049 2692 0.31282
2692 2693 0.0044165
2694 2693 0.0044165
2695 2693 0.0044165
2693 2694 0.28522
3050 2694 0.28522
2696 2695 0.004175
2697 2695 0.004175
6585 2695 0.004175
2692 2696 0.53597
2694 2696 0.53597
2695 2696 0.53597
2698 2697 0.0044586
2700 2697 0.0044586
2696 2698 0.82833
2697 2698 0.82833
6585 2698 0.82833
2698 2699 0.15718
2700 2699 0.15718
2699 2700 0.3333
6584 2700 0.3333
6587 2700 0.3333
2702 2701 0.034956
2704 2701 0.034956
2705 2701 0.034956
2688 2702 0.012817
2701 2702 0.012817
6658 2702 0.012817
6660 2702 0.012817
2702 2703 0.0058485
2704 2703 0.0058485
2705 2703 0.0058485
80 2704 0.031071
2703 2704 0.031071
2707 2704 0.031071
2706 2705 0.0052117
2708 2705 0.0052117
2702 2706 0.0082953
2704 2706 0.0082953
2705 2706 0.0082953
2706 2707 0.0082953
2708 2707 0.0082953
80 2708 0.0052117
2703 2708 0.0052117
2707 2708 0.0052117
2728 2727 0.016101
2729 2727 0.016101
2873 2727 0.016101
2679 2728 0.011148
2726 2728 0.011148
2727 2728 0.011148
145 2729 0.0055547
2374 2729 0.0055547
2730 2729 0.0055547
2728 2730 0.029356
2729 2730 0.029356
2873 2730 0.029356
1000 2804 0.093021
1548 2804 0.093021
2805 2804 0.093021
2874 2804 0.093021
2682 2805 0.012213
2683 2805 0.012213
2804 2805 0.012213
1544 2806 0.0030899
1547 2806 0.0030899
2807 2806 0.0030899
2375 2807 0.01426
2376 2807 0.01426
2806 2807 0.01426
1000 2873 0.03783
1548 2873 0.03783
2805 2873 0.03783
2874 2873 0.03783
2728 2874 0.0090761
2729 2874 0.0090761
2873 2874 0.0090761
2693 3049 0.0044165
3050 3049 0.0044165
2690 3050 0.28522
2691 3050 0.28522
3049 3050 0.28522
3064 3063 0.0068965
6586 3063 0.0068965
2689 3064 0.4751
3063 3064 0.4751
6661 3064 0.4751
2696 6584 0.073954
2697 6584 0.073954
6585 6584 0.073954
2699 6585 0.36603
6584 6585 0.36603
6587 6585 0.36603
2699 6586 0.0068965
6584 6586 0.0068965
6587 6586 0.0068965
3064 6587 0.4751
6586 6587 0.4751
143 6658 0.31238
4551 6658 0.31238
6659 6658 0.31238
2688 6659 0.0012055
2701 6659 0.0012055
6658 6659 0.0012055
6660 6659 0.0012055
2689 6660 0.0003021
3063 6660 0.0003021
6661 6660 0.0003021
2688 6661 1.0003
2701 6661 1.0003
6658 6661 1.0003
6660 6661 1.0003
