548 547 0.032505
6226 547 0.032505
6227 547 0.032505
6230 547 0.032505
547 548 0.10533
2073 548 0.10533
7094 548 0.10533
948 950 0.0073734
951 950 0.0073734
6355 950 0.0073734
950 951 0.013175
6352 951 0.013175
6353 951 0.013175
6356 951 0.013175
995 994 0.028157
6359 994 0.028157
6360 994 0.028157
994 995 0.15865
997 995 0.15865
2076 995 0.15865
2077 995 0.15865
994 996 0.024588
997 996 0.024588
2076 996 0.024588
2077 996 0.024588
996 997 0.26046
3119 997 0.26046
4790 997 0.26046
6237 997 0.26046
1528 1530 0.00016038
1531 1530 0.00016038
3303 1530 0.00016038
2072 2071 0.00086821
2074 2071 0.00086821
2075 2071 0.00086821
3906 2071 0.00086821
2071 2072 0.45441
6238 2072 0.45441
6239 2072 0.45441
2072 2073 0.34716
2074 2073 0.34716
2075 2073 0.34716
3906 2073 0.34716
547 2074 0.0018957
2073 2074 0.0018957
7094 2074 0.0018957
994 2075 0.21764
997 2075 0.21764
2076 2075 0.21764
2077 2075 0.21764
2072 2076 0.036461
2074 2076 0.036461
2075 2076 0.036461
3906 2076 0.036461
2078 2077 0.12096
2358 2077 0.12096
2361 2077 0.12096
6371 2077 0.12096
994 2078 0.045163
997 2078 0.045163
2076 2078 0.045163
2077 2078 0.045163
2348 2349 0.0042884
5239 2349 0.0042884
5739 2349 0.0042884
2350 2351 0.01374
5671 2351 0.01374
5836 2351 0.01374
2352 2353 0.10844
2355 2353 0.10844
5269 2353 0.10844
2352 2354 0.0010408
2355 2354 0.0010408
5269 2354 0.0010408
2354 2355 0.10784
2357 2355 0.10784
2354 2356 0.00015371
2357 2356 0.00015371
2356 2357 0.1329
2359 2357 0.1329
6362 2357 0.1329
7160 2357 0.1329
2356 2358 0.021927
2359 2358 0.021927
6362 2358 0.021927
7160 2358 0.021927
2078 2359 0.1196
2358 2359 0.1196
2361 2359 0.1196
6371 2359 0.1196
2078 2360 0.031776
2358 2360 0.031776
2361 2360 0.031776
6371 2360 0.031776
2360 2361 0.18305
2363 2361 0.18305
3120 2361 0.18305
2360 2362 0.014532
2363 2362 0.014532
3120 2362 0.014532
2362 2363 0.25051
2365 2363 0.25051
6395 2363 0.25051
2362 2364 0.016477
2365 2364 0.016477
6395 2364 0.016477
2364 2365 0.24402
2367 2365 0.24402
6366 2365 0.24402
6367 2365 0.24402
2364 2366 0.11509
2367 2366 0.11509
6366 2366 0.11509
6367 2366 0.11509
2366 2367 0.019959
7006 2367 0.019959
7086 2367 0.019959
1530 2849 0.00015942
1533 2849 0.00015942
2850 2849 0.00015942
3118 3117 0.0019872
6390 3117 0.0019872
6391 3117 0.0019872
3117 3118 0.040997
5957 3118 0.040997
6368 3118 0.040997
6369 3118 0.040997
2360 3119 0.11966
2363 3119 0.11966
3120 3119 0.11966
996 3120 0.034964
3119 3120 0.034964
4790 3120 0.034964
6237 3120 0.034964
3122 3121 0.14709
5270 3121 0.14709
6233 3121 0.14709
3121 3122 0.00021433
3328 3122 0.00021433
3329 3122 0.00021433
3123 3124 0.0005325
3126 3124 0.0005325
3312 3124 0.0005325
3125 3126 0.00051021
3128 3126 0.00051021
5949 3126 0.00051021
3127 3128 0.00053215
3130 3128 0.00053215
6380 3128 0.00053215
6381 3128 0.00053215
3129 3130 0.00073423
3132 3130 0.00073423
6105 3130 0.00073423
6108 3130 0.00073423
3129 3131 0.00038392
3132 3131 0.00038392
6105 3131 0.00038392
6108 3131 0.00038392
3131 3132 0.00072814
3134 3132 0.00072814
6402 3132 0.00072814
6403 3132 0.00072814
3131 3133 0.0011358
3134 3133 0.0011358
6402 3133 0.0011358
6403 3133 0.0011358
3133 3134 0.00078241
5955 3134 0.00078241
6394 3134 0.00078241
3135 3136 0.00020669
5948 3136 0.00020669
5953 3136 0.00020669
3138 3137 0.0067969
5832 3137 0.0067969
6422 3137 0.0067969
3140 3139 0.0038094
6372 3139 0.0038094
6373 3139 0.0038094
6407 3139 0.0038094
3139 3140 0.021027
3910 3140 0.021027
6112 3140 0.021027
3142 3141 0.00049822
6414 3141 0.00049822
6415 3141 0.00049822
3141 3142 0.0013485
3144 3142 0.0013485
4787 3142 0.0013485
3141 3143 0.0026302
3144 3143 0.0026302
4787 3143 0.0026302
3143 3144 0.0018684
3146 3144 0.0018684
6374 3144 0.0018684
6375 3144 0.0018684
3143 3145 0.0031629
3146 3145 0.0031629
6374 3145 0.0031629
6375 3145 0.0031629
3145 3146 0.0087193
3148 3146 0.0087193
3911 3146 0.0087193
6109 3146 0.0087193
3145 3147 0.0027803
3148 3147 0.0027803
3911 3147 0.0027803
6109 3147 0.0027803
3147 3148 0.01042
5951 3148 0.01042
6398 3148 0.01042
6399 3148 0.01042
3137 3303 0.00016038
3302 3303 0.00016038
3338 3303 0.00016038
3136 3304 0.00028686
3305 3304 0.00028686
3306 3304 0.00028686
3124 3306 0.00013513
3307 3306 0.00013513
3308 3306 0.00013513
3637 3306 0.00013513
3316 3317 0.13519
7005 3317 0.13519
7008 3317 0.13519
7088 3317 0.13519
3319 3318 0.0035346
5985 3318 0.0035346
7093 3318 0.0035346
7095 3318 0.0035346
3318 3319 0.13512
6983 3319 0.13512
7092 3319 0.13512
3321 3320 0.0026224
3322 3320 0.0026224
7097 3320 0.0026224
3320 3321 0.4047
6977 3321 0.4047
7096 3321 0.4047
3323 3322 0.0016613
3324 3322 0.0016613
7103 3322 0.0016613
3321 3323 0.58699
3322 3323 0.58699
7097 3323 0.58699
3325 3324 0.0017602
3326 3324 0.0017602
7099 3324 0.0017602
3323 3325 0.78229
3324 3325 0.78229
7103 3325 0.78229
2753 3326 0.0017329
3327 3326 0.0017329
5237 3326 0.0017329
3325 3327 0.74517
3326 3327 0.74517
7099 3327 0.74517
2353 3328 0.11616
3337 3328 0.11616
3332 3331 0.017986
3334 3331 0.017986
3331 3332 0.012671
5827 3332 0.012671
5829 3332 0.012671
3332 3333 0.012671
3334 3333 0.012671
3333 3334 0.017986
3336 3334 0.017986
6225 3334 0.017986
3333 3335 0.16092
3336 3335 0.16092
6225 3335 0.16092
3335 3336 0.0081302
5823 3336 0.0081302
5831 3336 0.0081302
6967 3336 0.0081302
3137 3337 0.0077498
3302 3337 0.0077498
3338 3337 0.0077498
3343 3338 0.0011026
3639 3338 0.0011026
3962 3338 0.0011026
600 3343 0.0001625
2849 3343 0.0001625
3344 3343 0.0001625
3345 3343 0.0001625
3124 3638 0.00056983
3307 3638 0.00056983
3308 3638 0.00056983
3637 3638 0.00056983
3638 3639 0.00094318
3640 3639 0.00094318
5268 3639 0.00094318
3907 3906 0.019401
4019 3906 0.019401
6228 3906 0.019401
6358 3906 0.019401
2072 3907 0.30886
2074 3907 0.30886
2075 3907 0.30886
3906 3907 0.30886
3909 3908 0.0012164
6113 3908 0.0012164
6400 3908 0.0012164
6401 3908 0.0012164
3908 3909 0.0044366
6392 3909 0.0044366
6393 3909 0.0044366
3145 3910 0.0053939
3148 3910 0.0053939
3911 3910 0.0053939
6109 3910 0.0053939
3139 3911 0.00288
3910 3911 0.00288
6112 3911 0.00288
4020 4019 0.0068978
6232 4019 0.0068978
6351 4019 0.0068978
3907 4020 0.12989
4019 4020 0.12989
6228 4020 0.12989
6358 4020 0.12989
6737 4659 0.00064624
4788 4787 0.0025141
6408 4787 0.0025141
6409 4787 0.0025141
3141 4788 0.00090203
3144 4788 0.00090203
4787 4788 0.00090203
996 4789 0.013936
3119 4789 0.013936
4790 4789 0.013936
6237 4789 0.013936
4789 4790 0.26843
6240 4790 0.26843
6365 4790 0.26843
4659 5064 0.00064648
5065 5064 0.00064648
3121 5237 0.26304
3328 5237 0.26304
3329 5237 0.26304
2348 5238 0.00032021
5239 5238 0.00032021
5739 5238 0.00032021
3317 5239 0.0039158
5238 5239 0.0039158
7089 5239 0.0039158
5064 5241 0.00064627
5240 5241 0.00064627
3138 5268 0.00044631
5832 5268 0.00044631
6422 5268 0.00044631
3122 5269 0.0059521
5270 5269 0.0059521
6233 5269 0.0059521
2753 5270 0.0064808
3327 5270 0.0064808
5237 5270 0.0064808
2350 5669 0.0006354
5671 5669 0.0006354
5836 5669 0.0006354
2350 5670 0.00011865
5671 5670 0.00011865
5836 5670 0.00011865
5670 5671 0.014339
6385 5671 0.014339
7085 5671 0.014339
5241 5739 0.00063695
5738 5739 0.00063695
7218 5739 0.00063695
3335 5822 0.22586
5823 5822 0.22586
5831 5822 0.22586
6967 5822 0.22586
5822 5823 0.051964
6963 5823 0.051964
7102 5823 0.051964
7104 5823 0.051964
5825 5824 0.057541
5826 5824 0.057541
5830 5824 0.057541
5824 5825 0.12637
6964 5825 0.12637
7100 5825 0.12637
3331 5826 0.017986
5827 5826 0.017986
5829 5826 0.017986
5825 5827 0.012671
5826 5827 0.012671
5830 5827 0.012671
3335 5830 0.054055
5823 5830 0.054055
5831 5830 0.054055
6967 5830 0.054055
5825 5831 0.1282
5826 5831 0.1282
5830 5831 0.1282
2352 5832 0.0043461
2355 5832 0.0043461
5269 5832 0.0043461
3147 5950 0.003002
5951 5950 0.003002
6398 5950 0.003002
6399 5950 0.003002
5950 5951 0.015611
6389 5951 0.015611
6405 5951 0.015611
5952 5953 0.00020845
6378 5953 0.00020845
6379 5953 0.00020845
3133 5954 0.0072286
5955 5954 0.0072286
6394 5954 0.0072286
5954 5955 0.00013127
6370 5955 0.00013127
6388 5955 0.00013127
7111 5955 0.00013127
3117 5956 0.04112
5957 5956 0.04112
6368 5956 0.04112
6369 5956 0.04112
5956 5957 0.00099224
6386 5957 0.00099224
6387 5957 0.00099224
2349 5985 0.0043361
5903 5985 0.0043361
5986 5985 0.0043361
7105 5985 0.0043361
3319 5986 0.00010352
5985 5986 0.00010352
7093 5986 0.00010352
7095 5986 0.00010352
3129 6106 0.0001375
3132 6106 0.0001375
6105 6106 0.0001375
6108 6106 0.0001375
3129 6107 0.00026174
3132 6107 0.00026174
6105 6107 0.00026174
6108 6107 0.00026174
6107 6108 0.00064424
6110 6108 0.00064424
6114 6108 0.00064424
6107 6109 0.0014979
6110 6109 0.0014979
6114 6109 0.0014979
3145 6110 0.0010671
3148 6110 0.0010671
3911 6110 0.0010671
6109 6110 0.0010671
3139 6111 0.0039806
3910 6111 0.0039806
6112 6111 0.0039806
6111 6112 0.018685
6396 6112 0.018685
6397 6112 0.018685
6406 6112 0.018685
6107 6113 0.0008559
6110 6113 0.0008559
6114 6113 0.0008559
3909 6114 0.0016692
6113 6114 0.0016692
6400 6114 0.0016692
6401 6114 0.0016692
548 6225 0.16677
6226 6225 0.16677
6227 6225 0.16677
6230 6225 0.16677
3333 6226 0.0086589
3336 6226 0.0086589
6225 6226 0.0086589
3907 6227 0.27983
4019 6227 0.27983
6228 6227 0.27983
6358 6227 0.27983
548 6228 0.017473
6226 6228 0.017473
6227 6228 0.017473
6230 6228 0.017473
548 6229 0.20302
6226 6229 0.20302
6227 6229 0.20302
6230 6229 0.20302
6229 6230 0.02595
6979 6230 0.02595
7063 6230 0.02595
4020 6231 0.14167
6232 6231 0.14167
6351 6231 0.14167
6231 6232 0.0011197
6234 6232 0.0011197
6354 6232 0.0011197
6231 6233 0.14681
6234 6233 0.14681
6354 6233 0.14681
3122 6234 0.00045547
5270 6234 0.00045547
6233 6234 0.00045547
2071 6237 0.040474
6238 6237 0.040474
6239 6237 0.040474
996 6238 0.1438
3119 6238 0.1438
4790 6238 0.1438
6237 6238 0.1438
4789 6239 0.35127
6240 6239 0.35127
6365 6239 0.35127
2071 6240 0.0010532
6238 6240 0.0010532
6239 6240 0.0010532
950 6351 0.029013
6352 6351 0.029013
6353 6351 0.029013
6356 6351 0.029013
4020 6352 0.011462
6232 6352 0.011462
6351 6352 0.011462
2354 6353 0.025941
2357 6353 0.025941
948 6354 0.013175
951 6354 0.013175
6355 6354 0.013175
6231 6355 0.0073734
6234 6355 0.0073734
6354 6355 0.0073734
6357 6356 0.012216
6361 6356 0.012216
950 6357 0.014804
6352 6357 0.014804
6353 6357 0.014804
6356 6357 0.014804
995 6358 0.13445
6359 6358 0.13445
6360 6358 0.13445
3907 6359 0.038557
4019 6359 0.038557
6228 6359 0.038557
6358 6359 0.038557
6357 6360 0.013476
6361 6360 0.013476
995 6361 0.04808
6359 6361 0.04808
6360 6361 0.04808
6357 6362 0.037192
6361 6362 0.037192
6364 6363 0.0021506
6410 6363 0.0021506
6411 6363 0.0021506
6363 6364 0.0042737
6943 6364 0.0042737
7165 6364 0.0042737
2364 6365 0.60616
2367 6365 0.60616
6366 6365 0.60616
6367 6365 0.60616
4789 6366 0.0014465
6240 6366 0.0014465
6365 6366 0.0014465
3117 6367 0.928
5957 6367 0.928
6368 6367 0.928
6369 6367 0.928
2364 6368 0.00061797
2367 6368 0.00061797
6366 6368 0.00061797
6367 6368 0.00061797
5954 6369 1.0067
6370 6369 1.0067
6388 6369 1.0067
7111 6369 1.0067
3117 6370 0.00021719
5957 6370 0.00021719
6368 6370 0.00021719
6369 6370 0.00021719
3140 6371 0.030233
6372 6371 0.030233
6373 6371 0.030233
6407 6371 0.030233
2078 6372 0.0080354
2358 6372 0.0080354
2361 6372 0.0080354
6371 6372 0.0080354
3143 6373 0.0093634
3146 6373 0.0093634
6374 6373 0.0093634
6375 6373 0.0093634
3140 6374 0.0041351
6372 6374 0.0041351
6373 6374 0.0041351
6407 6374 0.0041351
6376 6375 0.00053303
6377 6375 0.00053303
6417 6375 0.00053303
3143 6376 0.001623
3146 6376 0.001623
6374 6376 0.001623
6375 6376 0.001623
5952 6377 0.00028105
6378 6377 0.00028105
6379 6377 0.00028105
6376 6378 0.00031152
6377 6378 0.00031152
6417 6378 0.00031152
3127 6379 0.00030407
3130 6379 0.00030407
6380 6379 0.00030407
6381 6379 0.00030407
5952 6380 0.00015719
6378 6380 0.00015719
6379 6380 0.00015719
5956 6385 0.040873
6386 6385 0.040873
6387 6385 0.040873
5670 6386 0.00026063
6385 6386 0.00026063
7085 6386 0.00026063
5954 6387 0.0020505
6370 6387 0.0020505
6388 6387 0.0020505
7111 6387 0.0020505
5956 6388 0.0015664
6386 6388 0.0015664
6387 6388 0.0015664
3118 6389 0.030585
6390 6389 0.030585
6391 6389 0.030585
5950 6390 0.0015397
6389 6390 0.0015397
6405 6390 0.0015397
3908 6391 0.0013731
6392 6391 0.0013731
6393 6391 0.0013731
3118 6392 0.011337
6390 6392 0.011337
6391 6392 0.011337
3133 6393 0.00042338
5955 6393 0.00042338
6394 6393 0.00042338
3908 6394 0.0071673
6392 6394 0.0071673
6393 6394 0.0071673
6111 6395 0.020429
6396 6395 0.020429
6397 6395 0.020429
6406 6395 0.020429
2362 6396 0.011995
2365 6396 0.011995
6395 6396 0.011995
3147 6397 0.01184
5951 6397 0.01184
6398 6397 0.01184
6399 6397 0.01184
6111 6398 0.0051384
6396 6398 0.0051384
6397 6398 0.0051384
6406 6398 0.0051384
3909 6399 0.0035926
6113 6399 0.0035926
6400 6399 0.0035926
6401 6399 0.0035926
3147 6400 0.001861
5951 6400 0.001861
6398 6400 0.001861
6399 6400 0.001861
3131 6401 0.00058712
3134 6401 0.00058712
6402 6401 0.00058712
6403 6401 0.00058712
3909 6402 0.0012624
6113 6402 0.0012624
6400 6402 0.0012624
6401 6402 0.0012624
6111 6405 0.0013952
6396 6405 0.0013952
6397 6405 0.0013952
6406 6405 0.0013952
5950 6406 0.017832
6389 6406 0.017832
6405 6406 0.017832
4788 6407 0.0045173
6408 6407 0.0045173
6409 6407 0.0045173
3140 6408 0.0047654
6372 6408 0.0047654
6373 6408 0.0047654
6407 6408 0.0047654
6364 6409 0.0041482
6410 6409 0.0041482
6411 6409 0.0041482
4788 6410 0.0027842
6408 6410 0.0027842
6409 6410 0.0027842
5834 6411 0.00016969
6412 6411 0.00016969
6413 6411 0.00016969
6364 6412 0.00092875
6410 6412 0.00092875
6411 6412 0.00092875
3142 6413 0.00016969
6414 6413 0.00016969
6415 6413 0.00016969
5834 6414 0.00092875
6412 6414 0.00092875
6413 6414 0.00092875
3142 6416 0.0016793
6414 6416 0.0016793
6415 6416 0.0016793
6416 6417 0.00034499
6418 6417 0.00034499
6419 6417 0.00034499
6376 6418 0.0014045
6377 6418 0.0014045
6417 6418 0.0014045
6416 6420 0.0027261
6418 6420 0.0027261
6419 6420 0.0027261
3304 6422 0.0029604
6420 6422 0.0029604
6421 6422 0.0029604
6880 6737 0.00064624
433 6880 0.00064624
5669 6880 0.00064624
6939 6938 0.003112
7067 6938 0.003112
7163 6938 0.003112
7164 6938 0.003112
6938 6939 0.0018294
6941 6939 0.0018294
6949 6939 0.0018294
6938 6940 0.00040624
6941 6940 0.00040624
6949 6940 0.00040624
6940 6941 0.002566
6942 6941 0.002566
6945 6941 0.002566
6947 6941 0.002566
6363 6942 0.002566
6943 6942 0.002566
7165 6942 0.002566
6940 6943 0.00040624
6942 6943 0.00040624
6945 6943 0.00040624
6947 6943 0.00040624
6938 6948 0.0040432
6941 6948 0.0040432
6949 6948 0.0040432
6948 6949 0.00060079
6950 6949 0.00060079
6953 6949 0.00060079
6948 6952 0.0040432
6950 6952 0.0040432
6953 6952 0.0040432
6952 6953 0.00060079
7161 6953 0.00060079
7162 6953 0.00060079
5824 6963 0.11344
6964 6963 0.11344
7100 6963 0.11344
5822 6964 0.14518
6963 6964 0.14518
7102 6964 0.14518
7104 6964 0.14518
6965 6967 0.011336
6968 6967 0.011336
7101 6967 0.011336
3335 6968 0.064378
5823 6968 0.064378
5831 6968 0.064378
6967 6968 0.064378
6969 6971 0.071869
6972 6971 0.071869
6975 6971 0.071869
7066 6971 0.071869
6971 6972 0.046622
6974 6972 0.046622
7064 6972 0.046622
6971 6973 0.11781
6974 6973 0.11781
7064 6973 0.11781
6973 6974 0.034175
6976 6974 0.034175
6978 6974 0.034175
6973 6975 0.1279
6976 6975 0.1279
6978 6975 0.1279
6969 6976 0.038087
6972 6976 0.038087
6975 6976 0.038087
7066 6976 0.038087
6973 6977 0.10221
6976 6977 0.10221
6978 6977 0.10221
3320 6978 0.10839
6977 6978 0.10839
7096 6978 0.10839
6980 6979 0.059338
7065 6979 0.059338
7098 6979 0.059338
6229 6980 0.17802
6979 6980 0.17802
7063 6980 0.17802
6982 6981 0.014788
6984 6981 0.014788
6986 6981 0.014788
6981 6982 0.004439
6990 6982 0.004439
6982 6983 0.015439
6984 6983 0.015439
6986 6983 0.015439
3318 6984 0.02367
6983 6984 0.02367
7092 6984 0.02367
6982 6985 0.014622
6984 6985 0.014622
6986 6985 0.014622
6985 6986 0.01674
6988 6986 0.01674
6989 6986 0.01674
6985 6987 0.022218
6988 6987 0.022218
6989 6987 0.022218
6987 6988 0.013987
6992 6988 0.013987
6994 6988 0.013987
6981 6989 0.014788
6990 6989 0.014788
6985 6990 0.004439
6988 6990 0.004439
6989 6990 0.004439
6987 6991 0.024681
6992 6991 0.024681
6994 6991 0.024681
6991 6992 0.0053389
6995 6992 0.0053389
7000 6992 0.0053389
6987 6993 0.012968
6992 6993 0.012968
6994 6993 0.012968
6993 6994 0.024079
6996 6994 0.024079
6998 6994 0.024079
7001 6994 0.024079
6993 6995 0.012822
6996 6995 0.012822
6998 6995 0.012822
7001 6995 0.012822
6991 6996 0.021822
6995 6996 0.021822
7000 6996 0.021822
6993 6997 0.02947
6996 6997 0.02947
6998 6997 0.02947
7001 6997 0.02947
6997 6998 0.021239
7090 6998 0.021239
7091 6998 0.021239
6991 6999 0.012426
6995 6999 0.012426
7000 6999 0.012426
6999 7000 0.0020847
7002 7000 0.0020847
7004 7000 0.0020847
6999 7001 0.012426
7002 7001 0.012426
7004 7001 0.012426
6993 7002 0.0020847
6996 7002 0.0020847
6998 7002 0.0020847
7001 7002 0.0020847
2366 7005 0.12205
7006 7005 0.12205
7086 7005 0.12205
3316 7006 0.00052814
7005 7006 0.00052814
7008 7006 0.00052814
7088 7006 0.00052814
6971 7063 0.029926
6974 7063 0.029926
7064 7063 0.029926
6229 7064 0.088314
6979 7064 0.088314
7063 7064 0.088314
6969 7065 0.10141
6972 7065 0.10141
6975 7065 0.10141
7066 7065 0.10141
6980 7066 0.036846
7065 7066 0.036846
7098 7066 0.036846
2366 7085 0.0095679
7006 7085 0.0095679
7086 7085 0.0095679
5670 7086 0.03596
6385 7086 0.03596
7085 7086 0.03596
2351 7088 0.01374
4656 7088 0.01374
7014 7088 0.01374
7087 7088 0.01374
6997 7089 0.00040738
7090 7089 0.00040738
7091 7089 0.00040738
3317 7090 0.132
5238 7090 0.132
7089 7090 0.132
3318 7091 0.001045
6983 7091 0.001045
7092 7091 0.001045
6997 7092 0.14087
7090 7092 0.14087
7091 7092 0.14087
547 7093 0.27963
2073 7093 0.27963
7094 7093 0.27963
3319 7094 0.0072011
5985 7094 0.0072011
7093 7094 0.0072011
7095 7094 0.0072011
3320 7095 0.0020344
6977 7095 0.0020344
7096 7095 0.0020344
3319 7096 0.41029
5985 7096 0.41029
7093 7096 0.41029
7095 7096 0.41029
6980 7097 0.23282
7065 7097 0.23282
7098 7097 0.23282
3321 7098 0.049566
3322 7098 0.049566
7097 7098 0.049566
5824 7099 0.13526
6964 7099 0.13526
7100 7099 0.13526
3325 7100 0.17235
3326 7100 0.17235
7099 7100 0.17235
5822 7101 0.011336
6963 7101 0.011336
7102 7101 0.011336
7104 7101 0.011336
6965 7102 0.064378
6968 7102 0.064378
7101 7102 0.064378
5822 7103 0.27295
6963 7103 0.27295
7102 7103 0.27295
7104 7103 0.27295
3323 7104 0.07775
3324 7104 0.07775
7103 7104 0.07775
6952 7160 0.0063246
7161 7160 0.0063246
7162 7160 0.0063246
2356 7161 0.0084476
2359 7161 0.0084476
6362 7161 0.0084476
7160 7161 0.0084476
6939 7162 0.0032696
7067 7162 0.0032696
7163 7162 0.0032696
7164 7162 0.0032696
6952 7163 0.0088351
7161 7163 0.0088351
7162 7163 0.0088351
6363 7164 0.0021947
6943 7164 0.0021947
7165 7164 0.0021947
6939 7165 0.0064775
7067 7165 0.0064775
7163 7165 0.0064775
7164 7165 0.0064775
