548 547 0.027374
6226 547 0.027374
6227 547 0.027374
6230 547 0.027374
547 548 0.11281
2073 548 0.11281
7094 548 0.11281
948 950 0.0067687
951 950 0.0067687
6355 950 0.0067687
950 951 0.019532
6352 951 0.019532
6353 951 0.019532
6356 951 0.019532
995 994 0.019678
6359 994 0.019678
6360 994 0.019678
994 995 0.19847
997 995 0.19847
2076 995 0.19847
2077 995 0.19847
994 996 0.03664
997 996 0.03664
2076 996 0.03664
2077 996 0.03664
996 997 0.032686
3119 997 0.032686
4790 997 0.032686
6237 997 0.032686
1528 1530 0.00019659
1531 1530 0.00019659
3303 1530 0.00019659
2072 2071 0.0016202
2074 2071 0.0016202
2075 2071 0.0016202
3906 2071 0.0016202
2071 2072 0.067823
6238 2072 0.067823
6239 2072 0.067823
2072 2073 0.39042
2074 2073 0.39042
2075 2073 0.39042
3906 2073 0.39042
547 2074 0.00057901
2073 2074 0.00057901
7094 2074 0.00057901
994 2075 0.50774
997 2075 0.50774
2076 2075 0.50774
2077 2075 0.50774
2072 2076 0.0060079
2074 2076 0.0060079
2075 2076 0.0060079
3906 2076 0.0060079
2078 2077 0.69108
2358 2077 0.69108
2361 2077 0.69108
6371 2077 0.69108
994 2078 0.0066042
997 2078 0.0066042
2076 2078 0.0066042
2077 2078 0.0066042
2348 2349 0.00028425
5239 2349 0.00028425
5739 2349 0.00028425
2350 2351 0.00023452
5671 2351 0.00023452
5836 2351 0.00023452
2352 2353 0.2325
2355 2353 0.2325
5269 2353 0.2325
2352 2354 0.0010206
2355 2354 0.0010206
5269 2354 0.0010206
2354 2355 0.23666
2357 2355 0.23666
2354 2356 0.00015072
2357 2356 0.00015072
2356 2357 0.29164
2359 2357 0.29164
6362 2357 0.29164
7160 2357 0.29164
2356 2358 0.02467
2359 2358 0.02467
6362 2358 0.02467
7160 2358 0.02467
2078 2359 0.28329
2358 2359 0.28329
2361 2359 0.28329
6371 2359 0.28329
2078 2360 0.066923
2358 2360 0.066923
2361 2360 0.066923
6371 2360 0.066923
2360 2361 0.0020518
2363 2361 0.0020518
3120 2361 0.0020518
2360 2362 0.0075546
2363 2362 0.0075546
3120 2362 0.0075546
2362 2363 0.00074068
2365 2363 0.00074068
6395 2363 0.00074068
2362 2364 0.0073062
2365 2364 0.0073062
6395 2364 0.0073062
2364 2365 0.00018386
2367 2365 0.00018386
6366 2365 0.00018386
6367 2365 0.00018386
2364 2366 0.0029656
2367 2366 0.0029656
6366 2366 0.0029656
6367 2366 0.0029656
1530 2849 0.00019508
1533 2849 0.00019508
2850 2849 0.00019508
2360 3119 0.060393
2363 3119 0.060393
3120 3119 0.060393
996 3120 0.0023355
3119 3120 0.0023355
4790 3120 0.0023355
6237 3120 0.0023355
3122 3121 0.14147
5270 3121 0.14147
6233 3121 0.14147
3121 3122 0.00044587
3328 3122 0.00044587
3329 3122 0.00044587
3138 3137 0.0085168
5832 3137 0.0085168
6422 3137 0.0085168
3140 3139 0.00056296
6372 3139 0.00056296
6373 3139 0.00056296
6407 3139 0.00056296
3139 3140 0.00043154
3910 3140 0.00043154
6112 3140 0.00043154
3142 3141 0.0002587
6414 3141 0.0002587
6415 3141 0.0002587
3141 3143 0.00070391
3144 3143 0.00070391
4787 3143 0.00070391
3143 3145 0.00030795
3146 3145 0.00030795
6374 3145 0.00030795
6375 3145 0.00030795
3145 3147 0.00016377
3148 3147 0.00016377
3911 3147 0.00016377
6109 3147 0.00016377
3137 3303 0.00019659
3302 3303 0.00019659
3338 3303 0.00019659
3316 3317 0.0029692
7005 3317 0.0029692
7008 3317 0.0029692
7088 3317 0.0029692
3319 3318 0.0033379
5985 3318 0.0033379
7093 3318 0.0033379
7095 3318 0.0033379
3318 3319 0.0060987
6983 3319 0.0060987
7092 3319 0.0060987
3321 3320 0.0022974
3322 3320 0.0022974
7097 3320 0.0022974
3320 3321 0.31102
6977 3321 0.31102
7096 3321 0.31102
3323 3322 0.0014937
3324 3322 0.0014937
7103 3322 0.0014937
3321 3323 0.47452
3322 3323 0.47452
7097 3323 0.47452
3325 3324 0.0017652
3326 3324 0.0017652
7099 3324 0.0017652
3323 3325 0.64977
3324 3325 0.64977
7103 3325 0.64977
2753 3326 0.0025209
3327 3326 0.0025209
5237 3326 0.0025209
3325 3327 0.62575
3326 3327 0.62575
7099 3327 0.62575
2353 3328 0.24164
3337 3328 0.24164
3332 3331 0.016883
3334 3331 0.016883
3331 3332 0.011154
5827 3332 0.011154
5829 3332 0.011154
3332 3333 0.011154
3334 3333 0.011154
3333 3334 0.016883
3336 3334 0.016883
6225 3334 0.016883
3333 3335 0.15123
3336 3335 0.15123
6225 3335 0.15123
3335 3336 0.0067574
5823 3336 0.0067574
5831 3336 0.0067574
6967 3336 0.0067574
3137 3337 0.0091815
3302 3337 0.0091815
3338 3337 0.0091815
3343 3338 0.00085384
3639 3338 0.00085384
3962 3338 0.00085384
600 3343 0.00019797
2849 3343 0.00019797
3344 3343 0.00019797
3345 3343 0.00019797
3638 3637 0.0001023
3640 3637 0.0001023
5268 3637 0.0001023
3638 3639 0.00065426
3640 3639 0.00065426
5268 3639 0.00065426
3907 3906 0.021923
4019 3906 0.021923
6228 3906 0.021923
6358 3906 0.021923
2072 3907 0.20002
2074 3907 0.20002
2075 3907 0.20002
3906 3907 0.20002
3145 3910 0.00021577
3148 3910 0.00021577
3911 3910 0.00021577
6109 3910 0.00021577
3139 3911 0.0001068
3910 3911 0.0001068
6112 3911 0.0001068
4020 4019 0.011429
6232 4019 0.011429
6351 4019 0.011429
3907 4020 0.098897
4019 4020 0.098897
6228 4020 0.098897
6358 4020 0.098897
4788 4787 0.00057944
6408 4787 0.00057944
6409 4787 0.00057944
3141 4788 0.00010677
3144 4788 0.00010677
4787 4788 0.00010677
996 4789 0.0059909
3119 4789 0.0059909
4790 4789 0.0059909
6237 4789 0.0059909
4789 4790 0.0027353
6240 4790 0.0027353
6365 4790 0.0027353
3121 5237 0.38266
3328 5237 0.38266
3329 5237 0.38266
3317 5239 0.00027834
5238 5239 0.00027834
7089 5239 0.00027834
3138 5268 0.00073927
5832 5268 0.00073927
6422 5268 0.00073927
3122 5269 0.0057998
5270 5269 0.0057998
6233 5269 0.0057998
2753 5270 0.0058997
3327 5270 0.0058997
5237 5270 0.0058997
5670 5671 0.00024499
6385 5671 0.00024499
7085 5671 0.00024499
3335 5822 0.20287
5823 5822 0.20287
5831 5822 0.20287
6967 5822 0.20287
5822 5823 0.04284
6963 5823 0.04284
7102 5823 0.04284
7104 5823 0.04284
5825 5824 0.05216
5826 5824 0.05216
5830 5824 0.05216
5824 5825 0.10747
6964 5825 0.10747
7100 5825 0.10747
3331 5826 0.016883
5827 5826 0.016883
5829 5826 0.016883
5825 5827 0.011154
5826 5827 0.011154
5830 5827 0.011154
3335 5830 0.048571
5823 5830 0.048571
5831 5830 0.048571
6967 5830 0.048571
5825 5831 0.10961
5826 5831 0.10961
5830 5831 0.10961
2352 5832 0.0089761
2355 5832 0.0089761
5269 5832 0.0089761
2349 5985 0.00030596
5903 5985 0.00030596
5986 5985 0.00030596
7105 5985 0.00030596
3139 6111 0.0005179
3910 6111 0.0005179
6112 6111 0.0005179
6111 6112 0.0002775
6396 6112 0.0002775
6397 6112 0.0002775
6406 6112 0.0002775
548 6225 0.15747
6226 6225 0.15747
6227 6225 0.15747
6230 6225 0.15747
3333 6226 0.0072665
3336 6226 0.0072665
6225 6226 0.0072665
3907 6227 0.24759
4019 6227 0.24759
6228 6227 0.24759
6358 6227 0.24759
548 6228 0.017174
6226 6228 0.017174
6227 6228 0.017174
6230 6228 0.017174
548 6229 0.18583
6226 6229 0.18583
6227 6229 0.18583
6230 6229 0.18583
6229 6230 0.020179
6979 6230 0.020179
7063 6230 0.020179
4020 6231 0.12972
6232 6231 0.12972
6351 6231 0.12972
6231 6232 0.0015642
6234 6232 0.0015642
6354 6232 0.0015642
6231 6233 0.14149
6234 6233 0.14149
6354 6233 0.14149
3122 6234 0.00056719
5270 6234 0.00056719
6233 6234 0.00056719
2071 6237 0.0021424
6238 6237 0.0021424
6239 6237 0.0021424
996 6238 0.060897
3119 6238 0.060897
4790 6238 0.060897
6237 6238 0.060897
4789 6239 0.0082095
6240 6239 0.0082095
6365 6239 0.0082095
2071 6240 0.00076184
6238 6240 0.00076184
6239 6240 0.00076184
950 6351 0.04945
6352 6351 0.04945
6353 6351 0.04945
6356 6351 0.04945
4020 6352 0.0087614
6232 6352 0.0087614
6351 6352 0.0087614
2354 6353 0.05585
2357 6353 0.05585
948 6354 0.019532
951 6354 0.019532
6355 6354 0.019532
6231 6355 0.0067687
6234 6355 0.0067687
6354 6355 0.0067687
6357 6356 0.013611
6361 6356 0.013611
950 6357 0.016009
6352 6357 0.016009
6353 6357 0.016009
6356 6357 0.016009
995 6358 0.1661
6359 6358 0.1661
6360 6358 0.1661
3907 6359 0.026311
4019 6359 0.026311
6228 6359 0.026311
6358 6359 0.026311
6357 6360 0.014573
6361 6360 0.014573
995 6361 0.053572
6359 6361 0.053572
6360 6361 0.053572
6357 6362 0.041397
6361 6362 0.041397
6364 6363 0.00013174
6410 6363 0.00013174
6411 6363 0.00013174
6363 6364 0.0086595
6943 6364 0.0086595
7165 6364 0.0086595
2364 6365 0.004889
2367 6365 0.004889
6366 6365 0.004889
6367 6365 0.004889
4789 6366 0.00069694
6240 6366 0.00069694
6365 6366 0.00069694
3140 6371 1.0086
6372 6371 1.0086
6373 6371 1.0086
6407 6371 1.0086
2078 6372 0.00060573
2358 6372 0.00060573
2361 6372 0.00060573
6371 6372 0.00060573
3143 6373 0.00077986
3146 6373 0.00077986
6374 6373 0.00077986
6375 6373 0.00077986
3140 6374 0.00031399
6372 6374 0.00031399
6373 6374 0.00031399
6407 6374 0.00031399
6376 6375 0.0001245
6377 6375 0.0001245
6417 6375 0.0001245
6111 6395 0.00064712
6396 6395 0.00064712
6397 6395 0.00064712
6406 6395 0.00064712
2362 6396 0.00033875
2365 6396 0.00033875
6395 6396 0.00033875
3147 6397 0.00016172
5951 6397 0.00016172
6398 6397 0.00016172
6399 6397 0.00016172
6111 6398 0.00011817
6396 6398 0.00011817
6397 6398 0.00011817
6406 6398 0.00011817
4788 6407 0.007857
6408 6407 0.007857
6409 6407 0.007857
3140 6408 0.0002262
6372 6408 0.0002262
6373 6408 0.0002262
6407 6408 0.0002262
6364 6409 0.0082567
6410 6409 0.0082567
6411 6409 0.0082567
4788 6410 0.00015316
6408 6410 0.00015316
6409 6410 0.00015316
6364 6412 0.00045948
6410 6412 0.00045948
6411 6412 0.00045948
5834 6414 0.00045948
6412 6414 0.00045948
6413 6414 0.00045948
3142 6416 0.0003101
6414 6416 0.0003101
6415 6416 0.0003101
6416 6417 0.00011494
6418 6417 0.00011494
6419 6417 0.00011494
3304 6419 0.00011178
6420 6419 0.00011178
6421 6419 0.00011178
6416 6420 0.00031885
6418 6420 0.00031885
6419 6420 0.00031885
3138 6421 0.0001324
5832 6421 0.0001324
6422 6421 0.0001324
3304 6422 0.0004115
6420 6422 0.0004115
6421 6422 0.0004115
6939 6938 0.0061888
7067 6938 0.0061888
7163 6938 0.0061888
7164 6938 0.0061888
6938 6939 0.0035354
6941 6939 0.0035354
6949 6939 0.0035354
6938 6940 0.00081488
6941 6940 0.00081488
6949 6940 0.00081488
6940 6941 0.0048891
6942 6941 0.0048891
6945 6941 0.0048891
6947 6941 0.0048891
6363 6942 0.0048891
6943 6942 0.0048891
7165 6942 0.0048891
6940 6943 0.00081488
6942 6943 0.00081488
6945 6943 0.00081488
6947 6943 0.00081488
6938 6948 0.0079448
6941 6948 0.0079448
6949 6948 0.0079448
6948 6949 0.0012172
6950 6949 0.0012172
6953 6949 0.0012172
6948 6952 0.0079448
6950 6952 0.0079448
6953 6952 0.0079448
6952 6953 0.0012172
7161 6953 0.0012172
7162 6953 0.0012172
5824 6963 0.095322
6964 6963 0.095322
7100 6963 0.095322
5822 6964 0.12586
6963 6964 0.12586
7102 6964 0.12586
7104 6964 0.12586
6965 6967 0.0094382
6968 6967 0.0094382
7101 6967 0.0094382
3335 6968 0.054914
5823 6968 0.054914
5831 6968 0.054914
6967 6968 0.054914
6969 6971 0.056305
6972 6971 0.056305
6975 6971 0.056305
7066 6971 0.056305
6971 6972 0.038458
6974 6972 0.038458
7064 6972 0.038458
6971 6973 0.095871
6974 6973 0.095871
7064 6973 0.095871
6973 6974 0.026054
6976 6974 0.026054
6978 6974 0.026054
6973 6975 0.099574
6976 6975 0.099574
6978 6975 0.099574
6969 6976 0.031101
6972 6976 0.031101
6975 6976 0.031101
7066 6976 0.031101
6973 6977 0.083274
6976 6977 0.083274
6978 6977 0.083274
3320 6978 0.08193
6977 6978 0.08193
7096 6978 0.08193
6980 6979 0.04658
7065 6979 0.04658
7098 6979 0.04658
6229 6980 0.16026
6979 6980 0.16026
7063 6980 0.16026
6982 6981 0.0017964
6984 6981 0.0017964
6986 6981 0.0017964
6981 6982 0.00038999
6990 6982 0.00038999
6982 6983 0.0013763
6984 6983 0.0013763
6986 6983 0.0013763
3318 6984 0.0033033
6983 6984 0.0033033
7092 6984 0.0033033
6982 6985 0.0020206
6984 6985 0.0020206
6986 6985 0.0020206
6985 6986 0.0015
6988 6986 0.0015
6989 6986 0.0015
6985 6987 0.002925
6988 6987 0.002925
6989 6987 0.002925
6987 6988 0.00099803
6992 6988 0.00099803
6994 6988 0.00099803
6981 6989 0.0017964
6990 6989 0.0017964
6985 6990 0.00038999
6988 6990 0.00038999
6989 6990 0.00038999
6987 6991 0.0024619
6992 6991 0.0024619
6994 6991 0.0024619
6991 6992 0.00033894
6995 6992 0.00033894
7000 6992 0.00033894
6987 6993 0.0015872
6992 6993 0.0015872
6994 6993 0.0015872
6993 6994 0.0017832
6996 6994 0.0017832
6998 6994 0.0017832
7001 6994 0.0017832
6993 6995 0.00080431
6996 6995 0.00080431
6998 6995 0.00080431
7001 6995 0.00080431
6991 6996 0.0021311
6995 6996 0.0021311
7000 6996 0.0021311
6993 6997 0.0030805
6996 6997 0.0030805
6998 6997 0.0030805
7001 6997 0.0030805
6997 6998 0.0011535
7090 6998 0.0011535
7091 6998 0.0011535
6991 6999 0.00094242
6995 6999 0.00094242
7000 6999 0.00094242
6999 7000 0.00014625
7002 7000 0.00014625
7004 7000 0.00014625
6999 7001 0.00094242
7002 7001 0.00094242
7004 7001 0.00094242
6993 7002 0.00014625
6996 7002 0.00014625
6998 7002 0.00014625
7001 7002 0.00014625
2366 7005 0.0027453
7006 7005 0.0027453
7086 7005 0.0027453
6971 7063 0.022998
6974 7063 0.022998
7064 7063 0.022998
6229 7064 0.074968
6979 7064 0.074968
7063 7064 0.074968
6969 7065 0.080582
6972 7065 0.080582
6975 7065 0.080582
7066 7065 0.080582
6980 7066 0.029956
7065 7066 0.029956
7098 7066 0.029956
2366 7085 0.00024526
7006 7085 0.00024526
7086 7085 0.00024526
2351 7088 0.00023452
4656 7088 0.00023452
7014 7088 0.00023452
7087 7088 0.00023452
6997 7089 0.00020231
7090 7089 0.00020231
7091 7089 0.00020231
3317 7090 0.0029632
5238 7090 0.0029632
7089 7090 0.0029632
3318 7091 0.00087769
6983 7091 0.00087769
7092 7091 0.00087769
6997 7092 0.0055656
7090 7092 0.0055656
7091 7092 0.0055656
547 7093 0.30543
2073 7093 0.30543
7094 7093 0.30543
3319 7094 0.0010256
5985 7094 0.0010256
7093 7094 0.0010256
7095 7094 0.0010256
3320 7095 0.0016764
6977 7095 0.0016764
7096 7095 0.0016764
3319 7096 0.30905
5985 7096 0.30905
7093 7096 0.30905
7095 7096 0.30905
6980 7097 0.20255
7065 7097 0.20255
7098 7097 0.20255
3321 7098 0.038238
3322 7098 0.038238
7097 7098 0.038238
5824 7099 0.11923
6964 7099 0.11923
7100 7099 0.11923
3325 7100 0.144
3326 7100 0.144
7099 7100 0.144
5822 7101 0.0094382
6963 7101 0.0094382
7102 7101 0.0094382
7104 7101 0.0094382
6965 7102 0.054914
6968 7102 0.054914
7101 7102 0.054914
5822 7103 0.2381
6963 7103 0.2381
7102 7103 0.2381
7104 7103 0.2381
3323 7104 0.063129
3324 7104 0.063129
7103 7104 0.063129
6952 7160 0.0087667
7161 7160 0.0087667
7162 7160 0.0087667
2356 7161 0.017294
2359 7161 0.017294
6362 7161 0.017294
7160 7161 0.017294
6939 7162 0.0027519
7067 7162 0.0027519
7163 7162 0.0027519
7164 7162 0.0027519
6952 7163 0.018007
7161 7163 0.018007
7162 7163 0.018007
6363 7164 0.00052967
6943 7164 0.00052967
7165 7164 0.00052967
6939 7165 0.013132
7067 7165 0.013132
7163 7165 0.013132
7164 7165 0.013132
