86 85 0.091526
89 85 0.091526
6576 85 0.091526
85 86 0.055748
3724 86 0.055748
3725 86 0.055748
88 87 0.048606
90 87 0.048606
773 87 0.048606
6568 87 0.048606
87 88 0.081383
3728 88 0.081383
3729 88 0.081383
88 89 0.15916
90 89 0.15916
773 89 0.15916
6568 89 0.15916
86 90 0.0011304
89 90 0.0011304
6576 90 0.0011304
92 91 0.0010428
4557 91 0.0010428
6569 91 0.0010428
91 92 0.16012
3732 92 0.16012
3733 92 0.16012
98 97 0.00015831
3704 97 0.00015831
3705 97 0.00015831
97 98 0.00031242
412 98 0.00031242
6566 98 0.00031242
100 99 0.048634
102 99 0.048634
4555 99 0.048634
99 100 0.011847
366 100 0.011847
3737 100 0.011847
100 101 0.019803
102 101 0.019803
4555 101 0.019803
101 102 0.019479
367 102 0.019479
3738 102 0.019479
106 105 0.00014171
3357 105 0.00014171
105 106 0.00013972
4553 106 0.00013972
108 107 0.00027938
396 107 0.00027938
397 107 0.00027938
107 108 0.0011762
390 108 0.0011762
391 108 0.0011762
112 111 0.0042613
424 111 0.0042613
425 111 0.0042613
6552 111 0.0042613
111 112 0.0027552
387 112 0.0027552
394 112 0.0027552
114 113 0.0024625
422 113 0.0024625
423 113 0.0024625
6550 113 0.0024625
113 114 0.0015543
384 114 0.0015543
385 114 0.0015543
116 115 0.002249
420 115 0.002249
421 115 0.002249
1584 115 0.002249
115 116 0.00042978
382 116 0.00042978
383 116 0.00042978
134 133 0.0002323
3708 133 0.0002323
3709 133 0.0002323
133 134 0.00013062
3052 134 0.00013062
99 365 0.072858
366 365 0.072858
3737 365 0.072858
365 366 0.014857
3722 366 0.014857
3723 366 0.014857
368 367 0.031761
371 367 0.031761
376 367 0.031761
101 368 0.01087
367 368 0.01087
3738 368 0.01087
370 369 0.015862
372 369 0.015862
369 370 0.0080542
374 370 0.0080542
375 370 0.0080542
370 371 0.0080542
372 371 0.0080542
368 372 0.015862
371 372 0.015862
376 372 0.015862
369 373 0.023504
374 373 0.023504
375 373 0.023504
373 374 0.044394
3730 374 0.044394
3731 374 0.044394
368 375 0.0098393
371 375 0.0098393
376 375 0.0098393
369 376 0.038537
374 376 0.038537
375 376 0.038537
377 378 0.00012074
399 378 0.00012074
378 380 0.00012074
379 380 0.00012074
115 381 0.00018771
382 381 0.00018771
383 381 0.00018771
381 382 0.00092124
400 382 0.00092124
401 382 0.00092124
413 382 0.00092124
113 383 0.0002062
384 383 0.0002062
385 383 0.0002062
115 384 0.002759
382 384 0.002759
383 384 0.002759
380 385 0.00039681
386 385 0.00039681
393 385 0.00039681
113 386 0.0038579
384 386 0.0038579
385 386 0.0038579
388 387 0.00067143
389 387 0.00067143
3717 387 0.00067143
6554 387 0.00067143
111 388 0.0057461
387 388 0.0057461
394 388 0.0057461
107 389 0.00021481
390 389 0.00021481
391 389 0.00021481
388 390 0.0015467
389 390 0.0015467
3717 390 0.0015467
6554 390 0.0015467
107 392 0.00049917
390 392 0.00049917
391 392 0.00049917
111 393 0.00036963
387 393 0.00036963
394 393 0.00036963
380 394 0.0039381
386 394 0.0039381
393 394 0.0039381
392 396 0.00049917
395 396 0.00049917
998 396 0.00049917
398 397 0.00029294
3718 397 0.00029294
3719 397 0.00029294
108 398 0.0016248
396 398 0.0016248
397 398 0.0016248
381 399 0.00012074
400 399 0.00012074
401 399 0.00012074
413 399 0.00012074
402 401 0.00093896
403 401 0.00093896
418 401 0.00093896
419 401 0.00093896
381 402 0.00017276
400 402 0.00017276
401 402 0.00017276
413 402 0.00017276
404 403 0.0045549
405 403 0.0045549
6570 403 0.0045549
6573 403 0.0045549
97 411 0.00015831
412 411 0.00015831
6566 411 0.00015831
411 412 0.00031242
3734 412 0.00031242
3735 412 0.00031242
414 413 0.00025755
415 413 0.00025755
417 413 0.00025755
381 414 0.00018279
400 414 0.00018279
401 414 0.00018279
413 414 0.00018279
416 415 0.00031371
3096 415 0.00031371
7148 415 0.00031371
414 416 0.0014354
415 416 0.0014354
417 416 0.0014354
402 417 0.0014732
403 417 0.0014732
418 417 0.0014732
419 417 0.0014732
414 418 0.00027673
415 418 0.00027673
417 418 0.00027673
116 419 0.0014205
420 419 0.0014205
421 419 0.0014205
1584 419 0.0014205
402 420 0.0039631
403 420 0.0039631
418 420 0.0039631
419 420 0.0039631
114 421 0.0012562
422 421 0.0012562
423 421 0.0012562
6550 421 0.0012562
116 422 0.02423
420 422 0.02423
421 422 0.02423
1584 422 0.02423
112 423 0.0022012
424 423 0.0022012
425 423 0.0022012
6552 423 0.0022012
114 424 0.050163
422 424 0.050163
423 424 0.050163
6550 424 0.050163
426 425 0.0030136
3720 425 0.0030136
3721 425 0.0030136
4661 425 0.0030136
112 426 0.15011
424 426 0.15011
425 426 0.15011
6552 426 0.15011
427 428 0.00028078
431 428 0.00028078
3097 428 0.00028078
548 547 0.00028248
6226 547 0.00028248
6227 547 0.00028248
6230 547 0.00028248
547 548 0.0004004
2073 548 0.0004004
7094 548 0.0004004
723 724 0.00033898
6920 724 0.00033898
774 773 0.004867
775 773 0.004867
88 774 0.012286
90 774 0.012286
773 774 0.012286
6568 774 0.012286
776 775 0.004867
6574 775 0.004867
774 776 0.012286
775 776 0.012286
948 950 0.00026879
951 950 0.00026879
6355 950 0.00026879
950 951 0.00077948
6352 951 0.00077948
6353 951 0.00077948
6356 951 0.00077948
995 994 0.00013389
6359 994 0.00013389
6360 994 0.00013389
994 995 0.00045851
997 995 0.00045851
2076 995 0.00045851
2077 995 0.00045851
996 997 0.00032203
3119 997 0.00032203
4790 997 0.00032203
6237 997 0.00032203
432 1127 0.00010531
5692 1127 0.00010531
5085 1129 0.00037652
5267 1129 0.00037652
1528 1530 0.007802
1531 1530 0.007802
3303 1530 0.007802
1530 1531 0.079402
1533 1531 0.079402
2850 1531 0.079402
1530 1532 0.0085625
1533 1532 0.0085625
2850 1532 0.0085625
1532 1533 0.050164
2851 1533 0.050164
3339 1533 0.050164
1574 1576 0.0027372
1577 1576 0.0027372
6571 1576 0.0027372
1578 1580 0.026541
1581 1580 0.026541
4558 1580 0.026541
1580 1581 0.00013784
1583 1581 0.00013784
6572 1581 0.00013784
6575 1581 0.00013784
1580 1582 0.026728
1583 1582 0.026728
6572 1582 0.026728
6575 1582 0.026728
1582 1583 0.00018867
1585 1583 0.00018867
4524 1583 0.00018867
1582 1584 0.022419
1585 1584 0.022419
4524 1584 0.022419
116 1585 0.00016816
420 1585 0.00016816
421 1585 0.00016816
1584 1585 0.00016816
2071 2072 0.00055319
6238 2072 0.00055319
6239 2072 0.00055319
2072 2073 0.0012829
2074 2073 0.0012829
2075 2073 0.0012829
3906 2073 0.0012829
994 2075 0.0010291
997 2075 0.0010291
2076 2075 0.0010291
2077 2075 0.0010291
2078 2077 0.0011316
2358 2077 0.0011316
2361 2077 0.0011316
6371 2077 0.0011316
724 2146 0.00033743
2147 2146 0.00033743
6794 2146 0.00033743
2353 2352 0.0045611
3337 2352 0.0045611
2352 2353 0.0011807
2355 2353 0.0011807
5269 2353 0.0011807
2352 2354 0.004096
2355 2354 0.004096
5269 2354 0.004096
2354 2355 0.00037755
2357 2355 0.00037755
2354 2356 0.0006049
2357 2356 0.0006049
2356 2357 0.00046527
2359 2357 0.00046527
6362 2357 0.00046527
7160 2357 0.00046527
2356 2358 0.00068861
2359 2358 0.00068861
6362 2358 0.00068861
7160 2358 0.00068861
2078 2359 0.00033516
2358 2359 0.00033516
2361 2359 0.00033516
6371 2359 0.00033516
2078 2360 0.00020852
2358 2360 0.00020852
2361 2360 0.00020852
6371 2360 0.00020852
2360 2361 0.0002162
2363 2361 0.0002162
3120 2361 0.0002162
2362 2363 0.00030318
2365 2363 0.00030318
6395 2363 0.00030318
2364 2365 0.00024904
2367 2365 0.00024904
6366 2365 0.00024904
6367 2365 0.00024904
2366 2367 0.00016893
7006 2367 0.00016893
7086 2367 0.00016893
1530 2849 0.029894
1533 2849 0.029894
2850 2849 0.029894
600 2850 0.059892
2849 2850 0.059892
3344 2850 0.059892
3345 2850 0.059892
133 3051 0.0002323
3052 3051 0.0002323
3051 3052 0.00013062
3710 3052 0.00013062
3711 3052 0.00013062
3085 3086 0.00026117
3088 3086 0.00026117
5398 3086 0.00026117
3087 3088 0.00025947
7151 3088 0.00025947
428 3090 0.00028767
429 3090 0.00028767
3089 3090 0.00028767
5680 3090 0.00028767
416 3095 0.0038572
3096 3095 0.0038572
7148 3095 0.0038572
1127 3097 0.00033386
3095 3097 0.00033386
3098 3097 0.00033386
3107 3109 0.00016119
3110 3109 0.00016119
3309 3109 0.00016119
3310 3109 0.00016119
2360 3119 0.00029761
2363 3119 0.00029761
3120 3119 0.00029761
3122 3121 0.0054291
5270 3121 0.0054291
6233 3121 0.0054291
3121 3122 0.0018364
3328 3122 0.0018364
3329 3122 0.0018364
3124 3123 0.00074237
3307 3123 0.00074237
3308 3123 0.00074237
3637 3123 0.00074237
3123 3124 0.0001694
3126 3124 0.0001694
3312 3124 0.0001694
3123 3125 0.00069983
3126 3125 0.00069983
3312 3125 0.00069983
3125 3127 0.00035477
3128 3127 0.00035477
5949 3127 0.00035477
3136 3135 0.00014943
3305 3135 0.00014943
3306 3135 0.00014943
3135 3136 0.0003283
5948 3136 0.0003283
5953 3136 0.0003283
3138 3137 0.0074308
5832 3137 0.0074308
6422 3137 0.0074308
3137 3138 0.001134
3302 3138 0.001134
3338 3138 0.001134
3142 3141 0.00011696
6414 3141 0.00011696
6415 3141 0.00011696
3141 3143 0.00010191
3144 3143 0.00010191
4787 3143 0.00010191
1528 3302 0.079402
1531 3302 0.079402
3303 3302 0.079402
3137 3303 0.007802
3302 3303 0.007802
3338 3303 0.007802
3136 3304 0.0068938
3305 3304 0.0068938
3306 3304 0.0068938
3124 3306 0.0067782
3307 3306 0.0067782
3308 3306 0.0067782
3637 3306 0.0067782
3136 3307 0.00013019
3305 3307 0.00013019
3306 3307 0.00013019
3124 3309 0.00016119
3307 3309 0.00016119
3308 3309 0.00016119
3637 3309 0.00016119
3109 3312 0.00012773
3112 3312 0.00012773
3313 3312 0.00012773
3314 3312 0.00012773
3316 3317 0.00055006
7005 3317 0.00055006
7008 3317 0.00055006
7088 3317 0.00055006
3318 3319 0.00057348
6983 3319 0.00057348
7092 3319 0.00057348
3321 3320 0.00011893
3322 3320 0.00011893
7097 3320 0.00011893
3320 3321 0.0020535
6977 3321 0.0020535
7096 3321 0.0020535
3323 3322 0.00031561
3324 3322 0.00031561
7103 3322 0.00031561
3321 3323 0.0035052
3322 3323 0.0035052
7097 3323 0.0035052
3325 3324 0.0014387
3326 3324 0.0014387
7099 3324 0.0014387
3323 3325 0.010638
3324 3325 0.010638
7103 3325 0.010638
2753 3326 0.0065798
3327 3326 0.0065798
5237 3326 0.0065798
3325 3327 0.010657
3326 3327 0.010657
7099 3327 0.010657
2353 3328 0.99524
3337 3328 0.99524
3332 3331 0.00013585
3334 3331 0.00013585
3331 3332 0.00026338
5827 3332 0.00026338
5829 3332 0.00026338
3332 3333 0.00026338
3334 3333 0.00026338
3333 3334 0.00013585
3336 3334 0.00013585
6225 3334 0.00013585
3333 3335 0.0012238
3336 3335 0.0012238
6225 3335 0.0012238
3335 3336 0.00020826
5823 3336 0.00020826
5831 3336 0.00020826
6967 3336 0.00020826
3137 3337 0.99862
3302 3337 0.99862
3338 3337 0.99862
3343 3338 0.92072
3639 3338 0.92072
3962 3338 0.92072
3340 3339 0.050164
3342 3339 0.050164
3960 3339 0.050164
1532 3340 0.0085625
2851 3340 0.0085625
3339 3340 0.0085625
3340 3341 0.0085625
3342 3341 0.0085625
3960 3341 0.0085625
3341 3342 0.050164
3346 3342 0.050164
4684 3342 0.050164
600 3343 0.92142
2849 3343 0.92142
3344 3343 0.92142
3345 3343 0.92142
3341 3345 0.9514
3346 3345 0.9514
4684 3345 0.9514
73 3347 0.0027197
3348 3347 0.0027197
3349 3347 0.0027197
3347 3348 0.0027181
3354 3348 0.0027181
4683 3348 0.0027181
3350 3349 0.0027197
3351 3349 0.0027197
3363 3349 0.0027197
73 3350 0.0027181
3348 3350 0.0027181
3349 3350 0.0027181
3352 3351 0.00092247
3366 3351 0.00092247
3691 3351 0.00092247
3350 3352 0.0021605
3351 3352 0.0021605
3363 3352 0.0021605
3353 3354 0.99297
3355 3354 0.99297
7220 3354 0.99297
3356 3355 0.00028012
4554 3355 0.00028012
5855 3355 0.00028012
3353 3356 0.00028012
3355 3356 0.00028012
7220 3356 0.00028012
3358 3357 0.00014171
3360 3357 0.00014171
106 3358 0.00013972
3357 3358 0.00013972
3358 3359 0.00013972
3360 3359 0.00013972
3359 3360 0.00014171
5856 3360 0.00014171
5858 3360 0.00014171
3364 3363 0.0018404
3365 3363 0.0018404
3367 3363 0.0018404
3350 3364 0.0006007
3351 3364 0.0006007
3363 3364 0.0006007
3352 3365 0.0015907
3366 3365 0.0015907
3691 3365 0.0015907
3364 3366 0.00084446
3365 3366 0.00084446
3367 3366 0.00084446
3368 3367 0.00056812
3369 3367 0.00056812
3665 3367 0.00056812
3370 3369 0.00054662
3692 3369 0.00054662
3693 3369 0.00054662
3638 3637 0.0076309
3640 3637 0.0076309
5268 3637 0.0076309
3124 3638 0.00027019
3307 3638 0.00027019
3308 3638 0.00027019
3637 3638 0.00027019
3638 3639 0.0011491
3640 3639 0.0011491
5268 3639 0.0011491
3343 3640 0.0078459
3639 3640 0.0078459
3962 3640 0.0078459
3370 3691 0.00010147
3692 3691 0.00010147
3693 3691 0.00010147
3352 3692 0.00059332
3366 3692 0.00059332
3691 3692 0.00059332
1972 3705 0.00017396
3706 3705 0.00017396
3707 3705 0.00017396
3736 3705 0.00017396
98 3706 0.00039375
3704 3706 0.00039375
3705 3706 0.00039375
1972 3708 0.0031262
3706 3708 0.0031262
3707 3708 0.0031262
3736 3708 0.0031262
134 3710 0.0030225
3708 3710 0.0030225
3709 3710 0.0030225
3051 3712 0.0031235
3710 3712 0.0031235
3711 3712 0.0031235
398 3717 0.0016914
3718 3717 0.0016914
3719 3717 0.0016914
388 3718 0.0054342
389 3718 0.0054342
3717 3718 0.0054342
6554 3718 0.0054342
426 3719 0.0019117
3720 3719 0.0019117
3721 3719 0.0019117
4661 3719 0.0019117
398 3720 0.0069863
3718 3720 0.0069863
3719 3720 0.0069863
365 3721 0.84267
3722 3721 0.84267
3723 3721 0.84267
426 3722 0.0018728
3720 3722 0.0018728
3721 3722 0.0018728
4661 3722 0.0018728
85 3723 0.78523
3724 3723 0.78523
3725 3723 0.78523
365 3724 0.0024371
3722 3724 0.0024371
3723 3724 0.0024371
3726 3725 0.75467
3727 3725 0.75467
4556 3725 0.75467
85 3726 0.0076505
3724 3726 0.0076505
3725 3726 0.0076505
87 3727 0.79131
3728 3727 0.79131
3729 3727 0.79131
3726 3728 0.0071875
3727 3728 0.0071875
4556 3728 0.0071875
373 3729 0.82594
3730 3729 0.82594
3731 3729 0.82594
87 3730 0.0090347
3728 3730 0.0090347
3729 3730 0.0090347
91 3731 0.8472
3732 3731 0.8472
3733 3731 0.8472
373 3732 0.0094033
3730 3732 0.0094033
3731 3732 0.0094033
411 3733 1
3734 3733 1
3735 3733 1
91 3734 0.0031665
3732 3734 0.0031665
3733 3734 0.0031665
411 3736 0.0029873
3734 3736 0.0029873
3735 3736 0.0029873
101 3737 0.027934
367 3737 0.027934
3738 3737 0.027934
99 3738 0.0067196
366 3738 0.0067196
3737 3738 0.0067196
3907 3906 0.00038186
4019 3906 0.00038186
6228 3906 0.00038186
6358 3906 0.00038186
2072 3907 0.00062978
2074 3907 0.00062978
2075 3907 0.00062978
3906 3907 0.00062978
4685 3962 0.0060489
5086 3962 0.0060489
6876 3963 0.0025598
1129 3964 0.0004675
3963 3964 0.0004675
4020 4019 0.0016281
6232 4019 0.0016281
6351 4019 0.0016281
3907 4020 0.00037349
4019 4020 0.00037349
6228 4020 0.00037349
6358 4020 0.00037349
1582 4523 0.0079434
1585 4523 0.0079434
4524 4523 0.0079434
4523 4524 0.0036549
4526 4524 0.0036549
6551 4524 0.0036549
4523 4525 0.0058569
4526 4525 0.0058569
6551 4525 0.0058569
4525 4526 0.027465
6553 4526 0.027465
6577 4526 0.027465
3356 4553 0.00013972
4554 4553 0.00013972
5855 4553 0.00013972
105 4554 0.00014171
4553 4554 0.00014171
3726 4555 0.061357
3727 4555 0.061357
4556 4555 0.061357
100 4556 0.024246
102 4556 0.024246
4555 4556 0.024246
1578 4557 0.00013784
1581 4557 0.00013784
4558 4557 0.00013784
92 4558 0.026541
4557 4558 0.026541
6569 4558 0.026541
4657 4656 0.00026483
5663 4656 0.00026483
5665 4656 0.00026483
426 4660 0.99297
3720 4660 0.99297
3721 4660 0.99297
4661 4660 0.99297
2146 4662 0.0031217
3712 4662 0.0031217
4663 4662 0.0031217
7113 4662 0.0031217
3347 4684 0.99297
3354 4684 0.99297
4683 4684 0.99297
4789 4790 0.00022953
6240 4790 0.00022953
6365 4790 0.00022953
5087 5086 0.0060577
5271 5086 0.0060577
1129 5087 0.0024689
3963 5087 0.0024689
7272 5088 0.0036463
7274 5088 0.0036463
5091 5090 0.00024348
5838 5090 0.00024348
1128 5091 0.0010971
5092 5091 0.0010971
5093 5092 0.0010874
5088 5093 0.0036472
5094 5093 0.0036472
3121 5237 0.99883
3328 5237 0.99883
3329 5237 0.99883
3638 5267 0.00037707
3640 5267 0.00037707
5268 5267 0.00037707
3138 5268 0.001041
5832 5268 0.001041
6422 5268 0.001041
3122 5269 0.0010837
5270 5269 0.0010837
6233 5269 0.0010837
2753 5270 0.0029062
3327 5270 0.0029062
5237 5270 0.0029062
3964 5271 0.0035892
6738 5271 0.0035892
5666 5665 0.00026483
5667 5665 0.00026483
3086 5667 0.00026497
5668 5667 0.00026497
5964 5667 0.00026497
2350 5670 0.00015771
5671 5670 0.00015771
5836 5670 0.00015771
3335 5822 0.004254
5823 5822 0.004254
5831 5822 0.004254
6967 5822 0.004254
5822 5823 0.0012641
6963 5823 0.0012641
7102 5823 0.0012641
7104 5823 0.0012641
5825 5824 0.00071342
5826 5824 0.00071342
5830 5824 0.00071342
5824 5825 0.0041177
6964 5825 0.0041177
7100 5825 0.0041177
3331 5826 0.00013585
5827 5826 0.00013585
5829 5826 0.00013585
5825 5827 0.00026338
5826 5827 0.00026338
5830 5827 0.00026338
3335 5830 0.00073459
5823 5830 0.00073459
5831 5830 0.00073459
6967 5830 0.00073459
5825 5831 0.0040113
5826 5831 0.0040113
5830 5831 0.0040113
2352 5832 0.00074566
2355 5832 0.00074566
5269 5832 0.00074566
6877 5835 0.00024247
5835 5836 0.00021389
5091 5837 0.00085404
5838 5837 0.00085404
3359 5855 0.00013972
5856 5855 0.00013972
5858 5855 0.00013972
3356 5856 0.00014171
4554 5856 0.00014171
5855 5856 0.00014171
3125 5948 0.00036339
3128 5948 0.00036339
5949 5948 0.00036339
3135 5952 0.00020914
5948 5952 0.00020914
5953 5952 0.00020914
548 6225 0.001103
6226 6225 0.001103
6227 6225 0.001103
6230 6225 0.001103
3333 6226 0.00021496
3336 6226 0.00021496
6225 6226 0.00021496
3907 6227 0.0023088
4019 6227 0.0023088
6228 6227 0.0023088
6358 6227 0.0023088
548 6229 0.0016258
6226 6229 0.0016258
6227 6229 0.0016258
6230 6229 0.0016258
6229 6230 0.00017449
6979 6230 0.00017449
7063 6230 0.00017449
4020 6231 0.0024213
6232 6231 0.0024213
6351 6231 0.0024213
6231 6232 0.0011617
6234 6232 0.0011617
6354 6232 0.0011617
6231 6233 0.0030333
6234 6233 0.0030333
6354 6233 0.0030333
3122 6234 0.001263
5270 6234 0.001263
6233 6234 0.001263
996 6238 0.00027926
3119 6238 0.00027926
4790 6238 0.00027926
6237 6238 0.00027926
4789 6239 0.00031079
6240 6239 0.00031079
6365 6239 0.00031079
950 6351 0.0026042
6352 6351 0.0026042
6353 6351 0.0026042
6356 6351 0.0026042
2354 6353 0.0035788
2357 6353 0.0035788
948 6354 0.00077948
951 6354 0.00077948
6355 6354 0.00077948
6231 6355 0.00026879
6234 6355 0.00026879
6354 6355 0.00026879
950 6357 0.0005902
6352 6357 0.0005902
6353 6357 0.0005902
6356 6357 0.0005902
995 6358 0.00084385
6359 6358 0.00084385
6360 6358 0.00084385
3907 6359 0.00012501
4019 6359 0.00012501
6228 6359 0.00012501
6358 6359 0.00012501
6357 6360 0.00053724
6361 6360 0.00053724
995 6361 0.00014303
6359 6361 0.00014303
6360 6361 0.00014303
6357 6362 0.00015964
6361 6362 0.00015964
2364 6365 0.00051393
2367 6365 0.00051393
6366 6365 0.00051393
6367 6365 0.00051393
3117 6367 0.00064642
5957 6367 0.00064642
6368 6367 0.00064642
6369 6367 0.00064642
5954 6369 0.00061154
6370 6369 0.00061154
6388 6369 0.00061154
7111 6369 0.00061154
3140 6371 0.00072285
6372 6371 0.00072285
6373 6371 0.00072285
6407 6371 0.00072285
3143 6373 0.00059106
3146 6373 0.00059106
6374 6373 0.00059106
6375 6373 0.00059106
6376 6375 0.00053013
6377 6375 0.00053013
6417 6375 0.00053013
5952 6377 0.00046737
6378 6377 0.00046737
6379 6377 0.00046737
3127 6379 0.00032018
3130 6379 0.00032018
6380 6379 0.00032018
6381 6379 0.00032018
5956 6385 0.00016033
6386 6385 0.00016033
6387 6385 0.00016033
5954 6387 0.00021876
6370 6387 0.00021876
6388 6387 0.00021876
7111 6387 0.00021876
4788 6407 0.00010448
6408 6407 0.00010448
6409 6407 0.00010448
6416 6415 0.00020596
6418 6415 0.00020596
6419 6415 0.00020596
6416 6417 0.00021232
6418 6417 0.00021232
6419 6417 0.00021232
6376 6418 0.00015264
6377 6418 0.00015264
6417 6418 0.00015264
3304 6419 0.00040793
6420 6419 0.00040793
6421 6419 0.00040793
6416 6420 0.00017317
6418 6420 0.00017317
6419 6420 0.00017317
3138 6421 0.00038642
5832 6421 0.00038642
6422 6421 0.00038642
3304 6422 0.0069786
6420 6422 0.0069786
6421 6422 0.0069786
4523 6550 0.026627
4526 6550 0.026627
6551 6550 0.026627
114 6551 0.00073044
422 6551 0.00073044
423 6551 0.00073044
6550 6551 0.00073044
4525 6552 0.1028
6553 6552 0.1028
6577 6552 0.1028
112 6553 0.002157
424 6553 0.002157
425 6553 0.002157
6552 6553 0.002157
92 6568 0.13503
4557 6568 0.13503
6569 6568 0.13503
88 6569 0.00236
90 6569 0.00236
773 6569 0.00236
6568 6569 0.00236
404 6571 0.0027794
405 6571 0.0027794
6570 6571 0.0027794
6573 6571 0.0027794
1580 6573 0.0072942
1583 6573 0.0072942
6572 6573 0.0072942
6575 6573 0.0072942
1580 6574 0.004867
1583 6574 0.004867
6572 6574 0.004867
6575 6574 0.004867
776 6575 0.012286
6574 6575 0.012286
4525 6576 0.0025274
6553 6576 0.0025274
6577 6576 0.0025274
86 6577 0.12478
89 6577 0.12478
6576 6577 0.12478
4662 6738 0.0031217
6739 6738 0.0031217
5093 6875 0.0025598
6875 6876 0.0025598
5090 6877 0.00024247
3713 6920 0.00032316
6921 6920 0.00032316
7114 6920 0.00032316
5824 6963 0.0046954
6964 6963 0.0046954
7100 6963 0.0046954
5822 6964 0.0029782
6963 6964 0.0029782
7102 6964 0.0029782
7104 6964 0.0029782
6965 6967 0.00026371
6968 6967 0.00026371
7101 6967 0.00026371
3335 6968 0.0015661
5823 6968 0.0015661
5831 6968 0.0015661
6967 6968 0.0015661
6969 6971 0.00045215
6972 6971 0.00045215
6975 6971 0.00045215
7066 6971 0.00045215
6971 6972 0.00033279
6974 6972 0.00033279
7064 6972 0.00033279
6971 6973 0.00082155
6974 6973 0.00082155
7064 6973 0.00082155
6973 6974 0.0001883
6976 6974 0.0001883
6978 6974 0.0001883
6973 6975 0.00075209
6976 6975 0.00075209
6978 6975 0.00075209
6969 6976 0.00031515
6972 6976 0.00031515
6975 6976 0.00031515
7066 6976 0.00031515
6973 6977 0.00075756
6976 6977 0.00075756
6978 6977 0.00075756
3320 6978 0.00056125
6977 6978 0.00056125
7096 6978 0.00056125
6980 6979 0.00044663
7065 6979 0.00044663
7098 6979 0.00044663
6229 6980 0.0013841
6979 6980 0.0013841
7063 6980 0.0013841
3318 6984 0.00010833
6983 6984 0.00010833
7092 6984 0.00010833
6985 6987 0.00010107
6988 6987 0.00010107
6989 6987 0.00010107
6987 6991 0.0001095
6992 6991 0.0001095
6994 6991 0.0001095
6993 6994 0.00010465
6996 6994 0.00010465
6998 6994 0.00010465
7001 6994 0.00010465
6993 6997 0.00013124
6996 6997 0.00013124
6998 6997 0.00013124
7001 6997 0.00013124
2366 7005 0.00021748
7006 7005 0.00021748
7086 7005 0.00021748
6971 7063 0.00017167
6974 7063 0.00017167
7064 7063 0.00017167
6229 7064 0.00068556
6979 7064 0.00068556
7063 7064 0.00068556
6969 7065 0.00064053
6972 7065 0.00064053
6975 7065 0.00064053
7066 7065 0.00064053
6980 7066 0.00032295
7065 7066 0.00032295
7098 7066 0.00032295
5670 7086 0.00029392
6385 7086 0.00029392
7085 7086 0.00029392
2351 7088 0.00034595
4656 7088 0.00034595
7014 7088 0.00034595
7087 7088 0.00034595
3317 7090 0.00054966
5238 7090 0.00054966
7089 7090 0.00054966
6997 7092 0.00059505
7090 7092 0.00059505
7091 7092 0.00059505
547 7093 0.0011936
2073 7093 0.0011936
7094 7093 0.0011936
3319 7096 0.0017651
5985 7096 0.0017651
7093 7096 0.0017651
7095 7096 0.0017651
6980 7097 0.0017128
7065 7097 0.0017128
7098 7097 0.0017128
3321 7098 0.0004578
3322 7098 0.0004578
7097 7098 0.0004578
5824 7099 0.0023691
6964 7099 0.0023691
7100 7099 0.0023691
3325 7100 0.0074905
3326 7100 0.0074905
7099 7100 0.0074905
5822 7101 0.00026371
6963 7101 0.00026371
7102 7101 0.00026371
7104 7101 0.00026371
6965 7102 0.0015661
6968 7102 0.0015661
7101 7102 0.0015661
5822 7103 0.0076252
6963 7103 0.0076252
7102 7103 0.0076252
7104 7103 0.0076252
3323 7104 0.0016158
3324 7104 0.0016158
7103 7104 0.0016158
5837 7111 0.00085404
6927 7111 0.00085404
7069 7111 0.00085404
7112 7111 0.00085404
2146 7114 0.00034246
3712 7114 0.00034246
4663 7114 0.00034246
7113 7114 0.00034246
1576 7148 0.0027372
7149 7148 0.0027372
3090 7151 0.00025947
5675 7151 0.00025947
5676 7151 0.00025947
7150 7151 0.00025947
6952 7160 0.00010332
7161 7160 0.00010332
7162 7160 0.00010332
4660 7220 0.99297
7221 7220 0.99297
1127 7274 0.0036345
3095 7274 0.0036345
3098 7274 0.0036345
