548 547 0.04678
6226 547 0.04678
6227 547 0.04678
6230 547 0.04678
547 548 0.019709
2073 548 0.019709
7094 548 0.019709
948 950 0.017439
951 950 0.017439
6355 950 0.017439
950 951 0.011089
6352 951 0.011089
6353 951 0.011089
6356 951 0.011089
995 994 0.085012
6359 994 0.085012
6360 994 0.085012
994 995 0.0057299
997 995 0.0057299
2076 995 0.0057299
2077 995 0.0057299
994 996 0.013733
997 996 0.013733
2076 996 0.013733
2077 996 0.013733
996 997 0.0029549
3119 997 0.0029549
4790 997 0.0029549
6237 997 0.0029549
2072 2071 0.0003097
2074 2071 0.0003097
2075 2071 0.0003097
3906 2071 0.0003097
2071 2072 0.015711
6238 2072 0.015711
6239 2072 0.015711
2072 2073 0.066257
2074 2073 0.066257
2075 2073 0.066257
3906 2073 0.066257
547 2074 0.00081338
2073 2074 0.00081338
7094 2074 0.00081338
994 2075 0.081187
997 2075 0.081187
2076 2075 0.081187
2077 2075 0.081187
2072 2076 0.0015894
2074 2076 0.0015894
2075 2076 0.0015894
3906 2076 0.0015894
2078 2077 0.014842
2358 2077 0.014842
2361 2077 0.014842
6371 2077 0.014842
994 2078 0.003748
997 2078 0.003748
2076 2078 0.003748
2077 2078 0.003748
2348 2349 0.00011413
5239 2349 0.00011413
5739 2349 0.00011413
2352 2353 0.020579
2355 2353 0.020579
5269 2353 0.020579
2352 2354 0.0021199
2355 2354 0.0021199
5269 2354 0.0021199
2354 2355 0.011611
2357 2355 0.011611
2354 2356 0.00031307
2357 2356 0.00031307
2356 2357 0.014308
2359 2357 0.014308
6362 2357 0.014308
7160 2357 0.014308
2356 2358 0.017286
2359 2358 0.017286
6362 2358 0.017286
7160 2358 0.017286
2078 2359 0.0020015
2358 2359 0.0020015
2361 2359 0.0020015
6371 2359 0.0020015
2078 2360 0.0054932
2358 2360 0.0054932
2361 2360 0.0054932
6371 2360 0.0054932
2360 2361 0.00064053
2363 2361 0.00064053
3120 2361 0.00064053
2360 2362 0.00079571
2363 2362 0.00079571
3120 2362 0.00079571
2362 2363 0.00022504
2365 2363 0.00022504
6395 2363 0.00022504
2362 2364 0.00078704
2365 2364 0.00078704
6395 2364 0.00078704
2364 2366 0.00040527
2367 2366 0.00040527
6366 2366 0.00040527
6367 2366 0.00040527
2360 3119 0.0050169
2363 3119 0.0050169
3120 3119 0.0050169
996 3120 0.00073493
3119 3120 0.00073493
4790 3120 0.00073493
6237 3120 0.00073493
3122 3121 0.32312
5270 3121 0.32312
6233 3121 0.32312
3138 3137 0.0013182
5832 3137 0.0013182
6422 3137 0.0013182
3140 3139 0.00018685
6372 3139 0.00018685
6373 3139 0.00018685
6407 3139 0.00018685
3141 3143 0.00011223
3144 3143 0.00011223
4787 3143 0.00011223
3143 3145 0.00010588
3146 3145 0.00010588
6374 3145 0.00010588
6375 3145 0.00010588
3316 3317 0.00040675
7005 3317 0.00040675
7008 3317 0.00040675
7088 3317 0.00040675
3319 3318 0.0017351
5985 3318 0.0017351
7093 3318 0.0017351
7095 3318 0.0017351
3318 3319 0.0020552
6983 3319 0.0020552
7092 3319 0.0020552
3321 3320 0.0033497
3322 3320 0.0033497
7097 3320 0.0033497
3320 3321 0.15149
6977 3321 0.15149
7096 3321 0.15149
3323 3322 0.0017441
3324 3322 0.0017441
7103 3322 0.0017441
3321 3323 0.44187
3322 3323 0.44187
7097 3323 0.44187
3325 3324 0.0019846
3326 3324 0.0019846
7099 3324 0.0019846
3323 3325 0.66412
3324 3325 0.66412
7103 3325 0.66412
2753 3326 0.0022732
3327 3326 0.0022732
5237 3326 0.0022732
3325 3327 0.66327
3326 3327 0.66327
7099 3327 0.66327
2353 3328 0.021994
3337 3328 0.021994
3332 3331 0.024177
3334 3331 0.024177
3331 3332 0.013564
5827 3332 0.013564
5829 3332 0.013564
3332 3333 0.013564
3334 3333 0.013564
3333 3334 0.024177
3336 3334 0.024177
6225 3334 0.024177
3333 3335 0.21712
3336 3335 0.21712
6225 3335 0.21712
3335 3336 0.006861
5823 3336 0.006861
5831 3336 0.006861
6967 3336 0.006861
3137 3337 0.0014218
3302 3337 0.0014218
3338 3337 0.0014218
3343 3338 0.00013284
3639 3338 0.00013284
3962 3338 0.00013284
3638 3639 0.00010195
3640 3639 0.00010195
5268 3639 0.00010195
3907 3906 0.005458
4019 3906 0.005458
6228 3906 0.005458
6358 3906 0.005458
2072 3907 1.035
2074 3907 1.035
2075 3907 1.035
3906 3907 1.035
4020 4019 0.0048356
6232 4019 0.0048356
6351 4019 0.0048356
3907 4020 0.35176
4019 4020 0.35176
6228 4020 0.35176
6358 4020 0.35176
996 4789 0.0017534
3119 4789 0.0017534
4790 4789 0.0017534
6237 4789 0.0017534
4789 4790 0.000355
6240 4790 0.000355
6365 4790 0.000355
3121 5237 0.34508
3328 5237 0.34508
3329 5237 0.34508
3317 5239 0.0001135
5238 5239 0.0001135
7089 5239 0.0001135
3138 5268 0.00011358
5832 5268 0.00011358
6422 5268 0.00011358
3122 5269 0.012454
5270 5269 0.012454
6233 5269 0.012454
2753 5270 0.0060823
3327 5270 0.0060823
5237 5270 0.0060823
3335 5822 0.26046
5823 5822 0.26046
5831 5822 0.26046
6967 5822 0.26046
5822 5823 0.042302
6963 5823 0.042302
7102 5823 0.042302
7104 5823 0.042302
5825 5824 0.068748
5826 5824 0.068748
5830 5824 0.068748
5824 5825 0.11715
6964 5825 0.11715
7100 5825 0.11715
3331 5826 0.024177
5827 5826 0.024177
5829 5826 0.024177
5825 5827 0.013564
5826 5827 0.013564
5830 5827 0.013564
3335 5830 0.062596
5823 5830 0.062596
5831 5830 0.062596
6967 5830 0.062596
5825 5831 0.12161
5826 5831 0.12161
5830 5831 0.12161
2352 5832 0.0013728
2355 5832 0.0013728
5269 5832 0.0013728
2349 5985 0.00012281
5903 5985 0.00012281
5986 5985 0.00012281
7105 5985 0.00012281
3139 6111 0.00017177
3910 6111 0.00017177
6112 6111 0.00017177
548 6225 0.2285
6226 6225 0.2285
6227 6225 0.2285
6230 6225 0.2285
3333 6226 0.0076283
3336 6226 0.0076283
6225 6226 0.0076283
3907 6227 0.59998
4019 6227 0.59998
6228 6227 0.59998
6358 6227 0.59998
548 6228 0.004826
6226 6228 0.004826
6227 6228 0.004826
6230 6228 0.004826
548 6229 0.35904
6226 6229 0.35904
6227 6229 0.35904
6230 6229 0.35904
6229 6230 0.011832
6979 6230 0.011832
7063 6230 0.011832
4020 6231 0.3367
6232 6231 0.3367
6351 6231 0.3367
6231 6232 0.0008949
6234 6232 0.0008949
6354 6232 0.0008949
6231 6233 0.32979
6234 6233 0.32979
6354 6233 0.32979
3122 6234 0.00032977
5270 6234 0.00032977
6233 6234 0.00032977
2071 6237 0.00044696
6238 6237 0.00044696
6239 6237 0.00044696
996 6238 0.014109
3119 6238 0.014109
4790 6238 0.014109
6237 6238 0.014109
4789 6239 0.0018995
6240 6239 0.0018995
6365 6239 0.0018995
2071 6240 0.00015995
6238 6240 0.00015995
6239 6240 0.00015995
950 6351 0.019819
6352 6351 0.019819
6353 6351 0.019819
6356 6351 0.019819
4020 6352 0.030933
6232 6352 0.030933
6351 6352 0.030933
2354 6353 0.0045043
2357 6353 0.0045043
948 6354 0.011089
951 6354 0.011089
6355 6354 0.011089
6231 6355 0.017439
6234 6355 0.017439
6354 6355 0.017439
6357 6356 0.0093199
6361 6356 0.0093199
950 6357 0.031288
6352 6357 0.031288
6353 6357 0.031288
6356 6357 0.031288
995 6358 0.030434
6359 6358 0.030434
6360 6358 0.030434
3907 6359 0.11792
4019 6359 0.11792
6228 6359 0.11792
6358 6359 0.11792
6357 6360 0.028481
6361 6360 0.028481
995 6361 0.036682
6359 6361 0.036682
6360 6361 0.036682
6357 6362 0.030169
6361 6362 0.030169
6363 6364 0.00093467
6943 6364 0.00093467
7165 6364 0.00093467
2364 6365 0.00052984
2367 6365 0.00052984
6366 6365 0.00052984
6367 6365 0.00052984
4789 6366 0.00018866
6240 6366 0.00018866
6365 6366 0.00018866
3140 6371 0.0010134
6372 6371 0.0010134
6373 6371 0.0010134
6407 6371 0.0010134
2078 6372 0.00035134
2358 6372 0.00035134
2361 6372 0.00035134
6371 6372 0.00035134
3143 6373 0.00012719
3146 6373 0.00012719
6374 6373 0.00012719
6375 6373 0.00012719
3140 6374 0.00013379
6372 6374 0.00013379
6373 6374 0.00013379
6407 6374 0.00013379
6111 6395 0.00020673
6396 6395 0.00020673
6397 6395 0.00020673
6406 6395 0.00020673
4788 6407 0.00085445
6408 6407 0.00085445
6409 6407 0.00085445
6364 6409 0.00089243
6410 6409 0.00089243
6411 6409 0.00089243
6939 6938 0.00066886
7067 6938 0.00066886
7163 6938 0.00066886
7164 6938 0.00066886
6938 6939 0.00038287
6941 6939 0.00038287
6949 6939 0.00038287
6940 6941 0.00053
6942 6941 0.00053
6945 6941 0.00053
6947 6941 0.00053
6363 6942 0.00053
6943 6942 0.00053
7165 6942 0.00053
6938 6948 0.00085936
6941 6948 0.00085936
6949 6948 0.00085936
6948 6949 0.00013138
6950 6949 0.00013138
6953 6949 0.00013138
6948 6952 0.00085936
6950 6952 0.00085936
6953 6952 0.00085936
6952 6953 0.00013138
7161 6953 0.00013138
7162 6953 0.00013138
5824 6963 0.09931
6964 6963 0.09931
7100 6963 0.09931
5822 6964 0.14658
6963 6964 0.14658
7102 6964 0.14658
7104 6964 0.14658
6965 6967 0.0096564
6968 6967 0.0096564
7101 6967 0.0096564
3335 6968 0.060775
5823 6968 0.060775
5831 6968 0.060775
6967 6968 0.060775
6969 6971 0.036878
6972 6971 0.036878
6975 6971 0.036878
7066 6971 0.036878
6971 6972 0.042279
6974 6972 0.042279
7064 6972 0.042279
6971 6973 0.094368
6974 6973 0.094368
7064 6973 0.094368
6973 6974 0.010742
6976 6974 0.010742
6978 6974 0.010742
6973 6975 0.059786
6976 6975 0.059786
6978 6975 0.059786
6969 6976 0.031377
6972 6976 0.031377
6975 6976 0.031377
7066 6976 0.031377
6973 6977 0.082659
6976 6977 0.082659
6978 6977 0.082659
3320 6978 0.027441
6977 6978 0.027441
7096 6978 0.027441
6980 6979 0.031108
7065 6979 0.031108
7098 6979 0.031108
6229 6980 0.28929
6979 6980 0.28929
7063 6980 0.28929
6982 6981 0.00082214
6984 6981 0.00082214
6986 6981 0.00082214
6981 6982 0.00016783
6990 6982 0.00016783
6982 6983 0.00059428
6984 6983 0.00059428
6986 6983 0.00059428
3318 6984 0.0015423
6983 6984 0.0015423
7092 6984 0.0015423
6982 6985 0.00094215
6984 6985 0.00094215
6986 6985 0.00094215
6985 6986 0.00064842
6988 6986 0.00064842
6989 6986 0.00064842
6985 6987 0.0013548
6988 6987 0.0013548
6989 6987 0.0013548
6987 6988 0.00040674
6992 6988 0.00040674
6994 6988 0.00040674
6981 6989 0.00082214
6990 6989 0.00082214
6985 6990 0.00016783
6988 6990 0.00016783
6989 6990 0.00016783
6987 6991 0.0010885
6992 6991 0.0010885
6994 6991 0.0010885
6991 6992 0.00013303
6995 6992 0.00013303
7000 6992 0.00013303
6987 6993 0.00072726
6992 6993 0.00072726
6994 6993 0.00072726
6993 6994 0.00073465
6996 6994 0.00073465
6998 6994 0.00073465
7001 6994 0.00073465
6993 6995 0.00031436
6996 6995 0.00031436
6998 6995 0.00031436
7001 6995 0.00031436
6991 6996 0.00093823
6995 6996 0.00093823
7000 6996 0.00093823
6993 6997 0.0013742
6996 6997 0.0013742
6998 6997 0.0013742
7001 6997 0.0013742
6997 6998 0.00042612
7090 6998 0.00042612
7091 6998 0.00042612
6991 6999 0.00039084
6995 6999 0.00039084
7000 6999 0.00039084
6999 7001 0.00039084
7002 7001 0.00039084
7004 7001 0.00039084
2366 7005 0.00037585
7006 7005 0.00037585
7086 7005 0.00037585
6971 7063 0.011131
6974 7063 0.011131
7064 7063 0.011131
6229 7064 0.10016
6979 7064 0.10016
7063 7064 0.10016
6969 7065 0.062844
6972 7065 0.062844
6975 7065 0.062844
7066 7065 0.062844
6980 7066 0.029034
7065 7066 0.029034
7098 7066 0.029034
6997 7089 0.00010349
7090 7089 0.00010349
7091 7089 0.00010349
3317 7090 0.00042363
5238 7090 0.00042363
7089 7090 0.00042363
3318 7091 0.00045523
6983 7091 0.00045523
7092 7091 0.00045523
6997 7092 0.0017234
7090 7092 0.0017234
7091 7092 0.0017234
547 7093 0.093396
2073 7093 0.093396
7094 7093 0.093396
3319 7094 0.00088046
5985 7094 0.00088046
7093 7094 0.00088046
7095 7094 0.00088046
3320 7095 0.0017902
6977 7095 0.0017902
7096 7095 0.0017902
3319 7096 0.09471
5985 7096 0.09471
7093 7096 0.09471
7095 7096 0.09471
6980 7097 0.3113
7065 7097 0.3113
7098 7097 0.3113
3321 7098 0.019307
3322 7098 0.019307
7097 7098 0.019307
5824 7099 0.14582
6964 7099 0.14582
7100 7099 0.14582
3325 7100 0.14694
3326 7100 0.14694
7099 7100 0.14694
5822 7101 0.0096564
6963 7101 0.0096564
7102 7101 0.0096564
7104 7101 0.0096564
6965 7102 0.060775
6968 7102 0.060775
7101 7102 0.060775
5822 7103 0.28107
6963 7103 0.28107
7102 7103 0.28107
7104 7103 0.28107
3323 7104 0.05906
3324 7104 0.05906
7103 7104 0.05906
6952 7160 0.00097618
7161 7160 0.00097618
7162 7160 0.00097618
2356 7161 0.0018654
2359 7161 0.0018654
6362 7161 0.0018654
7160 7161 0.0018654
6939 7162 0.00032567
7067 7162 0.00032567
7163 7162 0.00032567
7164 7162 0.00032567
6952 7163 0.0019429
7161 7163 0.0019429
7162 7163 0.0019429
6939 7165 0.0014173
7067 7165 0.0014173
7163 7165 0.0014173
7164 7165 0.0014173
