52 51 0.00016772
1744 51 0.00016772
1745 51 0.00016772
51 52 0.0032198
2161 52 0.0032198
2163 52 0.0032198
54 53 0.00036148
1742 53 0.00036148
1743 53 0.00036148
53 54 0.015648
2159 54 0.015648
2160 54 0.015648
72 71 0.00024551
505 71 0.00024551
508 71 0.00024551
67 221 0.00025832
71 221 0.00025832
222 221 0.00025832
3393 221 0.00025832
224 223 0.0022463
823 223 0.0022463
826 223 0.0022463
223 225 0.0024945
226 225 0.0024945
495 225 0.0024945
236 235 0.0022335
819 235 0.0022335
4580 235 0.0022335
235 236 0.00010952
460 236 0.00010952
6056 236 0.00010952
253 254 0.00011463
256 254 0.00011463
436 254 0.00011463
1086 254 0.00011463
253 255 0.0032933
256 255 0.0032933
436 255 0.0032933
1086 255 0.0032933
267 268 0.16125
7247 268 0.16125
269 270 0.15798
272 270 0.15798
469 270 0.15798
271 272 0.1597
274 272 0.1597
435 272 0.1597
273 274 0.16305
276 274 0.16305
467 274 0.16305
275 276 0.16382
278 276 0.16382
6428 276 0.16382
277 278 0.39082
280 278 0.39082
1737 278 0.39082
279 280 0.39082
6705 280 0.39082
282 281 0.00022533
1741 281 0.00022533
6704 281 0.00022533
281 282 0.37126
1753 282 0.37126
6278 282 0.37126
253 435 0.00010793
256 435 0.00010793
436 435 0.00010793
1086 435 0.00010793
271 436 0.0034648
274 436 0.0034648
435 436 0.0034648
233 456 0.00074046
455 456 0.00074046
463 456 0.00074046
458 457 0.00010494
3398 457 0.00010494
3399 457 0.00010494
456 458 0.0029835
457 458 0.0029835
6055 458 0.0029835
235 459 0.00025983
460 459 0.00025983
6056 459 0.00025983
459 460 0.00029135
461 460 0.00029135
464 460 0.00029135
462 461 0.00077117
817 461 0.00077117
820 461 0.00077117
459 463 0.00074046
461 463 0.00074046
464 463 0.00074046
468 467 0.00011324
831 467 0.00011324
834 467 0.00011324
273 468 0.00088291
276 468 0.00088291
467 468 0.00088291
470 469 0.0004857
825 469 0.0004857
828 469 0.0004857
269 470 0.0022105
272 470 0.0022105
469 470 0.0022105
496 495 0.00025221
821 495 0.00025221
824 495 0.00025221
507 508 0.0002731
3372 508 0.0002731
6057 508 0.0002731
521 522 0.00014879
3424 522 0.00014879
3890 522 0.00014879
524 523 0.00044194
1965 523 0.00044194
2884 523 0.00044194
523 524 0.00015276
564 524 0.00015276
6447 524 0.00015276
558 557 0.38613
5766 557 0.38613
6474 557 0.38613
557 558 0.00019678
6037 558 0.00019678
6465 558 0.00019678
523 563 0.0033168
564 563 0.0033168
6447 563 0.0033168
563 564 0.0010629
2888 564 0.0010629
4801 564 0.0010629
565 566 0.013149
980 566 0.013149
983 566 0.013149
568 567 0.47743
4174 567 0.47743
6435 567 0.47743
570 569 0.0076816
6429 569 0.0076816
6432 569 0.0076816
569 570 0.00026775
4806 570 0.00026775
5884 570 0.00026775
578 577 1
2737 577 1
3003 577 1
5067 579 0.0055563
6033 579 0.0055563
728 727 0.0033621
3375 727 0.0033621
4693 727 0.0033621
727 728 0.001024
731 728 0.001024
7126 728 0.001024
732 731 0.15452
798 731 0.15452
7216 731 0.15452
733 734 0.15681
7127 734 0.15681
522 735 0.00038956
736 735 0.00038956
3419 735 0.00038956
3434 735 0.00038956
735 738 0.34541
737 738 0.34541
740 738 0.34541
739 740 0.34508
2885 740 0.34508
5251 740 0.34508
796 795 0.006532
2875 795 0.006532
3441 795 0.006532
732 797 0.0074697
798 797 0.0074697
7216 797 0.0074697
797 798 0.00058513
2876 798 0.00058513
4596 798 0.00058513
236 820 0.00077117
819 820 0.00077117
4580 820 0.00077117
224 824 0.00025221
823 824 0.00025221
826 824 0.00025221
470 826 0.0024974
825 826 0.0024974
828 826 0.0024974
470 827 0.00011324
825 827 0.00011324
828 827 0.00011324
477 828 0.00088291
827 828 0.00088291
830 828 0.00088291
477 829 0.00011324
827 829 0.00011324
830 829 0.00011324
479 830 0.00088291
829 830 0.00088291
832 830 0.00088291
479 831 0.00011324
829 831 0.00011324
832 831 0.00011324
468 832 0.00088291
831 832 0.00088291
834 832 0.00088291
577 849 1
847 849 1
850 849 1
849 851 1
852 851 1
4795 851 1
5764 853 0.14558
6814 853 0.14558
942 943 0.0002946
945 943 0.0002946
5898 943 0.0002946
7252 943 0.0002946
944 945 0.00027874
947 945 0.00027874
4210 945 0.00027874
946 947 0.00028779
6707 947 0.00028779
981 980 0.1815
5779 980 0.1815
6433 980 0.1815
6436 980 0.1815
565 982 0.16836
980 982 0.16836
983 982 0.16836
982 984 0.16836
985 984 0.16836
2889 984 0.16836
984 986 0.16836
987 986 0.16836
2891 986 0.16836
2893 986 0.16836
251 1076 0.00010995
254 1076 0.00010995
1077 1076 0.00010995
1078 1076 0.00010995
1085 1086 0.00011301
1087 1086 0.00011301
1088 1086 0.00011301
1111 1110 0.00044837
1476 1110 0.00044837
6069 1110 0.00044837
1110 1111 0.00013498
2880 1111 0.00013498
2881 1111 0.00013498
1466 1117 0.65458
2325 1117 0.65458
1226 1227 0.00051738
1536 1227 0.00051738
4200 1227 0.00051738
567 1466 0.47895
1467 1466 0.47895
1468 1467 0.0015386
5934 1467 0.0015386
1117 1468 0.65618
2345 1468 0.65618
1477 1476 0.00023361
3381 1476 0.00023361
3388 1476 0.00023361
1226 1537 0.00079382
1536 1537 0.00079382
4200 1537 0.00079382
1653 1654 0.00049123
7054 1654 0.00049123
7076 1654 0.00049123
1657 1658 0.0002946
4219 1658 0.0002946
4817 1658 0.0002946
54 1741 0.02003
1742 1741 0.02003
1743 1741 0.02003
282 1742 0.00024588
1741 1742 0.00024588
6704 1742 0.00024588
52 1743 0.004573
1744 1743 0.004573
1745 1743 0.004573
1746 1745 0.0014899
1747 1745 0.0014899
1748 1747 0.0014899
1749 1747 0.0014899
2162 1747 0.0014899
1750 1749 0.0048546
1752 1749 0.0048546
2158 1749 0.0048546
1748 1750 0.00010252
1749 1750 0.00010252
2162 1750 0.00010252
1750 1751 0.00028992
1752 1751 0.00028992
2158 1751 0.00028992
1751 1752 0.020074
4538 1752 0.020074
6275 1752 0.020074
6277 1752 0.020074
1754 1753 0.0032047
3585 1753 0.0032047
3588 1753 0.0032047
281 1754 0.0078423
1753 1754 0.0078423
6278 1754 0.0078423
1756 1755 0.005102
1757 1755 0.005102
2157 1755 0.005102
1755 1756 0.0079403
4537 1756 0.0079403
6038 1756 0.0079403
1760 1759 0.0079403
1761 1759 0.0079403
2156 1759 0.0079403
1759 1760 0.005102
1765 1760 0.005102
6276 1760 0.005102
1766 1765 0.007995
3587 1765 0.007995
3590 1765 0.007995
1759 1766 0.002787
1765 1766 0.002787
6276 1766 0.002787
571 1779 0.0042172
1780 1779 0.0042172
1781 1779 0.0042172
1779 1780 0.0036218
3663 1780 0.0036218
5769 1780 0.0036218
1782 1781 0.0042172
1783 1781 0.0042172
1803 1781 0.0042172
571 1782 0.0036218
1780 1782 0.0036218
1781 1782 0.0036218
1784 1783 0.0002344
1785 1783 0.0002344
1801 1783 0.0002344
1782 1784 0.00025355
1783 1784 0.00025355
1803 1784 0.00025355
1784 1786 0.00020242
1785 1786 0.00020242
1801 1786 0.00020242
1793 1801 0.00016904
1802 1801 0.00016904
5990 1801 0.00016904
1804 1803 0.0040419
2284 1803 0.0040419
6475 1803 0.0040419
1782 1804 0.0034274
1783 1804 0.0034274
1803 1804 0.0034274
4601 1809 0.86749
5066 1809 0.86749
5576 1966 0.00010127
5579 1966 0.00010127
1991 1992 1
1994 1992 1
1993 1994 1
1996 1994 1
1995 1996 1
1998 1996 1
2000 1996 1
1756 2156 0.0079403
1757 2156 0.0079403
2157 2156 0.0079403
1760 2157 0.005102
1761 2157 0.005102
2156 2157 0.005102
53 2158 0.00038152
2159 2158 0.00038152
2160 2158 0.00038152
1750 2159 0.015413
1752 2159 0.015413
2158 2159 0.015413
51 2160 0.0011876
2161 2160 0.0011876
2163 2160 0.0011876
53 2161 0.0009332
2159 2161 0.0009332
2160 2161 0.0009332
51 2162 0.00014184
2161 2162 0.00014184
2163 2162 0.00014184
1748 2163 0.0034484
1749 2163 0.0034484
2162 2163 0.0034484
1466 2324 0.00076787
2325 2324 0.00076787
2324 2325 0.1764
7131 2325 0.1764
2327 2326 0.0018976
4708 2326 0.0018976
5968 2326 0.0018976
2326 2327 0.078755
7259 2327 0.078755
2329 2328 0.0010331
5896 2328 0.0010331
7254 2328 0.0010331
7258 2328 0.0010331
2328 2329 0.057052
7257 2329 0.057052
2331 2330 0.0012414
4196 2330 0.0012414
5971 2330 0.0012414
7256 2330 0.0012414
2330 2331 0.043412
2333 2331 0.043412
5975 2331 0.043412
2330 2332 0.00027395
2333 2332 0.00027395
5975 2332 0.00027395
2332 2333 0.034025
2335 2333 0.034025
4216 2333 0.034025
2332 2334 0.00025192
2335 2334 0.00025192
4216 2334 0.00025192
2334 2335 0.034146
2337 2335 0.034146
5977 2335 0.034146
7152 2335 0.034146
2334 2336 0.00011246
2337 2336 0.00011246
5977 2336 0.00011246
7152 2336 0.00011246
2336 2337 0.027173
2339 2337 0.027173
4709 2337 0.027173
2338 2339 0.026614
2341 2339 0.026614
4198 2339 0.026614
1654 2341 0.00049153
2340 2341 0.00049153
2343 2341 0.00049153
1117 2344 0.0010962
2345 2344 0.0010962
2344 2345 0.0027045
2347 2345 0.0027045
5906 2345 0.0027045
2344 2346 0.0010268
2347 2346 0.0010268
5906 2346 0.0010268
2346 2347 0.00024303
6960 2347 0.00024303
7108 2347 0.00024303
2633 2632 0.44792
2635 2632 0.44792
2644 2632 0.44792
6716 2634 0.01207
2634 2635 0.011024
2636 2635 0.011024
2633 2636 0.0044584
2635 2636 0.0044584
2644 2636 0.0044584
2640 2637 0.34489
4087 2637 0.34489
5732 2637 0.34489
2637 2638 0.6093
2641 2638 0.6093
2638 2639 0.43597
4085 2640 0.34487
4085 2641 0.26441
2639 2642 0.44147
2645 2642 0.44147
2642 2644 0.44135
2643 2644 0.44135
2634 2645 0.0055049
2636 2645 0.0055049
6717 2646 0.17333
1990 2737 1
1992 2737 1
2738 2737 1
3664 2749 0.0052738
6466 2749 0.0052738
797 2875 0.0039415
2876 2875 0.0039415
4596 2875 0.0039415
796 2876 0.0013317
2875 2876 0.0013317
3441 2876 0.0013317
566 2877 0.012928
2878 2877 0.012928
6439 2877 0.012928
1110 2879 0.011361
2880 2879 0.011361
2881 2879 0.011361
734 2880 0.00031525
2879 2880 0.00031525
5252 2880 0.00031525
2877 2881 0.010949
2882 2881 0.010949
6443 2881 0.010949
6446 2881 0.010949
1110 2882 0.00021576
2880 2882 0.00021576
2881 2882 0.00021576
524 2883 0.00015276
1965 2883 0.00015276
2884 2883 0.00015276
2883 2884 0.00044194
6445 2884 0.00044194
6448 2884 0.00044194
2886 2885 0.17074
2887 2885 0.17074
2901 2885 0.17074
739 2886 0.00013186
2885 2886 0.00013186
5251 2886 0.00013186
563 2887 0.17074
2888 2887 0.17074
4801 2887 0.17074
2886 2888 0.00013186
2887 2888 0.00013186
2901 2888 0.00013186
2906 2905 0.0048919
3893 2905 0.0048919
3894 2905 0.0048919
2905 2906 0.0016572
6131 2906 0.0016572
6134 2906 0.0016572
2908 2907 0.0016572
3895 2907 0.0016572
3897 2907 0.0016572
2907 2908 0.0048919
6133 2908 0.0048919
6136 2908 0.0048919
2911 2913 0.00025844
2914 2913 0.00025844
6130 2913 0.00025844
738 2914 0.29487
2913 2914 0.29487
5577 2914 0.29487
225 3372 0.0002731
2186 3372 0.0002731
3371 3372 0.0002731
4692 3372 0.0002731
3376 3375 0.0013293
3377 3375 0.0013293
3389 3375 0.0013293
4613 3375 0.0013293
728 3376 0.0012184
3375 3376 0.0012184
4693 3376 0.0012184
3378 3377 0.00033024
3379 3377 0.00033024
6063 3377 0.00033024
3376 3378 0.0010269
3377 3378 0.0010269
3389 3378 0.0010269
4613 3378 0.0010269
3380 3379 0.0001511
3387 3379 0.0001511
6065 3379 0.0001511
3378 3380 0.00013743
3379 3380 0.00013743
6063 3380 0.00013743
3382 3381 0.00016628
3383 3381 0.00016628
6067 3381 0.00016628
3384 3383 0.0001637
4379 3383 0.0001637
4381 3383 0.0001637
6442 3383 0.0001637
1477 3387 0.00013205
3381 3387 0.00013205
3388 3387 0.00013205
3380 3388 0.00013511
3387 3388 0.00013511
6065 3388 0.00013511
221 3389 0.0010808
3390 3389 0.0010808
6064 3389 0.0010808
3376 3390 0.00012076
3377 3390 0.00012076
3389 3390 0.00012076
4613 3390 0.00012076
458 3397 0.16132
3398 3397 0.16132
3399 3397 0.16132
3400 3399 0.15847
4579 3399 0.15847
7244 3399 0.15847
268 3401 0.16132
3402 3401 0.16132
5255 3401 0.16132
1966 3424 0.00010127
3423 3424 0.00010127
561 3434 0.00018399
3433 3434 0.00018399
6459 3434 0.00018399
6462 3434 0.00018399
3436 3435 0.00046417
3442 3435 0.00046417
3443 3435 0.00046417
4595 3435 0.00046417
3435 3437 0.00013842
3438 3437 0.00013842
3571 3437 0.00013842
3574 3437 0.00013842
3436 3441 0.0040412
3442 3441 0.0040412
3443 3441 0.0040412
4595 3441 0.0040412
796 3442 0.00018186
2875 3442 0.00018186
3441 3442 0.00018186
3435 3573 0.00034403
3438 3573 0.00034403
3571 3573 0.00034403
3574 3573 0.00034403
3407 3575 0.00037747
3573 3575 0.00037747
3576 3575 0.00037747
3575 3577 0.00028163
3578 3577 0.00028163
4617 3577 0.00028163
795 3578 0.00010007
3577 3578 0.00010007
4598 3578 0.00010007
4615 3578 0.00010007
1754 3587 0.0078423
3585 3587 0.0078423
3588 3587 0.0078423
1766 3588 0.0032047
3587 3588 0.0032047
3590 3588 0.0032047
1766 3589 0.00036879
3587 3589 0.00036879
3590 3589 0.00036879
1763 3590 0.00093925
3589 3590 0.00093925
4600 3590 0.00093925
1779 3664 0.0052662
3663 3664 0.0052662
5769 3664 0.0052662
2908 3894 0.0048919
3895 3894 0.0048919
3897 3894 0.0048919
2906 3895 0.0016572
3893 3895 0.0016572
3894 3895 0.0016572
3898 3899 0.70539
5581 3899 0.70539
5935 3899 0.70539
5770 4085 0.60928
5772 4085 0.60928
4163 4162 0.039854
4164 4162 0.039854
5889 4162 0.039854
5892 4162 0.039854
4162 4163 0.0083686
4171 4163 0.0083686
5793 4163 0.0083686
4165 4164 0.04019
4166 4164 0.04019
5929 4164 0.04019
5972 4164 0.04019
4163 4165 0.0088706
4164 4165 0.0088706
5889 4165 0.0088706
5892 4165 0.0088706
4167 4166 0.02751
4168 4166 0.02751
5923 4166 0.02751
5926 4166 0.02751
4165 4167 0.0066455
4166 4167 0.0066455
5929 4167 0.0066455
5972 4167 0.0066455
4169 4168 0.014489
4193 4168 0.014489
4194 4168 0.014489
4167 4169 0.0018278
4168 4169 0.0018278
5923 4169 0.0018278
5926 4169 0.0018278
4162 4170 0.057519
4171 4170 0.057519
5793 4170 0.057519
4170 4171 0.00061303
4173 4171 0.00061303
5933 4171 0.00061303
4170 4172 0.020089
4173 4172 0.020089
5933 4172 0.020089
4172 4173 0.0022614
5797 4173 0.0022614
4175 4174 0.093219
4176 4174 0.093219
5784 4174 0.093219
5785 4174 0.093219
568 4175 0.0030756
4174 4175 0.0030756
6435 4175 0.0030756
4177 4176 0.085205
4178 4176 0.085205
5970 4176 0.085205
4175 4177 0.0011309
4176 4177 0.0011309
5784 4177 0.0011309
5785 4177 0.0011309
4179 4178 0.078452
4180 4178 0.078452
4177 4179 0.001319
4178 4179 0.001319
5970 4179 0.001319
4181 4180 0.099722
4182 4180 0.099722
5885 4180 0.099722
5888 4180 0.099722
4179 4181 0.00063923
4180 4181 0.00063923
4183 4182 0.079486
4184 4182 0.079486
5928 4182 0.079486
4181 4183 0.005846
4182 4183 0.005846
5885 4183 0.005846
5888 4183 0.005846
4185 4184 0.093469
4186 4184 0.093469
5922 4184 0.093469
4183 4185 0.0012132
4184 4185 0.0012132
5928 4185 0.0012132
4187 4186 0.11014
4188 4186 0.11014
4195 4186 0.11014
4185 4187 0.00016953
4186 4187 0.00016953
5922 4187 0.00016953
4189 4188 0.12139
4190 4188 0.12139
5918 4188 0.12139
4191 4190 0.1342
4666 4190 0.1342
6469 4190 0.1342
4169 4192 0.0020797
4193 4192 0.0020797
4194 4192 0.0020797
4192 4193 0.0033439
5919 4193 0.0033439
5980 4193 0.0033439
4187 4194 0.013279
4188 4194 0.013279
4195 4194 0.013279
4169 4195 0.001882
4193 4195 0.001882
4194 4195 0.001882
5771 4198 0.027404
5881 4198 0.027404
2338 4200 0.0012504
2341 4200 0.0012504
4198 4200 0.0012504
2332 4215 0.0002186
2335 4215 0.0002186
4216 4215 0.0002186
4217 4218 0.00021109
6727 4218 0.00021109
4220 4219 0.0002946
4222 4219 0.0002946
943 4222 0.0002946
4221 4222 0.0002946
4815 4222 0.0002946
3385 4381 0.00022514
4382 4381 0.00022514
6437 4381 0.00022514
6440 4381 0.00022514
1755 4538 0.38743
4537 4538 0.38743
6038 4538 0.38743
3400 4580 0.0029699
4579 4580 0.0029699
7244 4580 0.0029699
797 4595 0.0044029
2876 4595 0.0044029
4596 4595 0.0044029
3436 4596 0.00012809
3442 4596 0.00012809
3443 4596 0.00012809
4595 4596 0.00012809
795 4597 0.0067006
3577 4597 0.0067006
4598 4597 0.0067006
4615 4597 0.0067006
1763 4599 0.00036879
3589 4599 0.00036879
4600 4599 0.00036879
2749 4600 0.00093925
4599 4600 0.00093925
579 4601 1.0056
6810 4601 1.0056
3376 4612 0.00024121
3377 4612 0.00024121
3389 4612 0.00024121
4613 4612 0.00024121
3575 4616 0.0001849
3578 4616 0.0001849
4617 4616 0.0001849
2646 4664 0.16116
5774 4664 0.16116
5775 4664 0.16116
4664 4666 0.13643
4665 4666 0.13643
225 4691 0.0022279
2186 4691 0.0022279
3371 4691 0.0022279
4692 4691 0.0022279
729 4693 0.0022279
4691 4693 0.0022279
4694 4693 0.0022279
2327 4707 0.12229
4708 4707 0.12229
5968 4707 0.12229
3189 4708 0.0024328
4707 4708 0.0024328
5981 4708 0.0024328
7130 4708 0.0024328
1537 4709 0.00079395
4710 4709 0.00079395
986 4801 0.16836
2895 4801 0.16836
4802 4801 0.16836
569 4805 0.029061
4806 4805 0.029061
5884 4805 0.029061
4805 4806 0.00038154
6431 4806 0.00038154
6434 4806 0.00038154
5067 5066 0.0075085
6033 5066 0.0075085
5068 5067 0.0077871
6463 5067 0.0077871
853 5068 0.012728
1809 5068 0.012728
4597 5251 0.17449
5250 5251 0.17449
5253 5251 0.17449
734 5253 0.16786
2879 5253 0.16786
5252 5253 0.16786
738 5576 0.052041
2913 5576 0.052041
5577 5576 0.052041
5576 5577 0.0012418
5579 5577 0.0012418
5576 5578 0.051954
5579 5578 0.051954
5578 5579 0.0012554
5583 5579 0.0012554
5584 5579 0.0012554
3898 5580 0.0012569
5581 5580 0.0012569
5935 5580 0.0012569
1233 5581 0.051999
5580 5581 0.051999
5582 5581 0.051999
5578 5582 0.051953
5583 5582 0.051953
5584 5582 0.051953
1233 5583 0.0012562
5580 5583 0.0012562
5582 5583 0.0012562
4601 5764 0.14558
5066 5764 0.14558
853 5765 1.0003
1809 5765 1.0003
6822 5766 1.0004
580 5767 0.00032247
5765 5767 0.00032247
5768 5767 0.00032247
2190 5768 0.00037294
5767 5768 0.00037294
6464 5768 0.00037294
558 5769 0.61384
5766 5769 0.61384
6474 5769 0.61384
1779 5770 0.60918
3663 5770 0.60918
5769 5770 0.60918
4664 5771 0.024732
4665 5771 0.024732
6467 5772 0.00010861
2646 5773 0.002905
5774 5773 0.002905
5775 5773 0.002905
5773 5774 0.00023336
5880 5774 0.00023336
5776 5775 0.00029166
6468 5775 0.00029166
2646 5776 0.0097963
5774 5776 0.0097963
5775 5776 0.0097963
5780 5779 0.32169
5781 5779 0.32169
5786 5779 0.32169
981 5780 0.0012064
5779 5780 0.0012064
6433 5780 0.0012064
6436 5780 0.0012064
2632 5781 0.33496
5782 5781 0.33496
5883 5781 0.33496
5886 5781 0.33496
5780 5782 0.00039361
5781 5782 0.00039361
5786 5782 0.00039361
4175 5783 0.011488
4176 5783 0.011488
5784 5783 0.011488
5785 5783 0.011488
5783 5784 0.003474
5788 5784 0.003474
5796 5784 0.003474
5780 5785 0.017397
5781 5785 0.017397
5786 5785 0.017397
4175 5786 0.003314
4176 5786 0.003314
5784 5786 0.003314
5785 5786 0.003314
5783 5787 0.019843
5788 5787 0.019843
5796 5787 0.019843
5787 5788 0.00094207
5914 5788 0.00094207
5915 5788 0.00094207
5790 5789 0.038309
5791 5789 0.038309
5932 5789 0.038309
5969 5789 0.038309
5789 5790 0.0014389
5911 5790 0.0014389
5913 5790 0.0014389
5982 5790 0.0014389
5792 5791 0.044152
5891 5791 0.044152
5894 5791 0.044152
5790 5792 0.0033574
5791 5792 0.0033574
5932 5792 0.0033574
5969 5792 0.0033574
5794 5793 0.02542
5931 5793 0.02542
5795 5794 0.011143
5887 5794 0.011143
5890 5794 0.011143
5794 5795 0.0076727
5931 5795 0.0076727
4172 5796 0.016048
5797 5796 0.016048
5783 5797 0.0051613
5788 5797 0.0051613
5796 5797 0.0051613
5773 5879 0.002905
5880 5879 0.002905
5879 5880 0.00023336
5882 5880 0.00023336
5879 5881 0.002905
5882 5881 0.002905
5771 5882 0.00023336
5881 5882 0.00023336
569 5883 0.0026907
4806 5883 0.0026907
5884 5883 0.0026907
2632 5884 0.023957
5782 5884 0.023957
5883 5884 0.023957
5886 5884 0.023957
2632 5885 0.099454
5782 5885 0.099454
5883 5885 0.099454
5886 5885 0.099454
4181 5886 0.007374
4182 5886 0.007374
5885 5886 0.007374
5888 5886 0.007374
4181 5887 0.07613
4182 5887 0.07613
5885 5887 0.07613
5888 5887 0.07613
5795 5888 0.0094926
5887 5888 0.0094926
5890 5888 0.0094926
5795 5889 0.070342
5887 5889 0.070342
5890 5889 0.070342
4163 5890 0.0071751
4164 5890 0.0071751
5889 5890 0.0071751
5892 5890 0.0071751
4163 5891 0.066237
4164 5891 0.066237
5889 5891 0.066237
5892 5891 0.066237
5792 5892 0.0032361
5891 5892 0.0032361
5894 5892 0.0032361
5792 5893 0.026359
5891 5893 0.026359
5894 5893 0.026359
5893 5894 0.0041526
7255 5894 0.0041526
2329 5895 0.0015403
5896 5895 0.0015403
7254 5895 0.0015403
7258 5895 0.0015403
5895 5896 0.00017244
7253 5896 0.00017244
942 5897 0.0013671
945 5897 0.0013671
5898 5897 0.0013671
7252 5897 0.0013671
5897 5899 0.00013552
5900 5899 0.00013552
5983 5899 0.00013552
5899 5901 0.00013038
5902 5901 0.00013038
5910 5901 0.00013038
2344 5905 0.00013174
2347 5905 0.00013174
5906 5905 0.00013174
5905 5906 0.0025238
6955 5906 0.0025238
7110 5906 0.0025238
1658 5908 0.0015531
5747 5908 0.0015531
5907 5908 0.0015531
5984 5908 0.0015531
5787 5913 0.019843
5914 5913 0.019843
5915 5913 0.019843
5789 5914 0.00094207
5911 5914 0.00094207
5913 5914 0.00094207
5982 5914 0.00094207
4189 5917 0.013077
4190 5917 0.013077
5918 5917 0.013077
5917 5918 0.00024979
5920 5918 0.00024979
5978 5918 0.00024979
5917 5919 0.0063499
5920 5919 0.0063499
5978 5919 0.0063499
4192 5920 0.00048856
5919 5920 0.00048856
5980 5920 0.00048856
4185 5921 0.026038
4186 5921 0.026038
5922 5921 0.026038
5921 5922 0.0083234
5924 5922 0.0083234
5973 5922 0.0083234
5921 5923 0.019288
5924 5923 0.019288
5973 5923 0.019288
4167 5924 0.0072628
4168 5924 0.0072628
5923 5924 0.0072628
5926 5924 0.0072628
4167 5925 0.0080266
4168 5925 0.0080266
5923 5925 0.0080266
5926 5925 0.0080266
5925 5926 0.0042046
5976 5926 0.0042046
5979 5926 0.0042046
4183 5927 0.02691
4184 5927 0.02691
5928 5927 0.02691
5927 5928 0.0082944
5930 5928 0.0082944
5974 5928 0.0082944
5927 5929 0.030093
5930 5929 0.030093
5974 5929 0.030093
4165 5930 0.0057889
4166 5930 0.0057889
5929 5930 0.0057889
5972 5930 0.0057889
4179 5931 0.021949
4180 5931 0.021949
4170 5932 0.041136
4173 5932 0.041136
5933 5932 0.041136
5790 5933 0.0020579
5791 5933 0.0020579
5932 5933 0.0020579
5969 5933 0.0020579
1468 5935 0.65466
5934 5935 0.65466
5790 5968 0.047079
5791 5968 0.047079
5932 5968 0.047079
5969 5968 0.047079
2327 5969 0.0040759
4708 5969 0.0040759
5968 5969 0.0040759
4172 5970 0.0069413
5797 5970 0.0069413
4165 5971 0.016499
4166 5971 0.016499
5929 5971 0.016499
5972 5971 0.016499
2331 5972 0.0026503
4196 5972 0.0026503
5971 5972 0.0026503
7256 5972 0.0026503
5927 5973 0.0066064
5930 5973 0.0066064
5974 5973 0.0066064
5921 5974 0.012295
5924 5974 0.012295
5973 5974 0.012295
5925 5975 0.010763
5976 5975 0.010763
5979 5975 0.010763
2330 5976 0.0023439
2333 5976 0.0023439
5975 5976 0.0023439
5917 5977 0.008399
5920 5977 0.008399
5978 5977 0.008399
2334 5978 0.0014329
2337 5978 0.0014329
5977 5978 0.0014329
7152 5978 0.0014329
4192 5979 0.0065011
5919 5979 0.0065011
5980 5979 0.0065011
5925 5980 0.001904
5976 5980 0.001904
5979 5980 0.001904
5789 5981 0.056289
5911 5981 0.056289
5913 5981 0.056289
5982 5981 0.056289
3189 5982 0.00051892
4707 5982 0.00051892
5981 5982 0.00051892
7130 5982 0.00051892
5897 5984 0.0012606
5900 5984 0.0012606
5983 5984 0.0012606
1786 5990 0.00015655
1787 5990 0.00015655
5989 5990 0.00015655
4541 6033 0.0052777
6034 6033 0.0052777
5068 6034 0.0052791
6463 6034 0.0052791
557 6038 0.39029
6037 6038 0.39029
6465 6038 0.39029
255 6049 0.0033096
258 6049 0.0033096
6050 6049 0.0033096
235 6055 0.0022737
460 6055 0.0022737
6056 6055 0.0022737
456 6056 0.00011825
457 6056 0.00011825
6055 6056 0.00011825
221 6063 0.00021905
3390 6063 0.00021905
6064 6063 0.00021905
3378 6064 0.00092937
3379 6064 0.00092937
6063 6064 0.00092937
61 6069 0.00024121
4612 6069 0.00024121
6070 6069 0.00024121
2911 6129 0.29487
2914 6129 0.29487
6130 6129 0.29487
2903 6130 0.00025844
6129 6130 0.00025844
6132 6130 0.00025844
2903 6131 0.29487
6129 6131 0.29487
6132 6131 0.29487
2905 6132 0.00025844
6131 6132 0.00025844
6134 6132 0.00025844
2905 6133 0.29841
6131 6133 0.29841
6134 6133 0.29841
2907 6134 0.00056211
6133 6134 0.00056211
6136 6134 0.00056211
2909 6136 0.70539
3899 6136 0.70539
6135 6136 0.70539
1759 6275 0.014848
1765 6275 0.014848
6276 6275 0.014848
1751 6276 0.0068012
4538 6276 0.0068012
6275 6276 0.0068012
6277 6276 0.0068012
281 6277 0.0002073
1753 6277 0.0002073
6278 6277 0.0002073
1751 6278 0.37588
4538 6278 0.37588
6275 6278 0.37588
6277 6278 0.37588
275 6427 0.22701
278 6427 0.22701
6428 6427 0.22701
5736 6429 0.22701
6427 6429 0.22701
6430 6429 0.22701
570 6431 0.2196
6429 6431 0.2196
6432 6431 0.2196
4805 6433 0.24828
6431 6433 0.24828
6434 6433 0.24828
981 6435 0.38968
5779 6435 0.38968
6433 6435 0.38968
6436 6435 0.38968
568 6436 0.0024192
4174 6436 0.0024192
6435 6436 0.0024192
566 6440 0.00022514
2878 6440 0.00022514
6439 6440 0.00022514
2877 6445 0.0031578
2882 6445 0.0031578
6443 6445 0.0031578
6446 6445 0.0031578
2883 6446 0.00090377
6445 6446 0.00090377
6448 6446 0.00090377
2883 6447 0.0030676
6445 6447 0.0030676
6448 6447 0.0030676
523 6448 0.0011028
564 6448 0.0011028
6447 6448 0.0011028
4616 6453 0.00023407
6451 6453 0.00023407
6454 6453 0.00023407
3416 6455 0.00022511
3417 6455 0.00022511
6453 6455 0.00022511
6456 6455 0.00022511
4611 6457 0.00018873
6455 6457 0.00018873
6458 6457 0.00018873
6071 6459 0.00018873
6457 6459 0.00018873
6460 6459 0.00018873
2190 6463 0.00033866
5767 6463 0.00033866
6464 6463 0.00033866
6747 6464 0.00038913
2749 6465 0.0047034
4599 6465 0.0047034
2642 6467 0.00012312
2643 6467 0.00012312
4191 6468 0.0025658
4666 6468 0.0025658
6469 6468 0.0025658
2336 6469 0.00033433
2339 6469 0.00033433
4709 6469 0.00033433
1804 6474 0.0034274
2284 6474 0.0034274
6475 6474 0.0034274
558 6475 0.004042
5766 6475 0.004042
6474 6475 0.004042
282 6705 0.39082
1741 6705 0.39082
6704 6705 0.39082
4218 6707 0.00028779
6706 6707 0.00028779
6724 6707 0.00028779
5776 6716 0.01207
6468 6716 0.01207
2638 6717 0.17333
4215 6724 0.0002186
6725 6724 0.0002186
6726 6727 0.00021109
7153 6727 0.00021109
557 6747 0.00038913
6037 6747 0.00038913
6465 6747 0.00038913
851 6810 1
6811 6810 1
580 6822 1.0004
5765 6822 1.0004
5768 6822 1.0004
5905 6954 0.00019693
6955 6954 0.00019693
7110 6954 0.00019693
6954 6955 0.0010401
6957 6955 0.0010401
6959 6955 0.0010401
2346 6959 0.0010401
6960 6959 0.0010401
7108 6959 0.0010401
6954 6960 0.00019693
6957 6960 0.00019693
6959 6960 0.00019693
1227 7076 0.00049024
7040 7076 0.00049024
7075 7076 0.00049024
7079 7076 0.00049024
719 7110 0.0015531
5908 7110 0.0015531
7109 7110 0.0015531
727 7127 0.15681
731 7127 0.15681
7126 7127 0.15681
2324 7130 0.00076787
7131 7130 0.00076787
3189 7131 0.1764
4707 7131 0.1764
5981 7131 0.1764
7130 7131 0.1764
2334 7153 0.00021109
2337 7153 0.00021109
5977 7153 0.00021109
7152 7153 0.00021109
3397 7214 0.16132
7215 7214 0.16132
7214 7216 0.16132
7217 7216 0.16132
3401 7244 0.16132
7245 7244 0.16132
270 7247 0.16125
6049 7247 0.16125
7246 7247 0.16125
5895 7252 0.0015403
7253 7252 0.0015403
942 7253 0.00017244
945 7253 0.00017244
5898 7253 0.00017244
7252 7253 0.00017244
5893 7254 0.026359
7255 7254 0.026359
2329 7255 0.0041526
5896 7255 0.0041526
7254 7255 0.0041526
7258 7255 0.0041526
2328 7256 0.0010331
7257 7256 0.0010331
2331 7257 0.057052
4196 7257 0.057052
5971 7257 0.057052
7256 7257 0.057052
2326 7258 0.0018976
7259 7258 0.0018976
2329 7259 0.078755
5896 7259 0.078755
7254 7259 0.078755
7258 7259 0.078755
