4 3 0.00011687
884 3 0.00011687
22 21 0.00032813
892 21 0.00032813
907 21 0.00032813
21 22 0.00034115
890 22 0.00034115
2204 22 0.00034115
27 28 0.00013192
7125 28 0.00013192
29 30 0.00013192
32 30 0.00013192
1060 30 0.00013192
29 31 0.0014172
32 31 0.0014172
1060 31 0.0014172
31 32 0.00076188
2199 32 0.00076188
4851 32 0.00076188
40 39 0.0051487
2958 39 0.0051487
2959 39 0.0051487
39 40 0.052728
2183 40 0.052728
4841 40 0.052728
113 114 0.00023532
384 114 0.00023532
385 114 0.00023532
116 115 0.00012001
420 115 0.00012001
421 115 0.00012001
1584 115 0.00012001
115 116 0.0010386
382 116 0.0010386
383 116 0.0010386
263 264 0.21486
2977 264 0.21486
6042 264 0.21486
286 285 0.00094844
4847 285 0.00094844
5761 285 0.00094844
285 286 0.57744
2957 286 0.57744
4536 286 0.57744
287 288 0.78495
290 288 0.78495
2198 288 0.78495
289 290 0.78429
292 290 0.78429
2215 290 0.78429
291 292 0.78513
7211 292 0.78513
115 381 0.00010602
382 381 0.00010602
383 381 0.00010602
381 382 0.0012684
400 382 0.0012684
401 382 0.0012684
413 382 0.0012684
115 384 0.00029349
382 384 0.00029349
383 384 0.00029349
402 401 0.00081164
403 401 0.00081164
418 401 0.00081164
419 401 0.00081164
381 402 0.0041331
400 402 0.0041331
401 402 0.0041331
413 402 0.0041331
402 404 0.0023823
403 404 0.0023823
418 404 0.0023823
419 404 0.0023823
414 413 0.0051338
415 413 0.0051338
417 413 0.0051338
381 414 0.00062095
400 414 0.00062095
401 414 0.00062095
413 414 0.00062095
416 415 0.0082103
3096 415 0.0082103
7148 415 0.0082103
414 416 0.0055345
415 416 0.0055345
417 416 0.0055345
402 417 0.0050496
403 417 0.0050496
418 417 0.0050496
419 417 0.0050496
414 418 0.0032126
415 418 0.0032126
417 418 0.0032126
116 419 0.0013065
420 419 0.0013065
421 419 0.0013065
1584 419 0.0013065
402 420 0.00046358
403 420 0.00046358
418 420 0.00046358
419 420 0.00046358
114 421 0.00030756
422 421 0.00030756
423 421 0.00030756
6550 421 0.00030756
116 422 0.00010068
420 422 0.00010068
421 422 0.00010068
1584 422 0.00010068
428 427 0.00017595
429 427 0.00017595
3089 427 0.00017595
5680 427 0.00017595
427 428 0.079144
431 428 0.079144
3097 428 0.079144
2279 431 0.0028579
5674 431 0.0028579
7273 431 0.0028579
427 432 0.015569
431 432 0.015569
3097 432 0.015569
5835 433 0.79505
548 547 0.00034178
6226 547 0.00034178
6227 547 0.00034178
6230 547 0.00034178
547 548 0.00010014
2073 548 0.00010014
7094 548 0.00010014
558 557 0.004367
5766 557 0.004367
6474 557 0.004367
557 558 0.00027453
6037 558 0.00027453
6465 558 0.00027453
567 568 0.00011412
1467 568 0.00011412
5067 579 0.012086
6033 579 0.012086
5764 853 0.012705
6814 853 0.012705
885 884 0.00011687
886 884 0.00011687
4622 884 0.00011687
891 890 0.00031262
893 890 0.00031262
2181 890 0.00031262
21 891 0.00011062
890 891 0.00011062
2204 891 0.00011062
891 892 0.00011062
893 892 0.00011062
2181 892 0.00011062
22 893 0.00031262
892 893 0.00031262
907 893 0.00031262
905 907 0.0002226
906 907 0.0002226
916 907 0.0002226
3564 907 0.0002226
942 944 0.00010819
945 944 0.00010819
5898 944 0.00010819
7252 944 0.00010819
944 946 0.00020807
947 946 0.00020807
4210 946 0.00020807
995 994 0.00011996
6359 994 0.00011996
6360 994 0.00011996
994 995 0.00021127
997 995 0.00021127
2076 995 0.00021127
2077 995 0.00021127
994 996 0.00011603
997 996 0.00011603
2076 996 0.00011603
2077 996 0.00011603
996 997 0.00071707
3119 997 0.00071707
4790 997 0.00071707
6237 997 0.00071707
1061 1060 0.0014091
3015 1060 0.0014091
3553 1060 0.0014091
29 1061 0.00064102
32 1061 0.00064102
1060 1061 0.00064102
434 1126 0.00029222
5089 1126 0.00029222
432 1127 0.015318
5692 1127 0.015318
6874 1128 0.00022058
1227 1226 0.0011346
7040 1226 0.0011346
7075 1226 0.0011346
7079 1226 0.0011346
1226 1227 0.006252
1536 1227 0.006252
4200 1227 0.006252
1468 1467 0.00011999
5934 1467 0.00011999
1537 1536 0.006053
4710 1536 0.006053
1226 1537 0.0017797
1536 1537 0.0017797
4200 1537 0.0017797
1574 1576 0.0026114
1577 1576 0.0026114
6571 1576 0.0026114
1582 1583 0.00032399
1585 1583 0.00032399
4524 1583 0.00032399
116 1585 0.00031769
420 1585 0.00031769
421 1585 0.00031769
1584 1585 0.00031769
1623 1624 0.00018623
1641 1624 0.00018623
4532 1624 0.00018623
4850 1624 0.00018623
1625 1627 0.010726
1628 1627 0.010726
1631 1627 0.010726
4842 1627 0.010726
1627 1628 0.028118
1629 1628 0.028118
4844 1628 0.028118
4846 1628 0.028118
1630 1629 0.012305
2971 1629 0.012305
2974 1629 0.012305
1627 1630 0.042569
1629 1630 0.042569
4844 1630 0.042569
4846 1630 0.042569
1632 1631 0.012331
2969 1631 0.012331
2972 1631 0.012331
1625 1632 0.043137
1628 1632 0.043137
1631 1632 0.043137
4842 1632 0.043137
1653 1654 0.0052234
7054 1654 0.0052234
7076 1654 0.0052234
1751 1752 0.0001208
4538 1752 0.0001208
6275 1752 0.0001208
6277 1752 0.0001208
1754 1753 0.00022446
3585 1753 0.00022446
3588 1753 0.00022446
281 1754 0.00061513
1753 1754 0.00061513
6278 1754 0.00061513
1756 1755 0.0010393
1757 1755 0.0010393
2157 1755 0.0010393
1755 1756 0.0003095
4537 1756 0.0003095
6038 1756 0.0003095
1760 1759 0.0003095
1761 1759 0.0003095
2156 1759 0.0003095
1759 1760 0.0010393
1765 1760 0.0010393
6276 1760 0.0010393
1766 1765 0.00081366
3587 1765 0.00081366
3590 1765 0.00081366
1759 1766 0.00052454
1765 1766 0.00052454
6276 1766 0.00052454
1779 1780 0.0040582
3663 1780 0.0040582
5769 1780 0.0040582
571 1782 0.0040582
1780 1782 0.0040582
1781 1782 0.0040582
1782 1804 0.004042
1783 1804 0.004042
1803 1804 0.004042
4601 1809 0.01595
5066 1809 0.01595
2071 2072 0.0012755
6238 2072 0.0012755
6239 2072 0.0012755
2072 2073 0.0019223
2074 2073 0.0019223
2075 2073 0.0019223
3906 2073 0.0019223
994 2075 0.00093833
997 2075 0.00093833
2076 2075 0.00093833
2077 2075 0.00093833
2072 2076 0.00012348
2074 2076 0.00012348
2075 2076 0.00012348
3906 2076 0.00012348
2078 2077 0.00049483
2358 2077 0.00049483
2361 2077 0.00049483
6371 2077 0.00049483
994 2078 0.00018971
997 2078 0.00018971
2076 2078 0.00018971
2077 2078 0.00018971
1756 2156 0.0003095
1757 2156 0.0003095
2157 2156 0.0003095
1760 2157 0.0010393
1761 2157 0.0010393
2156 2157 0.0010393
39 2182 0.0024296
2183 2182 0.0024296
4841 2182 0.0024296
2182 2183 0.063423
2953 2183 0.063423
2956 2183 0.063423
31 2198 0.0014172
2199 2198 0.0014172
4851 2198 0.0014172
287 2199 0.00076188
290 2199 0.00076188
2198 2199 0.00076188
21 2203 0.00063332
890 2203 0.00063332
2204 2203 0.00063332
2203 2204 0.00044433
5759 2204 0.00044433
5760 2204 0.00044433
3 2215 0.0007181
2216 2215 0.0007181
3014 2215 0.0007181
6251 2215 0.0007181
289 2216 0.0015591
292 2216 0.0015591
2215 2216 0.0015591
2326 2327 0.00018334
7259 2327 0.00018334
2329 2328 0.00083403
5896 2328 0.00083403
7254 2328 0.00083403
7258 2328 0.00083403
2328 2329 0.00020138
7257 2329 0.00020138
2331 2330 0.00067813
4196 2330 0.00067813
5971 2330 0.00067813
7256 2330 0.00067813
2330 2331 0.00081085
2333 2331 0.00081085
5975 2331 0.00081085
2330 2332 0.0012273
2333 2332 0.0012273
5975 2332 0.0012273
2332 2333 0.002078
2335 2333 0.002078
4216 2333 0.002078
2332 2334 0.0013376
2335 2334 0.0013376
4216 2334 0.0013376
2334 2335 0.0022602
2337 2335 0.0022602
5977 2335 0.0022602
7152 2335 0.0022602
2334 2336 0.0019883
2337 2336 0.0019883
5977 2336 0.0019883
7152 2336 0.0019883
2336 2337 0.018463
2339 2337 0.018463
4709 2337 0.018463
2336 2338 0.00073453
2339 2338 0.00073453
4709 2338 0.00073453
2338 2339 0.0051857
2341 2339 0.0051857
4198 2339 0.0051857
1654 2341 0.0053234
2340 2341 0.0053234
2343 2341 0.0053234
2342 2343 0.00010283
7057 2343 0.00010283
7074 2343 0.00010283
2349 2348 0.0012639
5903 2348 0.0012639
5986 2348 0.0012639
7105 2348 0.0012639
2348 2349 0.00094309
5239 2349 0.00094309
5739 2349 0.00094309
2351 2350 0.063813
4656 2350 0.063813
7014 2350 0.063813
7087 2350 0.063813
2350 2351 0.0045589
5671 2351 0.0045589
5836 2351 0.0045589
2078 2360 0.00022817
2358 2360 0.00022817
2361 2360 0.00022817
6371 2360 0.00022817
2360 2361 0.00036526
2363 2361 0.00036526
3120 2361 0.00036526
2360 2362 0.00055395
2363 2362 0.00055395
3120 2362 0.00055395
2362 2363 0.00066476
2365 2363 0.00066476
6395 2363 0.00066476
2362 2364 0.0007301
2365 2364 0.0007301
6395 2364 0.0007301
2364 2365 0.00068747
2367 2365 0.00068747
6366 2365 0.00068747
6367 2365 0.00068747
2364 2366 0.010544
2367 2366 0.010544
6366 2366 0.010544
6367 2366 0.010544
2366 2367 0.0012713
7006 2367 0.0012713
7086 2367 0.0012713
2632 2633 0.0036468
5782 2633 0.0036468
5883 2633 0.0036468
5886 2633 0.0036468
6716 2634 0.99634
2634 2635 0.5559
2636 2635 0.5559
2633 2636 0.0046071
2635 2636 0.0046071
2644 2636 0.0046071
2640 2637 0.00010741
4087 2637 0.00010741
5732 2637 0.00010741
2637 2638 0.00018975
2641 2638 0.00018975
2638 2639 0.00018873
4085 2640 0.00010776
2639 2642 0.44524
2645 2642 0.44524
2633 2643 0.55943
2635 2643 0.55943
2644 2643 0.55943
2642 2644 0.004497
2643 2644 0.004497
2634 2645 0.44505
2636 2645 0.44505
3664 2749 0.99628
6466 2749 0.99628
2760 2761 1
2765 2761 1
2764 2765 1
2961 2765 1
2964 2765 1
264 2949 0.025115
2950 2949 0.025115
2975 2949 0.025115
2949 2950 0.012959
2952 2950 0.012959
4845 2950 0.012959
2949 2951 0.011815
2952 2951 0.011815
4845 2951 0.011815
2951 2952 0.017834
2954 2952 0.017834
4843 2952 0.017834
2951 2953 0.0067283
2954 2953 0.0067283
4843 2953 0.0067283
2182 2954 0.042229
2953 2954 0.042229
2956 2954 0.042229
2182 2955 0.0040529
2953 2955 0.0040529
2956 2955 0.0040529
288 2956 0.10055
2955 2956 0.10055
4535 2956 0.10055
40 2957 0.020041
2958 2957 0.020041
2959 2957 0.020041
285 2958 0.132
2957 2958 0.132
4536 2958 0.132
2947 2959 0.007715
2960 2959 0.007715
2967 2959 0.007715
2970 2959 0.007715
40 2960 0.16725
2958 2960 0.16725
2959 2960 0.16725
2766 2961 0.57762
2962 2961 0.57762
4848 2961 0.57762
2764 2962 0.00093853
2961 2962 0.00093853
2964 2962 0.00093853
2963 2964 0.42336
2966 2964 0.42336
4839 2964 0.42336
2965 2966 0.42336
2968 2966 0.42336
4837 2966 0.42336
2947 2968 0.42336
2960 2968 0.42336
2967 2968 0.42336
2970 2968 0.42336
2947 2969 0.00021447
2960 2969 0.00021447
2967 2969 0.00021447
2970 2969 0.00021447
1632 2970 0.26399
2969 2970 0.26399
2972 2970 0.26399
1632 2971 0.00012542
2969 2971 0.00012542
2972 2971 0.00012542
1630 2972 0.23309
2971 2972 0.23309
2974 2972 0.23309
2194 2974 0.20278
2973 2974 0.20278
2976 2974 0.20278
264 2976 0.20278
2950 2976 0.20278
2975 2976 0.20278
3011 3012 0.00012413
3013 3012 0.00012413
3016 3012 0.00012413
3 3013 0.0014983
2216 3013 0.0014983
3014 3013 0.0014983
6251 3013 0.0014983
3011 3014 0.00060435
3013 3014 0.00060435
3016 3014 0.00060435
3011 3015 0.0014047
3013 3015 0.0014047
3016 3015 0.0014047
1061 3016 0.00059847
3015 3016 0.00059847
3553 3016 0.00059847
3018 3017 0.00015083
3554 3017 0.00015083
4626 3017 0.00015083
3017 3018 0.00011272
3020 3018 0.00011272
4625 3018 0.00011272
3017 3019 0.00012834
3020 3019 0.00012834
4625 3019 0.00012834
3085 3086 0.073936
3088 3086 0.073936
5398 3086 0.073936
3087 3088 0.073452
7151 3088 0.073452
428 3090 0.079335
429 3090 0.079335
3089 3090 0.079335
5680 3090 0.079335
416 3095 0.99994
3096 3095 0.99994
7148 3095 0.99994
1127 3097 0.092645
3095 3097 0.092645
3098 3097 0.092645
427 3098 0.00096611
431 3098 0.00096611
3097 3098 0.00096611
3105 3106 0.001019
5399 3106 0.001019
5963 3106 0.001019
3118 3117 0.00028894
6390 3117 0.00028894
6391 3117 0.00028894
3117 3118 0.00052324
5957 3118 0.00052324
6368 3118 0.00052324
6369 3118 0.00052324
2360 3119 0.00043099
2363 3119 0.00043099
3120 3119 0.00043099
996 3120 0.00045727
3119 3120 0.00045727
4790 3120 0.00045727
6237 3120 0.00045727
3131 3133 0.00011208
3134 3133 0.00011208
6402 3133 0.00011208
6403 3133 0.00011208
3133 3134 0.00013939
5955 3134 0.00013939
6394 3134 0.00013939
3316 3317 0.017022
7005 3317 0.017022
7008 3317 0.017022
7088 3317 0.017022
3319 3318 0.00036704
5985 3318 0.00036704
7093 3318 0.00036704
7095 3318 0.00036704
3318 3319 0.001802
6983 3319 0.001802
7092 3319 0.001802
3320 3321 0.0003554
6977 3321 0.0003554
7096 3321 0.0003554
3137 3337 0.0001068
3302 3337 0.0001068
3338 3337 0.0001068
3343 3338 0.00010881
3639 3338 0.00010881
3962 3338 0.00010881
3018 3553 0.00011272
3554 3553 0.00011272
4626 3553 0.00011272
1061 3554 0.00015083
3015 3554 0.00015083
3553 3554 0.00015083
868 3556 0.00010513
870 3556 0.00010513
3555 3556 0.00010513
3558 3556 0.00010513
3012 3561 0.00011612
3559 3561 0.00011612
3562 3561 0.00011612
1621 3564 0.00013214
1624 3564 0.00013214
3563 3564 0.00013214
4621 3564 0.00013214
1754 3587 0.00061513
3585 3587 0.00061513
3588 3587 0.00061513
1766 3588 0.00022446
3587 3588 0.00022446
3590 3588 0.00022446
1766 3589 0.0009507
3587 3589 0.0009507
3590 3589 0.0009507
1763 3590 0.00084915
3589 3590 0.00084915
4600 3590 0.00084915
3664 3663 0.0040153
6466 3663 0.0040153
1779 3664 0.00030081
3663 3664 0.00030081
5769 3664 0.00030081
4199 3791 0.00042587
5395 3791 0.00042587
5396 3792 0.00028817
5397 3792 0.00028817
3791 3793 0.00023523
3793 3794 0.00014578
5993 3794 0.00014578
7115 3794 0.00014578
3907 3906 0.00013842
4019 3906 0.00013842
6228 3906 0.00013842
6358 3906 0.00013842
2072 3907 0.00030766
2074 3907 0.00030766
2075 3907 0.00030766
3906 3907 0.00030766
3908 3909 0.00011524
6392 3909 0.00011524
6393 3909 0.00011524
4685 3962 0.00010251
5086 3962 0.00010251
6876 3963 0.00030945
5770 4085 0.00019011
5772 4085 0.00019011
4163 4162 0.00017976
4164 4162 0.00017976
5889 4162 0.00017976
5892 4162 0.00017976
4162 4163 0.00039811
4171 4163 0.00039811
5793 4163 0.00039811
4165 4164 0.00052034
4166 4164 0.00052034
5929 4164 0.00052034
5972 4164 0.00052034
4163 4165 0.00044395
4164 4165 0.00044395
5889 4165 0.00044395
5892 4165 0.00044395
4167 4166 0.00042354
4168 4166 0.00042354
5923 4166 0.00042354
5926 4166 0.00042354
4165 4167 0.00055821
4166 4167 0.00055821
5929 4167 0.00055821
5972 4167 0.00055821
4169 4168 0.0003038
4193 4168 0.0003038
4194 4168 0.0003038
4167 4169 0.0004649
4168 4169 0.0004649
5923 4169 0.0004649
5926 4169 0.0004649
4162 4170 0.00020104
4171 4170 0.00020104
5793 4170 0.00020104
4170 4171 0.0001206
4173 4171 0.0001206
5933 4171 0.0001206
4170 4172 0.00010957
4173 4172 0.00010957
5933 4172 0.00010957
4177 4179 0.00011801
4178 4179 0.00011801
5970 4179 0.00011801
4181 4180 0.00032437
4182 4180 0.00032437
5885 4180 0.00032437
5888 4180 0.00032437
4179 4181 0.00010535
4180 4181 0.00010535
4183 4182 0.0011469
4184 4182 0.0011469
5928 4182 0.0011469
4181 4183 0.00022039
4182 4183 0.00022039
5885 4183 0.00022039
5888 4183 0.00022039
4185 4184 0.00093153
4186 4184 0.00093153
5922 4184 0.00093153
4183 4185 0.00052973
4184 4185 0.00052973
5928 4185 0.00052973
4187 4186 0.00081774
4188 4186 0.00081774
4195 4186 0.00081774
4185 4187 0.0014364
4186 4187 0.0014364
5922 4187 0.0014364
4189 4188 0.00086853
4190 4188 0.00086853
5918 4188 0.00086853
4187 4189 0.0023374
4188 4189 0.0023374
4195 4189 0.0023374
4191 4190 0.0013792
4666 4190 0.0013792
6469 4190 0.0013792
4189 4191 0.017689
4190 4191 0.017689
5918 4191 0.017689
4169 4192 0.00014935
4193 4192 0.00014935
4194 4192 0.00014935
4192 4193 0.00083848
5919 4193 0.00083848
5980 4193 0.00083848
4187 4194 0.00014151
4188 4194 0.00014151
4195 4194 0.00014151
4169 4195 0.00099174
4193 4195 0.00099174
4194 4195 0.00099174
2338 4200 0.00084607
2341 4200 0.00084607
4198 4200 0.00084607
4205 4206 0.00011722
5741 4206 0.00011722
5742 4206 0.00011722
4204 4208 0.00011985
4206 4208 0.00011985
4207 4208 0.00011985
4211 4208 0.00011985
4201 4210 0.00014421
4208 4210 0.00014421
4209 4210 0.00014421
5909 4210 0.00014421
2332 4215 0.00020055
2335 4215 0.00020055
4216 4215 0.00020055
4215 4216 0.00012861
6725 4216 0.00012861
4218 4217 0.00030101
6706 4217 0.00030101
6724 4217 0.00030101
4223 4224 0.00010272
6896 4224 0.00010272
7081 4224 0.00010272
4228 4227 0.00010266
4229 4227 0.00010266
6893 4227 0.00010266
285 4535 0.00080014
2957 4535 0.00080014
4536 4535 0.00080014
288 4536 0.68925
2955 4536 0.68925
4535 4536 0.68925
1751 4537 0.0010871
4538 4537 0.0010871
6275 4537 0.0010871
6277 4537 0.0010871
1755 4538 0.0019059
4537 4538 0.0019059
6038 4538 0.0019059
4539 4540 0.78513
4542 4540 0.78513
6041 4540 0.78513
4541 4542 0.99999
6034 4542 0.99999
1763 4599 0.0009507
3589 4599 0.0009507
4600 4599 0.0009507
2749 4600 0.00084915
4599 4600 0.00084915
579 4601 0.012086
6810 4601 0.012086
2176 4622 0.00011612
3561 4622 0.00011612
4623 4622 0.00011612
4657 4656 0.074979
5663 4656 0.074979
5665 4656 0.074979
6737 4659 0.98084
2646 4664 0.00176
5774 4664 0.00176
5775 4664 0.00176
4191 4665 0.00015504
4666 4665 0.00015504
6469 4665 0.00015504
4664 4666 0.0017254
4665 4666 0.0017254
1537 4709 0.9921
4710 4709 0.9921
5063 4710 0.99637
996 4789 0.00015238
3119 4789 0.00015238
4790 4789 0.00015238
6237 4789 0.00015238
4789 4790 0.00097243
6240 4790 0.00097243
6365 4790 0.00097243
1625 4841 0.0073538
1628 4841 0.0073538
1631 4841 0.0073538
4842 4841 0.0073538
39 4842 0.020767
2183 4842 0.020767
4841 4842 0.020767
1627 4843 0.0050083
1629 4843 0.0050083
4844 4843 0.0050083
4846 4843 0.0050083
2951 4844 0.03449
2954 4844 0.03449
4843 4844 0.03449
1627 4845 0.0063115
1629 4845 0.0063115
4844 4845 0.0063115
4846 4845 0.0063115
2949 4846 0.024487
2952 4846 0.024487
4845 4846 0.024487
2766 4847 0.00093853
2962 4847 0.00093853
4848 4847 0.00093853
286 4848 0.57762
4847 4848 0.57762
5761 4848 0.57762
28 4850 0.00018634
525 4850 0.00018634
3556 4850 0.00018634
4849 4850 0.00018634
5064 5063 0.99679
5240 5063 0.99679
4659 5064 0.98113
5065 5064 0.98113
3792 5065 0.0002881
5067 5066 0.016569
6033 5066 0.016569
5068 5067 0.02253
6463 5067 0.02253
853 5068 0.028317
1809 5068 0.028317
4685 5085 0.00020749
5086 5085 0.00020749
5087 5086 0.00030997
5271 5086 0.00030997
1129 5087 0.00026062
3963 5087 0.00026062
7272 5088 0.92503
7274 5088 0.92503
5090 5089 0.00025725
5091 5090 0.88701
5838 5090 0.88701
1128 5091 0.92517
5092 5091 0.92517
5093 5092 0.92495
5088 5093 0.92526
5094 5093 0.92526
1126 5094 0.00022501
2348 5238 0.00011377
5239 5238 0.00011377
5739 5238 0.00011377
3317 5239 0.015646
5238 5239 0.015646
7089 5239 0.015646
5241 5240 0.016538
5738 5240 0.016538
7218 5240 0.016538
5064 5241 0.00087304
5240 5241 0.00087304
5063 5395 0.00042397
3791 5396 0.00019064
3105 5398 0.00084702
5399 5398 0.00084702
5963 5398 0.00084702
3085 5399 0.00036007
3088 5399 0.00036007
5398 5399 0.00036007
5666 5665 0.074978
5667 5665 0.074978
3086 5667 0.075013
5668 5667 0.075013
5964 5667 0.075013
2350 5669 0.18579
5671 5669 0.18579
5836 5669 0.18579
2350 5670 0.0033055
5671 5670 0.0033055
5836 5670 0.0033055
5670 5671 0.038139
6385 5671 0.038139
7085 5671 0.038139
3090 5674 0.015482
5675 5674 0.015482
5676 5674 0.015482
7150 5674 0.015482
2279 5675 0.011228
5674 5675 0.011228
7273 5675 0.011228
3090 5677 0.00157
5675 5677 0.00157
5676 5677 0.00157
7150 5677 0.00157
3094 5680 0.00033873
5681 5680 0.00033873
5683 5680 0.00033873
1975 5683 0.00033872
3091 5683 0.00033872
5682 5683 0.00033872
5693 5683 0.00033872
432 5693 0.00033091
5692 5693 0.00033091
2348 5738 0.016518
5239 5738 0.016518
5739 5738 0.016518
5241 5739 0.00066487
5738 5739 0.00066487
7218 5739 0.00066487
5740 5741 0.00023429
7219 5741 0.00023429
4205 5743 0.00014016
5741 5743 0.00014016
5742 5743 0.00014016
4213 5745 0.00013968
5743 5745 0.00013968
5744 5745 0.00013968
286 5760 0.00051312
4847 5760 0.00051312
5761 5760 0.00051312
2203 5761 0.00070537
5759 5761 0.00070537
5760 5761 0.00070537
4601 5764 0.012705
5066 5764 0.012705
853 5765 0.00033864
1809 5765 0.00033864
6822 5766 0.00038913
580 5767 0.00032245
5765 5767 0.00032245
5768 5767 0.00032245
2190 5768 0.00037294
5767 5768 0.00037294
6464 5768 0.00037294
558 5769 0.00032779
5766 5769 0.00032779
6474 5769 0.00032779
4664 5771 0.00018966
4665 5771 0.00018966
6467 5772 0.00017862
5773 5774 0.00014991
5880 5774 0.00014991
5776 5775 0.0017502
6468 5775 0.0017502
2646 5776 0.00013876
5774 5776 0.00013876
5775 5776 0.00013876
5780 5782 0.00013128
5781 5782 0.00013128
5786 5782 0.00013128
5792 5791 0.00014409
5891 5791 0.00014409
5894 5791 0.00014409
5790 5792 0.00021028
5791 5792 0.00021028
5932 5792 0.00021028
5969 5792 0.00021028
5794 5793 0.00029878
5931 5793 0.00029878
5795 5794 0.00021238
5887 5794 0.00021238
5890 5794 0.00021238
5794 5795 0.00022736
5931 5795 0.00022736
6877 5835 0.88675
5835 5836 0.0917
5091 5837 0.039593
5838 5837 0.039593
5837 5838 0.0014368
6927 5838 0.0014368
7069 5838 0.0014368
7112 5838 0.0014368
5879 5880 0.00014991
5882 5880 0.00014991
5771 5882 0.00014991
5881 5882 0.00014991
4181 5886 0.0035236
4182 5886 0.0035236
5885 5886 0.0035236
5888 5886 0.0035236
5795 5888 0.0028897
5887 5888 0.0028897
5890 5888 0.0028897
4163 5890 0.0028679
4164 5890 0.0028679
5889 5890 0.0028679
5892 5890 0.0028679
5792 5892 0.0025335
5891 5892 0.0025335
5894 5892 0.0025335
5893 5894 0.0024626
7255 5894 0.0024626
5895 5896 0.0031639
7253 5896 0.0031639
5897 5898 0.0031947
5900 5898 0.0031947
5983 5898 0.0031947
5899 5900 0.0031603
5902 5900 0.0031603
5910 5900 0.0031603
1655 5902 0.0031874
5745 5902 0.0031874
5901 5902 0.0031874
5904 5902 0.0031874
2349 5904 0.0032326
5903 5904 0.0032326
5986 5904 0.0032326
7105 5904 0.0032326
4189 5917 0.00065046
4190 5917 0.00065046
5918 5917 0.00065046
5917 5918 0.015492
5920 5918 0.015492
5978 5918 0.015492
5917 5919 0.0015544
5920 5919 0.0015544
5978 5919 0.0015544
4192 5920 0.00056594
5919 5920 0.00056594
5980 5920 0.00056594
4185 5921 0.00021799
4186 5921 0.00021799
5922 5921 0.00021799
5921 5922 0.0012384
5924 5922 0.0012384
5973 5922 0.0012384
5921 5923 0.00020175
5924 5923 0.00020175
5973 5923 0.00020175
4167 5924 0.0011926
4168 5924 0.0011926
5923 5924 0.0011926
5926 5924 0.0011926
4167 5925 0.00022818
4168 5925 0.00022818
5923 5925 0.00022818
5926 5925 0.00022818
5925 5926 0.0012455
5976 5926 0.0012455
5979 5926 0.0012455
4183 5927 0.00027139
4184 5927 0.00027139
5928 5927 0.00027139
5927 5928 0.00079611
5930 5928 0.00079611
5974 5928 0.00079611
5927 5929 0.00025342
5930 5929 0.00025342
5974 5929 0.00025342
4165 5930 0.00080773
4166 5930 0.00080773
5929 5930 0.00080773
5972 5930 0.00080773
4179 5931 0.00031376
4180 5931 0.00031376
4170 5932 0.00013842
4173 5932 0.00013842
5933 5932 0.00013842
5790 5933 0.00013966
5791 5933 0.00013966
5932 5933 0.00013966
5969 5933 0.00013966
5950 5951 0.0001094
6389 5951 0.0001094
6405 5951 0.0001094
3133 5954 0.00044322
5955 5954 0.00044322
6394 5954 0.00044322
5954 5955 0.00044347
6370 5955 0.00044347
6388 5955 0.00044347
7111 5955 0.00044347
3117 5956 0.0048144
5957 5956 0.0048144
6368 5956 0.0048144
6369 5956 0.0048144
5956 5957 0.0030904
6386 5957 0.0030904
6387 5957 0.0030904
5677 5963 0.0015041
5678 5963 0.0015041
5962 5963 0.0015041
3103 5964 0.0010835
3106 5964 0.0010835
5965 5964 0.0010835
2327 5969 0.00015766
4708 5969 0.00015766
5968 5969 0.00015766
4165 5971 0.00013098
4166 5971 0.00013098
5929 5971 0.00013098
5972 5971 0.00013098
2331 5972 0.00089636
4196 5972 0.00089636
5971 5972 0.00089636
7256 5972 0.00089636
5927 5973 0.00031944
5930 5973 0.00031944
5974 5973 0.00031944
5921 5974 0.00028986
5924 5974 0.00028986
5973 5974 0.00028986
5925 5975 0.00074468
5976 5975 0.00074468
5979 5975 0.00074468
2330 5976 0.0014626
2333 5976 0.0014626
5975 5976 0.0014626
5917 5977 0.00074823
5920 5977 0.00074823
5978 5977 0.00074823
2334 5978 0.016578
2337 5978 0.016578
5977 5978 0.016578
7152 5978 0.016578
4192 5979 0.00093349
5919 5979 0.00093349
5980 5979 0.00093349
5925 5980 0.00063417
5976 5980 0.00063417
5979 5980 0.00063417
2349 5985 0.00015018
5903 5985 0.00015018
5986 5985 0.00015018
7105 5985 0.00015018
3319 5986 0.0036874
5985 5986 0.0036874
7093 5986 0.0036874
7095 5986 0.0036874
4541 6033 0.0061251
6034 6033 0.0061251
5068 6034 1.0061
6463 6034 1.0061
1755 6037 0.0020982
4537 6037 0.0020982
6038 6037 0.0020982
557 6038 0.0021872
6037 6038 0.0021872
6465 6038 0.0021872
4539 6042 0.21486
4542 6042 0.21486
6041 6042 0.21486
3907 6227 0.00029214
4019 6227 0.00029214
6228 6227 0.00029214
6358 6227 0.00029214
548 6229 0.00019573
6226 6229 0.00019573
6227 6229 0.00019573
6230 6229 0.00019573
6229 6230 0.00022198
6979 6230 0.00022198
7063 6230 0.00022198
2071 6237 0.00026221
6238 6237 0.00026221
6239 6237 0.00026221
996 6238 0.00045493
3119 6238 0.00045493
4790 6238 0.00045493
6237 6238 0.00045493
4789 6239 0.0010982
6240 6239 0.0010982
6365 6239 0.0010982
1759 6275 0.00082369
1765 6275 0.00082369
6276 6275 0.00082369
1751 6276 0.0012644
4538 6276 0.0012644
6275 6276 0.0012644
6277 6276 0.0012644
281 6277 0.00031265
1753 6277 0.00031265
6278 6277 0.00031265
1751 6278 0.00062119
4538 6278 0.00062119
6275 6278 0.00062119
6277 6278 0.00062119
995 6358 0.00015865
6359 6358 0.00015865
6360 6358 0.00015865
3907 6359 0.00013663
4019 6359 0.00013663
6228 6359 0.00013663
6358 6359 0.00013663
2364 6365 0.0020239
2367 6365 0.0020239
6366 6365 0.0020239
6367 6365 0.0020239
4789 6366 0.00013508
6240 6366 0.00013508
6365 6366 0.00013508
3117 6367 0.011847
5957 6367 0.011847
6368 6367 0.011847
6369 6367 0.011847
2364 6368 0.00072792
2367 6368 0.00072792
6366 6368 0.00072792
6367 6368 0.00072792
5954 6369 0.01489
6370 6369 0.01489
6388 6369 0.01489
7111 6369 0.01489
3117 6370 0.0018132
5957 6370 0.0018132
6368 6370 0.0018132
6369 6370 0.0018132
3140 6371 0.00013795
6372 6371 0.00013795
6373 6371 0.00013795
6407 6371 0.00013795
5956 6385 0.02713
6386 6385 0.02713
6387 6385 0.02713
5670 6386 0.00032719
6385 6386 0.00032719
7085 6386 0.00032719
5954 6387 0.025446
6370 6387 0.025446
6388 6387 0.025446
7111 6387 0.025446
5956 6388 0.00036708
6386 6388 0.00036708
6387 6388 0.00036708
3118 6389 0.00021232
6390 6389 0.00021232
6391 6389 0.00021232
3908 6391 0.00028306
6392 6391 0.00028306
6393 6391 0.00028306
3118 6392 0.00037303
6390 6392 0.00037303
6391 6392 0.00037303
3133 6393 0.00031929
5955 6393 0.00031929
6394 6393 0.00031929
3908 6394 0.00034634
6392 6394 0.00034634
6393 6394 0.00034634
6111 6395 0.00024782
6396 6395 0.00024782
6397 6395 0.00024782
6406 6395 0.00024782
3147 6397 0.00016284
5951 6397 0.00016284
6398 6397 0.00016284
6399 6397 0.00016284
3909 6399 0.00011457
6113 6399 0.00011457
6400 6399 0.00011457
6401 6399 0.00011457
3131 6401 0.0001024
3134 6401 0.0001024
6402 6401 0.0001024
6403 6401 0.0001024
5950 6406 0.00012531
6389 6406 0.00012531
6405 6406 0.00012531
568 6436 0.00010208
4174 6436 0.00010208
6435 6436 0.00010208
2190 6463 1.0003
5767 6463 1.0003
6464 6463 1.0003
6747 6464 1.0004
2749 6465 0.99638
4599 6465 0.99638
6467 6466 0.99999
2642 6467 1.0002
2643 6467 1.0002
4191 6468 0.99795
4666 6468 0.99795
6469 6468 0.99795
2336 6469 0.98007
2339 6469 0.98007
4709 6469 0.98007
1804 6474 0.004042
2284 6474 0.004042
6475 6474 0.004042
404 6571 0.0026545
405 6571 0.0026545
6570 6571 0.0026545
6573 6571 0.0026545
1580 6573 0.0003352
1583 6573 0.0003352
6572 6573 0.0003352
6575 6573 0.0003352
946 6706 0.00020807
6707 6706 0.00020807
5776 6716 0.99634
6468 6716 0.99634
4215 6724 0.00020055
6725 6724 0.00020055
4218 6725 0.00012861
6706 6725 0.00012861
6724 6725 0.00012861
4217 6726 0.00030101
6727 6726 0.00030101
6880 6737 0.98084
557 6747 1.0004
6037 6747 1.0004
6465 6747 1.0004
580 6822 0.00038913
5765 6822 0.00038913
5768 6822 0.00038913
5085 6873 0.00022058
5267 6873 0.00022058
6873 6874 0.00022058
5093 6875 0.00030945
6875 6876 0.00030945
5090 6877 0.88675
433 6880 0.98084
5669 6880 0.98084
4224 6893 0.00010272
4225 6893 0.00010272
6894 6893 0.00010272
6895 6896 0.00010797
7017 6896 0.00010797
7084 6896 0.00010797
6969 6971 0.00040622
6972 6971 0.00040622
6975 6971 0.00040622
7066 6971 0.00040622
6971 6972 0.00013895
6974 6972 0.00013895
7064 6972 0.00013895
6971 6973 0.00062115
6974 6973 0.00062115
7064 6973 0.00062115
6973 6974 0.00013585
6976 6974 0.00013585
6978 6974 0.00013585
6973 6975 0.00051185
6976 6975 0.00051185
6978 6975 0.00051185
6969 6976 0.00023642
6972 6976 0.00023642
6975 6976 0.00023642
7066 6976 0.00023642
6973 6977 0.0006696
6976 6977 0.0006696
6978 6977 0.0006696
3320 6978 0.00045974
6977 6978 0.00045974
7096 6978 0.00045974
6980 6979 0.00034324
7065 6979 0.00034324
7098 6979 0.00034324
6982 6981 0.00048295
6984 6981 0.00048295
6986 6981 0.00048295
6982 6983 0.00030861
6984 6983 0.00030861
6986 6983 0.00030861
3318 6984 0.00083242
6983 6984 0.00083242
7092 6984 0.00083242
6982 6985 0.0005431
6984 6985 0.0005431
6986 6985 0.0005431
6985 6986 0.00040626
6988 6986 0.00040626
6989 6986 0.00040626
6985 6987 0.00085847
6988 6987 0.00085847
6989 6987 0.00085847
6987 6988 0.00033467
6992 6988 0.00033467
6994 6988 0.00033467
6981 6989 0.00048295
6990 6989 0.00048295
6987 6991 0.00093029
6992 6991 0.00093029
6994 6991 0.00093029
6991 6992 0.00016059
6995 6992 0.00016059
7000 6992 0.00016059
6987 6993 0.00052712
6992 6993 0.00052712
6994 6993 0.00052712
6993 6994 0.00077302
6996 6994 0.00077302
6998 6994 0.00077302
7001 6994 0.00077302
6993 6995 0.00043403
6996 6995 0.00043403
6998 6995 0.00043403
7001 6995 0.00043403
6991 6996 0.00083557
6995 6996 0.00083557
7000 6996 0.00083557
6993 6997 0.0012364
6996 6997 0.0012364
6998 6997 0.0012364
7001 6997 0.0012364
6997 6998 0.00071259
7090 6998 0.00071259
7091 6998 0.00071259
6991 6999 0.00044457
6995 6999 0.00044457
7000 6999 0.00044457
6999 7001 0.00044457
7002 7001 0.00044457
7004 7001 0.00044457
2366 7005 0.0070167
7006 7005 0.0070167
7086 7005 0.0070167
3316 7006 0.0057744
7005 7006 0.0057744
7008 7006 0.0057744
7088 7006 0.0057744
7021 7020 0.00077046
7023 7020 0.00077046
7025 7020 0.00077046
7036 7020 0.00077046
7020 7021 0.00053612
7032 7021 0.00053612
7035 7021 0.00053612
7021 7022 0.00059891
7023 7022 0.00059891
7025 7022 0.00059891
7036 7022 0.00059891
7022 7023 0.00031392
7029 7023 0.00031392
7031 7023 0.00031392
7033 7023 0.00031392
7021 7024 0.00083474
7023 7024 0.00083474
7025 7024 0.00083474
7036 7024 0.00083474
7024 7025 0.00080745
7027 7025 0.00080745
7077 7025 0.00080745
7080 7025 0.00080745
1230 7031 0.00074307
7030 7031 0.00074307
7078 7031 0.00074307
7022 7032 0.0010496
7029 7032 0.0010496
7031 7032 0.0010496
7033 7032 0.0010496
7020 7034 0.0013425
7032 7034 0.0013425
7035 7034 0.0013425
7034 7035 0.00014929
7037 7035 0.00014929
7039 7035 0.00014929
7034 7036 0.00098545
7037 7036 0.00098545
7039 7036 0.00098545
7021 7037 0.00043883
7023 7037 0.00043883
7025 7037 0.00043883
7036 7037 0.00043883
7034 7038 0.0011417
7037 7038 0.0011417
7039 7038 0.0011417
7038 7039 0.00049517
7041 7039 0.00049517
7043 7039 0.00049517
7038 7040 0.0011387
7041 7040 0.0011387
7043 7040 0.0011387
1227 7041 0.00050408
7040 7041 0.00050408
7075 7041 0.00050408
7079 7041 0.00050408
6971 7063 0.00012072
6974 7063 0.00012072
7064 7063 0.00012072
6229 7064 0.00033874
6979 7064 0.00033874
7063 7064 0.00033874
6969 7065 0.00022807
6972 7065 0.00022807
6975 7065 0.00022807
7066 7065 0.00022807
6980 7066 0.00021991
7065 7066 0.00021991
7098 7066 0.00021991
4227 7074 0.00010283
5937 7074 0.00010283
7073 7074 0.00010283
1227 7076 0.0052148
7040 7076 0.0052148
7075 7076 0.0052148
7079 7076 0.0052148
7024 7078 0.00074307
7027 7078 0.00074307
7077 7078 0.00074307
7080 7078 0.00074307
7024 7079 0.00059047
7027 7079 0.00059047
7077 7079 0.00059047
7080 7079 0.00059047
1227 7080 0.001202
7040 7080 0.001202
7075 7080 0.001202
7079 7080 0.001202
3790 7084 0.0001377
3794 7084 0.0001377
7083 7084 0.0001377
2366 7085 0.013742
7006 7085 0.013742
7086 7085 0.013742
5670 7086 0.0057118
6385 7086 0.0057118
7085 7086 0.0057118
3316 7087 0.00051762
7005 7087 0.00051762
7008 7087 0.00051762
7088 7087 0.00051762
2351 7088 0.016242
4656 7088 0.016242
7014 7088 0.016242
7087 7088 0.016242
6997 7089 0.0011846
7090 7089 0.0011846
7091 7089 0.0011846
3317 7090 0.0026196
5238 7090 0.0026196
7089 7090 0.0026196
3318 7091 0.00043808
6983 7091 0.00043808
7092 7091 0.00043808
6997 7092 0.0023969
7090 7092 0.0023969
7091 7092 0.0023969
547 7093 0.0021829
2073 7093 0.0021829
7094 7093 0.0021829
3320 7095 0.0006868
6977 7095 0.0006868
7096 7095 0.0006868
3319 7096 0.00073337
5985 7096 0.00073337
7093 7096 0.00073337
7095 7096 0.00073337
3321 7098 0.00032356
3322 7098 0.00032356
7097 7098 0.00032356
5837 7111 0.039593
6927 7111 0.039593
7069 7111 0.039593
7112 7111 0.039593
5954 7112 0.0014368
6370 7112 0.0014368
6388 7112 0.0014368
7111 7112 0.0014368
30 7125 0.00013192
888 7125 0.00013192
7124 7125 0.00013192
1576 7148 1.0026
7149 7148 1.0026
3090 7151 0.073452
5675 7151 0.073452
5676 7151 0.073452
7150 7151 0.073452
6726 7152 0.00030101
7153 7152 0.00030101
7210 7211 0.78513
7213 7211 0.78513
4540 7213 0.78513
4628 7213 0.78513
7212 7213 0.78513
5241 7219 0.00023429
5738 7219 0.00023429
7218 7219 0.00023429
942 7253 0.0031639
945 7253 0.0031639
5898 7253 0.0031639
7252 7253 0.0031639
2329 7255 0.0024626
5896 7255 0.0024626
7254 7255 0.0024626
7258 7255 0.0024626
2328 7256 0.00083403
7257 7256 0.00083403
2331 7257 0.00020138
4196 7257 0.00020138
5971 7257 0.00020138
7256 7257 0.00020138
2329 7259 0.00018334
5896 7259 0.00018334
7254 7259 0.00018334
7258 7259 0.00018334
2279 7272 0.014294
5674 7272 0.014294
7273 7272 0.014294
7272 7273 0.012831
7274 7273 0.012831
1127 7274 0.92357
3095 7274 0.92357
3098 7274 0.92357
