134 133 0.00014249
3708 133 0.00014249
3709 133 0.00014249
133 134 0.00041649
3052 134 0.00041649
642 643 0.00015322
4256 643 0.00015322
4257 643 0.00015322
703 702 0.00014536
4303 702 0.00014536
5289 702 0.00014536
705 704 0.00018412
707 704 0.00018412
5283 704 0.00018412
704 705 0.0070904
5272 705 0.0070904
5275 705 0.0070904
705 706 0.0070904
707 706 0.0070904
5283 706 0.0070904
706 707 0.00018412
5273 707 0.00018412
6670 707 0.00018412
709 708 0.00023313
711 708 0.00023313
2739 708 0.00023313
708 709 0.0016422
4277 709 0.0016422
4284 709 0.0016422
709 710 0.0016422
711 710 0.0016422
2739 710 0.0016422
710 711 0.00023313
3026 711 0.00023313
4273 711 0.00023313
6871 712 0.05675
5260 723 0.30893
723 724 0.29046
6920 724 0.29046
786 785 0.00087309
2261 785 0.00087309
2264 785 0.00087309
3989 785 0.00087309
785 786 0.0010336
3973 786 0.0010336
3976 786 0.0010336
3977 786 0.0010336
5085 1129 0.001573
5267 1129 0.001573
724 2146 0.98158
2147 2146 0.98158
6794 2146 0.98158
2149 2148 0.69244
7287 2148 0.69244
2148 2149 0.0013701
6795 2149 0.0013701
786 2263 0.0010553
2261 2263 0.0010553
2264 2263 0.0010553
3989 2263 0.0010553
2263 2264 0.00089474
2266 2264 0.00089474
3959 2264 0.00089474
2263 2265 0.019032
2266 2265 0.019032
3959 2265 0.019032
2265 2267 0.018869
2268 2267 0.018869
3975 2267 0.018869
2280 2281 0.21509
5280 2281 0.21509
5282 2281 0.21509
678 2283 0.21494
2282 2283 0.21494
5279 2283 0.21494
5286 2283 0.21494
710 3025 0.0022383
3026 3025 0.0022383
4273 3025 0.0022383
3025 3026 0.0020929
3028 3026 0.0020929
6782 3026 0.0020929
3027 3028 0.99986
4268 3028 0.99986
6674 3028 0.99986
133 3051 0.00014249
3052 3051 0.00014249
3051 3052 0.00041649
3710 3052 0.00041649
3711 3052 0.00041649
3054 3053 0.00054684
3685 3053 0.00054684
3343 3640 0.00014571
3639 3640 0.00014571
3962 3640 0.00014571
3684 3683 0.00013004
3686 3683 0.00013004
3687 3683 0.00013004
3053 3684 0.00059486
3682 3684 0.00059486
3683 3684 0.00059486
3684 3685 0.00054684
3686 3685 0.00054684
3687 3685 0.00054684
3688 3687 0.00063097
3714 3687 0.00063097
3715 3687 0.00063097
3684 3688 0.0006207
3686 3688 0.0006207
3687 3688 0.0006207
3051 3709 0.00017943
3710 3709 0.00017943
3711 3709 0.00017943
134 3710 0.0004517
3708 3710 0.0004517
3709 3710 0.0004517
2146 3711 0.00057624
3712 3711 0.00057624
4663 3711 0.00057624
7113 3711 0.00057624
3051 3712 0.00057451
3710 3712 0.00057451
3711 3712 0.00057451
3688 3713 0.00063238
3714 3713 0.00063238
3715 3713 0.00063238
3713 3714 0.00063378
6921 3714 0.00063378
7114 3714 0.00063378
2267 3958 0.018869
4652 3958 0.018869
4686 3959 0.018869
4685 3962 0.00015734
5086 3962 0.00015734
1129 3964 0.00025073
3963 3964 0.00025073
785 3975 0.00087309
3973 3975 0.00087309
3976 3975 0.00087309
3977 3975 0.00087309
2265 3976 0.0010336
2268 3976 0.0010336
3975 3976 0.0010336
702 4235 0.00014536
4233 4235 0.00014536
4236 4235 0.00014536
4235 4237 0.00014536
4238 4237 0.00014536
4483 4237 0.00014536
4254 4253 0.00022516
4255 4253 0.00022516
4259 4253 0.00022516
4253 4254 0.00016589
4276 4254 0.00016589
4283 4254 0.00016589
4254 4256 0.00015322
4255 4256 0.00015322
4259 4256 0.00015322
4260 4259 0.00022595
4262 4259 0.00022595
4261 4262 0.00022595
4274 4262 0.00022595
4275 4262 0.00022595
4263 4264 0.78491
6299 4264 0.78491
6302 4264 0.78491
6313 4264 0.78491
4265 4266 0.76975
4270 4266 0.76975
6672 4266 0.76975
4267 4268 0.99986
4272 4268 0.99986
5805 4268 0.99986
4264 4270 0.78491
4269 4270 0.78491
4285 4270 0.78491
668 4272 0.76975
4266 4272 0.76975
4271 4272 0.76975
4261 4273 0.00062067
4274 4273 0.00062067
4275 4273 0.00062067
710 4274 0.0018843
3026 4274 0.0018843
4273 4274 0.0018843
4253 4275 0.00060044
4276 4275 0.00060044
4283 4275 0.00060044
4261 4276 0.0016738
4274 4276 0.0016738
4275 4276 0.0016738
643 4277 0.00028829
4278 4277 0.00028829
4279 4277 0.00028829
700 4279 0.00014588
4280 4279 0.00014588
4281 4279 0.00014588
708 4283 0.00044187
4277 4283 0.00044187
4284 4283 0.00044187
4253 4284 0.0015745
4276 4284 0.0015745
4283 4284 0.0015745
7170 4654 1
2146 4662 1
3712 4662 1
4663 4662 1
7113 4662 1
6741 4678 0.78497
6743 4686 1
4685 5085 0.0014144
5086 5085 0.0014144
5087 5086 0.0015715
5271 5086 0.0015715
1129 5087 0.0013241
3963 5087 0.0013241
2149 5260 0.30893
7287 5260 0.30893
3638 5267 0.00015876
3640 5267 0.00015876
5268 5267 0.00015876
3964 5271 1.0002
6738 5271 1.0002
706 5272 0.0002027
5273 5272 0.0002027
6670 5272 0.0002027
704 5273 0.20824
5272 5273 0.20824
5275 5273 0.20824
674 5275 0.21494
5274 5275 0.21494
5277 5275 0.21494
676 5277 0.21494
2283 5277 0.21494
5276 5277 0.21494
680 5279 0.21509
2281 5279 0.21509
5278 5279 0.21509
6744 5280 0.27178
2280 5281 0.0039563
5280 5281 0.0039563
5282 5281 0.0039563
678 5285 0.00014536
2282 5285 0.00014536
5279 5285 0.00014536
5286 5285 0.00014536
4301 5287 0.00014536
5285 5287 0.00014536
5288 5287 0.00014536
789 5289 0.00014536
4299 5289 0.00014536
5287 5289 0.00014536
5290 5289 0.00014536
4267 5804 0.012865
4272 5804 0.012865
5805 5804 0.012865
5804 5805 0.243
6671 5805 0.243
6676 5805 0.243
6301 6302 0.78491
6850 6302 0.78491
4654 6303 0.72822
4686 6304 0.98113
5804 6670 0.00013918
6671 6670 0.00013918
6676 6670 0.00013918
706 6671 0.21508
5273 6671 0.21508
6670 6671 0.21508
715 6672 0.017697
6673 6672 0.017697
6677 6672 0.017697
4265 6673 0.032884
4270 6673 0.032884
6672 6673 0.032884
715 6676 0.032884
6673 6676 0.032884
6677 6676 0.032884
5804 6677 0.017697
6671 6677 0.017697
6676 6677 0.017697
4675 6682 0.0039808
5281 6682 0.0039808
2280 6685 0.05277
5280 6685 0.05277
5282 6685 0.05277
6750 6734 1
4662 6738 1
6739 6738 1
712 6741 0.78497
6303 6741 0.78497
5087 6743 1
5271 6743 1
4654 6744 0.27178
6751 6750 1
3958 6751 1
6304 6751 1
6756 6757 0.78491
7121 6757 0.78491
2148 6794 0.69244
6795 6794 0.69244
724 6795 0.0013701
2147 6795 0.0013701
6794 6795 0.0013701
2150 6796 1
6797 6796 1
6849 6850 0.78491
7119 6850 0.78491
6682 6871 0.05675
6685 6871 0.05675
3713 6920 0.038535
6921 6920 0.038535
7114 6920 0.038535
723 6921 0.057008
6920 6921 0.057008
3713 7113 0.057317
6921 7113 0.057317
7114 7113 0.057317
2146 7114 0.038845
3712 7114 0.038845
4663 7114 0.038845
7113 7114 0.038845
6757 7119 0.78491
7118 7119 0.78491
4678 7121 0.78491
7120 7121 0.78491
7171 7170 1
6734 7171 1
6796 7182 1
7183 7182 1
7182 7184 1
7185 7184 1
7184 7287 1
7288 7287 1
