516 515 0.069979
3537 515 0.069979
3540 515 0.069979
4638 515 0.069979
515 516 0.031252
1091 516 0.031252
3535 516 0.031252
521 522 0.00039217
3424 522 0.00039217
3890 522 0.00039217
522 735 0.00039828
736 735 0.00039828
3419 735 0.00039828
3434 735 0.00039828
735 738 0.0004033
737 738 0.0004033
740 738 0.0004033
748 747 0.0006141
750 747 0.0006141
799 747 0.0006141
747 748 0.00029464
802 748 0.00029464
1094 748 0.00029464
800 799 0.0006141
2924 799 0.0006141
2925 799 0.0006141
748 800 0.00029464
750 800 0.00029464
799 800 0.00029464
747 801 0.00093078
802 801 0.00093078
1094 801 0.00093078
801 803 0.00067691
804 803 0.00067691
3458 803 0.00067691
803 805 0.00067691
806 805 0.00067691
3479 805 0.00067691
515 1090 0.17565
1091 1090 0.17565
3535 1090 0.17565
1090 1091 0.015829
2286 1091 0.015829
2935 1091 0.015829
1093 1092 0.0016871
3476 1092 0.0016871
3477 1092 0.0016871
1095 1094 0.0011833
2923 1094 0.0011833
2928 1094 0.0011833
3529 1094 0.0011833
747 1095 0.00057896
802 1095 0.00057896
1094 1095 0.00057896
1097 1096 0.016822
2927 1096 0.016822
2930 1096 0.016822
2931 1096 0.016822
3519 1096 0.016822
1096 1097 0.30167
3527 1097 0.30167
3530 1097 0.30167
1101 1100 0.0030653
1500 1100 0.0030653
3512 1100 0.0030653
1100 1101 0.0096394
3503 1101 0.0096394
3516 1101 0.0096394
6255 1101 0.0096394
1466 1117 0.00017673
2325 1117 0.00017673
1463 1118 1.0022
3513 1118 1.0022
1232 1233 0.0020209
7249 1233 0.0020209
1234 1235 0.0020177
5816 1235 0.0020177
6117 1235 0.0020177
1236 1237 0.00034687
1243 1237 0.00034687
6115 1237 0.00034687
1239 1241 0.00033421
1240 1241 0.00033421
1244 1241 0.00033421
6125 1241 0.00033421
1241 1243 0.00034687
1242 1243 0.00034687
3900 1243 0.00034687
1253 1252 0.00020356
1254 1252 0.00020356
1260 1252 0.00020356
1252 1253 0.00020356
1262 1253 0.00020356
6119 1253 0.00020356
1255 1254 0.00020055
1256 1254 0.00020055
1259 1254 0.00020055
1258 1259 0.00020055
1261 1259 0.00020055
3888 1259 0.00020055
1253 1261 0.00020055
1254 1261 0.00020055
1260 1261 0.00020055
1464 1463 0.0022335
6702 1463 0.0022335
978 1464 0.0022187
1465 1464 0.0022187
1118 1465 0.0022187
5262 1465 0.0022187
567 1466 0.00017676
1467 1466 0.00017676
1468 1467 0.00017712
5934 1467 0.00017712
1117 1468 0.00017678
2345 1468 0.00017678
1483 1482 0.0089889
2292 1482 0.0089889
3505 1482 0.0089889
1482 1483 0.0001084
3499 1483 0.0001084
3514 1483 0.0001084
3515 1483 0.0001084
1494 1495 0.0002481
1497 1495 0.0002481
1511 1495 0.0002481
1496 1497 0.00043589
1499 1497 0.00043589
3239 1497 0.00043589
3240 1497 0.00043589
1496 1498 0.0018253
1499 1498 0.0018253
3239 1498 0.0018253
3240 1498 0.0018253
1498 1499 0.0003997
1501 1499 0.0003997
4635 1499 0.0003997
1498 1500 0.0020405
1501 1500 0.0020405
4635 1500 0.0020405
1101 1501 0.00217
1500 1501 0.00217
3512 1501 0.00217
1502 1504 0.0024668
1505 1504 0.0024668
6254 1504 0.0024668
1504 1505 0.056285
2289 1505 0.056285
4648 1505 0.056285
1507 1506 0.063113
2288 1506 0.063113
2919 1506 0.063113
1506 1507 0.067311
4632 1507 0.067311
6257 1507 0.067311
6262 1507 0.067311
1508 1509 0.00056338
3236 1509 0.00056338
4608 1509 0.00056338
1494 1510 0.00021048
1497 1510 0.00021048
1511 1510 0.00021048
5576 1966 0.00038358
5579 1966 0.00038358
2287 2286 0.017269
2922 2286 0.017269
2934 2286 0.017269
1090 2287 0.24399
2286 2287 0.24399
2935 2287 0.24399
1504 2288 0.0024668
2289 2288 0.0024668
4648 2288 0.0024668
1507 2289 0.056285
2288 2289 0.056285
2919 2289 0.056285
2290 2292 0.00039373
2293 2292 0.00039373
3232 2292 0.00039373
2906 2905 0.00038403
3893 2905 0.00038403
3894 2905 0.00038403
2907 2908 0.00038403
6133 2908 0.00038403
6136 2908 0.00038403
2911 2913 0.00035976
2914 2913 0.00035976
6130 2913 0.00035976
738 2914 0.013262
2913 2914 0.013262
5577 2914 0.013262
2916 2915 0.76683
3525 2915 0.76683
3533 2915 0.76683
3536 2915 0.76683
2915 2916 0.00086733
3450 2916 0.00086733
3451 2916 0.00086733
3528 2916 0.00086733
2918 2917 1.0006
3531 2917 1.0006
3534 2917 1.0006
2917 2918 0.000613
3521 2918 0.000613
3524 2918 0.000613
2920 2919 0.087234
2921 2919 0.087234
4647 2919 0.087234
1507 2920 0.037615
2288 2920 0.037615
2919 2920 0.037615
2287 2921 0.097829
2922 2921 0.097829
2934 2921 0.097829
2920 2922 0.062135
2921 2922 0.062135
4647 2922 0.062135
800 2923 0.0032845
2924 2923 0.0032845
2925 2923 0.0032845
1095 2924 0.00055743
2923 2924 0.00055743
2928 2924 0.00055743
3529 2924 0.00055743
2926 2925 0.0031462
3454 2925 0.0031462
6241 2925 0.0031462
1095 2927 0.20337
2923 2927 0.20337
2928 2927 0.20337
3529 2927 0.20337
1097 2928 0.0021869
2927 2928 0.0021869
2930 2928 0.0021869
2931 2928 0.0021869
3519 2928 0.0021869
1097 2929 0.43332
2927 2929 0.43332
2930 2929 0.43332
2931 2929 0.43332
3519 2929 0.43332
2929 2930 0.028532
2942 2930 0.028532
3445 2930 0.028532
2932 2931 0.24672
2933 2931 0.24672
3448 2931 0.24672
3449 2931 0.24672
1097 2932 0.049094
2927 2932 0.049094
2930 2932 0.049094
2931 2932 0.049094
3519 2932 0.049094
2287 2933 0.22949
2922 2933 0.22949
2934 2933 0.22949
2932 2934 0.038458
2933 2934 0.038458
3448 2934 0.038458
3449 2934 0.038458
2936 2935 0.10006
2937 2935 0.10006
3539 2935 0.10006
1090 2936 0.033159
2286 2936 0.033159
2935 2936 0.033159
2929 2941 0.28091
2942 2941 0.28091
3445 2941 0.28091
2941 2942 0.040454
6260 2942 0.040454
6261 2942 0.040454
2944 2943 0.44229
2945 2943 0.44229
3446 2943 0.44229
2943 2944 0.00048698
6256 2944 0.00048698
6259 2944 0.00048698
6263 2944 0.00048698
2946 2945 0.27879
3461 2945 0.27879
3520 2945 0.27879
2944 2946 0.0013139
2945 2946 0.0013139
3446 2946 0.0013139
1510 3231 0.00018792
3230 3231 0.00018792
4609 3231 0.00018792
3231 3232 0.00039537
3233 3232 0.00039537
3234 3232 0.00039537
1492 3234 0.00026727
1495 3234 0.00026727
3235 3234 0.00026727
1098 3236 0.00049763
3237 3236 0.00049763
3238 3236 0.00049763
1496 3238 0.00049763
1499 3238 0.00049763
3239 3238 0.00049763
3240 3238 0.00049763
1092 3240 0.0022732
3241 3240 0.0022732
3244 3240 0.0022732
1487 3242 0.00055511
3243 3242 0.00055511
3492 3242 0.00055511
3242 3244 0.0005966
3245 3244 0.0005966
3485 3244 0.0005966
1966 3424 0.00038358
3423 3424 0.00038358
2944 3445 0.064281
2945 3445 0.064281
3446 3445 0.064281
2929 3446 0.2286
2942 3446 0.2286
3445 3446 0.2286
2932 3447 0.3054
2933 3447 0.3054
3448 3447 0.3054
3449 3447 0.3054
3447 3448 0.02568
4646 3448 0.02568
6258 3448 0.02568
2915 3449 0.31451
3450 3449 0.31451
3451 3449 0.31451
3528 3449 0.31451
2932 3450 0.028192
2933 3450 0.028192
3448 3450 0.028192
3449 3450 0.028192
3452 3451 0.0067052
3453 3451 0.0067052
3532 3451 0.0067052
2915 3452 0.002435
3450 3452 0.002435
3451 3452 0.002435
3528 3452 0.002435
3452 3454 0.0031462
3453 3454 0.0031462
3532 3454 0.0031462
3456 3455 0.00026571
3459 3455 0.00026571
801 3457 0.00026571
804 3457 0.00026571
3458 3457 0.00026571
3457 3459 0.00026571
3460 3459 0.00026571
3462 3461 0.00048115
3463 3461 0.00048115
3465 3461 0.00048115
2946 3462 0.0018786
3461 3462 0.0018786
3520 3462 0.0018786
3455 3463 0.00048115
3464 3463 0.00048115
3475 3463 0.00048115
3462 3464 0.0018786
3463 3464 0.0018786
3465 3464 0.0018786
1093 3475 0.00027216
3476 3475 0.00027216
3477 3475 0.00027216
3455 3476 0.0019187
3464 3476 0.0019187
3475 3476 0.0019187
3478 3477 0.00045306
3491 3477 0.00045306
4587 3477 0.00045306
1093 3478 0.00041827
3476 3478 0.00041827
3477 3478 0.00041827
3478 3492 0.00064203
3491 3492 0.00064203
4587 3492 0.00064203
3494 3493 0.011575
3504 3493 0.011575
3493 3494 0.0050225
3501 3494 0.0050225
3551 3494 0.0050225
4637 3494 0.0050225
3500 3499 0.011575
3502 3499 0.011575
1482 3500 0.0050225
3499 3500 0.0050225
3514 3500 0.0050225
3515 3500 0.0050225
3500 3501 0.0050225
3502 3501 0.0050225
3493 3502 0.011575
3501 3502 0.011575
3551 3502 0.011575
4637 3502 0.011575
3494 3503 0.0050225
3504 3503 0.0050225
1100 3504 0.011575
3503 3504 0.011575
3516 3504 0.011575
6255 3504 0.011575
3506 3505 0.0086007
3507 3505 0.0086007
3517 3505 0.0086007
1509 3507 0.0086007
3508 3507 0.0086007
3509 3507 0.0086007
3510 3509 0.0082736
3511 3509 0.0082736
4634 3509 0.0082736
1509 3510 0.00027393
3508 3510 0.00027393
3509 3510 0.00027393
1101 3511 0.0078779
1500 3511 0.0078779
3512 3511 0.0078779
3510 3512 0.0014334
3511 3512 0.0014334
4634 3512 0.0014334
1482 3513 0.99999
3499 3513 0.99999
3514 3513 0.99999
3515 3513 0.99999
1100 3515 0.98461
3503 3515 0.98461
3516 3515 0.98461
6255 3515 0.98461
2946 3519 0.0013544
3461 3519 0.0013544
3520 3519 0.0013544
1097 3520 0.28023
2927 3520 0.28023
2930 3520 0.28023
2931 3520 0.28023
3519 3520 0.28023
2917 3523 1.0006
3521 3523 1.0006
3524 3523 1.0006
3523 3524 0.000613
3526 3524 0.000613
3538 3524 0.000613
3523 3525 0.89482
3526 3525 0.89482
3538 3525 0.89482
2916 3526 0.00045846
3525 3526 0.00045846
3533 3526 0.00045846
3536 3526 0.00045846
2915 3527 0.48567
3450 3527 0.48567
3451 3527 0.48567
3528 3527 0.48567
1096 3528 0.0017565
3527 3528 0.0017565
3530 3528 0.0017565
1096 3529 0.20198
3527 3529 0.20198
3530 3529 0.20198
1095 3530 0.0029144
2923 3530 0.0029144
2928 3530 0.0029144
3529 3530 0.0029144
3452 3531 0.00024617
3453 3531 0.00024617
3532 3531 0.00024617
2918 3532 0.0075629
3531 3532 0.0075629
3534 3532 0.0075629
2918 3533 0.00054926
3531 3533 0.00054926
3534 3533 0.00054926
2916 3534 0.0078597
3525 3534 0.0078597
3533 3534 0.0078597
3536 3534 0.0078597
2916 3535 0.15013
3525 3535 0.15013
3533 3535 0.15013
3536 3535 0.15013
515 3536 0.029034
1091 3536 0.029034
3535 3536 0.029034
3523 3537 0.14139
3526 3537 0.14139
3538 3537 0.14139
516 3538 0.035757
3537 3538 0.035757
3540 3538 0.035757
4638 3538 0.035757
516 3539 0.10006
3537 3539 0.10006
3540 3539 0.10006
4638 3539 0.10006
2936 3540 0.033159
2937 3540 0.033159
3539 3540 0.033159
2908 3894 0.00038403
3895 3894 0.00038403
3897 3894 0.00038403
3898 3899 0.9871
5581 3899 0.9871
5935 3899 0.9871
1246 3902 0.0016769
3901 3902 0.0016769
3903 3902 0.0016769
6127 3902 0.0016769
805 4587 0.00067691
3481 4587 0.00067691
4588 4587 0.00067691
1510 4608 0.00018027
3230 4608 0.00018027
4609 4608 0.00018027
1508 4609 0.00013034
3236 4609 0.00013034
4608 4609 0.00013034
1498 4634 0.00201
1501 4634 0.00201
4635 4634 0.00201
3510 4635 0.0004548
3511 4635 0.0004548
4634 4635 0.0004548
2920 4646 0.052998
2921 4646 0.052998
4647 4646 0.052998
3447 4647 0.066925
4646 4647 0.066925
6258 4647 0.066925
1118 5261 1
5262 5261 1
5261 5263 1
5264 5263 1
6120 5263 1
5263 5265 1
5266 5265 1
738 5576 0.00063449
2913 5576 0.00063449
5577 5576 0.00063449
5576 5577 0.013153
5579 5577 0.013153
5576 5578 0.00063426
5579 5578 0.00063426
5578 5579 0.013536
5583 5579 0.013536
5584 5579 0.013536
1233 5581 0.9871
5580 5581 0.9871
5582 5581 0.9871
5578 5582 0.98508
5583 5582 0.98508
5584 5582 0.98508
5265 5584 0.99798
5585 5584 0.99798
6124 5584 0.99798
5819 5818 0.0020224
5821 5818 0.0020224
6123 5818 0.0020224
3898 5934 0.00017671
5581 5934 0.00017671
5935 5934 0.00017671
1468 5935 0.00017637
5934 5935 0.00017637
1237 6117 0.0020177
3902 6117 0.0020177
6118 6117 0.0020177
5261 6119 0.00020356
5264 6119 0.00020356
6120 6119 0.00020356
1252 6120 0.00020356
1262 6120 0.00020356
6119 6120 0.00020356
5265 6123 0.0020413
5585 6123 0.0020413
6124 6123 0.0020413
5818 6125 0.00032436
6126 6125 0.00032436
6128 6125 0.00032436
5818 6127 0.0017073
6126 6127 0.0017073
6128 6127 0.0017073
2911 6129 0.013262
2914 6129 0.013262
6130 6129 0.013262
2903 6130 0.00035976
6129 6130 0.00035976
6132 6130 0.00035976
2903 6131 0.013262
6129 6131 0.013262
6132 6131 0.013262
2905 6132 0.00035976
6131 6132 0.00035976
6134 6132 0.00035976
2905 6133 0.013583
6131 6133 0.013583
6134 6133 0.013583
2907 6134 0.00039269
6133 6134 0.00039269
6136 6134 0.00039269
2907 6135 0.013559
6133 6135 0.013559
6136 6135 0.013559
2909 6136 0.00065702
3899 6136 0.00065702
6135 6136 0.00065702
1502 6253 0.056285
1505 6253 0.056285
6254 6253 0.056285
6253 6254 0.0024668
6264 6254 0.0024668
6266 6254 0.0024668
2943 6255 0.99771
6256 6255 0.99771
6259 6255 0.99771
6263 6255 0.99771
3447 6257 0.28549
4646 6257 0.28549
6258 6257 0.28549
1506 6258 0.019691
4632 6258 0.019691
6257 6258 0.019691
6262 6258 0.019691
2941 6259 0.51223
6260 6259 0.51223
6261 6259 0.51223
2943 6260 0.01017
6256 6260 0.01017
6259 6260 0.01017
6263 6260 0.01017
1506 6261 0.29746
4632 6261 0.29746
6257 6261 0.29746
6262 6261 0.29746
2941 6262 0.035857
6260 6262 0.035857
6261 6262 0.035857
6253 6263 0.056285
6264 6263 0.056285
6266 6263 0.056285
2943 6264 0.0024668
6256 6264 0.0024668
6259 6264 0.0024668
6263 6264 0.0024668
1235 7249 0.0020209
7248 7249 0.0020209
7250 7249 0.0020209
