148 147 0.00030514
3286 147 0.00030514
3289 147 0.00030514
152 151 0.00039537
153 151 0.00039537
155 151 0.00039537
154 153 0.00037332
1103 153 0.00037332
1484 153 0.00037332
168 167 0.014276
169 167 0.014276
3294 167 0.014276
151 169 0.00042691
170 169 0.00042691
171 169 0.00042691
516 515 0.026037
3537 515 0.026037
3540 515 0.026037
4638 515 0.026037
515 516 0.015615
1091 516 0.015615
3535 516 0.015615
748 747 0.0039302
750 747 0.0039302
799 747 0.0039302
747 748 0.012964
802 748 0.012964
1094 748 0.012964
752 751 0.00015237
3486 751 0.00015237
3487 751 0.00015237
3490 751 0.00015237
751 752 0.0081429
1489 752 0.0081429
3250 752 0.0081429
754 753 1
756 753 1
4606 753 1
755 756 1
766 765 0.016791
2291 765 0.016791
3256 765 0.016791
5564 765 0.016791
765 766 0.0031391
768 766 0.0031391
1105 766 0.0031391
765 767 0.014211
768 767 0.014211
1105 767 0.014211
767 768 0.00019605
3276 768 0.00019605
3297 768 0.00019605
800 799 0.0039302
2924 799 0.0039302
2925 799 0.0039302
748 800 0.012964
750 800 0.012964
799 800 0.012964
747 801 0.00031591
802 801 0.00031591
1094 801 0.00031591
801 802 0.014996
804 802 0.014996
3458 802 0.014996
801 803 0.00049613
804 803 0.00049613
3458 803 0.00049613
803 804 0.01118
806 804 0.01118
3479 804 0.01118
803 805 0.00049613
806 805 0.00049613
3479 805 0.00049613
805 806 0.01118
3481 806 0.01118
4588 806 0.01118
515 1090 0.0079079
1091 1090 0.0079079
3535 1090 0.0079079
1090 1091 0.24633
2286 1091 0.24633
2935 1091 0.24633
1092 1093 0.060704
3241 1093 0.060704
3244 1093 0.060704
1095 1094 0.0066953
2923 1094 0.0066953
2928 1094 0.0066953
3529 1094 0.0066953
747 1095 0.012342
802 1095 0.012342
1094 1095 0.012342
1097 1096 0.25156
2927 1096 0.25156
2930 1096 0.25156
2931 1096 0.25156
3519 1096 0.25156
1096 1097 0.023073
3527 1097 0.023073
3530 1097 0.023073
1101 1100 0.20199
1500 1100 0.20199
3512 1100 0.20199
1100 1101 0.010962
3503 1101 0.010962
3516 1101 0.010962
6255 1101 0.010962
1102 1103 0.00040468
3295 1103 0.00040468
3296 1103 0.00040468
765 1104 0.0029725
768 1104 0.0029725
1105 1104 0.0029725
1104 1105 0.0033353
3259 1105 0.0033353
3260 1105 0.0033353
1463 1118 0.00038941
3513 1118 0.00038941
1464 1463 0.014665
6702 1463 0.014665
978 1464 0.00038941
1465 1464 0.00038941
1118 1465 0.00038941
5262 1465 0.00038941
1483 1482 0.70549
2292 1482 0.70549
3505 1482 0.70549
1482 1483 0.00018625
3499 1483 0.00018625
3514 1483 0.00018625
3515 1483 0.00018625
1487 1486 0.00040625
3243 1486 0.00040625
3492 1486 0.00040625
1486 1487 0.011618
3483 1487 0.011618
3489 1487 0.011618
751 1488 0.00016348
1489 1488 0.00016348
3250 1488 0.00016348
1488 1489 0.0057084
1491 1489 0.0057084
3246 1489 0.0057084
1488 1490 0.00028039
1491 1490 0.00028039
3246 1490 0.00028039
1490 1491 0.0067058
1493 1491 0.0067058
3248 1491 0.0067058
1490 1492 0.00053417
1493 1492 0.00053417
3248 1492 0.00053417
1492 1493 0.0085246
1495 1493 0.0085246
3235 1493 0.0085246
1492 1494 0.084675
1495 1494 0.084675
3235 1494 0.084675
1494 1495 0.0074612
1497 1495 0.0074612
1511 1495 0.0074612
1494 1496 0.11376
1497 1496 0.11376
1511 1496 0.11376
1496 1497 0.004981
1499 1497 0.004981
3239 1497 0.004981
3240 1497 0.004981
1496 1498 0.07511
1499 1498 0.07511
3239 1498 0.07511
3240 1498 0.07511
1498 1499 0.0076183
1501 1499 0.0076183
4635 1499 0.0076183
1498 1500 0.094404
1501 1500 0.094404
4635 1500 0.094404
1101 1501 0.019493
1500 1501 0.019493
3512 1501 0.019493
1502 1504 0.020219
1505 1504 0.020219
6254 1504 0.020219
1504 1505 0.00014393
2289 1505 0.00014393
4648 1505 0.00014393
1507 1506 0.010128
2288 1506 0.010128
2919 1506 0.010128
1506 1507 0.07862
4632 1507 0.07862
6257 1507 0.07862
6262 1507 0.07862
1509 1508 0.0038903
3508 1508 0.0038903
3509 1508 0.0038903
1508 1509 0.03609
3236 1509 0.03609
4608 1509 0.03609
1494 1510 0.0069496
1497 1510 0.0069496
1511 1510 0.0069496
1510 1511 0.038515
3230 1511 0.038515
4609 1511 0.038515
2287 2286 0.29696
2922 2286 0.29696
2934 2286 0.29696
1090 2287 0.0012409
2286 2287 0.0012409
2935 2287 0.0012409
1504 2288 0.020219
2289 2288 0.020219
4648 2288 0.020219
1507 2289 0.00014393
2288 2289 0.00014393
2919 2289 0.00014393
766 2290 0.98573
2291 2290 0.98573
3256 2290 0.98573
5564 2290 0.98573
2290 2292 0.79665
2293 2292 0.79665
3232 2292 0.79665
2916 2915 0.012042
3525 2915 0.012042
3533 2915 0.012042
3536 2915 0.012042
2915 2916 0.5087
3450 2916 0.5087
3451 2916 0.5087
3528 2916 0.5087
2918 2917 0.00073924
3531 2917 0.00073924
3534 2917 0.00073924
2917 2918 0.1003
3521 2918 0.1003
3524 2918 0.1003
2920 2919 0.00077485
2921 2919 0.00077485
4647 2919 0.00077485
1507 2920 0.089342
2288 2920 0.089342
2919 2920 0.089342
2287 2921 0.0018261
2922 2921 0.0018261
2934 2921 0.0018261
2920 2922 0.10791
2921 2922 0.10791
4647 2922 0.10791
800 2923 0.0040445
2924 2923 0.0040445
2925 2923 0.0040445
1095 2924 0.052168
2923 2924 0.052168
2928 2924 0.052168
3529 2924 0.052168
2926 2925 0.002868
3454 2925 0.002868
6241 2925 0.002868
800 2926 0.060025
2924 2926 0.060025
2925 2926 0.060025
1095 2927 0.055162
2923 2927 0.055162
2928 2927 0.055162
3529 2927 0.055162
1097 2928 0.15841
2927 2928 0.15841
2930 2928 0.15841
2931 2928 0.15841
3519 2928 0.15841
1097 2929 0.020553
2927 2929 0.020553
2930 2929 0.020553
2931 2929 0.020553
3519 2929 0.020553
2929 2930 0.46618
2942 2930 0.46618
3445 2930 0.46618
2932 2931 0.035663
2933 2931 0.035663
3448 2931 0.035663
3449 2931 0.035663
1097 2932 0.36753
2927 2932 0.36753
2930 2932 0.36753
2931 2932 0.36753
3519 2932 0.36753
2287 2933 0.036593
2922 2933 0.036593
2934 2933 0.036593
2932 2934 0.22622
2933 2934 0.22622
3448 2934 0.22622
3449 2934 0.22622
2936 2935 0.00087815
2937 2935 0.00087815
3539 2935 0.00087815
1090 2936 0.058176
2286 2936 0.058176
2935 2936 0.058176
2929 2941 0.05551
2942 2941 0.05551
3445 2941 0.05551
2941 2942 0.36069
6260 2942 0.36069
6261 2942 0.36069
2944 2943 0.014393
2945 2943 0.014393
3446 2943 0.014393
2943 2944 0.2981
6256 2944 0.2981
6259 2944 0.2981
6263 2944 0.2981
2946 2945 0.058424
3461 2945 0.058424
3520 2945 0.058424
2944 2946 0.20168
2945 2946 0.20168
3446 2946 0.20168
3231 3230 0.10513
3233 3230 0.10513
3234 3230 0.10513
1510 3231 0.0012529
3230 3231 0.0012529
4609 3231 0.0012529
3231 3232 0.0028736
3233 3232 0.0028736
3234 3232 0.0028736
2290 3233 0.19196
2293 3233 0.19196
3232 3233 0.19196
1492 3234 0.0071311
1495 3234 0.0071311
3235 3234 0.0071311
3231 3235 0.092336
3233 3235 0.092336
3234 3235 0.092336
1098 3236 0.0026958
3237 3236 0.0026958
3238 3236 0.0026958
1508 3237 0.042809
3236 3237 0.042809
4608 3237 0.042809
1496 3238 0.0026958
1499 3238 0.0026958
3239 3238 0.0026958
3240 3238 0.0026958
1098 3239 0.042809
3237 3239 0.042809
3238 3239 0.042809
1092 3240 0.00016691
3241 3240 0.00016691
3244 3240 0.00016691
1496 3241 0.081568
1499 3241 0.081568
3239 3241 0.081568
3240 3241 0.081568
1487 3242 0.00047592
3243 3242 0.00047592
3492 3242 0.00047592
3242 3243 0.017998
3245 3243 0.017998
3485 3243 0.017998
3242 3244 0.00065739
3245 3244 0.00065739
3485 3244 0.00065739
1092 3245 0.021401
3241 3245 0.021401
3244 3245 0.021401
3247 3246 0.00063073
3251 3246 0.00063073
3252 3246 0.00063073
1488 3247 0.0015112
1491 3247 0.0015112
3246 3247 0.0015112
3249 3248 0.0003541
3253 3248 0.0003541
3254 3248 0.0003541
1490 3249 0.0019192
1493 3249 0.0019192
3248 3249 0.0019192
3247 3250 0.002965
3251 3250 0.002965
3252 3250 0.002965
751 3251 0.00051946
1489 3251 0.00051946
3250 3251 0.00051946
3249 3252 0.0019192
3253 3252 0.0019192
3254 3252 0.0019192
3247 3253 0.0003541
3251 3253 0.0003541
3252 3253 0.0003541
3257 3256 0.003307
3258 3256 0.003307
5570 3256 0.003307
766 3257 0.003945
2291 3257 0.003945
3256 3257 0.003945
5564 3257 0.003945
1104 3258 0.0029317
3259 3258 0.0029317
3260 3258 0.0029317
3257 3259 0.0035555
3258 3259 0.0035555
5570 3259 0.0035555
1104 3261 0.00031266
3259 3261 0.00031266
3260 3261 0.00031266
3263 3262 0.00037276
3264 3262 0.00037276
5569 3262 0.00037276
3262 3263 0.00010431
5571 3263 0.00010431
5572 3263 0.00010431
147 3276 0.00030269
3277 3276 0.00030269
3278 3276 0.00030269
3261 3289 0.00031266
3274 3289 0.00031266
3288 3289 0.00031266
753 3292 1
3293 3292 1
3298 3292 1
1102 3294 0.013872
3295 3294 0.013872
3296 3294 0.013872
767 3296 0.014265
3276 3296 0.014265
3297 3296 0.014265
2944 3445 0.18309
2945 3445 0.18309
3446 3445 0.18309
2929 3446 0.042641
2942 3446 0.042641
3445 3446 0.042641
2932 3447 0.021038
2933 3447 0.021038
3448 3447 0.021038
3449 3447 0.021038
3447 3448 0.23667
4646 3448 0.23667
6258 3448 0.23667
2915 3449 0.011134
3450 3449 0.011134
3451 3449 0.011134
3528 3449 0.011134
2932 3450 0.369
2933 3450 0.369
3448 3450 0.369
3449 3450 0.369
3452 3451 0.0074067
3453 3451 0.0074067
3532 3451 0.0074067
2915 3452 0.15788
3450 3452 0.15788
3451 3452 0.15788
3528 3452 0.15788
2926 3453 0.060025
3454 3453 0.060025
6241 3453 0.060025
3452 3454 0.002868
3453 3454 0.002868
3532 3454 0.002868
3456 3455 0.00023235
3459 3455 0.00023235
3455 3456 0.0042291
3464 3456 0.0042291
3475 3456 0.0042291
801 3457 0.00023235
804 3457 0.00023235
3458 3457 0.00023235
3457 3458 0.0042291
3460 3458 0.0042291
3457 3459 0.00023235
3460 3459 0.00023235
3456 3460 0.0042291
3459 3460 0.0042291
3462 3461 0.075424
3463 3461 0.075424
3465 3461 0.075424
2946 3462 0.00071219
3461 3462 0.00071219
3520 3462 0.00071219
3455 3463 0.075424
3464 3463 0.075424
3475 3463 0.075424
3462 3464 0.00071219
3463 3464 0.00071219
3465 3464 0.00071219
1093 3475 0.078951
3476 3475 0.078951
3477 3475 0.078951
3455 3476 0.00024246
3464 3476 0.00024246
3475 3476 0.00024246
3478 3477 0.022666
3491 3477 0.022666
4587 3477 0.022666
1093 3478 0.0046156
3476 3478 0.0046156
3477 3478 0.0046156
752 3485 0.00064003
3486 3485 0.00064003
3487 3485 0.00064003
3490 3485 0.00064003
3242 3486 0.0038612
3245 3486 0.0038612
3485 3486 0.0038612
752 3489 0.011618
3486 3489 0.011618
3487 3489 0.011618
3490 3489 0.011618
1486 3490 0.00040625
3483 3490 0.00040625
3489 3490 0.00040625
1487 3491 0.029193
3243 3491 0.029193
3492 3491 0.029193
3478 3492 0.00045966
3491 3492 0.00045966
4587 3492 0.00045966
3494 3493 0.00011542
3504 3493 0.00011542
3493 3494 0.022982
3501 3494 0.022982
3551 3494 0.022982
4637 3494 0.022982
3500 3499 0.00011542
3502 3499 0.00011542
1482 3500 0.022982
3499 3500 0.022982
3514 3500 0.022982
3515 3500 0.022982
3500 3501 0.022982
3502 3501 0.022982
3493 3502 0.00011542
3501 3502 0.00011542
3551 3502 0.00011542
4637 3502 0.00011542
3494 3503 0.022982
3504 3503 0.022982
1100 3504 0.00011542
3503 3504 0.00011542
3516 3504 0.00011542
6255 3504 0.00011542
3506 3505 0.007802
3507 3505 0.007802
3517 3505 0.007802
1483 3506 0.099137
2292 3506 0.099137
3505 3506 0.099137
1509 3507 0.007802
3508 3507 0.007802
3509 3507 0.007802
3506 3508 0.099137
3507 3508 0.099137
3517 3508 0.099137
3510 3509 0.0037908
3511 3509 0.0037908
4634 3509 0.0037908
1509 3510 0.12733
3508 3510 0.12733
3509 3510 0.12733
1101 3511 0.0052892
1500 3511 0.0052892
3512 3511 0.0052892
3510 3512 0.1214
3511 3512 0.1214
4634 3512 0.1214
1482 3513 0.00035702
3499 3513 0.00035702
3514 3513 0.00035702
3515 3513 0.00035702
1463 3514 0.014633
3513 3514 0.014633
1100 3515 0.0002944
3503 3515 0.0002944
3516 3515 0.0002944
6255 3515 0.0002944
1482 3516 0.69701
3499 3516 0.69701
3514 3516 0.69701
3515 3516 0.69701
2946 3519 0.27184
3461 3519 0.27184
3520 3519 0.27184
1097 3520 0.053868
2927 3520 0.053868
2930 3520 0.053868
2931 3520 0.053868
3519 3520 0.053868
2917 3523 0.00073924
3521 3523 0.00073924
3524 3523 0.00073924
3523 3524 0.1003
3526 3524 0.1003
3538 3524 0.1003
3523 3525 0.03084
3526 3525 0.03084
3538 3525 0.03084
2916 3526 0.083524
3525 3526 0.083524
3533 3526 0.083524
3536 3526 0.083524
2915 3527 0.03672
3450 3527 0.03672
3451 3527 0.03672
3528 3527 0.03672
1096 3528 0.32598
3527 3528 0.32598
3530 3528 0.32598
1096 3529 0.06891
3527 3529 0.06891
3530 3529 0.06891
1095 3530 0.12968
2923 3530 0.12968
2928 3530 0.12968
3529 3530 0.12968
3452 3531 0.21391
3453 3531 0.21391
3532 3531 0.21391
2918 3532 0.0062819
3531 3532 0.0062819
3534 3532 0.0062819
2918 3533 0.0021491
3531 3533 0.0021491
3534 3533 0.0021491
2916 3534 0.69496
3525 3534 0.69496
3533 3534 0.69496
3536 3534 0.69496
2916 3535 0.0068715
3525 3535 0.0068715
3533 3535 0.0068715
3536 3535 0.0068715
515 3536 0.25571
1091 3536 0.25571
3535 3536 0.25571
3523 3537 0.0012013
3526 3537 0.0012013
3538 3537 0.0012013
516 3538 0.048077
3537 3538 0.048077
3540 3538 0.048077
4638 3538 0.048077
516 3539 0.00087815
3537 3539 0.00087815
3540 3539 0.00087815
4638 3539 0.00087815
2936 3540 0.058176
2937 3540 0.058176
3539 3540 0.058176
805 4587 0.00049613
3481 4587 0.00049613
4588 4587 0.00049613
3478 4588 0.01118
3491 4588 0.01118
4587 4588 0.01118
1510 4608 0.073894
3230 4608 0.073894
4609 4608 0.073894
1508 4609 0.0015805
3236 4609 0.0015805
4608 4609 0.0015805
1498 4634 0.020299
1501 4634 0.020299
4635 4634 0.020299
3510 4635 0.027719
3511 4635 0.027719
4634 4635 0.027719
2920 4646 0.023835
2921 4646 0.023835
4647 4646 0.023835
3447 4647 0.041357
4646 4647 0.041357
6258 4647 0.041357
3292 5564 1
5565 5564 1
5566 5564 1
3263 5568 0.00010431
3264 5568 0.00010431
5569 5568 0.00010431
5562 5569 0.00037276
5568 5569 0.00037276
5573 5569 0.00037276
3262 5570 0.00040995
5571 5570 0.00040995
5572 5570 0.00040995
3257 5571 0.0004242
3258 5571 0.0004242
5570 5571 0.0004242
5562 5572 0.00010418
5568 5572 0.00010418
5573 5572 0.00010418
3262 5573 0.00038688
5571 5573 0.00038688
5572 5573 0.00038688
1502 6253 0.00014393
1505 6253 0.00014393
6254 6253 0.00014393
6253 6254 0.020219
6264 6254 0.020219
6266 6254 0.020219
1100 6256 0.91062
3503 6256 0.91062
3516 6256 0.91062
6255 6256 0.91062
3447 6257 0.0099619
4646 6257 0.0099619
6258 6257 0.0099619
1506 6258 0.24312
4632 6258 0.24312
6257 6258 0.24312
6262 6258 0.24312
2941 6259 0.00054941
6260 6259 0.00054941
6261 6259 0.00054941
2943 6260 0.60737
6256 6260 0.60737
6259 6260 0.60737
6263 6260 0.60737
1506 6261 0.00282
4632 6261 0.00282
6257 6261 0.00282
6262 6261 0.00282
2941 6262 0.30447
6260 6262 0.30447
6261 6262 0.30447
6253 6263 0.00014393
6264 6263 0.00014393
6266 6263 0.00014393
2943 6264 0.020219
6256 6264 0.020219
6259 6264 0.020219
6263 6264 0.020219
167 6702 0.014276
6703 6702 0.014276
