86 85 0.0013033
89 85 0.0013033
6576 85 0.0013033
85 86 0.016519
3724 86 0.016519
3725 86 0.016519
88 87 0.00033222
90 87 0.00033222
773 87 0.00033222
6568 87 0.00033222
87 88 0.0099281
3728 88 0.0099281
3729 88 0.0099281
88 89 0.0013028
90 89 0.0013028
773 89 0.0013028
6568 89 0.0013028
86 90 0.0069648
89 90 0.0069648
6576 90 0.0069648
91 92 0.0034487
3732 92 0.0034487
3733 92 0.0034487
98 97 0.003459
3704 97 0.003459
3705 97 0.003459
97 98 0.0011462
412 98 0.0011462
6566 98 0.0011462
99 100 0.00090624
366 100 0.00090624
3737 100 0.00090624
100 101 0.00013333
102 101 0.00013333
4555 101 0.00013333
101 102 0.00025898
367 102 0.00025898
3738 102 0.00025898
106 105 0.00092172
3357 105 0.00092172
105 106 0.00090879
4553 106 0.00090879
108 107 0.0028182
396 107 0.0028182
397 107 0.0028182
107 108 0.0036195
390 108 0.0036195
391 108 0.0036195
110 109 0.00040561
5717 109 0.00040561
6560 109 0.00040561
109 110 0.0014497
782 110 0.0014497
784 110 0.0014497
112 111 0.038044
424 111 0.038044
425 111 0.038044
6552 111 0.038044
111 112 0.024865
387 112 0.024865
394 112 0.024865
114 113 0.048952
422 113 0.048952
423 113 0.048952
6550 113 0.048952
113 114 0.025144
384 114 0.025144
385 114 0.025144
116 115 0.036733
420 115 0.036733
421 115 0.036733
1584 115 0.036733
115 116 0.036426
382 116 0.036426
383 116 0.036426
134 133 0.00013774
3708 133 0.00013774
3709 133 0.00013774
133 134 0.0057572
3052 134 0.0057572
365 366 0.0012555
3722 366 0.0012555
3723 366 0.0012555
101 368 0.00024154
367 368 0.00024154
3738 368 0.00024154
369 373 0.00028208
374 373 0.00028208
375 373 0.00028208
368 375 0.00019288
371 375 0.00019288
376 375 0.00019288
378 377 0.0072225
379 377 0.0072225
377 378 0.0020326
399 378 0.0020326
380 379 0.0072225
386 379 0.0072225
393 379 0.0072225
378 380 0.0020326
379 380 0.0020326
115 381 0.07213
382 381 0.07213
383 381 0.07213
381 382 0.02015
400 382 0.02015
401 382 0.02015
413 382 0.02015
113 383 0.070577
384 383 0.070577
385 383 0.070577
115 384 0.018904
382 384 0.018904
383 384 0.018904
380 385 0.049634
386 385 0.049634
393 385 0.049634
113 386 0.021771
384 386 0.021771
385 386 0.021771
388 387 0.031486
389 387 0.031486
3717 387 0.031486
6554 387 0.031486
111 388 0.011612
387 388 0.011612
394 388 0.011612
107 389 0.0031071
390 389 0.0031071
391 389 0.0031071
388 390 0.0049383
389 390 0.0049383
3717 390 0.0049383
6554 390 0.0049383
392 391 0.00076812
395 391 0.00076812
998 391 0.00076812
107 392 0.001798
390 392 0.001798
391 392 0.001798
111 393 0.053143
387 393 0.053143
394 393 0.053143
380 394 0.020089
386 394 0.020089
393 394 0.020089
108 395 0.00076812
396 395 0.00076812
397 395 0.00076812
392 396 0.001798
395 396 0.001798
998 396 0.001798
398 397 0.0030852
3718 397 0.0030852
3719 397 0.0030852
108 398 0.0049164
396 398 0.0049164
397 398 0.0049164
381 399 0.0020326
400 399 0.0020326
401 399 0.0020326
413 399 0.0020326
377 400 0.0072225
399 400 0.0072225
402 401 0.052746
403 401 0.052746
418 401 0.052746
419 401 0.052746
381 402 0.046871
400 402 0.046871
401 402 0.046871
413 402 0.046871
404 403 0.006012
405 403 0.006012
6570 403 0.006012
6573 403 0.006012
402 404 0.024131
403 404 0.024131
418 404 0.024131
419 404 0.024131
97 411 0.003459
412 411 0.003459
6566 411 0.003459
411 412 0.0011462
3734 412 0.0011462
3735 412 0.0011462
414 413 0.020227
415 413 0.020227
417 413 0.020227
381 414 0.083272
400 414 0.083272
401 414 0.083272
413 414 0.083272
416 415 0.00049016
3096 415 0.00049016
7148 415 0.00049016
414 416 0.82417
415 416 0.82417
417 416 0.82417
402 417 0.76135
403 417 0.76135
418 417 0.76135
419 417 0.76135
414 418 0.00071871
415 418 0.00071871
417 418 0.00071871
116 419 0.78518
420 419 0.78518
421 419 0.78518
1584 419 0.78518
402 420 0.00055452
403 420 0.00055452
418 420 0.00055452
419 420 0.00055452
114 421 0.78529
422 421 0.78529
423 421 0.78529
6550 421 0.78529
116 422 0.00071892
420 422 0.00071892
421 422 0.00071892
1584 422 0.00071892
112 423 0.80418
424 423 0.80418
425 423 0.80418
6552 423 0.80418
114 424 0.0014173
422 424 0.0014173
423 424 0.0014173
6550 424 0.0014173
426 425 0.83098
3720 425 0.83098
3721 425 0.83098
4661 425 0.83098
112 426 0.0005828
424 426 0.0005828
425 426 0.0005828
6552 426 0.0005828
428 427 0.00063261
429 427 0.00063261
3089 427 0.00063261
5680 427 0.00063261
427 428 0.77478
431 428 0.77478
3097 428 0.77478
2279 431 0.021798
5674 431 0.021798
7273 431 0.021798
427 432 0.0094591
431 432 0.0094591
3097 432 0.0094591
554 553 0.0012473
1525 553 0.0012473
2824 553 0.0012473
553 554 0.00067948
3702 554 0.00067948
3703 554 0.00067948
723 724 0.0019488
6920 724 0.0019488
774 773 0.0001138
775 773 0.0001138
88 774 0.015029
90 774 0.015029
773 774 0.015029
6568 774 0.015029
776 775 0.0001138
6574 775 0.0001138
774 776 0.015029
775 776 0.015029
109 781 0.00040561
782 781 0.00040561
784 781 0.00040561
781 782 0.0014497
3700 782 0.0014497
3701 782 0.0014497
434 1126 0.056272
5089 1126 0.056272
432 1127 0.021332
5692 1127 0.021332
6874 1128 0.054795
5085 1129 0.00022465
5267 1129 0.00022465
1520 1521 0.00087402
1523 1521 0.00087402
2825 1521 0.00087402
1522 1523 0.0003227
2821 1523 0.0003227
2827 1523 0.0003227
554 1524 0.00010707
1525 1524 0.00010707
2824 1524 0.00010707
1524 1525 0.0012236
1968 1525 0.0012236
2820 1525 0.0012236
1527 1526 0.00015212
1967 1526 0.00015212
2822 1526 0.00015212
1528 1530 0.00050909
1531 1530 0.00050909
3303 1530 0.00050909
1530 1531 0.00040956
1533 1531 0.00040956
2850 1531 0.00040956
1530 1532 0.00080503
1533 1532 0.00080503
2850 1532 0.00080503
1532 1533 0.0015917
2851 1533 0.0015917
3339 1533 0.0015917
1566 1568 0.0019246
1569 1568 0.0019246
5716 1568 0.0019246
1568 1570 0.065515
1571 1570 0.065515
3699 1570 0.065515
1570 1572 0.0051468
1573 1572 0.0051468
3092 1572 0.0051468
1572 1573 0.0023507
7223 1573 0.0023507
408 1574 0.0051468
1575 1574 0.0051468
7224 1574 0.0051468
1574 1575 0.0023507
1577 1575 0.0023507
6571 1575 0.0023507
1574 1576 0.058351
1577 1576 0.058351
6571 1576 0.058351
1576 1577 0.00077951
7149 1577 0.00077951
1578 1580 0.0037444
1581 1580 0.0037444
4558 1580 0.0037444
1580 1582 0.0021144
1583 1582 0.0021144
6572 1582 0.0021144
6575 1582 0.0021144
1582 1583 0.02014
1585 1583 0.02014
4524 1583 0.02014
1582 1584 0.014836
1585 1584 0.014836
4524 1584 0.014836
116 1585 0.014471
420 1585 0.014471
421 1585 0.014471
1584 1585 0.014471
1527 1968 0.0013219
1967 1968 0.0013219
2822 1968 0.0013219
1972 1971 0.001452
3706 1971 0.001452
3707 1971 0.001452
3736 1971 0.001452
724 2146 0.0019372
2147 2146 0.0019372
6794 2146 0.0019372
1126 2279 0.05626
2353 2352 0.00019265
3337 2352 0.00019265
1524 2821 0.00019302
1968 2821 0.00019302
2820 2821 0.00019302
1969 2822 0.001452
1971 2822 0.001452
2823 2822 0.001452
1520 2824 0.00011036
1523 2824 0.00011036
2825 2824 0.00011036
554 2825 0.00065903
1525 2825 0.00065903
2824 2825 0.00065903
1526 2827 0.00015212
2826 2827 0.00015212
1530 2849 0.0019489
1533 2849 0.0019489
2850 2849 0.0019489
600 2850 0.0010627
2849 2850 0.0010627
3344 2850 0.0010627
3345 2850 0.0010627
133 3051 0.00013774
3052 3051 0.00013774
3051 3052 0.0057572
3710 3052 0.0057572
3711 3052 0.0057572
3054 3053 0.0014985
3685 3053 0.0014985
3053 3054 0.0012431
3682 3054 0.0012431
3683 3054 0.0012431
3086 3085 0.00011953
5668 3085 0.00011953
5964 3085 0.00011953
3085 3087 0.00064547
3088 3087 0.00064547
5398 3087 0.00064547
3087 3088 0.00011072
7151 3088 0.00011072
428 3090 0.82502
429 3090 0.82502
3089 3090 0.82502
5680 3090 0.82502
1570 3091 0.062719
1573 3091 0.062719
3092 3091 0.062719
416 3095 0.88127
3096 3095 0.88127
7148 3095 0.88127
1127 3097 0.76231
3095 3097 0.76231
3098 3097 0.76231
427 3098 0.0004934
431 3098 0.0004934
3097 3098 0.0004934
3107 3109 0.00020686
3110 3109 0.00020686
3309 3109 0.00020686
3310 3109 0.00020686
3109 3111 0.00015838
3112 3111 0.00015838
3313 3111 0.00015838
3314 3111 0.00015838
3111 3113 0.00012814
3114 3113 0.00012814
6382 3113 0.00012814
6383 3113 0.00012814
3124 3123 0.0011589
3307 3123 0.0011589
3308 3123 0.0011589
3637 3123 0.0011589
3123 3124 0.00015828
3126 3124 0.00015828
3312 3124 0.00015828
3123 3125 0.0010836
3126 3125 0.0010836
3312 3125 0.0010836
3125 3127 0.0010021
3128 3127 0.0010021
5949 3127 0.0010021
3127 3129 0.00099891
3130 3129 0.00099891
6380 3129 0.00099891
6381 3129 0.00099891
3129 3131 0.0010138
3132 3131 0.0010138
6105 3131 0.0010138
6108 3131 0.0010138
3131 3133 0.0010877
3134 3133 0.0010877
6402 3133 0.0010877
6403 3133 0.0010877
3135 3136 0.0001164
5948 3136 0.0001164
5953 3136 0.0001164
3137 3138 0.0020458
3302 3138 0.0020458
3338 3138 0.0020458
1528 3302 0.00040956
1531 3302 0.00040956
3303 3302 0.00040956
3137 3303 0.00050909
3302 3303 0.00050909
3338 3303 0.00050909
3136 3304 0.00057918
3305 3304 0.00057918
3306 3304 0.00057918
3124 3306 0.00062095
3307 3306 0.00062095
3308 3306 0.00062095
3637 3306 0.00062095
3136 3307 0.00015011
3305 3307 0.00015011
3306 3307 0.00015011
3124 3309 0.00020686
3307 3309 0.00020686
3308 3309 0.00020686
3637 3309 0.00020686
3109 3312 0.0001305
3112 3312 0.0001305
3313 3312 0.0001305
3314 3312 0.0001305
3137 3337 0.00021951
3302 3337 0.00021951
3338 3337 0.00021951
3343 3338 0.0023525
3639 3338 0.0023525
3962 3338 0.0023525
3340 3339 0.0015917
3342 3339 0.0015917
3960 3339 0.0015917
1532 3340 0.00080503
2851 3340 0.00080503
3339 3340 0.00080503
3340 3341 0.00080503
3342 3341 0.00080503
3960 3341 0.00080503
3341 3342 0.0015917
3346 3342 0.0015917
4684 3342 0.0015917
600 3343 0.05548
2849 3343 0.05548
3344 3343 0.05548
3345 3343 0.05548
3341 3345 0.054747
3346 3345 0.054747
4684 3345 0.054747
600 3346 0.00016563
2849 3346 0.00016563
3344 3346 0.00016563
3345 3346 0.00016563
73 3347 0.93072
3348 3347 0.93072
3349 3347 0.93072
3350 3349 0.93072
3351 3349 0.93072
3363 3349 0.93072
3352 3351 0.61159
3366 3351 0.61159
3691 3351 0.61159
3350 3352 0.010912
3351 3352 0.010912
3363 3352 0.010912
3347 3353 0.87535
3354 3353 0.87535
4683 3353 0.87535
3356 3355 0.001822
4554 3355 0.001822
5855 3355 0.001822
3353 3356 0.001822
3355 3356 0.001822
7220 3356 0.001822
3358 3357 0.00092172
3360 3357 0.00092172
106 3358 0.00090879
3357 3358 0.00090879
3358 3359 0.00090879
3360 3359 0.00090879
3359 3360 0.00092172
5856 3360 0.00092172
5858 3360 0.00092172
3364 3363 0.33066
3365 3363 0.33066
3367 3363 0.33066
3350 3364 0.00062271
3351 3364 0.00062271
3363 3364 0.00062271
3352 3365 0.0090742
3366 3365 0.0090742
3691 3365 0.0090742
3364 3366 0.32609
3365 3366 0.32609
3367 3366 0.32609
3368 3367 0.64764
3369 3367 0.64764
3665 3367 0.64764
3364 3368 0.0005842
3365 3368 0.0005842
3367 3368 0.0005842
3370 3369 0.010625
3692 3369 0.010625
3693 3369 0.010625
3368 3370 0.36497
3369 3370 0.36497
3665 3370 0.36497
3638 3637 0.0019506
3640 3637 0.0019506
5268 3637 0.0019506
3124 3638 0.00028939
3307 3638 0.00028939
3308 3638 0.00028939
3637 3638 0.00028939
3343 3640 0.053167
3639 3640 0.053167
3962 3640 0.053167
3666 3665 1.0027
3667 3665 1.0027
5843 3665 1.0027
3368 3666 0.0012638
3369 3666 0.0012638
3665 3666 0.0012638
3668 3667 0.00044257
3669 3667 0.00044257
6478 3667 0.00044257
3666 3668 0.0029734
3667 3668 0.0029734
5843 3668 0.0029734
3670 3669 0.0012535
3679 3669 0.0012535
5851 3669 0.0012535
3668 3670 0.0018326
3669 3670 0.0018326
6478 3670 0.0018326
3672 3671 0.0032166
3673 3671 0.0032166
3675 3671 0.0032166
3671 3672 0.0002271
5854 3672 0.0002271
3674 3673 0.0056722
3696 3673 0.0056722
3697 3673 0.0056722
3672 3674 0.00018243
3673 3674 0.00018243
3675 3674 0.00018243
3672 3676 0.0025368
3673 3676 0.0025368
3675 3676 0.0025368
3680 3679 0.00024013
3681 3679 0.00024013
3689 3679 0.00024013
6479 3679 0.00024013
3670 3680 0.0038087
3679 3680 0.0038087
5851 3680 0.0038087
3053 3681 0.00017861
3682 3681 0.00017861
3683 3681 0.00017861
3680 3682 0.0081992
3681 3682 0.0081992
3689 3682 0.0081992
6479 3682 0.0081992
3684 3683 0.00024663
3686 3683 0.00024663
3687 3683 0.00024663
3053 3684 0.0085226
3682 3684 0.0085226
3683 3684 0.0085226
3684 3685 0.0014985
3686 3685 0.0014985
3687 3685 0.0014985
3054 3686 0.0012431
3685 3686 0.0012431
3688 3687 0.0010826
3714 3687 0.0010826
3715 3687 0.0010826
3684 3688 0.0091032
3686 3688 0.0091032
3687 3688 0.0091032
3676 3689 0.0025368
3677 3689 0.0025368
3690 3689 0.0025368
3370 3691 0.31026
3692 3691 0.31026
3693 3691 0.31026
3352 3692 0.026594
3366 3692 0.026594
3691 3692 0.026594
3694 3693 0.00012425
3695 3693 0.00012425
6563 3693 0.00012425
3370 3694 0.07081
3692 3694 0.07081
3693 3694 0.07081
3694 3696 0.066795
3695 3696 0.066795
6563 3696 0.066795
3674 3698 0.061262
3696 3698 0.061262
3697 3698 0.061262
781 3699 0.063632
3700 3699 0.063632
3701 3699 0.063632
553 3701 0.06466
3702 3701 0.06466
3703 3701 0.06466
98 3703 0.064126
3704 3703 0.064126
3705 3703 0.064126
1972 3705 0.066436
3706 3705 0.066436
3707 3705 0.066436
3736 3705 0.066436
134 3707 0.068643
3708 3707 0.068643
3709 3707 0.068643
3051 3709 0.063267
3710 3709 0.063267
3711 3709 0.063267
134 3710 0.00027187
3708 3710 0.00027187
3709 3710 0.00027187
2146 3711 0.06862
3712 3711 0.06862
4663 3711 0.06862
7113 3711 0.06862
3688 3713 0.069283
3714 3713 0.069283
3715 3713 0.069283
3642 3715 0.061262
3698 3715 0.061262
3716 3715 0.061262
398 3717 0.032479
3718 3717 0.032479
3719 3717 0.032479
388 3718 0.010773
389 3718 0.010773
3717 3718 0.010773
6554 3718 0.010773
426 3719 0.034315
3720 3719 0.034315
3721 3719 0.034315
4661 3719 0.034315
398 3720 0.014441
3718 3720 0.014441
3719 3720 0.014441
365 3721 0.00067913
3722 3721 0.00067913
3723 3721 0.00067913
426 3722 0.025763
3720 3722 0.025763
3721 3722 0.025763
4661 3722 0.025763
85 3723 0.00066101
3724 3723 0.00066101
3725 3723 0.00066101
365 3724 0.02458
3722 3724 0.02458
3723 3724 0.02458
3726 3725 0.00086416
3727 3725 0.00086416
4556 3725 0.00086416
85 3726 0.0095675
3724 3726 0.0095675
3725 3726 0.0095675
87 3727 0.00045412
3728 3727 0.00045412
3729 3727 0.00045412
3726 3728 0.010105
3727 3728 0.010105
4556 3728 0.010105
373 3729 0.001656
3730 3729 0.001656
3731 3729 0.001656
87 3730 0.0017107
3728 3730 0.0017107
3729 3730 0.0017107
91 3731 0.0014965
3732 3731 0.0014965
3733 3731 0.0014965
373 3732 0.0017687
3730 3732 0.0017687
3731 3732 0.0017687
411 3733 0.0034608
3734 3733 0.0034608
3735 3733 0.0034608
91 3734 0.00035988
3732 3734 0.00035988
3733 3734 0.00035988
1972 3735 0.0041499
3706 3735 0.0041499
3707 3735 0.0041499
3736 3735 0.0041499
411 3736 0.0033618
3734 3736 0.0033618
3735 3736 0.0033618
99 3738 0.00036699
366 3738 0.00036699
3737 3738 0.00036699
1582 4523 0.00038081
1585 4523 0.00038081
4524 4523 0.00038081
4523 4524 0.018771
4526 4524 0.018771
6551 4524 0.018771
4523 4525 0.0012902
4526 4525 0.0012902
6551 4525 0.0012902
4525 4526 0.025297
6553 4526 0.025297
6577 4526 0.025297
3356 4553 0.00090879
4554 4553 0.00090879
5855 4553 0.00090879
105 4554 0.00092173
4553 4554 0.00092173
3726 4555 0.00014772
3727 4555 0.00014772
4556 4555 0.00014772
100 4556 0.001095
102 4556 0.001095
4555 4556 0.001095
92 4558 0.0037444
4557 4558 0.0037444
6569 4558 0.0037444
4660 4661 0.87535
7221 4661 0.87535
2146 4662 0.00067182
3712 4662 0.00067182
4663 4662 0.00067182
7113 4662 0.00067182
3341 4683 0.00047712
3346 4683 0.00047712
4684 4683 0.00047712
3347 4684 0.055845
3354 4684 0.055845
4683 4684 0.055845
4685 5085 0.00085028
5086 5085 0.00085028
5087 5086 0.00089016
5271 5086 0.00089016
1129 5087 0.00018368
3963 5087 0.00018368
7272 5088 0.00026608
7274 5088 0.00026608
5090 5089 0.05622
5091 5090 0.056256
5838 5090 0.056256
1128 5091 0.055073
5092 5091 0.055073
5093 5092 0.00027806
5088 5093 0.00027813
5094 5093 0.00027813
3638 5267 0.054169
3640 5267 0.054169
5268 5267 0.054169
3138 5268 0.0026755
5832 5268 0.0026755
6422 5268 0.0026755
3964 5271 0.0007066
6738 5271 0.0007066
3105 5398 0.00052782
5399 5398 0.00052782
5963 5398 0.00052782
3090 5674 0.0061888
5675 5674 0.0061888
5676 5674 0.0061888
7150 5674 0.0061888
2279 5675 0.18115
5674 5675 0.18115
7273 5675 0.18115
3090 5677 0.00055659
5675 5677 0.00055659
5676 5677 0.00055659
7150 5677 0.00055659
3094 5680 0.050863
5681 5680 0.050863
5683 5680 0.050863
1975 5683 0.050863
3091 5683 0.050863
5682 5683 0.050863
5693 5683 0.050863
1975 5692 0.014209
3091 5692 0.014209
5682 5692 0.014209
5693 5692 0.014209
432 5693 0.0023356
5692 5693 0.0023356
110 5716 0.0019246
5717 5716 0.0019246
6560 5716 0.0019246
2352 5832 0.00015787
2355 5832 0.00015787
5269 5832 0.00015787
5837 5838 0.0012633
6927 5838 0.0012633
7069 5838 0.0012633
7112 5838 0.0012633
5840 5839 0.004072
5846 5839 0.004072
6562 5839 0.004072
5839 5840 0.00013633
5842 5840 0.00013633
5848 5840 0.00013633
5839 5841 0.004072
5842 5841 0.004072
5848 5841 0.004072
5841 5842 0.00013633
5844 5842 0.00013633
5850 5842 0.00013633
5841 5843 0.004072
5844 5843 0.004072
5850 5843 0.004072
3666 5844 0.00013633
3667 5844 0.00013633
5843 5844 0.00013633
5852 5851 0.0032166
5853 5851 0.0032166
3670 5852 0.0002271
3679 5852 0.0002271
5851 5852 0.0002271
3671 5853 0.0032166
5854 5853 0.0032166
5852 5854 0.0002271
5853 5854 0.0002271
3359 5855 0.00090879
5856 5855 0.00090879
5858 5855 0.00090879
3356 5856 0.00092172
4554 5856 0.00092172
5855 5856 0.00092172
3125 5948 0.00012318
3128 5948 0.00012318
5949 5948 0.00012318
3133 5954 0.001101
5955 5954 0.001101
6394 5954 0.001101
5956 5957 0.00013949
6386 5957 0.00013949
6387 5957 0.00013949
5677 5963 0.00055113
5678 5963 0.00055113
5962 5963 0.00055113
3117 6370 0.00022391
5957 6370 0.00022391
6368 6370 0.00022391
6369 6370 0.00022391
5954 6387 0.00015563
6370 6387 0.00015563
6388 6387 0.00015563
7111 6387 0.00015563
3304 6422 0.00058295
6420 6422 0.00058295
6421 6422 0.00058295
3680 6478 0.0012918
3681 6478 0.0012918
3689 6478 0.0012918
6479 6478 0.0012918
3668 6479 0.0032436
3669 6479 0.0032436
6478 6479 0.0032436
4523 6550 0.012854
4526 6550 0.012854
6551 6550 0.012854
114 6551 0.0072376
422 6551 0.0072376
423 6551 0.0072376
6550 6551 0.0072376
4525 6552 0.0060059
6553 6552 0.0060059
6577 6552 0.0060059
112 6553 0.020459
424 6553 0.020459
425 6553 0.020459
6552 6553 0.020459
1521 6560 0.00087775
6558 6560 0.00087775
6561 6560 0.00087775
3694 6562 0.004072
3695 6562 0.004072
6563 6562 0.004072
5840 6563 0.00013633
5846 6563 0.00013633
6562 6563 0.00013633
92 6568 0.0011698
4557 6568 0.0011698
6569 6568 0.0011698
88 6569 0.0015122
90 6569 0.0015122
773 6569 0.0015122
6568 6569 0.0015122
1574 6570 0.00011293
1577 6570 0.00011293
6571 6570 0.00011293
404 6571 0.054888
405 6571 0.054888
6570 6571 0.054888
6573 6571 0.054888
1580 6573 0.036754
1583 6573 0.036754
6572 6573 0.036754
6575 6573 0.036754
1580 6574 0.0001138
1583 6574 0.0001138
6572 6574 0.0001138
6575 6574 0.0001138
776 6575 0.015029
6574 6575 0.015029
4525 6576 0.0041039
6553 6576 0.0041039
6577 6576 0.0041039
86 6577 0.013658
89 6577 0.013658
6576 6577 0.013658
4662 6738 0.00067182
6739 6738 0.00067182
5085 6873 0.054795
5267 6873 0.054795
6873 6874 0.054795
3713 6920 0.0019236
6921 6920 0.0019236
7114 6920 0.0019236
5954 7112 0.0012633
6370 7112 0.0012633
6388 7112 0.0012633
7111 7112 0.0012633
3713 7113 0.067454
6921 7113 0.067454
7114 7113 0.067454
1576 7148 0.058351
7149 7148 0.058351
416 7149 0.00077951
3096 7149 0.00077951
7148 7149 0.00077951
3087 7150 0.00064547
7151 7150 0.00064547
3090 7151 0.00011072
5675 7151 0.00011072
5676 7151 0.00011072
7150 7151 0.00011072
3353 7221 0.87535
3355 7221 0.87535
7220 7221 0.87535
1572 7222 0.0051468
7223 7222 0.0051468
7222 7223 0.0023507
7225 7223 0.0023507
7222 7224 0.0051468
7225 7224 0.0051468
408 7225 0.0023507
1575 7225 0.0023507
7224 7225 0.0023507
7272 7273 0.14051
7274 7273 0.14051
1127 7274 0.14077
3095 7274 0.14077
3098 7274 0.14077
