10 9 0.0012261
1054 9 0.0012261
2200 9 0.0012261
12 11 0.0012404
1038 11 0.0012404
6021 11 0.0012404
11 12 0.0054284
7235 12 0.0054284
14 13 0.9824
1039 13 0.9824
2522 13 0.9824
6023 13 0.9824
13 15 0.98397
16 15 0.98397
2540 15 0.98397
24 23 0.0046103
894 23 0.0046103
1646 23 0.0046103
6003 23 0.0046103
23 24 0.28209
26 24 0.28209
1614 24 0.28209
23 25 0.0052379
26 25 0.0052379
1614 25 0.0052379
25 26 1.0349
2202 26 1.0349
2536 26 1.0349
283 284 0.35811
4630 284 0.35811
6036 284 0.35811
294 293 0.014851
2570 293 0.014851
2577 293 0.014851
293 294 0.1418
1586 294 0.1418
1589 294 0.1418
2572 294 0.1418
576 575 0.00033156
862 575 0.00033156
3544 575 0.00033156
284 576 0.00032295
575 576 0.00032295
2561 576 0.00032295
835 836 0.00025849
860 836 0.00025849
863 836 0.00025849
576 863 0.0002927
862 863 0.0002927
3544 863 0.0002927
895 894 0.0028096
896 894 0.0028096
1652 894 0.0028096
2534 894 0.0028096
24 895 0.076582
894 895 0.076582
1646 895 0.076582
6003 895 0.076582
897 896 0.00034122
898 896 0.00034122
2532 896 0.00034122
6007 896 0.00034122
895 897 0.018042
896 897 0.018042
1652 897 0.018042
2534 897 0.018042
897 899 0.00036006
898 899 0.00036006
2532 899 0.00036006
6007 899 0.00036006
899 901 0.00036006
900 901 0.00036006
908 901 0.00036006
901 903 0.00033418
902 903 0.00033418
910 903 0.00033418
932 933 0.017275
935 933 0.017275
1609 933 0.017275
932 934 0.010697
935 934 0.010697
1609 934 0.010697
934 935 0.011383
937 935 0.011383
6006 935 0.011383
934 936 0.052404
937 936 0.052404
6006 936 0.052404
936 937 0.0069759
939 937 0.0069759
1611 937 0.0069759
936 938 0.20318
939 938 0.20318
1611 938 0.20318
938 939 0.0038625
941 939 0.0038625
1613 939 0.0038625
938 940 0.75565
941 940 0.75565
1613 940 0.75565
940 941 0.00052137
2523 941 0.00052137
2539 941 0.00052137
14 1038 0.0012404
1039 1038 0.0012404
2522 1038 0.0012404
6023 1038 0.0012404
12 1039 0.0054284
1038 1039 0.0054284
6021 1039 0.0054284
1055 1054 0.0010406
2083 1054 0.0010406
10 1055 0.00036381
1054 1055 0.00036381
2200 1055 0.00036381
9 1062 0.0012186
1063 1062 0.0012186
2210 1062 0.0012186
293 1588 0.014851
1586 1588 0.014851
1589 1588 0.014851
2572 1588 0.014851
1588 1589 0.1418
1591 1589 0.1418
2574 1589 0.1418
1588 1590 0.014851
1591 1590 0.014851
2574 1590 0.014851
1590 1591 0.1418
2576 1591 0.1418
2589 1591 0.1418
4398 1591 0.1418
1597 1596 0.00011999
2184 1596 0.00011999
1596 1597 0.0016914
2796 1597 0.0016914
5751 1597 0.0016914
5754 1597 0.0016914
920 1605 0.00032361
1604 1605 0.00032361
1607 1605 0.00032361
914 1607 0.00030031
1606 1607 0.00030031
6010 1607 0.00030031
932 1608 0.00015578
935 1608 0.00015578
1609 1608 0.00015578
1608 1609 0.01673
2531 1609 0.01673
6008 1609 0.01673
936 1610 0.003609
939 1610 0.003609
1611 1610 0.003609
1610 1611 0.15749
2527 1611 0.15749
2528 1611 0.15749
6004 1611 0.15749
938 1612 0.0074163
941 1612 0.0074163
1613 1612 0.0074163
1612 1613 0.56324
1615 1613 0.56324
2525 1613 0.56324
2526 1613 0.56324
1612 1614 0.015708
1615 1614 0.015708
2525 1614 0.015708
2526 1614 0.015708
23 1615 0.7674
26 1615 0.7674
1614 1615 0.7674
23 1616 0.00053908
26 1616 0.00053908
1614 1616 0.00053908
24 1645 0.0035386
894 1645 0.0035386
1646 1645 0.0035386
6003 1645 0.0035386
1645 1646 0.0018326
1648 1646 0.0018326
1645 1647 0.0035386
1648 1647 0.0035386
1647 1648 0.0018326
1650 1648 0.0018326
1651 1648 0.0018326
922 1650 0.0012316
1062 1650 0.0012316
1649 1650 0.0012316
895 1651 0.00084684
896 1651 0.00084684
1652 1651 0.00084684
2534 1651 0.00084684
1647 1652 0.0037636
1650 1652 0.0037636
1651 1652 0.0037636
2080 2079 0.0019031
7234 2079 0.0019031
2081 2080 0.0060911
2207 2080 0.0060911
2082 2081 0.0060911
2206 2081 0.0060911
1055 2082 0.0060911
2083 2082 0.0060911
2079 2083 0.0067679
2201 2083 0.0067679
2185 2184 0.00011999
2541 2184 0.00011999
1597 2185 0.0016914
2184 2185 0.0016914
1616 2200 0.00053908
6248 2200 0.00053908
25 2201 0.0067574
2202 2201 0.0067574
2536 2201 0.0067574
2079 2202 0.0018925
2201 2202 0.0018925
940 2522 0.97821
2523 2522 0.97821
2539 2522 0.97821
1612 2524 0.27124
1615 2524 0.27124
2525 2524 0.27124
2526 2524 0.27124
2524 2525 0.013584
2537 2525 0.013584
2538 2525 0.013584
1610 2526 0.11828
2527 2526 0.11828
2528 2526 0.11828
6004 2526 0.11828
1612 2527 0.056505
1615 2527 0.056505
2525 2527 0.056505
2526 2527 0.056505
2529 2528 0.039735
2530 2528 0.039735
2535 2528 0.039735
6005 2528 0.039735
1610 2529 0.026073
2527 2529 0.026073
2528 2529 0.026073
6004 2529 0.026073
1608 2530 0.0097774
2531 2530 0.0097774
6008 2530 0.0097774
2529 2531 0.008989
2530 2531 0.008989
2535 2531 0.008989
6005 2531 0.008989
2529 2534 0.0026264
2530 2534 0.0026264
2535 2534 0.0026264
6005 2534 0.0026264
895 2535 0.061614
896 2535 0.061614
1652 2535 0.061614
2534 2535 0.061614
2524 2536 1.0411
2537 2536 1.0411
2538 2536 1.0411
25 2537 0.0065204
2202 2537 0.0065204
2536 2537 0.0065204
940 2538 0.016116
2523 2538 0.016116
2539 2538 0.016116
2524 2539 0.23919
2537 2539 0.23919
2538 2539 0.23919
2185 2540 0.0016914
2541 2540 0.0016914
13 2541 0.00011999
16 2541 0.00011999
2540 2541 0.00011999
2542 2543 1
6715 2543 1
2543 2545 0.995
2544 2545 0.995
2546 2545 0.995
2543 2547 0.005024
2544 2547 0.005024
2546 2547 0.005024
2548 2549 0.0050292
2551 2549 0.0050292
6030 2549 0.0050292
2550 2551 0.003609
2553 2551 0.003609
4544 2551 0.003609
2547 2553 0.0028108
2552 2553 0.0028108
2568 2553 0.0028108
509 2555 0.995
2545 2555 0.995
2554 2555 0.995
2549 2557 1
2555 2557 1
2556 2557 1
284 2560 0.3581
575 2560 0.3581
2561 2560 0.3581
2563 2562 0.64558
4389 2562 0.64558
4392 2562 0.64558
2562 2563 0.0036628
2571 2563 0.0036628
6786 2563 0.0036628
2566 2567 0.0019104
2569 2567 0.0019104
6027 2567 0.0019104
2547 2569 0.0022558
2552 2569 0.0022558
2568 2569 0.0022558
2562 2570 1
2571 2570 1
6786 2570 1
294 2576 0.1418
2570 2576 0.1418
2577 2576 0.1418
1590 2577 0.014851
2576 2577 0.014851
2589 2577 0.014851
4398 2577 0.014851
3543 3544 0.00028681
3546 3544 0.00028681
4643 3544 0.00028681
836 3546 0.00028681
3545 3546 0.00028681
3548 3546 0.00028681
2567 3565 0.0014668
3566 3565 0.0014668
6025 3565 0.0014668
4388 4387 0.19495
4390 4387 0.19495
4631 4387 0.19495
4387 4388 0.060484
4391 4388 0.060484
4394 4388 0.060484
4388 4389 0.50998
4390 4389 0.50998
4631 4389 0.50998
2563 4390 0.0025265
4389 4390 0.0025265
4392 4390 0.0025265
2563 4391 0.060484
4389 4391 0.060484
4392 4391 0.060484
4387 4392 0.19495
4391 4392 0.19495
4394 4392 0.19495
2550 4543 0.00039373
2553 4543 0.00039373
4544 4543 0.00039373
4543 4544 0.001178
6026 4544 0.001178
6028 4544 0.001178
4388 4630 0.0017275
4390 4630 0.0017275
4631 4630 0.0017275
283 4631 0.64364
4630 4631 0.64364
6036 4631 0.64364
1596 5750 0.016037
2796 5750 0.016037
5751 5750 0.016037
5754 5750 0.016037
1112 5752 0.016037
5753 5752 0.016037
7122 5752 0.016037
933 5754 0.017602
5755 5754 0.017602
5756 5754 0.017602
4829 5756 0.00034287
5757 5756 0.00034287
5762 5756 0.00034287
1605 5762 0.00034329
5758 5762 0.00034329
5763 5762 0.00034329
1610 6003 0.0080973
2527 6003 0.0080973
2528 6003 0.0080973
6004 6003 0.0080973
24 6004 0.2101
894 6004 0.2101
1646 6004 0.2101
6003 6004 0.2101
934 6005 0.0012429
937 6005 0.0012429
6006 6005 0.0012429
2529 6006 0.047357
2530 6006 0.047357
2535 6006 0.047357
6005 6006 0.047357
1608 6007 0.00034865
2531 6007 0.00034865
6008 6007 0.00034865
897 6008 0.017712
898 6008 0.017712
2532 6008 0.017712
6007 6008 0.017712
20 6010 0.00029311
903 6010 0.00029311
6009 6010 0.00029311
4543 6025 0.00035082
6026 6025 0.00035082
6028 6025 0.00035082
2567 6026 0.00078106
3566 6026 0.00078106
6025 6026 0.00078106
4543 6027 0.0004909
6026 6027 0.0004909
6028 6027 0.0004909
2566 6028 0.00084495
2569 6028 0.00084495
6027 6028 0.00084495
2564 6030 0.0014668
3565 6030 0.0014668
6029 6030 0.0014668
18 6036 0.99999
2557 6036 0.99999
6035 6036 0.99999
15 6715 1
6714 6715 1
7232 6715 1
2560 6786 0.3581
6787 6786 0.3581
5750 7122 0.016037
7123 7122 0.016037
5752 7232 0.016037
7233 7232 0.016037
11 7234 0.0012404
7235 7234 0.0012404
2080 7235 0.0054284
7234 7235 0.0054284
