114 113 0.00010133
422 113 0.00010133
423 113 0.00010133
6550 113 0.00010133
178 177 0.00013691
193 177 0.00013691
4593 177 0.00013691
6477 177 0.00013691
198 197 0.00013757
2031 197 0.00013757
7168 197 0.00013757
115 381 0.00014933
382 381 0.00014933
383 381 0.00014933
113 383 0.00014611
384 383 0.00014611
385 383 0.00014611
380 385 0.00010276
386 385 0.00010276
393 385 0.00010276
111 393 0.00011
387 393 0.00011
394 393 0.00011
402 401 0.00010972
403 401 0.00010972
418 401 0.00010972
419 401 0.00010972
381 402 0.00010024
400 402 0.00010024
401 402 0.00010024
413 402 0.00010024
381 414 0.00017275
400 414 0.00017275
401 414 0.00017275
413 414 0.00017275
414 416 0.0017093
415 416 0.0017093
417 416 0.0017093
402 417 0.001579
403 417 0.001579
418 417 0.001579
419 417 0.001579
116 419 0.0016257
420 419 0.0016257
421 419 0.0016257
1584 419 0.0016257
114 421 0.0016257
422 421 0.0016257
423 421 0.0016257
6550 421 0.0016257
112 423 0.0016648
424 423 0.0016648
425 423 0.0016648
6552 423 0.0016648
426 425 0.0017204
3720 425 0.0017204
3721 425 0.0017204
4661 425 0.0017204
428 427 0.00012314
429 427 0.00012314
3089 427 0.00012314
5680 427 0.00012314
427 428 0.13743
431 428 0.13743
3097 428 0.13743
2279 431 0.13917
5674 431 0.13917
7273 431 0.13917
427 432 0.0041972
431 432 0.0041972
3097 432 0.0041972
6878 434 0.00011747
687 686 1
6871 712 0.0040562
713 714 0.36109
2050 714 0.36109
2052 714 0.36109
974 975 0.00013342
977 975 0.00013342
3184 975 0.00013342
976 977 0.00013342
2871 977 0.00013342
4804 977 0.00013342
975 1008 0.00013686
1006 1008 0.00013686
1009 1008 0.00013686
434 1126 0.99797
5089 1126 0.99797
432 1127 0.0031765
5692 1127 0.0031765
6874 1128 0.99778
5085 1129 0.0015586
5267 1129 0.0015586
6708 1130 0.0040562
1273 1277 0.00014888
1276 1277 0.00014888
3172 1277 0.00014888
1277 1279 0.00015925
1278 1279 0.00015925
2869 1279 0.00015925
1281 1280 0.0001729
1284 1280 0.0001729
3178 1280 0.0001729
1279 1281 0.00057899
1280 1281 0.00057899
3174 1281 0.00057899
1283 1282 0.00065494
1708 1282 0.00065494
4653 1282 0.00065494
1282 1283 0.00079184
1285 1283 0.00079184
3954 1283 0.00079184
1282 1284 0.00064953
1285 1284 0.00064953
3954 1284 0.00064953
1281 1285 0.00063237
1284 1285 0.00063237
3178 1285 0.00063237
1528 1530 0.00035291
1531 1530 0.00035291
3303 1530 0.00035291
1574 1576 0.00011316
1577 1576 0.00011316
6571 1576 0.00011316
1283 1707 0.22841
1708 1707 0.22841
4653 1707 0.22841
4677 1708 0.22827
1709 1711 0.00048836
1712 1711 0.00048836
3179 1711 0.00048836
1711 1713 0.00014186
1714 1713 0.00014186
3175 1713 0.00014186
2034 2033 0.00013757
2035 2033 0.00013757
2039 2033 0.00013757
6281 2033 0.00013757
686 2035 0.00013757
2036 2035 0.00013757
2037 2035 0.00013757
686 2038 0.99986
2036 2038 0.99986
2037 2038 0.99986
2025 2042 0.99986
2038 2042 0.99986
2041 2042 0.99986
2021 2044 0.99986
2042 2044 0.99986
2043 2044 0.99986
6285 2044 0.99986
684 2046 0.99986
2044 2046 0.99986
2045 2046 0.99986
2023 2048 0.99986
2046 2048 0.99986
2047 2048 0.99986
640 2050 0.99986
2048 2050 0.99986
2049 2050 0.99986
6872 2051 0.99606
6709 2052 0.00025349
1126 2279 0.99776
2350 2351 0.00046826
5671 2351 0.00046826
5836 2351 0.00046826
2353 2352 0.00012442
3337 2352 0.00012442
2366 2367 0.00014292
7006 2367 0.00014292
7086 2367 0.00014292
1530 2849 0.00035791
1533 2849 0.00035791
2850 2849 0.00035791
3086 3085 0.00052705
5668 3085 0.00052705
5964 3085 0.00052705
3085 3087 0.0015186
3088 3087 0.0015186
5398 3087 0.0015186
3087 3088 0.00011062
7151 3088 0.00011062
3090 3089 0.00011182
5675 3089 0.00011182
5676 3089 0.00011182
7150 3089 0.00011182
428 3090 0.13849
429 3090 0.13849
3089 3090 0.13849
5680 3090 0.13849
416 3095 0.00182
3096 3095 0.00182
7148 3095 0.00182
1127 3097 0.0036826
3095 3097 0.0036826
3098 3097 0.0036826
427 3098 0.0013444
431 3098 0.0013444
3097 3098 0.0013444
3117 3118 0.0001087
5957 3118 0.0001087
6368 3118 0.0001087
6369 3118 0.0001087
3124 3123 0.00031188
3307 3123 0.00031188
3308 3123 0.00031188
3637 3123 0.00031188
3123 3125 0.00029169
3126 3125 0.00029169
3312 3125 0.00029169
3125 3127 0.00027082
3128 3127 0.00027082
5949 3127 0.00027082
3127 3129 0.00027342
3130 3129 0.00027342
6380 3129 0.00027342
6381 3129 0.00027342
3129 3131 0.00028351
3132 3131 0.00028351
6105 3131 0.00028351
6108 3131 0.00028351
3131 3133 0.0003286
3134 3133 0.0003286
6402 3133 0.0003286
6403 3133 0.0003286
3137 3138 0.0011749
3302 3138 0.0011749
3338 3138 0.0011749
1713 3172 0.00011508
3173 3172 0.00011508
3177 3172 0.00011508
1711 3174 0.00042357
1714 3174 0.00042357
3175 3174 0.00042357
1279 3175 0.00012287
1280 3175 0.00012287
3174 3175 0.00012287
1281 3179 0.00048836
1284 3179 0.00048836
3178 3179 0.00048836
3137 3303 0.00035291
3302 3303 0.00035291
3338 3303 0.00035291
3136 3304 0.00015488
3305 3304 0.00015488
3306 3304 0.00015488
3124 3306 0.00016597
3307 3306 0.00016597
3308 3306 0.00016597
3637 3306 0.00016597
3137 3337 0.00014177
3302 3337 0.00014177
3338 3337 0.00014177
3343 3338 0.0016507
3639 3338 0.0016507
3962 3338 0.0016507
600 3343 0.00035839
2849 3343 0.00035839
3344 3343 0.00035839
3345 3343 0.00035839
3343 3344 0.0018334
3639 3344 0.0018334
3962 3344 0.0018334
600 3346 0.0018056
2849 3346 0.0018056
3344 3346 0.0018056
3345 3346 0.0018056
3347 3353 0.0018125
3354 3353 0.0018125
4683 3353 0.0018125
3638 3637 0.00052125
3640 3637 0.00052125
5268 3637 0.00052125
3343 3640 0.013961
3639 3640 0.013961
3962 3640 0.013961
1299 3954 0.00016136
3955 3954 0.00016136
3956 3954 0.00016136
1008 3956 0.00013221
1011 3956 0.00013221
3957 3956 0.00013221
4685 3962 0.017081
5086 3962 0.017081
1129 3964 0.00028462
3963 3964 0.00028462
6844 4655 0.7716
2351 4657 0.00054104
4656 4657 0.00054104
7014 4657 0.00054104
7087 4657 0.00054104
4660 4661 0.0018125
7221 4661 0.0018125
714 4675 0.0040563
4676 4675 0.0040563
6740 4677 0.99986
6741 4678 0.0040562
3341 4683 0.0018129
3346 4683 0.0018129
4684 4683 0.0018129
6742 4685 1
176 4804 0.00013686
4803 4804 0.00013686
6267 4804 0.00013686
6269 4804 0.00013686
1130 5084 0.0038027
4685 5085 0.98443
5086 5085 0.98443
5087 5086 0.0015151
5271 5086 0.0015151
1129 5087 0.001274
3963 5087 0.001274
5090 5089 0.99786
5091 5090 0.99849
5838 5090 0.99849
1128 5091 0.99803
5092 5091 0.99803
5093 5092 0.00025426
5088 5093 0.00025432
5094 5093 0.00025432
1126 5094 0.00021375
3638 5267 0.0149
3640 5267 0.0149
5268 5267 0.0149
3138 5268 0.0013723
5832 5268 0.0013723
6422 5268 0.0013723
3964 5271 0.00024125
6738 5271 0.00024125
4675 5282 0.0015222
5281 5282 0.0015222
3105 5398 0.00099852
5399 5398 0.00099852
5963 5398 0.00099852
5666 5662 0.00011676
5667 5662 0.00011676
4657 5666 0.00054125
5663 5666 0.00054125
5665 5666 0.00054125
5666 5668 0.00046446
5667 5668 0.00046446
2350 5670 0.00029765
5671 5670 0.00029765
5836 5670 0.00029765
5670 5671 0.00014131
6385 5671 0.00014131
7085 5671 0.00014131
3090 5674 0.0010432
5675 5674 0.0010432
5676 5674 0.0010432
7150 5674 0.0010432
2279 5675 0.86224
5674 5675 0.86224
7273 5675 0.86224
3090 5677 0.0010531
5675 5677 0.0010531
5676 5677 0.0010531
7150 5677 0.0010531
3094 5680 0.0010737
5681 5680 0.0010737
5683 5680 0.0010737
1975 5683 0.0010736
3091 5683 0.0010736
5682 5683 0.0010736
5693 5683 0.0010736
432 5693 0.0010364
5692 5693 0.0010364
2352 5832 0.00010168
2355 5832 0.00010168
5269 5832 0.00010168
6877 5835 0.00062976
5835 5836 0.00062505
5091 5837 0.0014623
5838 5837 0.0014623
5837 5838 0.0019189
6927 5838 0.0019189
7069 5838 0.0019189
7112 5838 0.0019189
3133 5954 0.0004295
5955 5954 0.0004295
6394 5954 0.0004295
3117 5956 0.00018906
5957 5956 0.00018906
6368 5956 0.00018906
6369 5956 0.00018906
5956 5957 0.0010949
6386 5957 0.0010949
6387 5957 0.0010949
5677 5963 0.0010427
5678 5963 0.0010427
5962 5963 0.0010427
177 6269 0.00013631
1108 6269 0.00013631
6270 6269 0.00013631
2364 6368 0.00016487
2367 6368 0.00016487
6366 6368 0.00016487
6367 6368 0.00016487
5954 6369 0.0002978
6370 6369 0.0002978
6388 6369 0.0002978
7111 6369 0.0002978
3117 6370 0.0012278
5957 6370 0.0012278
6368 6370 0.0012278
6369 6370 0.0012278
5956 6385 0.00018426
6386 6385 0.00018426
6387 6385 0.00018426
5670 6386 0.0002229
6385 6386 0.0002229
7085 6386 0.0002229
5954 6387 0.0012102
6370 6387 0.0012102
6388 6387 0.0012102
7111 6387 0.0012102
5956 6388 0.00034297
6386 6388 0.00034297
6387 6388 0.00034297
3118 6392 0.00010647
6390 6392 0.00010647
6391 6392 0.00010647
3908 6394 0.00011308
6392 6394 0.00011308
6393 6394 0.00011308
3304 6422 0.00015635
6420 6422 0.00015635
6421 6422 0.00015635
195 6477 0.00013224
197 6477 0.00013224
6476 6477 0.00013224
404 6571 0.00011263
405 6571 0.00011263
6570 6571 0.00011263
6573 6571 0.00011263
4675 6682 0.002534
5281 6682 0.002534
714 6683 0.35703
4676 6683 0.35703
713 6684 0.63903
2050 6684 0.63903
2052 6684 0.63903
2280 6685 0.0015222
5280 6685 0.0015222
5282 6685 0.0015222
4678 6708 0.0040562
7120 6708 0.0040562
1130 6709 0.00025349
4677 6735 0.7716
7172 6740 0.99986
712 6741 0.0040562
6303 6741 0.0040562
1707 6742 1
4655 6742 1
6735 6844 0.7716
6843 6844 0.7716
6682 6871 0.0040562
6685 6871 0.0040562
6683 6872 0.99606
6684 6872 0.99606
5085 6873 0.99778
5267 6873 0.99778
6873 6874 0.99778
5090 6877 0.00062976
5662 6878 0.00011747
5664 6878 0.00011747
5670 7086 0.00018153
6385 7086 0.00018153
7085 7086 0.00018153
5837 7111 0.0014623
6927 7111 0.0014623
7069 7111 0.0014623
7112 7111 0.0014623
5954 7112 0.0019189
6370 7112 0.0019189
6388 7112 0.0019189
7111 7112 0.0019189
1576 7148 0.00011316
7149 7148 0.00011316
3087 7150 0.0015186
7151 7150 0.0015186
3090 7151 0.00011062
5675 7151 0.00011062
5676 7151 0.00011062
7150 7151 0.00011062
2033 7166 0.00013757
7167 7166 0.00013757
7166 7168 0.00013757
7169 7168 0.00013757
7173 7172 0.99986
2051 7173 0.99986
5084 7173 0.99986
3353 7221 0.0018125
3355 7221 0.0018125
7220 7221 0.0018125
7272 7273 0.0026414
7274 7273 0.0026414
1127 7274 0.0026463
3095 7274 0.0026463
3098 7274 0.0026463
