118 117 0.00010301
3219 117 0.00010301
5730 117 0.00010301
381 402 0.00011916
400 402 0.00011916
401 402 0.00011916
413 402 0.00011916
414 413 0.00014764
415 413 0.00014764
417 413 0.00014764
416 415 0.00023506
3096 415 0.00023506
7148 415 0.00023506
414 416 0.00019468
415 416 0.00019468
417 416 0.00019468
402 417 0.00017746
403 417 0.00017746
418 417 0.00017746
419 417 0.00017746
428 427 0.006706
429 427 0.006706
3089 427 0.006706
5680 427 0.006706
427 428 0.31387
431 428 0.31387
3097 428 0.31387
2279 431 0.014845
5674 431 0.014845
7273 431 0.014845
427 432 0.0074192
431 432 0.0074192
3097 432 0.0074192
778 777 0.00023701
3045 777 0.00023701
6147 777 0.00023701
777 778 0.00023701
4784 778 0.00023701
6149 778 0.00023701
779 780 0.00022238
3046 780 0.00022238
434 1126 0.00031942
5089 1126 0.00031942
432 1127 0.44727
5692 1127 0.44727
1540 1541 0.00062764
4516 1541 0.00062764
5699 1541 0.00062764
6610 1541 0.00062764
1538 1542 0.00075397
1541 1542 0.00075397
1543 1542 0.00075397
5703 1542 0.00075397
1570 1572 0.0020616
1573 1572 0.0020616
3092 1572 0.0020616
1572 1573 0.00017407
7223 1573 0.00017407
408 1574 0.0020616
1575 1574 0.0020616
7224 1574 0.0020616
1574 1575 0.00017407
1577 1575 0.00017407
6571 1575 0.00017407
1574 1576 0.0021104
1577 1576 0.0021104
6571 1576 0.0021104
1576 1577 0.00018211
7149 1577 0.00018211
1976 1975 0.99925
6155 1975 0.99925
6617 1975 0.99925
1126 2279 0.00031935
1542 2808 0.00075397
2809 2808 0.00075397
3030 3029 0.00014506
3033 3029 0.00014506
5719 3029 0.00014506
3029 3030 0.0011363
3032 3030 0.0011363
3029 3031 0.00014506
3032 3031 0.00014506
3031 3032 0.0011363
3034 3032 0.0011363
3031 3033 0.00014506
3034 3033 0.00014506
3030 3034 0.0011363
3033 3034 0.0011363
5719 3034 0.0011363
778 3046 0.00022238
3045 3046 0.00022238
6147 3046 0.00022238
3085 3087 0.00053941
3088 3087 0.00053941
5398 3087 0.00053941
3087 3088 0.00011073
7151 3088 0.00011073
428 3090 0.86545
429 3090 0.86545
3089 3090 0.86545
5680 3090 0.86545
1570 3091 0.0002385
1573 3091 0.0002385
3092 3091 0.0002385
1975 3092 0.0021264
3091 3092 0.0021264
5682 3092 0.0021264
5693 3092 0.0021264
3093 3094 0.00075397
5684 3094 0.00075397
416 3095 0.0022876
3096 3095 0.0022876
7148 3095 0.0022876
1127 3096 0.00039969
3095 3096 0.00039969
3098 3096 0.00039969
1127 3097 0.30297
3095 3097 0.30297
3098 3097 0.30297
427 3098 0.0032298
431 3098 0.0032298
3097 3098 0.0032298
3215 3214 0.00011337
5729 3214 0.00011337
6614 3214 0.00011337
3214 3215 0.00084603
6156 3215 0.00084603
7264 3215 0.00084603
3218 3219 0.00016127
5727 3219 0.00016127
5728 3219 0.00016127
4515 4516 0.00062773
5700 4516 0.00062773
6613 4516 0.00062773
777 4783 0.0018028
4784 4783 0.0018028
6149 4783 0.0018028
1685 4784 0.0075179
4783 4784 0.0075179
6151 4784 0.0075179
6154 4784 0.0075179
7272 5088 0.00028028
7274 5088 0.00028028
5090 5089 0.00028022
5091 5090 0.00028039
5838 5090 0.00028039
1128 5091 0.00028035
5092 5091 0.00028035
5093 5092 0.00028028
5088 5093 0.00028035
5094 5093 0.00028035
3105 5398 0.00049984
5399 5398 0.00049984
5963 5398 0.00049984
3090 5674 0.0064917
5675 5674 0.0064917
5676 5674 0.0064917
7150 5674 0.0064917
2279 5675 0.1411
5674 5675 0.1411
7273 5675 0.1411
3090 5677 0.00052735
5675 5677 0.00052735
5676 5677 0.00052735
7150 5677 0.00052735
3094 5680 0.55827
5681 5680 0.55827
5683 5680 0.55827
1975 5683 0.55755
3091 5683 0.55755
5682 5683 0.55755
5693 5683 0.55755
2808 5684 0.00075397
5685 5684 0.00075397
5686 5684 0.00075397
1975 5692 0.44168
3091 5692 0.44168
5682 5692 0.44168
5693 5692 0.44168
432 5693 0.0018319
5692 5693 0.0018319
1693 5703 0.0001279
5702 5703 0.0001279
5705 5703 0.0001279
5704 5705 0.00011672
5707 5705 0.00011672
5731 5705 0.00011672
6600 5705 0.00011672
3030 5718 0.0012468
3033 5718 0.0012468
5719 5718 0.0012468
5718 5719 0.0012468
6620 5719 0.0012468
6623 5719 0.0012468
3215 5728 0.00017491
5729 5728 0.00017491
6614 5728 0.00017491
118 5731 0.00010115
3219 5731 0.00010115
5730 5731 0.00010115
5677 5963 0.00052218
5678 5963 0.00052218
5962 5963 0.00052218
780 6147 0.00022238
6148 6147 0.00022238
6150 6149 0.0018241
6616 6149 0.0018241
6619 6149 0.0018241
777 6150 0.0075392
4784 6150 0.0075392
6149 6150 0.0075392
6152 6151 0.035257
6618 6151 0.035257
6621 6151 0.035257
1685 6152 0.00015207
4783 6152 0.00015207
6151 6152 0.00015207
6154 6152 0.00015207
1685 6153 0.029416
4783 6153 0.029416
6151 6153 0.029416
6154 6153 0.029416
3214 6155 0.029452
6156 6155 0.029452
7264 6155 0.029452
1976 6156 0.00081574
6155 6156 0.00081574
6617 6156 0.00081574
6158 6157 0.029399
7266 6157 0.029399
7268 6157 0.029399
117 6613 0.00062773
6612 6613 0.00062773
6615 6613 0.00062773
3215 6615 0.00067399
5729 6615 0.00067399
6614 6615 0.00067399
6150 6617 0.97063
6616 6617 0.97063
6619 6617 0.97063
6150 6618 0.00026711
6616 6618 0.00026711
6619 6618 0.00026711
6152 6619 0.96516
6618 6619 0.96516
6621 6619 0.96516
5718 6621 1
6620 6621 1
6623 6621 1
6622 6623 1
7229 6623 1
1576 7148 0.0021104
7149 7148 0.0021104
416 7149 0.00018211
3096 7149 0.00018211
7148 7149 0.00018211
3087 7150 0.00053941
7151 7150 0.00053941
3090 7151 0.00011073
5675 7151 0.00011073
5676 7151 0.00011073
7150 7151 0.00011073
7156 7157 1
7159 7157 1
1572 7222 0.0020616
7223 7222 0.0020616
7222 7223 0.00017407
7225 7223 0.00017407
7222 7224 0.0020616
7225 7224 0.0020616
408 7225 0.00017407
1575 7225 0.00017407
7224 7225 0.00017407
7228 7229 1
7231 7229 1
7157 7231 1
7230 7231 1
6157 7264 0.029399
7265 7264 0.029399
6153 7266 0.029416
7267 7266 0.029416
7272 7273 0.14914
7274 7273 0.14914
1127 7274 0.14941
3095 7274 0.14941
3098 7274 0.14941
