86 85 0.00015103
89 85 0.00015103
6576 85 0.00015103
85 86 0.00010635
3724 86 0.00010635
3725 86 0.00010635
88 87 0.00046926
90 87 0.00046926
773 87 0.00046926
6568 87 0.00046926
87 88 0.0012278
3728 88 0.0012278
3729 88 0.0012278
88 89 0.00022079
90 89 0.00022079
773 89 0.00022079
6568 89 0.00022079
91 92 0.0022973
3732 92 0.0022973
3733 92 0.0022973
98 97 0.038691
3704 97 0.038691
3705 97 0.038691
97 98 0.03386
412 98 0.03386
6566 98 0.03386
110 109 0.01976
5717 109 0.01976
6560 109 0.01976
109 110 0.021584
782 110 0.021584
784 110 0.021584
134 133 0.0037385
3708 133 0.0037385
3709 133 0.0037385
133 134 0.02982
3052 134 0.02982
369 373 0.00012635
374 373 0.00012635
375 373 0.00012635
404 403 0.00013746
405 403 0.00013746
6570 403 0.00013746
6573 403 0.00013746
97 411 0.038691
412 411 0.038691
6566 411 0.038691
411 412 0.03386
3734 412 0.03386
3735 412 0.03386
414 416 0.00037144
415 416 0.00037144
417 416 0.00037144
402 417 0.00034293
403 417 0.00034293
418 417 0.00034293
419 417 0.00034293
116 419 0.00026181
420 419 0.00026181
421 419 0.00026181
1584 419 0.00026181
114 421 0.00013131
422 421 0.00013131
423 421 0.00013131
6550 421 0.00013131
428 427 0.0016398
429 427 0.0016398
3089 427 0.0016398
5680 427 0.0016398
427 428 0.0018525
431 428 0.0018525
3097 428 0.0018525
2279 431 0.00021449
5674 431 0.00021449
7273 431 0.00021449
427 432 0.0029144
431 432 0.0029144
3097 432 0.0029144
554 553 0.18071
1525 553 0.18071
2824 553 0.18071
553 554 0.0085307
3702 554 0.0085307
3703 554 0.0085307
723 724 0.00035472
6920 724 0.00035472
88 774 0.0015183
90 774 0.0015183
773 774 0.0015183
6568 774 0.0015183
774 776 0.0015183
775 776 0.0015183
109 781 0.01976
782 781 0.01976
784 781 0.01976
781 782 0.021584
3700 782 0.021584
3701 782 0.021584
432 1127 0.0016112
5692 1127 0.0016112
1521 1520 0.00014446
6558 1520 0.00014446
6561 1520 0.00014446
1520 1521 0.043846
1523 1521 0.043846
2825 1521 0.043846
1520 1522 0.00017045
1523 1522 0.00017045
2825 1522 0.00017045
1522 1523 0.036623
2821 1523 0.036623
2827 1523 0.036623
554 1524 0.0021225
1525 1524 0.0021225
2824 1524 0.0021225
1524 1525 0.18155
1968 1525 0.18155
2820 1525 0.18155
1527 1526 0.020362
1967 1526 0.020362
2822 1526 0.020362
1526 1527 0.00014607
2826 1527 0.00014607
1566 1568 0.045759
1569 1568 0.045759
5716 1568 0.045759
1568 1569 0.00023306
1571 1569 0.00023306
3699 1569 0.00023306
1568 1570 0.99701
1571 1570 0.99701
3699 1570 0.99701
1570 1572 0.0006851
1573 1572 0.0006851
3092 1572 0.0006851
1572 1573 0.0022354
7223 1573 0.0022354
408 1574 0.00068509
1575 1574 0.00068509
7224 1574 0.00068509
1574 1575 0.0022354
1577 1575 0.0022354
6571 1575 0.0022354
1574 1576 0.0012276
1577 1576 0.0012276
6571 1576 0.0012276
1576 1577 0.00013472
7149 1577 0.00013472
1578 1580 0.0013593
1581 1580 0.0013593
4558 1580 0.0013593
1580 1582 0.00014451
1583 1582 0.00014451
6572 1582 0.00014451
6575 1582 0.00014451
1582 1584 0.0001513
1585 1584 0.0001513
4524 1584 0.0001513
1524 1967 0.0012995
1968 1967 0.0012995
2820 1967 0.0012995
1527 1968 0.19696
1967 1968 0.19696
2822 1968 0.19696
1970 1969 1
1972 1971 0.005043
3706 1971 0.005043
3707 1971 0.005043
3736 1971 0.005043
1969 1972 0.78916
1971 1972 0.78916
2823 1972 0.78916
1973 1974 0.00020175
3048 1974 0.00020175
724 2146 0.0003526
2147 2146 0.0003526
6794 2146 0.0003526
1522 2820 0.0029463
2821 2820 0.0029463
2827 2820 0.0029463
1524 2821 0.019183
1968 2821 0.019183
2820 2821 0.019183
1969 2822 0.21651
1971 2822 0.21651
2823 2822 0.21651
1527 2823 0.00063178
1967 2823 0.00063178
2822 2823 0.00063178
1520 2824 0.011684
1523 2824 0.011684
2825 2824 0.011684
554 2825 0.018932
1525 2825 0.018932
2824 2825 0.018932
1522 2826 0.00014607
2821 2826 0.00014607
2827 2826 0.00014607
1526 2827 0.020362
2826 2827 0.020362
3047 3048 0.00020175
6556 3048 0.00020175
6559 3048 0.00020175
133 3051 0.0037385
3052 3051 0.0037385
3051 3052 0.02982
3710 3052 0.02982
3711 3052 0.02982
428 3090 0.0001235
429 3090 0.0001235
3089 3090 0.0001235
5680 3090 0.0001235
1570 3091 0.99856
1573 3091 0.99856
3092 3091 0.99856
416 3095 0.0015391
3096 3095 0.0015391
7148 3095 0.0015391
1127 3097 0.0029316
3095 3097 0.0029316
3098 3097 0.0029316
781 3699 0.95211
3700 3699 0.95211
3701 3699 0.95211
1568 3700 0.00062795
1571 3700 0.00062795
3699 3700 0.00062795
553 3701 0.95375
3702 3701 0.95375
3703 3701 0.95375
781 3702 0.00043742
3700 3702 0.00043742
3701 3702 0.00043742
98 3703 0.7863
3704 3703 0.7863
3705 3703 0.7863
553 3704 0.0051716
3702 3704 0.0051716
3703 3704 0.0051716
1972 3705 0.78942
3706 3705 0.78942
3707 3705 0.78942
3736 3705 0.78942
98 3706 0.003462
3704 3706 0.003462
3705 3706 0.003462
134 3707 0.032575
3708 3707 0.032575
3709 3707 0.032575
1972 3708 0.032575
3706 3708 0.032575
3707 3708 0.032575
3736 3708 0.032575
3051 3709 0.00404
3710 3709 0.00404
3711 3709 0.00404
134 3710 0.030122
3708 3710 0.030122
3709 3710 0.030122
2146 3711 0.0003564
3712 3711 0.0003564
4663 3711 0.0003564
7113 3711 0.0003564
3051 3712 0.00035678
3710 3712 0.00035678
3711 3712 0.00035678
3726 3725 0.00016919
3727 3725 0.00016919
4556 3725 0.00016919
85 3726 0.00014936
3724 3726 0.00014936
3725 3726 0.00014936
87 3727 0.00022299
3728 3727 0.00022299
3729 3727 0.00022299
3726 3728 0.00017303
3727 3728 0.00017303
4556 3728 0.00017303
373 3729 0.0013523
3730 3729 0.0013523
3731 3729 0.0013523
87 3730 0.00054383
3728 3730 0.00054383
3729 3730 0.00054383
91 3731 0.001399
3732 3731 0.001399
3733 3731 0.001399
373 3732 0.00063203
3730 3732 0.00063203
3731 3732 0.00063203
411 3733 0.0036001
3734 3733 0.0036001
3735 3733 0.0036001
91 3734 0.00061057
3732 3734 0.00061057
3733 3734 0.00061057
1972 3735 0.037153
3706 3735 0.037153
3707 3735 0.037153
3736 3735 0.037153
411 3736 0.038994
3734 3736 0.038994
3735 3736 0.038994
92 4558 0.0013593
4557 4558 0.0013593
6569 4558 0.0013593
3090 5674 0.00012274
5675 5674 0.00012274
5676 5674 0.00012274
7150 5674 0.00012274
3094 5680 0.0017237
5681 5680 0.0017237
5683 5680 0.0017237
428 5681 0.00186
429 5681 0.00186
3089 5681 0.00186
5680 5681 0.00186
1975 5683 0.99985
3091 5683 0.99985
5682 5683 0.99985
5693 5683 0.99985
1975 5692 0.0015643
3091 5692 0.0015643
5682 5692 0.0015643
5693 5692 0.0015643
432 5693 0.0028674
5692 5693 0.0028674
110 5716 0.045759
5717 5716 0.045759
6560 5716 0.045759
1566 5717 0.00023306
1569 5717 0.00023306
5716 5717 0.00023306
1974 6556 0.00020175
6557 6556 0.00020175
3047 6558 0.00025676
6556 6558 0.00025676
6559 6558 0.00025676
1521 6559 0.00025676
6558 6559 0.00025676
6561 6559 0.00025676
1521 6560 0.043893
6558 6560 0.043893
6561 6560 0.043893
110 6561 0.00019146
5717 6561 0.00019146
6560 6561 0.00019146
92 6568 0.0010099
4557 6568 0.0010099
6569 6568 0.0010099
88 6569 0.00014031
90 6569 0.00014031
773 6569 0.00014031
6568 6569 0.00014031
404 6571 0.0026564
405 6571 0.0026564
6570 6571 0.0026564
6573 6571 0.0026564
1580 6573 0.0027378
1583 6573 0.0027378
6572 6573 0.0027378
6575 6573 0.0027378
776 6575 0.0015183
6574 6575 0.0015183
86 6577 0.0001313
89 6577 0.0001313
6576 6577 0.0001313
3713 6920 0.00033813
6921 6920 0.00033813
7114 6920 0.00033813
2146 7114 0.00034595
3712 7114 0.00034595
4663 7114 0.00034595
7113 7114 0.00034595
1576 7148 0.0012276
7149 7148 0.0012276
416 7149 0.00013472
3096 7149 0.00013472
7148 7149 0.00013472
1572 7222 0.00068509
7223 7222 0.00068509
7222 7223 0.0022354
7225 7223 0.0022354
7222 7224 0.00068509
7225 7224 0.00068509
408 7225 0.0022354
1575 7225 0.0022354
7224 7225 0.0022354
7272 7273 0.00013742
7274 7273 0.00013742
1127 7274 0.00013791
3095 7274 0.00013791
3098 7274 0.00013791
