6878 434 0.00041566
548 547 0.05898
6226 547 0.05898
6227 547 0.05898
6230 547 0.05898
547 548 0.0035083
2073 548 0.0035083
7094 548 0.0035083
948 950 0.00049277
951 950 0.00049277
6355 950 0.00049277
995 994 0.010821
6359 994 0.010821
6360 994 0.010821
994 995 0.00087638
997 995 0.00087638
2076 995 0.00087638
2077 995 0.00087638
994 996 0.015269
997 996 0.015269
2076 996 0.015269
2077 996 0.015269
996 997 0.0015471
3119 997 0.0015471
4790 997 0.0015471
6237 997 0.0015471
434 1126 0.0008509
5089 1126 0.0008509
6874 1128 0.00018279
1656 1655 0.00014138
5746 1655 0.00014138
5748 1655 0.00014138
2072 2071 0.021563
2074 2071 0.021563
2075 2071 0.021563
3906 2071 0.021563
2071 2072 0.0018765
6238 2072 0.0018765
6239 2072 0.0018765
2072 2073 0.0079254
2074 2073 0.0079254
2075 2073 0.0079254
3906 2073 0.0079254
547 2074 0.024325
2073 2074 0.024325
7094 2074 0.024325
994 2075 0.0025258
997 2075 0.0025258
2076 2075 0.0025258
2077 2075 0.0025258
2072 2076 0.016648
2074 2076 0.016648
2075 2076 0.016648
3906 2076 0.016648
2078 2077 0.0013436
2358 2077 0.0013436
2361 2077 0.0013436
6371 2077 0.0013436
994 2078 0.011688
997 2078 0.011688
2076 2078 0.011688
2077 2078 0.011688
1126 2279 0.00085068
2349 2348 0.076844
5903 2348 0.076844
5986 2348 0.076844
7105 2348 0.076844
2348 2349 0.0028064
5239 2349 0.0028064
5739 2349 0.0028064
2351 2350 0.00028756
4656 2350 0.00028756
7014 2350 0.00028756
7087 2350 0.00028756
2350 2351 0.039266
5671 2351 0.039266
5836 2351 0.039266
2352 2354 0.0034113
2355 2354 0.0034113
5269 2354 0.0034113
2354 2356 0.0029919
2357 2356 0.0029919
2356 2358 0.0086812
2359 2358 0.0086812
6362 2358 0.0086812
7160 2358 0.0086812
2078 2360 0.01834
2358 2360 0.01834
2361 2360 0.01834
6371 2360 0.01834
2360 2361 0.00013221
2363 2361 0.00013221
3120 2361 0.00013221
2360 2362 0.026916
2363 2362 0.026916
3120 2362 0.026916
2362 2364 0.027685
2365 2364 0.027685
6395 2364 0.027685
2364 2366 0.051219
2367 2366 0.051219
6366 2366 0.051219
6367 2366 0.051219
2366 2367 0.00012242
7006 2367 0.00012242
7086 2367 0.00012242
3086 3085 0.070738
5668 3085 0.070738
5964 3085 0.070738
3085 3086 0.00017309
3088 3086 0.00017309
5398 3086 0.00017309
3085 3087 0.0018278
3088 3087 0.0018278
5398 3087 0.0018278
3087 3088 0.00027151
7151 3088 0.00027151
3101 3103 0.00038082
3104 3103 0.00038082
5961 3103 0.00038082
3103 3105 0.00011748
3106 3105 0.00011748
5965 3105 0.00011748
3105 3106 0.071175
5399 3106 0.071175
5963 3106 0.071175
3118 3117 0.0001985
6390 3117 0.0001985
6391 3117 0.0001985
2360 3119 0.0021804
2363 3119 0.0021804
3120 3119 0.0021804
996 3120 0.010814
3119 3120 0.010814
4790 3120 0.010814
6237 3120 0.010814
3122 3121 0.00011259
5270 3121 0.00011259
6233 3121 0.00011259
3140 3139 0.00083826
6372 3139 0.00083826
6373 3139 0.00083826
6407 3139 0.00083826
3143 3145 0.00025732
3146 3145 0.00025732
6374 3145 0.00025732
6375 3145 0.00025732
3145 3147 0.00024697
3148 3147 0.00024697
3911 3147 0.00024697
6109 3147 0.00024697
3317 3316 0.94645
5238 3316 0.94645
7089 3316 0.94645
3319 3318 0.87633
5985 3318 0.87633
7093 3318 0.87633
7095 3318 0.87633
3318 3319 0.003518
6983 3319 0.003518
7092 3319 0.003518
3321 3320 0.90585
3322 3320 0.90585
7097 3320 0.90585
3320 3321 0.014581
6977 3321 0.014581
7096 3321 0.014581
3323 3322 0.057972
3324 3322 0.057972
7103 3322 0.057972
3321 3323 0.15471
3322 3323 0.15471
7097 3323 0.15471
3325 3324 0.0092817
3326 3324 0.0092817
7099 3324 0.0092817
3323 3325 0.09372
3324 3325 0.09372
7103 3325 0.09372
2753 3326 0.00010081
3327 3326 0.00010081
5237 3326 0.00010081
3325 3327 0.0076958
3326 3327 0.0076958
7099 3327 0.0076958
3332 3331 0.00029728
3334 3331 0.00029728
3331 3332 0.011486
5827 3332 0.011486
5829 3332 0.011486
3332 3333 0.011486
3334 3333 0.011486
3333 3334 0.00029728
3336 3334 0.00029728
6225 3334 0.00029728
3333 3335 0.0027587
3336 3335 0.0027587
6225 3335 0.0027587
3335 3336 0.080713
5823 3336 0.080713
5831 3336 0.080713
6967 3336 0.080713
4199 3791 0.00087886
5395 3791 0.00087886
5396 3792 0.00087888
5397 3792 0.00087888
3791 3793 0.00029746
3907 3906 0.019525
4019 3906 0.019525
6228 3906 0.019525
6358 3906 0.019525
2072 3907 0.0021147
2074 3907 0.0021147
2075 3907 0.0021147
3906 3907 0.0021147
4020 4019 0.0036603
6232 4019 0.0036603
6351 4019 0.0036603
3907 4020 0.00050975
4019 4020 0.00050975
6228 4020 0.00050975
6358 4020 0.00050975
2351 4657 0.99869
4656 4657 0.99869
7014 4657 0.99869
7087 4657 0.99869
6736 4658 0.000873
996 4789 0.012242
3119 4789 0.012242
4790 4789 0.012242
6237 4789 0.012242
4789 4790 0.0010664
6240 4790 0.0010664
6365 4790 0.0010664
5064 5063 0.00087876
5240 5063 0.00087876
5090 5089 0.00043524
5091 5090 0.00048868
5838 5090 0.00048868
1128 5091 0.00018305
5092 5091 0.00018305
3121 5237 0.00012226
3328 5237 0.00012226
3329 5237 0.00012226
2348 5238 0.076659
5239 5238 0.076659
5739 5238 0.076659
3317 5239 0.0031235
5238 5239 0.0031235
7089 5239 0.0031235
5241 5240 0.00087463
5738 5240 0.00087463
7218 5240 0.00087463
3638 5267 0.00018285
3640 5267 0.00018285
5268 5267 0.00018285
3138 5268 0.00019294
5832 5268 0.00019294
6422 5268 0.00019294
3122 5269 0.0036859
5270 5269 0.0036859
6233 5269 0.0036859
2753 5270 0.0077172
3327 5270 0.0077172
5237 5270 0.0077172
5063 5395 0.00087483
3791 5396 0.00058141
3793 5397 0.00029747
5993 5397 0.00029747
7115 5397 0.00029747
3085 5399 0.069069
3088 5399 0.069069
5398 5399 0.069069
5666 5662 0.00040717
5667 5662 0.00040717
4658 5663 0.00086452
4657 5666 0.99956
5663 5666 0.99956
5665 5666 0.99956
5666 5668 0.99915
5667 5668 0.99915
2350 5670 0.00025521
5671 5670 0.00025521
5836 5670 0.00025521
5670 5671 0.03927
6385 5671 0.03927
7085 5671 0.03927
2279 5675 0.00078326
5674 5675 0.00078326
7273 5675 0.00078326
3090 5677 0.0024121
5675 5677 0.0024121
5676 5677 0.0024121
7150 5677 0.0024121
5677 5679 0.00036791
5678 5679 0.00036791
5962 5679 0.00036791
2348 5738 0.00093279
5239 5738 0.00093279
5739 5738 0.00093279
5241 5739 0.00043045
5738 5739 0.00043045
7218 5739 0.00043045
4205 5740 0.00035438
5741 5740 0.00035438
5742 5740 0.00035438
4213 5742 0.00039117
5743 5742 0.00039117
5744 5742 0.00039117
1655 5744 0.00040436
5745 5744 0.00040436
5901 5744 0.00040436
5904 5744 0.00040436
1658 5746 0.00014138
5747 5746 0.00014138
5907 5746 0.00014138
5984 5746 0.00014138
3335 5822 0.035096
5823 5822 0.035096
5831 5822 0.035096
6967 5822 0.035096
5822 5823 0.08549
6963 5823 0.08549
7102 5823 0.08549
7104 5823 0.08549
5825 5824 0.003458
5826 5824 0.003458
5830 5824 0.003458
5824 5825 0.060401
6964 5825 0.060401
7100 5825 0.060401
3331 5826 0.00029728
5827 5826 0.00029728
5829 5826 0.00029728
5825 5827 0.011486
5826 5827 0.011486
5830 5827 0.011486
3335 5830 0.0084172
5823 5830 0.0084172
5831 5830 0.0084172
6967 5830 0.0084172
5825 5831 0.054171
5826 5831 0.054171
5830 5831 0.054171
2352 5832 0.00026971
2355 5832 0.00026971
5269 5832 0.00026971
5837 5838 0.00031455
6927 5838 0.00031455
7069 5838 0.00031455
7112 5838 0.00031455
5899 5900 0.00016652
5902 5900 0.00016652
5910 5900 0.00016652
1655 5902 0.00018547
5745 5902 0.00018547
5901 5902 0.00018547
5904 5902 0.00018547
1655 5903 0.00030176
5745 5903 0.00030176
5901 5903 0.00030176
5904 5903 0.00030176
2349 5904 0.00060904
5903 5904 0.00060904
5986 5904 0.00060904
7105 5904 0.00060904
3147 5950 0.00014149
5951 5950 0.00014149
6398 5950 0.00014149
6399 5950 0.00014149
3117 5956 0.001171
5957 5956 0.001171
6368 5956 0.001171
6369 5956 0.001171
5672 5961 0.00034146
5679 5961 0.00034146
5960 5961 0.00034146
3105 5962 0.00016091
5399 5962 0.00016091
5963 5962 0.00016091
5677 5963 0.0022101
5678 5963 0.0022101
5962 5963 0.0022101
3103 5964 0.00016351
3106 5964 0.00016351
5965 5964 0.00016351
3086 5965 0.92875
5668 5965 0.92875
5964 5965 0.92875
5897 5984 0.00014898
5900 5984 0.00014898
5983 5984 0.00014898
2349 5985 0.002956
5903 5985 0.002956
5986 5985 0.002956
7105 5985 0.002956
3319 5986 0.077275
5985 5986 0.077275
7093 5986 0.077275
7095 5986 0.077275
3139 6111 0.0008064
3910 6111 0.0008064
6112 6111 0.0008064
548 6225 0.00029323
6226 6225 0.00029323
6227 6225 0.00029323
6230 6225 0.00029323
3333 6226 0.089436
3336 6226 0.089436
6225 6226 0.089436
3907 6227 0.0014494
4019 6227 0.0014494
6228 6227 0.0014494
6358 6227 0.0014494
548 6228 0.030321
6226 6228 0.030321
6227 6228 0.030321
6230 6228 0.030321
548 6229 0.031616
6226 6229 0.031616
6227 6229 0.031616
6230 6229 0.031616
6229 6230 0.026816
6979 6230 0.026816
7063 6230 0.026816
4020 6231 0.00020679
6232 6231 0.00020679
6351 6231 0.00020679
6231 6232 0.0036714
6234 6232 0.0036714
6354 6232 0.0036714
3122 6234 0.0040023
5270 6234 0.0040023
6233 6234 0.0040023
2071 6237 0.0089781
6238 6237 0.0089781
6239 6237 0.0089781
996 6238 0.0028913
3119 6238 0.0028913
4790 6238 0.0028913
6237 6238 0.0028913
4789 6239 0.0011084
6240 6239 0.0011084
6365 6239 0.0011084
2071 6240 0.014708
6238 6240 0.014708
6239 6240 0.014708
950 6351 0.00031552
6352 6351 0.00031552
6353 6351 0.00031552
6356 6351 0.00031552
4020 6352 0.00062962
6232 6352 0.00062962
6351 6352 0.00062962
2354 6353 0.00044759
2357 6353 0.00044759
6231 6355 0.00049277
6234 6355 0.00049277
6354 6355 0.00049277
950 6357 0.0012558
6352 6357 0.0012558
6353 6357 0.0012558
6356 6357 0.0012558
995 6358 0.00042196
6359 6358 0.00042196
6360 6358 0.00042196
3907 6359 0.015034
4019 6359 0.015034
6228 6359 0.015034
6358 6359 0.015034
6357 6360 0.00065282
6361 6360 0.00065282
995 6361 0.0053205
6359 6361 0.0053205
6360 6361 0.0053205
6357 6362 0.0058928
6361 6362 0.0058928
6363 6364 0.00023192
6943 6364 0.00023192
7165 6364 0.00023192
2364 6365 0.00051312
2367 6365 0.00051312
6366 6365 0.00051312
6367 6365 0.00051312
4789 6366 0.025288
6240 6366 0.025288
6365 6366 0.025288
3117 6367 0.00014826
5957 6367 0.00014826
6368 6367 0.00014826
6369 6367 0.00014826
2364 6368 0.0014708
2367 6368 0.0014708
6366 6368 0.0014708
6367 6368 0.0014708
3117 6370 0.00043227
5957 6370 0.00043227
6368 6370 0.00043227
6369 6370 0.00043227
3140 6371 0.00022747
6372 6371 0.00022747
6373 6371 0.00022747
6407 6371 0.00022747
2078 6372 0.00099338
2358 6372 0.00099338
2361 6372 0.00099338
6371 6372 0.00099338
3140 6374 0.000229
6372 6374 0.000229
6373 6374 0.000229
6407 6374 0.000229
5956 6385 0.0013536
6386 6385 0.0013536
6387 6385 0.0013536
5954 6387 0.00024538
6370 6387 0.00024538
6388 6387 0.00024538
7111 6387 0.00024538
5950 6390 0.00018058
6389 6390 0.00018058
6405 6390 0.00018058
6111 6395 0.00095632
6396 6395 0.00095632
6397 6395 0.00095632
6406 6395 0.00095632
2362 6396 0.00015328
2365 6396 0.00015328
6395 6396 0.00015328
3147 6397 0.00018511
5951 6397 0.00018511
6398 6397 0.00018511
6399 6397 0.00018511
6111 6398 0.000111
6396 6398 0.000111
6397 6398 0.000111
6406 6398 0.000111
4788 6407 0.00022663
6408 6407 0.00022663
6409 6407 0.00022663
6364 6409 0.00023263
6410 6409 0.00023263
6411 6409 0.00023263
6879 6736 0.000873
5085 6873 0.00018279
5267 6873 0.00018279
6873 6874 0.00018279
5662 6878 0.00041566
5664 6878 0.00041566
3792 6879 0.000873
5824 6963 0.051028
6964 6963 0.051028
7100 6963 0.051028
5822 6964 0.031127
6963 6964 0.031127
7102 6964 0.031127
7104 6964 0.031127
6965 6967 0.010646
6968 6967 0.010646
7101 6967 0.010646
3335 6968 0.028839
5823 6968 0.028839
5831 6968 0.028839
6967 6968 0.028839
6969 6971 0.057629
6972 6971 0.057629
6975 6971 0.057629
7066 6971 0.057629
6971 6972 0.01903
6974 6972 0.01903
7064 6972 0.01903
6971 6973 0.086119
6974 6973 0.086119
7064 6973 0.086119
6973 6974 0.019475
6976 6974 0.019475
6978 6974 0.019475
6973 6975 0.075517
6976 6975 0.075517
6978 6975 0.075517
6969 6976 0.025669
6972 6976 0.025669
6975 6976 0.025669
7066 6976 0.025669
6973 6977 0.086503
6976 6977 0.086503
6978 6977 0.086503
3320 6978 0.069707
6977 6978 0.069707
7096 6978 0.069707
6980 6979 0.038816
7065 6979 0.038816
7098 6979 0.038816
6229 6980 0.015572
6979 6980 0.015572
7063 6980 0.015572
6982 6981 0.03539
6984 6981 0.03539
6986 6981 0.03539
6981 6982 0.0031654
6990 6982 0.0031654
6982 6983 0.0093509
6984 6983 0.0093509
6986 6983 0.0093509
3318 6984 0.076399
6983 6984 0.076399
7092 6984 0.076399
6982 6985 0.050466
6984 6985 0.050466
6986 6985 0.050466
6985 6986 0.015643
6988 6986 0.015643
6989 6986 0.015643
6985 6987 0.07609
6988 6987 0.07609
6989 6987 0.07609
6987 6988 0.0090418
6992 6988 0.0090418
6994 6988 0.0090418
6981 6989 0.03539
6990 6989 0.03539
6985 6990 0.0031654
6988 6990 0.0031654
6989 6990 0.0031654
6987 6991 0.055971
6992 6991 0.055971
6994 6991 0.055971
6991 6992 0.004367
6995 6992 0.004367
7000 6992 0.004367
6987 6993 0.043283
6992 6993 0.043283
6994 6993 0.043283
6993 6994 0.027839
6996 6994 0.027839
6998 6994 0.027839
7001 6994 0.027839
6993 6995 0.012452
6996 6995 0.012452
6998 6995 0.012452
7001 6995 0.012452
6991 6996 0.049165
6995 6996 0.049165
7000 6996 0.049165
6993 6997 0.083028
6996 6997 0.083028
6998 6997 0.083028
7001 6997 0.083028
6997 6998 0.01598
7090 6998 0.01598
7091 6998 0.01598
6991 6999 0.017615
6995 6999 0.017615
7000 6999 0.017615
6999 7000 0.0027242
7002 7000 0.0027242
7004 7000 0.0027242
6999 7001 0.017615
7002 7001 0.017615
7004 7001 0.017615
6993 7002 0.0027242
6996 7002 0.0027242
6998 7002 0.0027242
7001 7002 0.0027242
2366 7005 0.023219
7006 7005 0.023219
7086 7005 0.023219
3316 7006 0.009857
7005 7006 0.009857
7008 7006 0.009857
7088 7006 0.009857
6971 7063 0.016669
6974 7063 0.016669
7064 7063 0.016669
6229 7064 0.044713
6979 7064 0.044713
7063 7064 0.044713
6969 7065 0.032306
6972 7065 0.032306
6975 7065 0.032306
7066 7065 0.032306
6980 7066 0.021058
7065 7066 0.021058
7098 7066 0.021058
2366 7085 0.038242
7006 7085 0.038242
7086 7085 0.038242
5670 7086 0.00050693
6385 7086 0.00050693
7085 7086 0.00050693
3316 7087 0.96022
7005 7087 0.96022
7008 7087 0.96022
7088 7087 0.96022
2351 7088 0.00050924
4656 7088 0.00050924
7014 7088 0.00050924
7087 7088 0.00050924
6997 7089 0.87316
7090 7089 0.87316
7091 7089 0.87316
3317 7090 0.00033993
5238 7090 0.00033993
7089 7090 0.00033993
3318 7091 0.81819
6983 7091 0.81819
7092 7091 0.81819
6997 7092 0.012417
7090 7092 0.012417
7091 7092 0.012417
547 7093 0.058628
2073 7093 0.058628
7094 7093 0.058628
3319 7094 0.019556
5985 7094 0.019556
7093 7094 0.019556
7095 7094 0.019556
3320 7095 0.92214
6977 7095 0.92214
7096 7095 0.92214
3319 7096 0.014082
5985 7096 0.014082
7093 7096 0.014082
7095 7096 0.014082
6980 7097 1.013
7065 7097 1.013
7098 7097 1.013
3321 7098 0.025021
3322 7098 0.025021
7097 7098 0.025021
5824 7099 0.010038
6964 7099 0.010038
7100 7099 0.010038
3325 7100 0.086882
3326 7100 0.086882
7099 7100 0.086882
5822 7101 0.010646
6963 7101 0.010646
7102 7101 0.010646
7104 7101 0.010646
6965 7102 0.028839
6968 7102 0.028839
7101 7102 0.028839
5822 7103 0.070563
6963 7103 0.070563
7102 7103 0.070563
7104 7103 0.070563
3323 7104 0.082862
3324 7104 0.082862
7103 7104 0.082862
5954 7112 0.00031455
6370 7112 0.00031455
6388 7112 0.00031455
7111 7112 0.00031455
3087 7150 0.0018278
7151 7150 0.0018278
3090 7151 0.00027151
5675 7151 0.00027151
5676 7151 0.00027151
7150 7151 0.00027151
2356 7161 0.00029976
2359 7161 0.00029976
6362 7161 0.00029976
7160 7161 0.00029976
6952 7163 0.0003167
7161 7163 0.0003167
7162 7163 0.0003167
6939 7165 0.00027794
7067 7165 0.00027794
7163 7165 0.00027794
7164 7165 0.00027794
5740 7218 0.00035438
7219 7218 0.00035438
