547 548 0.00021027
2073 548 0.00021027
7094 548 0.00021027
713 714 0.0044406
2050 714 0.0044406
2052 714 0.0044406
948 950 0.0024233
951 950 0.0024233
6355 950 0.0024233
950 951 0.011443
6352 951 0.011443
6353 951 0.011443
6356 951 0.011443
995 994 0.00024416
6359 994 0.00024416
6360 994 0.00024416
994 995 0.00099234
997 995 0.00099234
2076 995 0.00099234
2077 995 0.00099234
994 996 0.00021061
997 996 0.00021061
2076 996 0.00021061
2077 996 0.00021061
996 997 0.00037937
3119 997 0.00037937
4790 997 0.00037937
6237 997 0.00037937
6874 1128 0.00057236
5085 1129 0.0039903
5267 1129 0.0039903
6708 1130 0.99992
1273 1277 0.00014838
1276 1277 0.00014838
3172 1277 0.00014838
1277 1279 0.00015323
1278 1279 0.00015323
2869 1279 0.00015323
1281 1280 0.00017251
1284 1280 0.00017251
3178 1280 0.00017251
1279 1281 0.00057202
1280 1281 0.00057202
3174 1281 0.00057202
1283 1282 0.00065503
1708 1282 0.00065503
4653 1282 0.00065503
1282 1283 0.00065503
1285 1283 0.00065503
3954 1283 0.00065503
1282 1284 0.00064809
1285 1284 0.00064809
3954 1284 0.00064809
1281 1285 0.00062531
1284 1285 0.00062531
3178 1285 0.00062531
1528 1530 0.0083847
1531 1530 0.0083847
3303 1530 0.0083847
1530 1531 0.00456
1533 1531 0.00456
2850 1531 0.00456
1530 1532 0.00078773
1533 1532 0.00078773
2850 1532 0.00078773
1532 1533 0.00055097
2851 1533 0.00055097
3339 1533 0.00055097
1283 1707 0.2283
1708 1707 0.2283
4653 1707 0.2283
4677 1708 0.2283
1709 1711 0.00048717
1712 1711 0.00048717
3179 1711 0.00048717
1711 1713 0.00014146
1714 1713 0.00014146
3175 1713 0.00014146
6872 2051 0.062566
6709 2052 0.06249
2071 2072 0.00076276
6238 2072 0.00076276
6239 2072 0.00076276
2072 2073 0.0004287
2074 2073 0.0004287
2075 2073 0.0004287
3906 2073 0.0004287
994 2075 0.0015085
997 2075 0.0015085
2076 2075 0.0015085
2077 2075 0.0015085
2078 2077 0.0020817
2358 2077 0.0020817
2361 2077 0.0020817
6371 2077 0.0020817
680 2280 0.00012754
2281 2280 0.00012754
5278 2280 0.00012754
676 2282 0.00012754
2283 2282 0.00012754
5276 2282 0.00012754
2353 2352 0.041502
3337 2352 0.041502
2352 2353 0.00098044
2355 2353 0.00098044
5269 2353 0.00098044
2352 2354 0.042748
2355 2354 0.042748
5269 2354 0.042748
2354 2355 0.00020618
2357 2355 0.00020618
2354 2356 0.001547
2357 2356 0.001547
2356 2357 0.000792
2359 2357 0.000792
6362 2357 0.000792
7160 2357 0.000792
2356 2358 0.0016905
2359 2358 0.0016905
6362 2358 0.0016905
7160 2358 0.0016905
2078 2359 0.00048467
2358 2359 0.00048467
2361 2359 0.00048467
6371 2359 0.00048467
2078 2360 0.0004902
2358 2360 0.0004902
2361 2360 0.0004902
6371 2360 0.0004902
2360 2361 0.00016896
2363 2361 0.00016896
3120 2361 0.00016896
2362 2363 0.00023964
2365 2363 0.00023964
6395 2363 0.00023964
2364 2365 0.00016532
2367 2365 0.00016532
6366 2365 0.00016532
6367 2365 0.00016532
2366 2367 0.00010792
7006 2367 0.00010792
7086 2367 0.00010792
1530 2849 0.0085421
1533 2849 0.0085421
2850 2849 0.0085421
600 2850 0.0049542
2849 2850 0.0049542
3344 2850 0.0049542
3345 2850 0.0049542
2360 3119 0.00054529
2363 3119 0.00054529
3120 3119 0.00054529
3122 3121 0.00058323
5270 3121 0.00058323
6233 3121 0.00058323
3121 3122 0.84868
3328 3122 0.84868
3329 3122 0.84868
3124 3123 0.00050725
3307 3123 0.00050725
3308 3123 0.00050725
3637 3123 0.00050725
3123 3125 0.0004816
3126 3125 0.0004816
3312 3125 0.0004816
3125 3127 0.00030466
3128 3127 0.00030466
5949 3127 0.00030466
3136 3135 0.00014345
3305 3135 0.00014345
3306 3135 0.00014345
3135 3136 0.00014228
5948 3136 0.00014228
5953 3136 0.00014228
3138 3137 0.0034801
5832 3137 0.0034801
6422 3137 0.0034801
3137 3138 0.0014948
3302 3138 0.0014948
3338 3138 0.0014948
3142 3141 0.00023885
6414 3141 0.00023885
6415 3141 0.00023885
3141 3143 0.000196
3144 3143 0.000196
4787 3143 0.000196
1713 3172 0.00011476
3173 3172 0.00011476
3177 3172 0.00011476
1711 3174 0.0004225
1714 3174 0.0004225
3175 3174 0.0004225
1279 3175 0.00012248
1280 3175 0.00012248
3174 3175 0.00012248
1281 3179 0.00048717
1284 3179 0.00048717
3178 3179 0.00048717
1528 3302 0.00456
1531 3302 0.00456
3303 3302 0.00456
3137 3303 0.0083847
3302 3303 0.0083847
3338 3303 0.0083847
3136 3304 0.0029213
3305 3304 0.0029213
3306 3304 0.0029213
3124 3306 0.0029249
3307 3306 0.0029249
3308 3306 0.0029249
3637 3306 0.0029249
3320 3321 0.00041871
6977 3321 0.00041871
7096 3321 0.00041871
3323 3322 0.00014237
3324 3322 0.00014237
7103 3322 0.00014237
3321 3323 0.00076814
3322 3323 0.00076814
7097 3323 0.00076814
3325 3324 0.00048195
3326 3324 0.00048195
7099 3324 0.00048195
3323 3325 0.0028039
3324 3325 0.0028039
7103 3325 0.0028039
2753 3326 0.0020187
3327 3326 0.0020187
5237 3326 0.0020187
3325 3327 0.0028257
3326 3327 0.0028257
7099 3327 0.0028257
2353 3328 0.95838
3337 3328 0.95838
3333 3335 0.00031313
3336 3335 0.00031313
6225 3335 0.00031313
3137 3337 0.9989
3302 3337 0.9989
3338 3337 0.9989
3343 3338 1.0007
3639 3338 1.0007
3962 3338 1.0007
3340 3339 0.00055097
3342 3339 0.00055097
3960 3339 0.00055097
1532 3340 0.00078773
2851 3340 0.00078773
3339 3340 0.00078773
3340 3341 0.00078773
3342 3341 0.00078773
3960 3341 0.00078773
3341 3342 0.00055097
3346 3342 0.00055097
4684 3342 0.00055097
600 3343 0.0092729
2849 3343 0.0092729
3344 3343 0.0092729
3345 3343 0.0092729
3343 3344 0.0054482
3639 3344 0.0054482
3962 3344 0.0054482
3341 3345 0.00078893
3346 3345 0.00078893
4684 3345 0.00078893
600 3346 0.00055219
2849 3346 0.00055219
3344 3346 0.00055219
3345 3346 0.00055219
3638 3637 0.0034835
3640 3637 0.0034835
5268 3637 0.0034835
3124 3638 0.00013134
3307 3638 0.00013134
3308 3638 0.00013134
3637 3638 0.00013134
3638 3639 0.00083072
3640 3639 0.00083072
5268 3639 0.00083072
3343 3640 0.0035094
3639 3640 0.0035094
3962 3640 0.0035094
3907 3906 0.00019798
4019 3906 0.00019798
6228 3906 0.00019798
6358 3906 0.00019798
2072 3907 0.0019614
2074 3907 0.0019614
2075 3907 0.0019614
3906 3907 0.0019614
4685 3962 0.99959
5086 3962 0.99959
1129 3964 0.00063533
3963 3964 0.00063533
4020 4019 0.00068
6232 4019 0.00068
6351 4019 0.00068
3907 4020 0.0037189
4019 4020 0.0037189
6228 4020 0.0037189
6358 4020 0.0037189
4142 4143 1
4145 4143 1
4144 4145 1
4147 4145 1
4153 4145 1
4146 4147 1
6840 4147 1
4148 4149 1
6842 4149 1
4263 4264 0.00019465
6299 4264 0.00019465
6302 4264 0.00019465
6313 4264 0.00019465
4265 4266 0.0001546
4270 4266 0.0001546
6672 4266 0.0001546
4264 4270 0.00019465
4269 4270 0.00019465
4285 4270 0.00019465
668 4272 0.0001546
4266 4272 0.0001546
4271 4272 0.0001546
6844 4655 0.7717
4675 4676 0.00012551
5281 4676 0.00012551
6740 4677 1
6742 4685 1
3141 4788 0.00010135
3144 4788 0.00010135
4787 4788 0.00010135
4789 4790 0.0001718
6240 4790 0.0001718
6365 4790 0.0001718
1130 5084 0.93743
4685 5085 0.0043969
5086 5085 0.0043969
5087 5086 0.0039903
5271 5086 0.0039903
1129 5087 0.0033552
3963 5087 0.0033552
1128 5091 0.0005725
5092 5091 0.0005725
3121 5237 0.11028
3328 5237 0.11028
3329 5237 0.11028
3638 5267 0.0001658
3640 5267 0.0001658
5268 5267 0.0001658
3138 5268 0.00083932
5832 5268 0.00083932
6422 5268 0.00083932
3122 5269 0.002776
5270 5269 0.002776
6233 5269 0.002776
2753 5270 0.11108
3327 5270 0.11108
5237 5270 0.11108
3964 5271 0.00063533
6738 5271 0.00063533
706 5272 0.00011897
5273 5272 0.00011897
6670 5272 0.00011897
704 5274 0.00012754
5272 5274 0.00012754
5275 5274 0.00012754
674 5276 0.00012754
5274 5276 0.00012754
5277 5276 0.00012754
678 5278 0.00012754
2282 5278 0.00012754
5279 5278 0.00012754
5286 5278 0.00012754
2280 5281 0.00012585
5280 5281 0.00012585
5282 5281 0.00012585
4267 5804 0.00015457
4272 5804 0.00015457
5805 5804 0.00015457
3335 5822 0.0011813
5823 5822 0.0011813
5831 5822 0.0011813
6967 5822 0.0011813
5822 5823 0.00037556
6963 5823 0.00037556
7102 5823 0.00037556
7104 5823 0.00037556
5825 5824 0.0001907
5826 5824 0.0001907
5830 5824 0.0001907
5824 5825 0.0011828
6964 5825 0.0011828
7100 5825 0.0011828
3335 5830 0.00019975
5823 5830 0.00019975
5831 5830 0.00019975
6967 5830 0.00019975
5825 5831 0.0011482
5826 5831 0.0011482
5830 5831 0.0011482
2352 5832 0.00075588
2355 5832 0.00075588
5269 5832 0.00075588
5091 5837 0.0005006
5838 5837 0.0005006
3125 5948 0.00019236
3128 5948 0.00019236
5949 5948 0.00019236
3135 5952 0.00019934
5948 5952 0.00019934
5953 5952 0.00019934
548 6225 0.00027612
6226 6225 0.00027612
6227 6225 0.00027612
6230 6225 0.00027612
3907 6227 0.00064277
4019 6227 0.00064277
6228 6227 0.00064277
6358 6227 0.00064277
548 6228 0.00026883
6226 6228 0.00026883
6227 6228 0.00026883
6230 6228 0.00026883
548 6229 0.00044776
6226 6229 0.00044776
6227 6229 0.00044776
6230 6229 0.00044776
6229 6230 0.00014167
6979 6230 0.00014167
7063 6230 0.00014167
4020 6231 0.035323
6232 6231 0.035323
6351 6231 0.035323
6231 6232 0.00075178
6234 6232 0.00075178
6354 6232 0.00075178
6231 6233 0.045645
6234 6233 0.045645
6354 6233 0.045645
3122 6234 0.0020549
5270 6234 0.0020549
6233 6234 0.0020549
996 6238 0.0005141
3119 6238 0.0005141
4790 6238 0.0005141
6237 6238 0.0005141
4789 6239 0.00027819
6240 6239 0.00027819
6365 6239 0.00027819
638 6297 1
4143 6297 1
6298 6297 1
671 6299 1
6300 6299 1
6847 6299 1
4263 6301 0.99987
6299 6301 0.99987
6302 6301 0.99987
6313 6301 0.99987
950 6351 0.031934
6352 6351 0.031934
6353 6351 0.031934
6356 6351 0.031934
4020 6352 0.00040183
6232 6352 0.00040183
6351 6352 0.00040183
2354 6353 0.041787
2357 6353 0.041787
948 6354 0.011443
951 6354 0.011443
6355 6354 0.011443
6231 6355 0.0024233
6234 6355 0.0024233
6354 6355 0.0024233
6357 6356 0.00032631
6361 6356 0.00032631
950 6357 0.0015617
6352 6357 0.0015617
6353 6357 0.0015617
6356 6357 0.0015617
995 6358 0.0019403
6359 6358 0.0019403
6360 6358 0.0019403
3907 6359 0.00029083
4019 6359 0.00029083
6228 6359 0.00029083
6358 6359 0.00029083
6357 6360 0.0014204
6361 6360 0.0014204
995 6361 0.00051917
6359 6361 0.00051917
6360 6361 0.00051917
6357 6362 0.00033409
6361 6362 0.00033409
6364 6363 0.00016906
6410 6363 0.00016906
6411 6363 0.00016906
2364 6365 0.0004018
2367 6365 0.0004018
6366 6365 0.0004018
6367 6365 0.0004018
3117 6367 0.0004186
5957 6367 0.0004186
6368 6367 0.0004186
6369 6367 0.0004186
5954 6369 0.00038733
6370 6369 0.00038733
6388 6369 0.00038733
7111 6369 0.00038733
3140 6371 0.0011309
6372 6371 0.0011309
6373 6371 0.0011309
6407 6371 0.0011309
3143 6373 0.00091165
3146 6373 0.00091165
6374 6373 0.00091165
6375 6373 0.00091165
6376 6375 0.00078619
6377 6375 0.00078619
6417 6375 0.00078619
5952 6377 0.00042686
6378 6377 0.00042686
6379 6377 0.00042686
3127 6379 0.00025889
3130 6379 0.00025889
6380 6379 0.00025889
6381 6379 0.00025889
5954 6387 0.00010542
6370 6387 0.00010542
6388 6387 0.00010542
7111 6387 0.00010542
4788 6407 0.00020636
6408 6407 0.00020636
6409 6407 0.00020636
6364 6409 0.00014662
6410 6409 0.00014662
6411 6409 0.00014662
5834 6411 0.00021139
6412 6411 0.00021139
6413 6411 0.00021139
3142 6413 0.00021139
6414 6413 0.00021139
6415 6413 0.00021139
6416 6415 0.0004363
6418 6415 0.0004363
6419 6415 0.0004363
6416 6417 0.00042985
6418 6417 0.00042985
6419 6417 0.00042985
3304 6419 0.00085246
6420 6419 0.00085246
6421 6419 0.00085246
3138 6421 0.00083631
5832 6421 0.00083631
6422 6421 0.00083631
3304 6422 0.002905
6420 6422 0.002905
6421 6422 0.002905
5804 6670 0.00012756
6671 6670 0.00012756
6676 6670 0.00012756
714 6683 0.0044692
4676 6683 0.0044692
713 6684 0.058097
2050 6684 0.058097
2052 6684 0.058097
4678 6708 0.99992
7120 6708 0.99992
1130 6709 0.06249
6722 6723 1
4677 6735 0.7717
7172 6740 1
1707 6742 1
4655 6742 1
6757 6756 0.99987
7118 6756 0.99987
4149 6840 1
4151 6840 1
6839 6840 1
6723 6842 1
6841 6842 1
6735 6844 0.7717
6843 6844 0.7717
6297 6847 1
6848 6847 1
6301 6849 0.99987
6850 6849 0.99987
6683 6872 0.062566
6684 6872 0.062566
5085 6873 0.00057236
5267 6873 0.00057236
6873 6874 0.00057236
5824 6963 0.0013505
6964 6963 0.0013505
7100 6963 0.0013505
5822 6964 0.00082769
6963 6964 0.00082769
7102 6964 0.00082769
7104 6964 0.00082769
3335 6968 0.00044346
5823 6968 0.00044346
5831 6968 0.00044346
6967 6968 0.00044346
6969 6971 0.00012512
6972 6971 0.00012512
6975 6971 0.00012512
7066 6971 0.00012512
6971 6973 0.00022272
6974 6973 0.00022272
7064 6973 0.00022272
6973 6975 0.00020139
6976 6975 0.00020139
6978 6975 0.00020139
6973 6977 0.00019493
6976 6977 0.00019493
6978 6977 0.00019493
3320 6978 0.00015091
6977 6978 0.00015091
7096 6978 0.00015091
6980 6979 0.00018493
7065 6979 0.00018493
7098 6979 0.00018493
6229 6980 0.00036119
6979 6980 0.00036119
7063 6980 0.00036119
6229 7064 0.00020201
6979 7064 0.00020201
7063 7064 0.00020201
6969 7065 0.00017983
6972 7065 0.00017983
6975 7065 0.00017983
7066 7065 0.00017983
5670 7086 0.00011834
6385 7086 0.00011834
7085 7086 0.00011834
547 7093 0.00030921
2073 7093 0.00030921
7094 7093 0.00030921
3319 7096 0.00034099
5985 7096 0.00034099
7093 7096 0.00034099
7095 7096 0.00034099
6980 7097 0.00042609
7065 7097 0.00042609
7098 7097 0.00042609
3321 7098 0.00016402
3322 7098 0.00016402
7097 7098 0.00016402
5824 7099 0.00064844
6964 7099 0.00064844
7100 7099 0.00064844
3325 7100 0.0021633
3326 7100 0.0021633
7099 7100 0.0021633
6965 7102 0.00044346
6968 7102 0.00044346
7101 7102 0.00044346
5822 7103 0.0021548
6963 7103 0.0021548
7102 7103 0.0021548
7104 7103 0.0021548
3323 7104 0.00045861
3324 7104 0.00045861
7103 7104 0.00045861
5837 7111 0.0005006
6927 7111 0.0005006
7069 7111 0.0005006
7112 7111 0.0005006
6849 7118 0.99987
7119 7118 0.99987
6756 7120 0.99987
7121 7120 0.99987
6952 7160 0.00022135
7161 7160 0.00022135
7162 7160 0.00022135
2356 7161 0.00010464
2359 7161 0.00010464
6362 7161 0.00010464
7160 7161 0.00010464
6939 7162 0.00017326
7067 7162 0.00017326
7163 7162 0.00017326
7164 7162 0.00017326
6952 7163 0.00011178
7161 7163 0.00011178
7162 7163 0.00011178
6363 7164 0.00015975
6943 7164 0.00015975
7165 7164 0.00015975
7173 7172 1
2051 7173 1
5084 7173 1
