10 9 0.00272
1054 9 0.00272
2200 9 0.00272
12 11 0.0012494
1038 11 0.0012494
6021 11 0.0012494
11 12 0.013325
7235 12 0.013325
14 13 0.99764
1039 13 0.99764
2522 13 0.99764
6023 13 0.99764
13 15 0.99775
16 15 0.99775
2540 15 0.99775
24 23 0.0012223
894 23 0.0012223
1646 23 0.0012223
6003 23 0.0012223
23 24 0.0028185
26 24 0.0028185
1614 24 0.0028185
23 25 1.0012
26 25 1.0012
1614 25 1.0012
25 26 0.0014302
2202 26 0.0014302
2536 26 0.0014302
283 284 0.35811
4630 284 0.35811
6036 284 0.35811
294 293 0.014851
2570 293 0.014851
2577 293 0.014851
293 294 0.1418
1586 294 0.1418
1589 294 0.1418
2572 294 0.1418
576 575 0.00033156
862 575 0.00033156
3544 575 0.00033156
284 576 0.00032295
575 576 0.00032295
2561 576 0.00032295
835 836 0.00025849
860 836 0.00025849
863 836 0.00025849
576 863 0.0002927
862 863 0.0002927
3544 863 0.0002927
895 894 0.00040694
896 894 0.00040694
1652 894 0.00040694
2534 894 0.00040694
24 895 0.0015662
894 895 0.0015662
1646 895 0.0015662
6003 895 0.0015662
895 897 0.00053207
896 897 0.00053207
1652 897 0.00053207
2534 897 0.00053207
932 933 0.0023454
935 933 0.0023454
1609 933 0.0023454
932 934 0.00085055
935 934 0.00085055
1609 934 0.00085055
934 935 0.0018902
937 935 0.0018902
6006 935 0.0018902
934 936 0.0044586
937 936 0.0044586
6006 936 0.0044586
936 937 0.0015844
939 937 0.0015844
1611 937 0.0015844
936 938 0.019448
939 938 0.019448
1611 938 0.019448
938 939 0.0015333
941 939 0.0015333
1613 939 0.0015333
938 940 0.085847
941 940 0.085847
1613 940 0.085847
940 941 0.0019658
2523 941 0.0019658
2539 941 0.0019658
14 1038 0.0012494
1039 1038 0.0012494
2522 1038 0.0012494
6023 1038 0.0012494
12 1039 0.013325
1038 1039 0.013325
6021 1039 0.013325
1055 1054 0.0027146
2083 1054 0.0027146
9 1062 0.0027022
1063 1062 0.0027022
2210 1062 0.0027022
293 1588 0.014851
1586 1588 0.014851
1589 1588 0.014851
2572 1588 0.014851
1588 1589 0.1418
1591 1589 0.1418
2574 1589 0.1418
1588 1590 0.014851
1591 1590 0.014851
2574 1590 0.014851
1590 1591 0.1418
2576 1591 0.1418
2589 1591 0.1418
4398 1591 0.1418
1597 1596 0.00011849
2184 1596 0.00011849
1596 1597 0.00023042
2796 1597 0.00023042
5751 1597 0.00023042
5754 1597 0.00023042
1608 1609 0.0013306
2531 1609 0.0013306
6008 1609 0.0013306
936 1610 0.00057683
939 1610 0.00057683
1611 1610 0.00057683
1610 1611 0.015617
2527 1611 0.015617
2528 1611 0.015617
6004 1611 0.015617
938 1612 0.0015484
941 1612 0.0015484
1613 1612 0.0015484
1612 1613 0.067515
1615 1613 0.067515
2525 1613 0.067515
2526 1613 0.067515
1612 1614 0.0031196
1615 1614 0.0031196
2525 1614 0.0031196
2526 1614 0.0031196
23 1615 0.0017713
26 1615 0.0017713
1614 1615 0.0017713
24 1645 0.00012014
894 1645 0.00012014
1646 1645 0.00012014
6003 1645 0.00012014
1645 1646 0.0022117
1648 1646 0.0022117
1645 1647 0.00012014
1648 1647 0.00012014
1647 1648 0.0022117
1650 1648 0.0022117
1651 1648 0.0022117
922 1650 0.0027156
1062 1650 0.0027156
1649 1650 0.0027156
1647 1652 0.00064805
1650 1652 0.00064805
1651 1652 0.00064805
2080 2079 0.0028762
7234 2079 0.0028762
2081 2080 0.014952
2207 2080 0.014952
2082 2081 0.014952
2206 2081 0.014952
1055 2082 0.014952
2083 2082 0.014952
2079 2083 0.017656
2201 2083 0.017656
2185 2184 0.00011849
2541 2184 0.00011849
1597 2185 0.00023042
2184 2185 0.00023042
25 2201 0.01764
2202 2201 0.01764
2536 2201 0.01764
2079 2202 0.0028602
2201 2202 0.0028602
940 2522 0.98558
2523 2522 0.98558
2539 2522 0.98558
1612 2524 0.0021401
1615 2524 0.0021401
2525 2524 0.0021401
2526 2524 0.0021401
2524 2525 0.085413
2537 2525 0.085413
2538 2525 0.085413
1610 2526 0.002527
2527 2526 0.002527
2528 2526 0.002527
6004 2526 0.002527
1612 2527 0.018485
1615 2527 0.018485
2525 2527 0.018485
2526 2527 0.018485
2529 2528 0.0011363
2530 2528 0.0011363
2535 2528 0.0011363
6005 2528 0.0011363
1610 2529 0.0045822
2527 2529 0.0045822
2528 2529 0.0045822
6004 2529 0.0045822
1608 2530 0.00030601
2531 2530 0.00030601
6008 2530 0.00030601
2529 2531 0.0011328
2530 2531 0.0011328
2535 2531 0.0011328
6005 2531 0.0011328
2529 2534 0.00030299
2530 2534 0.00030299
2535 2534 0.00030299
6005 2534 0.00030299
895 2535 0.0015978
896 2535 0.0015978
1652 2535 0.0015978
2534 2535 0.0015978
2524 2536 0.00065186
2537 2536 0.00065186
2538 2536 0.00065186
25 2537 0.98561
2202 2537 0.98561
2536 2537 0.98561
940 2538 0.0018373
2523 2538 0.0018373
2539 2538 0.0018373
2524 2539 0.90352
2537 2539 0.90352
2538 2539 0.90352
2185 2540 0.00023042
2541 2540 0.00023042
13 2541 0.00011849
16 2541 0.00011849
2540 2541 0.00011849
2542 2543 1
6715 2543 1
2543 2545 0.995
2544 2545 0.995
2546 2545 0.995
2543 2547 0.005024
2544 2547 0.005024
2546 2547 0.005024
2548 2549 0.0050292
2551 2549 0.0050292
6030 2549 0.0050292
2550 2551 0.003609
2553 2551 0.003609
4544 2551 0.003609
2547 2553 0.0028108
2552 2553 0.0028108
2568 2553 0.0028108
509 2555 0.995
2545 2555 0.995
2554 2555 0.995
2549 2557 1
2555 2557 1
2556 2557 1
284 2560 0.3581
575 2560 0.3581
2561 2560 0.3581
2563 2562 0.64558
4389 2562 0.64558
4392 2562 0.64558
2562 2563 0.0036628
2571 2563 0.0036628
6786 2563 0.0036628
2566 2567 0.0019104
2569 2567 0.0019104
6027 2567 0.0019104
2547 2569 0.0022558
2552 2569 0.0022558
2568 2569 0.0022558
2562 2570 1
2571 2570 1
6786 2570 1
294 2576 0.1418
2570 2576 0.1418
2577 2576 0.1418
1590 2577 0.014851
2576 2577 0.014851
2589 2577 0.014851
4398 2577 0.014851
3543 3544 0.00028681
3546 3544 0.00028681
4643 3544 0.00028681
836 3546 0.00028681
3545 3546 0.00028681
3548 3546 0.00028681
2567 3565 0.0014668
3566 3565 0.0014668
6025 3565 0.0014668
4388 4387 0.19495
4390 4387 0.19495
4631 4387 0.19495
4387 4388 0.060484
4391 4388 0.060484
4394 4388 0.060484
4388 4389 0.50998
4390 4389 0.50998
4631 4389 0.50998
2563 4390 0.0025265
4389 4390 0.0025265
4392 4390 0.0025265
2563 4391 0.060484
4389 4391 0.060484
4392 4391 0.060484
4387 4392 0.19495
4391 4392 0.19495
4394 4392 0.19495
2550 4543 0.00039373
2553 4543 0.00039373
4544 4543 0.00039373
4543 4544 0.001178
6026 4544 0.001178
6028 4544 0.001178
4388 4630 0.0017275
4390 4630 0.0017275
4631 4630 0.0017275
283 4631 0.64364
4630 4631 0.64364
6036 4631 0.64364
1596 5750 0.002251
2796 5750 0.002251
5751 5750 0.002251
5754 5750 0.002251
1112 5752 0.002251
5753 5752 0.002251
7122 5752 0.002251
933 5754 0.0023584
5755 5754 0.0023584
5756 5754 0.0023584
1610 6003 0.0010974
2527 6003 0.0010974
2528 6003 0.0010974
6004 6003 0.0010974
24 6004 0.0036259
894 6004 0.0036259
1646 6004 0.0036259
6003 6004 0.0036259
934 6005 0.00017745
937 6005 0.00017745
6006 6005 0.00017745
2529 6006 0.0040913
2530 6006 0.0040913
2535 6006 0.0040913
6005 6006 0.0040913
897 6008 0.00052306
898 6008 0.00052306
2532 6008 0.00052306
6007 6008 0.00052306
4543 6025 0.00035082
6026 6025 0.00035082
6028 6025 0.00035082
2567 6026 0.00078106
3566 6026 0.00078106
6025 6026 0.00078106
4543 6027 0.0004909
6026 6027 0.0004909
6028 6027 0.0004909
2566 6028 0.00084495
2569 6028 0.00084495
6027 6028 0.00084495
2564 6030 0.0014668
3565 6030 0.0014668
6029 6030 0.0014668
18 6036 0.99999
2557 6036 0.99999
6035 6036 0.99999
15 6715 1
6714 6715 1
7232 6715 1
2560 6786 0.3581
6787 6786 0.3581
5750 7122 0.002251
7123 7122 0.002251
5752 7232 0.002251
7233 7232 0.002251
11 7234 0.0012494
7235 7234 0.0012494
2080 7235 0.013325
7234 7235 0.013325
