995 994 0.00027885
6359 994 0.00027885
6360 994 0.00027885
994 995 0.0010443
997 995 0.0010443
2076 995 0.0010443
2077 995 0.0010443
994 996 0.0002863
997 996 0.0002863
2076 996 0.0002863
2077 996 0.0002863
996 997 0.0080156
3119 997 0.0080156
4790 997 0.0080156
6237 997 0.0080156
1528 1530 0.00010202
1531 1530 0.00010202
3303 1530 0.00010202
2071 2072 0.0027863
6238 2072 0.0027863
6239 2072 0.0027863
994 2075 0.00025498
997 2075 0.00025498
2076 2075 0.00025498
2077 2075 0.00025498
2072 2076 0.0022399
2074 2076 0.0022399
2075 2076 0.0022399
3906 2076 0.0022399
2078 2077 0.00042941
2358 2077 0.00042941
2361 2077 0.00042941
6371 2077 0.00042941
994 2078 0.0093781
997 2078 0.0093781
2076 2078 0.0093781
2077 2078 0.0093781
2350 2351 0.00010359
5671 2351 0.00010359
5836 2351 0.00010359
2354 2355 0.0035498
2357 2355 0.0035498
2356 2357 0.0036156
2359 2357 0.0036156
6362 2357 0.0036156
7160 2357 0.0036156
2356 2358 0.00067315
2359 2358 0.00067315
6362 2358 0.00067315
7160 2358 0.00067315
2078 2359 0.0040689
2358 2359 0.0040689
2361 2359 0.0040689
6371 2359 0.0040689
2078 2360 0.00078503
2358 2360 0.00078503
2361 2360 0.00078503
6371 2360 0.00078503
2360 2361 0.022489
2363 2361 0.022489
3120 2361 0.022489
2360 2362 0.0009701
2363 2362 0.0009701
3120 2362 0.0009701
2362 2363 0.021866
2365 2363 0.021866
6395 2363 0.021866
2362 2364 0.00028777
2365 2364 0.00028777
6395 2364 0.00028777
2364 2365 0.034066
2367 2365 0.034066
6366 2365 0.034066
6367 2365 0.034066
2364 2366 0.00017476
2367 2366 0.00017476
6366 2366 0.00017476
6367 2366 0.00017476
2366 2367 0.0091352
7006 2367 0.0091352
7086 2367 0.0091352
1530 2849 0.00010286
1533 2849 0.00010286
2850 2849 0.00010286
3107 3109 0.0065112
3110 3109 0.0065112
3309 3109 0.0065112
3310 3109 0.0065112
3109 3110 0.004833
3112 3110 0.004833
3313 3110 0.004833
3314 3110 0.004833
3109 3111 0.018137
3112 3111 0.018137
3313 3111 0.018137
3314 3111 0.018137
3111 3112 0.01749
3114 3112 0.01749
6382 3112 0.01749
6383 3112 0.01749
3111 3113 0.016693
3114 3113 0.016693
6382 3113 0.016693
6383 3113 0.016693
3113 3114 0.057225
3116 3114 0.057225
6106 3114 0.057225
3113 3115 0.017104
3116 3115 0.017104
6106 3115 0.017104
3115 3116 0.04219
5959 3116 0.04219
6404 3116 0.04219
3118 3117 0.00060125
6390 3117 0.00060125
6391 3117 0.00060125
3117 3118 0.071459
5957 3118 0.071459
6368 3118 0.071459
6369 3118 0.071459
2360 3119 0.0024664
2363 3119 0.0024664
3120 3119 0.0024664
996 3120 0.0032745
3119 3120 0.0032745
4790 3120 0.0032745
6237 3120 0.0032745
3124 3123 0.01634
3307 3123 0.01634
3308 3123 0.01634
3637 3123 0.01634
3123 3124 0.019863
3126 3124 0.019863
3312 3124 0.019863
3123 3125 0.032071
3126 3125 0.032071
3312 3125 0.032071
3125 3126 0.034563
3128 3126 0.034563
5949 3126 0.034563
3125 3127 0.011861
3128 3127 0.011861
5949 3127 0.011861
3127 3128 0.44616
3130 3128 0.44616
6380 3128 0.44616
6381 3128 0.44616
3127 3129 0.00050646
3130 3129 0.00050646
6380 3129 0.00050646
6381 3129 0.00050646
3129 3130 0.83366
3132 3130 0.83366
6105 3130 0.83366
6108 3130 0.83366
3129 3131 0.0019934
3132 3131 0.0019934
6105 3131 0.0019934
6108 3131 0.0019934
3131 3132 0.82409
3134 3132 0.82409
6402 3132 0.82409
6403 3132 0.82409
3131 3133 0.0019678
3134 3133 0.0019678
6402 3133 0.0019678
6403 3133 0.0019678
3133 3134 0.85762
5955 3134 0.85762
6394 3134 0.85762
3136 3135 0.038919
3305 3135 0.038919
3306 3135 0.038919
3135 3136 0.011341
5948 3136 0.011341
5953 3136 0.011341
3137 3138 0.000149
3302 3138 0.000149
3338 3138 0.000149
3140 3139 0.0016226
6372 3139 0.0016226
6373 3139 0.0016226
6407 3139 0.0016226
3139 3140 0.023236
3910 3140 0.023236
6112 3140 0.023236
3142 3141 0.00041086
6414 3141 0.00041086
6415 3141 0.00041086
3141 3142 0.0079984
3144 3142 0.0079984
4787 3142 0.0079984
3141 3143 0.0026241
3144 3143 0.0026241
4787 3143 0.0026241
3143 3144 0.0073929
3146 3144 0.0073929
6374 3144 0.0073929
6375 3144 0.0073929
3143 3145 0.0027078
3146 3145 0.0027078
6374 3145 0.0027078
6375 3145 0.0027078
3145 3146 0.075156
3148 3146 0.075156
3911 3146 0.075156
6109 3146 0.075156
3145 3147 0.0017891
3148 3147 0.0017891
3911 3147 0.0017891
6109 3147 0.0017891
3147 3148 0.059998
5951 3148 0.059998
6398 3148 0.059998
6399 3148 0.059998
3137 3303 0.00010202
3302 3303 0.00010202
3338 3303 0.00010202
3136 3304 0.0004841
3305 3304 0.0004841
3306 3304 0.0004841
3304 3305 0.023389
6420 3305 0.023389
6421 3305 0.023389
3124 3306 0.01778
3307 3306 0.01778
3308 3306 0.01778
3637 3306 0.01778
3136 3307 0.013108
3305 3307 0.013108
3306 3307 0.013108
3107 3308 0.004833
3110 3308 0.004833
3309 3308 0.004833
3310 3308 0.004833
3124 3309 0.0065112
3307 3309 0.0065112
3308 3309 0.0065112
3637 3309 0.0065112
3109 3312 0.017434
3112 3312 0.017434
3313 3312 0.017434
3314 3312 0.017434
3123 3313 0.016403
3126 3313 0.016403
3312 3313 0.016403
3343 3338 0.00017466
3639 3338 0.00017466
3962 3338 0.00017466
600 3343 0.00010871
2849 3343 0.00010871
3344 3343 0.00010871
3345 3343 0.00010871
3638 3637 0.0030039
3640 3637 0.0030039
5268 3637 0.0030039
3124 3638 0.00017639
3307 3638 0.00017639
3308 3638 0.00017639
3637 3638 0.00017639
3638 3639 0.00017712
3640 3639 0.00017712
5268 3639 0.00017712
3343 3640 0.0001157
3639 3640 0.0001157
3962 3640 0.0001157
2072 3907 0.00077686
2074 3907 0.00077686
2075 3907 0.00077686
3906 3907 0.00077686
3909 3908 0.0026157
6113 3908 0.0026157
6400 3908 0.0026157
6401 3908 0.0026157
3908 3909 0.049096
6392 3909 0.049096
6393 3909 0.049096
3145 3910 0.0076077
3148 3910 0.0076077
3911 3910 0.0076077
6109 3910 0.0076077
3139 3911 0.0087254
3910 3911 0.0087254
6112 3911 0.0087254
3907 4020 0.00032285
4019 4020 0.00032285
6228 4020 0.00032285
6358 4020 0.00032285
4788 4787 0.003264
6408 4787 0.003264
6409 4787 0.003264
3141 4788 0.00044529
3144 4788 0.00044529
4787 4788 0.00044529
996 4789 0.00018366
3119 4789 0.00018366
4790 4789 0.00018366
6237 4789 0.00018366
4789 4790 0.0080392
6240 4790 0.0080392
6365 4790 0.0080392
5091 5090 0.00088834
5838 5090 0.00088834
3138 5268 0.0028997
5832 5268 0.0028997
6422 5268 0.0028997
3122 5269 0.00039091
5270 5269 0.00039091
6233 5269 0.00039091
2350 5670 0.00084921
5671 5670 0.00084921
5836 5670 0.00084921
2352 5832 0.0039384
2355 5832 0.0039384
5269 5832 0.0039384
6877 5835 0.00086243
5835 5836 0.00086092
5837 5838 0.0008881
6927 5838 0.0008881
7069 5838 0.0008881
7112 5838 0.0008881
3125 5948 0.4406
3128 5948 0.4406
5949 5948 0.4406
3135 5949 0.0087861
5948 5949 0.0087861
5953 5949 0.0087861
3147 5950 0.0023018
5951 5950 0.0023018
6398 5950 0.0023018
6399 5950 0.0023018
5950 5951 0.04163
6389 5951 0.04163
6405 5951 0.04163
3135 5952 0.00053786
5948 5952 0.00053786
5953 5952 0.00053786
5952 5953 0.54115
6378 5953 0.54115
6379 5953 0.54115
3133 5954 0.0010665
5955 5954 0.0010665
6394 5954 0.0010665
5954 5955 0.88507
6370 5955 0.88507
6388 5955 0.88507
7111 5955 0.88507
3117 5956 0.0027747
5957 5956 0.0027747
6368 5956 0.0027747
6369 5956 0.0027747
5956 5957 0.0322
6386 5957 0.0322
6387 5957 0.0322
3113 6105 0.028667
3116 6105 0.028667
6106 6105 0.028667
3129 6106 0.044113
3132 6106 0.044113
6105 6106 0.044113
6108 6106 0.044113
3129 6107 0.013295
3132 6107 0.013295
6105 6107 0.013295
6108 6107 0.013295
6107 6108 0.039793
6110 6108 0.039793
6114 6108 0.039793
6107 6109 0.022863
6110 6109 0.022863
6114 6109 0.022863
3145 6110 0.0097416
3148 6110 0.0097416
3911 6110 0.0097416
6109 6110 0.0097416
3139 6111 0.00066237
3910 6111 0.00066237
6112 6111 0.00066237
6111 6112 0.023394
6396 6112 0.023394
6397 6112 0.023394
6406 6112 0.023394
6107 6113 0.0028518
6110 6113 0.0028518
6114 6113 0.0028518
3909 6114 0.042471
6113 6114 0.042471
6400 6114 0.042471
6401 6114 0.042471
4020 6231 0.0003362
6232 6231 0.0003362
6351 6231 0.0003362
6231 6233 0.000346
6234 6233 0.000346
6354 6233 0.000346
2071 6237 0.0016307
6238 6237 0.0016307
6239 6237 0.0016307
996 6238 0.00094888
3119 6238 0.00094888
4790 6238 0.00094888
6237 6238 0.00094888
4789 6239 0.0034671
6240 6239 0.0034671
6365 6239 0.0034671
3907 6359 0.00056678
4019 6359 0.00056678
6228 6359 0.00056678
6358 6359 0.00056678
995 6361 0.0012657
6359 6361 0.0012657
6360 6361 0.0012657
6357 6362 0.0012856
6361 6362 0.0012856
6364 6363 0.0001004
6410 6363 0.0001004
6411 6363 0.0001004
6363 6364 0.0011718
6943 6364 0.0011718
7165 6364 0.0011718
2364 6365 0.011348
2367 6365 0.011348
6366 6365 0.011348
6367 6365 0.011348
3117 6367 0.037341
5957 6367 0.037341
6368 6367 0.037341
6369 6367 0.037341
2364 6368 0.0012386
2367 6368 0.0012386
6366 6368 0.0012386
6367 6368 0.0012386
5954 6369 0.08807
6370 6369 0.08807
6388 6369 0.08807
7111 6369 0.08807
3117 6370 0.010535
5957 6370 0.010535
6368 6370 0.010535
6369 6370 0.010535
3140 6371 0.00063445
6372 6371 0.00063445
6373 6371 0.00063445
6407 6371 0.00063445
2078 6372 0.027891
2358 6372 0.027891
2361 6372 0.027891
6371 6372 0.027891
3143 6373 0.0011163
3146 6373 0.0011163
6374 6373 0.0011163
6375 6373 0.0011163
3140 6374 0.04562
6372 6374 0.04562
6373 6374 0.04562
6407 6374 0.04562
6376 6375 0.00091067
6377 6375 0.00091067
6417 6375 0.00091067
3143 6376 0.11309
3146 6376 0.11309
6374 6376 0.11309
6375 6376 0.11309
5952 6377 0.0067668
6378 6377 0.0067668
6379 6377 0.0067668
6376 6378 0.10735
6377 6378 0.10735
6417 6378 0.10735
3127 6379 0.44583
3130 6379 0.44583
6380 6379 0.44583
6381 6379 0.44583
5952 6380 0.0058002
6378 6380 0.0058002
6379 6380 0.0058002
3111 6381 0.0623
3114 6381 0.0623
6382 6381 0.0623
6383 6381 0.0623
3127 6382 0.021121
3130 6382 0.021121
6380 6382 0.021121
6381 6382 0.021121
5956 6385 0.0085041
6386 6385 0.0085041
6387 6385 0.0085041
5670 6386 0.00033515
6385 6386 0.00033515
7085 6386 0.00033515
5954 6387 0.039182
6370 6387 0.039182
6388 6387 0.039182
7111 6387 0.039182
5956 6388 0.001588
6386 6388 0.001588
6387 6388 0.001588
3118 6389 0.053248
6390 6389 0.053248
6391 6389 0.053248
5950 6390 0.00052009
6389 6390 0.00052009
6405 6390 0.00052009
3908 6391 0.014871
6392 6391 0.014871
6393 6391 0.014871
3118 6392 0.033001
6390 6392 0.033001
6391 6392 0.033001
3133 6393 0.045058
5955 6393 0.045058
6394 6393 0.045058
3908 6394 0.016707
6392 6394 0.016707
6393 6394 0.016707
6111 6395 0.0026408
6396 6395 0.0026408
6397 6395 0.0026408
6406 6395 0.0026408
2362 6396 0.015523
2365 6396 0.015523
6395 6396 0.015523
3147 6397 0.0085783
5951 6397 0.0085783
6398 6397 0.0085783
6399 6397 0.0085783
6111 6398 0.012128
6396 6398 0.012128
6397 6398 0.012128
6406 6398 0.012128
3909 6399 0.0248
6113 6399 0.0248
6400 6399 0.0248
6401 6399 0.0248
3147 6400 0.0094692
5951 6400 0.0094692
6398 6400 0.0094692
6399 6400 0.0094692
3131 6401 0.03277
3134 6401 0.03277
6402 6401 0.03277
6403 6401 0.03277
3909 6402 0.0243
6113 6402 0.0243
6400 6402 0.0243
6401 6402 0.0243
3115 6403 0.017104
5959 6403 0.017104
6404 6403 0.017104
3131 6404 0.04219
3134 6404 0.04219
6402 6404 0.04219
6403 6404 0.04219
6111 6405 0.0016944
6396 6405 0.0016944
6397 6405 0.0016944
6406 6405 0.0016944
5950 6406 0.015094
6389 6406 0.015094
6405 6406 0.015094
4788 6407 0.00064681
6408 6407 0.00064681
6409 6407 0.00064681
3140 6408 0.0050139
6372 6408 0.0050139
6373 6408 0.0050139
6407 6408 0.0050139
6364 6409 0.0007463
6410 6409 0.0007463
6411 6409 0.0007463
4788 6410 0.0022947
6408 6410 0.0022947
6409 6410 0.0022947
6364 6412 0.0026518
6410 6412 0.0026518
6411 6412 0.0026518
5834 6414 0.0026518
6412 6414 0.0026518
6413 6414 0.0026518
3142 6416 0.010264
6414 6416 0.010264
6415 6416 0.010264
6416 6417 0.0019103
6418 6417 0.0019103
6419 6417 0.0019103
6376 6418 0.013507
6377 6418 0.013507
6417 6418 0.013507
3304 6419 0.00017257
6420 6419 0.00017257
6421 6419 0.00017257
6416 6420 0.021976
6418 6420 0.021976
6419 6420 0.021976
3138 6421 0.0023912
5832 6421 0.0023912
6422 6421 0.0023912
3304 6422 0.00129
6420 6422 0.00129
6421 6422 0.00129
5090 6877 0.00086243
6924 6925 1
6926 6925 1
6922 6927 1
6925 6927 1
6928 6927 1
6939 6938 0.0002037
7067 6938 0.0002037
7163 6938 0.0002037
7164 6938 0.0002037
6938 6939 0.00017013
6941 6939 0.00017013
6949 6939 0.00017013
6940 6941 0.00020128
6942 6941 0.00020128
6945 6941 0.00020128
6947 6941 0.00020128
6363 6942 0.00020128
6943 6942 0.00020128
7165 6942 0.00020128
6938 6948 0.00023908
6941 6948 0.00023908
6949 6948 0.00023908
6948 6952 0.00023908
6950 6952 0.00023908
6953 6952 0.00023908
2366 7085 0.00015075
7006 7085 0.00015075
7086 7085 0.00015075
5670 7086 0.0090819
6385 7086 0.0090819
7085 7086 0.0090819
2351 7088 0.0001036
4656 7088 0.0001036
7014 7088 0.0001036
7087 7088 0.0001036
5837 7111 0.99915
6927 7111 0.99915
7069 7111 0.99915
7112 7111 0.99915
6952 7160 0.00019966
7161 7160 0.00019966
7162 7160 0.00019966
2356 7161 0.0012711
2359 7161 0.0012711
6362 7161 0.0012711
7160 7161 0.0012711
6939 7162 0.00011476
7067 7162 0.00011476
7163 7162 0.00011476
7164 7162 0.00011476
6952 7163 0.0013591
7161 7163 0.0013591
7162 7163 0.0013591
6939 7165 0.0013
7067 7165 0.0013
7163 7165 0.0013
7164 7165 0.0013
