948 950 0.00013384
951 950 0.00013384
6355 950 0.00013384
950 951 0.0010679
6352 951 0.0010679
6353 951 0.0010679
6356 951 0.0010679
994 995 0.00032006
997 995 0.00032006
2076 995 0.00032006
2077 995 0.00032006
996 997 0.00023371
3119 997 0.00023371
4790 997 0.00023371
6237 997 0.00023371
5085 1129 0.00034923
5267 1129 0.00034923
1528 1530 0.013469
1531 1530 0.013469
3303 1530 0.013469
1530 1532 0.00021378
1533 1532 0.00021378
2850 1532 0.00021378
2071 2072 0.00010112
6238 2072 0.00010112
6239 2072 0.00010112
994 2075 0.00015146
997 2075 0.00015146
2076 2075 0.00015146
2077 2075 0.00015146
2078 2077 0.00042456
2358 2077 0.00042456
2361 2077 0.00042456
6371 2077 0.00042456
994 2078 0.00028315
997 2078 0.00028315
2076 2078 0.00028315
2077 2078 0.00028315
2353 2352 0.00065271
3337 2352 0.00065271
2352 2353 0.00074833
2355 2353 0.00074833
5269 2353 0.00074833
2352 2354 0.0065387
2355 2354 0.0065387
5269 2354 0.0065387
2354 2355 0.00098601
2357 2355 0.00098601
2354 2356 0.0021238
2357 2356 0.0021238
2356 2357 0.0010008
2359 2357 0.0010008
6362 2357 0.0010008
7160 2357 0.0010008
2356 2358 0.001737
2359 2358 0.001737
6362 2358 0.001737
7160 2358 0.001737
2078 2359 0.00027973
2358 2359 0.00027973
2361 2359 0.00027973
6371 2359 0.00027973
2078 2360 0.00037492
2358 2360 0.00037492
2361 2360 0.00037492
6371 2360 0.00037492
2360 2362 0.00010793
2363 2362 0.00010793
3120 2362 0.00010793
1530 2849 0.013373
1533 2849 0.013373
2850 2849 0.013373
600 2850 0.0001061
2849 2850 0.0001061
3344 2850 0.0001061
3345 2850 0.0001061
3107 3109 0.008051
3110 3109 0.008051
3309 3109 0.008051
3310 3109 0.008051
3109 3110 0.00096629
3112 3110 0.00096629
3313 3110 0.00096629
3314 3110 0.00096629
3109 3111 0.0016303
3112 3111 0.0016303
3313 3111 0.0016303
3314 3111 0.0016303
3111 3112 0.00034416
3114 3112 0.00034416
6382 3112 0.00034416
6383 3112 0.00034416
3111 3113 0.00034404
3114 3113 0.00034404
6382 3113 0.00034404
6383 3113 0.00034404
2360 3119 0.00027738
2363 3119 0.00027738
3120 3119 0.00027738
3121 3122 0.00061049
3328 3122 0.00061049
3329 3122 0.00061049
3124 3123 0.013086
3307 3123 0.013086
3308 3123 0.013086
3637 3123 0.013086
3123 3124 0.012353
3126 3124 0.012353
3312 3124 0.012353
3123 3125 0.011883
3126 3125 0.011883
3312 3125 0.011883
3125 3126 0.005352
3128 3126 0.005352
5949 3126 0.005352
3125 3127 0.0022473
3128 3127 0.0022473
5949 3127 0.0022473
3127 3128 0.0028471
3130 3128 0.0028471
6380 3128 0.0028471
6381 3128 0.0028471
3127 3129 0.0001059
3130 3129 0.0001059
6380 3129 0.0001059
6381 3129 0.0001059
3129 3130 0.00053407
3132 3130 0.00053407
6105 3130 0.00053407
6108 3130 0.00053407
3131 3132 0.00011491
3134 3132 0.00011491
6402 3132 0.00011491
6403 3132 0.00011491
3136 3135 0.0028405
3305 3135 0.0028405
3306 3135 0.0028405
3135 3136 0.012659
5948 3136 0.012659
5953 3136 0.012659
3138 3137 0.013641
5832 3137 0.013641
6422 3137 0.013641
3137 3138 0.00095755
3302 3138 0.00095755
3338 3138 0.00095755
3140 3139 0.0001351
6372 3139 0.0001351
6373 3139 0.0001351
6407 3139 0.0001351
3139 3140 0.00012889
3910 3140 0.00012889
6112 3140 0.00012889
3142 3141 0.00031289
6414 3141 0.00031289
6415 3141 0.00031289
3141 3142 0.00051377
3144 3142 0.00051377
4787 3142 0.00051377
3141 3143 0.00031612
3144 3143 0.00031612
4787 3143 0.00031612
3143 3144 0.00043078
3146 3144 0.00043078
6374 3144 0.00043078
6375 3144 0.00043078
3143 3145 0.00020287
3146 3145 0.00020287
6374 3145 0.00020287
6375 3145 0.00020287
3145 3146 0.00011064
3148 3146 0.00011064
3911 3146 0.00011064
6109 3146 0.00011064
3137 3303 0.013469
3302 3303 0.013469
3338 3303 0.013469
3136 3304 0.0035509
3305 3304 0.0035509
3306 3304 0.0035509
3304 3305 0.13952
6420 3305 0.13952
6421 3305 0.13952
3124 3306 0.0039794
3307 3306 0.0039794
3308 3306 0.0039794
3637 3306 0.0039794
3136 3307 0.14976
3305 3307 0.14976
3306 3307 0.14976
3107 3308 0.00096629
3110 3308 0.00096629
3309 3308 0.00096629
3310 3308 0.00096629
3124 3309 0.008051
3307 3309 0.008051
3308 3309 0.008051
3637 3309 0.008051
3109 3312 0.0073612
3112 3312 0.0073612
3313 3312 0.0073612
3314 3312 0.0073612
3123 3313 0.0015625
3126 3313 0.0015625
3312 3313 0.0015625
2353 3328 0.00082297
3337 3328 0.00082297
3137 3337 0.00072736
3302 3337 0.00072736
3338 3337 0.00072736
3343 3338 0.0014874
3639 3338 0.0014874
3962 3338 0.0014874
1532 3340 0.00021378
2851 3340 0.00021378
3339 3340 0.00021378
3340 3341 0.00021378
3342 3341 0.00021378
3960 3341 0.00021378
600 3343 0.013578
2849 3343 0.013578
3344 3343 0.013578
3345 3343 0.013578
3343 3344 0.0001348
3639 3344 0.0001348
3962 3344 0.0001348
3341 3345 0.00021394
3346 3345 0.00021394
4684 3345 0.00021394
3638 3637 0.86207
3640 3637 0.86207
5268 3637 0.86207
3638 3639 0.001258
3640 3639 0.001258
5268 3639 0.001258
3343 3640 0.013563
3639 3640 0.013563
3962 3640 0.013563
2072 3907 0.00016871
2074 3907 0.00016871
2075 3907 0.00016871
3906 3907 0.00016871
3139 3911 0.00011501
3910 3911 0.00011501
6112 3911 0.00011501
4685 3962 0.00034871
5086 3962 0.00034871
3907 4020 0.00023729
4019 4020 0.00023729
6228 4020 0.00023729
6358 4020 0.00023729
4788 4787 0.00019377
6408 4787 0.00019377
6409 4787 0.00019377
3141 4788 0.00010754
3144 4788 0.00010754
4787 4788 0.00010754
5087 5086 0.00034922
5271 5086 0.00034922
1129 5087 0.00029363
3963 5087 0.00029363
3121 5237 0.00024067
3328 5237 0.00024067
3329 5237 0.00024067
3638 5267 0.00035797
3640 5267 0.00035797
5268 5267 0.00035797
3138 5268 0.85009
5832 5268 0.85009
6422 5268 0.85009
3122 5269 1.0049
5270 5269 1.0049
6233 5269 1.0049
2753 5270 0.00028021
3327 5270 0.00028021
5237 5270 0.00028021
2352 5832 0.99927
2355 5832 0.99927
5269 5832 0.99927
3125 5948 0.010043
3128 5948 0.010043
5949 5948 0.010043
3135 5949 0.0029122
5948 5949 0.0029122
5953 5949 0.0029122
3135 5952 0.00078999
5948 5952 0.00078999
5953 5952 0.00078999
5952 5953 0.003477
6378 5953 0.003477
6379 5953 0.003477
3113 6105 0.0003054
3116 6105 0.0003054
6106 6105 0.0003054
6107 6108 0.00015639
6110 6108 0.00015639
6114 6108 0.00015639
3145 6110 0.00014032
3148 6110 0.00014032
3911 6110 0.00014032
6109 6110 0.00014032
4020 6231 0.0031381
6232 6231 0.0031381
6351 6231 0.0031381
6231 6233 0.0040678
6234 6233 0.0040678
6354 6233 0.0040678
950 6351 0.0029894
6352 6351 0.0029894
6353 6351 0.0029894
6356 6351 0.0029894
2354 6353 0.0044297
2357 6353 0.0044297
948 6354 0.0010679
951 6354 0.0010679
6355 6354 0.0010679
6231 6355 0.00013384
6234 6355 0.00013384
6354 6355 0.00013384
950 6357 0.00054448
6352 6357 0.00054448
6353 6357 0.00054448
6356 6357 0.00054448
995 6358 0.00015545
6359 6358 0.00015545
6360 6358 0.00015545
3907 6359 0.00011784
4019 6359 0.00011784
6228 6359 0.00011784
6358 6359 0.00011784
6357 6360 0.00016153
6361 6360 0.00016153
995 6361 0.0003648
6359 6361 0.0003648
6360 6361 0.0003648
6357 6362 0.00073043
6361 6362 0.00073043
6363 6364 0.00045789
6943 6364 0.00045789
7165 6364 0.00045789
3140 6371 0.00018293
6372 6371 0.00018293
6373 6371 0.00018293
6407 6371 0.00018293
2078 6372 0.0011909
2358 6372 0.0011909
2361 6372 0.0011909
6371 6372 0.0011909
3143 6373 0.00018459
3146 6373 0.00018459
6374 6373 0.00018459
6375 6373 0.00018459
3140 6374 0.0011619
6372 6374 0.0011619
6373 6374 0.0011619
6407 6374 0.0011619
6376 6375 0.0004832
6377 6375 0.0004832
6417 6375 0.0004832
3143 6376 0.0012536
3146 6376 0.0012536
6374 6376 0.0012536
6375 6376 0.0012536
5952 6377 0.00064158
6378 6377 0.00064158
6379 6377 0.00064158
6376 6378 0.0024851
6377 6378 0.0024851
6417 6378 0.0024851
3127 6379 0.0022513
3130 6379 0.0022513
6380 6379 0.0022513
6381 6379 0.0022513
5952 6380 0.0014078
6378 6380 0.0014078
6379 6380 0.0014078
3111 6381 0.0014476
3114 6381 0.0014476
6382 6381 0.0014476
6383 6381 0.0014476
3127 6382 0.00043243
3130 6382 0.00043243
6380 6382 0.00043243
6381 6382 0.00043243
4788 6407 0.00020567
6408 6407 0.00020567
6409 6407 0.00020567
3140 6408 0.00023016
6372 6408 0.00023016
6373 6408 0.00023016
6407 6408 0.00023016
6364 6409 0.00027004
6410 6409 0.00027004
6411 6409 0.00027004
4788 6410 0.0002083
6408 6410 0.0002083
6409 6410 0.0002083
6364 6412 0.00041742
6410 6412 0.00041742
6411 6412 0.00041742
5834 6414 0.00041742
6412 6414 0.00041742
6413 6414 0.00041742
6416 6415 0.00036638
6418 6415 0.00036638
6419 6415 0.00036638
3142 6416 0.00090158
6414 6416 0.00090158
6415 6416 0.00090158
6416 6417 0.0019666
6418 6417 0.0019666
6419 6417 0.0019666
6376 6418 0.00089349
6377 6418 0.00089349
6417 6418 0.00089349
3304 6419 0.0022873
6420 6419 0.0022873
6421 6419 0.0022873
6416 6420 0.0017494
6418 6420 0.0017494
6419 6420 0.0017494
3138 6421 0.14047
5832 6421 0.14047
6422 6421 0.14047
3304 6422 0.0039659
6420 6422 0.0039659
6421 6422 0.0039659
6939 6938 0.00016954
7067 6938 0.00016954
7163 6938 0.00016954
7164 6938 0.00016954
6938 6939 0.00011033
6941 6939 0.00011033
6949 6939 0.00011033
6940 6941 0.00014471
6942 6941 0.00014471
6945 6941 0.00014471
6947 6941 0.00014471
6363 6942 0.00014471
6943 6942 0.00014471
7165 6942 0.00014471
6938 6948 0.00021269
6941 6948 0.00021269
6949 6948 0.00021269
6948 6952 0.00021269
6950 6952 0.00021269
6953 6952 0.00021269
6952 7160 0.00025211
7161 7160 0.00025211
7162 7160 0.00025211
2356 7161 0.00064817
2359 7161 0.00064817
6362 7161 0.00064817
7160 7161 0.00064817
6939 7162 0.0001145
7067 7162 0.0001145
7163 7162 0.0001145
7164 7162 0.0001145
6952 7163 0.0006835
7161 7163 0.0006835
7162 7163 0.0006835
6939 7165 0.0005753
7067 7165 0.0005753
7163 7165 0.0005753
7164 7165 0.0005753
