548 547 0.00014075
6226 547 0.00014075
6227 547 0.00014075
6230 547 0.00014075
547 548 0.00020379
2073 548 0.00020379
7094 548 0.00020379
948 950 0.0011536
951 950 0.0011536
6355 950 0.0011536
950 951 0.0027144
6352 951 0.0027144
6353 951 0.0027144
6356 951 0.0027144
995 994 0.001491
6359 994 0.001491
6360 994 0.001491
994 995 0.0018155
997 995 0.0018155
2076 995 0.0018155
2077 995 0.0018155
994 996 0.00082719
997 996 0.00082719
2076 996 0.00082719
2077 996 0.00082719
996 997 0.0033416
3119 997 0.0033416
4790 997 0.0033416
6237 997 0.0033416
5085 1129 0.0001819
5267 1129 0.0001819
1528 1530 0.0066218
1531 1530 0.0066218
3303 1530 0.0066218
1530 1532 0.00010567
1533 1532 0.00010567
2850 1532 0.00010567
2072 2071 0.0003318
2074 2071 0.0003318
2075 2071 0.0003318
3906 2071 0.0003318
2071 2072 0.0011191
6238 2072 0.0011191
6239 2072 0.0011191
2072 2073 0.00028573
2074 2073 0.00028573
2075 2073 0.00028573
3906 2073 0.00028573
547 2074 0.00017476
2073 2074 0.00017476
7094 2074 0.00017476
994 2075 0.0008362
997 2075 0.0008362
2076 2075 0.0008362
2077 2075 0.0008362
2072 2076 0.0019006
2074 2076 0.0019006
2075 2076 0.0019006
3906 2076 0.0019006
2078 2077 0.0025381
2358 2077 0.0025381
2361 2077 0.0025381
6371 2077 0.0025381
994 2078 0.0057924
997 2078 0.0057924
2076 2078 0.0057924
2077 2078 0.0057924
2353 2352 0.89853
3337 2352 0.89853
2352 2354 0.046151
2355 2354 0.046151
5269 2354 0.046151
2354 2355 0.0025119
2357 2355 0.0025119
2354 2356 0.032924
2357 2356 0.032924
2356 2357 0.0025585
2359 2357 0.0025585
6362 2357 0.0025585
7160 2357 0.0025585
2356 2358 0.030709
2359 2358 0.030709
6362 2358 0.030709
7160 2358 0.030709
2078 2359 0.0007411
2358 2359 0.0007411
2361 2359 0.0007411
6371 2359 0.0007411
2078 2360 0.0051257
2358 2360 0.0051257
2361 2360 0.0051257
6371 2360 0.0051257
2360 2361 0.00085514
2363 2361 0.00085514
3120 2361 0.00085514
2360 2362 0.0016316
2363 2362 0.0016316
3120 2362 0.0016316
2362 2363 0.00043773
2365 2363 0.00043773
6395 2363 0.00043773
2362 2364 0.00036977
2365 2364 0.00036977
6395 2364 0.00036977
1530 2849 0.0065743
1533 2849 0.0065743
2850 2849 0.0065743
3107 3109 0.010572
3110 3109 0.010572
3309 3109 0.010572
3310 3109 0.010572
3109 3110 0.00027576
3112 3110 0.00027576
3313 3110 0.00027576
3314 3110 0.00027576
3109 3111 0.0080679
3112 3111 0.0080679
3313 3111 0.0080679
3314 3111 0.0080679
3111 3112 0.00024916
3114 3112 0.00024916
6382 3112 0.00024916
6383 3112 0.00024916
3111 3113 0.0011866
3114 3113 0.0011866
6382 3113 0.0011866
6383 3113 0.0011866
3113 3114 0.00021466
3116 3114 0.00021466
6106 3114 0.00021466
3113 3115 0.00023631
3116 3115 0.00023631
6106 3115 0.00023631
2360 3119 0.0036656
2363 3119 0.0036656
3120 3119 0.0036656
996 3120 0.00058884
3119 3120 0.00058884
4790 3120 0.00058884
6237 3120 0.00058884
3122 3121 0.00013738
5270 3121 0.00013738
6233 3121 0.00013738
3121 3122 0.075963
3328 3122 0.075963
3329 3122 0.075963
3124 3123 0.31894
3307 3123 0.31894
3308 3123 0.31894
3637 3123 0.31894
3123 3124 0.0010341
3126 3124 0.0010341
3312 3124 0.0010341
3123 3125 0.32127
3126 3125 0.32127
3312 3125 0.32127
3125 3126 0.00088324
3128 3126 0.00088324
5949 3126 0.00088324
3125 3127 0.042459
3128 3127 0.042459
5949 3127 0.042459
3127 3128 0.0062774
3130 3128 0.0062774
6380 3128 0.0062774
6381 3128 0.0062774
3127 3129 0.00052632
3130 3129 0.00052632
6380 3129 0.00052632
6381 3129 0.00052632
3129 3130 0.0023605
3132 3130 0.0023605
6105 3130 0.0023605
6108 3130 0.0023605
3129 3131 0.00017105
3132 3131 0.00017105
6105 3131 0.00017105
6108 3131 0.00017105
3131 3132 0.0005783
3134 3132 0.0005783
6402 3132 0.0005783
6403 3132 0.0005783
3133 3134 0.00012253
5955 3134 0.00012253
6394 3134 0.00012253
3136 3135 0.62393
3305 3135 0.62393
3306 3135 0.62393
3135 3136 0.0044997
5948 3136 0.0044997
5953 3136 0.0044997
3138 3137 0.0070404
5832 3137 0.0070404
6422 3137 0.0070404
3137 3138 0.0014966
3302 3138 0.0014966
3338 3138 0.0014966
3140 3139 0.0019129
6372 3139 0.0019129
6373 3139 0.0019129
6407 3139 0.0019129
3139 3140 0.0021218
3910 3140 0.0021218
6112 3140 0.0021218
3142 3141 0.0026058
6414 3141 0.0026058
6415 3141 0.0026058
3141 3142 0.0027586
3144 3142 0.0027586
4787 3142 0.0027586
3141 3143 0.0039618
3144 3143 0.0039618
4787 3143 0.0039618
3143 3144 0.0021088
3146 3144 0.0021088
6374 3144 0.0021088
6375 3144 0.0021088
3143 3145 0.0022488
3146 3145 0.0022488
6374 3145 0.0022488
6375 3145 0.0022488
3145 3146 0.0021742
3148 3146 0.0021742
3911 3146 0.0021742
6109 3146 0.0021742
3145 3147 0.0006337
3148 3147 0.0006337
3911 3147 0.0006337
6109 3147 0.0006337
3147 3148 0.00090715
5951 3148 0.00090715
6398 3148 0.00090715
6399 3148 0.00090715
3137 3303 0.0066218
3302 3303 0.0066218
3338 3303 0.0066218
3136 3304 0.0019449
3305 3304 0.0019449
3306 3304 0.0019449
3304 3305 0.54148
6420 3305 0.54148
6421 3305 0.54148
3124 3306 0.13056
3307 3306 0.13056
3308 3306 0.13056
3637 3306 0.13056
3136 3307 0.050663
3305 3307 0.050663
3306 3307 0.050663
3107 3308 0.00027576
3110 3308 0.00027576
3309 3308 0.00027576
3310 3308 0.00027576
3124 3309 0.010572
3307 3309 0.010572
3308 3309 0.010572
3637 3309 0.010572
3109 3312 0.006491
3112 3312 0.006491
3313 3312 0.006491
3314 3312 0.006491
3123 3313 0.004014
3126 3313 0.004014
3312 3313 0.004014
3320 3321 0.00012563
6977 3321 0.00012563
7096 3321 0.00012563
3323 3322 0.00016481
3324 3322 0.00016481
7103 3322 0.00016481
3321 3323 0.00016803
3322 3323 0.00016803
7097 3323 0.00016803
3325 3324 0.00026249
3326 3324 0.00026249
7099 3324 0.00026249
3323 3325 0.00065064
3324 3325 0.00065064
7103 3325 0.00065064
2753 3326 0.00067295
3327 3326 0.00067295
5237 3326 0.00067295
3325 3327 0.00063993
3326 3327 0.00063993
7099 3327 0.00063993
2353 3328 0.10228
3337 3328 0.10228
3137 3337 1.0007
3302 3337 1.0007
3338 3337 1.0007
3343 3338 0.0017646
3639 3338 0.0017646
3962 3338 0.0017646
1532 3340 0.00010567
2851 3340 0.00010567
3339 3340 0.00010567
3340 3341 0.00010567
3342 3341 0.00010567
3960 3341 0.00010567
600 3343 0.0066748
2849 3343 0.0066748
3344 3343 0.0066748
3345 3343 0.0066748
3341 3345 0.00010575
3346 3345 0.00010575
4684 3345 0.00010575
3638 3637 0.40814
3640 3637 0.40814
5268 3637 0.40814
3638 3639 0.0014256
3640 3639 0.0014256
5268 3639 0.0014256
3343 3640 0.0064248
3639 3640 0.0064248
3962 3640 0.0064248
3907 3906 0.001259
4019 3906 0.001259
6228 3906 0.001259
6358 3906 0.001259
2072 3907 0.00087095
2074 3907 0.00087095
2075 3907 0.00087095
3906 3907 0.00087095
3145 3910 0.0014384
3148 3910 0.0014384
3911 3910 0.0014384
6109 3910 0.0014384
3139 3911 0.0017059
3910 3911 0.0017059
6112 3911 0.0017059
4685 3962 0.00018153
5086 3962 0.00018153
4020 4019 0.0020436
6232 4019 0.0020436
6351 4019 0.0020436
3907 4020 0.00074342
4019 4020 0.00074342
6228 4020 0.00074342
6358 4020 0.00074342
4788 4787 0.0025053
6408 4787 0.0025053
6409 4787 0.0025053
3141 4788 0.00049938
3144 4788 0.00049938
4787 4788 0.00049938
996 4789 0.00019359
3119 4789 0.00019359
4790 4789 0.00019359
6237 4789 0.00019359
4789 4790 0.00029115
6240 4790 0.00029115
6365 4790 0.00029115
5087 5086 0.00018189
5271 5086 0.00018189
1129 5087 0.00015294
3963 5087 0.00015294
3121 5237 0.026459
3328 5237 0.026459
3329 5237 0.026459
3638 5267 0.00021145
3640 5267 0.00021145
5268 5267 0.00021145
3138 5268 0.40331
5832 5268 0.40331
6422 5268 0.40331
3122 5269 0.11033
5270 5269 0.11033
6233 5269 0.11033
2753 5270 0.026426
3327 5270 0.026426
5237 5270 0.026426
3335 5822 0.00028958
5823 5822 0.00028958
5831 5822 0.00028958
6967 5822 0.00028958
5822 5823 0.00014401
6963 5823 0.00014401
7102 5823 0.00014401
7104 5823 0.00014401
5824 5825 0.00032235
6964 5825 0.00032235
7100 5825 0.00032235
5825 5831 0.00030722
5826 5831 0.00030722
5830 5831 0.00030722
2352 5832 0.96513
2355 5832 0.96513
5269 5832 0.96513
3125 5948 0.28945
3128 5948 0.28945
5949 5948 0.28945
3135 5949 0.005253
5948 5949 0.005253
5953 5949 0.005253
3147 5950 0.00023817
5951 5950 0.00023817
6398 5950 0.00023817
6399 5950 0.00023817
5950 5951 0.00022611
6389 5951 0.00022611
6405 5951 0.00022611
3135 5952 0.0019597
5948 5952 0.0019597
5953 5952 0.0019597
5952 5953 0.098326
6378 5953 0.098326
6379 5953 0.098326
3113 6105 0.0010607
3116 6105 0.0010607
6106 6105 0.0010607
3129 6106 0.00026396
3132 6106 0.00026396
6105 6106 0.00026396
6108 6106 0.00026396
3129 6107 0.0003288
3132 6107 0.0003288
6105 6107 0.0003288
6108 6107 0.0003288
6107 6108 0.00095898
6110 6108 0.00095898
6114 6108 0.00095898
6107 6109 0.00035642
6110 6109 0.00035642
6114 6109 0.00035642
3145 6110 0.00097198
3148 6110 0.00097198
3911 6110 0.00097198
6109 6110 0.00097198
3139 6111 0.00058835
3910 6111 0.00058835
6112 6111 0.00058835
6111 6112 0.0010648
6396 6112 0.0010648
6397 6112 0.0010648
6406 6112 0.0010648
6107 6113 0.00020279
6110 6113 0.00020279
6114 6113 0.00020279
3909 6114 0.00021742
6113 6114 0.00021742
6400 6114 0.00021742
6401 6114 0.00021742
3907 6227 0.00026268
4019 6227 0.00026268
6228 6227 0.00026268
6358 6227 0.00026268
548 6228 0.00040902
6226 6228 0.00040902
6227 6228 0.00040902
6230 6228 0.00040902
548 6229 0.00015842
6226 6229 0.00015842
6227 6229 0.00015842
6230 6229 0.00015842
6229 6230 0.00020548
6979 6230 0.00020548
7063 6230 0.00020548
4020 6231 0.0082797
6232 6231 0.0082797
6351 6231 0.0082797
6231 6232 0.0017605
6234 6232 0.0017605
6354 6232 0.0017605
6231 6233 0.010423
6234 6233 0.010423
6354 6233 0.010423
3122 6234 0.0023431
5270 6234 0.0023431
6233 6234 0.0023431
2071 6237 0.00036674
6238 6237 0.00036674
6239 6237 0.00036674
996 6238 0.0010267
3119 6238 0.0010267
4790 6238 0.0010267
6237 6238 0.0010267
4789 6239 0.0002306
6240 6239 0.0002306
6365 6239 0.0002306
2071 6240 0.00010322
6238 6240 0.00010322
6239 6240 0.00010322
950 6351 0.0082859
6352 6351 0.0082859
6353 6351 0.0082859
6356 6351 0.0082859
4020 6352 0.0004665
6232 6352 0.0004665
6351 6352 0.0004665
2354 6353 0.013273
2357 6353 0.013273
948 6354 0.0027144
951 6354 0.0027144
6355 6354 0.0027144
6231 6355 0.0011536
6234 6355 0.0011536
6354 6355 0.0011536
950 6357 0.0039467
6352 6357 0.0039467
6353 6357 0.0039467
6356 6357 0.0039467
995 6358 0.00061033
6359 6358 0.00061033
6360 6358 0.00061033
3907 6359 0.0016688
4019 6359 0.0016688
6228 6359 0.0016688
6358 6359 0.0016688
6357 6360 0.0011788
6361 6360 0.0011788
995 6361 0.0025617
6359 6361 0.0025617
6360 6361 0.0025617
6357 6362 0.0052761
6361 6362 0.0052761
6364 6363 0.00010315
6410 6363 0.00010315
6411 6363 0.00010315
6363 6364 0.0057764
6943 6364 0.0057764
7165 6364 0.0057764
2364 6365 0.00031094
2367 6365 0.00031094
6366 6365 0.00031094
6367 6365 0.00031094
3140 6371 0.00044177
6372 6371 0.00044177
6373 6371 0.00044177
6407 6371 0.00044177
2078 6372 0.029394
2358 6372 0.029394
2361 6372 0.029394
6371 6372 0.029394
3143 6373 0.00068004
3146 6373 0.00068004
6374 6373 0.00068004
6375 6373 0.00068004
3140 6374 0.030454
6372 6374 0.030454
6373 6374 0.030454
6407 6374 0.030454
6376 6375 0.0017828
6377 6375 0.0017828
6417 6375 0.0017828
3143 6376 0.033335
3146 6376 0.033335
6374 6376 0.033335
6375 6376 0.033335
5952 6377 0.0019909
6378 6377 0.0019909
6379 6377 0.0019909
6376 6378 0.053495
6377 6378 0.053495
6417 6378 0.053495
3127 6379 0.048325
3130 6379 0.048325
6380 6379 0.048325
6381 6379 0.048325
5952 6380 0.0034633
6378 6380 0.0034633
6379 6380 0.0034633
3111 6381 0.0075827
3114 6381 0.0075827
6382 6381 0.0075827
6383 6381 0.0075827
3127 6382 0.00073591
3130 6382 0.00073591
6380 6382 0.00073591
6381 6382 0.00073591
6111 6395 0.00040629
6396 6395 0.00040629
6397 6395 0.00040629
6406 6395 0.00040629
2362 6396 0.0013062
2365 6396 0.0013062
6395 6396 0.0013062
3147 6397 0.0004555
5951 6397 0.0004555
6398 6397 0.0004555
6399 6397 0.0004555
6111 6398 0.00093261
6396 6398 0.00093261
6397 6398 0.00093261
6406 6398 0.00093261
3909 6399 0.00021241
6113 6399 0.00021241
6400 6399 0.00021241
6401 6399 0.00021241
3147 6400 0.00040401
5951 6400 0.00040401
6398 6400 0.00040401
6399 6400 0.00040401
3131 6401 0.00014507
3134 6401 0.00014507
6402 6401 0.00014507
6403 6401 0.00014507
3909 6402 0.0003058
6113 6402 0.0003058
6400 6402 0.0003058
6401 6402 0.0003058
3115 6403 0.00023631
5959 6403 0.00023631
6404 6403 0.00023631
6111 6405 0.00017565
6396 6405 0.00017565
6397 6405 0.00017565
6406 6405 0.00017565
5950 6406 0.00022931
6389 6406 0.00022931
6405 6406 0.00022931
4788 6407 0.0027595
6408 6407 0.0027595
6409 6407 0.0027595
3140 6408 0.0021468
6372 6408 0.0021468
6373 6408 0.0021468
6407 6408 0.0021468
6364 6409 0.0038148
6410 6409 0.0038148
6411 6409 0.0038148
4788 6410 0.0011962
6408 6410 0.0011962
6409 6410 0.0011962
5834 6411 0.00032079
6412 6411 0.00032079
6413 6411 0.00032079
6364 6412 0.0033755
6410 6412 0.0033755
6411 6412 0.0033755
3142 6413 0.00032079
6414 6413 0.00032079
6415 6413 0.00032079
5834 6414 0.0033755
6412 6414 0.0033755
6413 6414 0.0033755
6416 6415 0.002458
6418 6415 0.002458
6419 6415 0.002458
3142 6416 0.0056655
6414 6416 0.0056655
6415 6416 0.0056655
6416 6417 0.02393
6418 6417 0.02393
6419 6417 0.02393
6376 6418 0.0039779
6377 6418 0.0039779
6417 6418 0.0039779
3304 6419 0.025408
6420 6419 0.025408
6421 6419 0.025408
6416 6420 0.0086633
6418 6420 0.0086633
6419 6420 0.0086633
3138 6421 0.55831
5832 6421 0.55831
6422 6421 0.55831
3304 6422 0.0020276
6420 6422 0.0020276
6421 6422 0.0020276
6939 6938 0.00098281
7067 6938 0.00098281
7163 6938 0.00098281
7164 6938 0.00098281
6938 6939 0.00079476
6941 6939 0.00079476
6949 6939 0.00079476
6938 6940 0.00030174
6941 6940 0.00030174
6949 6940 0.00030174
6940 6941 0.00092553
6942 6941 0.00092553
6945 6941 0.00092553
6947 6941 0.00092553
6363 6942 0.00092553
6943 6942 0.00092553
7165 6942 0.00092553
6940 6943 0.00030174
6942 6943 0.00030174
6945 6943 0.00030174
6947 6943 0.00030174
6938 6948 0.0011379
6941 6948 0.0011379
6949 6948 0.0011379
6948 6949 0.00032606
6950 6949 0.00032606
6953 6949 0.00032606
6948 6952 0.0011379
6950 6952 0.0011379
6953 6952 0.0011379
6952 6953 0.00032606
7161 6953 0.00032606
7162 6953 0.00032606
5824 6963 0.00034847
6964 6963 0.00034847
7100 6963 0.00034847
5822 6964 0.00020566
6963 6964 0.00020566
7102 6964 0.00020566
7104 6964 0.00020566
3335 6968 0.00012062
5823 6968 0.00012062
5831 6968 0.00012062
6967 6968 0.00012062
6971 6973 0.00012308
6974 6973 0.00012308
7064 6973 0.00012308
6973 6975 0.00012272
6976 6975 0.00012272
6978 6975 0.00012272
3320 6978 0.00010358
6977 6978 0.00010358
7096 6978 0.00010358
6980 6979 0.00018929
7065 6979 0.00018929
7098 6979 0.00018929
6229 7064 0.00011801
6979 7064 0.00011801
7063 7064 0.00011801
6969 7065 0.00010815
6972 7065 0.00010815
6975 7065 0.00010815
7066 7065 0.00010815
547 7093 0.0001304
2073 7093 0.0001304
7094 7093 0.0001304
3319 7096 0.0001313
5985 7096 0.0001313
7093 7096 0.0001313
7095 7096 0.0001313
6980 7097 0.00010498
7065 7097 0.00010498
7098 7097 0.00010498
3321 7098 0.00014293
3322 7098 0.00014293
7097 7098 0.00014293
5824 7099 0.00015069
6964 7099 0.00015069
7100 7099 0.00015069
3325 7100 0.00057185
3326 7100 0.00057185
7099 7100 0.00057185
6965 7102 0.00012062
6968 7102 0.00012062
7101 7102 0.00012062
5822 7103 0.00052942
6963 7103 0.00052942
7102 7103 0.00052942
7104 7103 0.00052942
3323 7104 0.0001445
3324 7104 0.0001445
7103 7104 0.0001445
6952 7160 0.00066789
7161 7160 0.00066789
7162 7160 0.00066789
2356 7161 0.0063412
2359 7161 0.0063412
6362 7161 0.0063412
7160 7161 0.0063412
6939 7162 0.00026017
7067 7162 0.00026017
7163 7162 0.00026017
7164 7162 0.00026017
6952 7163 0.0067453
7161 7163 0.0067453
7162 7163 0.0067453
6363 7164 0.00011481
6943 7164 0.00011481
7165 7164 0.00011481
6939 7165 0.0064119
7067 7165 0.0064119
7163 7165 0.0064119
7164 7165 0.0064119
