2279 431 0.00012556
5674 431 0.00012556
7273 431 0.00012556
6878 434 0.0062559
548 547 0.017308
6226 547 0.017308
6227 547 0.017308
6230 547 0.017308
547 548 0.084107
2073 548 0.084107
7094 548 0.084107
568 567 0.00028074
4174 567 0.00028074
6435 567 0.00028074
942 943 0.013951
945 943 0.013951
5898 943 0.013951
7252 943 0.013951
942 944 0.0041526
945 944 0.0041526
5898 944 0.0041526
7252 944 0.0041526
944 945 0.12415
947 945 0.12415
4210 945 0.12415
946 947 0.18285
6707 947 0.18285
948 950 0.0027539
951 950 0.0027539
6355 950 0.0027539
950 951 0.0021237
6352 951 0.0021237
6353 951 0.0021237
6356 951 0.0021237
995 994 0.069565
6359 994 0.069565
6360 994 0.069565
994 995 0.031229
997 995 0.031229
2076 995 0.031229
2077 995 0.031229
994 996 0.060597
997 996 0.060597
2076 996 0.060597
2077 996 0.060597
996 997 0.070761
3119 997 0.070761
4790 997 0.070761
6237 997 0.070761
1466 1117 0.01183
2325 1117 0.01183
434 1126 0.006258
5089 1126 0.006258
1227 1226 0.0094297
7040 1226 0.0094297
7075 1226 0.0094297
7079 1226 0.0094297
1226 1227 0.02042
1536 1227 0.02042
4200 1227 0.02042
1233 1232 0.0093887
5580 1232 0.0093887
5582 1232 0.0093887
567 1466 0.00030913
1467 1466 0.00030913
1117 1468 0.0094134
2345 1468 0.0094134
1528 1530 0.001475
1531 1530 0.001475
3303 1530 0.001475
1226 1537 0.022234
1536 1537 0.022234
4200 1537 0.022234
1654 1653 0.0047169
2340 1653 0.0047169
2343 1653 0.0047169
1653 1654 0.015285
7054 1654 0.015285
7076 1654 0.015285
1656 1655 0.020893
5746 1655 0.020893
5748 1655 0.020893
1655 1656 0.00012092
5745 1656 0.00012092
5901 1656 0.00012092
5904 1656 0.00012092
1657 1658 0.013951
4219 1658 0.013951
4817 1658 0.013951
2072 2071 0.065946
2074 2071 0.065946
2075 2071 0.065946
3906 2071 0.065946
2071 2072 0.042717
6238 2072 0.042717
6239 2072 0.042717
2072 2073 0.0068135
2074 2073 0.0068135
2075 2073 0.0068135
3906 2073 0.0068135
547 2074 0.6997
2073 2074 0.6997
7094 2074 0.6997
994 2075 0.0088917
997 2075 0.0088917
2076 2075 0.0088917
2077 2075 0.0088917
2072 2076 0.64855
2074 2076 0.64855
2075 2076 0.64855
3906 2076 0.64855
2078 2077 0.0057928
2358 2077 0.0057928
2361 2077 0.0057928
6371 2077 0.0057928
994 2078 0.69395
997 2078 0.69395
2076 2078 0.69395
2077 2078 0.69395
1126 2279 0.00099693
2324 2325 0.01153
7131 2325 0.01153
2327 2326 0.0033517
4708 2326 0.0033517
5968 2326 0.0033517
2326 2327 0.011165
7259 2327 0.011165
2329 2328 0.00023423
5896 2328 0.00023423
7254 2328 0.00023423
7258 2328 0.00023423
2328 2329 0.56663
7257 2329 0.56663
2331 2330 0.00038042
4196 2330 0.00038042
5971 2330 0.00038042
7256 2330 0.00038042
2330 2331 0.5728
2333 2331 0.5728
5975 2331 0.5728
2330 2332 0.0010514
2333 2332 0.0010514
5975 2332 0.0010514
2332 2333 0.57073
2335 2333 0.57073
4216 2333 0.57073
2332 2334 0.00032752
2335 2334 0.00032752
4216 2334 0.00032752
2334 2335 0.67264
2337 2335 0.67264
5977 2335 0.67264
7152 2335 0.67264
2336 2337 0.7735
2339 2337 0.7735
4709 2337 0.7735
2336 2338 0.00016689
2339 2338 0.00016689
4709 2338 0.00016689
2338 2339 0.75413
2341 2339 0.75413
4198 2339 0.75413
2338 2340 0.0054139
2341 2340 0.0054139
4198 2340 0.0054139
1654 2341 0.01528
2340 2341 0.01528
2343 2341 0.01528
1654 2342 0.00071179
2340 2342 0.00071179
2343 2342 0.00071179
1117 2344 0.0025616
2345 2344 0.0025616
2344 2345 0.00014473
2347 2345 0.00014473
5906 2345 0.00014473
2344 2346 0.0025909
2347 2346 0.0025909
5906 2346 0.0025909
2349 2348 0.0043859
5903 2348 0.0043859
5986 2348 0.0043859
7105 2348 0.0043859
2348 2349 0.11468
5239 2349 0.11468
5739 2349 0.11468
2351 2350 0.031695
4656 2350 0.031695
7014 2350 0.031695
7087 2350 0.031695
2350 2351 0.00059404
5671 2351 0.00059404
5836 2351 0.00059404
2353 2352 0.00015058
3337 2352 0.00015058
2352 2353 0.00023435
2355 2353 0.00023435
5269 2353 0.00023435
2352 2354 0.0022073
2355 2354 0.0022073
5269 2354 0.0022073
2354 2355 0.069664
2357 2355 0.069664
2354 2356 0.0015747
2357 2356 0.0015747
2356 2357 0.070955
2359 2357 0.070955
6362 2357 0.070955
7160 2357 0.070955
2356 2358 0.055261
2359 2358 0.055261
6362 2358 0.055261
7160 2358 0.055261
2078 2359 0.049539
2358 2359 0.049539
2361 2359 0.049539
6371 2359 0.049539
2078 2360 0.053686
2358 2360 0.053686
2361 2360 0.053686
6371 2360 0.053686
2360 2361 0.078663
2363 2361 0.078663
3120 2361 0.078663
2360 2362 0.02883
2363 2362 0.02883
3120 2362 0.02883
2362 2363 0.036948
2365 2363 0.036948
6395 2363 0.036948
2362 2364 0.0065629
2365 2364 0.0065629
6395 2364 0.0065629
2364 2365 0.051146
2367 2365 0.051146
6366 2365 0.051146
6367 2365 0.051146
2364 2366 0.00048406
2367 2366 0.00048406
6366 2366 0.00048406
6367 2366 0.00048406
2366 2367 0.058434
7006 2367 0.058434
7086 2367 0.058434
2752 2753 0.0093891
7251 2753 0.0093891
1530 2849 0.0014654
1533 2849 0.0014654
2850 2849 0.0014654
3107 3109 0.003997
3110 3109 0.003997
3309 3109 0.003997
3310 3109 0.003997
3109 3110 0.00069495
3112 3110 0.00069495
3313 3110 0.00069495
3314 3110 0.00069495
3109 3111 0.0047665
3112 3111 0.0047665
3313 3111 0.0047665
3314 3111 0.0047665
3111 3112 0.0022779
3114 3112 0.0022779
6382 3112 0.0022779
6383 3112 0.0022779
3111 3113 0.0041471
3114 3113 0.0041471
6382 3113 0.0041471
6383 3113 0.0041471
3113 3114 0.0040475
3116 3114 0.0040475
6106 3114 0.0040475
3113 3115 0.0019115
3116 3115 0.0019115
6106 3115 0.0019115
3115 3116 0.0020114
5959 3116 0.0020114
6404 3116 0.0020114
3118 3117 0.00038378
6390 3117 0.00038378
6391 3117 0.00038378
3117 3118 0.0075079
5957 3118 0.0075079
6368 3118 0.0075079
6369 3118 0.0075079
2360 3119 0.041221
2363 3119 0.041221
3120 3119 0.041221
996 3120 0.05808
3119 3120 0.05808
4790 3120 0.05808
6237 3120 0.05808
3122 3121 0.00047494
5270 3121 0.00047494
6233 3121 0.00047494
3121 3122 0.00018676
3328 3122 0.00018676
3329 3122 0.00018676
3124 3123 0.080248
3307 3123 0.080248
3308 3123 0.080248
3637 3123 0.080248
3123 3124 0.0031068
3126 3124 0.0031068
3312 3124 0.0031068
3123 3125 0.083127
3126 3125 0.083127
3312 3125 0.083127
3125 3126 0.0051731
3128 3126 0.0051731
5949 3126 0.0051731
3125 3127 0.020928
3128 3127 0.020928
5949 3127 0.020928
3127 3128 0.055752
3130 3128 0.055752
6380 3128 0.055752
6381 3128 0.055752
3127 3129 0.0018793
3130 3129 0.0018793
6380 3129 0.0018793
6381 3129 0.0018793
3129 3130 0.046235
3132 3130 0.046235
6105 3130 0.046235
6108 3130 0.046235
3129 3131 0.0013418
3132 3131 0.0013418
6105 3131 0.0013418
6108 3131 0.0013418
3131 3132 0.026468
3134 3132 0.026468
6402 3132 0.026468
6403 3132 0.026468
3131 3133 0.00077943
3134 3133 0.00077943
6402 3133 0.00077943
6403 3133 0.00077943
3133 3134 0.0191
5955 3134 0.0191
6394 3134 0.0191
3136 3135 0.20747
3305 3135 0.20747
3306 3135 0.20747
3135 3136 0.0093701
5948 3136 0.0093701
5953 3136 0.0093701
3138 3137 0.0015314
5832 3137 0.0015314
6422 3137 0.0015314
3137 3138 0.00053919
3302 3138 0.00053919
3338 3138 0.00053919
3140 3139 0.039138
6372 3139 0.039138
6373 3139 0.039138
6407 3139 0.039138
3139 3140 0.043928
3910 3140 0.043928
6112 3140 0.043928
3142 3141 0.0046766
6414 3141 0.0046766
6415 3141 0.0046766
3141 3142 0.032028
3144 3142 0.032028
4787 3142 0.032028
3141 3143 0.026266
3144 3143 0.026266
4787 3143 0.026266
3143 3144 0.023558
3146 3144 0.023558
6374 3144 0.023558
6375 3144 0.023558
3143 3145 0.037886
3146 3145 0.037886
6374 3145 0.037886
6375 3145 0.037886
3145 3146 0.049613
3148 3146 0.049613
3911 3146 0.049613
6109 3146 0.049613
3145 3147 0.011469
3148 3147 0.011469
3911 3147 0.011469
6109 3147 0.011469
3147 3148 0.027204
5951 3148 0.027204
6398 3148 0.027204
6399 3148 0.027204
3137 3303 0.001475
3302 3303 0.001475
3338 3303 0.001475
3136 3304 0.00060648
3305 3304 0.00060648
3306 3304 0.00060648
3304 3305 0.19533
6420 3305 0.19533
6421 3305 0.19533
3124 3306 0.029241
3307 3306 0.029241
3308 3306 0.029241
3637 3306 0.029241
3136 3307 0.025865
3305 3307 0.025865
3306 3307 0.025865
3107 3308 0.00069495
3110 3308 0.00069495
3309 3308 0.00069495
3310 3308 0.00069495
3124 3309 0.003997
3307 3309 0.003997
3308 3309 0.003997
3637 3309 0.003997
3109 3312 0.0041466
3112 3312 0.0041466
3313 3312 0.0041466
3314 3312 0.0041466
3123 3313 0.0033331
3126 3313 0.0033331
3312 3313 0.0033331
3317 3316 0.023382
5238 3316 0.023382
7089 3316 0.023382
3316 3317 0.0025344
7005 3317 0.0025344
7008 3317 0.0025344
7088 3317 0.0025344
3319 3318 0.02601
5985 3318 0.02601
7093 3318 0.02601
7095 3318 0.02601
3318 3319 0.063526
6983 3319 0.063526
7092 3319 0.063526
3321 3320 0.0016452
3322 3320 0.0016452
7097 3320 0.0016452
3320 3321 0.098599
6977 3321 0.098599
7096 3321 0.098599
3323 3322 0.00092688
3324 3322 0.00092688
7103 3322 0.00092688
3321 3323 0.070018
3322 3323 0.070018
7097 3323 0.070018
3325 3324 0.0003416
3326 3324 0.0003416
7099 3324 0.0003416
3323 3325 0.078851
3324 3325 0.078851
7103 3325 0.078851
2753 3326 0.00025252
3327 3326 0.00025252
5237 3326 0.00025252
3325 3327 0.068845
3326 3327 0.068845
7099 3327 0.068845
2353 3328 0.00025147
3337 3328 0.00025147
3332 3331 0.0006347
3334 3331 0.0006347
3331 3332 0.0015499
5827 3332 0.0015499
5829 3332 0.0015499
3332 3333 0.0015499
3334 3333 0.0015499
3333 3334 0.0006347
3336 3334 0.0006347
6225 3334 0.0006347
3333 3335 0.0056472
3336 3335 0.0056472
6225 3335 0.0056472
3335 3336 0.0052307
5823 3336 0.0052307
5831 3336 0.0052307
6967 3336 0.0052307
3137 3337 0.0001677
3302 3337 0.0001677
3338 3337 0.0001677
3343 3338 0.00063905
3639 3338 0.00063905
3962 3338 0.00063905
600 3343 0.0014912
2849 3343 0.0014912
3344 3343 0.0014912
3345 3343 0.0014912
3638 3637 0.083862
3640 3637 0.083862
5268 3637 0.083862
3638 3639 0.00032056
3640 3639 0.00032056
5268 3639 0.00032056
3343 3640 0.0028228
3639 3640 0.0028228
3962 3640 0.0028228
4199 3791 0.22279
5395 3791 0.22279
5396 3792 0.22391
5397 3792 0.22391
3791 3793 0.075406
3793 3794 0.0062505
5993 3794 0.0062505
7115 3794 0.0062505
3790 3795 0.0073749
3794 3795 0.0073749
7083 3795 0.0073749
3907 3906 0.043557
4019 3906 0.043557
6228 3906 0.043557
6358 3906 0.043557
2072 3907 0.07356
2074 3907 0.07356
2075 3907 0.07356
3906 3907 0.07356
3909 3908 0.0019688
6113 3908 0.0019688
6400 3908 0.0019688
6401 3908 0.0019688
3908 3909 0.0034123
6392 3909 0.0034123
6393 3909 0.0034123
3145 3910 0.024385
3148 3910 0.024385
3911 3910 0.024385
6109 3910 0.024385
3139 3911 0.037501
3910 3911 0.037501
6112 3911 0.037501
4685 3962 0.001677
5086 3962 0.001677
6876 3963 0.0016396
1129 3964 0.00026755
3963 3964 0.00026755
4020 4019 0.0007831
6232 4019 0.0007831
6351 4019 0.0007831
3907 4020 0.044003
4019 4020 0.044003
6228 4020 0.044003
6358 4020 0.044003
4163 4162 0.0029399
4164 4162 0.0029399
5889 4162 0.0029399
5892 4162 0.0029399
4162 4163 0.00085253
4171 4163 0.00085253
5793 4163 0.00085253
4165 4164 0.024049
4166 4164 0.024049
5929 4164 0.024049
5972 4164 0.024049
4163 4165 0.00047397
4164 4165 0.00047397
5889 4165 0.00047397
5892 4165 0.00047397
4167 4166 0.016158
4168 4166 0.016158
5923 4166 0.016158
5926 4166 0.016158
4165 4167 0.00091313
4166 4167 0.00091313
5929 4167 0.00091313
5972 4167 0.00091313
4169 4168 0.0050519
4193 4168 0.0050519
4194 4168 0.0050519
4167 4169 0.00024186
4168 4169 0.00024186
5923 4169 0.00024186
5926 4169 0.00024186
4162 4170 0.0032368
4171 4170 0.0032368
5793 4170 0.0032368
4170 4171 0.0001671
4173 4171 0.0001671
5933 4171 0.0001671
4170 4172 0.00048731
4173 4172 0.00048731
5933 4172 0.00048731
4175 4174 0.00025584
4176 4174 0.00025584
5784 4174 0.00025584
5785 4174 0.00025584
4177 4176 0.00028505
4178 4176 0.00028505
5970 4176 0.00028505
4179 4178 0.00021614
4180 4178 0.00021614
4181 4180 0.00089228
4182 4180 0.00089228
5885 4180 0.00089228
5888 4180 0.00089228
4183 4182 0.0034042
4184 4182 0.0034042
5928 4182 0.0034042
4185 4184 0.0034642
4186 4184 0.0034642
5922 4184 0.0034642
4187 4186 0.0030466
4188 4186 0.0030466
4195 4186 0.0030466
4189 4188 0.0030266
4190 4188 0.0030266
5918 4188 0.0030266
4191 4190 0.0026635
4666 4190 0.0026635
6469 4190 0.0026635
4169 4192 0.00016716
4193 4192 0.00016716
4194 4192 0.00016716
4192 4193 0.0049826
5919 4193 0.0049826
5980 4193 0.0049826
4187 4194 0.00051284
4188 4194 0.00051284
4195 4194 0.00051284
4169 4195 0.00051816
4193 4195 0.00051816
4194 4195 0.00051816
5771 4198 1
5881 4198 1
7116 4199 0.22272
2338 4200 0.25595
2341 4200 0.25595
4198 4200 0.25595
4204 4205 0.015254
4206 4205 0.015254
4207 4205 0.015254
4211 4205 0.015254
4205 4206 0.0021
5741 4206 0.0021
5742 4206 0.0021
4201 4207 0.02086
4208 4207 0.02086
4209 4207 0.02086
5909 4207 0.02086
4204 4208 0.0016343
4206 4208 0.0016343
4207 4208 0.0016343
4211 4208 0.0016343
944 4209 0.064252
947 4209 0.064252
4210 4209 0.064252
4201 4210 0.0014555
4208 4210 0.0014555
4209 4210 0.0014555
5909 4210 0.0014555
4212 4211 0.00051294
4214 4211 0.00051294
4204 4212 0.0065848
4206 4212 0.0065848
4207 4212 0.0065848
4211 4212 0.0065848
4212 4213 0.0065848
4214 4213 0.0065848
4213 4214 0.00051294
5743 4214 0.00051294
5744 4214 0.00051294
2332 4215 0.10345
2335 4215 0.10345
4216 4215 0.10345
4215 4216 0.0008175
6725 4216 0.0008175
4218 4217 0.0013166
6706 4217 0.0013166
6724 4217 0.0013166
4217 4218 0.081478
6727 4218 0.081478
4220 4219 0.013951
4222 4219 0.013951
943 4222 0.013951
4221 4222 0.013951
4815 4222 0.013951
4224 4223 0.00070804
4225 4223 0.00070804
6894 4223 0.00070804
4227 4228 0.00071016
5937 4228 0.00071016
7073 4228 0.00071016
4657 4656 0.047264
5663 4656 0.047264
5665 4656 0.047264
6736 4658 0.053521
2327 4707 0.010845
4708 4707 0.010845
5968 4707 0.010845
3189 4708 0.0007237
4707 4708 0.0007237
5981 4708 0.0007237
7130 4708 0.0007237
1537 4709 0.022238
4710 4709 0.022238
4788 4787 0.031982
6408 4787 0.031982
6409 4787 0.031982
3141 4788 0.0019228
3144 4788 0.0019228
4787 4788 0.0019228
996 4789 0.01236
3119 4789 0.01236
4790 4789 0.01236
6237 4789 0.01236
4789 4790 0.019107
6240 4790 0.019107
6365 4790 0.019107
4659 5064 0.17044
5065 5064 0.17044
3792 5065 0.17039
5087 5086 0.0016804
5271 5086 0.0016804
1129 5087 0.0014129
3963 5087 0.0014129
7272 5088 0.0010001
7274 5088 0.0010001
1128 5091 0.0046289
5092 5091 0.0046289
5093 5092 0.0046215
5088 5093 0.0062611
5094 5093 0.0062611
1126 5094 0.005261
3121 5237 0.00053965
3328 5237 0.00053965
3329 5237 0.00053965
2348 5238 0.061268
5239 5238 0.061268
5739 5238 0.061268
3317 5239 0.0029049
5238 5239 0.0029049
7089 5239 0.0029049
5064 5241 0.17037
5240 5241 0.17037
3138 5268 0.081361
5832 5268 0.081361
6422 5268 0.081361
3122 5269 0.11816
5270 5269 0.11816
6233 5269 0.11816
2753 5270 0.078521
3327 5270 0.078521
5237 5270 0.078521
3964 5271 0.00026755
6738 5271 0.00026755
3791 5396 0.14738
3793 5397 0.076531
5993 5397 0.076531
7115 5397 0.076531
3898 5580 0.0093796
5581 5580 0.0093796
5935 5580 0.0093796
5666 5662 0.00025118
5667 5662 0.00025118
4658 5663 0.047517
4658 5664 0.0060047
4657 5666 0.00026788
5663 5666 0.00026788
5665 5666 0.00026788
2350 5670 0.031719
5671 5670 0.031719
5836 5670 0.031719
5670 5671 0.00059814
6385 5671 0.00059814
7085 5671 0.00059814
2348 5738 0.00026824
5239 5738 0.00026824
5739 5738 0.00026824
5241 5739 0.16892
5738 5739 0.16892
7218 5739 0.16892
4205 5740 0.0014491
5741 5740 0.0014491
5742 5740 0.0014491
5740 5741 0.0031675
7219 5741 0.0031675
4213 5742 0.0023462
5743 5742 0.0023462
5744 5742 0.0023462
4205 5743 0.017219
5741 5743 0.017219
5742 5743 0.017219
1655 5744 0.0025521
5745 5744 0.0025521
5901 5744 0.0025521
5904 5744 0.0025521
4213 5745 0.023496
5743 5745 0.023496
5744 5745 0.023496
1658 5746 0.020893
5747 5746 0.020893
5907 5746 0.020893
5984 5746 0.020893
1656 5747 0.00012092
5746 5747 0.00012092
5748 5747 0.00012092
5783 5787 0.00040142
5788 5787 0.00040142
5796 5787 0.00040142
5790 5789 0.0012943
5791 5789 0.0012943
5932 5789 0.0012943
5969 5789 0.0012943
5789 5790 0.00022368
5911 5790 0.00022368
5913 5790 0.00022368
5982 5790 0.00022368
5792 5791 0.0024391
5891 5791 0.0024391
5894 5791 0.0024391
5790 5792 0.0017307
5791 5792 0.0017307
5932 5792 0.0017307
5969 5792 0.0017307
5794 5793 0.00098228
5931 5793 0.00098228
5795 5794 0.0005778
5887 5794 0.0005778
5890 5794 0.0005778
5794 5795 0.00028599
5931 5795 0.00028599
4172 5796 0.00040995
5797 5796 0.00040995
5783 5797 0.00010275
5788 5797 0.00010275
5796 5797 0.00010275
3335 5822 0.014061
5823 5822 0.014061
5831 5822 0.014061
6967 5822 0.014061
5822 5823 0.0094702
6963 5823 0.0094702
7102 5823 0.0094702
7104 5823 0.0094702
5825 5824 0.0031017
5826 5824 0.0031017
5830 5824 0.0031017
5824 5825 0.013191
6964 5825 0.013191
7100 5825 0.013191
3331 5826 0.0006347
5827 5826 0.0006347
5829 5826 0.0006347
5825 5827 0.0015499
5826 5827 0.0015499
5830 5827 0.0015499
3335 5830 0.00352
5823 5830 0.00352
5831 5830 0.00352
6967 5830 0.00352
5825 5831 0.012694
5826 5831 0.012694
5830 5831 0.012694
2352 5832 0.18553
2355 5832 0.18553
5269 5832 0.18553
5091 5837 0.0045742
5838 5837 0.0045742
5879 5881 1
5882 5881 1
4181 5887 0.0027743
4182 5887 0.0027743
5885 5887 0.0027743
5888 5887 0.0027743
5795 5888 0.00028961
5887 5888 0.00028961
5890 5888 0.00028961
5795 5889 0.0029098
5887 5889 0.0029098
5890 5889 0.0029098
4163 5890 0.00071698
4164 5890 0.00071698
5889 5890 0.00071698
5892 5890 0.00071698
4163 5891 0.02452
4164 5891 0.02452
5889 5891 0.02452
5892 5891 0.02452
5792 5892 0.00083991
5891 5892 0.00083991
5894 5892 0.00083991
5792 5893 0.025064
5891 5893 0.025064
5894 5893 0.025064
5893 5894 0.0020918
7255 5894 0.0020918
2329 5895 0.58162
5896 5895 0.58162
7254 5895 0.58162
7258 5895 0.58162
942 5897 0.68785
945 5897 0.68785
5898 5897 0.68785
7252 5897 0.68785
5897 5898 0.00015524
5900 5898 0.00015524
5983 5898 0.00015524
5897 5899 0.6803
5900 5899 0.6803
5983 5899 0.6803
5899 5900 0.00056228
5902 5900 0.00056228
5910 5900 0.00056228
5899 5901 0.72351
5902 5901 0.72351
5910 5901 0.72351
1655 5902 0.00021001
5745 5902 0.00021001
5901 5902 0.00021001
5904 5902 0.00021001
1655 5903 0.76506
5745 5903 0.76506
5901 5903 0.76506
5904 5903 0.76506
2344 5905 0.00048347
2347 5905 0.00048347
5906 5905 0.00048347
5905 5906 0.00064153
6955 5906 0.00064153
7110 5906 0.00064153
719 5907 0.00025009
5908 5907 0.00025009
7109 5907 0.00025009
1658 5908 0.0013001
5747 5908 0.0013001
5907 5908 0.0013001
5984 5908 0.0013001
5899 5909 0.0026844
5902 5909 0.0026844
5910 5909 0.0026844
4201 5910 0.046255
4208 5910 0.046255
4209 5910 0.046255
5909 5910 0.046255
5787 5913 0.00040142
5914 5913 0.00040142
5915 5913 0.00040142
4189 5917 0.00061558
4190 5917 0.00061558
5918 5917 0.00061558
5917 5918 0.00097942
5920 5918 0.00097942
5978 5918 0.00097942
5917 5919 0.020848
5920 5919 0.020848
5978 5919 0.020848
4192 5920 0.00020798
5919 5920 0.00020798
5980 5920 0.00020798
4185 5921 0.0011223
4186 5921 0.0011223
5922 5921 0.0011223
5921 5922 0.0015149
5924 5922 0.0015149
5973 5922 0.0015149
5921 5923 0.00098192
5924 5923 0.00098192
5973 5923 0.00098192
4167 5924 0.0036262
4168 5924 0.0036262
5923 5924 0.0036262
5926 5924 0.0036262
4167 5925 0.0015151
4168 5925 0.0015151
5923 5925 0.0015151
5926 5925 0.0015151
5925 5926 0.014594
5976 5926 0.014594
5979 5926 0.014594
4183 5927 0.0015166
4184 5927 0.0015166
5928 5927 0.0015166
5927 5928 0.00146
5930 5928 0.00146
5974 5928 0.00146
5927 5929 0.0036723
5930 5929 0.0036723
5974 5929 0.0036723
4165 5930 0.001364
4166 5930 0.001364
5929 5930 0.001364
5972 5930 0.001364
4179 5931 0.00069047
4180 5931 0.00069047
4170 5932 0.0029037
4173 5932 0.0029037
5933 5932 0.0029037
5790 5933 0.00023395
5791 5933 0.00023395
5932 5933 0.00023395
5969 5933 0.00023395
1468 5935 0.0093849
5934 5935 0.0093849
3125 5948 0.12491
3128 5948 0.12491
5949 5948 0.12491
3135 5949 0.012135
5948 5949 0.012135
5953 5949 0.012135
3147 5950 0.0056521
5951 5950 0.0056521
6398 5950 0.0056521
6399 5950 0.0056521
5950 5951 0.0090764
6389 5951 0.0090764
6405 5951 0.0090764
3135 5952 0.00067985
5948 5952 0.00067985
5953 5952 0.00067985
5952 5953 0.6898
6378 5953 0.6898
6379 5953 0.6898
3133 5954 0.00022682
5955 5954 0.00022682
6394 5954 0.00022682
5954 5955 0.01741
6370 5955 0.01741
6388 5955 0.01741
7111 5955 0.01741
3117 5956 0.0014717
5957 5956 0.0014717
6368 5956 0.0014717
6369 5956 0.0014717
5956 5957 0.0050558
6386 5957 0.0050558
6387 5957 0.0050558
5790 5968 0.0032643
5791 5968 0.0032643
5932 5968 0.0032643
5969 5968 0.0032643
2327 5969 0.00095673
4708 5969 0.00095673
5968 5969 0.00095673
4165 5971 0.0064088
4166 5971 0.0064088
5929 5971 0.0064088
5972 5971 0.0064088
2331 5972 0.012431
4196 5972 0.012431
5971 5972 0.012431
7256 5972 0.012431
5927 5973 0.00045141
5930 5973 0.00045141
5974 5973 0.00045141
5921 5974 0.0027031
5924 5974 0.0027031
5973 5974 0.0027031
5925 5975 0.014907
5976 5975 0.014907
5979 5975 0.014907
2330 5976 0.012162
2333 5976 0.012162
5975 5976 0.012162
5917 5977 0.00064451
5920 5977 0.00064451
5978 5977 0.00064451
2334 5978 0.021648
2337 5978 0.021648
5977 5978 0.021648
7152 5978 0.021648
4192 5979 0.017086
5919 5979 0.017086
5980 5979 0.017086
5925 5980 0.0012613
5976 5980 0.0012613
5979 5980 0.0012613
5789 5981 0.0015431
5911 5981 0.0015431
5913 5981 0.0015431
5982 5981 0.0015431
3189 5982 0.00014305
4707 5982 0.00014305
5981 5982 0.00014305
7130 5982 0.00014305
1658 5983 0.0055295
5747 5983 0.0055295
5907 5983 0.0055295
5984 5983 0.0055295
5897 5984 0.01349
5900 5984 0.01349
5983 5984 0.01349
2349 5985 0.87881
5903 5985 0.87881
5986 5985 0.87881
7105 5985 0.87881
3113 6105 0.0043048
3116 6105 0.0043048
6106 6105 0.0043048
3129 6106 0.0041054
3132 6106 0.0041054
6105 6106 0.0041054
6108 6106 0.0041054
3129 6107 0.0015466
3132 6107 0.0015466
6105 6107 0.0015466
6108 6107 0.0015466
6107 6108 0.020577
6110 6108 0.020577
6114 6108 0.020577
6107 6109 0.0028363
6110 6109 0.0028363
6114 6109 0.0028363
3145 6110 0.01996
3148 6110 0.01996
3911 6110 0.01996
6109 6110 0.01996
3139 6111 0.011909
3910 6111 0.011909
6112 6111 0.011909
6111 6112 0.029814
6396 6112 0.029814
6397 6112 0.029814
6406 6112 0.029814
6107 6113 0.003738
6110 6113 0.003738
6114 6113 0.003738
3909 6114 0.0056448
6113 6114 0.0056448
6400 6114 0.0056448
6401 6114 0.0056448
548 6225 0.005339
6226 6225 0.005339
6227 6225 0.005339
6230 6225 0.005339
3333 6226 0.0058376
3336 6226 0.0058376
6225 6226 0.0058376
3907 6227 0.001806
4019 6227 0.001806
6228 6227 0.001806
6358 6227 0.001806
548 6228 0.15662
6226 6228 0.15662
6227 6228 0.15662
6230 6228 0.15662
548 6229 0.0054
6226 6229 0.0054
6227 6229 0.0054
6230 6229 0.0054
6229 6230 0.092915
6979 6230 0.092915
7063 6230 0.092915
4020 6231 0.041188
6232 6231 0.041188
6351 6231 0.041188
6231 6232 0.00063239
6234 6232 0.00063239
6354 6232 0.00063239
6231 6233 0.04073
6234 6233 0.04073
6354 6233 0.04073
3122 6234 0.0008055
5270 6234 0.0008055
6233 6234 0.0008055
2071 6237 0.057461
6238 6237 0.057461
6239 6237 0.057461
996 6238 0.037186
3119 6238 0.037186
4790 6238 0.037186
6237 6238 0.037186
4789 6239 0.012407
6240 6239 0.012407
6365 6239 0.012407
2071 6240 0.01536
6238 6240 0.01536
6239 6240 0.01536
950 6351 0.0036052
6352 6351 0.0036052
6353 6351 0.0036052
6356 6351 0.0036052
4020 6352 0.0062695
6232 6352 0.0062695
6351 6352 0.0062695
2354 6353 0.0019234
2357 6353 0.0019234
948 6354 0.0021237
951 6354 0.0021237
6355 6354 0.0021237
6231 6355 0.0027539
6234 6355 0.0027539
6354 6355 0.0027539
6357 6356 0.0022034
6361 6356 0.0022034
950 6357 0.0074213
6352 6357 0.0074213
6353 6357 0.0074213
6356 6357 0.0074213
995 6358 0.0032348
6359 6358 0.0032348
6360 6358 0.0032348
3907 6359 0.14483
4019 6359 0.14483
6228 6359 0.14483
6358 6359 0.14483
6357 6360 0.0022167
6361 6360 0.0022167
995 6361 0.10548
6359 6361 0.10548
6360 6361 0.10548
6357 6362 0.10848
6361 6362 0.10848
6364 6363 0.00077216
6410 6363 0.00077216
6411 6363 0.00077216
6363 6364 0.034149
6943 6364 0.034149
7165 6364 0.034149
2364 6365 0.011973
2367 6365 0.011973
6366 6365 0.011973
6367 6365 0.011973
4789 6366 0.0081791
6240 6366 0.0081791
6365 6366 0.0081791
3117 6367 0.00137
5957 6367 0.00137
6368 6367 0.00137
6369 6367 0.00137
2364 6368 0.010943
2367 6368 0.010943
6366 6368 0.010943
6367 6368 0.010943
5954 6369 0.0012455
6370 6369 0.0012455
6388 6369 0.0012455
7111 6369 0.0012455
3117 6370 0.0072782
5957 6370 0.0072782
6368 6370 0.0072782
6369 6370 0.0072782
3140 6371 0.0025973
6372 6371 0.0025973
6373 6371 0.0025973
6407 6371 0.0025973
2078 6372 0.72145
2358 6372 0.72145
2361 6372 0.72145
6371 6372 0.72145
3143 6373 0.0024336
3146 6373 0.0024336
6374 6373 0.0024336
6375 6373 0.0024336
3140 6374 0.69921
6372 6374 0.69921
6373 6374 0.69921
6407 6374 0.69921
6376 6375 0.0010647
6377 6375 0.0010647
6417 6375 0.0010647
3143 6376 0.71228
3146 6376 0.71228
6374 6376 0.71228
6375 6376 0.71228
5952 6377 0.0011348
6378 6377 0.0011348
6379 6377 0.0011348
6376 6378 0.67833
6377 6378 0.67833
6417 6378 0.67833
3127 6379 0.047649
3130 6379 0.047649
6380 6379 0.047649
6381 6379 0.047649
5952 6380 0.035728
6378 6380 0.035728
6379 6380 0.035728
3111 6381 0.0076067
3114 6381 0.0076067
6382 6381 0.0076067
6383 6381 0.0076067
3127 6382 0.0052176
3130 6382 0.0052176
6380 6382 0.0052176
6381 6382 0.0052176
5956 6385 0.0009218
6386 6385 0.0009218
6387 6385 0.0009218
5670 6386 0.0111
6385 6386 0.0111
7085 6386 0.0111
5954 6387 0.001005
6370 6387 0.001005
6388 6387 0.001005
7111 6387 0.001005
5956 6388 0.0075996
6386 6388 0.0075996
6387 6388 0.0075996
3118 6389 0.0059508
6390 6389 0.0059508
6391 6389 0.0059508
5950 6390 0.001408
6389 6390 0.001408
6405 6390 0.001408
3908 6391 0.0019307
6392 6391 0.0019307
6393 6391 0.0019307
3118 6392 0.0045121
6390 6392 0.0045121
6391 6392 0.0045121
3133 6393 0.0015376
5955 6393 0.0015376
6394 6393 0.0015376
3908 6394 0.0026755
6392 6394 0.0026755
6393 6394 0.0026755
6111 6395 0.0082038
6396 6395 0.0082038
6397 6395 0.0082038
6406 6395 0.0082038
2362 6396 0.044669
2365 6396 0.044669
6395 6396 0.044669
3147 6397 0.0085852
5951 6397 0.0085852
6398 6397 0.0085852
6399 6397 0.0085852
6111 6398 0.028264
6396 6398 0.028264
6397 6398 0.028264
6406 6398 0.028264
3909 6399 0.0038484
6113 6399 0.0038484
6400 6399 0.0038484
6401 6399 0.0038484
3147 6400 0.011216
5951 6400 0.011216
6398 6400 0.011216
6399 6400 0.011216
3131 6401 0.0017737
3134 6401 0.0017737
6402 6401 0.0017737
6403 6401 0.0017737
3909 6402 0.0086784
6113 6402 0.0086784
6400 6402 0.0086784
6401 6402 0.0086784
3115 6403 0.0019115
5959 6403 0.0019115
6404 6403 0.0019115
3131 6404 0.0020114
3134 6404 0.0020114
6402 6404 0.0020114
6403 6404 0.0020114
6111 6405 0.0052304
6396 6405 0.0052304
6397 6405 0.0052304
6406 6405 0.0052304
5950 6406 0.0063489
6389 6406 0.0063489
6405 6406 0.0063489
4788 6407 0.015019
6408 6407 0.015019
6409 6407 0.015019
3140 6408 0.041882
6372 6408 0.041882
6373 6408 0.041882
6407 6408 0.041882
6364 6409 0.02112
6410 6409 0.02112
6411 6409 0.02112
4788 6410 0.017924
6408 6410 0.017924
6409 6410 0.017924
5834 6411 0.00017768
6412 6411 0.00017768
6413 6411 0.00017768
6364 6412 0.030358
6410 6412 0.030358
6411 6412 0.030358
3142 6413 0.00017768
6414 6413 0.00017768
6415 6413 0.00017768
5834 6414 0.030358
6412 6414 0.030358
6413 6414 0.030358
6416 6415 0.00061755
6418 6415 0.00061755
6419 6415 0.00061755
3142 6416 0.058149
6414 6416 0.058149
6415 6416 0.058149
6416 6417 0.014389
6418 6417 0.014389
6419 6417 0.014389
6376 6418 0.048408
6377 6418 0.048408
6417 6418 0.048408
3304 6419 0.0049244
6420 6419 0.0049244
6421 6419 0.0049244
6416 6420 0.096475
6418 6420 0.096475
6419 6420 0.096475
3138 6421 0.10752
5832 6421 0.10752
6422 6421 0.10752
3304 6422 0.0043476
6420 6422 0.0043476
6421 6422 0.0043476
2336 6469 0.0027277
2339 6469 0.0027277
4709 6469 0.0027277
4218 6707 0.18285
6706 6707 0.18285
6724 6707 0.18285
4215 6724 0.10345
6725 6724 0.10345
4218 6725 0.0008175
6706 6725 0.0008175
6724 6725 0.0008175
4217 6726 0.0013166
6727 6726 0.0013166
6726 6727 0.081478
7153 6727 0.081478
6879 6736 0.053521
5093 6875 0.0016396
6875 6876 0.0016396
5662 6878 0.0062559
5664 6878 0.0062559
3792 6879 0.053521
4228 6894 0.00070804
4229 6894 0.00070804
6893 6894 0.00070804
4223 6895 0.00073093
6896 6895 0.00073093
7081 6895 0.00073093
6939 6938 0.005819
7067 6938 0.005819
7163 6938 0.005819
7164 6938 0.005819
6938 6939 0.0047166
6941 6939 0.0047166
6949 6939 0.0047166
6938 6940 0.0017852
6941 6940 0.0017852
6949 6940 0.0017852
6940 6941 0.0054991
6942 6941 0.0054991
6945 6941 0.0054991
6947 6941 0.0054991
6363 6942 0.0054991
6943 6942 0.0054991
7165 6942 0.0054991
6940 6943 0.0017852
6942 6943 0.0017852
6945 6943 0.0017852
6947 6943 0.0017852
6938 6948 0.0067439
6941 6948 0.0067439
6949 6948 0.0067439
6948 6949 0.0019276
6950 6949 0.0019276
6953 6949 0.0019276
6948 6952 0.0067439
6950 6952 0.0067439
6953 6952 0.0067439
6952 6953 0.0019276
7161 6953 0.0019276
7162 6953 0.0019276
5905 6954 0.00099474
6955 6954 0.00099474
7110 6954 0.00099474
6954 6955 0.00010281
6957 6955 0.00010281
6959 6955 0.00010281
2346 6959 0.00010281
6960 6959 0.00010281
7108 6959 0.00010281
6954 6960 0.00099474
6957 6960 0.00099474
6959 6960 0.00099474
5824 6963 0.011952
6964 6963 0.011952
7100 6963 0.011952
5822 6964 0.012125
6963 6964 0.012125
7102 6964 0.012125
7104 6964 0.012125
6965 6967 0.0015802
6968 6967 0.0015802
7101 6967 0.0015802
3335 6968 0.0065799
5823 6968 0.0065799
5831 6968 0.0065799
6967 6968 0.0065799
6969 6971 0.038506
6972 6971 0.038506
6975 6971 0.038506
7066 6971 0.038506
6971 6972 0.016034
6974 6972 0.016034
7064 6972 0.016034
6971 6973 0.038592
6974 6973 0.038592
7064 6973 0.038592
6973 6974 0.042026
6976 6974 0.042026
6978 6974 0.042026
6973 6975 0.068244
6976 6975 0.068244
6978 6975 0.068244
6969 6976 0.012026
6972 6976 0.012026
6975 6976 0.012026
7066 6976 0.012026
6973 6977 0.026924
6976 6977 0.026924
6978 6977 0.026924
3320 6978 0.086576
6977 6978 0.086576
7096 6978 0.086576
6980 6979 0.068318
7065 6979 0.068318
7098 6979 0.068318
6229 6980 0.0067091
6979 6980 0.0067091
7063 6980 0.0067091
6982 6981 0.014784
6984 6981 0.014784
6986 6981 0.014784
6981 6982 0.0033923
6990 6982 0.0033923
6982 6983 0.011925
6984 6983 0.011925
6986 6983 0.011925
3318 6984 0.026646
6983 6984 0.026646
7092 6984 0.026646
6982 6985 0.016338
6984 6985 0.016338
6986 6985 0.016338
6985 6986 0.01301
6988 6986 0.01301
6989 6986 0.01301
6985 6987 0.023841
6988 6987 0.023841
6989 6987 0.023841
6987 6988 0.0091199
6992 6988 0.0091199
6994 6988 0.0091199
6981 6989 0.014784
6990 6989 0.014784
6985 6990 0.0033923
6988 6990 0.0033923
6989 6990 0.0033923
6987 6991 0.021034
6992 6991 0.021034
6994 6991 0.021034
6991 6992 0.0032027
6995 6992 0.0032027
7000 6992 0.0032027
6987 6993 0.013099
6992 6993 0.013099
6994 6993 0.013099
6993 6994 0.016209
6996 6994 0.016209
6998 6994 0.016209
7001 6994 0.016209
6993 6995 0.0076387
6996 6995 0.0076387
6998 6995 0.0076387
7001 6995 0.0076387
6991 6996 0.018288
6995 6996 0.018288
7000 6996 0.018288
6993 6997 0.026142
6996 6997 0.026142
6998 6997 0.026142
7001 6997 0.026142
6997 6998 0.011421
7090 6998 0.011421
7091 6998 0.011421
6991 6999 0.0085324
6995 6999 0.0085324
7000 6999 0.0085324
6999 7000 0.0013503
7002 7000 0.0013503
7004 7000 0.0013503
6999 7001 0.0085324
7002 7001 0.0085324
7004 7001 0.0085324
6993 7002 0.0013503
6996 7002 0.0013503
6998 7002 0.0013503
7001 7002 0.0013503
2366 7005 0.00017375
7006 7005 0.00017375
7086 7005 0.00017375
3316 7006 0.037182
7005 7006 0.037182
7008 7006 0.037182
7088 7006 0.037182
7016 7017 0.00040609
7019 7017 0.00040609
7026 7017 0.00040609
7021 7020 0.0046237
7023 7020 0.0046237
7025 7020 0.0046237
7036 7020 0.0046237
7020 7021 0.0031114
7032 7021 0.0031114
7035 7021 0.0031114
7021 7022 0.0034853
7023 7022 0.0034853
7025 7022 0.0034853
7036 7022 0.0034853
7022 7023 0.0018576
7029 7023 0.0018576
7031 7023 0.0018576
7033 7023 0.0018576
7021 7024 0.0047731
7023 7024 0.0047731
7025 7024 0.0047731
7036 7024 0.0047731
7024 7025 0.0050754
7027 7025 0.0050754
7077 7025 0.0050754
7080 7025 0.0050754
7024 7026 0.00042456
7027 7026 0.00042456
7077 7026 0.00042456
7080 7026 0.00042456
7022 7030 0.00037564
7029 7030 0.00037564
7031 7030 0.00037564
7033 7030 0.00037564
1230 7031 0.0044661
7030 7031 0.0044661
7078 7031 0.0044661
7022 7032 0.006222
7029 7032 0.006222
7031 7032 0.006222
7033 7032 0.006222
7020 7033 0.00050392
7032 7033 0.00050392
7035 7033 0.00050392
7020 7034 0.0080348
7032 7034 0.0080348
7035 7034 0.0080348
7034 7035 0.00080433
7037 7035 0.00080433
7039 7035 0.00080433
7034 7036 0.0055653
7037 7036 0.0055653
7039 7036 0.0055653
7021 7037 0.0027275
7023 7037 0.0027275
7025 7037 0.0027275
7036 7037 0.0027275
7034 7038 0.0069664
7037 7038 0.0069664
7039 7038 0.0069664
7038 7039 0.0025736
7041 7039 0.0025736
7043 7039 0.0025736
7038 7040 0.0069569
7041 7040 0.0069569
7043 7040 0.0069569
1227 7041 0.0026034
7040 7041 0.0026034
7075 7041 0.0026034
7079 7041 0.0026034
6971 7063 0.047549
6974 7063 0.047549
7064 7063 0.047549
6229 7064 0.021643
6979 7064 0.021643
7063 7064 0.021643
6969 7065 0.046837
6972 7065 0.046837
6975 7065 0.046837
7066 7065 0.046837
6980 7066 0.013091
7065 7066 0.013091
7098 7066 0.013091
2342 7073 0.00071179
7057 7073 0.00071179
7074 7073 0.00071179
1653 7075 0.0047273
7054 7075 0.0047273
7076 7075 0.0047273
1227 7076 0.015256
7040 7076 0.015256
7075 7076 0.015256
7079 7076 0.015256
1230 7077 0.00037564
7030 7077 0.00037564
7078 7077 0.00037564
7024 7078 0.0044661
7027 7078 0.0044661
7077 7078 0.0044661
7080 7078 0.0044661
7024 7079 0.0030104
7027 7079 0.0030104
7077 7079 0.0030104
7080 7079 0.0030104
1227 7080 0.0078255
7040 7080 0.0078255
7075 7080 0.0078255
7079 7080 0.0078255
6895 7083 0.0011327
7017 7083 0.0011327
7084 7083 0.0011327
2366 7085 0.0039645
7006 7085 0.0039645
7086 7085 0.0039645
5670 7086 0.024907
6385 7086 0.024907
7085 7086 0.024907
3316 7087 0.0048345
7005 7087 0.0048345
7008 7087 0.0048345
7088 7087 0.0048345
2351 7088 0.020995
4656 7088 0.020995
7014 7088 0.020995
7087 7088 0.020995
6997 7089 0.0042757
7090 7089 0.0042757
7091 7089 0.0042757
3317 7090 0.041791
5238 7090 0.041791
7089 7090 0.041791
3318 7091 0.0086986
6983 7091 0.0086986
7092 7091 0.0086986
6997 7092 0.060934
7090 7092 0.060934
7091 7092 0.060934
547 7093 0.0070663
2073 7093 0.0070663
7094 7093 0.0070663
3319 7094 0.76675
5985 7094 0.76675
7093 7094 0.76675
7095 7094 0.76675
3320 7095 0.01022
6977 7095 0.01022
7096 7095 0.01022
3319 7096 0.16683
5985 7096 0.16683
7093 7096 0.16683
7095 7096 0.16683
6980 7097 0.015111
7065 7097 0.015111
7098 7097 0.015111
3321 7098 0.042974
3322 7098 0.042974
7097 7098 0.042974
5824 7099 0.0093191
6964 7099 0.0093191
7100 7099 0.0093191
3325 7100 0.019236
3326 7100 0.019236
7099 7100 0.019236
5822 7101 0.0015802
6963 7101 0.0015802
7102 7101 0.0015802
7104 7101 0.0015802
6965 7102 0.0065799
6968 7102 0.0065799
7101 7102 0.0065799
5822 7103 0.02154
6963 7103 0.02154
7102 7103 0.02154
7104 7103 0.02154
3323 7104 0.012122
3324 7104 0.012122
7103 7104 0.012122
6961 7105 0.0034821
7106 7105 0.0034821
7107 7105 0.0034821
2346 7107 0.0034821
6960 7107 0.0034821
7108 7107 0.0034821
5905 7109 0.00025009
6955 7109 0.00025009
7110 7109 0.00025009
719 7110 0.0013001
5908 7110 0.0013001
7109 7110 0.0013001
5837 7111 0.0045742
6927 7111 0.0045742
7069 7111 0.0045742
7112 7111 0.0045742
3795 7115 0.0073749
7117 7116 0.22272
1226 7117 0.22272
1536 7117 0.22272
4200 7117 0.22272
3189 7131 0.01153
4707 7131 0.01153
5981 7131 0.01153
7130 7131 0.01153
6726 7152 0.0013166
7153 7152 0.0013166
2334 7153 0.081478
2337 7153 0.081478
5977 7153 0.081478
7152 7153 0.081478
6952 7160 0.0040795
7161 7160 0.0040795
7162 7160 0.0040795
2356 7161 0.037456
2359 7161 0.037456
6362 7161 0.037456
7160 7161 0.037456
6939 7162 0.0016647
7067 7162 0.0016647
7163 7162 0.0016647
7164 7162 0.0016647
6952 7163 0.039858
7161 7163 0.039858
7162 7163 0.039858
6363 7164 0.00081335
6943 7164 0.00081335
7165 7164 0.00081335
6939 7165 0.037904
7067 7165 0.037904
7163 7165 0.037904
7164 7165 0.037904
5740 7218 0.0014491
7219 7218 0.0014491
5241 7219 0.0031675
5738 7219 0.0031675
7218 7219 0.0031675
1232 7248 0.0093887
7249 7248 0.0093887
1235 7251 0.0093891
7248 7251 0.0093891
7250 7251 0.0093891
5895 7252 0.58162
7253 7252 0.58162
5893 7254 0.025064
7255 7254 0.025064
2329 7255 0.0020918
5896 7255 0.0020918
7254 7255 0.0020918
7258 7255 0.0020918
2328 7256 0.00023423
7257 7256 0.00023423
2331 7257 0.56663
4196 7257 0.56663
5971 7257 0.56663
7256 7257 0.56663
2326 7258 0.0033517
7259 7258 0.0033517
2329 7259 0.011165
5896 7259 0.011165
7254 7259 0.011165
7258 7259 0.011165
2279 7272 0.00088988
5674 7272 0.00088988
7273 7272 0.00088988
1127 7274 0.00011033
3095 7274 0.00011033
3098 7274 0.00011033
