6878 434 0.00010174
548 547 0.017464
6226 547 0.017464
6227 547 0.017464
6230 547 0.017464
547 548 0.077798
2073 548 0.077798
7094 548 0.077798
568 567 0.010083
4174 567 0.010083
6435 567 0.010083
735 738 0.00011878
737 738 0.00011878
740 738 0.00011878
739 740 0.00011873
2885 740 0.00011873
5251 740 0.00011873
770 769 0.0009691
771 769 0.0009691
1920 769 0.0009691
769 770 0.00062404
4157 770 0.00062404
772 771 0.0011504
1884 771 0.0011504
4156 771 0.0011504
770 772 0.00048218
771 772 0.00048218
1920 772 0.00048218
943 942 0.00012791
4221 942 0.00012791
4815 942 0.00012791
942 943 0.015286
945 943 0.015286
5898 943 0.015286
7252 943 0.015286
942 944 0.0060136
945 944 0.0060136
5898 944 0.0060136
7252 944 0.0060136
944 945 0.05954
947 945 0.05954
4210 945 0.05954
946 947 0.085961
6707 947 0.085961
948 950 0.001514
951 950 0.001514
6355 950 0.001514
981 980 0.00011876
5779 980 0.00011876
6433 980 0.00011876
6436 980 0.00011876
565 982 0.00011014
980 982 0.00011014
983 982 0.00011014
982 984 0.00011014
985 984 0.00011014
2889 984 0.00011014
984 986 0.00011014
987 986 0.00011014
2891 986 0.00011014
2893 986 0.00011014
995 994 0.08249
6359 994 0.08249
6360 994 0.08249
994 995 0.026961
997 995 0.026961
2076 995 0.026961
2077 995 0.026961
994 996 0.06574
997 996 0.06574
2076 996 0.06574
2077 996 0.06574
996 997 0.082229
3119 997 0.082229
4790 997 0.082229
6237 997 0.082229
1466 1117 0.014397
2325 1117 0.014397
434 1126 0.00010178
5089 1126 0.00010178
1227 1226 0.0025361
7040 1226 0.0025361
7075 1226 0.0025361
7079 1226 0.0025361
1226 1227 0.0055857
1536 1227 0.0055857
4200 1227 0.0055857
1233 1232 0.0018633
5580 1232 0.0018633
5582 1232 0.0018633
567 1466 0.01012
1467 1466 0.01012
1117 1468 0.0017822
2345 1468 0.0017822
1226 1537 0.0063402
1536 1537 0.0063402
4200 1537 0.0063402
1654 1653 0.0013581
2340 1653 0.0013581
2343 1653 0.0013581
1653 1654 0.0042998
7054 1654 0.0042998
7076 1654 0.0042998
1656 1655 0.025318
5746 1655 0.025318
5748 1655 0.025318
1655 1656 0.0001424
5745 1656 0.0001424
5901 1656 0.0001424
5904 1656 0.0001424
1658 1657 0.00012791
5747 1657 0.00012791
5907 1657 0.00012791
5984 1657 0.00012791
1657 1658 0.015286
4219 1658 0.015286
4817 1658 0.015286
1775 1776 0.00045113
1778 1776 0.00045113
4813 1776 0.00045113
1777 1778 0.00045113
3617 1778 0.00045113
3620 1778 0.00045113
571 1779 0.00044474
1780 1779 0.00044474
1781 1779 0.00044474
1782 1781 0.00044474
1783 1781 0.00044474
1803 1781 0.00044474
1784 1783 0.00044985
1785 1783 0.00044985
1801 1783 0.00044985
1786 1785 0.00043367
1787 1785 0.00043367
5989 1785 0.00043367
1788 1787 0.00043811
1789 1787 0.00043811
1799 1787 0.00043811
1790 1789 0.00043261
1791 1789 0.00043261
1797 1789 0.00043261
1773 1791 0.00045093
1776 1791 0.00045093
1792 1791 0.00045093
770 1921 0.00032495
771 1921 0.00032495
1920 1921 0.00032495
1918 1923 0.00032495
1921 1923 0.00032495
1922 1923 0.00032495
2072 2071 0.072912
2074 2071 0.072912
2075 2071 0.072912
3906 2071 0.072912
2071 2072 0.047033
6238 2072 0.047033
6239 2072 0.047033
2072 2073 0.0056098
2074 2073 0.0056098
2075 2073 0.0056098
3906 2073 0.0056098
547 2074 0.8365
2073 2074 0.8365
7094 2074 0.8365
994 2075 0.0069457
997 2075 0.0069457
2076 2075 0.0069457
2077 2075 0.0069457
2072 2076 0.80761
2074 2076 0.80761
2075 2076 0.80761
3906 2076 0.80761
2078 2077 0.0049473
2358 2077 0.0049473
2361 2077 0.0049473
6371 2077 0.0049473
994 2078 0.87763
997 2078 0.87763
2076 2078 0.87763
2077 2078 0.87763
2317 2316 0.0037771
3625 2316 0.0037771
3628 2316 0.0037771
1876 2318 0.0037771
2319 2318 0.0037771
7270 2318 0.0037771
1878 2320 0.0037771
2321 2320 0.0037771
7208 2320 0.0037771
1880 2322 0.0037771
2320 2322 0.0037771
2323 2322 0.0037771
1466 2324 0.0010612
2325 2324 0.0010612
2324 2325 0.005338
7131 2325 0.005338
2327 2326 0.033563
4708 2326 0.033563
5968 2326 0.033563
2326 2327 0.0030769
7259 2327 0.0030769
2329 2328 0.00358
5896 2328 0.00358
7254 2328 0.00358
7258 2328 0.00358
2328 2329 0.36677
7257 2329 0.36677
2331 2330 0.0060916
4196 2330 0.0060916
5971 2330 0.0060916
7256 2330 0.0060916
2330 2331 0.27398
2333 2331 0.27398
5975 2331 0.27398
2330 2332 0.0063341
2333 2332 0.0063341
5975 2332 0.0063341
2332 2333 0.21215
2335 2333 0.21215
4216 2333 0.21215
2332 2334 0.0019064
2335 2334 0.0019064
4216 2334 0.0019064
2334 2335 0.25038
2337 2335 0.25038
5977 2335 0.25038
7152 2335 0.25038
2334 2336 0.00092159
2337 2336 0.00092159
5977 2336 0.00092159
7152 2336 0.00092159
2336 2337 0.21969
2339 2337 0.21969
4709 2337 0.21969
2336 2338 0.000638
2339 2338 0.000638
4709 2338 0.000638
2338 2339 0.21415
2341 2339 0.21415
4198 2339 0.21415
2338 2340 0.0013984
2341 2340 0.0013984
4198 2340 0.0013984
1654 2341 0.00742
2340 2341 0.00742
2343 2341 0.00742
1654 2342 0.0001782
2340 2342 0.0001782
2343 2342 0.0001782
2342 2343 0.0032581
7057 2343 0.0032581
7074 2343 0.0032581
1117 2344 0.012624
2345 2344 0.012624
2344 2346 0.011067
2347 2346 0.011067
5906 2346 0.011067
2349 2348 0.0046068
5903 2348 0.0046068
5986 2348 0.0046068
7105 2348 0.0046068
2348 2349 0.035968
5239 2349 0.035968
5739 2349 0.035968
2351 2350 0.0059713
4656 2350 0.0059713
7014 2350 0.0059713
7087 2350 0.0059713
2350 2351 0.00018432
5671 2351 0.00018432
5836 2351 0.00018432
2352 2354 0.0028028
2355 2354 0.0028028
5269 2354 0.0028028
2354 2355 0.00036396
2357 2355 0.00036396
2354 2356 0.0025671
2357 2356 0.0025671
2356 2357 0.00072577
2359 2357 0.00072577
6362 2357 0.00072577
7160 2357 0.00072577
2356 2358 0.069465
2359 2358 0.069465
6362 2358 0.069465
7160 2358 0.069465
2078 2359 0.015121
2358 2359 0.015121
2361 2359 0.015121
6371 2359 0.015121
2078 2360 0.055036
2358 2360 0.055036
2361 2360 0.055036
6371 2360 0.055036
2360 2361 0.073268
2363 2361 0.073268
3120 2361 0.073268
2360 2362 0.017076
2363 2362 0.017076
3120 2362 0.017076
2362 2363 0.02258
2365 2363 0.02258
6395 2363 0.02258
2362 2364 0.0064469
2365 2364 0.0064469
6395 2364 0.0064469
2364 2365 0.017646
2367 2365 0.017646
6366 2365 0.017646
6367 2365 0.017646
2364 2366 0.00017624
2367 2366 0.00017624
6366 2366 0.00017624
6367 2366 0.00017624
2366 2367 0.015039
7006 2367 0.015039
7086 2367 0.015039
2446 2447 0.00015168
4407 2447 0.00015168
4410 2447 0.00015168
2633 2632 0.2835
2635 2632 0.2835
2644 2632 0.2835
6716 2634 0.0076404
2634 2635 0.0069778
2636 2635 0.0069778
2633 2636 0.002823
2635 2636 0.002823
2644 2636 0.002823
2640 2637 0.99613
4087 2637 0.99613
5732 2637 0.99613
2637 2638 0.99641
2641 2638 0.99641
2638 2639 0.27605
4085 2640 0.00036158
4085 2641 0.00027722
2639 2642 0.27954
2645 2642 0.27954
2642 2644 0.27935
2643 2644 0.27935
2634 2645 0.0034856
2636 2645 0.0034856
6717 2646 0.72036
2752 2753 0.0018634
7251 2753 0.0018634
2886 2885 0.00011154
2887 2885 0.00011154
2901 2885 0.00011154
563 2887 0.00011154
2888 2887 0.00011154
4801 2887 0.00011154
3118 3117 0.000211
6390 3117 0.000211
6391 3117 0.000211
3117 3118 0.00064897
5957 3118 0.00064897
6368 3118 0.00064897
6369 3118 0.00064897
2360 3119 0.047656
2363 3119 0.047656
3120 3119 0.047656
996 3120 0.060384
3119 3120 0.060384
4790 3120 0.060384
6237 3120 0.060384
3127 3129 0.0003103
3130 3129 0.0003103
6380 3129 0.0003103
6381 3129 0.0003103
3129 3131 0.00019208
3132 3131 0.00019208
6105 3131 0.00019208
6108 3131 0.00019208
3131 3133 0.0001175
3134 3133 0.0001175
6402 3133 0.0001175
6403 3133 0.0001175
3140 3139 0.011549
6372 3139 0.011549
6373 3139 0.011549
6407 3139 0.011549
3139 3140 0.049173
3910 3140 0.049173
6112 3140 0.049173
3142 3141 0.0029367
6414 3141 0.0029367
6415 3141 0.0029367
3141 3142 0.00079557
3144 3142 0.00079557
4787 3142 0.00079557
3141 3143 0.014377
3144 3143 0.014377
4787 3143 0.014377
3143 3144 0.0017619
3146 3144 0.0017619
6374 3144 0.0017619
6375 3144 0.0017619
3143 3145 0.034218
3146 3145 0.034218
6374 3145 0.034218
6375 3145 0.034218
3145 3146 0.0030813
3148 3146 0.0030813
3911 3146 0.0030813
6109 3146 0.0030813
3145 3147 0.0080846
3148 3147 0.0080846
3911 3147 0.0080846
6109 3147 0.0080846
3147 3148 0.0025815
5951 3148 0.0025815
6398 3148 0.0025815
6399 3148 0.0025815
3317 3316 0.006547
5238 3316 0.006547
7089 3316 0.006547
3316 3317 0.00074525
7005 3317 0.00074525
7008 3317 0.00074525
7088 3317 0.00074525
3319 3318 0.026185
5985 3318 0.026185
7093 3318 0.026185
7095 3318 0.026185
3318 3319 0.03571
6983 3319 0.03571
7092 3319 0.03571
3321 3320 0.0017292
3322 3320 0.0017292
7097 3320 0.0017292
3320 3321 0.041633
6977 3321 0.041633
7096 3321 0.041633
3323 3322 0.0010535
3324 3322 0.0010535
7103 3322 0.0010535
3321 3323 0.0074258
3322 3323 0.0074258
7097 3323 0.0074258
3325 3324 0.00046635
3326 3324 0.00046635
7099 3324 0.00046635
3323 3325 0.0048638
3324 3325 0.0048638
7103 3325 0.0048638
2753 3326 0.00041942
3327 3326 0.00041942
5237 3326 0.00041942
3325 3327 0.0021912
3326 3327 0.0021912
7099 3327 0.0021912
3331 3332 0.00073518
5827 3332 0.00073518
5829 3332 0.00073518
3332 3333 0.00073518
3334 3333 0.00073518
3333 3335 0.00068237
3336 3335 0.00068237
6225 3335 0.00068237
3335 3336 0.0046154
5823 3336 0.0046154
5831 3336 0.0046154
6967 3336 0.0046154
3615 3616 0.99577
7263 3616 0.99577
1777 3618 0.99577
3617 3618 0.99577
3620 3618 0.99577
3619 3620 0.99622
3622 3620 0.99622
4035 3620 0.99622
4078 3620 0.99622
3619 3621 0.03574
3622 3621 0.03574
4035 3621 0.03574
4078 3621 0.03574
3621 3622 0.072209
3624 3622 0.072209
5872 3622 0.072209
3621 3623 0.0088271
3624 3623 0.0088271
5872 3623 0.0088271
3623 3624 0.0059033
7129 3624 0.0059033
3626 3625 0.0037768
4050 3625 0.0037768
4051 3625 0.0037768
7128 3625 0.0037768
4199 3791 0.055287
5395 3791 0.055287
5396 3792 0.056094
5397 3792 0.056094
3791 3793 0.018713
3793 3794 0.0015513
5993 3794 0.0015513
7115 3794 0.0015513
3790 3795 0.0023574
3794 3795 0.0023574
7083 3795 0.0023574
3907 3906 0.050543
4019 3906 0.050543
6228 3906 0.050543
6358 3906 0.050543
2072 3907 0.054891
2074 3907 0.054891
2075 3907 0.054891
3906 3907 0.054891
3909 3908 0.0003992
6113 3908 0.0003992
6400 3908 0.0003992
6401 3908 0.0003992
3908 3909 0.00015698
6392 3909 0.00015698
6393 3909 0.00015698
3145 3910 0.029872
3148 3910 0.029872
3911 3910 0.029872
6109 3910 0.029872
3139 3911 0.0045915
3910 3911 0.0045915
6112 3911 0.0045915
4020 4019 0.0010593
6232 4019 0.0010593
6351 4019 0.0010593
3907 4020 0.0070875
4019 4020 0.0070875
6228 4020 0.0070875
6358 4020 0.0070875
4022 4021 0.0085069
4025 4021 0.0085069
5873 4021 0.0085069
5996 4021 0.0085069
4021 4022 0.0045495
4046 4022 0.0045495
4047 4022 0.0045495
2447 4023 0.00015168
4024 4023 0.00015168
4026 4025 0.046926
4411 4025 0.046926
5866 4025 0.046926
4022 4026 0.0063612
4025 4026 0.0063612
5873 4026 0.0063612
5996 4026 0.0063612
4028 4027 1.0027
4029 4027 1.0027
5999 4027 1.0027
4030 4029 0.0026656
4092 4029 0.0026656
4566 4029 0.0026656
5995 4029 0.0026656
4036 4035 0.95981
5865 4035 0.95981
5868 4035 0.95981
4021 4045 0.0030107
4046 4045 0.0030107
4047 4045 0.0030107
4045 4046 0.0012089
4090 4046 0.0012089
4093 4046 0.0012089
4048 4047 0.0050536
4049 4047 0.0050536
5869 4047 0.0050536
5998 4047 0.0050536
4021 4048 0.0072092
4046 4048 0.0072092
4047 4048 0.0072092
3626 4049 0.0067804
4050 4049 0.0067804
4051 4049 0.0067804
7128 4049 0.0067804
4048 4050 0.0076268
4049 4050 0.0076268
5869 4050 0.0076268
5998 4050 0.0076268
2844 4084 0.99577
3616 4084 0.99577
4083 4084 0.99577
5770 4085 0.0006388
5772 4085 0.0006388
4084 4087 0.99577
4086 4087 0.99577
5987 4087 0.99577
4089 4088 0.0010194
5997 4088 0.0010194
1874 4089 0.0002658
4088 4089 0.0002658
4091 4089 0.0002658
6001 4089 0.0002658
1874 4090 0.001019
4088 4090 0.001019
4091 4090 0.001019
6001 4090 0.001019
4045 4091 0.00026756
4090 4091 0.00026756
4093 4091 0.00026756
4045 4092 0.0031588
4090 4092 0.0031588
4093 4092 0.0031588
4030 4093 0.00060562
4092 4093 0.00060562
4566 4093 0.00060562
5995 4093 0.00060562
769 4155 0.0034673
4157 4155 0.0034673
4154 4156 0.0037905
5938 4156 0.0037905
772 4157 0.0031223
1884 4157 0.0031223
4156 4157 0.0031223
4163 4162 0.024185
4164 4162 0.024185
5889 4162 0.024185
5892 4162 0.024185
4162 4163 0.029799
4171 4163 0.029799
5793 4163 0.029799
4165 4164 0.13672
4166 4164 0.13672
5929 4164 0.13672
5972 4164 0.13672
4163 4165 0.029345
4164 4165 0.029345
5889 4165 0.029345
5892 4165 0.029345
4167 4166 0.10516
4168 4166 0.10516
5923 4166 0.10516
5926 4166 0.10516
4165 4167 0.022755
4166 4167 0.022755
5929 4167 0.022755
5972 4167 0.022755
4169 4168 0.058234
4193 4168 0.058234
4194 4168 0.058234
4167 4169 0.0057478
4168 4169 0.0057478
5923 4169 0.0057478
5926 4169 0.0057478
4162 4170 0.034852
4171 4170 0.034852
5793 4170 0.034852
4170 4171 0.002098
4173 4171 0.002098
5933 4171 0.002098
4170 4172 0.0032951
4173 4172 0.0032951
5933 4172 0.0032951
4172 4173 0.002959
5797 4173 0.002959
4175 4174 0.0030489
4176 4174 0.0030489
5784 4174 0.0030489
5785 4174 0.0030489
568 4175 0.00072442
4174 4175 0.00072442
6435 4175 0.00072442
4177 4176 0.0054169
4178 4176 0.0054169
5970 4176 0.0054169
4175 4177 0.0016078
4176 4177 0.0016078
5784 4177 0.0016078
5785 4177 0.0016078
4179 4178 0.0049972
4180 4178 0.0049972
4177 4179 0.0019447
4178 4179 0.0019447
5970 4179 0.0019447
4181 4180 0.041042
4182 4180 0.041042
5885 4180 0.041042
5888 4180 0.041042
4179 4181 0.0010195
4180 4181 0.0010195
4183 4182 0.12723
4184 4182 0.12723
5928 4182 0.12723
4181 4183 0.023265
4182 4183 0.023265
5885 4183 0.023265
5888 4183 0.023265
4185 4184 0.20239
4186 4184 0.20239
5922 4184 0.20239
4183 4185 0.0050361
4184 4185 0.0050361
5928 4185 0.0050361
4187 4186 0.28815
4188 4186 0.28815
4195 4186 0.28815
4185 4187 0.00075491
4186 4187 0.00075491
5922 4187 0.00075491
4189 4188 0.33946
4190 4188 0.33946
5918 4188 0.33946
4187 4189 0.00012586
4188 4189 0.00012586
4195 4189 0.00012586
4191 4190 0.44167
4666 4190 0.44167
6469 4190 0.44167
4169 4192 0.012428
4193 4192 0.012428
4194 4192 0.012428
4192 4193 0.012974
5919 4193 0.012974
5980 4193 0.012974
4187 4194 0.056871
4188 4194 0.056871
4195 4194 0.056871
4169 4195 0.0049312
4193 4195 0.0049312
4194 4195 0.0049312
5771 4198 0.27215
5881 4198 0.27215
7116 4199 0.05527
2338 4200 0.06466
2341 4200 0.06466
4198 4200 0.06466
4204 4205 0.0088837
4206 4205 0.0088837
4207 4205 0.0088837
4211 4205 0.0088837
4205 4206 0.0023225
5741 4206 0.0023225
5742 4206 0.0023225
4201 4207 0.012072
4208 4207 0.012072
4209 4207 0.012072
5909 4207 0.012072
4204 4208 0.0018459
4206 4208 0.0018459
4207 4208 0.0018459
4211 4208 0.0018459
944 4209 0.03421
947 4209 0.03421
4210 4209 0.03421
4201 4210 0.0018496
4208 4210 0.0018496
4209 4210 0.0018496
5909 4210 0.0018496
4212 4211 0.00061485
4214 4211 0.00061485
4204 4212 0.0042795
4206 4212 0.0042795
4207 4212 0.0042795
4211 4212 0.0042795
4212 4213 0.0042795
4214 4213 0.0042795
4213 4214 0.00061485
5743 4214 0.00061485
5744 4214 0.00061485
2332 4215 0.043133
2335 4215 0.043133
4216 4215 0.043133
4215 4216 0.00047245
6725 4216 0.00047245
4218 4217 0.00055012
6706 4217 0.00055012
6724 4217 0.00055012
4217 4218 0.043776
6727 4218 0.043776
4220 4219 0.015286
4222 4219 0.015286
1657 4220 0.00012791
4219 4220 0.00012791
4817 4220 0.00012791
4220 4221 0.00012791
4222 4221 0.00012791
943 4222 0.015286
4221 4222 0.015286
4815 4222 0.015286
4224 4223 0.00069307
4225 4223 0.00069307
6894 4223 0.00069307
4228 4227 0.0001338
4229 4227 0.0001338
6893 4227 0.0001338
4227 4228 0.00050779
5937 4228 0.00050779
7073 4228 0.00050779
1923 4229 0.00031917
1924 4229 0.00031917
4230 4229 0.00031917
4231 4229 0.00031917
4027 4407 0.00016376
4408 4407 0.00016376
4412 4407 0.00016376
2446 4408 0.00016376
4407 4408 0.00016376
4410 4408 0.00016376
4023 4410 0.00015168
4409 4410 0.00015168
4027 4411 1.0027
4408 4411 1.0027
4412 4411 1.0027
4657 4656 0.0091463
5663 4656 0.0091463
5665 4656 0.0091463
6736 4658 0.0092462
2646 4664 0.6875
5774 4664 0.6875
5775 4664 0.6875
4664 4666 0.44335
4665 4666 0.44335
2327 4707 0.0038828
4708 4707 0.0038828
5968 4707 0.0038828
3189 4708 0.0065399
4707 4708 0.0065399
5981 4708 0.0065399
7130 4708 0.0065399
1537 4709 0.0063412
4710 4709 0.0063412
4788 4787 0.012403
6408 4787 0.012403
6409 4787 0.012403
3141 4788 0.0019292
3144 4788 0.0019292
4787 4788 0.0019292
996 4789 0.012237
3119 4789 0.012237
4790 4789 0.012237
6237 4789 0.012237
4789 4790 0.018694
6240 4790 0.018694
6365 4790 0.018694
986 4801 0.00011014
2895 4801 0.00011014
4802 4801 0.00011014
569 4805 0.00075061
4806 4805 0.00075061
5884 4805 0.00075061
4659 5064 0.046863
5065 5064 0.046863
3792 5065 0.046847
2348 5238 0.01835
5239 5238 0.01835
5739 5238 0.01835
3317 5239 0.003024
5238 5239 0.003024
7089 5239 0.003024
5064 5241 0.046846
5240 5241 0.046846
3122 5269 0.0035927
5270 5269 0.0035927
6233 5269 0.0035927
2753 5270 0.0036608
3327 5270 0.0036608
5237 5270 0.0036608
3791 5396 0.036574
3793 5397 0.019519
5993 5397 0.019519
7115 5397 0.019519
738 5576 0.00011926
2913 5576 0.00011926
5577 5576 0.00011926
5576 5578 0.00011923
5579 5578 0.00011923
3898 5580 0.0017444
5581 5580 0.0017444
5935 5580 0.0017444
5578 5582 0.00011919
5583 5582 0.00011919
5584 5582 0.00011919
4658 5663 0.0091486
2350 5670 0.0059721
5671 5670 0.0059721
5836 5670 0.0059721
5670 5671 0.00018618
6385 5671 0.00018618
7085 5671 0.00018618
2348 5738 0.00033077
5239 5738 0.00033077
5739 5738 0.00033077
5241 5739 0.047019
5738 5739 0.047019
7218 5739 0.047019
4205 5740 0.0010166
5741 5740 0.0010166
5742 5740 0.0010166
5740 5741 0.0011729
7219 5741 0.0011729
4213 5742 0.0027018
5743 5742 0.0027018
5744 5742 0.0027018
4205 5743 0.0094193
5741 5743 0.0094193
5742 5743 0.0094193
1655 5744 0.0031213
5745 5744 0.0031213
5901 5744 0.0031213
5904 5744 0.0031213
4213 5745 0.013503
5743 5745 0.013503
5744 5745 0.013503
1658 5746 0.025318
5747 5746 0.025318
5907 5746 0.025318
5984 5746 0.025318
1656 5747 0.0001424
5746 5747 0.0001424
5748 5747 0.0001424
1779 5770 0.00046119
3663 5770 0.00046119
5769 5770 0.00046119
4664 5771 0.24417
4665 5771 0.24417
6467 5772 0.00017761
2646 5773 0.02885
5774 5773 0.02885
5775 5773 0.02885
5773 5774 0.00087536
5880 5774 0.00087536
5776 5775 0.0013213
6468 5775 0.0013213
2646 5776 0.0062009
5774 5776 0.0062009
5775 5776 0.0062009
5780 5779 0.0071793
5781 5779 0.0071793
5786 5779 0.0071793
2632 5781 0.0099141
5782 5781 0.0099141
5883 5781 0.0099141
5886 5781 0.0099141
4175 5783 0.0043727
4176 5783 0.0043727
5784 5783 0.0043727
5785 5783 0.0043727
5783 5784 0.00014801
5788 5784 0.00014801
5796 5784 0.00014801
5780 5785 0.0028065
5781 5785 0.0028065
5786 5785 0.0028065
5783 5787 0.004017
5788 5787 0.004017
5796 5787 0.004017
5787 5788 0.00021271
5914 5788 0.00021271
5915 5788 0.00021271
5790 5789 0.0049975
5791 5789 0.0049975
5932 5789 0.0049975
5969 5789 0.0049975
5789 5790 0.0018679
5911 5790 0.0018679
5913 5790 0.0018679
5982 5790 0.0018679
5792 5791 0.015706
5891 5791 0.015706
5894 5791 0.015706
5790 5792 0.017166
5791 5792 0.017166
5932 5792 0.017166
5969 5792 0.017166
5794 5793 0.038368
5931 5793 0.038368
5795 5794 0.016857
5887 5794 0.016857
5890 5794 0.016857
5794 5795 0.015458
5931 5795 0.015458
4172 5796 0.0028448
5797 5796 0.0028448
5783 5797 0.0032652
5788 5797 0.0032652
5796 5797 0.0032652
3335 5822 0.0014535
5823 5822 0.0014535
5831 5822 0.0014535
6967 5822 0.0014535
5822 5823 0.0044565
6963 5823 0.0044565
7102 5823 0.0044565
7104 5823 0.0044565
5825 5824 0.00018885
5826 5824 0.00018885
5830 5824 0.00018885
5824 5825 0.0025603
6964 5825 0.0025603
7100 5825 0.0025603
5825 5827 0.00073518
5826 5827 0.00073518
5830 5827 0.00073518
3335 5830 0.00054312
5823 5830 0.00054312
5831 5830 0.00054312
6967 5830 0.00054312
5825 5831 0.0022472
5826 5831 0.0022472
5830 5831 0.0022472
2352 5832 0.0011511
2355 5832 0.0011511
5269 5832 0.0011511
4026 5865 0.96211
4411 5865 0.96211
5866 5865 0.96211
4036 5867 0.046302
5865 5867 0.046302
5868 5867 0.046302
5867 5868 0.043966
5870 5868 0.043966
5871 5868 0.043966
5874 5868 0.043966
5867 5869 0.0085238
5870 5869 0.0085238
5871 5869 0.0085238
5874 5869 0.0085238
4048 5870 0.0090794
4049 5870 0.0090794
5869 5870 0.0090794
5998 5870 0.0090794
3621 5871 0.030776
3624 5871 0.030776
5872 5871 0.030776
5867 5872 0.070169
5870 5872 0.070169
5871 5872 0.070169
5874 5872 0.070169
5867 5873 0.0061304
5870 5873 0.0061304
5871 5873 0.0061304
5874 5873 0.0061304
4022 5874 0.042633
4025 5874 0.042633
5873 5874 0.042633
5996 5874 0.042633
5773 5879 0.02885
5880 5879 0.02885
5879 5880 0.00087536
5882 5880 0.00087536
5879 5881 0.02885
5882 5881 0.02885
5771 5882 0.00087536
5881 5882 0.00087536
2632 5884 0.00075764
5782 5884 0.00075764
5883 5884 0.00075764
5886 5884 0.00075764
2632 5885 0.27311
5782 5885 0.27311
5883 5885 0.27311
5886 5885 0.27311
4181 5886 0.00021945
4182 5886 0.00021945
5885 5886 0.00021945
5888 5886 0.00021945
4181 5887 0.34045
4182 5887 0.34045
5885 5887 0.34045
5888 5887 0.34045
5795 5888 0.0036199
5887 5888 0.0036199
5890 5888 0.0036199
5795 5889 0.34103
5887 5889 0.34103
5890 5889 0.34103
4163 5890 0.0056051
4164 5890 0.0056051
5889 5890 0.0056051
5892 5890 0.0056051
4163 5891 0.45085
4164 5891 0.45085
5889 5891 0.45085
5892 5891 0.45085
5792 5892 0.0024339
5891 5892 0.0024339
5894 5892 0.0024339
5792 5893 0.45167
5891 5893 0.45167
5894 5893 0.45167
5893 5894 0.0017866
7255 5894 0.0017866
2329 5895 0.84358
5896 5895 0.84358
7254 5895 0.84358
7258 5895 0.84358
942 5897 0.88208
945 5897 0.88208
5898 5897 0.88208
7252 5897 0.88208
5897 5898 0.00015649
5900 5898 0.00015649
5983 5898 0.00015649
5897 5899 0.8721
5900 5899 0.8721
5983 5899 0.8721
5899 5900 0.00041554
5902 5900 0.00041554
5910 5900 0.00041554
5899 5901 0.89404
5902 5901 0.89404
5910 5901 0.89404
1655 5902 0.00022964
5745 5902 0.00022964
5901 5902 0.00022964
5904 5902 0.00022964
1655 5903 0.92941
5745 5903 0.92941
5901 5903 0.92941
5904 5903 0.92941
2344 5905 0.0023761
2347 5905 0.0023761
5906 5905 0.0023761
5905 5906 0.00082098
6955 5906 0.00082098
7110 5906 0.00082098
719 5907 0.0012204
5908 5907 0.0012204
7109 5907 0.0012204
1658 5908 0.0014506
5747 5908 0.0014506
5907 5908 0.0014506
5984 5908 0.0014506
5899 5909 0.0034333
5902 5909 0.0034333
5910 5909 0.0034333
4201 5910 0.025568
4208 5910 0.025568
4209 5910 0.025568
5909 5910 0.025568
5787 5913 0.004017
5914 5913 0.004017
5915 5913 0.004017
5789 5914 0.00021271
5911 5914 0.00021271
5913 5914 0.00021271
5982 5914 0.00021271
4189 5917 0.10302
4190 5917 0.10302
5918 5917 0.10302
5917 5918 0.00070147
5920 5918 0.00070147
5978 5918 0.00070147
5917 5919 0.033121
5920 5919 0.033121
5978 5919 0.033121
4192 5920 0.0037343
5919 5920 0.0037343
5980 5920 0.0037343
4185 5921 0.10813
4186 5921 0.10813
5922 5921 0.10813
5921 5922 0.018079
5924 5922 0.018079
5973 5922 0.018079
5921 5923 0.084683
5924 5923 0.084683
5973 5923 0.084683
4167 5924 0.021526
4168 5924 0.021526
5923 5924 0.021526
5926 5924 0.021526
4167 5925 0.048515
4168 5925 0.048515
5923 5925 0.048515
5926 5925 0.048515
5925 5926 0.015281
5976 5926 0.015281
5979 5926 0.015281
4183 5927 0.10684
4184 5927 0.10684
5928 5927 0.10684
5927 5928 0.013451
5930 5928 0.013451
5974 5928 0.013451
5927 5929 0.13031
5930 5929 0.13031
5974 5929 0.13031
4165 5930 0.010029
4166 5930 0.010029
5929 5930 0.010029
5972 5930 0.010029
4179 5931 0.03697
4180 5931 0.03697
4170 5932 0.033241
4173 5932 0.033241
5933 5932 0.033241
5790 5933 0.00082283
5791 5933 0.00082283
5932 5933 0.00082283
5969 5933 0.00082283
1468 5935 0.0017448
5934 5935 0.0017448
5936 5937 0.0034545
7133 5937 0.0034545
1882 5938 0.0037771
2322 5938 0.0037771
5939 5938 0.0037771
3147 5950 0.0030514
5951 5950 0.0030514
6398 5950 0.0030514
6399 5950 0.0030514
5950 5951 0.0010362
6389 5951 0.0010362
6405 5951 0.0010362
3135 5952 0.00010141
5948 5952 0.00010141
5953 5952 0.00010141
5954 5955 0.00012388
6370 5955 0.00012388
6388 5955 0.00012388
7111 5955 0.00012388
3117 5956 0.0003467
5957 5956 0.0003467
6368 5956 0.0003467
6369 5956 0.0003467
5956 5957 0.00043764
6386 5957 0.00043764
6387 5957 0.00043764
5790 5968 0.029053
5791 5968 0.029053
5932 5968 0.029053
5969 5968 0.029053
2327 5969 0.0012235
4708 5969 0.0012235
5968 5969 0.0012235
4172 5970 0.00075657
5797 5970 0.00075657
4165 5971 0.10378
4166 5971 0.10378
5929 5971 0.10378
5972 5971 0.10378
2331 5972 0.00847
4196 5972 0.00847
5971 5972 0.00847
7256 5972 0.00847
5927 5973 0.01798
5930 5973 0.01798
5974 5973 0.01798
5921 5974 0.044872
5924 5974 0.044872
5973 5974 0.044872
5925 5975 0.070697
5976 5975 0.070697
5979 5975 0.070697
2330 5976 0.0086218
2333 5976 0.0086218
5975 5976 0.0086218
5917 5977 0.080194
5920 5977 0.080194
5978 5977 0.080194
2334 5978 0.0072655
2337 5978 0.0072655
5977 5978 0.0072655
7152 5978 0.0072655
4192 5979 0.036758
5919 5979 0.036758
5980 5979 0.036758
5925 5980 0.0079171
5976 5980 0.0079171
5979 5980 0.0079171
5789 5981 0.0072083
5911 5981 0.0072083
5913 5981 0.0072083
5982 5981 0.0072083
3189 5982 0.00027439
4707 5982 0.00027439
5981 5982 0.00027439
7130 5982 0.00027439
1658 5983 0.0066639
5747 5983 0.0066639
5907 5983 0.0066639
5984 5983 0.0066639
5897 5984 0.016912
5900 5984 0.016912
5983 5984 0.016912
2349 5985 0.97361
5903 5985 0.97361
5986 5985 0.97361
7105 5985 0.97361
4022 5995 0.0028133
4025 5995 0.0028133
5873 5995 0.0028133
5996 5995 0.0028133
4030 5996 0.0027091
4092 5996 0.0027091
4566 5996 0.0027091
5995 5996 0.0027091
4048 5997 0.0010194
4049 5997 0.0010194
5869 5997 0.0010194
5998 5997 0.0010194
4089 5998 0.0002658
5997 5998 0.0002658
3129 6107 0.00032439
3132 6107 0.00032439
6105 6107 0.00032439
6108 6107 0.00032439
6107 6108 0.00016724
6110 6108 0.00016724
6114 6108 0.00016724
6107 6109 0.00054375
6110 6109 0.00054375
6114 6109 0.00054375
3145 6110 0.00089649
3148 6110 0.00089649
3911 6110 0.00089649
6109 6110 0.00089649
3139 6111 0.0083527
3910 6111 0.0083527
6112 6111 0.0083527
6111 6112 0.020697
6396 6112 0.020697
6397 6112 0.020697
6406 6112 0.020697
6107 6113 0.0007816
6110 6113 0.0007816
6114 6113 0.0007816
3909 6114 0.00027172
6113 6114 0.00027172
6400 6114 0.00027172
6401 6114 0.00027172
548 6225 0.0006375
6226 6225 0.0006375
6227 6225 0.0006375
6230 6225 0.0006375
3333 6226 0.005238
3336 6226 0.005238
6225 6226 0.005238
3907 6227 0.001037
4019 6227 0.001037
6228 6227 0.001037
6358 6227 0.001037
548 6228 0.15148
6226 6228 0.15148
6227 6228 0.15148
6230 6228 0.15148
548 6229 0.0025263
6226 6229 0.0025263
6227 6229 0.0025263
6230 6229 0.0025263
6229 6230 0.088038
6979 6230 0.088038
7063 6230 0.088038
4020 6231 0.0022603
6232 6231 0.0022603
6351 6231 0.0022603
6231 6232 0.0009006
6234 6232 0.0009006
6354 6232 0.0009006
6231 6233 0.00096536
6234 6233 0.00096536
6354 6233 0.00096536
3122 6234 0.0010203
5270 6234 0.0010203
6233 6234 0.0010203
2071 6237 0.064217
6238 6237 0.064217
6239 6237 0.064217
996 6238 0.041457
3119 6238 0.041457
4790 6238 0.041457
6237 6238 0.041457
4789 6239 0.012466
6240 6239 0.012466
6365 6239 0.012466
2071 6240 0.015585
6238 6240 0.015585
6239 6240 0.015585
950 6351 0.00049756
6352 6351 0.00049756
6353 6351 0.00049756
6356 6351 0.00049756
4020 6352 0.0051661
6232 6352 0.0051661
6351 6352 0.0051661
2354 6353 0.00059753
2357 6353 0.00059753
6231 6355 0.001514
6234 6355 0.001514
6354 6355 0.001514
6357 6356 0.00020002
6361 6356 0.00020002
950 6357 0.0068806
6352 6357 0.0068806
6353 6357 0.0068806
6356 6357 0.0068806
995 6358 0.0013695
6359 6358 0.0013695
6360 6358 0.0013695
3907 6359 0.15013
4019 6359 0.15013
6228 6359 0.15013
6358 6359 0.15013
6357 6360 0.0019871
6361 6360 0.0019871
995 6361 0.095224
6359 6361 0.095224
6360 6361 0.095224
6357 6362 0.099917
6361 6362 0.099917
6364 6363 0.00034047
6410 6363 0.00034047
6411 6363 0.00034047
6363 6364 0.047755
6943 6364 0.047755
7165 6364 0.047755
2364 6365 0.0086481
2367 6365 0.0086481
6366 6365 0.0086481
6367 6365 0.0086481
4789 6366 0.0053095
6240 6366 0.0053095
6365 6366 0.0053095
3117 6367 0.00056442
5957 6367 0.00056442
6368 6367 0.00056442
6369 6367 0.00056442
2364 6368 0.00088862
2367 6368 0.00088862
6366 6368 0.00088862
6367 6368 0.00088862
5954 6369 0.00021833
6370 6369 0.00021833
6388 6369 0.00021833
7111 6369 0.00021833
3117 6370 0.00019549
5957 6370 0.00019549
6368 6370 0.00019549
6369 6370 0.00019549
3140 6371 0.0012276
6372 6371 0.0012276
6373 6371 0.0012276
6407 6371 0.0012276
2078 6372 0.94648
2358 6372 0.94648
2361 6372 0.94648
6371 6372 0.94648
3143 6373 0.016063
3146 6373 0.016063
6374 6373 0.016063
6375 6373 0.016063
3140 6374 0.033177
6372 6374 0.033177
6373 6374 0.033177
6407 6374 0.033177
6376 6375 0.0019041
6377 6375 0.0019041
6417 6375 0.0019041
3143 6376 0.00049632
3146 6376 0.00049632
6374 6376 0.00049632
6375 6376 0.00049632
5952 6377 0.00022047
6378 6377 0.00022047
6379 6377 0.00022047
6376 6378 0.00037478
6377 6378 0.00037478
6417 6378 0.00037478
3127 6379 0.00012468
3130 6379 0.00012468
6380 6379 0.00012468
6381 6379 0.00012468
5952 6380 0.00032592
6378 6380 0.00032592
6379 6380 0.00032592
5956 6385 0.00039226
6386 6385 0.00039226
6387 6385 0.00039226
5670 6386 0.00047689
6385 6386 0.00047689
7085 6386 0.00047689
5954 6387 0.00016612
6370 6387 0.00016612
6388 6387 0.00016612
7111 6387 0.00016612
5956 6388 0.00015982
6386 6388 0.00015982
6387 6388 0.00015982
3118 6389 0.00099274
6390 6389 0.00099274
6391 6389 0.00099274
5950 6390 0.00023003
6389 6390 0.00023003
6405 6390 0.00023003
3908 6391 0.00046706
6392 6391 0.00046706
6393 6391 0.00046706
3118 6392 0.00014232
6390 6392 0.00014232
6391 6392 0.00014232
3133 6393 0.00013378
5955 6393 0.00013378
6394 6393 0.00013378
6111 6395 0.0093468
6396 6395 0.0093468
6397 6395 0.0093468
6406 6395 0.0093468
2362 6396 0.015042
2365 6396 0.015042
6395 6396 0.015042
3147 6397 0.0075015
5951 6397 0.0075015
6398 6397 0.0075015
6399 6397 0.0075015
6111 6398 0.003631
6396 6398 0.003631
6397 6398 0.003631
6406 6398 0.003631
3909 6399 0.00091793
6113 6399 0.00091793
6400 6399 0.00091793
6401 6399 0.00091793
3147 6400 0.00053529
5951 6400 0.00053529
6398 6400 0.00053529
6399 6400 0.00053529
3131 6401 0.00022375
3134 6401 0.00022375
6402 6401 0.00022375
6403 6401 0.00022375
3909 6402 0.00010876
6113 6402 0.00010876
6400 6402 0.00010876
6401 6402 0.00010876
6111 6405 0.00070877
6396 6405 0.00070877
6397 6405 0.00070877
6406 6405 0.00070877
5950 6406 0.0034867
6389 6406 0.0034867
6405 6406 0.0034867
4788 6407 0.045894
6408 6407 0.045894
6409 6407 0.045894
3140 6408 0.011659
6372 6408 0.011659
6373 6408 0.011659
6407 6408 0.011659
6364 6409 0.046754
6410 6409 0.046754
6411 6409 0.046754
4788 6410 0.0020451
6408 6410 0.0020451
6409 6410 0.0020451
5834 6411 0.00035681
6412 6411 0.00035681
6413 6411 0.00035681
6364 6412 0.0030625
6410 6412 0.0030625
6411 6412 0.0030625
3142 6413 0.00035681
6414 6413 0.00035681
6415 6413 0.00035681
5834 6414 0.0030625
6412 6414 0.0030625
6413 6414 0.0030625
6416 6415 0.00055494
6418 6415 0.00055494
6419 6415 0.00055494
3142 6416 0.0011195
6414 6416 0.0011195
6415 6416 0.0011195
6416 6417 0.0016942
6418 6417 0.0016942
6419 6417 0.0016942
6376 6418 0.0001321
6377 6418 0.0001321
6417 6418 0.0001321
3304 6419 0.0010399
6420 6419 0.0010399
6421 6419 0.0010399
3138 6421 0.0010762
5832 6421 0.0010762
6422 6421 0.0010762
4805 6433 0.00075776
6431 6433 0.00075776
6434 6433 0.00075776
981 6435 0.0077638
5779 6435 0.0077638
6433 6435 0.0077638
6436 6435 0.0077638
2642 6467 0.00018921
2643 6467 0.00018921
4191 6468 0.0027609
4666 6468 0.0027609
6469 6468 0.0027609
2336 6469 0.0010817
2339 6469 0.0010817
4709 6469 0.0010817
4218 6707 0.085961
6706 6707 0.085961
6724 6707 0.085961
5776 6716 0.0076404
6468 6716 0.0076404
2638 6717 0.72036
4215 6724 0.043133
6725 6724 0.043133
4218 6725 0.00047245
6706 6725 0.00047245
6724 6725 0.00047245
4217 6726 0.00055012
6727 6726 0.00055012
6726 6727 0.043776
7153 6727 0.043776
6879 6736 0.0092462
5662 6878 0.00010174
5664 6878 0.00010174
3792 6879 0.0092462
4228 6894 0.00069307
4229 6894 0.00069307
6893 6894 0.00069307
4223 6895 0.00069745
6896 6895 0.00069745
7081 6895 0.00069745
6939 6938 0.0057004
7067 6938 0.0057004
7163 6938 0.0057004
7164 6938 0.0057004
6938 6939 0.0053643
6941 6939 0.0053643
6949 6939 0.0053643
6938 6940 0.0023093
6941 6940 0.0023093
6949 6940 0.0023093
6940 6941 0.0058408
6942 6941 0.0058408
6945 6941 0.0058408
6947 6941 0.0058408
6363 6942 0.0058408
6943 6942 0.0058408
7165 6942 0.0058408
6940 6943 0.0023093
6942 6943 0.0023093
6945 6943 0.0023093
6947 6943 0.0023093
6938 6948 0.0061898
6941 6948 0.0061898
6949 6948 0.0061898
6948 6949 0.0023223
6950 6949 0.0023223
6953 6949 0.0023223
6948 6952 0.0061898
6950 6952 0.0061898
6953 6952 0.0061898
6952 6953 0.0023223
7161 6953 0.0023223
7162 6953 0.0023223
5905 6954 0.0021258
6955 6954 0.0021258
7110 6954 0.0021258
6954 6955 0.0003405
6957 6955 0.0003405
6959 6955 0.0003405
2346 6959 0.0003405
6960 6959 0.0003405
7108 6959 0.0003405
6954 6960 0.0021258
6957 6960 0.0021258
6959 6960 0.0021258
5824 6963 0.00163
6964 6963 0.00163
7100 6963 0.00163
5822 6964 0.0013758
6963 6964 0.0013758
7102 6964 0.0013758
7104 6964 0.0013758
6965 6967 0.00052669
6968 6967 0.00052669
7101 6967 0.00052669
3335 6968 0.0013007
5823 6968 0.0013007
5831 6968 0.0013007
6967 6968 0.0013007
6969 6971 0.029715
6972 6971 0.029715
6975 6971 0.029715
7066 6971 0.029715
6971 6972 0.011787
6974 6972 0.011787
7064 6972 0.011787
6971 6973 0.027475
6974 6973 0.027475
7064 6973 0.027475
6973 6974 0.036541
6976 6974 0.036541
6978 6974 0.036541
6973 6975 0.051523
6976 6975 0.051523
6978 6975 0.051523
6969 6976 0.0086099
6972 6976 0.0086099
6975 6976 0.0086099
7066 6976 0.0086099
6973 6977 0.017806
6976 6977 0.017806
6978 6977 0.017806
3320 6978 0.069785
6977 6978 0.069785
7096 6978 0.069785
6980 6979 0.060362
7065 6979 0.060362
7098 6979 0.060362
6229 6980 0.0018461
6979 6980 0.0018461
7063 6980 0.0018461
6982 6981 0.012054
6984 6981 0.012054
6986 6981 0.012054
6981 6982 0.0025325
6990 6982 0.0025325
6982 6983 0.0089437
6984 6983 0.0089437
6986 6983 0.0089437
3318 6984 0.0224
6983 6984 0.0224
7092 6984 0.0224
6982 6985 0.013706
6984 6985 0.013706
6986 6985 0.013706
6985 6986 0.0097719
6988 6986 0.0097719
6989 6986 0.0097719
6985 6987 0.019793
6988 6987 0.019793
6989 6987 0.019793
6987 6988 0.0063371
6992 6988 0.0063371
6994 6988 0.0063371
6981 6989 0.012054
6990 6989 0.012054
6985 6990 0.0025325
6988 6990 0.0025325
6989 6990 0.0025325
6987 6991 0.016302
6992 6991 0.016302
6994 6991 0.016302
6991 6992 0.0021244
6995 6992 0.0021244
7000 6992 0.0021244
6987 6993 0.010697
6992 6993 0.010697
6994 6993 0.010697
6993 6994 0.011418
6996 6994 0.011418
6998 6994 0.011418
7001 6994 0.011418
6993 6995 0.0050411
6996 6995 0.0050411
6998 6995 0.0050411
7001 6995 0.0050411
6991 6996 0.014088
6995 6996 0.014088
7000 6996 0.014088
6993 6997 0.020521
6996 6997 0.020521
6998 6997 0.020521
7001 6997 0.020521
6997 6998 0.0070644
7090 6998 0.0070644
7091 6998 0.0070644
6991 6999 0.0060619
6995 6999 0.0060619
7000 6999 0.0060619
6999 7000 0.00093203
7002 7000 0.00093203
7004 7000 0.00093203
6999 7001 0.0060619
7002 7001 0.0060619
7004 7001 0.0060619
6993 7002 0.00093203
6996 7002 0.00093203
6998 7002 0.00093203
7001 7002 0.00093203
2366 7005 0.00010924
7006 7005 0.00010924
7086 7005 0.00010924
3316 7006 0.0092703
7005 7006 0.0092703
7008 7006 0.0092703
7088 7006 0.0092703
7016 7017 0.00010539
7019 7017 0.00010539
7026 7017 0.00010539
7021 7020 0.0012351
7023 7020 0.0012351
7025 7020 0.0012351
7036 7020 0.0012351
7020 7021 0.00083188
7032 7021 0.00083188
7035 7021 0.00083188
7021 7022 0.00093049
7023 7022 0.00093049
7025 7022 0.00093049
7036 7022 0.00093049
7022 7023 0.00049771
7029 7023 0.00049771
7031 7023 0.00049771
7033 7023 0.00049771
7021 7024 0.0012782
7023 7024 0.0012782
7025 7024 0.0012782
7036 7024 0.0012782
7024 7025 0.0013607
7027 7025 0.0013607
7077 7025 0.0013607
7080 7025 0.0013607
7024 7026 0.00010877
7027 7026 0.00010877
7077 7026 0.00010877
7080 7026 0.00010877
7022 7030 0.0001009
7029 7030 0.0001009
7031 7030 0.0001009
7033 7030 0.0001009
1230 7031 0.0011966
7030 7031 0.0011966
7078 7031 0.0011966
7022 7032 0.001663
7029 7032 0.001663
7031 7032 0.001663
7033 7032 0.001663
7020 7033 0.00013452
7032 7033 0.00013452
7035 7033 0.00013452
7020 7034 0.0021452
7032 7034 0.0021452
7035 7034 0.0021452
7034 7035 0.00021356
7037 7035 0.00021356
7039 7035 0.00021356
7034 7036 0.0014826
7037 7036 0.0014826
7039 7036 0.0014826
7021 7037 0.00072912
7023 7037 0.00072912
7025 7037 0.00072912
7036 7037 0.00072912
7034 7038 0.0018578
7037 7038 0.0018578
7039 7038 0.0018578
7038 7039 0.00067958
7041 7039 0.00067958
7043 7039 0.00067958
7038 7040 0.0018552
7041 7040 0.0018552
7043 7040 0.0018552
1227 7041 0.00068774
7040 7041 0.00068774
7075 7041 0.00068774
7079 7041 0.00068774
6971 7063 0.042653
6974 7063 0.042653
7064 7063 0.042653
6229 7064 0.015658
6979 7064 0.015658
7063 7064 0.015658
6969 7065 0.034616
6972 7065 0.034616
6975 7065 0.034616
7066 7065 0.034616
6980 7066 0.0096314
7065 7066 0.0096314
7098 7066 0.0096314
2342 7073 0.0001782
7057 7073 0.0001782
7074 7073 0.0001782
4227 7074 0.0032581
5937 7074 0.0032581
7073 7074 0.0032581
1653 7075 0.0013606
7054 7075 0.0013606
7076 7075 0.0013606
1227 7076 0.0042915
7040 7076 0.0042915
7075 7076 0.0042915
7079 7076 0.0042915
1230 7077 0.0001009
7030 7077 0.0001009
7078 7077 0.0001009
7024 7078 0.0011966
7027 7078 0.0011966
7077 7078 0.0011966
7080 7078 0.0011966
7024 7079 0.00081094
7027 7079 0.00081094
7077 7079 0.00081094
7080 7079 0.00081094
1227 7080 0.002097
7040 7080 0.002097
7075 7080 0.002097
7079 7080 0.002097
6895 7083 0.00080145
7017 7083 0.00080145
7084 7083 0.00080145
2366 7085 0.00036108
7006 7085 0.00036108
7086 7085 0.00036108
5670 7086 0.0060624
6385 7086 0.0060624
7085 7086 0.0060624
3316 7087 0.0011971
7005 7087 0.0011971
7008 7087 0.0011971
7088 7087 0.0011971
2351 7088 0.0045564
4656 7088 0.0045564
7014 7088 0.0045564
7087 7088 0.0045564
6997 7089 0.0040948
7090 7089 0.0040948
7091 7089 0.0040948
3317 7090 0.013619
5238 7090 0.013619
7089 7090 0.013619
3318 7091 0.0086619
6983 7091 0.0086619
7092 7091 0.0086619
6997 7092 0.031643
7090 7092 0.031643
7091 7092 0.031643
547 7093 0.0044763
2073 7093 0.0044763
7094 7093 0.0044763
3319 7094 0.8957
5985 7094 0.8957
7093 7094 0.8957
7095 7094 0.8957
3320 7095 0.011455
6977 7095 0.011455
7096 7095 0.011455
3319 7096 0.10334
5985 7096 0.10334
7093 7096 0.10334
7095 7096 0.10334
6980 7097 0.0026845
7065 7097 0.0026845
7098 7097 0.0026845
3321 7098 0.036216
3322 7098 0.036216
7097 7098 0.036216
5824 7099 0.00045465
6964 7099 0.00045465
7100 7099 0.00045465
3325 7100 0.0030803
3326 7100 0.0030803
7099 7100 0.0030803
5822 7101 0.00052669
6963 7101 0.00052669
7102 7101 0.00052669
7104 7101 0.00052669
6965 7102 0.0013007
6968 7102 0.0013007
7101 7102 0.0013007
5822 7103 0.0020049
6963 7103 0.0020049
7102 7103 0.0020049
7104 7103 0.0020049
3323 7104 0.0039797
3324 7104 0.0039797
7103 7104 0.0039797
6961 7105 0.012853
7106 7105 0.012853
7107 7105 0.012853
2346 7107 0.012853
6960 7107 0.012853
7108 7107 0.012853
5905 7109 0.0012204
6955 7109 0.0012204
7110 7109 0.0012204
719 7110 0.0014506
5908 7110 0.0014506
7109 7110 0.0014506
3795 7115 0.0023574
7117 7116 0.05527
1226 7117 0.05527
1536 7117 0.05527
4200 7117 0.05527
3623 7128 0.0088271
7129 7128 0.0088271
3626 7129 0.0059033
4050 7129 0.0059033
4051 7129 0.0059033
7128 7129 0.0059033
2324 7130 0.0010612
7131 7130 0.0010612
3189 7131 0.005338
4707 7131 0.005338
5981 7131 0.005338
7130 7131 0.005338
4155 7133 0.0034545
7132 7133 0.0034545
6726 7152 0.00055012
7153 7152 0.00055012
2334 7153 0.043776
2337 7153 0.043776
5977 7153 0.043776
7152 7153 0.043776
6952 7160 0.0010059
7161 7160 0.0010059
7162 7160 0.0010059
2356 7161 0.04842
2359 7161 0.04842
6362 7161 0.04842
7160 7161 0.04842
6939 7162 0.00042911
7067 7162 0.00042911
7163 7162 0.00042911
7164 7162 0.00042911
6952 7163 0.051711
7161 7163 0.051711
7162 7163 0.051711
6363 7164 0.00025783
6943 7164 0.00025783
7165 7164 0.00025783
6939 7165 0.051204
7067 7165 0.051204
7163 7165 0.051204
7164 7165 0.051204
2318 7208 0.0037771
7209 7208 0.0037771
5740 7218 0.0010166
7219 7218 0.0010166
5241 7219 0.0011729
5738 7219 0.0011729
7218 7219 0.0011729
1232 7248 0.0018633
7249 7248 0.0018633
1235 7251 0.0018634
7248 7251 0.0018634
7250 7251 0.0018634
5895 7252 0.84358
7253 7252 0.84358
5893 7254 0.45167
7255 7254 0.45167
2329 7255 0.0017866
5896 7255 0.0017866
7254 7255 0.0017866
7258 7255 0.0017866
2328 7256 0.00358
7257 7256 0.00358
2331 7257 0.36677
4196 7257 0.36677
5971 7257 0.36677
7256 7257 0.36677
2326 7258 0.033563
7259 7258 0.033563
2329 7259 0.0030769
5896 7259 0.0030769
7254 7259 0.0030769
7258 7259 0.0030769
954 7263 0.99577
3618 7263 0.99577
7260 7263 0.99577
7262 7263 0.99577
1886 7270 0.0037771
2316 7270 0.0037771
7271 7270 0.0037771
