548 547 0.00047029
6226 547 0.00047029
6227 547 0.00047029
6230 547 0.00047029
547 548 0.00079425
2073 548 0.00079425
7094 548 0.00079425
949 948 1
948 950 0.25803
951 950 0.25803
6355 950 0.25803
950 951 0.0020417
6352 951 0.0020417
6353 951 0.0020417
6356 951 0.0020417
995 994 0.0049937
6359 994 0.0049937
6360 994 0.0049937
994 995 0.0024918
997 995 0.0024918
2076 995 0.0024918
2077 995 0.0024918
994 996 0.0014716
997 996 0.0014716
2076 996 0.0014716
2077 996 0.0014716
996 997 0.0013521
3119 997 0.0013521
4790 997 0.0013521
6237 997 0.0013521
1528 1530 0.00055304
1531 1530 0.00055304
3303 1530 0.00055304
2072 2071 0.00047775
2074 2071 0.00047775
2075 2071 0.00047775
3906 2071 0.00047775
2071 2072 0.0013716
6238 2072 0.0013716
6239 2072 0.0013716
2072 2073 0.0013692
2074 2073 0.0013692
2075 2073 0.0013692
3906 2073 0.0013692
547 2074 0.00021098
2073 2074 0.00021098
7094 2074 0.00021098
994 2075 0.0027355
997 2075 0.0027355
2076 2075 0.0027355
2077 2075 0.0027355
2072 2076 0.0017808
2074 2076 0.0017808
2075 2076 0.0017808
3906 2076 0.0017808
2078 2077 0.0027291
2358 2077 0.0027291
2361 2077 0.0027291
6371 2077 0.0027291
994 2078 0.0041568
997 2078 0.0041568
2076 2078 0.0041568
2077 2078 0.0041568
2353 2352 0.00065416
3337 2352 0.00065416
2352 2353 0.00081367
2355 2353 0.00081367
5269 2353 0.00081367
2352 2354 0.004853
2355 2354 0.004853
5269 2354 0.004853
2354 2355 0.054671
2357 2355 0.054671
2354 2356 0.00079239
2357 2356 0.00079239
2356 2357 0.055471
2359 2357 0.055471
6362 2357 0.055471
7160 2357 0.055471
2356 2358 0.0047386
2359 2358 0.0047386
6362 2358 0.0047386
7160 2358 0.0047386
2078 2359 0.0050072
2358 2359 0.0050072
2361 2359 0.0050072
6371 2359 0.0050072
2078 2360 0.0016067
2358 2360 0.0016067
2361 2360 0.0016067
6371 2360 0.0016067
2360 2361 0.00097074
2363 2361 0.00097074
3120 2361 0.00097074
2360 2362 0.00024255
2363 2362 0.00024255
3120 2362 0.00024255
2362 2363 0.00028404
2365 2363 0.00028404
6395 2363 0.00028404
2362 2364 0.00015588
2365 2364 0.00015588
6395 2364 0.00015588
1530 2849 0.00054839
1533 2849 0.00054839
2850 2849 0.00054839
2360 3119 0.0014395
2363 3119 0.0014395
3120 3119 0.0014395
996 3120 0.00076211
3119 3120 0.00076211
4790 3120 0.00076211
6237 3120 0.00076211
3122 3121 0.0063984
5270 3121 0.0063984
6233 3121 0.0063984
3121 3122 0.00065903
3328 3122 0.00065903
3329 3122 0.00065903
3124 3123 0.00024663
3307 3123 0.00024663
3308 3123 0.00024663
3637 3123 0.00024663
3123 3125 0.00024063
3126 3125 0.00024063
3312 3125 0.00024063
3136 3135 0.00012229
3305 3135 0.00012229
3306 3135 0.00012229
3135 3136 0.00025942
5948 3136 0.00025942
5953 3136 0.00025942
3138 3137 0.001194
5832 3137 0.001194
6422 3137 0.001194
3137 3138 0.0021226
3302 3138 0.0021226
3338 3138 0.0021226
3140 3139 0.00028401
6372 3139 0.00028401
6373 3139 0.00028401
6407 3139 0.00028401
3139 3140 0.00022137
3910 3140 0.00022137
6112 3140 0.00022137
3142 3141 0.00014699
6414 3141 0.00014699
6415 3141 0.00014699
3141 3142 0.00075842
3144 3142 0.00075842
4787 3142 0.00075842
3141 3143 0.00026488
3144 3143 0.00026488
4787 3143 0.00026488
3143 3144 0.00047618
3146 3144 0.00047618
6374 3144 0.00047618
6375 3144 0.00047618
3143 3145 0.00020948
3146 3145 0.00020948
6374 3145 0.00020948
6375 3145 0.00020948
3145 3146 0.0001292
3148 3146 0.0001292
3911 3146 0.0001292
6109 3146 0.0001292
3137 3303 0.00055304
3302 3303 0.00055304
3338 3303 0.00055304
3136 3304 0.0040915
3305 3304 0.0040915
3306 3304 0.0040915
3304 3305 0.00017737
6420 3305 0.00017737
6421 3305 0.00017737
3124 3306 0.0038661
3307 3306 0.0038661
3308 3306 0.0038661
3637 3306 0.0038661
3320 3321 0.0010592
6977 3321 0.0010592
7096 3321 0.0010592
3321 3323 0.0023634
3322 3323 0.0023634
7097 3323 0.0023634
3323 3325 0.0035538
3324 3325 0.0035538
7103 3325 0.0035538
2753 3326 0.00012773
3327 3326 0.00012773
5237 3326 0.00012773
3325 3327 0.0035098
3326 3327 0.0035098
7099 3327 0.0035098
2353 3328 0.00088853
3337 3328 0.00088853
3332 3331 0.00012182
3334 3331 0.00012182
3333 3334 0.00012182
3336 3334 0.00012182
6225 3334 0.00012182
3333 3335 0.0010976
3336 3335 0.0010976
6225 3335 0.0010976
3137 3337 0.00072902
3302 3337 0.00072902
3338 3337 0.00072902
3343 3338 0.002155
3639 3338 0.002155
3962 3338 0.002155
600 3343 0.00055608
2849 3343 0.00055608
3344 3343 0.00055608
3345 3343 0.00055608
3638 3637 0.0040569
3640 3637 0.0040569
5268 3637 0.0040569
3638 3639 0.0016872
3640 3639 0.0016872
5268 3639 0.0016872
3907 3906 0.002471
4019 3906 0.002471
6228 3906 0.002471
6358 3906 0.002471
2072 3907 0.0031613
2074 3907 0.0031613
2075 3907 0.0031613
3906 3907 0.0031613
3145 3910 0.00015208
3148 3910 0.00015208
3911 3910 0.00015208
6109 3910 0.00015208
3139 3911 0.00010797
3910 3911 0.00010797
6112 3911 0.00010797
4020 4019 0.0061531
6232 4019 0.0061531
6351 4019 0.0061531
3907 4020 0.018671
4019 4020 0.018671
6228 4020 0.018671
6358 4020 0.018671
4788 4787 0.00049297
6408 4787 0.00049297
6409 4787 0.00049297
996 4789 0.00022333
3119 4789 0.00022333
4790 4789 0.00022333
6237 4789 0.00022333
4789 4790 0.00018762
6240 4790 0.00018762
6365 4790 0.00018762
3121 5237 0.0066279
3328 5237 0.0066279
3329 5237 0.0066279
3138 5268 0.0056603
5832 5268 0.0056603
6422 5268 0.0056603
3122 5269 0.94828
5270 5269 0.94828
6233 5269 0.94828
2753 5270 0.01001
3327 5270 0.01001
5237 5270 0.01001
3335 5822 0.0013709
5823 5822 0.0013709
5831 5822 0.0013709
6967 5822 0.0013709
5822 5823 0.00027616
6963 5823 0.00027616
7102 5823 0.00027616
7104 5823 0.00027616
5825 5824 0.00035078
5826 5824 0.00035078
5830 5824 0.00035078
5824 5825 0.00068057
6964 5825 0.00068057
7100 5825 0.00068057
3331 5826 0.00012182
5827 5826 0.00012182
5829 5826 0.00012182
3335 5830 0.00032933
5823 5830 0.00032933
5831 5830 0.00032933
6967 5830 0.00032933
5825 5831 0.00069718
5826 5831 0.00069718
5830 5831 0.00069718
2352 5832 0.99794
2355 5832 0.99794
5269 5832 0.99794
3125 5948 0.00017178
3128 5948 0.00017178
5949 5948 0.00017178
3135 5952 0.00012874
5948 5952 0.00012874
5953 5952 0.00012874
5952 5953 0.00011709
6378 5953 0.00011709
6379 5953 0.00011709
3139 6111 0.00020671
3910 6111 0.00020671
6112 6111 0.00020671
548 6225 0.0011505
6226 6225 0.0011505
6227 6225 0.0011505
6230 6225 0.0011505
3333 6226 0.00010011
3336 6226 0.00010011
6225 6226 0.00010011
3907 6227 0.0032988
4019 6227 0.0032988
6228 6227 0.0032988
6358 6227 0.0032988
548 6228 0.001079
6226 6228 0.001079
6227 6228 0.001079
6230 6228 0.001079
548 6229 0.0019912
6226 6229 0.0019912
6227 6229 0.0019912
6230 6229 0.0019912
6229 6230 0.00049773
6979 6230 0.00049773
7063 6230 0.00049773
4020 6231 0.20432
6232 6231 0.20432
6351 6231 0.20432
6231 6232 0.0043187
6234 6232 0.0043187
6354 6232 0.0043187
6231 6233 0.94406
6234 6233 0.94406
6354 6233 0.94406
2071 6237 0.000472
6238 6237 0.000472
6239 6237 0.000472
996 6238 0.0012332
3119 6238 0.0012332
4790 6238 0.0012332
6237 6238 0.0012332
4789 6239 0.00024515
6240 6239 0.00024515
6365 6239 0.00024515
2071 6240 0.00011254
6238 6240 0.00011254
6239 6240 0.00011254
950 6351 0.19013
6352 6351 0.19013
6353 6351 0.19013
6356 6351 0.19013
4020 6352 0.0026502
6232 6352 0.0026502
6351 6352 0.0026502
2354 6353 0.004861
2357 6353 0.004861
948 6354 0.75202
951 6354 0.75202
6355 6354 0.75202
6231 6355 0.0080053
6234 6355 0.0080053
6354 6355 0.0080053
6357 6356 0.00032581
6361 6356 0.00032581
950 6357 0.073692
6352 6357 0.073692
6353 6357 0.073692
6356 6357 0.073692
995 6358 0.018565
6359 6358 0.018565
6360 6358 0.018565
3907 6359 0.0045178
4019 6359 0.0045178
6228 6359 0.0045178
6358 6359 0.0045178
6357 6360 0.022265
6361 6360 0.022265
995 6361 0.0057159
6359 6361 0.0057159
6360 6361 0.0057159
6357 6362 0.056817
6361 6362 0.056817
6364 6363 0.0001616
6410 6363 0.0001616
6411 6363 0.0001616
6363 6364 0.0025676
6943 6364 0.0025676
7165 6364 0.0025676
2364 6365 0.00015184
2367 6365 0.00015184
6366 6365 0.00015184
6367 6365 0.00015184
3140 6371 0.0013202
6372 6371 0.0013202
6373 6371 0.0013202
6407 6371 0.0013202
2078 6372 0.0018434
2358 6372 0.0018434
2361 6372 0.0018434
6371 6372 0.0018434
3143 6373 0.00025723
3146 6373 0.00025723
6374 6373 0.00025723
6375 6373 0.00025723
3140 6374 0.0014095
6372 6374 0.0014095
6373 6374 0.0014095
6407 6374 0.0014095
6376 6375 0.00019274
6377 6375 0.00019274
6417 6375 0.00019274
3143 6376 0.0010534
3146 6376 0.0010534
6374 6376 0.0010534
6375 6376 0.0010534
5952 6377 0.00019945
6378 6377 0.00019945
6379 6377 0.00019945
6376 6378 0.00011052
6377 6378 0.00011052
6417 6378 0.00011052
3127 6379 0.0001015
3130 6379 0.0001015
6380 6379 0.0001015
6381 6379 0.0001015
6111 6395 0.00023768
6396 6395 0.00023768
6397 6395 0.00023768
6406 6395 0.00023768
4788 6407 0.0012343
6408 6407 0.0012343
6409 6407 0.0012343
3140 6408 0.00054265
6372 6408 0.00054265
6373 6408 0.00054265
6407 6408 0.00054265
6364 6409 0.0015026
6410 6409 0.0015026
6411 6409 0.0015026
4788 6410 0.00041075
6408 6410 0.00041075
6409 6410 0.00041075
6364 6412 0.0013729
6410 6412 0.0013729
6411 6412 0.0013729
5834 6414 0.0013729
6412 6414 0.0013729
6413 6414 0.0013729
6416 6415 0.00012099
6418 6415 0.00012099
6419 6415 0.00012099
3142 6416 0.0020467
6414 6416 0.0020467
6415 6416 0.0020467
6416 6417 0.00018615
6418 6417 0.00018615
6419 6417 0.00018615
6376 6418 0.0011358
6377 6418 0.0011358
6417 6418 0.0011358
3304 6419 0.00027551
6420 6419 0.00027551
6421 6419 0.00027551
6416 6420 0.0031508
6418 6420 0.0031508
6419 6420 0.0031508
3138 6421 0.00043995
5832 6421 0.00043995
6422 6421 0.00043995
3304 6422 0.0072294
6420 6422 0.0072294
6421 6422 0.0072294
6939 6938 0.0022693
7067 6938 0.0022693
7163 6938 0.0022693
7164 6938 0.0022693
6938 6939 0.0012681
6941 6939 0.0012681
6949 6939 0.0012681
6938 6940 0.00027504
6941 6940 0.00027504
6949 6940 0.00027504
6940 6941 0.0017795
6942 6941 0.0017795
6945 6941 0.0017795
6947 6941 0.0017795
6363 6942 0.0017795
6943 6942 0.0017795
7165 6942 0.0017795
6940 6943 0.00027504
6942 6943 0.00027504
6945 6943 0.00027504
6947 6943 0.00027504
6938 6948 0.0029331
6941 6948 0.0029331
6949 6948 0.0029331
6948 6949 0.00042744
6950 6949 0.00042744
6953 6949 0.00042744
6948 6952 0.0029331
6950 6952 0.0029331
6953 6952 0.0029331
6952 6953 0.00042744
7161 6953 0.00042744
7162 6953 0.00042744
5824 6963 0.00059004
6964 6963 0.00059004
7100 6963 0.00059004
5822 6964 0.00079175
6963 6964 0.00079175
7102 6964 0.00079175
7104 6964 0.00079175
3335 6968 0.00034357
5823 6968 0.00034357
5831 6968 0.00034357
6967 6968 0.00034357
6969 6971 0.00034984
6972 6971 0.00034984
6975 6971 0.00034984
7066 6971 0.00034984
6971 6972 0.00034764
6974 6972 0.00034764
7064 6972 0.00034764
6971 6973 0.00070753
6974 6973 0.00070753
7064 6973 0.00070753
6973 6974 0.00018892
6976 6974 0.00018892
6978 6974 0.00018892
6973 6975 0.00057513
6976 6975 0.00057513
6978 6975 0.00057513
6969 6976 0.00023031
6972 6976 0.00023031
6975 6976 0.00023031
7066 6976 0.00023031
6973 6977 0.0005442
6976 6977 0.0005442
6978 6977 0.0005442
3320 6978 0.0003704
6977 6978 0.0003704
7096 6978 0.0003704
6980 6979 0.00050738
7065 6979 0.00050738
7098 6979 0.00050738
6229 6980 0.0014844
6979 6980 0.0014844
7063 6980 0.0014844
6971 7063 0.0002345
6974 7063 0.0002345
7064 7063 0.0002345
6229 7064 0.00075092
6979 7064 0.00075092
7063 7064 0.00075092
6969 7065 0.00056937
6972 7065 0.00056937
6975 7065 0.00056937
7066 7065 0.00056937
6980 7066 0.00022675
7065 7066 0.00022675
7098 7066 0.00022675
547 7093 0.00090063
2073 7093 0.00090063
7094 7093 0.00090063
3319 7096 0.00090677
5985 7096 0.00090677
7093 7096 0.00090677
7095 7096 0.00090677
6980 7097 0.0015783
7065 7097 0.0015783
7098 7097 0.0015783
3321 7098 0.00025861
3322 7098 0.00025861
7097 7098 0.00025861
5824 7099 0.00076174
6964 7099 0.00076174
7100 7099 0.00076174
3325 7100 0.00088981
3326 7100 0.00088981
7099 7100 0.00088981
6965 7102 0.00034357
6968 7102 0.00034357
7101 7102 0.00034357
5822 7103 0.0015377
6963 7103 0.0015377
7102 7103 0.0015377
7104 7103 0.0015377
3323 7104 0.00035933
3324 7104 0.00035933
7103 7104 0.00035933
6952 7160 0.0034265
7161 7160 0.0034265
7162 7160 0.0034265
2356 7161 0.0058325
2359 7161 0.0058325
6362 7161 0.0058325
7160 7161 0.0058325
6939 7162 0.0011446
7067 7162 0.0011446
7163 7162 0.0011446
7164 7162 0.0011446
6952 7163 0.0060563
7161 7163 0.0060563
7162 7163 0.0060563
6363 7164 0.00030431
6943 7164 0.00030431
7165 7164 0.00030431
6939 7165 0.0042148
7067 7165 0.0042148
7163 7165 0.0042148
7164 7165 0.0042148
