5462 1312 0.00022181
6768 1312 0.00022181
1826 1827 0.00022256
3149 1827 0.00022256
3152 1827 0.00022256
2150 2151 1
6797 2151 1
2152 2153 0.9999
6824 2153 0.9999
2154 2155 1
6809 2155 1
3150 3149 0.00022581
4674 3149 0.00022581
7178 3149 0.00022581
1659 3212 0.00013468
3213 3212 0.00013468
4560 3212 0.00013468
3212 3213 0.0001045
3651 3213 0.0001045
3654 3213 0.0001045
2151 3651 0.0028936
3649 3651 0.0028936
3652 3651 0.0028936
6823 3651 0.0028936
3212 3652 0.0028632
3651 3652 0.0028632
3654 3652 0.0028632
3212 3653 0.0027978
3651 3653 0.0027978
3654 3653 0.0027978
3653 3654 0.0027372
3656 3654 0.0027372
6210 3654 0.0027372
3653 3655 0.00074768
3656 3655 0.00074768
6210 3655 0.00074768
3655 3656 0.0022844
3658 3656 0.0022844
6205 3656 0.0022844
1827 4671 0.00022181
2656 4671 0.00022181
4672 4671 0.00022181
1312 4674 1.0002
2155 4674 1.0002
4673 4674 1.0002
6206 6205 0.0022827
6209 6205 0.0022827
6211 6205 0.0022827
3655 6206 0.00068544
3658 6206 0.00068544
6205 6206 0.00068544
3653 6209 0.0022827
3656 6209 0.0022827
6210 6209 0.0022827
6206 6210 0.00068544
6209 6210 0.00068544
6211 6210 0.00068544
6769 6768 0.00022181
7281 6768 0.00022181
6796 6797 1
7183 6797 1
549 6809 1
2153 6809 1
2864 6809 1
6808 6809 1
2151 6824 0.9999
3649 6824 0.9999
3652 6824 0.9999
6823 6824 0.9999
7182 7183 1
7185 7183 1
7184 7185 1
7288 7185 1
4671 7281 0.00022181
7282 7281 0.00022181
