310 309 0.01938
2653 309 0.01938
2655 309 0.01938
5462 1312 0.084813
6768 1312 0.084813
1827 1826 0.89648
2656 1826 0.89648
4672 1826 0.89648
309 2144 0.00058915
2145 2144 0.00058915
5494 2144 0.00058915
2648 2650 0.00058505
2649 2650 0.00058505
7140 2650 0.00058505
2650 2653 1.0006
2651 2653 1.0006
2654 2653 1.0006
310 2656 0.98126
2653 2656 0.98126
2655 2656 0.98126
1826 3150 0.9152
3149 3150 0.9152
3152 3150 0.9152
3151 3152 0.018797
3154 3152 0.018797
5499 3152 0.018797
5500 3152 0.018797
1827 4671 0.084813
2656 4671 0.084813
4672 4671 0.084813
1312 4674 0.084817
2155 4674 0.084817
4673 4674 0.084817
309 5495 0.018791
2145 5495 0.018791
5494 5495 0.018791
35 5497 0.018791
5495 5497 0.018791
5496 5497 0.018791
1313 5499 0.018791
5497 5499 0.018791
5498 5499 0.018791
6769 6768 0.084813
7281 6768 0.084813
2144 7138 0.00058915
7139 7138 0.00058915
7138 7140 0.00058915
7141 7140 0.00058915
4671 7281 0.084813
7282 7281 0.084813
