295 296 0.0001318
297 296 0.0001318
298 297 0.0001318
1338 297 0.0001318
1403 297 0.0001318
5596 297 0.0001318
309 310 0.00043833
2145 310 0.00043833
5494 310 0.00043833
1123 1124 0.01418
2461 1124 0.01418
3067 1124 0.01418
3069 1124 0.01418
2277 1225 0.0012083
5109 1225 0.0012083
1301 1300 0.00018064
2463 1300 0.00018064
5146 1300 0.00018064
5462 1312 0.00066034
6768 1312 0.00066034
1316 1315 0.073461
2451 1315 0.073461
2452 1315 0.073461
1315 1316 0.029689
2501 1316 0.029689
2502 1316 0.029689
1318 1317 0.10127
1432 1317 0.10127
2453 1317 0.10127
1317 1318 0.00087722
2500 1318 0.00087722
5368 1318 0.00087722
1337 1338 0.0001342
1831 1338 0.0001342
5653 1338 0.0001342
1346 1345 0.0029761
1383 1345 0.0029761
6665 1345 0.0029761
1345 1346 0.0011323
5364 1346 0.0011323
5599 1346 0.0011323
1368 1367 0.00089149
1387 1367 0.00089149
1389 1367 0.00089149
1367 1368 0.00033423
3068 1368 0.00033423
1300 1372 0.00015699
1371 1372 0.00015699
2464 1372 0.00015699
1384 1383 0.00054334
5361 1383 0.00054334
5598 1383 0.00054334
1346 1384 0.002557
1383 1384 0.002557
6665 1384 0.002557
1386 1385 0.00073285
5359 1385 0.00073285
5362 1385 0.00073285
1369 1386 0.00019337
1385 1386 0.00019337
5369 1386 0.00019337
1388 1387 0.00089149
5370 1387 0.00089149
6669 1387 0.00089149
1368 1388 0.00033423
1387 1388 0.00033423
1389 1388 0.00033423
1431 1432 0.97432
1846 1432 0.97432
2454 1432 0.97432
1434 1433 0.030611
2455 1433 0.030611
5808 1433 0.030611
1433 1434 0.0056304
1844 1434 0.0056304
2456 1434 0.0056304
1808 1805 0.0068424
4680 1805 0.0068424
5101 1805 0.0068424
296 1822 0.0001318
299 1822 0.0001318
1823 1822 0.0001318
1827 1826 0.00040155
2656 1826 0.00040155
4672 1826 0.00040155
1826 1827 0.00062523
3149 1827 0.00062523
3152 1827 0.00062523
1337 1830 0.0001515
1831 1830 0.0001515
5653 1830 0.0001515
1830 1831 0.00015104
3153 1831 0.00015104
3156 1831 0.00015104
5514 1831 0.00015104
1833 1832 0.0020662
1837 1832 0.0020662
5638 1832 0.0020662
5644 1832 0.0020662
1832 1833 0.0054117
1839 1833 0.0054117
5636 1833 0.0054117
1835 1834 0.004054
5640 1834 0.004054
5642 1834 0.004054
5645 1834 0.004054
1834 1835 0.044404
2505 1835 0.044404
2506 1835 0.044404
1833 1836 0.00094934
1837 1836 0.00094934
5638 1836 0.00094934
5644 1836 0.00094934
1836 1837 0.01229
2513 1837 0.01229
2514 1837 0.01229
1832 1838 0.00076102
1839 1838 0.00076102
5636 1838 0.00076102
1838 1839 0.0060865
2515 1839 0.0060865
2516 1839 0.0060865
1841 1840 0.0031767
2479 1840 0.0031767
2480 1840 0.0031767
1840 1841 0.002274
2482 1841 0.002274
5620 1841 0.002274
555 1844 0.0023265
1845 1844 0.0023265
2733 1844 0.0023265
1433 1845 0.0038743
1844 1845 0.0038743
2456 1845 0.0038743
1343 1846 0.0050095
1847 1846 0.0050095
2472 1846 0.0050095
5632 1846 0.0050095
1431 1847 0.015
1846 1847 0.015
2454 1847 0.015
1849 1848 0.0019935
2476 1848 0.0019935
5626 1848 0.0019935
1848 1849 0.0017262
2473 1849 0.0017262
2474 1849 0.0017262
1805 2277 0.0012079
2278 2277 0.0012079
4682 2277 0.0012079
2449 2448 0.84425
2450 2448 0.84425
2510 2448 0.84425
2448 2449 0.00059434
2478 2449 0.00059434
5517 2449 0.00059434
1316 2450 0.83605
2451 2450 0.83605
2452 2450 0.83605
2449 2451 0.0059604
2450 2451 0.0059604
2510 2451 0.0059604
1318 2452 0.87966
1432 2452 0.87966
2453 2452 0.87966
1316 2453 0.0058013
2451 2453 0.0058013
2452 2453 0.0058013
1434 2454 0.98426
2455 2454 0.98426
5808 2454 0.98426
2457 2456 0.003383
5812 2456 0.003383
6662 2456 0.003383
1433 2457 0.026816
1844 2457 0.026816
2456 2457 0.026816
2458 2459 0.013675
5373 2459 0.013675
6663 2459 0.013675
6664 2459 0.013675
2460 2461 0.013636
6667 2461 0.013636
6668 2461 0.013636
2462 2463 0.00018064
3070 2463 0.00018064
5172 2463 0.00018064
1848 2472 0.0050705
2473 2472 0.0050705
2474 2472 0.0050705
1343 2473 0.0032553
1847 2473 0.0032553
2472 2473 0.0032553
5632 2473 0.0032553
2470 2474 0.0038743
2475 2474 0.0038743
2732 2474 0.0038743
1848 2475 0.0023265
2473 2475 0.0023265
2474 2475 0.0023265
1841 2478 0.015493
2479 2478 0.015493
2480 2478 0.015493
2448 2479 0.003955
2478 2479 0.003955
5517 2479 0.003955
2481 2480 0.013593
2483 2480 0.013593
5623 2480 0.013593
1841 2481 0.001152
2479 2481 0.001152
2480 2481 0.001152
2481 2482 0.002274
2483 2482 0.002274
5623 2482 0.002274
1840 2483 0.0031767
2482 2483 0.0031767
5620 2483 0.0031767
2488 2489 0.0042946
5367 2489 0.0042946
5634 2489 0.0042946
2489 2491 0.0075037
2490 2491 0.0075037
2517 2491 0.0075037
2491 2493 0.009485
2492 2493 0.009485
5637 2493 0.009485
2493 2495 0.012095
2494 2495 0.012095
5639 2495 0.012095
2495 2497 0.041856
2496 2497 0.041856
5641 2497 0.041856
2499 2498 0.00010809
3155 2498 0.00010809
4512 2498 0.00010809
2497 2499 0.051216
2498 2499 0.051216
5647 2499 0.051216
1315 2500 0.0017131
2501 2500 0.0017131
2502 2500 0.0017131
1317 2501 0.097835
2500 2501 0.097835
5368 2501 0.097835
2503 2502 0.00094391
2504 2502 0.00094391
2511 2502 0.00094391
2512 2502 0.00094391
1315 2503 0.14084
2501 2503 0.14084
2502 2503 0.14084
1834 2504 0.0015416
2505 2504 0.0015416
2506 2504 0.0015416
2503 2505 0.10804
2504 2505 0.10804
2511 2505 0.10804
2512 2505 0.10804
2507 2506 0.0067992
2508 2506 0.0067992
5643 2506 0.0067992
1834 2507 0.072948
2505 2507 0.072948
2506 2507 0.072948
2509 2508 0.0018767
5646 2508 0.0018767
5649 2508 0.0018767
2507 2509 0.090669
2508 2509 0.090669
5643 2509 0.090669
2503 2510 0.063838
2504 2510 0.063838
2511 2510 0.063838
2512 2510 0.063838
2449 2511 0.05027
2450 2511 0.05027
2510 2511 0.05027
1836 2512 0.0013688
2513 2512 0.0013688
2514 2512 0.0013688
2503 2513 0.021196
2504 2513 0.021196
2511 2513 0.021196
2512 2513 0.021196
1838 2514 0.001162
2515 2514 0.001162
2516 2514 0.001162
1836 2515 0.0096482
2513 2515 0.0096482
2514 2515 0.0096482
2489 2516 0.001253
2490 2516 0.001253
2517 2516 0.001253
1838 2517 0.0044137
2515 2517 0.0044137
2516 2517 0.0044137
2629 2628 0.014194
4681 2628 0.014194
5113 2628 0.014194
310 2656 0.00043952
2653 2656 0.00043952
2655 2656 0.00043952
2470 2731 0.0023265
2475 2731 0.0023265
2732 2731 0.0023265
2468 2732 0.0038743
2731 2732 0.0038743
2734 2732 0.0038743
2468 2733 0.0023265
2731 2733 0.0023265
2734 2733 0.0023265
555 2734 0.0038743
1845 2734 0.0038743
2733 2734 0.0038743
1367 3067 0.00089149
3068 3067 0.00089149
1123 3068 0.00033423
2461 3068 0.00033423
3067 3068 0.00033423
3069 3068 0.00033423
2462 3069 0.00021423
3070 3069 0.00021423
5172 3069 0.00021423
1123 3070 0.00022378
2461 3070 0.00022378
3067 3070 0.00022378
3069 3070 0.00022378
1826 3150 0.98515
3149 3150 0.98515
3152 3150 0.98515
3151 3152 0.98537
3154 3152 0.98537
5499 3152 0.98537
5500 3152 0.98537
1830 3154 0.9858
3153 3154 0.9858
3156 3154 0.9858
5514 3154 0.9858
1830 3155 0.0001082
3153 3155 0.0001082
3156 3155 0.0001082
5514 3155 0.0001082
2499 3156 0.051228
3155 3156 0.051228
4512 3156 0.051228
1827 4671 0.00066033
2656 4671 0.00066033
4672 4671 0.00066033
1312 4674 0.00066035
2155 4674 0.00066035
4673 4674 0.00066035
1808 4679 0.0073732
4680 4679 0.0073732
5101 4679 0.0073732
1805 4681 0.005648
2278 4681 0.005648
4682 4681 0.005648
1124 5101 0.014196
5099 5101 0.014196
5102 5101 0.014196
2 5113 0.0085721
1225 5113 0.0085721
4679 5113 0.0085721
1372 5172 0.0001611
1381 5172 0.0001611
5173 5172 0.0001611
1386 5361 0.00019226
5359 5361 0.00019226
5362 5361 0.00019226
1384 5362 0.00075001
5361 5362 0.00075001
5598 5362 0.00075001
1345 5363 0.0042826
5364 5363 0.0042826
5599 5363 0.0042826
5363 5364 0.00098284
5810 5364 0.00098284
5813 5364 0.00098284
1317 5367 0.0042946
2500 5367 0.0042946
5368 5367 0.0042946
1388 5369 0.00019337
5370 5369 0.00019337
6669 5369 0.00019337
1369 5370 0.00073286
1385 5370 0.00073286
5369 5370 0.00073286
35 5494 0.00043946
5495 5494 0.00043946
5496 5494 0.00043946
1313 5496 0.00043946
5497 5496 0.00043946
5498 5496 0.00043946
3151 5498 0.00043946
3154 5498 0.00043946
5499 5498 0.00043946
5500 5498 0.00043946
2484 5514 0.93501
5515 5514 0.93501
5516 5514 0.93501
5648 5514 0.93501
1830 5515 0.00032544
3153 5515 0.00032544
3156 5515 0.00032544
5514 5515 0.00032544
2448 5516 0.85562
2478 5516 0.85562
5517 5516 0.85562
2484 5517 0.00042733
5515 5517 0.00042733
5516 5517 0.00042733
5648 5517 0.00042733
1345 5598 0.00085103
5364 5598 0.00085103
5599 5598 0.00085103
1384 5599 0.002307
5361 5599 0.002307
5598 5599 0.002307
2481 5622 0.00015299
2483 5622 0.00015299
5623 5622 0.00015299
1341 5623 0.011691
5622 5623 0.011691
5625 5623 0.011691
1341 5624 0.00015299
5622 5624 0.00015299
5625 5624 0.00015299
5624 5625 0.011691
5627 5625 0.011691
5628 5625 0.011691
5631 5625 0.011691
5624 5626 0.0019935
5627 5626 0.0019935
5628 5626 0.0019935
5631 5626 0.0019935
1849 5627 0.0017262
2476 5627 0.0017262
5626 5627 0.0017262
5624 5630 0.00049601
5627 5630 0.00049601
5628 5630 0.00049601
5631 5630 0.00049601
1842 5631 0.012302
5630 5631 0.012302
5633 5631 0.012302
1842 5632 0.00049602
5630 5632 0.00049602
5633 5632 0.00049602
1343 5633 0.012302
1847 5633 0.012302
2472 5633 0.012302
5632 5633 0.012302
2491 5636 0.0011583
2492 5636 0.0011583
5637 5636 0.0011583
1832 5637 0.0031383
1839 5637 0.0031383
5636 5637 0.0031383
2493 5638 0.00057072
2494 5638 0.00057072
5639 5638 0.00057072
1833 5639 0.0031641
1837 5639 0.0031641
5638 5639 0.0031641
5644 5639 0.0031641
2495 5640 0.00080458
2496 5640 0.00080458
5641 5640 0.00080458
1835 5641 0.030603
5640 5641 0.030603
5642 5641 0.030603
5645 5641 0.030603
2507 5642 0.0050583
2508 5642 0.0050583
5643 5642 0.0050583
1835 5643 0.027702
5640 5643 0.027702
5642 5643 0.027702
5645 5643 0.027702
1835 5644 0.002747
5640 5644 0.002747
5642 5644 0.002747
5645 5644 0.002747
1833 5645 0.01484
1837 5645 0.01484
5638 5645 0.01484
5644 5645 0.01484
2497 5646 0.0074407
2498 5646 0.0074407
5647 5646 0.0074407
2509 5647 0.016744
5646 5647 0.016744
5649 5647 0.016744
2509 5648 0.089037
5646 5648 0.089037
5649 5648 0.089037
2484 5649 0.0095472
5515 5649 0.0095472
5516 5649 0.0095472
5648 5649 0.0095472
1822 5653 0.0001318
5650 5653 0.0001318
5652 5653 0.0001318
5806 5808 1.0092
5809 5808 1.0092
5811 5808 1.0092
5363 5811 0.0092274
5810 5811 0.0092274
5813 5811 0.0092274
5363 5812 0.0037374
5810 5812 0.0037374
5813 5812 0.0037374
2457 5813 0.0096626
5812 5813 0.0096626
6662 5813 0.0096626
2458 6662 0.00051235
5373 6662 0.00051235
6663 6662 0.00051235
6664 6662 0.00051235
2457 6663 0.01802
5812 6663 0.01802
6662 6663 0.01802
1346 6664 0.0010775
1383 6664 0.0010775
6665 6664 0.0010775
2458 6665 0.004935
5373 6665 0.004935
6663 6665 0.004935
6664 6665 0.004935
1397 6667 0.013675
2459 6667 0.013675
6666 6667 0.013675
1388 6668 0.00086459
5370 6668 0.00086459
6669 6668 0.00086459
2460 6669 0.00088237
6667 6669 0.00088237
6668 6669 0.00088237
6769 6768 0.00066033
7281 6768 0.00066033
6826 6825 0.014194
7180 6825 0.014194
6825 7178 0.014194
7179 7178 0.014194
2628 7180 0.014194
7181 7180 0.014194
4671 7281 0.00066033
7282 7281 0.00066033
