310 309 0.018789
2653 309 0.018789
2655 309 0.018789
309 310 0.018338
2145 310 0.018338
5494 310 0.018338
5462 1312 0.083811
6768 1312 0.083811
1827 1826 0.88582
2656 1826 0.88582
4672 1826 0.88582
2138 2139 0.0009115
2816 2139 0.0009115
2819 2139 0.0009115
2143 2142 0.00097136
2404 2142 0.00097136
7285 2142 0.00097136
309 2144 0.00057117
2145 2144 0.00057117
5494 2144 0.00057117
2144 2145 0.029557
7139 2145 0.029557
2154 2155 0.00097132
6809 2155 0.00097132
2648 2647 0.00097136
2649 2647 0.00097136
7140 2647 0.00097136
2650 2649 0.030524
2651 2649 0.030524
2654 2649 0.030524
2648 2650 0.00056722
2649 2650 0.00056722
7140 2650 0.00056722
2652 2651 1
2650 2653 0.97004
2651 2653 0.97004
2654 2653 0.97004
310 2656 0.96959
2653 2656 0.96959
2655 2656 0.96959
2135 2819 0.00089862
2142 2819 0.00089862
2400 2819 0.00089862
2818 2819 0.00089862
2828 2864 0.0009115
2863 2864 0.0009115
3612 2864 0.0009115
1826 3150 0.91524
3149 3150 0.91524
3152 3150 0.91524
3151 3152 0.029497
3154 3152 0.029497
5499 3152 0.029497
5500 3152 0.029497
2830 3612 0.0009115
3611 3612 0.0009115
3614 3612 0.0009115
2139 3614 0.0009115
2140 3614 0.0009115
3613 3614 0.0009115
1827 4671 0.083811
2656 4671 0.083811
4672 4671 0.083811
1312 4674 0.084782
2155 4674 0.084782
4673 4674 0.084782
309 5495 0.029491
2145 5495 0.029491
5494 5495 0.029491
35 5497 0.029491
5495 5497 0.029491
5496 5497 0.029491
1313 5499 0.029491
5497 5499 0.029491
5498 5499 0.029491
6769 6768 0.083811
7281 6768 0.083811
549 6809 0.00097132
2153 6809 0.00097132
2864 6809 0.00097132
6808 6809 0.00097132
2144 7138 0.00057117
7139 7138 0.00057117
7138 7139 0.029557
7141 7139 0.029557
7138 7140 0.00057117
7141 7140 0.00057117
2648 7141 0.029557
2649 7141 0.029557
7140 7141 0.029557
4671 7281 0.083811
7282 7281 0.083811
2647 7285 0.00097136
7286 7285 0.00097136
