86 85 0.04962
89 85 0.04962
6576 85 0.04962
85 86 0.019958
3724 86 0.019958
3725 86 0.019958
88 87 0.0011949
90 87 0.0011949
773 87 0.0011949
6568 87 0.0011949
87 88 0.063419
3728 88 0.063419
3729 88 0.063419
88 89 0.060143
90 89 0.060143
773 89 0.060143
6568 89 0.060143
86 90 0.00074747
89 90 0.00074747
6576 90 0.00074747
92 91 0.00063956
4557 91 0.00063956
6569 91 0.00063956
91 92 0.0012878
3732 92 0.0012878
3733 92 0.0012878
100 99 0.057822
102 99 0.057822
4555 99 0.057822
99 100 0.012676
366 100 0.012676
3737 100 0.012676
100 101 0.022373
102 101 0.022373
4555 101 0.022373
101 102 0.022763
367 102 0.022763
3738 102 0.022763
108 107 0.00020571
396 107 0.00020571
397 107 0.00020571
107 108 0.00089463
390 108 0.00089463
391 108 0.00089463
112 111 0.002732
424 111 0.002732
425 111 0.002732
6552 111 0.002732
111 112 0.00064554
387 112 0.00064554
394 112 0.00064554
114 113 0.00097458
422 113 0.00097458
423 113 0.00097458
6550 113 0.00097458
113 114 0.00027956
384 114 0.00027956
385 114 0.00027956
116 115 0.00045907
420 115 0.00045907
421 115 0.00045907
1584 115 0.00045907
99 365 0.087671
366 365 0.087671
3737 365 0.087671
365 366 0.0158
3722 366 0.0158
3723 366 0.0158
368 367 0.038771
371 367 0.038771
376 367 0.038771
101 368 0.011655
367 368 0.011655
3738 368 0.011655
370 369 0.017826
372 369 0.017826
369 370 0.0096849
374 370 0.0096849
375 370 0.0096849
370 371 0.0096849
372 371 0.0096849
368 372 0.017826
371 372 0.017826
376 372 0.017826
369 373 0.02585
374 373 0.02585
375 373 0.02585
373 374 0.052965
3730 374 0.052965
3731 374 0.052965
368 375 0.010615
371 375 0.010615
376 375 0.010615
369 376 0.045872
374 376 0.045872
375 376 0.045872
381 382 0.00018694
400 382 0.00018694
401 382 0.00018694
413 382 0.00018694
115 384 0.00058884
382 384 0.00058884
383 384 0.00058884
380 385 0.00010502
386 385 0.00010502
393 385 0.00010502
113 386 0.0013458
384 386 0.0013458
385 386 0.0013458
388 387 0.00021949
389 387 0.00021949
3717 387 0.00021949
6554 387 0.00021949
111 388 0.003576
387 388 0.003576
394 388 0.003576
107 389 0.00014745
390 389 0.00014745
391 389 0.00014745
388 390 0.0011734
389 390 0.0011734
3717 390 0.0011734
6554 390 0.0011734
107 392 0.00038277
390 392 0.00038277
391 392 0.00038277
111 393 0.00010053
387 393 0.00010053
394 393 0.00010053
380 394 0.0013706
386 394 0.0013706
393 394 0.0013706
392 396 0.00038277
395 396 0.00038277
998 396 0.00038277
398 397 0.00021641
3718 397 0.00021641
3719 397 0.00021641
108 398 0.0012423
396 398 0.0012423
397 398 0.0012423
402 401 0.0001727
403 401 0.0001727
418 401 0.0001727
419 401 0.0001727
404 403 0.00064187
405 403 0.00064187
6570 403 0.00064187
6573 403 0.00064187
116 419 0.00011437
420 419 0.00011437
421 419 0.00011437
1584 419 0.00011437
402 420 0.00060705
403 420 0.00060705
418 420 0.00060705
419 420 0.00060705
114 421 0.00028955
422 421 0.00028955
423 421 0.00028955
6550 421 0.00028955
116 422 0.0029536
420 422 0.0029536
421 422 0.0029536
1584 422 0.0029536
112 423 0.00084099
424 423 0.00084099
425 423 0.00084099
6552 423 0.00084099
114 424 0.0087989
422 424 0.0087989
423 424 0.0087989
6550 424 0.0087989
426 425 0.0018326
3720 425 0.0018326
3721 425 0.0018326
4661 425 0.0018326
112 426 0.031686
424 426 0.031686
425 426 0.031686
6552 426 0.031686
774 773 0.0002666
775 773 0.0002666
88 774 0.0031221
90 774 0.0031221
773 774 0.0031221
6568 774 0.0031221
776 775 0.0002666
6574 775 0.0002666
774 776 0.0031221
775 776 0.0031221
1578 1580 0.00069964
1581 1580 0.00069964
4558 1580 0.00069964
1580 1582 0.0028374
1583 1582 0.0028374
6572 1582 0.0028374
6575 1582 0.0028374
1582 1584 0.0025992
1585 1584 0.0025992
4524 1584 0.0025992
398 3717 0.0010857
3718 3717 0.0010857
3719 3717 0.0010857
388 3718 0.0034163
389 3718 0.0034163
3717 3718 0.0034163
6554 3718 0.0034163
426 3719 0.001259
3720 3719 0.001259
3721 3719 0.001259
4661 3719 0.001259
398 3720 0.0046155
3718 3720 0.0046155
3719 3720 0.0046155
365 3721 0.0029612
3722 3721 0.0029612
3723 3721 0.0029612
426 3722 0.036171
3720 3722 0.036171
3721 3722 0.036171
4661 3722 0.036171
85 3723 0.89571
3724 3723 0.89571
3725 3723 0.89571
365 3724 0.00079191
3722 3724 0.00079191
3723 3724 0.00079191
3726 3725 0.86825
3727 3725 0.86825
4556 3725 0.86825
85 3726 0.0029945
3724 3726 0.0029945
3725 3726 0.0029945
87 3727 0.91292
3728 3727 0.91292
3729 3727 0.91292
3726 3728 0.0029113
3727 3728 0.0029113
4556 3728 0.0029113
373 3729 0.97285
3730 3729 0.97285
3731 3729 0.97285
87 3730 0.00061814
3728 3730 0.00061814
3729 3730 0.00061814
91 3731 1.0006
3732 3731 1.0006
3733 3731 1.0006
373 3732 0.0012936
3730 3732 0.0012936
3731 3732 0.0012936
101 3737 0.034084
367 3737 0.034084
3738 3737 0.034084
99 3738 0.0073579
366 3738 0.0073579
3737 3738 0.0073579
1582 4523 0.001126
1585 4523 0.001126
4524 4523 0.001126
4523 4524 0.00088825
4526 4524 0.00088825
6551 4524 0.00088825
4523 4525 0.0010361
4526 4525 0.0010361
6551 4525 0.0010361
4525 4526 0.0067872
6553 4526 0.0067872
6577 4526 0.0067872
3726 4555 0.071656
3727 4555 0.071656
4556 4555 0.071656
100 4556 0.026901
102 4556 0.026901
4555 4556 0.026901
92 4558 0.00069964
4557 4558 0.00069964
6569 4558 0.00069964
4523 6550 0.0061826
4526 6550 0.0061826
6551 6550 0.0061826
114 6551 0.00019373
422 6551 0.00019373
423 6551 0.00019373
6550 6551 0.00019373
4525 6552 0.024697
6553 6552 0.024697
6577 6552 0.024697
112 6553 0.0007143
424 6553 0.0007143
425 6553 0.0007143
6552 6553 0.0007143
92 6568 0.001213
4557 6568 0.001213
6569 6568 0.001213
88 6569 0.001186
90 6569 0.001186
773 6569 0.001186
6568 6569 0.001186
1580 6573 0.0006882
1583 6573 0.0006882
6572 6573 0.0006882
6575 6573 0.0006882
1580 6574 0.0002666
1583 6574 0.0002666
6572 6574 0.0002666
6575 6574 0.0002666
776 6575 0.0031221
6574 6575 0.0031221
4525 6576 0.00099691
6553 6576 0.00099691
6577 6576 0.00099691
86 6577 0.03073
89 6577 0.03073
6576 6577 0.03073
