98 97 0.0074542
3704 97 0.0074542
3705 97 0.0074542
97 98 0.0021771
412 98 0.0021771
6566 98 0.0021771
110 109 0.0055596
5717 109 0.0055596
6560 109 0.0055596
134 133 0.074313
3708 133 0.074313
3709 133 0.074313
133 134 0.041325
3052 134 0.041325
97 411 0.0074542
412 411 0.0074542
6566 411 0.0074542
411 412 0.0021771
3734 412 0.0021771
3735 412 0.0021771
554 553 0.039061
1525 553 0.039061
2824 553 0.039061
553 554 0.0004833
3702 554 0.0004833
3703 554 0.0004833
5260 723 0.004029
723 724 0.08267
6920 724 0.08267
109 781 0.0055596
782 781 0.0055596
784 781 0.0055596
5462 1312 0.00022182
6768 1312 0.00022182
1520 1521 0.0061066
1523 1521 0.0061066
2825 1521 0.0061066
1522 1523 0.037803
2821 1523 0.037803
2827 1523 0.037803
554 1524 0.004619
1525 1524 0.004619
2824 1524 0.004619
1524 1525 0.011503
1968 1525 0.011503
2820 1525 0.011503
1527 1526 0.065992
1967 1526 0.065992
2822 1526 0.065992
1566 1568 0.00057708
1569 1568 0.00057708
5716 1568 0.00057708
1826 1827 0.00022256
3149 1827 0.00022256
3152 1827 0.00022256
1524 1967 1.022
1968 1967 1.022
2820 1967 1.022
1527 1968 0.00071142
1967 1968 0.00071142
2822 1968 0.00071142
1972 1971 0.00075086
3706 1971 0.00075086
3707 1971 0.00075086
3736 1971 0.00075086
1969 1972 0.95611
1971 1972 0.95611
2823 1972 0.95611
724 2146 0.0032855
2147 2146 0.0032855
6794 2146 0.0032855
2146 2147 0.92459
3712 2147 0.92459
4663 2147 0.92459
7113 2147 0.92459
2148 2149 1.004
6795 2149 1.004
2150 2151 0.99995
6797 2151 0.99995
2152 2153 0.9999
6824 2153 0.9999
2154 2155 1
6809 2155 1
1522 2820 0.028954
2821 2820 0.028954
2827 2820 0.028954
1524 2821 0.00078411
1968 2821 0.00078411
2820 2821 0.00078411
1969 2822 0.00075086
1971 2822 0.00075086
2823 2822 0.00075086
1527 2823 0.95611
1967 2823 0.95611
2822 2823 0.95611
1520 2824 0.031909
1523 2824 0.031909
2825 2824 0.031909
554 2825 0.00021552
1525 2825 0.00021552
2824 2825 0.00021552
1526 2827 0.065992
2826 2827 0.065992
133 3051 0.074313
3052 3051 0.074313
3051 3052 0.041325
3710 3052 0.041325
3711 3052 0.041325
3054 3053 0.00015097
3685 3053 0.00015097
3150 3149 0.00022581
4674 3149 0.00022581
7178 3149 0.00022581
1659 3212 0.00013868
3213 3212 0.00013868
4560 3212 0.00013868
3212 3213 0.00010451
3651 3213 0.00010451
3654 3213 0.00010451
2151 3651 0.0028938
3649 3651 0.0028938
3652 3651 0.0028938
6823 3651 0.0028938
3212 3652 0.0028694
3651 3652 0.0028694
3654 3652 0.0028694
3212 3653 0.0027982
3651 3653 0.0027982
3654 3653 0.0027982
3653 3654 0.0027396
3656 3654 0.0027396
6210 3654 0.0027396
3653 3655 0.00074779
3656 3655 0.00074779
6210 3655 0.00074779
3655 3656 0.0022866
3658 3656 0.0022866
6205 3656 0.0022866
3053 3684 0.00016422
3682 3684 0.00016422
3683 3684 0.00016422
3684 3685 0.00015097
3686 3685 0.00015097
3687 3685 0.00015097
3688 3687 0.00017431
3714 3687 0.00017431
3715 3687 0.00017431
3684 3688 0.00017135
3686 3688 0.00017135
3687 3688 0.00017135
1568 3700 0.00057554
1571 3700 0.00057554
3699 3700 0.00057554
781 3702 0.0061216
3700 3702 0.0061216
3701 3702 0.0061216
98 3703 0.00037041
3704 3703 0.00037041
3705 3703 0.00037041
553 3704 0.044999
3702 3704 0.044999
3703 3704 0.044999
1972 3705 0.0069873
3706 3705 0.0069873
3707 3705 0.0069873
3736 3705 0.0069873
98 3706 0.046339
3704 3706 0.046339
3705 3706 0.046339
134 3707 0.00038015
3708 3707 0.00038015
3709 3707 0.00038015
1972 3708 1.0004
3706 3708 1.0004
3707 3708 1.0004
3736 3708 1.0004
3051 3709 0.00021754
3710 3709 0.00021754
3711 3709 0.00021754
134 3710 0.96722
3708 3710 0.96722
3709 3710 0.96722
3051 3712 1
3710 3712 1
3711 3712 1
3688 3713 0.00017454
3714 3713 0.00017454
3715 3713 0.00017454
3713 3714 0.00021888
6921 3714 0.00021888
7114 3714 0.00021888
1972 3735 0.0022579
3706 3735 0.0022579
3707 3735 0.0022579
3736 3735 0.0022579
411 3736 0.0075353
3734 3736 0.0075353
3735 3736 0.0075353
1827 4671 0.00022182
2656 4671 0.00022182
4672 4671 0.00022182
1312 4674 1.0002
2155 4674 1.0002
4673 4674 1.0002
2149 5260 0.004029
7287 5260 0.004029
110 5716 0.00057708
5717 5716 0.00057708
6560 5716 0.00057708
6206 6205 0.0022832
6209 6205 0.0022832
6211 6205 0.0022832
3655 6206 0.0006858
3658 6206 0.0006858
6205 6206 0.0006858
3653 6209 0.0022832
3656 6209 0.0022832
6210 6209 0.0022832
6206 6210 0.0006858
6209 6210 0.0006858
6211 6210 0.0006858
1521 6560 0.0060846
6558 6560 0.0060846
6561 6560 0.0060846
6769 6768 0.00022182
7281 6768 0.00022182
724 6795 1.004
2147 6795 1.004
6794 6795 1.004
6796 6797 0.99995
7183 6797 0.99995
549 6809 1
2153 6809 1
2864 6809 1
6808 6809 1
2151 6824 0.9999
3649 6824 0.9999
3652 6824 0.9999
6823 6824 0.9999
3713 6920 0.078803
6921 6920 0.078803
7114 6920 0.078803
723 6921 0.00016243
6920 6921 0.00016243
3713 7113 0.00028635
6921 7113 0.00028635
7114 7113 0.00028635
2146 7114 0.078972
3712 7114 0.078972
4663 7114 0.078972
7113 7114 0.078972
7182 7183 0.99995
7185 7183 0.99995
7184 7185 0.99995
7288 7185 0.99995
4671 7281 0.00022182
7282 7281 0.00022182
2149 7288 0.99995
7287 7288 0.99995
