98 97 0.00019904
3704 97 0.00019904
3705 97 0.00019904
134 133 0.00090746
3708 133 0.00090746
3709 133 0.00090746
133 134 0.002646
3052 134 0.002646
310 309 0.0011085
2653 309 0.0011085
2655 309 0.0011085
97 411 0.00019904
412 411 0.00019904
6566 411 0.00019904
5260 723 0.0040288
723 724 0.035017
6920 724 0.035017
5085 1129 0.9998
5267 1129 0.9998
5462 1312 0.00022179
6768 1312 0.00022179
1528 1530 0.00024267
1531 1530 0.00024267
3303 1530 0.00024267
1826 1827 0.0013294
3149 1827 0.0013294
3152 1827 0.0013294
724 2146 0.0013917
2147 2146 0.0013917
6794 2146 0.0013917
2146 2147 0.97029
3712 2147 0.97029
4663 2147 0.97029
7113 2147 0.97029
2148 2149 1.0039
6795 2149 1.0039
2150 2151 0.99988
6797 2151 0.99988
2152 2153 0.99981
6824 2153 0.99981
2154 2155 0.99991
6809 2155 0.99991
145 2375 0.00011192
2374 2375 0.00011192
2730 2375 0.00011192
2375 2377 0.00010643
2376 2377 0.00010643
2806 2377 0.00010643
2497 2499 0.00010168
2498 2499 0.00010168
5647 2499 0.00010168
1827 2655 0.0011079
2656 2655 0.0011079
4672 2655 0.0011079
2711 2722 0.00010644
2721 2722 0.00010644
3641 2722 0.00010644
2709 2724 0.00010644
2722 2724 0.00010644
2723 2724 0.00010644
6588 2724 0.00010644
2724 2726 0.00010644
2725 2726 0.00010644
2861 2726 0.00010644
2679 2728 0.00010806
2726 2728 0.00010806
2727 2728 0.00010806
2728 2730 0.00011112
2729 2730 0.00011112
2873 2730 0.00011112
1530 2849 0.00025309
1533 2849 0.00025309
2850 2849 0.00025309
133 3051 0.00090746
3052 3051 0.00090746
3051 3052 0.002646
3710 3052 0.002646
3711 3052 0.002646
3054 3053 0.00010471
3685 3053 0.00010471
3107 3109 0.0008693
3110 3109 0.0008693
3309 3109 0.0008693
3310 3109 0.0008693
3109 3110 0.00011635
3112 3110 0.00011635
3313 3110 0.00011635
3314 3110 0.00011635
3109 3111 0.00018066
3112 3111 0.00018066
3313 3111 0.00018066
3314 3111 0.00018066
3124 3123 0.0010227
3307 3123 0.0010227
3308 3123 0.0010227
3637 3123 0.0010227
3123 3124 0.0010678
3126 3124 0.0010678
3312 3124 0.0010678
3123 3125 0.00084688
3126 3125 0.00084688
3312 3125 0.00084688
3125 3126 0.00029535
3128 3126 0.00029535
5949 3126 0.00029535
3125 3127 0.00021659
3128 3127 0.00021659
5949 3127 0.00021659
3127 3128 0.00018501
3130 3128 0.00018501
6380 3128 0.00018501
6381 3128 0.00018501
3136 3135 0.00010557
3305 3135 0.00010557
3306 3135 0.00010557
3135 3136 0.00071173
5948 3136 0.00071173
5953 3136 0.00071173
3137 3138 0.00061445
3302 3138 0.00061445
3338 3138 0.00061445
3150 3149 1.0001
4674 3149 1.0001
7178 3149 1.0001
1826 3151 0.99886
3149 3151 0.99886
3152 3151 0.99886
3151 3153 0.00013036
3154 3153 0.00013036
5499 3153 0.00013036
5500 3153 0.00013036
1830 3154 0.00013036
3153 3154 0.00013036
3156 3154 0.00013036
5514 3154 0.00013036
2499 3156 0.00010168
3155 3156 0.00010168
4512 3156 0.00010168
1659 3212 0.00013699
3213 3212 0.00013699
4560 3212 0.00013699
3212 3213 0.00010483
3651 3213 0.00010483
3654 3213 0.00010483
3137 3303 0.00024267
3302 3303 0.00024267
3338 3303 0.00024267
3136 3304 0.0039623
3305 3304 0.0039623
3306 3304 0.0039623
3124 3306 0.0039276
3307 3306 0.0039276
3308 3306 0.0039276
3637 3306 0.0039276
3136 3307 0.00060018
3305 3307 0.00060018
3306 3307 0.00060018
3107 3308 0.00011635
3110 3308 0.00011635
3309 3308 0.00011635
3310 3308 0.00011635
3124 3309 0.0008693
3307 3309 0.0008693
3308 3309 0.0008693
3637 3309 0.0008693
3109 3312 0.0007926
3112 3312 0.0007926
3313 3312 0.0007926
3314 3312 0.0007926
3123 3313 0.00019595
3126 3313 0.00019595
3312 3313 0.00019595
3343 3338 0.00082329
3639 3338 0.00082329
3962 3338 0.00082329
600 3343 0.00027597
2849 3343 0.00027597
3344 3343 0.00027597
3345 3343 0.00027597
3343 3344 0.0018131
3639 3344 0.0018131
3962 3344 0.0018131
600 3346 0.0017574
2849 3346 0.0017574
3344 3346 0.0017574
3345 3346 0.0017574
3347 3348 0.0017273
3354 3348 0.0017273
4683 3348 0.0017273
73 3350 0.0017273
3348 3350 0.0017273
3349 3350 0.0017273
3350 3352 0.0016321
3351 3352 0.0016321
3363 3352 0.0016321
3350 3364 0.00012729
3351 3364 0.00012729
3363 3364 0.00012729
3352 3365 0.00011388
3366 3365 0.00011388
3691 3365 0.00011388
3364 3368 0.00017426
3365 3368 0.00017426
3367 3368 0.00017426
3370 3369 0.00010581
3692 3369 0.00010581
3693 3369 0.00010581
3638 3637 0.0057491
3640 3637 0.0057491
5268 3637 0.0057491
3124 3638 0.0017139
3307 3638 0.0017139
3308 3638 0.0017139
3637 3638 0.0017139
3638 3639 0.0025954
3640 3639 0.0025954
5268 3639 0.0025954
3343 3640 0.00040528
3639 3640 0.00040528
3962 3640 0.00040528
3642 3641 0.00010644
3698 3641 0.00010644
3716 3641 0.00010644
2377 3643 0.00010643
2380 3643 0.00010643
3644 3643 0.00010643
2661 3645 0.00010671
3643 3645 0.00010671
3646 3645 0.00010671
2382 3647 0.00010759
3645 3647 0.00010759
3648 3647 0.00010759
3647 3649 0.00010757
3650 3649 0.00010757
2151 3651 0.0029734
3649 3651 0.0029734
3652 3651 0.0029734
6823 3651 0.0029734
3212 3652 0.0028666
3651 3652 0.0028666
3654 3652 0.0028666
3212 3653 0.0028776
3651 3653 0.0028776
3654 3653 0.0028776
3653 3654 0.0027386
3656 3654 0.0027386
6210 3654 0.0027386
3653 3655 0.00081536
3656 3655 0.00081536
6210 3655 0.00081536
3655 3656 0.002287
3658 3656 0.002287
6205 3656 0.002287
3655 3657 0.00015531
3658 3657 0.00015531
6205 3657 0.00015531
1662 3659 0.00012156
3657 3659 0.00012156
3660 3659 0.00012156
3368 3666 0.00023657
3369 3666 0.00023657
3665 3666 0.00023657
3666 3668 0.00026821
3667 3668 0.00026821
5843 3668 0.00026821
3674 3673 0.00010986
3696 3673 0.00010986
3697 3673 0.00010986
3670 3680 0.00013573
3679 3680 0.00013573
5851 3680 0.00013573
3680 3682 0.00038155
3681 3682 0.00038155
3689 3682 0.00038155
6479 3682 0.00038155
3053 3684 0.00043102
3682 3684 0.00043102
3683 3684 0.00043102
3684 3685 0.00010471
3686 3685 0.00010471
3687 3685 0.00010471
3684 3688 0.00045953
3686 3688 0.00045953
3687 3688 0.00045953
3352 3692 0.0015779
3366 3692 0.0015779
3691 3692 0.0015779
3370 3694 0.0014949
3692 3694 0.0014949
3693 3694 0.0014949
3694 3696 0.0014607
3695 3696 0.0014607
6563 3696 0.0014607
3674 3698 0.0013584
3696 3698 0.0013584
3697 3698 0.0013584
1972 3705 0.0002088
3706 3705 0.0002088
3707 3705 0.0002088
3736 3705 0.0002088
134 3707 0.00026579
3708 3707 0.00026579
3709 3707 0.00026579
1972 3708 0.00029808
3706 3708 0.00029808
3707 3708 0.00029808
3736 3708 0.00029808
3051 3709 0.0011298
3710 3709 0.0011298
3711 3709 0.0011298
134 3710 0.0029006
3708 3710 0.0029006
3709 3710 0.0029006
2146 3711 0.0036495
3712 3711 0.0036495
4663 3711 0.0036495
7113 3711 0.0036495
3051 3712 0.0036818
3710 3712 0.0036818
3711 3712 0.0036818
3688 3713 0.0017068
3714 3713 0.0017068
3715 3713 0.0017068
3642 3715 0.0012696
3698 3715 0.0012696
3716 3715 0.0012696
411 3736 0.00022881
3734 3736 0.00022881
3735 3736 0.00022881
4685 3962 0.00017029
5086 3962 0.00017029
1129 3964 0.99848
3963 3964 0.99848
4662 4663 0.99823
6739 4663 0.99823
1827 4671 0.00022179
2656 4671 0.00022179
4672 4671 0.00022179
1312 4674 1.0001
2155 4674 1.0001
4673 4674 1.0001
3341 4683 0.0017594
3346 4683 0.0017594
4684 4683 0.0017594
4685 5085 0.0014119
5086 5085 0.0014119
5087 5086 0.001582
5271 5086 0.001582
1129 5087 0.0013303
3963 5087 0.0013303
2149 5260 0.0040288
7287 5260 0.0040288
3638 5267 0.99841
3640 5267 0.99841
5268 5267 0.99841
3138 5268 1.0046
5832 5268 1.0046
6422 5268 1.0046
3964 5271 0.0002519
6738 5271 0.0002519
309 5495 0.0011963
2145 5495 0.0011963
5494 5495 0.0011963
35 5497 0.0011963
5495 5497 0.0011963
5496 5497 0.0011963
1313 5499 0.0011963
5497 5499 0.0011963
5498 5499 0.0011963
1830 5515 0.00010916
3153 5515 0.00010916
3156 5515 0.00010916
5514 5515 0.00010916
2484 5649 0.00010326
5515 5649 0.00010326
5516 5649 0.00010326
5648 5649 0.00010326
3125 5948 0.00064362
3128 5948 0.00064362
5949 5948 0.00064362
3135 5949 0.00012367
5948 5949 0.00012367
5953 5949 0.00012367
5952 5953 0.0001463
6378 5953 0.0001463
6379 5953 0.0001463
6206 6205 0.0022967
6209 6205 0.0022967
6211 6205 0.0022967
3655 6206 0.000686
3658 6206 0.000686
6205 6206 0.000686
3653 6209 0.0022967
3656 6209 0.0022967
6210 6209 0.0022967
6206 6210 0.000686
6209 6210 0.000686
6211 6210 0.000686
5952 6377 0.00010172
6378 6377 0.00010172
6379 6377 0.00010172
3127 6379 0.0002033
3130 6379 0.0002033
6380 6379 0.0002033
6381 6379 0.0002033
3111 6381 0.00015855
3114 6381 0.00015855
6382 6381 0.00015855
6383 6381 0.00015855
6416 6420 0.00010178
6418 6420 0.00010178
6419 6420 0.00010178
3304 6422 0.0040451
6420 6422 0.0040451
6421 6422 0.0040451
3668 6479 0.00022828
3669 6479 0.00022828
6478 6479 0.00022828
3964 6739 0.99823
6738 6739 0.99823
6769 6768 0.00022179
7281 6768 0.00022179
724 6795 1.0039
2147 6795 1.0039
6794 6795 1.0039
6796 6797 0.99988
7183 6797 0.99988
549 6809 0.99991
2153 6809 0.99991
2864 6809 0.99991
6808 6809 0.99991
2151 6824 0.99981
3649 6824 0.99981
3652 6824 0.99981
6823 6824 0.99981
3713 6920 0.031151
6921 6920 0.031151
7114 6920 0.031151
723 6921 0.00016242
6920 6921 0.00016242
3713 7113 0.0013856
6921 7113 0.0013856
7114 7113 0.0013856
2146 7114 0.030753
3712 7114 0.030753
4663 7114 0.030753
7113 7114 0.030753
7182 7183 0.99988
7185 7183 0.99988
7184 7185 0.99988
7288 7185 0.99988
4671 7281 0.00022179
7282 7281 0.00022179
2149 7288 0.99988
7287 7288 0.99988
