521 522 0.00028023
3424 522 0.00028023
3890 522 0.00028023
568 567 0.00059698
4174 567 0.00059698
6435 567 0.00059698
567 568 0.010911
1467 568 0.010911
522 735 0.00028113
736 735 0.00028113
3419 735 0.00028113
3434 735 0.00028113
735 738 0.00026688
737 738 0.00026688
740 738 0.00026688
1466 1117 0.0024868
2325 1117 0.0024868
1233 1232 0.00028588
5580 1232 0.00028588
5582 1232 0.00028588
567 1466 0.9917
1467 1466 0.9917
1468 1467 1.002
5934 1467 1.002
1117 1468 0.0023078
2345 1468 0.0023078
5576 1966 0.00028111
5579 1966 0.00028111
1466 2324 0.98921
2325 2324 0.98921
2327 2326 0.0087873
4708 2326 0.0087873
5968 2326 0.0087873
2326 2327 0.0015654
7259 2327 0.0015654
2329 2328 0.00069378
5896 2328 0.00069378
7254 2328 0.00069378
7258 2328 0.00069378
2328 2329 0.00019986
7257 2329 0.00019986
2331 2330 0.00012897
4196 2330 0.00012897
5971 2330 0.00012897
7256 2330 0.00012897
1117 2344 0.00018346
2345 2344 0.00018346
2752 2753 0.0002852
7251 2753 0.0002852
2911 2913 0.00036456
2914 2913 0.00036456
6130 2913 0.00036456
3189 3188 1
4707 3188 1
5981 3188 1
7130 3188 1
3321 3320 0.0001861
3322 3320 0.0001861
7097 3320 0.0001861
3323 3322 0.0002296
3324 3322 0.0002296
7103 3322 0.0002296
3325 3324 0.00022507
3326 3324 0.00022507
7099 3324 0.00022507
2753 3326 0.00026202
3327 3326 0.00026202
5237 3326 0.00026202
1966 3424 0.00028111
3423 3424 0.00028111
3898 3899 0.00039965
5581 3899 0.00039965
5935 3899 0.00039965
4163 4162 0.0033774
4164 4162 0.0033774
5889 4162 0.0033774
5892 4162 0.0033774
4162 4163 0.0013889
4171 4163 0.0013889
5793 4163 0.0013889
4165 4164 0.00079481
4166 4164 0.00079481
5929 4164 0.00079481
5972 4164 0.00079481
4163 4165 0.00034762
4164 4165 0.00034762
5889 4165 0.00034762
5892 4165 0.00034762
4167 4166 0.00014567
4168 4166 0.00014567
5923 4166 0.00014567
5926 4166 0.00014567
4165 4167 0.00014655
4166 4167 0.00014655
5929 4167 0.00014655
5972 4167 0.00014655
4162 4170 0.004996
4171 4170 0.004996
5793 4170 0.004996
4170 4171 0.000903
4173 4171 0.000903
5933 4171 0.000903
4170 4172 0.0099031
4173 4172 0.0099031
5933 4172 0.0099031
4172 4173 0.003298
5797 4173 0.003298
4175 4174 0.00040566
4176 4174 0.00040566
5784 4174 0.00040566
5785 4174 0.00040566
568 4175 0.01047
4174 4175 0.01047
6435 4175 0.01047
4177 4176 0.00089295
4178 4176 0.00089295
5970 4176 0.00089295
4175 4177 0.0021743
4176 4177 0.0021743
5784 4177 0.0021743
5785 4177 0.0021743
4179 4178 0.00016381
4180 4178 0.00016381
4177 4179 0.0022794
4178 4179 0.0022794
5970 4179 0.0022794
4181 4180 0.00045619
4182 4180 0.00045619
5885 4180 0.00045619
5888 4180 0.00045619
4179 4181 0.00078444
4180 4181 0.00078444
4183 4182 0.00022712
4184 4182 0.00022712
5928 4182 0.00022712
4181 4183 0.00017838
4182 4183 0.00017838
5885 4183 0.00017838
5888 4183 0.00017838
2327 4707 0.0090849
4708 4707 0.0090849
5968 4707 0.0090849
3189 4708 0.078697
4707 4708 0.078697
5981 4708 0.078697
7130 4708 0.078697
738 5576 1.0006
2913 5576 1.0006
5577 5576 1.0006
5576 5578 1.0003
5579 5578 1.0003
1233 5581 1.0001
5580 5581 1.0001
5582 5581 1.0001
5578 5582 1.0003
5583 5582 1.0003
5584 5582 1.0003
5780 5779 0.00019973
5781 5779 0.00019973
5786 5779 0.00019973
981 5780 0.00046212
5779 5780 0.00046212
6433 5780 0.00046212
6436 5780 0.00046212
5780 5782 0.00015393
5781 5782 0.00015393
5786 5782 0.00015393
4175 5783 0.0092167
4176 5783 0.0092167
5784 5783 0.0092167
5785 5783 0.0092167
5783 5784 0.00029082
5788 5784 0.00029082
5796 5784 0.00029082
5780 5785 0.00033463
5781 5785 0.00033463
5786 5785 0.00033463
4175 5786 0.00019179
4176 5786 0.00019179
5784 5786 0.00019179
5785 5786 0.00019179
5783 5787 0.017287
5788 5787 0.017287
5796 5787 0.017287
5787 5788 0.0025898
5914 5788 0.0025898
5915 5788 0.0025898
5790 5789 0.072914
5791 5789 0.072914
5932 5789 0.072914
5969 5789 0.072914
5789 5790 0.0072088
5911 5790 0.0072088
5913 5790 0.0072088
5982 5790 0.0072088
5792 5791 0.0084925
5891 5791 0.0084925
5894 5791 0.0084925
5790 5792 0.0026651
5791 5792 0.0026651
5932 5792 0.0026651
5969 5792 0.0026651
5794 5793 0.0021045
5931 5793 0.0021045
5795 5794 0.00071549
5887 5794 0.00071549
5890 5794 0.00071549
5794 5795 0.0003983
5931 5795 0.0003983
4172 5796 0.0096745
5797 5796 0.0096745
5783 5797 0.0039036
5788 5797 0.0039036
5796 5797 0.0039036
2632 5885 0.00015928
5782 5885 0.00015928
5883 5885 0.00015928
5886 5885 0.00015928
4181 5887 0.00087607
4182 5887 0.00087607
5885 5887 0.00087607
5888 5887 0.00087607
5795 5888 0.00037708
5887 5888 0.00037708
5890 5888 0.00037708
5795 5889 0.0010686
5887 5889 0.0010686
5890 5889 0.0010686
4163 5890 0.00088677
4164 5890 0.00088677
5889 5890 0.00088677
5892 5890 0.00088677
4163 5891 0.0018666
4164 5891 0.0018666
5889 5891 0.0018666
5892 5891 0.0018666
5792 5892 0.0032261
5891 5892 0.0032261
5894 5892 0.0032261
5792 5893 0.0010482
5891 5893 0.0010482
5894 5893 0.0010482
5893 5894 0.0082351
7255 5894 0.0082351
5895 5896 0.00046377
7253 5896 0.00046377
5897 5898 0.00043244
5900 5898 0.00043244
5983 5898 0.00043244
5899 5900 0.00029126
5902 5900 0.00029126
5910 5900 0.00029126
1655 5902 0.0002921
5745 5902 0.0002921
5901 5902 0.0002921
5904 5902 0.0002921
2349 5904 0.00029477
5903 5904 0.00029477
5986 5904 0.00029477
7105 5904 0.00029477
2344 5905 0.00016015
2347 5905 0.00016015
5906 5905 0.00016015
719 5907 0.00016599
5908 5907 0.00016599
7109 5907 0.00016599
5787 5913 0.017287
5914 5913 0.017287
5915 5913 0.017287
5789 5914 0.0025898
5911 5914 0.0025898
5913 5914 0.0025898
5982 5914 0.0025898
4167 5924 0.00013193
4168 5924 0.00013193
5923 5924 0.00013193
5926 5924 0.00013193
5925 5926 0.00011581
5976 5926 0.00011581
5979 5926 0.00011581
4183 5927 0.00017692
4184 5927 0.00017692
5928 5927 0.00017692
5927 5928 0.00016833
5930 5928 0.00016833
5974 5928 0.00016833
5927 5929 0.0002252
5930 5929 0.0002252
5974 5929 0.0002252
4165 5930 0.00017771
4166 5930 0.00017771
5929 5930 0.00017771
5972 5930 0.00017771
4179 5931 0.0017873
4180 5931 0.0017873
4170 5932 0.0060128
4173 5932 0.0060128
5933 5932 0.0060128
5790 5933 0.0085249
5791 5933 0.0085249
5932 5933 0.0085249
5969 5933 0.0085249
3898 5934 0.9997
5581 5934 0.9997
5935 5934 0.9997
5790 5968 0.0080547
5791 5968 0.0080547
5932 5968 0.0080547
5969 5968 0.0080547
2327 5969 0.070445
4708 5969 0.070445
5968 5969 0.070445
4172 5970 0.00083422
5797 5970 0.00083422
4165 5971 0.00018013
4166 5971 0.00018013
5929 5971 0.00018013
5972 5971 0.00018013
2331 5972 0.00058071
4196 5972 0.00058071
5971 5972 0.00058071
7256 5972 0.00058071
2330 5976 0.00012194
2333 5976 0.00012194
5975 5976 0.00012194
5789 5981 0.089571
5911 5981 0.089571
5913 5981 0.089571
5982 5981 0.089571
3189 5982 0.0091688
4707 5982 0.0091688
5981 5982 0.0091688
7130 5982 0.0091688
1658 5983 0.00014505
5747 5983 0.00014505
5907 5983 0.00014505
5984 5983 0.00014505
3319 5986 0.00028044
5985 5986 0.00028044
7093 5986 0.00028044
7095 5986 0.00028044
2903 6130 0.00036456
6129 6130 0.00036456
6132 6130 0.00036456
2905 6132 0.00036456
6131 6132 0.00036456
6134 6132 0.00036456
2907 6134 0.00036706
6133 6134 0.00036706
6136 6134 0.00036706
2909 6136 0.00039965
3899 6136 0.00039965
6135 6136 0.00039965
981 6435 0.00022539
5779 6435 0.00022539
6433 6435 0.00022539
6436 6435 0.00022539
568 6436 0.00047508
4174 6436 0.00047508
6435 6436 0.00047508
3320 7095 0.0002282
6977 7095 0.0002282
7096 7095 0.0002282
5905 7109 0.00016599
6955 7109 0.00016599
7110 7109 0.00016599
2324 7130 0.98921
7131 7130 0.98921
1232 7248 0.00028588
7249 7248 0.00028588
1235 7251 0.0002852
7248 7251 0.0002852
7250 7251 0.0002852
942 7253 0.00046377
945 7253 0.00046377
5898 7253 0.00046377
7252 7253 0.00046377
5893 7254 0.0010482
7255 7254 0.0010482
2329 7255 0.0082351
5896 7255 0.0082351
7254 7255 0.0082351
7258 7255 0.0082351
2328 7256 0.00069378
7257 7256 0.00069378
2331 7257 0.00019986
4196 7257 0.00019986
5971 7257 0.00019986
7256 7257 0.00019986
2326 7258 0.0087873
7259 7258 0.0087873
2329 7259 0.0015654
5896 7259 0.0015654
7254 7259 0.0015654
7258 7259 0.0015654
