98 97 0.00020088
3704 97 0.00020088
3705 97 0.00020088
134 133 0.00090935
3708 133 0.00090935
3709 133 0.00090935
133 134 0.0026475
3052 134 0.0026475
97 411 0.00020088
412 411 0.00020088
6566 411 0.00020088
2279 431 0.0014498
5674 431 0.0014498
7273 431 0.0014498
427 432 0.0014344
431 432 0.0014344
3097 432 0.0014344
713 714 0.0044406
2050 714 0.0044406
2052 714 0.0044406
5260 723 0.0040218
723 724 0.035336
6920 724 0.035336
958 959 0.00049826
1681 959 0.00049826
4810 959 0.00049826
6181 959 0.00049826
434 1126 0.0015158
5089 1126 0.0015158
6874 1128 0.001519
5085 1129 0.99647
5267 1129 0.99647
6708 1130 0.99992
1273 1277 0.00014838
1276 1277 0.00014838
3172 1277 0.00014838
1277 1279 0.00015323
1278 1279 0.00015323
2869 1279 0.00015323
1281 1280 0.00017251
1284 1280 0.00017251
3178 1280 0.00017251
1279 1281 0.00057202
1280 1281 0.00057202
3174 1281 0.00057202
1283 1282 0.00065503
1708 1282 0.00065503
4653 1282 0.00065503
1282 1283 0.00065503
1285 1283 0.00065503
3954 1283 0.00065503
1282 1284 0.00064809
1285 1284 0.00064809
3954 1284 0.00064809
1281 1285 0.00062531
1284 1285 0.00062531
3178 1285 0.00062531
1528 1530 0.00089268
1531 1530 0.00089268
3303 1530 0.00089268
1530 1532 0.00011156
1533 1532 0.00011156
2850 1532 0.00011156
1660 1659 0.020671
6196 1659 0.020671
7158 1659 0.020671
1659 1660 0.017276
3213 1660 0.017276
4560 1660 0.017276
1662 1661 0.023136
3657 1661 0.023136
3660 1661 0.023136
1661 1663 0.023229
1664 1663 0.023229
6204 1663 0.023229
1663 1665 0.00012213
1666 1665 0.00012213
6183 1665 0.00012213
1665 1666 0.00014837
1668 1666 0.00014837
6198 1666 0.00014837
1665 1667 0.00012208
1668 1667 0.00012208
6198 1667 0.00012208
1676 1675 0.00025264
2854 1675 0.00025264
3661 1675 0.00025264
1678 1677 0.00013432
6202 1677 0.00013432
6203 1677 0.00013432
1680 1679 0.00049678
6194 1679 0.00049678
6195 1679 0.00049678
1679 1680 0.00099333
1682 1680 0.00099333
1684 1680 0.00099333
1679 1681 0.00044698
1682 1681 0.00044698
1684 1681 0.00044698
958 1682 0.00052288
1681 1682 0.00052288
4810 1682 0.00052288
6181 1682 0.00052288
959 1684 0.00049826
1683 1684 0.00049826
6177 1684 0.00049826
6179 1684 0.00049826
1283 1707 0.2283
1708 1707 0.2283
4653 1707 0.2283
4677 1708 0.2283
1709 1711 0.00048717
1712 1711 0.00048717
3179 1711 0.00048717
1711 1713 0.00014146
1714 1713 0.00014146
3175 1713 0.00014146
1975 1976 0.0014985
3091 1976 0.0014985
5682 1976 0.0014985
5693 1976 0.0014985
6872 2051 0.062566
6709 2052 0.06249
724 2146 0.0014057
2147 2146 0.0014057
6794 2146 0.0014057
2146 2147 0.9681
3712 2147 0.9681
4663 2147 0.9681
7113 2147 0.9681
2148 2149 1.002
6795 2149 1.002
2150 2151 0.99801
6797 2151 0.99801
1126 2279 0.0014826
680 2280 0.00012754
2281 2280 0.00012754
5278 2280 0.00012754
676 2282 0.00012754
2283 2282 0.00012754
5276 2282 0.00012754
2353 2352 0.00023465
3337 2352 0.00023465
145 2375 0.00051788
2374 2375 0.00051788
2730 2375 0.00051788
2375 2377 0.00049249
2376 2377 0.00049249
2806 2377 0.00049249
2711 2722 0.0004925
2721 2722 0.0004925
3641 2722 0.0004925
2709 2724 0.0004925
2722 2724 0.0004925
2723 2724 0.0004925
6588 2724 0.0004925
2724 2726 0.0004925
2725 2726 0.0004925
2861 2726 0.0004925
2679 2728 0.00050001
2726 2728 0.00050001
2727 2728 0.00050001
2728 2730 0.00051418
2729 2730 0.00051418
2873 2730 0.00051418
1530 2849 0.00090632
1533 2849 0.00090632
2850 2849 0.00090632
600 2850 0.00013491
2849 2850 0.00013491
3344 2850 0.00013491
3345 2850 0.00013491
133 3051 0.00090935
3052 3051 0.00090935
3051 3052 0.0026475
3710 3052 0.0026475
3711 3052 0.0026475
3054 3053 0.00014476
3685 3053 0.00014476
3053 3054 0.00010963
3682 3054 0.00010963
3683 3054 0.00010963
3124 3123 0.00010435
3307 3123 0.00010435
3308 3123 0.00010435
3637 3123 0.00010435
3123 3124 0.00011677
3126 3124 0.00011677
3312 3124 0.00011677
3137 3138 0.003001
3302 3138 0.003001
3338 3138 0.003001
1713 3172 0.00011476
3173 3172 0.00011476
3177 3172 0.00011476
1711 3174 0.0004225
1714 3174 0.0004225
3175 3174 0.0004225
1279 3175 0.00012248
1280 3175 0.00012248
3174 3175 0.00012248
1281 3179 0.00048717
1284 3179 0.00048717
3178 3179 0.00048717
3201 3200 0.00014973
6186 3200 0.00014973
6187 3200 0.00014973
3200 3201 0.00014114
6172 3201 0.00014114
6173 3201 0.00014114
3207 3206 0.016096
4559 3206 0.016096
4562 3206 0.016096
3206 3207 0.039029
6192 3207 0.039029
6193 3207 0.039029
3209 3208 0.019182
3211 3208 0.019182
4561 3208 0.019182
3208 3209 0.0072917
6188 3209 0.0072917
6189 3209 0.0072917
3209 3210 0.008159
3211 3210 0.008159
4561 3210 0.008159
3210 3211 0.018569
6184 3211 0.018569
6185 3211 0.018569
3212 3213 0.97524
3651 3213 0.97524
3654 3213 0.97524
3137 3303 0.00089268
3302 3303 0.00089268
3338 3303 0.00089268
3136 3304 0.00039803
3305 3304 0.00039803
3306 3304 0.00039803
3124 3306 0.00039422
3307 3306 0.00039422
3308 3306 0.00039422
3637 3306 0.00039422
3136 3307 0.00012808
3305 3307 0.00012808
3306 3307 0.00012808
3137 3337 0.0002615
3302 3337 0.0002615
3338 3337 0.0002615
3343 3338 0.004108
3639 3338 0.004108
3962 3338 0.004108
1532 3340 0.00011156
2851 3340 0.00011156
3339 3340 0.00011156
3340 3341 0.00011156
3342 3341 0.00011156
3960 3341 0.00011156
600 3343 0.00092415
2849 3343 0.00092415
3344 3343 0.00092415
3345 3343 0.00092415
3343 3344 0.0036672
3639 3344 0.0036672
3962 3344 0.0036672
600 3346 0.0035895
2849 3346 0.0035895
3344 3346 0.0035895
3345 3346 0.0035895
3347 3348 0.0035288
3354 3348 0.0035288
4683 3348 0.0035288
73 3350 0.0035288
3348 3350 0.0035288
3349 3350 0.0035288
3350 3352 0.0033456
3351 3352 0.0033456
3363 3352 0.0033456
3350 3364 0.00024901
3351 3364 0.00024901
3363 3364 0.00024901
3352 3365 0.00022128
3366 3365 0.00022128
3691 3365 0.00022128
3364 3366 0.00012296
3365 3366 0.00012296
3367 3366 0.00012296
3364 3368 0.00033283
3365 3368 0.00033283
3367 3368 0.00033283
3370 3369 0.00020393
3692 3369 0.00020393
3693 3369 0.00020393
3638 3637 0.00057731
3640 3637 0.00057731
5268 3637 0.00057731
3124 3638 0.00024538
3307 3638 0.00024538
3308 3638 0.00024538
3637 3638 0.00024538
3343 3640 0.036055
3639 3640 0.036055
3962 3640 0.036055
3642 3641 0.0004925
3698 3641 0.0004925
3716 3641 0.0004925
2377 3643 0.00049249
2380 3643 0.00049249
3644 3643 0.00049249
2661 3645 0.00049322
3643 3645 0.00049322
3646 3645 0.00049322
2382 3647 0.00049972
3645 3647 0.00049972
3648 3647 0.00049972
3647 3649 0.00049969
3650 3649 0.00049969
2151 3651 0.99849
3649 3651 0.99849
3652 3651 0.99849
6823 3651 0.99849
3212 3653 0.03122
3651 3653 0.03122
3654 3653 0.03122
3653 3654 0.0078795
3656 3654 0.0078795
6210 3654 0.0078795
3653 3655 0.021867
3656 3655 0.021867
6210 3655 0.021867
3655 3656 0.0069737
3658 3656 0.0069737
6205 3656 0.0069737
3655 3657 0.023395
3658 3657 0.023395
6205 3657 0.023395
1662 3659 0.00027853
3657 3659 0.00027853
3660 3659 0.00027853
3659 3661 0.00025908
3662 3661 0.00025908
6218 3661 0.00025908
3368 3666 0.00044713
3369 3666 0.00044713
3665 3666 0.00044713
3666 3668 0.00050599
3667 3668 0.00050599
5843 3668 0.00050599
3668 3670 0.00017961
3669 3670 0.00017961
6478 3670 0.00017961
3672 3671 0.00011565
3673 3671 0.00011565
3675 3671 0.00011565
3674 3673 0.00020734
3696 3673 0.00020734
3697 3673 0.00020734
3670 3680 0.00024947
3679 3680 0.00024947
5851 3680 0.00024947
3680 3682 0.0007119
3681 3682 0.0007119
3689 3682 0.0007119
6479 3682 0.0007119
3053 3684 0.00075472
3682 3684 0.00075472
3683 3684 0.00075472
3684 3685 0.00014476
3686 3685 0.00014476
3687 3685 0.00014476
3054 3686 0.00010963
3685 3686 0.00010963
3688 3687 0.00010998
3714 3687 0.00010998
3715 3687 0.00010998
3684 3688 0.00080593
3686 3688 0.00080593
3687 3688 0.00080593
3352 3692 0.003247
3366 3692 0.003247
3691 3692 0.003247
3370 3694 0.0030902
3692 3694 0.0030902
3693 3694 0.0030902
3694 3696 0.003026
3695 3696 0.003026
6563 3696 0.003026
3674 3698 0.0028329
3696 3698 0.0028329
3697 3698 0.0028329
1972 3705 0.00022507
3706 3705 0.00022507
3707 3705 0.00022507
3736 3705 0.00022507
134 3707 0.00028052
3708 3707 0.00028052
3709 3707 0.00028052
1972 3708 0.00032708
3706 3708 0.00032708
3707 3708 0.00032708
3736 3708 0.00032708
3051 3709 0.0011431
3710 3709 0.0011431
3711 3709 0.0011431
134 3710 0.0029278
3708 3710 0.0029278
3709 3710 0.0029278
2146 3711 0.0036631
3712 3711 0.0036631
4663 3711 0.0036631
7113 3711 0.0036631
3051 3712 0.0037097
3710 3712 0.0037097
3711 3712 0.0037097
3688 3713 0.003151
3714 3713 0.003151
3715 3713 0.003151
3713 3714 0.0001148
6921 3714 0.0001148
7114 3714 0.0001148
3642 3715 0.0023878
3698 3715 0.0023878
3716 3715 0.0023878
411 3736 0.00025631
3734 3736 0.00025631
3735 3736 0.00025631
4685 3962 0.042895
5086 3962 0.042895
1129 3964 0.99518
3963 3964 0.99518
4142 4143 1
4145 4143 1
4144 4145 1
4147 4145 1
4153 4145 1
4146 4147 1
6840 4147 1
4148 4149 1
6842 4149 1
4263 4264 0.00019465
6299 4264 0.00019465
6302 4264 0.00019465
6313 4264 0.00019465
4265 4266 0.0001546
4270 4266 0.0001546
6672 4266 0.0001546
4264 4270 0.00019465
4269 4270 0.00019465
4285 4270 0.00019465
668 4272 0.0001546
4266 4272 0.0001546
4271 4272 0.0001546
1659 4559 0.97862
3213 4559 0.97862
4560 4559 0.97862
3207 4561 0.026272
4559 4561 0.026272
4562 4561 0.026272
3209 4562 0.024792
3211 4562 0.024792
4561 4562 0.024792
6844 4655 0.7717
4662 4663 0.99493
6739 4663 0.99493
4675 4676 0.00012551
5281 4676 0.00012551
6740 4677 1
3341 4683 0.0035978
3346 4683 0.0035978
4684 4683 0.0035978
6742 4685 1
958 4809 0.00015096
1681 4809 0.00015096
4810 4809 0.00015096
6181 4809 0.00015096
4809 4810 0.00064751
6174 4810 0.00064751
6175 4810 0.00064751
1130 5084 0.93743
4685 5085 0.95869
5086 5085 0.95869
5087 5086 0.0015801
5271 5086 0.0015801
1129 5087 0.0013287
3963 5087 0.0013287
5090 5089 0.0015156
5091 5090 0.0015163
5838 5090 0.0015163
1128 5091 0.0015194
5092 5091 0.0015194
2149 5260 0.0040218
7287 5260 0.0040218
3638 5267 0.039301
3640 5267 0.039301
5268 5267 0.039301
3138 5268 0.0035888
5832 5268 0.0035888
6422 5268 0.0035888
3964 5271 0.0002516
6738 5271 0.0002516
706 5272 0.00011897
5273 5272 0.00011897
6670 5272 0.00011897
704 5274 0.00012754
5272 5274 0.00012754
5275 5274 0.00012754
674 5276 0.00012754
5274 5276 0.00012754
5277 5276 0.00012754
678 5278 0.00012754
2282 5278 0.00012754
5279 5278 0.00012754
5286 5278 0.00012754
2280 5281 0.00012585
5280 5281 0.00012585
5282 5281 0.00012585
432 5693 0.0014241
5692 5693 0.0014241
4267 5804 0.00015457
4272 5804 0.00015457
5805 5804 0.00015457
2352 5832 0.00026344
2355 5832 0.00026344
5269 5832 0.00026344
5852 5851 0.00011565
5853 5851 0.00011565
3671 5853 0.00011565
5854 5853 0.00011565
1670 6172 0.00014048
6171 6172 0.00014048
7226 6172 0.00014048
3200 6174 0.00020389
6172 6174 0.00020389
6173 6174 0.00020389
6176 6175 0.00066913
6190 6175 0.00066913
6191 6175 0.00066913
4809 6176 0.00031705
6174 6176 0.00031705
6175 6176 0.00031705
1663 6184 0.023275
1666 6184 0.023275
6183 6184 0.023275
3201 6185 0.0024136
6186 6185 0.0024136
6187 6185 0.0024136
3210 6186 0.015246
6184 6186 0.015246
6185 6186 0.015246
3208 6187 0.0024491
6188 6187 0.0024491
6189 6187 0.0024491
3201 6188 0.015273
6186 6188 0.015273
6187 6188 0.015273
6176 6189 0.0034092
6190 6189 0.0034092
6191 6189 0.0034092
3208 6190 0.028123
6188 6190 0.028123
6189 6190 0.028123
3206 6191 0.0038429
6192 6191 0.0038429
6193 6191 0.0038429
6176 6192 0.028205
6190 6192 0.028205
6191 6192 0.028205
1680 6193 0.01774
6194 6193 0.01774
6195 6193 0.01774
3206 6194 0.019169
6192 6194 0.019169
6193 6194 0.019169
1660 6195 0.0175
6196 6195 0.0175
7158 6195 0.0175
1680 6196 0.019426
6194 6196 0.019426
6195 6196 0.019426
1677 6198 0.00013432
6197 6198 0.00013432
6199 6198 0.00013432
1675 6202 0.00024469
3203 6202 0.00024469
6201 6202 0.00024469
1661 6203 0.00010229
1664 6203 0.00010229
6204 6203 0.00010229
1678 6204 0.00020992
6202 6204 0.00020992
6203 6204 0.00020992
6206 6205 0.010517
6209 6205 0.010517
6211 6205 0.010517
3655 6206 0.0020704
3658 6206 0.0020704
6205 6206 0.0020704
3653 6209 0.010517
3656 6209 0.010517
6210 6209 0.010517
6206 6210 0.0020704
6209 6210 0.0020704
6211 6210 0.0020704
638 6297 1
4143 6297 1
6298 6297 1
671 6299 1
6300 6299 1
6847 6299 1
4263 6301 0.99987
6299 6301 0.99987
6302 6301 0.99987
6313 6301 0.99987
3304 6422 0.00040837
6420 6422 0.00040837
6421 6422 0.00040837
3668 6479 0.00042954
3669 6479 0.00042954
6478 6479 0.00042954
1976 6616 0.0014286
6155 6616 0.0014286
6617 6616 0.0014286
6150 6618 0.0014298
6616 6618 0.0014298
6619 6618 0.0014298
6152 6620 0.0014698
6618 6620 0.0014698
6621 6620 0.0014698
5718 6622 0.0014698
6620 6622 0.0014698
6623 6622 0.0014698
5804 6670 0.00012756
6671 6670 0.00012756
6676 6670 0.00012756
714 6683 0.0044692
4676 6683 0.0044692
713 6684 0.058097
2050 6684 0.058097
2052 6684 0.058097
4678 6708 0.99992
7120 6708 0.99992
1130 6709 0.06249
6722 6723 1
4677 6735 0.7717
3964 6739 0.99493
6738 6739 0.99493
7172 6740 1
1707 6742 1
4655 6742 1
6757 6756 0.99987
7118 6756 0.99987
724 6795 1.002
2147 6795 1.002
6794 6795 1.002
6796 6797 0.99801
7183 6797 0.99801
4149 6840 1
4151 6840 1
6839 6840 1
6723 6842 1
6841 6842 1
6735 6844 0.7717
6843 6844 0.7717
6297 6847 1
6848 6847 1
6301 6849 0.99987
6850 6849 0.99987
6683 6872 0.062566
6684 6872 0.062566
5085 6873 0.001519
5267 6873 0.001519
6873 6874 0.001519
3713 6920 0.031477
6921 6920 0.031477
7114 6920 0.031477
723 6921 0.00016256
6920 6921 0.00016256
3713 7113 0.0024214
6921 7113 0.0024214
7114 7113 0.0024214
2146 7114 0.0307
3712 7114 0.0307
4663 7114 0.0307
7113 7114 0.0307
6849 7118 0.99987
7119 7118 0.99987
6756 7120 0.99987
7121 7120 0.99987
7157 7156 0.0014698
7230 7156 0.0014698
7156 7158 0.0014698
7159 7158 0.0014698
7173 7172 1
2051 7173 1
5084 7173 1
7182 7183 0.99801
7185 7183 0.99801
7184 7185 0.99801
7288 7185 0.99801
1667 7226 0.00012208
7227 7226 0.00012208
6622 7228 0.0014698
7229 7228 0.0014698
7228 7230 0.0014698
7231 7230 0.0014698
2149 7288 0.99801
7287 7288 0.99801
