148 147 0.0011413
3286 147 0.0011413
3289 147 0.0011413
147 148 0.00019046
3277 148 0.00019046
3278 148 0.00019046
167 168 0.0005606
6703 168 0.0005606
766 765 0.010227
2291 765 0.010227
3256 765 0.010227
5564 765 0.010227
765 766 0.022927
768 766 0.022927
1105 766 0.022927
765 767 0.00022206
768 767 0.00022206
1105 767 0.00022206
767 768 0.001737
3276 768 0.001737
3297 768 0.001737
1101 1100 0.0011121
1500 1100 0.0011121
3512 1100 0.0011121
1100 1101 0.21076
3503 1101 0.21076
3516 1101 0.21076
6255 1101 0.21076
765 1104 0.01036
768 1104 0.01036
1105 1104 0.01036
1104 1105 0.021545
3259 1105 0.021545
3260 1105 0.021545
1463 1118 0.002307
3513 1118 0.002307
1464 1463 0.0017638
6702 1463 0.0017638
978 1464 0.002307
1465 1464 0.002307
1118 1465 0.002307
5262 1465 0.002307
1483 1482 0.00090774
2292 1482 0.00090774
3505 1482 0.00090774
1482 1483 0.79064
3499 1483 0.79064
3514 1483 0.79064
3515 1483 0.79064
1490 1492 0.00010715
1493 1492 0.00010715
3248 1492 0.00010715
1492 1494 0.00011352
1495 1494 0.00011352
3235 1494 0.00011352
1494 1495 0.069528
1497 1495 0.069528
1511 1495 0.069528
1496 1497 0.090913
1499 1497 0.090913
3239 1497 0.090913
3240 1497 0.090913
1498 1499 0.1023
1501 1499 0.1023
4635 1499 0.1023
1498 1500 0.00081028
1501 1500 0.00081028
4635 1500 0.00081028
1101 1501 0.10672
1500 1501 0.10672
3512 1501 0.10672
1509 1508 0.029532
3508 1508 0.029532
3509 1508 0.029532
1508 1509 0.0024963
3236 1509 0.0024963
4608 1509 0.0024963
1494 1510 0.026513
1497 1510 0.026513
1511 1510 0.026513
1510 1511 0.0051106
3230 1511 0.0051106
4609 1511 0.0051106
2290 2291 0.99946
2293 2291 0.99946
3232 2291 0.99946
2290 2292 0.00013673
2293 2292 0.00013673
3232 2292 0.00013673
1483 2293 0.87027
2292 2293 0.87027
3505 2293 0.87027
2941 2942 0.00029258
6260 2942 0.00029258
6261 2942 0.00029258
2944 2943 0.00028534
2945 2943 0.00028534
3446 2943 0.00028534
3231 3230 0.0037471
3233 3230 0.0037471
3234 3230 0.0037471
1510 3231 0.063574
3230 3231 0.063574
4609 3231 0.063574
3231 3232 0.12966
3233 3232 0.12966
3234 3232 0.12966
2290 3233 0.00033229
2293 3233 0.00033229
3232 3233 0.00033229
1492 3234 0.069606
1495 3234 0.069606
3235 3234 0.069606
3231 3235 0.00010606
3233 3235 0.00010606
3234 3235 0.00010606
1098 3236 0.015882
3237 3236 0.015882
3238 3236 0.015882
1508 3237 0.0044921
3236 3237 0.0044921
4608 3237 0.0044921
1496 3238 0.015882
1499 3238 0.015882
3239 3238 0.015882
3240 3238 0.015882
1098 3239 0.0044921
3237 3239 0.0044921
3238 3239 0.0044921
1496 3241 0.00010149
1499 3241 0.00010149
3239 3241 0.00010149
3240 3241 0.00010149
766 3257 1.0101
2291 3257 1.0101
3256 3257 1.0101
5564 3257 1.0101
1104 3258 0.010396
3259 3258 0.010396
3260 3258 0.010396
3257 3259 0.022553
3258 3259 0.022553
5570 3259 0.022553
3261 3260 0.00020163
3274 3260 0.00020163
3288 3260 0.00020163
1104 3261 0.0011734
3259 3261 0.0011734
3260 3261 0.0011734
3263 3262 0.0042773
3264 3262 0.0042773
5569 3262 0.0042773
3262 3263 0.0008555
5571 3263 0.0008555
5572 3263 0.0008555
147 3276 0.0011513
3277 3276 0.0011513
3278 3276 0.0011513
767 3277 0.0001824
3276 3277 0.0001824
3297 3277 0.0001824
148 3288 0.00020163
3286 3288 0.00020163
3289 3288 0.00020163
3261 3289 0.0011734
3274 3289 0.0011734
3288 3289 0.0011734
168 3295 0.00058812
169 3295 0.00058812
3294 3295 0.00058812
1102 3297 0.00059835
3295 3297 0.00059835
3296 3297 0.00059835
2929 3446 0.00026546
2942 3446 0.00026546
3445 3446 0.00026546
3494 3493 0.00015363
3504 3493 0.00015363
3493 3494 0.48048
3501 3494 0.48048
3551 3494 0.48048
4637 3494 0.48048
3500 3499 0.52216
3502 3499 0.52216
1482 3500 0.0024858
3499 3500 0.0024858
3514 3500 0.0024858
3515 3500 0.0024858
3500 3501 0.0024858
3502 3501 0.0024858
3493 3502 0.52216
3501 3502 0.52216
3551 3502 0.52216
4637 3502 0.52216
3494 3503 0.48048
3504 3503 0.48048
1100 3504 0.00015363
3503 3504 0.00015363
3516 3504 0.00015363
6255 3504 0.00015363
3506 3505 0.085972
3507 3505 0.085972
3517 3505 0.085972
1483 3506 0.005574
2292 3506 0.005574
3505 3506 0.005574
1509 3507 0.085972
3508 3507 0.085972
3509 3507 0.085972
3506 3508 0.005574
3507 3508 0.005574
3517 3508 0.005574
3510 3509 0.1097
3511 3509 0.1097
4634 3509 0.1097
1509 3510 0.0022633
3508 3510 0.0022633
3509 3510 0.0022633
1101 3511 0.11409
1500 3511 0.11409
3512 3511 0.11409
3510 3512 0.010349
3511 3512 0.010349
4634 3512 0.010349
1482 3513 0.0023018
3499 3513 0.0023018
3514 3513 0.0023018
3515 3513 0.0023018
1463 3514 0.0017587
3513 3514 0.0017587
1100 3515 0.27441
3503 3515 0.27441
3516 3515 0.27441
6255 3515 0.27441
1482 3516 0.0038142
3499 3516 0.0038142
3514 3516 0.0038142
3515 3516 0.0038142
3552 3551 1
1510 4608 0.004035
3230 4608 0.004035
4609 4608 0.004035
1508 4609 0.04246
3236 4609 0.04246
4608 4609 0.04246
1498 4634 0.018983
1501 4634 0.018983
4635 4634 0.018983
3510 4635 0.015289
3511 4635 0.015289
4634 4635 0.015289
3290 5562 0.0021196
5563 5562 0.0021196
5567 5562 0.0021196
766 5565 0.0021196
2291 5565 0.0021196
3256 5565 0.0021196
5564 5565 0.0021196
3292 5567 0.0021196
5565 5567 0.0021196
5566 5567 0.0021196
3263 5568 0.0008555
3264 5568 0.0008555
5569 5568 0.0008555
5562 5569 0.0042773
5568 5569 0.0042773
5573 5569 0.0042773
3262 5570 0.0056233
5571 5570 0.0056233
5572 5570 0.0056233
3257 5571 0.0035367
3258 5571 0.0035367
5570 5571 0.0035367
5562 5572 0.0020829
5568 5572 0.0020829
5573 5572 0.0020829
3262 5573 0.0034182
5571 5573 0.0034182
5572 5573 0.0034182
2943 6255 0.00032461
6256 6255 0.00032461
6259 6255 0.00032461
6263 6255 0.00032461
1100 6256 0.00039746
3503 6256 0.00039746
3516 6256 0.00039746
6255 6256 0.00039746
2943 6260 0.0003088
6256 6260 0.0003088
6259 6260 0.0003088
6263 6260 0.0003088
1464 6703 0.0005606
6702 6703 0.0005606
