148 147 0.00019382
3286 147 0.00019382
3289 147 0.00019382
147 148 0.0004664
3277 148 0.0004664
3278 148 0.0004664
152 151 0.00034406
153 151 0.00034406
155 151 0.00034406
151 152 0.00036333
170 152 0.00036333
171 152 0.00036333
154 153 0.00032904
1103 153 0.00032904
1484 153 0.00032904
152 154 0.00034988
153 154 0.00034988
155 154 0.00034988
156 155 0.00010578
157 155 0.00010578
162 155 0.00010578
152 156 0.00010422
153 156 0.00010422
155 156 0.00010422
163 164 0.00014162
172 164 0.00014162
173 164 0.00014162
168 167 0.00010388
169 167 0.00010388
3294 167 0.00010388
167 168 0.027415
6703 168 0.027415
151 169 0.00050689
170 169 0.00050689
171 169 0.00050689
168 170 0.00050057
169 170 0.00050057
3294 170 0.00050057
163 171 0.00017762
172 171 0.00017762
173 171 0.00017762
151 172 0.00015203
170 172 0.00015203
171 172 0.00015203
547 548 0.00011429
2073 548 0.00011429
7094 548 0.00011429
601 600 1
752 751 0.26707
3486 751 0.26707
3487 751 0.26707
3490 751 0.26707
751 752 0.00010303
1489 752 0.00010303
3250 752 0.00010303
766 765 0.0007257
2291 765 0.0007257
3256 765 0.0007257
5564 765 0.0007257
765 766 0.025302
768 766 0.025302
1105 766 0.025302
767 768 0.027113
3276 768 0.027113
3297 768 0.027113
786 785 0.00013532
2261 785 0.00013532
2264 785 0.00013532
3989 785 0.00013532
785 786 0.0001602
3973 786 0.0001602
3976 786 0.0001602
3977 786 0.0001602
747 801 0.0010309
802 801 0.0010309
1094 801 0.0010309
801 803 0.0012434
804 803 0.0012434
3458 803 0.0012434
803 805 0.0012434
806 805 0.0012434
3479 805 0.0012434
948 950 0.00019499
951 950 0.00019499
6355 950 0.00019499
950 951 0.00074107
6352 951 0.00074107
6353 951 0.00074107
6356 951 0.00074107
199 978 0.0028524
979 978 0.0028524
6891 978 0.0028524
994 995 0.00017067
997 995 0.00017067
2076 995 0.00017067
2077 995 0.00017067
1093 1092 0.0031358
3476 1092 0.0031358
3477 1092 0.0031358
1092 1093 0.0153
3241 1093 0.0153
3244 1093 0.0153
1095 1094 0.00097072
2923 1094 0.00097072
2928 1094 0.00097072
3529 1094 0.00097072
1097 1096 0.00056643
2927 1096 0.00056643
2930 1096 0.00056643
2931 1096 0.00056643
3519 1096 0.00056643
1096 1097 0.00016359
3527 1097 0.00016359
3530 1097 0.00016359
1101 1100 0.0007189
1500 1100 0.0007189
3512 1100 0.0007189
1100 1101 0.43918
3503 1101 0.43918
3516 1101 0.43918
6255 1101 0.43918
154 1102 0.00039038
1103 1102 0.00039038
1484 1102 0.00039038
1102 1103 0.00040044
3295 1103 0.00040044
3296 1103 0.00040044
765 1104 0.0049836
768 1104 0.0049836
1105 1104 0.0049836
1104 1105 0.0024788
3259 1105 0.0024788
3260 1105 0.0024788
1463 1118 0.0022186
3513 1118 0.0022186
5085 1129 0.0033065
5267 1129 0.0033065
1232 1233 0.95112
7249 1233 0.95112
1235 1234 0.046032
7248 1234 0.046032
7250 1234 0.046032
1237 1236 0.0074999
3902 1236 0.0074999
6118 1236 0.0074999
1236 1237 0.00048944
1243 1237 0.00048944
6115 1237 0.00048944
1239 1238 0.00027451
1240 1238 0.00027451
1244 1238 0.00027451
6125 1238 0.00027451
1241 1240 0.0068509
1242 1240 0.0068509
3900 1240 0.0068509
1239 1241 0.00088256
1240 1241 0.00088256
1244 1241 0.00088256
6125 1241 0.00088256
1236 1242 0.0074999
1243 1242 0.0074999
6115 1242 0.0074999
1241 1243 0.00048944
1242 1243 0.00048944
3900 1243 0.00048944
1253 1252 0.0014978
1254 1252 0.0014978
1260 1252 0.0014978
1252 1253 0.0014978
1262 1253 0.0014978
6119 1253 0.0014978
1255 1254 0.0014756
1256 1254 0.0014756
1259 1254 0.0014756
1253 1255 0.00016474
1254 1255 0.00016474
1260 1255 0.00016474
1255 1258 0.00016474
1256 1258 0.00016474
1259 1258 0.00016474
1258 1259 0.0014756
1261 1259 0.0014756
3888 1259 0.0014756
1258 1260 0.00016474
1261 1260 0.00016474
3888 1260 0.00016474
1253 1261 0.0014756
1254 1261 0.0014756
1260 1261 0.0014756
1265 1264 0.0028524
1266 1264 0.0028524
1286 1264 0.0028524
1267 1266 0.0028524
1268 1266 0.0028524
1700 1266 0.0028524
131 1268 0.0024167
1269 1268 0.0024167
1270 1268 0.0024167
1271 1270 0.0024167
1274 1270 0.0024167
3169 1270 0.0024167
1273 1272 0.0023338
1276 1272 0.0023338
3172 1272 0.0023338
1272 1274 0.0024167
1275 1274 0.0024167
3170 1274 0.0024167
1277 1276 0.0022854
1278 1276 0.0022854
2869 1276 0.0022854
1279 1278 0.0025974
1280 1278 0.0025974
3174 1278 0.0025974
1281 1280 0.0026367
1284 1280 0.0026367
3178 1280 0.0026367
1283 1282 0.0029244
1708 1282 0.0029244
4653 1282 0.0029244
1282 1284 0.002733
1285 1284 0.002733
3954 1284 0.002733
1299 1298 0.00010221
3955 1298 0.00010221
3956 1298 0.00010221
1464 1463 0.97484
6702 1463 0.97484
978 1464 1.0021
1465 1464 1.0021
1118 1465 0.99929
5262 1465 0.99929
1483 1482 0.0018531
2292 1482 0.0018531
3505 1482 0.0018531
1482 1483 0.50388
3499 1483 0.50388
3514 1483 0.50388
3515 1483 0.50388
1487 1486 0.092372
3243 1486 0.092372
3492 1486 0.092372
1486 1487 0.00014752
3483 1487 0.00014752
3489 1487 0.00014752
751 1488 0.029118
1489 1488 0.029118
3250 1488 0.029118
1488 1489 0.24393
1491 1489 0.24393
3246 1489 0.24393
1488 1490 0.0015696
1491 1490 0.0015696
3246 1490 0.0015696
1490 1491 0.56959
1493 1491 0.56959
3248 1491 0.56959
1490 1492 0.00025161
1493 1492 0.00025161
3248 1492 0.00025161
1492 1493 0.73329
1495 1493 0.73329
3235 1493 0.73329
1492 1494 0.0088057
1495 1494 0.0088057
3235 1494 0.0088057
1494 1495 0.32906
1497 1495 0.32906
1511 1495 0.32906
1494 1496 0.017021
1497 1496 0.017021
1511 1496 0.017021
1496 1497 0.32269
1499 1497 0.32269
3239 1497 0.32269
3240 1497 0.32269
1496 1498 0.00020649
1499 1498 0.00020649
3239 1498 0.00020649
3240 1498 0.00020649
1498 1499 0.48714
1501 1499 0.48714
4635 1499 0.48714
1498 1500 0.000827
1501 1500 0.000827
4635 1500 0.000827
1101 1501 0.42558
1500 1501 0.42558
3512 1501 0.42558
1502 1504 0.00010516
1505 1504 0.00010516
6254 1504 0.00010516
1506 1507 0.00020104
4632 1507 0.00020104
6257 1507 0.00020104
6262 1507 0.00020104
1509 1508 0.10164
3508 1508 0.10164
3509 1508 0.10164
1508 1509 0.0048026
3236 1509 0.0048026
4608 1509 0.0048026
1494 1510 0.039686
1497 1510 0.039686
1511 1510 0.039686
1510 1511 0.054276
3230 1511 0.054276
4609 1511 0.054276
1528 1530 0.0080142
1531 1530 0.0080142
3303 1530 0.0080142
1530 1531 0.055644
1533 1531 0.055644
2850 1531 0.055644
1530 1532 0.0090517
1533 1532 0.0090517
2850 1532 0.0090517
1532 1533 0.00256
2851 1533 0.00256
3339 1533 0.00256
1288 1700 0.00044654
1699 1700 0.00044654
1702 1700 0.00044654
130 1702 0.0004326
1701 1702 0.0004326
1704 1702 0.0004326
1292 1704 0.00043688
1703 1704 0.00043688
3183 1704 0.00043688
1711 1713 0.00013847
1714 1713 0.00013847
3175 1713 0.00013847
2072 2073 0.0003811
2074 2073 0.0003811
2075 2073 0.0003811
3906 2073 0.0003811
994 2075 0.0003762
997 2075 0.0003762
2076 2075 0.0003762
2077 2075 0.0003762
2078 2077 0.00048175
2358 2077 0.00048175
2361 2077 0.00048175
6371 2077 0.00048175
786 2263 0.00016355
2261 2263 0.00016355
2264 2263 0.00016355
3989 2263 0.00016355
2263 2264 0.00013867
2266 2264 0.00013867
3959 2264 0.00013867
2263 2265 0.0029496
2266 2265 0.0029496
3959 2265 0.0029496
2265 2267 0.0029244
2268 2267 0.0029244
3975 2267 0.0029244
1504 2288 0.00010516
2289 2288 0.00010516
4648 2288 0.00010516
766 2290 0.030448
2291 2290 0.030448
3256 2290 0.030448
5564 2290 0.030448
2290 2291 0.0030641
2293 2291 0.0030641
3232 2291 0.0030641
2290 2292 0.0006533
2293 2292 0.0006533
3232 2292 0.0006533
1483 2293 0.35737
2292 2293 0.35737
3505 2293 0.35737
2353 2352 0.0037454
3337 2352 0.0037454
2352 2353 0.0010714
2355 2353 0.0010714
5269 2353 0.0010714
2352 2354 0.0032376
2355 2354 0.0032376
5269 2354 0.0032376
2354 2355 0.00026912
2357 2355 0.00026912
2354 2356 0.00030076
2357 2356 0.00030076
2356 2357 0.00032174
2359 2357 0.00032174
6362 2357 0.00032174
7160 2357 0.00032174
2356 2358 0.00032584
2359 2358 0.00032584
6362 2358 0.00032584
7160 2358 0.00032584
2078 2359 0.00020584
2358 2359 0.00020584
2361 2359 0.00020584
6371 2359 0.00020584
2753 2752 0.99706
3327 2752 0.99706
5237 2752 0.99706
1530 2849 0.0090652
1533 2849 0.0090652
2850 2849 0.0090652
600 2850 0.063186
2849 2850 0.063186
3344 2850 0.063186
3345 2850 0.063186
1277 2870 0.00032364
1278 2870 0.00032364
2869 2870 0.00032364
2911 2913 0.00034399
2914 2913 0.00034399
6130 2913 0.00034399
1507 2920 0.00021671
2288 2920 0.00021671
2919 2920 0.00021671
2920 2922 0.00022415
2921 2922 0.00022415
4647 2922 0.00022415
1095 2927 0.00031275
2923 2927 0.00031275
2928 2927 0.00031275
3529 2927 0.00031275
1097 2928 0.0005957
2927 2928 0.0005957
2930 2928 0.0005957
2931 2928 0.0005957
3519 2928 0.0005957
1097 2929 0.00018439
2927 2929 0.00018439
2930 2929 0.00018439
2931 2929 0.00018439
3519 2929 0.00018439
2929 2930 0.005562
2942 2930 0.005562
3445 2930 0.005562
2932 2931 0.00072686
2933 2931 0.00072686
3448 2931 0.00072686
3449 2931 0.00072686
1097 2932 0.00022145
2927 2932 0.00022145
2930 2932 0.00022145
2931 2932 0.00022145
3519 2932 0.00022145
2287 2933 0.00021914
2922 2933 0.00021914
2934 2933 0.00021914
2929 2941 0.00019287
2942 2941 0.00019287
3445 2941 0.00019287
2941 2942 0.0081143
6260 2942 0.0081143
6261 2942 0.0081143
2944 2943 0.00053645
2945 2943 0.00053645
3446 2943 0.00053645
2943 2944 0.023895
6256 2944 0.023895
6259 2944 0.023895
6263 2944 0.023895
2946 2945 0.00059189
3461 2945 0.00059189
3520 2945 0.00059189
2944 2946 0.026494
2945 2946 0.026494
3446 2946 0.026494
3107 3109 0.00016409
3110 3109 0.00016409
3309 3109 0.00016409
3310 3109 0.00016409
3122 3121 0.005295
5270 3121 0.005295
6233 3121 0.005295
3121 3122 0.0011781
3328 3122 0.0011781
3329 3122 0.0011781
3124 3123 0.00065952
3307 3123 0.00065952
3308 3123 0.00065952
3637 3123 0.00065952
3123 3124 0.0001736
3126 3124 0.0001736
3312 3124 0.0001736
3123 3125 0.0006189
3126 3125 0.0006189
3312 3125 0.0006189
3125 3127 0.00027836
3128 3127 0.00027836
5949 3127 0.00027836
3136 3135 0.00011789
3305 3135 0.00011789
3306 3135 0.00011789
3135 3136 0.00033854
5948 3136 0.00033854
5953 3136 0.00033854
3138 3137 0.0076037
5832 3137 0.0076037
6422 3137 0.0076037
3137 3138 0.0010851
3302 3138 0.0010851
3338 3138 0.0010851
3182 3183 0.00042567
3591 3183 0.00042567
3594 3183 0.00042567
3231 3230 0.043392
3233 3230 0.043392
3234 3230 0.043392
1510 3231 0.072075
3230 3231 0.072075
4609 3231 0.072075
3231 3232 0.00043698
3233 3232 0.00043698
3234 3232 0.00043698
2290 3233 0.38454
2293 3233 0.38454
3232 3233 0.38454
1492 3234 0.021552
1495 3234 0.021552
3235 3234 0.021552
3231 3235 0.43433
3233 3235 0.43433
3234 3235 0.43433
1098 3236 0.015476
3237 3236 0.015476
3238 3236 0.015476
1508 3237 0.069042
3236 3237 0.069042
4608 3237 0.069042
1496 3238 0.015476
1499 3238 0.015476
3239 3238 0.015476
3240 3238 0.015476
1098 3239 0.069042
3237 3239 0.069042
3238 3239 0.069042
1092 3240 0.00043989
3241 3240 0.00043989
3244 3240 0.00043989
1496 3241 0.23527
1499 3241 0.23527
3239 3241 0.23527
3240 3241 0.23527
1487 3242 0.0030397
3243 3242 0.0030397
3492 3242 0.0030397
3242 3243 0.050971
3245 3243 0.050971
3485 3243 0.050971
3242 3244 0.00036984
3245 3244 0.00036984
3485 3244 0.00036984
1092 3245 0.22304
3241 3245 0.22304
3244 3245 0.22304
3247 3246 0.030834
3251 3246 0.030834
3252 3246 0.030834
1488 3247 0.38404
1491 3247 0.38404
3246 3247 0.38404
3249 3248 0.011416
3253 3248 0.011416
3254 3248 0.011416
1490 3249 0.17643
1493 3249 0.17643
3248 3249 0.17643
3247 3250 0.0020658
3251 3250 0.0020658
3252 3250 0.0020658
751 3251 0.48384
1489 3251 0.48384
3250 3251 0.48384
3249 3252 0.17643
3253 3252 0.17643
3254 3252 0.17643
3247 3253 0.011416
3251 3253 0.011416
3252 3253 0.011416
3257 3256 0.0058684
3258 3256 0.0058684
5570 3256 0.0058684
766 3257 0.0028395
2291 3257 0.0028395
3256 3257 0.0028395
5564 3257 0.0028395
1104 3258 0.0053341
3259 3258 0.0053341
3260 3258 0.0053341
3257 3259 0.0025267
3258 3259 0.0025267
5570 3259 0.0025267
3261 3260 0.00049938
3274 3260 0.00049938
3288 3260 0.00049938
1104 3261 0.00019671
3259 3261 0.00019671
3260 3261 0.00019671
3263 3262 0.00044603
3264 3262 0.00044603
5569 3262 0.00044603
147 3276 0.00023316
3277 3276 0.00023316
3278 3276 0.00023316
767 3277 0.00046014
3276 3277 0.00046014
3297 3277 0.00046014
148 3288 0.00049938
3286 3288 0.00049938
3289 3288 0.00049938
3261 3289 0.00019671
3274 3289 0.00019671
3288 3289 0.00019671
168 3295 0.027339
169 3295 0.027339
3294 3295 0.027339
1102 3297 0.027329
3295 3297 0.027329
3296 3297 0.027329
1528 3302 0.055644
1531 3302 0.055644
3303 3302 0.055644
3137 3303 0.0080142
3302 3303 0.0080142
3338 3303 0.0080142
3136 3304 0.0070812
3305 3304 0.0070812
3306 3304 0.0070812
3124 3306 0.0069337
3307 3306 0.0069337
3308 3306 0.0069337
3637 3306 0.0069337
3136 3307 0.00013492
3305 3307 0.00013492
3306 3307 0.00013492
3124 3309 0.00016409
3307 3309 0.00016409
3308 3309 0.00016409
3637 3309 0.00016409
3109 3312 0.00013474
3112 3312 0.00013474
3313 3312 0.00013474
3314 3312 0.00013474
3320 3321 0.00048768
6977 3321 0.00048768
7096 3321 0.00048768
3323 3322 0.00012474
3324 3322 0.00012474
7103 3322 0.00012474
3321 3323 0.0009579
3322 3323 0.0009579
7097 3323 0.0009579
3325 3324 0.00054507
3326 3324 0.00054507
7099 3324 0.00054507
3323 3325 0.0035372
3324 3325 0.0035372
7103 3325 0.0035372
2753 3326 0.0024702
3327 3326 0.0024702
5237 3326 0.0024702
3325 3327 0.0035764
3326 3327 0.0035764
7099 3327 0.0035764
2353 3328 0.99464
3337 3328 0.99464
3333 3335 0.00039722
3336 3335 0.00039722
6225 3335 0.00039722
3137 3337 0.99731
3302 3337 0.99731
3338 3337 0.99731
3343 3338 0.94317
3639 3338 0.94317
3962 3338 0.94317
3340 3339 0.00256
3342 3339 0.00256
3960 3339 0.00256
1532 3340 0.0090517
2851 3340 0.0090517
3339 3340 0.0090517
3340 3341 0.0090517
3342 3341 0.0090517
3960 3341 0.0090517
3341 3342 0.00256
3346 3342 0.00256
4684 3342 0.00256
600 3343 0.95239
2849 3343 0.95239
3344 3343 0.95239
3345 3343 0.95239
3341 3345 0.0090573
3346 3345 0.0090573
4684 3345 0.0090573
600 3346 0.0025659
2849 3346 0.0025659
3344 3346 0.0025659
3345 3346 0.0025659
2944 3445 0.0018479
2945 3445 0.0018479
3446 3445 0.0018479
2929 3446 0.0043916
2942 3446 0.0043916
3445 3446 0.0043916
3447 3448 0.00069245
4646 3448 0.00069245
6258 3448 0.00069245
2932 3450 0.0003238
2933 3450 0.0003238
3448 3450 0.0003238
3449 3450 0.0003238
3455 3456 0.00026739
3464 3456 0.00026739
3475 3456 0.00026739
3457 3458 0.00026739
3460 3458 0.00026739
3456 3460 0.00026739
3459 3460 0.00026739
2946 3462 0.031106
3461 3462 0.031106
3520 3462 0.031106
3462 3464 0.031106
3463 3464 0.031106
3465 3464 0.031106
3455 3476 0.030944
3464 3476 0.030944
3475 3476 0.030944
3478 3477 0.00011416
3491 3477 0.00011416
4587 3477 0.00011416
1093 3478 0.043166
3476 3478 0.043166
3477 3478 0.043166
752 3485 0.0010983
3486 3485 0.0010983
3487 3485 0.0010983
3490 3485 0.0010983
3242 3486 0.17584
3245 3486 0.17584
3485 3486 0.17584
752 3489 0.00014752
3486 3489 0.00014752
3487 3489 0.00014752
3490 3489 0.00014752
1486 3490 0.092372
3483 3490 0.092372
3489 3490 0.092372
3478 3492 0.044374
3491 3492 0.044374
4587 3492 0.044374
3494 3493 0.00017245
3504 3493 0.00017245
3493 3494 0.014585
3501 3494 0.014585
3551 3494 0.014585
4637 3494 0.014585
3500 3499 0.00017245
3502 3499 0.00017245
1482 3500 0.014585
3499 3500 0.014585
3514 3500 0.014585
3515 3500 0.014585
3500 3501 0.014585
3502 3501 0.014585
3493 3502 0.00017245
3501 3502 0.00017245
3551 3502 0.00017245
4637 3502 0.00017245
3494 3503 0.014585
3504 3503 0.014585
1100 3504 0.00017245
3503 3504 0.00017245
3516 3504 0.00017245
6255 3504 0.00017245
3506 3505 0.0041153
3507 3505 0.0041153
3517 3505 0.0041153
1483 3506 0.14943
2292 3506 0.14943
3505 3506 0.14943
1509 3507 0.0041153
3508 3507 0.0041153
3509 3507 0.0041153
3506 3508 0.14943
3507 3508 0.14943
3517 3508 0.14943
3510 3509 0.031391
3511 3509 0.031391
4634 3509 0.031391
1509 3510 0.079863
3508 3510 0.079863
3509 3510 0.079863
1101 3511 0.083522
1500 3511 0.083522
3512 3511 0.083522
3510 3512 0.069818
3511 3512 0.069818
4634 3512 0.069818
1463 3514 0.97262
3513 3514 0.97262
1100 3515 0.0005292
3503 3515 0.0005292
3516 3515 0.0005292
6255 3515 0.0005292
1482 3516 0.45671
3499 3516 0.45671
3514 3516 0.45671
3515 3516 0.45671
2946 3519 0.00054162
3461 3519 0.00054162
3520 3519 0.00054162
1097 3520 0.0057389
2927 3520 0.0057389
2930 3520 0.0057389
2931 3520 0.0057389
3519 3520 0.0057389
2915 3527 0.0003507
3450 3527 0.0003507
3451 3527 0.0003507
3528 3527 0.0003507
1096 3529 0.00077268
3527 3529 0.00077268
3530 3529 0.00077268
1014 3591 0.00012104
1298 3591 0.00012104
3592 3591 0.00012104
2870 3594 0.00032364
3181 3594 0.00032364
3593 3594 0.00032364
3638 3637 0.007709
3640 3637 0.007709
5268 3637 0.007709
3124 3638 0.00028232
3307 3638 0.00028232
3308 3638 0.00028232
3637 3638 0.00028232
3638 3639 0.0011264
3640 3639 0.0011264
5268 3639 0.0011264
3343 3640 0.010709
3639 3640 0.010709
3962 3640 0.010709
3898 3899 0.00034427
5581 3899 0.00034427
5935 3899 0.00034427
1246 3900 0.0017251
3901 3900 0.0017251
3903 3900 0.0017251
6127 3900 0.0017251
1241 3901 0.0027672
1242 3901 0.0027672
3900 3901 0.0027672
1237 3903 0.038952
3902 3903 0.038952
6118 3903 0.038952
3907 3906 0.00014321
4019 3906 0.00014321
6228 3906 0.00014321
6358 3906 0.00014321
2072 3907 0.00021307
2074 3907 0.00021307
2075 3907 0.00021307
3906 3907 0.00021307
1282 3955 0.00019311
1285 3955 0.00019311
3954 3955 0.00019311
4686 3959 0.0029244
4685 3962 0.00037783
5086 3962 0.00037783
1129 3964 0.00052644
3963 3964 0.00052644
785 3975 0.00013532
3973 3975 0.00013532
3976 3975 0.00013532
3977 3975 0.00013532
2265 3976 0.0001602
2268 3976 0.0001602
3975 3976 0.0001602
4020 4019 0.00062295
6232 4019 0.00062295
6351 4019 0.00062295
3907 4020 0.00024596
4019 4020 0.00024596
6228 4020 0.00024596
6358 4020 0.00024596
805 4587 0.0012434
3481 4587 0.0012434
4588 4587 0.0012434
1510 4608 0.037422
3230 4608 0.037422
4609 4608 0.037422
1508 4609 0.080695
3236 4609 0.080695
4608 4609 0.080695
1498 4634 0.037349
1501 4634 0.037349
4635 4634 0.037349
3510 4635 0.099525
3511 4635 0.099525
4634 4635 0.099525
2267 4653 0.0029244
4652 4653 0.0029244
6743 4686 0.0029244
5087 5086 0.0003825
5271 5086 0.0003825
1129 5087 0.0027801
3963 5087 0.0027801
3121 5237 0.99876
3328 5237 0.99876
3329 5237 0.99876
5261 5262 0.99708
5264 5262 0.99708
6120 5262 0.99708
5263 5264 0.99708
5266 5264 0.99708
5265 5266 0.99708
5585 5266 0.99708
6124 5266 0.99708
3638 5267 0.0033068
3640 5267 0.0033068
5268 5267 0.0033068
3138 5268 0.0011512
5832 5268 0.0011512
6422 5268 0.0011512
3122 5269 0.0010397
5270 5269 0.0010397
6233 5269 0.0010397
2753 5270 0.0028061
3327 5270 0.0028061
5237 5270 0.0028061
3964 5271 0.00052673
6738 5271 0.00052673
3290 5562 0.00025143
5563 5562 0.00025143
5567 5562 0.00025143
766 5565 0.00025143
2291 5565 0.00025143
3256 5565 0.00025143
5564 5565 0.00025143
3292 5567 0.00025143
5565 5567 0.00025143
5566 5567 0.00025143
5562 5569 0.00044603
5568 5569 0.00044603
5573 5569 0.00044603
3262 5570 0.00059451
5571 5570 0.00059451
5572 5570 0.00059451
3257 5571 0.00037307
3258 5571 0.00037307
5570 5571 0.00037307
5562 5572 0.00022957
5568 5572 0.00022957
5573 5572 0.00022957
3262 5573 0.00036118
5571 5573 0.00036118
5572 5573 0.00036118
738 5576 0.00038026
2913 5576 0.00038026
5577 5576 0.00038026
5576 5578 0.00038016
5579 5578 0.00038016
1233 5581 0.00035911
5580 5581 0.00035911
5582 5581 0.00035911
1233 5583 0.9508
5580 5583 0.9508
5582 5583 0.9508
5578 5585 0.95114
5583 5585 0.95114
5584 5585 0.95114
5819 5818 0.00013552
5821 5818 0.00013552
6123 5818 0.00013552
5818 5819 0.045885
6126 5819 0.045885
6128 5819 0.045885
5820 5821 0.00027451
6122 5821 0.00027451
3335 5822 0.0014902
5823 5822 0.0014902
5831 5822 0.0014902
6967 5822 0.0014902
5822 5823 0.00044461
6963 5823 0.00044461
7102 5823 0.00044461
7104 5823 0.00044461
5825 5824 0.00024184
5826 5824 0.00024184
5830 5824 0.00024184
5824 5825 0.0014743
6964 5825 0.0014743
7100 5825 0.0014743
3335 5830 0.00025069
5823 5830 0.00025069
5831 5830 0.00025069
6967 5830 0.00025069
5825 5831 0.0014343
5826 5831 0.0014343
5830 5831 0.0014343
2352 5832 0.00074515
2355 5832 0.00074515
5269 5832 0.00074515
3125 5948 0.00035471
3128 5948 0.00035471
5949 5948 0.00035471
3135 5952 0.00016053
5948 5952 0.00016053
5953 5952 0.00016053
1234 6118 0.046032
5816 6118 0.046032
6117 6118 0.046032
5261 6119 0.0014978
5264 6119 0.0014978
6120 6119 0.0014978
1252 6120 0.0014978
1262 6120 0.0014978
6119 6120 0.0014978
1238 6122 0.00027451
1250 6122 0.00027451
6121 6122 0.00027451
5265 6123 0.00018246
5585 6123 0.00018246
6124 6123 0.00018246
5819 6124 0.046118
5821 6124 0.046118
6123 6124 0.046118
5818 6125 0.00092708
6126 6125 0.00092708
6128 6125 0.00092708
1239 6126 0.0067091
1240 6126 0.0067091
1244 6126 0.0067091
6125 6126 0.0067091
1246 6128 0.040001
3901 6128 0.040001
3903 6128 0.040001
6127 6128 0.040001
2903 6130 0.00034399
6129 6130 0.00034399
6132 6130 0.00034399
2905 6132 0.00034399
6131 6132 0.00034399
6134 6132 0.00034399
2907 6134 0.00034239
6133 6134 0.00034239
6136 6134 0.00034239
2909 6136 0.00034427
3899 6136 0.00034427
6135 6136 0.00034427
548 6225 0.00035109
6226 6225 0.00035109
6227 6225 0.00035109
6230 6225 0.00035109
3907 6227 0.00077726
4019 6227 0.00077726
6228 6227 0.00077726
6358 6227 0.00077726
548 6229 0.00054113
6226 6229 0.00054113
6227 6229 0.00054113
6230 6229 0.00054113
4020 6231 0.0022616
6232 6231 0.0022616
6351 6231 0.0022616
6231 6232 0.00045731
6234 6232 0.00045731
6354 6232 0.00045731
6231 6233 0.0028981
6234 6233 0.0028981
6354 6233 0.0028981
3122 6234 0.00054768
5270 6234 0.00054768
6233 6234 0.00054768
6253 6254 0.00010516
6264 6254 0.00010516
6266 6254 0.00010516
2943 6255 0.00039988
6256 6255 0.00039988
6259 6255 0.00039988
6263 6255 0.00039988
1100 6256 0.032529
3503 6256 0.032529
3516 6256 0.032529
6255 6256 0.032529
1506 6258 0.00069239
4632 6258 0.00069239
6257 6258 0.00069239
6262 6258 0.00069239
2943 6260 0.0087582
6256 6260 0.0087582
6259 6260 0.0087582
6263 6260 0.0087582
2941 6262 0.00084721
6260 6262 0.00084721
6261 6262 0.00084721
2943 6264 0.00010516
6256 6264 0.00010516
6259 6264 0.00010516
6263 6264 0.00010516
950 6351 0.002228
6352 6351 0.002228
6353 6351 0.002228
6356 6351 0.002228
2354 6353 0.0029895
2357 6353 0.0029895
948 6354 0.00074107
951 6354 0.00074107
6355 6354 0.00074107
6231 6355 0.00019499
6234 6355 0.00019499
6354 6355 0.00019499
950 6357 0.00028527
6352 6357 0.00028527
6353 6357 0.00028527
6356 6357 0.00028527
995 6358 0.00034451
6359 6358 0.00034451
6360 6358 0.00034451
6357 6360 0.00024964
6361 6360 0.00024964
3140 6371 0.00041823
6372 6371 0.00041823
6373 6371 0.00041823
6407 6371 0.00041823
3143 6373 0.00035862
3146 6373 0.00035862
6374 6373 0.00035862
6375 6373 0.00035862
6376 6375 0.00033754
6377 6375 0.00033754
6417 6375 0.00033754
5952 6377 0.00035542
6378 6377 0.00035542
6379 6377 0.00035542
3127 6379 0.00025596
3130 6379 0.00025596
6380 6379 0.00025596
6381 6379 0.00025596
6416 6415 0.00014097
6418 6415 0.00014097
6419 6415 0.00014097
6416 6417 0.00013274
6418 6417 0.00013274
6419 6417 0.00013274
6376 6418 0.00015221
6377 6418 0.00015221
6417 6418 0.00015221
3304 6419 0.00026708
6420 6419 0.00026708
6421 6419 0.00026708
6416 6420 0.00017228
6418 6420 0.00017228
6419 6420 0.00017228
3138 6421 0.00026719
5832 6421 0.00026719
6422 6421 0.00026719
3304 6422 0.0071918
6420 6422 0.0071918
6421 6422 0.0071918
167 6702 0.00010388
6703 6702 0.00010388
1464 6703 0.027415
6702 6703 0.027415
5087 6743 0.0029244
5271 6743 0.0029244
1264 6891 0.0028524
6892 6891 0.0028524
5824 6963 0.0016948
6964 6963 0.0016948
7100 6963 0.0016948
5822 6964 0.0010413
6963 6964 0.0010413
7102 6964 0.0010413
7104 6964 0.0010413
3335 6968 0.00055237
5823 6968 0.00055237
5831 6968 0.00055237
6967 6968 0.00055237
6969 6971 0.00012424
6972 6971 0.00012424
6975 6971 0.00012424
7066 6971 0.00012424
6971 6973 0.00024237
6974 6973 0.00024237
7064 6973 0.00024237
6973 6975 0.00019873
6976 6975 0.00019873
6978 6975 0.00019873
6973 6977 0.00022766
6976 6977 0.00022766
6978 6977 0.00022766
3320 6978 0.00013404
6977 6978 0.00013404
7096 6978 0.00013404
6980 6979 0.00013322
7065 6979 0.00013322
7098 6979 0.00013322
6229 6980 0.00045091
6979 6980 0.00045091
7063 6980 0.00045091
6229 7064 0.00021561
6979 7064 0.00021561
7063 7064 0.00021561
6969 7065 0.00017777
6972 7065 0.00017777
6975 7065 0.00017777
7066 7065 0.00017777
6980 7066 0.00010109
7065 7066 0.00010109
7098 7066 0.00010109
547 7093 0.00036336
2073 7093 0.00036336
7094 7093 0.00036336
3319 7096 0.00036226
5985 7096 0.00036226
7093 7096 0.00036226
7095 7096 0.00036226
6980 7097 0.00053557
7065 7097 0.00053557
7098 7097 0.00053557
3321 7098 0.00014119
3322 7098 0.00014119
7097 7098 0.00014119
5824 7099 0.00082147
6964 7099 0.00082147
7100 7099 0.00082147
3325 7100 0.0027074
3326 7100 0.0027074
7099 7100 0.0027074
6965 7102 0.00055237
6968 7102 0.00055237
7101 7102 0.00055237
5822 7103 0.0027181
6963 7103 0.0027181
7102 7103 0.0027181
7104 7103 0.0027181
3323 7104 0.00055911
3324 7104 0.00055911
7103 7104 0.00055911
1235 7249 0.95112
7248 7249 0.95112
7250 7249 0.95112
2752 7250 0.99706
7251 7250 0.99706
