550 549 0.0079317
2391 549 0.0079317
2392 549 0.0079317
958 959 0.00049438
1681 959 0.00049438
4810 959 0.00049438
6181 959 0.00049438
1660 1659 0.019426
6196 1659 0.019426
7158 1659 0.019426
1659 1660 0.017301
3213 1660 0.017301
4560 1660 0.017301
1662 1661 0.023171
3657 1661 0.023171
3660 1661 0.023171
1661 1663 0.023263
1664 1663 0.023263
6204 1663 0.023263
1663 1665 0.00012223
1666 1665 0.00012223
6183 1665 0.00012223
1665 1666 0.00014272
1668 1666 0.00014272
6198 1666 0.00014272
1665 1667 0.00012217
1668 1667 0.00012217
6198 1667 0.00012217
1676 1675 0.00025226
2854 1675 0.00025226
3661 1675 0.00025226
1678 1677 0.00013429
6202 1677 0.00013429
6203 1677 0.00013429
1680 1679 0.00049234
6194 1679 0.00049234
6195 1679 0.00049234
1679 1680 0.00098661
1682 1680 0.00098661
1684 1680 0.00098661
1679 1681 0.00044301
1682 1681 0.00044301
1684 1681 0.00044301
958 1682 0.00051983
1681 1682 0.00051983
4810 1682 0.00051983
6181 1682 0.00051983
959 1684 0.00049438
1683 1684 0.00049438
6177 1684 0.00049438
6179 1684 0.00049438
2151 2150 0.00015972
3649 2150 0.00015972
3652 2150 0.00015972
6823 2150 0.00015972
2150 2151 0.00015972
6797 2151 0.00015972
549 2152 0.0079048
2153 2152 0.0079048
2864 2152 0.0079048
6808 2152 0.0079048
2383 2382 0.99212
2385 2382 0.99212
2386 2382 0.99212
2384 2385 1.0001
6904 2385 1.0001
2383 2387 0.0079317
2385 2387 0.0079317
2386 2387 0.0079317
2387 2391 0.0079317
2388 2391 0.0079317
2390 2391 0.0079317
82 2661 0.00044581
2662 2661 0.00044581
2663 2661 0.00044581
2673 2661 0.00044581
2661 2662 0.00044581
3643 2662 0.00044581
3646 2662 0.00044581
2664 2663 0.00011752
2665 2663 0.00011752
2671 2663 0.00011752
82 2664 0.00033875
2662 2664 0.00033875
2663 2664 0.00033875
2673 2664 0.00033875
2672 2671 0.00011752
2674 2671 0.00011752
2664 2672 0.00033875
2665 2672 0.00033875
2671 2672 0.00033875
2672 2673 0.00033875
2674 2673 0.00033875
82 2674 0.00011752
2662 2674 0.00011752
2663 2674 0.00011752
2673 2674 0.00011752
3201 3200 0.00014938
6186 3200 0.00014938
6187 3200 0.00014938
3200 3201 0.00013561
6172 3201 0.00013561
6173 3201 0.00013561
3207 3206 0.016099
4559 3206 0.016099
4562 3206 0.016099
3206 3207 0.038856
6192 3207 0.038856
6193 3207 0.038856
3209 3208 0.019182
3211 3208 0.019182
4561 3208 0.019182
3208 3209 0.0072799
6188 3209 0.0072799
6189 3209 0.0072799
3209 3210 0.0081581
3211 3210 0.0081581
4561 3210 0.0081581
3210 3211 0.018577
6184 3211 0.018577
6185 3211 0.018577
3212 3213 0.97669
3651 3213 0.97669
3654 3213 0.97669
2661 3645 0.00045039
3643 3645 0.00045039
3646 3645 0.00045039
2382 3646 0.00045039
3645 3646 0.00045039
3648 3646 0.00045039
2382 3647 0.99212
3645 3647 0.99212
3648 3647 0.99212
3647 3649 0.99207
3650 3649 0.99207
2151 3651 0.99997
3649 3651 0.99997
3652 3651 0.99997
6823 3651 0.99997
3212 3653 0.031263
3651 3653 0.031263
3654 3653 0.031263
3653 3654 0.0078947
3656 3654 0.0078947
6210 3654 0.0078947
3653 3655 0.021897
3656 3655 0.021897
6210 3655 0.021897
3655 3656 0.0069878
3658 3656 0.0069878
6205 3656 0.0069878
3655 3657 0.023427
3658 3657 0.023427
6205 3657 0.023427
1662 3659 0.0002789
3657 3659 0.0002789
3660 3659 0.0002789
3659 3661 0.00025961
3662 3661 0.00025961
6218 3661 0.00025961
1659 4559 0.9788
3213 4559 0.9788
4560 4559 0.9788
3207 4561 0.026272
4559 4561 0.026272
4562 4561 0.026272
3209 4562 0.024789
3211 4562 0.024789
4561 4562 0.024789
958 4809 0.00014962
1681 4809 0.00014962
4810 4809 0.00014962
6181 4809 0.00014962
4809 4810 0.0006439
6174 4810 0.0006439
6175 4810 0.0006439
1670 6172 0.00013175
6171 6172 0.00013175
7226 6172 0.00013175
3200 6174 0.00020002
6172 6174 0.00020002
6173 6174 0.00020002
6176 6175 0.00066578
6190 6175 0.00066578
6191 6175 0.00066578
4809 6176 0.00031244
6174 6176 0.00031244
6175 6176 0.00031244
1663 6184 0.023304
1666 6184 0.023304
6183 6184 0.023304
3201 6185 0.0024017
6186 6185 0.0024017
6187 6185 0.0024017
3210 6186 0.015254
6184 6186 0.015254
6185 6186 0.015254
3208 6187 0.0024391
6188 6187 0.0024391
6189 6187 0.0024391
3201 6188 0.015278
6186 6188 0.015278
6187 6188 0.015278
6176 6189 0.0033858
6190 6189 0.0033858
6191 6189 0.0033858
3208 6190 0.028126
6188 6190 0.028126
6189 6190 0.028126
3206 6191 0.0038173
6192 6191 0.0038173
6193 6191 0.0038173
6176 6192 0.028204
6190 6192 0.028204
6191 6192 0.028204
1680 6193 0.017542
6194 6193 0.017542
6195 6193 0.017542
3206 6194 0.019172
6192 6194 0.019172
6193 6194 0.019172
1660 6195 0.017301
6196 6195 0.017301
7158 6195 0.017301
1680 6196 0.019426
6194 6196 0.019426
6195 6196 0.019426
1677 6198 0.00013429
6197 6198 0.00013429
6199 6198 0.00013429
1675 6202 0.00024374
3203 6202 0.00024374
6201 6202 0.00024374
1661 6203 0.00010241
1664 6203 0.00010241
6204 6203 0.00010241
1678 6204 0.00020909
6202 6204 0.00020909
6203 6204 0.00020909
6206 6205 0.010532
6209 6205 0.010532
6211 6205 0.010532
3655 6206 0.0020739
3658 6206 0.0020739
6205 6206 0.0020739
3653 6209 0.010532
3656 6209 0.010532
6210 6209 0.010532
6206 6210 0.0020739
6209 6210 0.0020739
6211 6210 0.0020739
2150 6796 0.00015972
6797 6796 0.00015972
6796 6797 0.00015972
7183 6797 0.00015972
2152 6823 0.0079048
6824 6823 0.0079048
6903 6904 1.0001
6906 6904 1.0001
6916 6904 1.0001
6903 6905 0.18639
6906 6905 0.18639
6916 6905 0.18639
6905 6906 0.24414
6908 6906 0.24414
6910 6906 0.24414
6905 6907 0.30666
6908 6907 0.30666
6910 6907 0.30666
6907 6908 0.11756
6914 6908 0.11756
6917 6908 0.11756
6905 6909 0.068319
6908 6909 0.068319
6910 6909 0.068319
6909 6910 0.31517
6912 6910 0.31517
7072 6910 0.31517
6913 6911 1
6911 6912 1
6913 6912 1
6915 6914 0.7554
6919 6914 0.7554
7071 6914 0.7554
6907 6915 0.0022034
6914 6915 0.0022034
6917 6915 0.0022034
6907 6916 0.94589
6914 6916 0.94589
6917 6916 0.94589
6903 6917 0.0035852
6906 6917 0.0035852
6916 6917 0.0035852
6909 7071 0.75536
6912 7071 0.75536
7072 7071 0.75536
6915 7072 0.0022106
6919 7072 0.0022106
7071 7072 0.0022106
6796 7182 0.00015972
7183 7182 0.00015972
7182 7183 0.00015972
7185 7183 0.00015972
7182 7184 0.00015972
7185 7184 0.00015972
7184 7185 0.00015972
7288 7185 0.00015972
1667 7226 0.00012217
7227 7226 0.00012217
7184 7287 0.00015972
7288 7287 0.00015972
2149 7288 0.00015972
7287 7288 0.00015972
