130 129 0.00024524
1701 129 0.00024524
1704 129 0.00024524
129 130 0.00021862
1289 130 0.00021862
1290 130 0.00021862
148 147 0.0017279
3286 147 0.0017279
3289 147 0.0017279
147 148 0.0051362
3277 148 0.0051362
3278 148 0.0051362
152 151 0.0026184
153 151 0.0026184
155 151 0.0026184
151 152 0.0032705
170 152 0.0032705
171 152 0.0032705
154 153 0.0025097
1103 153 0.0025097
1484 153 0.0025097
152 154 0.0031797
153 154 0.0031797
155 154 0.0031797
156 155 0.0009331
157 155 0.0009331
162 155 0.0009331
152 156 0.00091517
153 156 0.00091517
155 156 0.00091517
149 157 0.000793
158 157 0.000793
1485 157 0.000793
156 158 0.00057711
157 158 0.00057711
162 158 0.00057711
159 160 0.00076418
161 160 0.00076418
1106 160 0.00076418
156 161 0.00054384
157 161 0.00054384
162 161 0.00054384
159 162 0.00034587
161 162 0.00034587
1106 162 0.00034587
164 163 0.0010724
791 163 0.0010724
1107 163 0.0010724
163 164 0.0012577
172 164 0.0012577
173 164 0.0012577
166 165 0.00043341
179 165 0.00043341
4590 165 0.00043341
165 166 0.00049102
792 166 0.00049102
5799 166 0.00049102
167 168 0.24297
6703 168 0.24297
151 169 0.0049438
170 169 0.0049438
171 169 0.0049438
168 170 0.0043287
169 170 0.0043287
3294 170 0.0043287
163 171 0.002556
172 171 0.002556
173 171 0.002556
151 172 0.0012887
170 172 0.0012887
171 172 0.0012887
174 173 0.0015813
175 173 0.0015813
793 173 0.0015813
163 174 0.00012865
172 174 0.00012865
173 174 0.00012865
176 175 0.0013201
4803 175 0.0013201
6267 175 0.0013201
6269 175 0.0013201
180 179 0.00060898
181 179 0.00060898
6268 179 0.00060898
166 180 0.00014993
179 180 0.00014993
4590 180 0.00014993
180 182 0.00059396
181 182 0.00059396
6268 182 0.00059396
182 184 0.0005929
183 184 0.0005929
189 184 0.0005929
547 548 0.00011301
2073 548 0.00011301
7094 548 0.00011301
723 724 0.00082056
6920 724 0.00082056
766 765 0.0077826
2291 765 0.0077826
3256 765 0.0077826
5564 765 0.0077826
765 766 0.2152
768 766 0.2152
1105 766 0.2152
765 767 0.00017213
768 767 0.00017213
1105 767 0.00017213
767 768 0.24142
3276 768 0.24142
3297 768 0.24142
786 785 0.00063034
2261 785 0.00063034
2264 785 0.00063034
3989 785 0.00063034
785 786 0.00074623
3973 786 0.00074623
3976 786 0.00074623
3977 786 0.00074623
165 791 0.0009593
792 791 0.0009593
5799 791 0.0009593
164 792 0.00065622
791 792 0.00065622
1107 792 0.00065622
794 793 0.00053165
4589 793 0.00053165
5798 793 0.00053165
174 794 0.00037567
175 794 0.00037567
793 794 0.00037567
948 950 0.0001929
951 950 0.0001929
6355 950 0.0001929
950 951 0.00073313
6352 951 0.00073313
6353 951 0.00073313
6356 951 0.00073313
975 974 0.0021933
1006 974 0.0021933
1009 974 0.0021933
974 976 0.0021933
977 976 0.0021933
3184 976 0.0021933
199 978 0.011275
979 978 0.011275
6891 978 0.011275
994 995 0.00016872
997 995 0.00016872
2076 995 0.00016872
2077 995 0.00016872
1003 1002 0.00015391
3969 1002 0.00015391
3971 1002 0.00015391
1004 1005 0.00015391
1007 1005 0.00015391
3965 1005 0.00015391
975 1007 0.00015391
1006 1007 0.00015391
1009 1007 0.00015391
1008 1009 0.0023471
1011 1009 0.0023471
3957 1009 0.0023471
1008 1010 0.00010082
1011 1010 0.00010082
3957 1010 0.00010082
1010 1011 0.00015876
1013 1011 0.00015876
1296 1011 0.00015876
1010 1012 0.00010082
1013 1012 0.00010082
1296 1012 0.00010082
1012 1013 0.00015876
1015 1013 0.00015876
1706 1013 0.00015876
1012 1014 0.0001217
1015 1014 0.0001217
1706 1014 0.0001217
1014 1015 0.00021746
1298 1015 0.00021746
3592 1015 0.00021746
1101 1100 0.00012233
1500 1100 0.00012233
3512 1100 0.00012233
1100 1101 0.012088
3503 1101 0.012088
3516 1101 0.012088
6255 1101 0.012088
154 1102 0.0035698
1103 1102 0.0035698
1484 1102 0.0035698
1102 1103 0.0031156
3295 1103 0.0031156
3296 1103 0.0031156
765 1104 0.054854
768 1104 0.054854
1105 1104 0.054854
1104 1105 0.021024
3259 1105 0.021024
3260 1105 0.021024
164 1106 0.00085023
791 1106 0.00085023
1107 1106 0.00085023
159 1107 0.00036179
161 1107 0.00036179
1106 1107 0.00036179
1463 1118 0.0022136
3513 1118 0.0022136
5085 1129 0.0037135
5267 1129 0.0037135
1232 1233 0.94092
7249 1233 0.94092
1235 1234 0.045538
7248 1234 0.045538
7250 1234 0.045538
1237 1236 0.0074194
3902 1236 0.0074194
6118 1236 0.0074194
1236 1237 0.00048419
1243 1237 0.00048419
6115 1237 0.00048419
1239 1238 0.00027157
1240 1238 0.00027157
1244 1238 0.00027157
6125 1238 0.00027157
1241 1240 0.0067774
1242 1240 0.0067774
3900 1240 0.0067774
1239 1241 0.00087309
1240 1241 0.00087309
1244 1241 0.00087309
6125 1241 0.00087309
1236 1242 0.0074194
1243 1242 0.0074194
6115 1242 0.0074194
1241 1243 0.00048419
1242 1243 0.00048419
3900 1243 0.00048419
1253 1252 0.0014817
1254 1252 0.0014817
1260 1252 0.0014817
1252 1253 0.0014817
1262 1253 0.0014817
6119 1253 0.0014817
1255 1254 0.0014598
1256 1254 0.0014598
1259 1254 0.0014598
1253 1255 0.00016297
1254 1255 0.00016297
1260 1255 0.00016297
1255 1258 0.00016297
1256 1258 0.00016297
1259 1258 0.00016297
1258 1259 0.0014598
1261 1259 0.0014598
3888 1259 0.0014598
1258 1260 0.00016297
1261 1260 0.00016297
3888 1260 0.00016297
1253 1261 0.0014598
1254 1261 0.0014598
1260 1261 0.0014598
1265 1264 0.011275
1266 1264 0.011275
1286 1264 0.011275
1267 1266 0.011275
1268 1266 0.011275
1700 1266 0.011275
131 1268 0.0095535
1269 1268 0.0095535
1270 1268 0.0095535
1271 1270 0.0095535
1274 1270 0.0095535
3169 1270 0.0095535
1273 1272 0.0092259
1276 1272 0.0092259
3172 1272 0.0092259
1272 1274 0.0095535
1275 1274 0.0095535
3170 1274 0.0095535
1277 1276 0.0090347
1278 1276 0.0090347
2869 1276 0.0090347
1279 1278 0.010348
1280 1278 0.010348
3174 1278 0.010348
1281 1280 0.010503
1284 1280 0.010503
3178 1280 0.010503
1283 1282 0.013622
1708 1282 0.013622
4653 1282 0.013622
1282 1284 0.010888
1285 1284 0.010888
3954 1284 0.010888
129 1288 0.00024524
1289 1288 0.00024524
1290 1288 0.00024524
1288 1289 0.00021862
1699 1289 0.00021862
1702 1289 0.00021862
1299 1298 0.00047353
3955 1298 0.00047353
3956 1298 0.00047353
1464 1463 0.757
6702 1463 0.757
978 1464 0.99987
1465 1464 0.99987
1118 1465 0.98859
5262 1465 0.98859
1481 1480 0.00065877
3281 1480 0.00065877
3282 1480 0.00065877
1482 1483 0.74286
3499 1483 0.74286
3514 1483 0.74286
3515 1483 0.74286
149 1484 0.00057711
158 1484 0.00057711
1485 1484 0.00057711
154 1485 0.000793
1103 1485 0.000793
1484 1485 0.000793
1494 1495 0.0052045
1497 1495 0.0052045
1511 1495 0.0052045
1496 1497 0.0063266
1499 1497 0.0063266
3239 1497 0.0063266
3240 1497 0.0063266
1498 1499 0.0068682
1501 1499 0.0068682
4635 1499 0.0068682
1101 1501 0.0066581
1500 1501 0.0066581
3512 1501 0.0066581
1509 1508 0.0054337
3508 1508 0.0054337
3509 1508 0.0054337
1508 1509 0.00018657
3236 1509 0.00018657
4608 1509 0.00018657
1494 1510 0.0018744
1497 1510 0.0018744
1511 1510 0.0018744
1510 1511 0.00072712
3230 1511 0.00072712
4609 1511 0.00072712
1528 1530 0.0077313
1531 1530 0.0077313
3303 1530 0.0077313
1530 1531 0.07879
1533 1531 0.07879
2850 1531 0.07879
1530 1532 0.0085218
1533 1532 0.0085218
2850 1532 0.0085218
1532 1533 0.049861
2851 1533 0.049861
3339 1533 0.049861
1288 1700 0.0017651
1699 1700 0.0017651
1702 1700 0.0017651
130 1702 0.0017102
1701 1702 0.0017102
1704 1702 0.0017102
1292 1704 0.0017272
1703 1704 0.0017272
3183 1704 0.0017272
1709 1711 0.00039781
1712 1711 0.00039781
3179 1711 0.00039781
1711 1713 0.00054907
1714 1713 0.00054907
3175 1713 0.00054907
2072 2073 0.00037684
2074 2073 0.00037684
2075 2073 0.00037684
3906 2073 0.00037684
994 2075 0.00037196
997 2075 0.00037196
2076 2075 0.00037196
2077 2075 0.00037196
2078 2077 0.00047633
2358 2077 0.00047633
2361 2077 0.00047633
6371 2077 0.00047633
724 2146 0.00081684
2147 2146 0.00081684
6794 2146 0.00081684
786 2263 0.00076186
2261 2263 0.00076186
2264 2263 0.00076186
3989 2263 0.00076186
2263 2264 0.00064597
2266 2264 0.00064597
3959 2264 0.00064597
2263 2265 0.01374
2266 2265 0.01374
3959 2265 0.01374
2265 2267 0.013623
2268 2267 0.013623
3975 2267 0.013623
2290 2291 0.75482
2293 2291 0.75482
3232 2291 0.75482
1483 2293 0.74269
2292 2293 0.74269
3505 2293 0.74269
2353 2352 0.0037064
3337 2352 0.0037064
2352 2353 0.0010604
2355 2353 0.0010604
5269 2353 0.0010604
2352 2354 0.0032029
2355 2354 0.0032029
5269 2354 0.0032029
2354 2355 0.0002667
2357 2355 0.0002667
2354 2356 0.00029753
2357 2356 0.00029753
2356 2357 0.00031884
2359 2357 0.00031884
6362 2357 0.00031884
7160 2357 0.00031884
2356 2358 0.00032242
2359 2358 0.00032242
6362 2358 0.00032242
7160 2358 0.00032242
2078 2359 0.00020328
2358 2359 0.00020328
2361 2359 0.00020328
6371 2359 0.00020328
2753 2752 0.98636
3327 2752 0.98636
5237 2752 0.98636
1530 2849 0.02973
1533 2849 0.02973
2850 2849 0.02973
600 2850 0.05945
2849 2850 0.05945
3344 2850 0.05945
3345 2850 0.05945
1277 2870 0.00136
1278 2870 0.00136
2869 2870 0.00136
1002 2871 0.00015391
2872 2871 0.00015391
3967 2871 0.00015391
2911 2913 0.0003403
2914 2913 0.0003403
6130 2913 0.0003403
3054 3053 0.0002529
3685 3053 0.0002529
3053 3054 0.00020592
3682 3054 0.00020592
3683 3054 0.00020592
3107 3109 0.00015952
3110 3109 0.00015952
3309 3109 0.00015952
3310 3109 0.00015952
3122 3121 0.0052381
5270 3121 0.0052381
6233 3121 0.0052381
3121 3122 0.0011656
3328 3122 0.0011656
3329 3122 0.0011656
3124 3123 0.00063747
3307 3123 0.00063747
3308 3123 0.00063747
3637 3123 0.00063747
3123 3124 0.00016911
3126 3124 0.00016911
3312 3124 0.00016911
3123 3125 0.00059806
3126 3125 0.00059806
3312 3125 0.00059806
3125 3127 0.00026883
3128 3127 0.00026883
5949 3127 0.00026883
3136 3135 0.0001147
3305 3135 0.0001147
3306 3135 0.0001147
3135 3136 0.00032755
5948 3136 0.00032755
5953 3136 0.00032755
3138 3137 0.0073491
5832 3137 0.0073491
6422 3137 0.0073491
3137 3138 0.0011327
3302 3138 0.0011327
3338 3138 0.0011327
1717 3170 0.00034118
3171 3170 0.00034118
3176 3170 0.00034118
1713 3172 0.00028249
3173 3172 0.00028249
3177 3172 0.00028249
1711 3174 0.00011339
1714 3174 0.00011339
3175 3174 0.00011339
1279 3175 0.00026591
1280 3175 0.00026591
3174 3175 0.00026591
1713 3176 0.00034118
3173 3176 0.00034118
3177 3176 0.00034118
1281 3179 0.00039781
1284 3179 0.00039781
3178 3179 0.00039781
3182 3183 0.0016888
3591 3183 0.0016888
3594 3183 0.0016888
3231 3230 0.00052549
3233 3230 0.00052549
3234 3230 0.00052549
1510 3231 0.0074737
3230 3231 0.0074737
4609 3231 0.0074737
3231 3232 0.012419
3233 3232 0.012419
3234 3232 0.012419
2290 3233 0.00030489
2293 3233 0.00030489
3232 3233 0.00030489
1492 3234 0.0052121
1495 3234 0.0052121
3235 3234 0.0052121
1098 3236 0.0010773
3237 3236 0.0010773
3238 3236 0.0010773
1508 3237 0.00052345
3236 3237 0.00052345
4608 3237 0.00052345
1496 3238 0.0010773
1499 3238 0.0010773
3239 3238 0.0010773
3240 3238 0.0010773
1098 3239 0.00052345
3237 3239 0.00052345
3238 3239 0.00052345
3257 3256 0.00018025
3258 3256 0.00018025
5570 3256 0.00018025
766 3257 0.95967
2291 3257 0.95967
3256 3257 0.95967
5564 3257 0.95967
1104 3258 0.059234
3259 3258 0.059234
3260 3258 0.059234
3257 3259 0.021437
3258 3259 0.021437
5570 3259 0.021437
3261 3260 0.005715
3274 3260 0.005715
3288 3260 0.005715
1104 3261 0.0017471
3259 3261 0.0017471
3260 3261 0.0017471
3263 3262 0.0048539
3264 3262 0.0048539
5569 3262 0.0048539
3262 3263 0.0009271
5571 3263 0.0009271
5572 3263 0.0009271
147 3276 0.0022188
3277 3276 0.0022188
3278 3276 0.0022188
767 3277 0.0049086
3276 3277 0.0049086
3297 3277 0.0049086
160 3278 0.00099086
3279 3278 0.00099086
3280 3278 0.00099086
147 3279 0.00027229
3277 3279 0.00027229
3278 3279 0.00027229
1481 3280 0.00039141
3281 3280 0.00039141
3282 3280 0.00039141
160 3281 0.00035925
3279 3281 0.00035925
3280 3281 0.00035925
184 3282 0.0005929
185 3282 0.0005929
3283 3282 0.0005929
1480 3284 0.00065877
3268 3284 0.00065877
3285 3284 0.00065877
3284 3286 0.00065877
3287 3286 0.00065877
148 3288 0.005715
3286 3288 0.005715
3289 3288 0.005715
3261 3289 0.0017471
3274 3289 0.0017471
3288 3289 0.0017471
168 3295 0.2435
169 3295 0.2435
3294 3295 0.2435
1102 3297 0.24398
3295 3297 0.24398
3296 3297 0.24398
1528 3302 0.07879
1531 3302 0.07879
3303 3302 0.07879
3137 3303 0.0077313
3302 3303 0.0077313
3338 3303 0.0077313
3136 3304 0.0068328
3305 3304 0.0068328
3306 3304 0.0068328
3124 3306 0.0066904
3307 3306 0.0066904
3308 3306 0.0066904
3637 3306 0.0066904
3136 3307 0.00013409
3305 3307 0.00013409
3306 3307 0.00013409
3124 3309 0.00015952
3307 3309 0.00015952
3308 3309 0.00015952
3637 3309 0.00015952
3109 3312 0.0001311
3112 3312 0.0001311
3313 3312 0.0001311
3314 3312 0.0001311
3320 3321 0.00048229
6977 3321 0.00048229
7096 3321 0.00048229
3323 3322 0.0001234
3324 3322 0.0001234
7103 3322 0.0001234
3321 3323 0.00094739
3322 3323 0.00094739
7097 3323 0.00094739
3325 3324 0.00053922
3326 3324 0.00053922
7099 3324 0.00053922
3323 3325 0.0034989
3324 3325 0.0034989
7103 3325 0.0034989
2753 3326 0.0024437
3327 3326 0.0024437
5237 3326 0.0024437
3325 3327 0.0035378
3326 3327 0.0035378
7099 3327 0.0035378
2353 3328 0.98397
3337 3328 0.98397
3333 3335 0.0003929
3336 3335 0.0003929
6225 3335 0.0003929
3137 3337 0.98661
3302 3337 0.98661
3338 3337 0.98661
3343 3338 0.90934
3639 3338 0.90934
3962 3338 0.90934
3340 3339 0.049861
3342 3339 0.049861
3960 3339 0.049861
1532 3340 0.0085218
2851 3340 0.0085218
3339 3340 0.0085218
3340 3341 0.0085218
3342 3341 0.0085218
3960 3341 0.0085218
3341 3342 0.049861
3346 3342 0.049861
4684 3342 0.049861
600 3343 0.91754
2849 3343 0.91754
3344 3343 0.91754
3345 3343 0.91754
3341 3345 0.94727
3346 3345 0.94727
4684 3345 0.94727
73 3347 0.98858
3348 3347 0.98858
3349 3347 0.98858
3350 3349 0.98858
3351 3349 0.98858
3363 3349 0.98858
3352 3351 0.64954
3366 3351 0.64954
3691 3351 0.64954
3350 3352 0.0085008
3351 3352 0.0085008
3363 3352 0.0085008
3364 3363 0.34813
3365 3363 0.34813
3367 3363 0.34813
3350 3364 0.00059596
3351 3364 0.00059596
3363 3364 0.00059596
3352 3365 0.009288
3366 3365 0.009288
3691 3365 0.009288
3364 3366 0.33434
3365 3366 0.33434
3367 3366 0.33434
3368 3367 0.67289
3369 3367 0.67289
3665 3367 0.67289
3364 3368 0.00030465
3365 3368 0.00030465
3367 3368 0.00030465
3370 3369 0.010246
3692 3369 0.010246
3693 3369 0.010246
3368 3370 0.34008
3369 3370 0.34008
3665 3370 0.34008
3494 3493 0.00019188
3504 3493 0.00019188
3493 3494 0.00088179
3501 3494 0.00088179
3551 3494 0.00088179
4637 3494 0.00088179
3500 3499 0.00019188
3502 3499 0.00019188
1482 3500 0.00088179
3499 3500 0.00088179
3514 3500 0.00088179
3515 3500 0.00088179
3500 3501 0.00088179
3502 3501 0.00088179
3493 3502 0.00019188
3501 3502 0.00019188
3551 3502 0.00019188
4637 3502 0.00019188
3494 3503 0.00088179
3504 3503 0.00088179
1100 3504 0.00019188
3503 3504 0.00019188
3516 3504 0.00019188
6255 3504 0.00019188
3506 3505 0.0050102
3507 3505 0.0050102
3517 3505 0.0050102
1483 3506 0.0051487
2292 3506 0.0051487
3505 3506 0.0051487
1509 3507 0.0050102
3508 3507 0.0050102
3509 3507 0.0050102
3506 3508 0.0051487
3507 3508 0.0051487
3517 3508 0.0051487
3510 3509 0.0063606
3511 3509 0.0063606
4634 3509 0.0063606
1509 3510 0.0012519
3508 3510 0.0012519
3509 3510 0.0012519
1101 3511 0.006565
1500 3511 0.006565
3512 3511 0.006565
3510 3512 0.0011776
3511 3512 0.0011776
4634 3512 0.0011776
1463 3514 0.75479
3513 3514 0.75479
1100 3515 0.00064929
3503 3515 0.00064929
3516 3515 0.00064929
6255 3515 0.00064929
1482 3516 0.011935
3499 3516 0.011935
3514 3516 0.011935
3515 3516 0.011935
1014 3591 0.00048013
1298 3591 0.00048013
3592 3591 0.00048013
3182 3592 0.00012589
3591 3592 0.00012589
3594 3592 0.00012589
2870 3594 0.00136
3181 3594 0.00136
3593 3594 0.00136
3638 3637 0.0074402
3640 3637 0.0074402
5268 3637 0.0074402
3124 3638 0.00027757
3307 3638 0.00027757
3308 3638 0.00027757
3637 3638 0.00027757
3638 3639 0.0011287
3640 3639 0.0011287
5268 3639 0.0011287
3343 3640 0.0108
3639 3640 0.0108
3962 3640 0.0108
3666 3665 1.0027
3667 3665 1.0027
5843 3665 1.0027
3368 3666 0.00024519
3369 3666 0.00024519
3665 3666 0.00024519
3668 3667 0.00041602
3669 3667 0.00041602
6478 3667 0.00041602
3666 3668 0.00051479
3667 3668 0.00051479
5843 3668 0.00051479
3670 3669 0.00043478
3679 3669 0.00043478
5851 3669 0.00043478
3668 3670 0.00034611
3669 3670 0.00034611
6478 3670 0.00034611
3672 3671 0.00076773
3673 3671 0.00076773
3675 3671 0.00076773
3674 3673 0.0012737
3696 3673 0.0012737
3697 3673 0.0012737
3672 3676 0.00052285
3673 3676 0.00052285
3675 3676 0.00052285
3670 3680 0.00068677
3679 3680 0.00068677
5851 3680 0.00068677
3680 3682 0.0013559
3681 3682 0.0013559
3689 3682 0.0013559
6479 3682 0.0013559
3053 3684 0.001409
3682 3684 0.001409
3683 3684 0.001409
3684 3685 0.0002529
3686 3685 0.0002529
3687 3685 0.0002529
3054 3686 0.00020592
3685 3686 0.00020592
3688 3687 0.00019883
3714 3687 0.00019883
3715 3687 0.00019883
3684 3688 0.0015024
3686 3688 0.0015024
3687 3688 0.0015024
3676 3689 0.00052285
3677 3689 0.00052285
3690 3689 0.00052285
3370 3691 0.32938
3692 3691 0.32938
3693 3691 0.32938
3352 3692 0.013397
3366 3692 0.013397
3691 3692 0.013397
3694 3693 0.00013172
3695 3693 0.00013172
6563 3693 0.00013172
3370 3694 0.013979
3692 3694 0.013979
3693 3694 0.013979
3694 3696 0.011373
3695 3696 0.011373
6563 3696 0.011373
3674 3698 0.010122
3696 3698 0.010122
3697 3698 0.010122
3688 3713 0.011424
3714 3713 0.011424
3715 3713 0.011424
3642 3715 0.010122
3698 3715 0.010122
3716 3715 0.010122
3898 3899 0.00034058
5581 3899 0.00034058
5935 3899 0.00034058
1246 3900 0.0017066
3901 3900 0.0017066
3903 3900 0.0017066
6127 3900 0.0017066
1241 3901 0.0027375
1242 3901 0.0027375
3900 3901 0.0027375
1237 3903 0.038534
3902 3903 0.038534
6118 3903 0.038534
3907 3906 0.00014167
4019 3906 0.00014167
6228 3906 0.00014167
6358 3906 0.00014167
2072 3907 0.00021062
2074 3907 0.00021062
2075 3907 0.00021062
3906 3907 0.00021062
1282 3955 0.0027451
1285 3955 0.0027451
3954 3955 0.0027451
1299 3957 0.0022942
3955 3957 0.0022942
3956 3957 0.0022942
4686 3959 0.013623
4685 3962 0.0014939
5086 3962 0.0014939
1129 3964 0.0005914
3963 3964 0.0005914
559 3971 0.00015391
1005 3971 0.00015391
3972 3971 0.00015391
785 3975 0.00063034
3973 3975 0.00063034
3976 3975 0.00063034
3977 3975 0.00063034
2265 3976 0.00074623
2268 3976 0.00074623
3975 3976 0.00074623
4020 4019 0.00061627
6232 4019 0.00061627
6351 4019 0.00061627
3907 4020 0.0002432
4019 4020 0.0002432
6228 4020 0.0002432
6358 4020 0.0002432
166 4589 0.00070756
179 4589 0.00070756
4590 4589 0.00070756
794 4590 0.00019089
4589 4590 0.00019089
5798 4590 0.00019089
1510 4608 0.00034845
3230 4608 0.00034845
4609 4608 0.00034845
1508 4609 0.0061493
3236 4609 0.0061493
4608 4609 0.0061493
1498 4634 0.0011867
1501 4634 0.0011867
4635 4634 0.0011867
3510 4635 0.0014655
3511 4635 0.0014655
4634 4635 0.0014655
2267 4653 0.013623
4652 4653 0.013623
2146 4662 0.011423
3712 4662 0.011423
4663 4662 0.011423
7113 4662 0.011423
3347 4684 0.98858
3354 4684 0.98858
4683 4684 0.98858
6743 4686 0.013623
976 4803 0.0023471
2871 4803 0.0023471
4804 4803 0.0023471
5087 5086 0.0015152
5271 5086 0.0015152
1129 5087 0.0031232
3963 5087 0.0031232
3121 5237 0.98804
3328 5237 0.98804
3329 5237 0.98804
5261 5262 0.98638
5264 5262 0.98638
6120 5262 0.98638
5263 5264 0.98638
5266 5264 0.98638
5265 5266 0.98638
5585 5266 0.98638
6124 5266 0.98638
3638 5267 0.0036969
3640 5267 0.0036969
5268 5267 0.0036969
3138 5268 0.0011881
5832 5268 0.0011881
6422 5268 0.0011881
3122 5269 0.0010287
5270 5269 0.0010287
6233 5269 0.0010287
2753 5270 0.0027761
3327 5270 0.0027761
5237 5270 0.0027761
3964 5271 0.012015
6738 5271 0.012015
3290 5562 0.0027521
5563 5562 0.0027521
5567 5562 0.0027521
766 5565 0.0027521
2291 5565 0.0027521
3256 5565 0.0027521
5564 5565 0.0027521
3292 5567 0.0027521
5565 5567 0.0027521
5566 5567 0.0027521
3263 5568 0.0009271
3264 5568 0.0009271
5569 5568 0.0009271
5562 5569 0.0048539
5568 5569 0.0048539
5573 5569 0.0048539
3262 5570 0.0065393
5571 5570 0.0065393
5572 5570 0.0065393
3257 5571 0.0038233
3258 5571 0.0038233
5570 5571 0.0038233
5562 5572 0.0025231
5568 5572 0.0025231
5573 5572 0.0025231
3262 5573 0.0037338
5571 5573 0.0037338
5572 5573 0.0037338
738 5576 0.00037618
2913 5576 0.00037618
5577 5576 0.00037618
5576 5578 0.00037608
5579 5578 0.00037608
1233 5581 0.00035525
5580 5581 0.00035525
5582 5581 0.00035525
1233 5583 0.9406
5580 5583 0.9406
5582 5583 0.9406
5578 5585 0.94093
5583 5585 0.94093
5584 5585 0.94093
165 5798 0.00040454
792 5798 0.00040454
5799 5798 0.00040454
794 5799 0.00076523
4589 5799 0.00076523
5798 5799 0.00076523
5819 5818 0.00013407
5821 5818 0.00013407
6123 5818 0.00013407
5818 5819 0.045393
6126 5819 0.045393
6128 5819 0.045393
5820 5821 0.00027157
6122 5821 0.00027157
3335 5822 0.0014741
5823 5822 0.0014741
5831 5822 0.0014741
6967 5822 0.0014741
5822 5823 0.00043982
6963 5823 0.00043982
7102 5823 0.00043982
7104 5823 0.00043982
5825 5824 0.00023923
5826 5824 0.00023923
5830 5824 0.00023923
5824 5825 0.0014584
6964 5825 0.0014584
7100 5825 0.0014584
3335 5830 0.00024797
5823 5830 0.00024797
5831 5830 0.00024797
6967 5830 0.00024797
5825 5831 0.0014189
5826 5831 0.0014189
5830 5831 0.0014189
2352 5832 0.00073861
2355 5832 0.00073861
5269 5832 0.00073861
5840 5839 0.002616
5846 5839 0.002616
6562 5839 0.002616
5839 5841 0.002616
5842 5841 0.002616
5848 5841 0.002616
5841 5843 0.002616
5844 5843 0.002616
5850 5843 0.002616
5852 5851 0.00076773
5853 5851 0.00076773
3671 5853 0.00076773
5854 5853 0.00076773
3125 5948 0.00034298
3128 5948 0.00034298
5949 5948 0.00034298
3135 5952 0.00015563
5948 5952 0.00015563
5953 5952 0.00015563
1234 6118 0.045538
5816 6118 0.045538
6117 6118 0.045538
5261 6119 0.0014817
5264 6119 0.0014817
6120 6119 0.0014817
1252 6120 0.0014817
1262 6120 0.0014817
6119 6120 0.0014817
1238 6122 0.00027157
1250 6122 0.00027157
6121 6122 0.00027157
5265 6123 0.0001805
5585 6123 0.0001805
6124 6123 0.0001805
5819 6124 0.045623
5821 6124 0.045623
6123 6124 0.045623
5818 6125 0.00091714
6126 6125 0.00091714
6128 6125 0.00091714
1239 6126 0.0066371
1240 6126 0.0066371
1244 6126 0.0066371
6125 6126 0.0066371
1246 6128 0.039571
3901 6128 0.039571
3903 6128 0.039571
6127 6128 0.039571
2903 6130 0.0003403
6129 6130 0.0003403
6132 6130 0.0003403
2905 6132 0.0003403
6131 6132 0.0003403
6134 6132 0.0003403
2907 6134 0.00033872
6133 6134 0.00033872
6136 6134 0.00033872
2909 6136 0.00034058
3899 6136 0.00034058
6135 6136 0.00034058
548 6225 0.00034725
6226 6225 0.00034725
6227 6225 0.00034725
6230 6225 0.00034725
3907 6227 0.00076881
4019 6227 0.00076881
6228 6227 0.00076881
6358 6227 0.00076881
548 6229 0.00053525
6226 6229 0.00053525
6227 6229 0.00053525
6230 6229 0.00053525
4020 6231 0.0022373
6232 6231 0.0022373
6351 6231 0.0022373
6231 6232 0.00045241
6234 6232 0.00045241
6354 6232 0.00045241
6231 6233 0.0028669
6234 6233 0.0028669
6354 6233 0.0028669
3122 6234 0.0005418
5270 6234 0.0005418
6233 6234 0.0005418
180 6267 0.00010783
181 6267 0.00010783
6268 6267 0.00010783
176 6268 0.0011544
4803 6268 0.0011544
6267 6268 0.0011544
6269 6268 0.0011544
950 6351 0.0022041
6352 6351 0.0022041
6353 6351 0.0022041
6356 6351 0.0022041
2354 6353 0.0029575
2357 6353 0.0029575
948 6354 0.00073313
951 6354 0.00073313
6355 6354 0.00073313
6231 6355 0.0001929
6234 6355 0.0001929
6354 6355 0.0001929
950 6357 0.00028221
6352 6357 0.00028221
6353 6357 0.00028221
6356 6357 0.00028221
995 6358 0.00034073
6359 6358 0.00034073
6360 6358 0.00034073
6357 6360 0.00024696
6361 6360 0.00024696
3140 6371 0.00041328
6372 6371 0.00041328
6373 6371 0.00041328
6407 6371 0.00041328
3143 6373 0.00035376
3146 6373 0.00035376
6374 6373 0.00035376
6375 6373 0.00035376
6376 6375 0.00033213
6377 6375 0.00033213
6417 6375 0.00033213
5952 6377 0.00034368
6378 6377 0.00034368
6379 6377 0.00034368
3127 6379 0.00024721
3130 6379 0.00024721
6380 6379 0.00024721
6381 6379 0.00024721
6416 6415 0.00014256
6418 6415 0.00014256
6419 6415 0.00014256
6416 6417 0.00013429
6418 6417 0.00013429
6419 6417 0.00013429
6376 6418 0.00014731
6377 6418 0.00014731
6417 6418 0.00014731
3304 6419 0.00027039
6420 6419 0.00027039
6421 6419 0.00027039
6416 6420 0.00016714
6418 6420 0.00016714
6419 6420 0.00016714
3138 6421 0.00027454
5832 6421 0.00027454
6422 6421 0.00027454
3304 6422 0.0069404
6420 6422 0.0069404
6421 6422 0.0069404
3680 6478 0.00035861
3681 6478 0.00035861
3689 6478 0.00035861
6479 6478 0.00035861
3668 6479 0.00054605
3669 6479 0.00054605
6478 6479 0.00054605
3694 6562 0.002616
3695 6562 0.002616
6563 6562 0.002616
1464 6703 0.24297
6702 6703 0.24297
4662 6738 0.011423
6739 6738 0.011423
5087 6743 0.013623
5271 6743 0.013623
1264 6891 0.011275
6892 6891 0.011275
3713 6920 0.00080994
6921 6920 0.00080994
7114 6920 0.00080994
5824 6963 0.0016766
6964 6963 0.0016766
7100 6963 0.0016766
5822 6964 0.0010301
6963 6964 0.0010301
7102 6964 0.0010301
7104 6964 0.0010301
3335 6968 0.00054641
5823 6968 0.00054641
5831 6968 0.00054641
6967 6968 0.00054641
6969 6971 0.00012288
6972 6971 0.00012288
6975 6971 0.00012288
7066 6971 0.00012288
6971 6973 0.00023973
6974 6973 0.00023973
7064 6973 0.00023973
6973 6975 0.00019655
6976 6975 0.00019655
6978 6975 0.00019655
6973 6977 0.00022518
6976 6977 0.00022518
6978 6977 0.00022518
3320 6978 0.00013256
6977 6978 0.00013256
7096 6978 0.00013256
6980 6979 0.00013176
7065 6979 0.00013176
7098 6979 0.00013176
6229 6980 0.00044601
6979 6980 0.00044601
7063 6980 0.00044601
6229 7064 0.00021327
6979 7064 0.00021327
7063 7064 0.00021327
6969 7065 0.00017582
6972 7065 0.00017582
6975 7065 0.00017582
7066 7065 0.00017582
547 7093 0.00035933
2073 7093 0.00035933
7094 7093 0.00035933
3319 7096 0.00035821
5985 7096 0.00035821
7093 7096 0.00035821
7095 7096 0.00035821
6980 7097 0.00052973
7065 7097 0.00052973
7098 7097 0.00052973
3321 7098 0.00013966
3322 7098 0.00013966
7097 7098 0.00013966
5824 7099 0.0008126
6964 7099 0.0008126
7100 7099 0.0008126
3325 7100 0.0026783
3326 7100 0.0026783
7099 7100 0.0026783
6965 7102 0.00054641
6968 7102 0.00054641
7101 7102 0.00054641
5822 7103 0.0026888
6963 7103 0.0026888
7102 7103 0.0026888
7104 7103 0.0026888
3323 7104 0.00055308
3324 7104 0.00055308
7103 7104 0.00055308
3713 7113 0.01065
6921 7113 0.01065
7114 7113 0.01065
1235 7249 0.94092
7248 7249 0.94092
7250 7249 0.94092
2752 7250 0.98636
7251 7250 0.98636
