130 129 0.018002
1701 129 0.018002
1704 129 0.018002
129 130 0.016048
1289 130 0.016048
1290 130 0.016048
148 147 0.0029135
3286 147 0.0029135
3289 147 0.0029135
147 148 0.020084
3277 148 0.020084
3278 148 0.020084
152 151 0.0042448
153 151 0.0042448
155 151 0.0042448
151 152 0.012605
170 152 0.012605
171 152 0.012605
154 153 0.0032694
1103 153 0.0032694
1484 153 0.0032694
152 154 0.01304
153 154 0.01304
155 154 0.01304
156 155 0.0046348
157 155 0.0046348
162 155 0.0046348
152 156 0.003224
153 156 0.003224
155 156 0.003224
149 157 0.0014868
158 157 0.0014868
1485 157 0.0014868
156 158 0.0036939
157 158 0.0036939
162 158 0.0036939
160 159 0.00035848
3279 159 0.00035848
3280 159 0.00035848
159 160 0.010593
161 160 0.010593
1106 160 0.010593
156 161 0.0018021
157 161 0.0018021
162 161 0.0018021
159 162 0.0054199
161 162 0.0054199
1106 162 0.0054199
164 163 0.038868
791 163 0.038868
1107 163 0.038868
163 164 0.0060757
172 164 0.0060757
173 164 0.0060757
166 165 0.027492
179 165 0.027492
4590 165 0.027492
165 166 0.009741
792 166 0.009741
5799 166 0.009741
168 167 0.0019275
169 167 0.0019275
3294 167 0.0019275
167 168 0.20158
6703 168 0.20158
151 169 0.1128
170 169 0.1128
171 169 0.1128
168 170 0.0035936
169 170 0.0035936
3294 170 0.0035936
163 171 0.11865
172 171 0.11865
173 171 0.11865
151 172 0.0010807
170 172 0.0010807
171 172 0.0010807
174 173 0.084982
175 173 0.084982
793 173 0.084982
163 174 0.00020422
172 174 0.00020422
173 174 0.00020422
176 175 0.092198
4803 175 0.092198
6267 175 0.092198
6269 175 0.092198
174 176 0.00010455
175 176 0.00010455
793 176 0.00010455
180 179 0.043801
181 179 0.043801
6268 179 0.043801
166 180 0.0044718
179 180 0.0044718
4590 180 0.0044718
182 181 0.00037014
183 181 0.00037014
189 181 0.00037014
180 182 0.040949
181 182 0.040949
6268 182 0.040949
182 184 0.040882
183 184 0.040882
189 184 0.040882
187 189 0.0011485
190 189 0.0011485
191 189 0.0011485
182 190 0.00085426
183 190 0.00085426
189 190 0.00085426
192 191 0.0011485
1109 191 0.0011485
2624 191 0.0011485
187 192 0.00085426
190 192 0.00085426
191 192 0.00085426
766 765 0.0065423
2291 765 0.0065423
3256 765 0.0065423
5564 765 0.0065423
765 766 0.29057
768 766 0.29057
1105 766 0.29057
765 767 0.0001487
768 767 0.0001487
1105 767 0.0001487
767 768 0.33198
3276 768 0.33198
3297 768 0.33198
786 785 0.0020687
2261 785 0.0020687
2264 785 0.0020687
3989 785 0.0020687
785 786 0.28605
3973 786 0.28605
3976 786 0.28605
3977 786 0.28605
165 791 0.049793
792 791 0.049793
5799 791 0.049793
164 792 0.0031477
791 792 0.0031477
1107 792 0.0031477
794 793 0.011512
4589 793 0.011512
5798 793 0.011512
174 794 0.018828
175 794 0.018828
793 794 0.018828
975 974 0.16101
1006 974 0.16101
1009 974 0.16101
974 976 0.16101
977 976 0.16101
3184 976 0.16101
199 978 0.8277
979 978 0.8277
6891 978 0.8277
1003 1002 0.011298
3969 1002 0.011298
3971 1002 0.011298
1004 1005 0.011298
1007 1005 0.011298
3965 1005 0.011298
975 1007 0.011298
1006 1007 0.011298
1009 1007 0.011298
1008 1009 0.1723
1011 1009 0.1723
3957 1009 0.1723
1008 1010 0.0074009
1011 1010 0.0074009
3957 1010 0.0074009
1010 1011 0.011654
1013 1011 0.011654
1296 1011 0.011654
1010 1012 0.0074009
1013 1012 0.0074009
1296 1012 0.0074009
1012 1013 0.011654
1015 1013 0.011654
1706 1013 0.011654
1012 1014 0.008934
1015 1014 0.008934
1706 1014 0.008934
1014 1015 0.015963
1298 1015 0.015963
3592 1015 0.015963
1101 1100 0.0001019
1500 1100 0.0001019
3512 1100 0.0001019
1100 1101 0.010059
3503 1101 0.010059
3516 1101 0.010059
6255 1101 0.010059
154 1102 0.015928
1103 1102 0.015928
1484 1102 0.015928
1102 1103 0.0039496
3295 1103 0.0039496
3296 1103 0.0039496
765 1104 0.071355
768 1104 0.071355
1105 1104 0.071355
1104 1105 0.023551
3259 1105 0.023551
3260 1105 0.023551
164 1106 0.015081
791 1106 0.015081
1107 1106 0.015081
159 1107 0.001229
161 1107 0.001229
1106 1107 0.001229
192 1108 0.00085426
1109 1108 0.00085426
2624 1108 0.00085426
177 1109 0.0011485
1108 1109 0.0011485
6270 1109 0.0011485
1463 1118 0.001842
3513 1118 0.001842
1265 1264 0.8277
1266 1264 0.8277
1286 1264 0.8277
1267 1266 0.8277
1268 1266 0.8277
1700 1266 0.8277
131 1268 0.7013
1269 1268 0.7013
1270 1268 0.7013
1271 1270 0.7013
1274 1270 0.7013
3169 1270 0.7013
1273 1272 0.67725
1276 1272 0.67725
3172 1272 0.67725
1272 1273 0.0007814
1275 1273 0.0007814
3170 1273 0.0007814
1272 1274 0.7013
1275 1274 0.7013
3170 1274 0.7013
1277 1276 0.66322
1278 1276 0.66322
2869 1276 0.66322
1273 1277 0.0019923
1276 1277 0.0019923
3172 1277 0.0019923
1279 1278 0.7596
1280 1278 0.7596
3174 1278 0.7596
1277 1279 0.00075982
1278 1279 0.00075982
2869 1279 0.00075982
1281 1280 0.77101
1284 1280 0.77101
3178 1280 0.77101
1279 1281 0.00096945
1280 1281 0.00096945
3174 1281 0.00096945
1283 1282 1
1708 1282 1
4653 1282 1
1282 1284 0.79923
1285 1284 0.79923
3954 1284 0.79923
1281 1285 0.00031095
1284 1285 0.00031095
3178 1285 0.00031095
129 1288 0.018002
1289 1288 0.018002
1290 1288 0.018002
1288 1289 0.016048
1699 1289 0.016048
1702 1289 0.016048
1293 1292 0.0069555
1294 1292 0.0069555
1705 1292 0.0069555
1292 1293 0.0041796
1703 1293 0.0041796
3183 1293 0.0041796
1299 1298 0.03476
3955 1298 0.03476
3956 1298 0.03476
1014 1299 0.0017273
1298 1299 0.0017273
3592 1299 0.0017273
1464 1463 0.62989
6702 1463 0.62989
978 1464 0.82955
1465 1464 0.82955
1118 1465 0.0018475
5262 1465 0.0018475
1481 1480 0.023203
3281 1480 0.023203
3282 1480 0.023203
1480 1481 0.00025139
3268 1481 0.00025139
3285 1481 0.00025139
1482 1483 0.61813
3499 1483 0.61813
3514 1483 0.61813
3515 1483 0.61813
149 1484 0.0036939
158 1484 0.0036939
1485 1484 0.0036939
154 1485 0.0014868
1103 1485 0.0014868
1484 1485 0.0014868
1494 1495 0.0043437
1497 1495 0.0043437
1511 1495 0.0043437
1496 1497 0.0052685
1499 1497 0.0052685
3239 1497 0.0052685
3240 1497 0.0052685
1498 1499 0.0057166
1501 1499 0.0057166
4635 1499 0.0057166
1101 1501 0.0055413
1500 1501 0.0055413
3512 1501 0.0055413
1509 1508 0.0045249
3508 1508 0.0045249
3509 1508 0.0045249
1508 1509 0.00015611
3236 1509 0.00015611
4608 1509 0.00015611
1494 1510 0.0015623
1497 1510 0.0015623
1511 1510 0.0015623
1510 1511 0.00061524
3230 1511 0.00061524
4609 1511 0.00061524
1267 1699 0.003178
1268 1699 0.003178
1700 1699 0.003178
1288 1700 0.12957
1699 1700 0.12957
1702 1700 0.12957
1288 1701 0.001099
1699 1701 0.001099
1702 1701 0.001099
130 1702 0.12554
1701 1702 0.12554
1704 1702 0.12554
130 1703 0.0003914
1701 1703 0.0003914
1704 1703 0.0003914
1292 1704 0.12679
1703 1704 0.12679
3183 1704 0.12679
1012 1705 0.0069555
1015 1705 0.0069555
1706 1705 0.0069555
1293 1706 0.0041796
1294 1706 0.0041796
1705 1706 0.0041796
1709 1711 0.029202
1712 1711 0.029202
3179 1711 0.029202
1711 1712 0.00032442
1714 1712 0.00032442
3175 1712 0.00032442
1711 1713 0.040306
1714 1713 0.040306
3175 1713 0.040306
1713 1714 0.00023197
3173 1714 0.00023197
3177 1714 0.00023197
2259 2261 0.00015514
2262 2261 0.00015514
5859 2261 0.00015514
786 2262 0.00022775
2261 2262 0.00022775
2264 2262 0.00022775
3989 2262 0.00022775
786 2263 0.28602
2261 2263 0.28602
2264 2263 0.28602
3989 2263 0.28602
2263 2264 0.0020449
2266 2264 0.0020449
3959 2264 0.0020449
2263 2265 0.28603
2266 2265 0.28603
3959 2265 0.28603
2265 2266 0.0020449
2268 2266 0.0020449
3975 2266 0.0020449
2265 2267 1
2268 2267 1
3975 2267 1
2290 2291 0.6281
2293 2291 0.6281
3232 2291 0.6281
1483 2293 0.61799
2292 2293 0.61799
3505 2293 0.61799
2870 2869 0.0022159
3181 2869 0.0022159
3593 2869 0.0022159
1277 2870 0.099832
1278 2870 0.099832
2869 2870 0.099832
1002 2871 0.011298
2872 2871 0.011298
3967 2871 0.011298
1717 3170 0.025046
3171 3170 0.025046
3176 3170 0.025046
1272 3171 0.00021197
1275 3171 0.00021197
3170 3171 0.00021197
1713 3172 0.020737
3173 3172 0.020737
3177 3172 0.020737
1273 3173 0.0054966
1276 3173 0.0054966
3172 3173 0.0054966
1711 3174 0.0083237
1714 3174 0.0083237
3175 3174 0.0083237
1279 3175 0.01952
1280 3175 0.01952
3174 3175 0.01952
1713 3176 0.025046
3173 3176 0.025046
3177 3176 0.025046
1717 3177 0.00021197
3171 3177 0.00021197
3176 3177 0.00021197
1709 3178 0.00032442
1712 3178 0.00032442
3179 3178 0.00032442
1281 3179 0.029202
1284 3179 0.029202
3178 3179 0.029202
1292 3182 0.00034725
1703 3182 0.00034725
3183 3182 0.00034725
3182 3183 0.12397
3591 3183 0.12397
3594 3183 0.12397
3231 3230 0.00045044
3233 3230 0.00045044
3234 3230 0.00045044
1510 3231 0.0062248
3230 3231 0.0062248
4609 3231 0.0062248
3231 3232 0.010353
3233 3232 0.010353
3234 3232 0.010353
2290 3233 0.00026803
2293 3233 0.00026803
3232 3233 0.00026803
1492 3234 0.0043501
1495 3234 0.0043501
3235 3234 0.0043501
1098 3236 0.00089698
3237 3236 0.00089698
3238 3236 0.00089698
1508 3237 0.00043842
3236 3237 0.00043842
4608 3237 0.00043842
1496 3238 0.00089698
1499 3238 0.00089698
3239 3238 0.00089698
3240 3238 0.00089698
1098 3239 0.00043842
3237 3239 0.00043842
3238 3239 0.00043842
3257 3256 0.00031597
3258 3256 0.00031597
5570 3256 0.00031597
766 3257 0.90944
2291 3257 0.90944
3256 3257 0.90944
5564 3257 0.90944
1104 3258 0.10825
3259 3258 0.10825
3260 3258 0.10825
3257 3259 0.020322
3258 3259 0.020322
5570 3259 0.020322
3261 3260 0.04205
3274 3260 0.04205
3288 3260 0.04205
1104 3261 0.0019279
3259 3261 0.0019279
3260 3261 0.0019279
3263 3262 0.0052336
3264 3262 0.0052336
5569 3262 0.0052336
3262 3263 0.00099729
5571 3263 0.00099729
5572 3263 0.00099729
147 3276 0.017382
3277 3276 0.017382
3278 3276 0.017382
767 3277 0.0063962
3276 3277 0.0063962
3297 3277 0.0063962
160 3278 0.028516
3279 3278 0.028516
3280 3278 0.028516
147 3279 0.00035963
3277 3279 0.00035963
3278 3279 0.00035963
1481 3280 0.020399
3281 3280 0.020399
3282 3280 0.020399
160 3281 0.0024772
3279 3281 0.0024772
3280 3281 0.0024772
184 3282 0.040882
185 3282 0.040882
3283 3282 0.040882
1480 3284 0.023203
3268 3284 0.023203
3285 3284 0.023203
3284 3285 0.00025139
3287 3285 0.00025139
3284 3286 0.023203
3287 3286 0.023203
148 3287 0.00025139
3286 3287 0.00025139
3289 3287 0.00025139
148 3288 0.04205
3286 3288 0.04205
3289 3288 0.04205
3261 3289 0.0019279
3274 3289 0.0019279
3288 3289 0.0019279
168 3295 0.3089
169 3295 0.3089
3294 3295 0.3089
1102 3297 0.32089
3295 3297 0.32089
3296 3297 0.32089
3494 3493 0.00015969
3504 3493 0.00015969
3493 3494 0.00073388
3501 3494 0.00073388
3551 3494 0.00073388
4637 3494 0.00073388
3500 3499 0.00015969
3502 3499 0.00015969
1482 3500 0.00073388
3499 3500 0.00073388
3514 3500 0.00073388
3515 3500 0.00073388
3500 3501 0.00073388
3502 3501 0.00073388
3493 3502 0.00015969
3501 3502 0.00015969
3551 3502 0.00015969
4637 3502 0.00015969
3494 3503 0.00073388
3504 3503 0.00073388
1100 3504 0.00015969
3503 3504 0.00015969
3516 3504 0.00015969
6255 3504 0.00015969
3506 3505 0.00417
3507 3505 0.00417
3517 3505 0.00417
1483 3506 0.0042886
2292 3506 0.0042886
3505 3506 0.0042886
1509 3507 0.00417
3508 3507 0.00417
3509 3507 0.00417
3506 3508 0.0042886
3507 3508 0.0042886
3517 3508 0.0042886
3510 3509 0.0052932
3511 3509 0.0052932
4634 3509 0.0052932
1509 3510 0.0010431
3508 3510 0.0010431
3509 3510 0.0010431
1101 3511 0.0054632
1500 3511 0.0054632
3512 3511 0.0054632
3510 3512 0.00098061
3511 3512 0.00098061
4634 3512 0.00098061
1463 3514 0.62806
3513 3514 0.62806
1100 3515 0.00054047
3503 3515 0.00054047
3516 3515 0.00054047
6255 3515 0.00054047
1482 3516 0.0099321
3499 3516 0.0099321
3514 3516 0.0099321
3515 3516 0.0099321
1014 3591 0.035245
1298 3591 0.035245
3592 3591 0.035245
3182 3592 0.0092412
3591 3592 0.0092412
3594 3592 0.0092412
3182 3593 0.0022159
3591 3593 0.0022159
3594 3593 0.0022159
2870 3594 0.099832
3181 3594 0.099832
3593 3594 0.099832
1299 3954 0.00043253
3955 3954 0.00043253
3956 3954 0.00043253
1282 3955 0.20151
1285 3955 0.20151
3954 3955 0.20151
1008 3956 0.00036801
1011 3956 0.00036801
3957 3956 0.00036801
1299 3957 0.16841
3955 3957 0.16841
3956 3957 0.16841
559 3971 0.011298
1005 3971 0.011298
3972 3971 0.011298
3974 3973 1
3979 3973 1
5256 3973 1
785 3975 0.73155
3973 3975 0.73155
3976 3975 0.73155
3977 3975 0.73155
2265 3976 0.015535
2268 3976 0.015535
3975 3976 0.015535
3980 3979 1
3981 3979 1
3985 3979 1
2219 3981 1
3982 3981 1
3983 3981 1
2859 3989 0.0002268
3990 3989 0.0002268
3991 3989 0.0002268
786 3990 0.00015419
2261 3990 0.00015419
2264 3990 0.00015419
3989 3990 0.00015419
3166 3991 0.0002268
3992 3991 0.0002268
3993 3991 0.0002268
2859 3992 0.00015419
3990 3992 0.00015419
3991 3992 0.00015419
3994 3993 0.0002268
3995 3993 0.0002268
3999 3993 0.0002268
3166 3994 0.00015419
3992 3994 0.00015419
3993 3994 0.00015419
3998 3997 0.00015419
4000 3997 0.00015419
3997 3998 0.0002268
4651 3998 0.0002268
5860 3998 0.0002268
3998 3999 0.0002268
4000 3999 0.0002268
3994 4000 0.00015419
3995 4000 0.00015419
3999 4000 0.00015419
166 4589 0.029649
179 4589 0.029649
4590 4589 0.029649
794 4590 0.0080705
4589 4590 0.0080705
5798 4590 0.0080705
1510 4608 0.00029344
3230 4608 0.00029344
4609 4608 0.00029344
1508 4609 0.0051208
3236 4609 0.0051208
4608 4609 0.0051208
1498 4634 0.0009877
1501 4634 0.0009877
4635 4634 0.0009877
3510 4635 0.0012202
3511 4635 0.0012202
4634 4635 0.0012202
2267 4653 1
4652 4653 1
976 4803 0.1723
2871 4803 0.1723
4804 4803 0.1723
3290 5562 0.0029859
5563 5562 0.0029859
5567 5562 0.0029859
766 5565 0.0029859
2291 5565 0.0029859
3256 5565 0.0029859
5564 5565 0.0029859
3292 5567 0.0029859
5565 5567 0.0029859
5566 5567 0.0029859
3263 5568 0.00099729
3264 5568 0.00099729
5569 5568 0.00099729
5562 5569 0.0052336
5568 5569 0.0052336
5573 5569 0.0052336
3262 5570 0.0070593
5571 5570 0.0070593
5572 5570 0.0070593
3257 5571 0.0041122
3258 5571 0.0041122
5570 5571 0.0041122
5562 5572 0.002729
5568 5572 0.002729
5573 5572 0.002729
3262 5573 0.0040182
5571 5573 0.0040182
5572 5573 0.0040182
165 5798 0.0050153
792 5798 0.0050153
5799 5798 0.0050153
794 5799 0.033909
4589 5799 0.033909
5798 5799 0.033909
3997 5859 0.00015419
4651 5859 0.00015419
5860 5859 0.00015419
2259 5860 0.0002268
2262 5860 0.0002268
5859 5860 0.0002268
180 6267 0.0032573
181 6267 0.0032573
6268 6267 0.0032573
176 6268 0.083166
4803 6268 0.083166
6267 6268 0.083166
6269 6268 0.083166
177 6269 0.00086551
1108 6269 0.00086551
6270 6269 0.00086551
176 6270 0.0011594
4803 6270 0.0011594
6267 6270 0.0011594
6269 6270 0.0011594
167 6702 0.0019275
6703 6702 0.0019275
1464 6703 0.20158
6702 6703 0.20158
1264 6891 0.8277
6892 6891 0.8277
