6878 434 0.00010384
994 996 0.00021603
997 996 0.00021603
2076 996 0.00021603
2077 996 0.00021603
434 1126 0.00010388
5089 1126 0.00010388
1935 1934 0.99968
1936 1934 0.99968
1942 1934 0.99968
1937 1936 1
1938 1936 1
1939 1938 1
1935 1943 0.00031521
1936 1943 0.00031521
1942 1943 0.00031521
2072 2071 0.00034613
2074 2071 0.00034613
2075 2071 0.00034613
3906 2071 0.00034613
547 2074 0.00062712
2073 2074 0.00062712
7094 2074 0.00062712
2072 2076 0.00034371
2074 2076 0.00034371
2075 2076 0.00034371
3906 2076 0.00034371
994 2078 0.00020906
997 2078 0.00020906
2076 2078 0.00020906
2077 2078 0.00020906
2349 2348 0.00028828
5903 2348 0.00028828
5986 2348 0.00028828
7105 2348 0.00028828
2348 2349 0.0068305
5239 2349 0.0068305
5739 2349 0.0068305
2351 2350 0.0035454
4656 2350 0.0035454
7014 2350 0.0035454
7087 2350 0.0035454
2350 2351 0.007286
5671 2351 0.007286
5836 2351 0.007286
2078 2360 0.00023592
2358 2360 0.00023592
2361 2360 0.00023592
6371 2360 0.00023592
2360 2362 0.00040237
2363 2362 0.00040237
3120 2362 0.00040237
2362 2364 0.00041851
2365 2364 0.00041851
6395 2364 0.00041851
2364 2366 0.00084113
2367 2366 0.00084113
6366 2366 0.00084113
6367 2366 0.00084113
2366 2367 0.00020191
7006 2367 0.00020191
7086 2367 0.00020191
996 3120 0.0001951
3119 3120 0.0001951
4790 3120 0.0001951
6237 3120 0.0001951
3317 3316 0.70559
5238 3316 0.70559
7089 3316 0.70559
3316 3317 0.00015636
7005 3317 0.00015636
7008 3317 0.00015636
7088 3317 0.00015636
3319 3318 0.0065923
5985 3318 0.0065923
7093 3318 0.0065923
7095 3318 0.0065923
3318 3319 0.0004308
6983 3319 0.0004308
7092 3319 0.0004308
3320 3321 0.00023923
6977 3321 0.00023923
7096 3321 0.00023923
3789 3790 0.99967
7201 3790 0.99967
4199 3791 0.00032309
5395 3791 0.00032309
5396 3792 1.0003
5397 3792 1.0003
3791 3793 0.00010935
3790 3795 0.99967
3794 3795 0.99967
7083 3795 0.99967
4657 4656 0.29399
5663 4656 0.29399
5665 4656 0.29399
6736 4658 0.29402
6737 4659 0.00020401
996 4789 0.00018597
3119 4789 0.00018597
4790 4789 0.00018597
6237 4789 0.00018597
5064 5063 0.00028942
5240 5063 0.00028942
4659 5064 0.70647
5065 5064 0.70647
3792 5065 0.70626
2348 5238 0.69931
5239 5238 0.69931
5739 5238 0.69931
5064 5241 0.70618
5240 5241 0.70618
1943 5385 0.000315
1944 5385 0.000315
5379 5385 0.000315
5386 5385 0.000315
5390 5389 0.00042393
5877 5389 0.00042393
5992 5389 0.00042393
5392 5391 0.00028741
5393 5391 0.00028741
5991 5391 0.00028741
1512 5392 0.00034962
5391 5392 0.00034962
5876 5392 0.00034962
5385 5393 0.000315
5387 5393 0.000315
5394 5393 0.000315
5063 5395 0.0002877
3791 5396 0.00021374
3793 5397 1.0001
5993 5397 1.0001
7115 5397 1.0001
4658 5663 0.29392
2350 5669 0.00020352
5671 5669 0.00020352
5836 5669 0.00020352
2350 5670 0.0033688
5671 5670 0.0033688
5836 5670 0.0033688
5670 5671 0.0072862
6385 5671 0.0072862
7085 5671 0.0072862
5241 5739 0.70582
5738 5739 0.70582
7218 5739 0.70582
5740 5741 0.00036922
7219 5741 0.00036922
4205 5743 0.00035028
5741 5743 0.00035028
5742 5743 0.00035028
4213 5745 0.00035687
5743 5745 0.00035687
5744 5745 0.00035687
1512 5875 0.00028741
5391 5875 0.00028741
5876 5875 0.00028741
5389 5876 0.00034962
5875 5876 0.00034962
5994 5876 0.00034962
1655 5903 0.00037312
5745 5903 0.00037312
5901 5903 0.00037312
5904 5903 0.00037312
3117 5956 0.00013018
5957 5956 0.00013018
6368 5956 0.00013018
6369 5956 0.00013018
2349 5985 0.0070023
5903 5985 0.0070023
5986 5985 0.0070023
7105 5985 0.0070023
5392 5992 0.00042393
5393 5992 0.00042393
5991 5992 0.00042393
5389 5993 0.00070876
5875 5993 0.00070876
5994 5993 0.00070876
3793 5994 0.00039378
5993 5994 0.00039378
7115 5994 0.00039378
548 6228 0.00015679
6226 6228 0.00015679
6227 6228 0.00015679
6230 6228 0.00015679
6229 6230 0.00015864
6979 6230 0.00015864
7063 6230 0.00015864
2071 6237 0.00015668
6238 6237 0.00015668
6239 6237 0.00015668
2071 6240 0.00023468
6238 6240 0.00023468
6239 6240 0.00023468
3907 6359 0.00010094
4019 6359 0.00010094
6228 6359 0.00010094
6358 6359 0.00010094
4789 6366 0.00039491
6240 6366 0.00039491
6365 6366 0.00039491
2364 6368 0.00014865
2367 6368 0.00014865
6366 6368 0.00014865
6367 6368 0.00014865
5956 6385 0.00016421
6386 6385 0.00016421
6387 6385 0.00016421
6879 6736 0.29402
6880 6737 0.00020401
6827 6828 0.99967
7199 6828 0.99967
5662 6878 0.00010384
5664 6878 0.00010384
3792 6879 0.29402
433 6880 0.00020401
5669 6880 0.00020401
6969 6971 0.00026476
6972 6971 0.00026476
6975 6971 0.00026476
7066 6971 0.00026476
6971 6973 0.00035737
6974 6973 0.00035737
7064 6973 0.00035737
6973 6975 0.00034053
6976 6975 0.00034053
6978 6975 0.00034053
6969 6976 0.00013391
6972 6976 0.00013391
6975 6976 0.00013391
7066 6976 0.00013391
6973 6977 0.00038191
6976 6977 0.00038191
6978 6977 0.00038191
3320 6978 0.00032933
6977 6978 0.00032933
7096 6978 0.00032933
6980 6979 0.00022782
7065 6979 0.00022782
7098 6979 0.00022782
6982 6981 0.0010097
6984 6981 0.0010097
6986 6981 0.0010097
6981 6982 0.00012951
6990 6982 0.00012951
6982 6983 0.00037735
6984 6983 0.00037735
6986 6983 0.00037735
3318 6984 0.0019018
6983 6984 0.0019018
7092 6984 0.0019018
6982 6985 0.0012675
6984 6985 0.0012675
6986 6985 0.0012675
6985 6986 0.00062328
6988 6986 0.00062328
6989 6986 0.00062328
6985 6987 0.0020016
6988 6987 0.0020016
6989 6987 0.0020016
6987 6988 0.00047716
6992 6988 0.00047716
6994 6988 0.00047716
6981 6989 0.0010097
6990 6989 0.0010097
6985 6990 0.00012951
6988 6990 0.00012951
6989 6990 0.00012951
6987 6991 0.0019624
6992 6991 0.0019624
6994 6991 0.0019624
6991 6992 0.00026886
6995 6992 0.00026886
7000 6992 0.00026886
6987 6993 0.0012231
6992 6993 0.0012231
6994 6993 0.0012231
6993 6994 0.0013922
6996 6994 0.0013922
6998 6994 0.0013922
7001 6994 0.0013922
6993 6995 0.00077845
6996 6995 0.00077845
6998 6995 0.00077845
7001 6995 0.00077845
6991 6996 0.0017644
6995 6996 0.0017644
7000 6996 0.0017644
6993 6997 0.002764
6996 6997 0.002764
6998 6997 0.002764
7001 6997 0.002764
6997 6998 0.0012396
7090 6998 0.0012396
7091 6998 0.0012396
6991 6999 0.00085357
6995 6999 0.00085357
7000 6999 0.00085357
6999 7000 0.00014599
7002 7000 0.00014599
7004 7000 0.00014599
6999 7001 0.00085357
7002 7001 0.00085357
7004 7001 0.00085357
6993 7002 0.00014599
6996 7002 0.00014599
6998 7002 0.00014599
7001 7002 0.00014599
2366 7005 0.0040304
7006 7005 0.0040304
7086 7005 0.0040304
3316 7006 0.0071908
7005 7006 0.0071908
7008 7006 0.0071908
7088 7006 0.0071908
6229 7064 0.00015819
6979 7064 0.00015819
7063 7064 0.00015819
6969 7065 0.00014501
6972 7065 0.00014501
6975 7065 0.00014501
7066 7065 0.00014501
6980 7066 0.00012684
7065 7066 0.00012684
7098 7066 0.00012684
3790 7084 0.00010611
3794 7084 0.00010611
7083 7084 0.00010611
2366 7085 0.007228
7006 7085 0.007228
7086 7085 0.007228
5670 7086 0.0034283
6385 7086 0.0034283
7085 7086 0.0034283
3316 7087 0.00048253
7005 7087 0.00048253
7008 7087 0.00048253
7088 7087 0.00048253
2351 7088 0.29821
4656 7088 0.29821
7014 7088 0.29821
7087 7088 0.29821
6997 7089 0.008634
7090 7089 0.008634
7091 7089 0.008634
3317 7090 0.0024725
5238 7090 0.0024725
7089 7090 0.0024725
3318 7091 0.0064145
6983 7091 0.0064145
7092 7091 0.0064145
6997 7092 0.0017774
7090 7092 0.0017774
7091 7092 0.0017774
3319 7094 0.00069223
5985 7094 0.00069223
7093 7094 0.00069223
7095 7094 0.00069223
3320 7095 0.00037262
6977 7095 0.00037262
7096 7095 0.00037262
3319 7096 0.00052352
5985 7096 0.00052352
7093 7096 0.00052352
7095 7096 0.00052352
3321 7098 0.00022017
3322 7098 0.00022017
7097 7098 0.00022017
3795 7115 0.99967
1932 7199 0.99967
1934 7199 0.99967
6745 7199 0.99967
7198 7199 0.99967
6828 7201 0.99967
7200 7201 0.99967
5241 7219 0.00036922
5738 7219 0.00036922
7218 7219 0.00036922
