134 133 0.00013984
3708 133 0.00013984
3709 133 0.00013984
133 134 0.00045054
3052 134 0.00045054
146 145 0.0012082
1546 145 0.0012082
1549 145 0.0012082
145 146 0.0015706
2374 146 0.0015706
2730 146 0.0015706
427 428 0.00042336
431 428 0.00042336
3097 428 0.00042336
5835 433 0.0033834
548 547 0.16947
6226 547 0.16947
6227 547 0.16947
6230 547 0.16947
547 548 0.019436
2073 548 0.019436
7094 548 0.019436
5260 723 0.29944
723 724 0.28024
6920 724 0.28024
948 950 0.018347
951 950 0.018347
6355 950 0.018347
950 951 0.0077422
6352 951 0.0077422
6353 951 0.0077422
6356 951 0.0077422
995 994 0.038652
6359 994 0.038652
6360 994 0.038652
994 995 0.0319
997 995 0.0319
2076 995 0.0319
2077 995 0.0319
994 996 0.017692
997 996 0.017692
2076 996 0.017692
2077 996 0.017692
996 997 0.025694
3119 997 0.025694
4790 997 0.025694
6237 997 0.025694
1001 1000 0.00033349
1552 1000 0.00033349
1555 1000 0.00033349
432 1127 0.0032566
5692 1127 0.0032566
6874 1128 0.037627
5085 1129 0.0015268
5267 1129 0.0015268
1528 1530 0.0085982
1531 1530 0.0085982
3303 1530 0.0085982
1530 1531 0.0069803
1533 1531 0.0069803
2850 1531 0.0069803
1530 1532 0.0010563
1533 1532 0.0010563
2850 1532 0.0010563
1532 1533 0.0021303
2851 1533 0.0021303
3339 1533 0.0021303
1544 1545 0.00036068
1547 1545 0.00036068
2807 1545 0.00036068
1544 1546 0.0025015
1547 1546 0.0025015
2807 1546 0.0025015
146 1547 0.00012661
1546 1547 0.00012661
1549 1547 0.00012661
146 1548 0.0028605
1546 1548 0.0028605
1549 1548 0.0028605
1000 1549 0.00012314
1548 1549 0.00012314
2805 1549 0.00012314
2874 1549 0.00012314
1545 1550 0.00036068
1551 1550 0.00036068
4529 1550 0.00036068
1550 1552 0.00036068
1553 1552 0.00036068
4785 1552 0.00036068
1568 1570 0.00044745
1571 1570 0.00044745
3699 1570 0.00044745
1659 1660 0.0023884
3213 1660 0.0023884
4560 1660 0.0023884
1976 1975 0.0036998
6155 1975 0.0036998
6617 1975 0.0036998
2072 2071 0.00161
2074 2071 0.00161
2075 2071 0.00161
3906 2071 0.00161
2071 2072 0.050557
6238 2072 0.050557
6239 2072 0.050557
2072 2073 0.47942
2074 2073 0.47942
2075 2073 0.47942
3906 2073 0.47942
547 2074 0.00075835
2073 2074 0.00075835
7094 2074 0.00075835
994 2075 0.27751
997 2075 0.27751
2076 2075 0.27751
2077 2075 0.27751
2072 2076 0.0049411
2074 2076 0.0049411
2075 2076 0.0049411
3906 2076 0.0049411
2078 2077 0.26205
2358 2077 0.26205
2361 2077 0.26205
6371 2077 0.26205
994 2078 0.0042367
997 2078 0.0042367
2076 2078 0.0042367
2077 2078 0.0042367
724 2146 0.94654
2147 2146 0.94654
6794 2146 0.94654
2149 2148 0.66758
7287 2148 0.66758
2148 2149 0.0013313
6795 2149 0.0013313
2151 2150 0.96569
3649 2150 0.96569
3652 2150 0.96569
6823 2150 0.96569
2349 2348 0.00022242
5903 2348 0.00022242
5986 2348 0.00022242
7105 2348 0.00022242
2348 2349 0.0066083
5239 2349 0.0066083
5739 2349 0.0066083
2350 2351 0.0068192
5671 2351 0.0068192
5836 2351 0.0068192
2353 2352 0.32385
3337 2352 0.32385
2352 2353 0.00053929
2355 2353 0.00053929
5269 2353 0.00053929
2352 2354 0.33658
2355 2354 0.33658
5269 2354 0.33658
2354 2355 0.00012947
2357 2355 0.00012947
2354 2356 0.18162
2357 2356 0.18162
2356 2357 0.0022002
2359 2357 0.0022002
6362 2357 0.0022002
7160 2357 0.0022002
2356 2358 0.20239
2359 2358 0.20239
6362 2358 0.20239
7160 2358 0.20239
2078 2359 0.0023223
2358 2359 0.0023223
2361 2359 0.0023223
6371 2359 0.0023223
2078 2360 0.045439
2358 2360 0.045439
2361 2360 0.045439
6371 2360 0.045439
2360 2361 0.0056597
2363 2361 0.0056597
3120 2361 0.0056597
2360 2362 0.0078472
2363 2362 0.0078472
3120 2362 0.0078472
2362 2363 0.0094722
2365 2363 0.0094722
6395 2363 0.0094722
2362 2364 0.0091955
2365 2364 0.0091955
6395 2364 0.0091955
2364 2365 0.0047723
2367 2365 0.0047723
6366 2365 0.0047723
6367 2365 0.0047723
2364 2366 0.011657
2367 2366 0.011657
6366 2366 0.011657
6367 2366 0.011657
2366 2367 0.0035486
7006 2367 0.0035486
7086 2367 0.0035486
2375 2374 0.028259
2376 2374 0.028259
2806 2374 0.028259
145 2375 0.00038094
2374 2375 0.00038094
2730 2375 0.00038094
2377 2376 0.030614
2380 2376 0.030614
3644 2376 0.030614
2382 2383 0.00013743
3645 2383 0.00013743
3648 2383 0.00013743
82 2661 1
2662 2661 1
2663 2661 1
2673 2661 1
2664 2663 1.0015
2665 2663 1.0015
2671 2663 1.0015
2672 2671 1.0015
2674 2671 1.0015
82 2674 0.0015146
2662 2674 0.0015146
2663 2674 0.0015146
2673 2674 0.0015146
79 2679 0.0015876
2680 2679 0.0015876
2681 2679 0.0015876
2682 2681 0.001576
2683 2681 0.001576
2804 2681 0.001576
2709 2721 0.030608
2722 2721 0.030608
2723 2721 0.030608
6588 2721 0.030608
2724 2723 0.030608
2725 2723 0.030608
2861 2723 0.030608
2679 2725 0.030608
2726 2725 0.030608
2727 2725 0.030608
2728 2727 0.029214
2729 2727 0.029214
2873 2727 0.029214
2679 2728 0.00014968
2726 2728 0.00014968
2727 2728 0.00014968
145 2729 0.027943
2374 2729 0.027943
2730 2729 0.027943
2728 2730 0.00042719
2729 2730 0.00042719
2873 2730 0.00042719
1000 2804 0.0015375
1548 2804 0.0015375
2805 2804 0.0015375
2874 2804 0.0015375
2375 2807 0.0027996
2376 2807 0.0027996
2806 2807 0.0027996
1530 2849 0.0094582
1533 2849 0.0094582
2850 2849 0.0094582
600 2850 0.0067662
2849 2850 0.0067662
3344 2850 0.0067662
3345 2850 0.0067662
1676 2853 0.0010915
2854 2853 0.0010915
3661 2853 0.0010915
1000 2873 0.0021415
1548 2873 0.0021415
2805 2873 0.0021415
2874 2873 0.0021415
2728 2874 0.00059299
2729 2874 0.00059299
2873 2874 0.00059299
133 3051 0.00013984
3052 3051 0.00013984
3051 3052 0.00045054
3710 3052 0.00045054
3711 3052 0.00045054
3054 3053 0.00073641
3685 3053 0.00073641
3085 3086 0.0013235
3088 3086 0.0013235
5398 3086 0.0013235
3087 3088 0.001315
7151 3088 0.001315
428 3090 0.0012177
429 3090 0.0012177
3089 3090 0.0012177
5680 3090 0.0012177
1570 3091 0.00039769
1573 3091 0.00039769
3092 3091 0.00039769
1127 3097 0.00042424
3095 3097 0.00042424
3098 3097 0.00042424
3107 3109 0.0021059
3110 3109 0.0021059
3309 3109 0.0021059
3310 3109 0.0021059
3109 3111 0.0032007
3112 3111 0.0032007
3313 3111 0.0032007
3314 3111 0.0032007
3111 3113 0.0013706
3114 3113 0.0013706
6382 3113 0.0013706
6383 3113 0.0013706
3113 3115 0.00052667
3116 3115 0.00052667
6106 3115 0.00052667
3118 3117 0.00084223
6390 3117 0.00084223
6391 3117 0.00084223
3117 3118 0.00078078
5957 3118 0.00078078
6368 3118 0.00078078
6369 3118 0.00078078
2360 3119 0.043225
2363 3119 0.043225
3120 3119 0.043225
996 3120 0.0018207
3119 3120 0.0018207
4790 3120 0.0018207
6237 3120 0.0018207
3122 3121 0.0018245
5270 3121 0.0018245
6233 3121 0.0018245
3121 3122 0.18965
3328 3122 0.18965
3329 3122 0.18965
3124 3123 0.02846
3307 3123 0.02846
3308 3123 0.02846
3637 3123 0.02846
3123 3124 0.00015974
3126 3124 0.00015974
3312 3124 0.00015974
3123 3125 0.027306
3126 3125 0.027306
3312 3125 0.027306
3125 3126 0.00011974
3128 3126 0.00011974
5949 3126 0.00011974
3125 3127 0.022513
3128 3127 0.022513
5949 3127 0.022513
3127 3128 0.0001245
3130 3128 0.0001245
6380 3128 0.0001245
6381 3128 0.0001245
3127 3129 0.007287
3130 3129 0.007287
6380 3129 0.007287
6381 3129 0.007287
3129 3130 0.00027679
3132 3130 0.00027679
6105 3130 0.00027679
6108 3130 0.00027679
3129 3131 0.0032155
3132 3131 0.0032155
6105 3131 0.0032155
6108 3131 0.0032155
3131 3132 0.00025778
3134 3132 0.00025778
6402 3132 0.00025778
6403 3132 0.00025778
3131 3133 0.0018665
3134 3133 0.0018665
6402 3133 0.0018665
6403 3133 0.0018665
3133 3134 0.00043433
5955 3134 0.00043433
6394 3134 0.00043433
3136 3135 0.010197
3305 3135 0.010197
3306 3135 0.010197
3135 3136 0.00076137
5948 3136 0.00076137
5953 3136 0.00076137
3138 3137 0.0031035
5832 3137 0.0031035
6422 3137 0.0031035
3137 3138 0.059568
3302 3138 0.059568
3338 3138 0.059568
3140 3139 0.0023429
6372 3139 0.0023429
6373 3139 0.0023429
6407 3139 0.0023429
3139 3140 0.0072595
3910 3140 0.0072595
6112 3140 0.0072595
3142 3141 0.019031
6414 3141 0.019031
6415 3141 0.019031
3141 3142 0.00078499
3144 3142 0.00078499
4787 3142 0.00078499
3141 3143 0.016641
3144 3143 0.016641
4787 3143 0.016641
3143 3144 0.0023534
3146 3144 0.0023534
6374 3144 0.0023534
6375 3144 0.0023534
3143 3145 0.0061322
3146 3145 0.0061322
6374 3145 0.0061322
6375 3145 0.0061322
3145 3146 0.0027041
3148 3146 0.0027041
3911 3146 0.0027041
6109 3146 0.0027041
3145 3147 0.0029227
3148 3147 0.0029227
3911 3147 0.0029227
6109 3147 0.0029227
3147 3148 0.00097659
5951 3148 0.00097659
6398 3148 0.00097659
6399 3148 0.00097659
3212 3213 0.0024946
3651 3213 0.0024946
3654 3213 0.0024946
1528 3302 0.0069803
1531 3302 0.0069803
3303 3302 0.0069803
3137 3303 0.0085982
3302 3303 0.0085982
3338 3303 0.0085982
3136 3304 0.009977
3305 3304 0.009977
3306 3304 0.009977
3304 3305 0.0028786
6420 3305 0.0028786
6421 3305 0.0028786
3124 3306 0.017397
3307 3306 0.017397
3308 3306 0.017397
3637 3306 0.017397
3136 3307 0.00086273
3305 3307 0.00086273
3306 3307 0.00086273
3124 3309 0.0021059
3307 3309 0.0021059
3308 3309 0.0021059
3637 3309 0.0021059
3109 3312 0.00052384
3112 3312 0.00052384
3313 3312 0.00052384
3314 3312 0.00052384
3123 3313 0.0016371
3126 3313 0.0016371
3312 3313 0.0016371
3316 3317 0.02754
7005 3317 0.02754
7008 3317 0.02754
7088 3317 0.02754
3319 3318 0.015065
5985 3318 0.015065
7093 3318 0.015065
7095 3318 0.015065
3318 3319 0.040059
6983 3319 0.040059
7092 3319 0.040059
3321 3320 0.25474
3322 3320 0.25474
7097 3320 0.25474
3320 3321 0.047397
6977 3321 0.047397
7096 3321 0.047397
3323 3322 0.28709
3324 3322 0.28709
7103 3322 0.28709
3321 3323 0.01036
3322 3323 0.01036
7097 3323 0.01036
3325 3324 0.27635
3326 3324 0.27635
7099 3324 0.27635
3323 3325 0.019091
3324 3325 0.019091
7103 3325 0.019091
2753 3326 0.31893
3327 3326 0.31893
5237 3326 0.31893
3325 3327 0.00070086
3326 3327 0.00070086
7099 3327 0.00070086
2353 3328 0.53393
3337 3328 0.53393
3332 3331 0.00060945
3334 3331 0.00060945
3331 3332 0.0079307
5827 3332 0.0079307
5829 3332 0.0079307
3332 3333 0.0079307
3334 3333 0.0079307
3333 3334 0.00060945
3336 3334 0.00060945
6225 3334 0.00060945
3333 3335 0.0069069
3336 3335 0.0069069
6225 3335 0.0069069
3335 3336 0.041092
5823 3336 0.041092
5831 3336 0.041092
6967 3336 0.041092
3137 3337 0.85725
3302 3337 0.85725
3338 3337 0.85725
3343 3338 0.91533
3639 3338 0.91533
3962 3338 0.91533
3340 3339 0.0021303
3342 3339 0.0021303
3960 3339 0.0021303
1532 3340 0.0010563
2851 3340 0.0010563
3339 3340 0.0010563
3340 3341 0.0010563
3342 3341 0.0010563
3960 3341 0.0010563
3341 3342 0.0021303
3346 3342 0.0021303
4684 3342 0.0021303
600 3343 0.038559
2849 3343 0.038559
3344 3343 0.038559
3345 3343 0.038559
3343 3344 0.0053709
3639 3344 0.0053709
3962 3344 0.0053709
3341 3345 0.031044
3346 3345 0.031044
4684 3345 0.031044
600 3346 0.00054727
2849 3346 0.00054727
3344 3346 0.00054727
3345 3346 0.00054727
73 3347 0.031516
3348 3347 0.031516
3349 3347 0.031516
3350 3349 0.031516
3351 3349 0.031516
3363 3349 0.031516
3352 3351 0.030756
3366 3351 0.030756
3691 3351 0.030756
3364 3363 0.0008064
3365 3363 0.0008064
3367 3363 0.0008064
3352 3365 0.00032556
3366 3365 0.00032556
3691 3365 0.00032556
3364 3366 0.0005049
3365 3366 0.0005049
3367 3366 0.0005049
3368 3367 0.0009671
3369 3367 0.0009671
3665 3367 0.0009671
3370 3369 0.00044792
3692 3369 0.00044792
3693 3369 0.00044792
3368 3370 0.00027077
3369 3370 0.00027077
3665 3370 0.00027077
3638 3637 0.047042
3640 3637 0.047042
5268 3637 0.047042
3124 3638 0.00013305
3307 3638 0.00013305
3308 3638 0.00013305
3637 3638 0.00013305
3638 3639 0.00077072
3640 3639 0.00077072
5268 3639 0.00077072
3343 3640 0.047011
3639 3640 0.047011
3962 3640 0.047011
2711 3642 0.030608
2721 3642 0.030608
3641 3642 0.030608
2661 3644 0.030614
3643 3644 0.030614
3646 3644 0.030614
2661 3645 0.96939
3643 3645 0.96939
3646 3645 0.96939
2382 3647 0.96935
3645 3647 0.96935
3648 3647 0.96935
3647 3649 0.96929
3650 3649 0.96929
2151 3651 0.0047225
3649 3651 0.0047225
3652 3651 0.0047225
6823 3651 0.0047225
3212 3652 0.001019
3651 3652 0.001019
3654 3652 0.001019
3212 3653 0.0022543
3651 3653 0.0022543
3654 3653 0.0022543
3653 3654 0.0009939
3656 3654 0.0009939
6210 3654 0.0009939
3653 3655 0.0013249
3656 3655 0.0013249
6210 3655 0.0013249
3655 3656 0.00085058
3658 3656 0.00085058
6205 3656 0.00085058
3655 3657 0.0012657
3658 3657 0.0012657
6205 3657 0.0012657
1662 3659 0.0012067
3657 3659 0.0012067
3660 3659 0.0012067
3659 3661 0.0011315
3662 3661 0.0011315
6218 3661 0.0011315
3666 3665 0.00078327
3667 3665 0.00078327
5843 3665 0.00078327
3668 3667 0.00078761
3669 3667 0.00078761
6478 3667 0.00078761
3670 3669 0.00020037
3679 3669 0.00020037
5851 3669 0.00020037
3668 3670 0.00021486
3669 3670 0.00021486
6478 3670 0.00021486
3671 3672 0.00017099
5854 3672 0.00017099
3674 3673 0.00010002
3696 3673 0.00010002
3697 3673 0.00010002
3672 3674 0.0002421
3673 3674 0.0002421
3675 3674 0.0002421
3680 3679 0.00025665
3681 3679 0.00025665
3689 3679 0.00025665
6479 3679 0.00025665
3670 3680 0.00017097
3679 3680 0.00017097
5851 3680 0.00017097
3053 3681 0.0010199
3682 3681 0.0010199
3683 3681 0.0010199
3684 3683 0.00092696
3686 3683 0.00092696
3687 3683 0.00092696
3053 3684 0.00065556
3682 3684 0.00065556
3683 3684 0.00065556
3684 3685 0.00073641
3686 3685 0.00073641
3687 3685 0.00073641
3688 3687 0.0015968
3714 3687 0.0015968
3715 3687 0.0015968
3684 3688 0.00067036
3686 3688 0.00067036
3687 3688 0.00067036
3370 3691 0.030576
3692 3691 0.030576
3693 3691 0.030576
3694 3693 0.030738
3695 3693 0.030738
6563 3693 0.030738
3674 3695 0.030733
3696 3695 0.030733
3697 3695 0.030733
3642 3697 0.030602
3698 3697 0.030602
3716 3697 0.030602
781 3699 0.00043448
3700 3699 0.00043448
3701 3699 0.00043448
553 3701 0.00044166
3702 3701 0.00044166
3703 3701 0.00044166
98 3703 0.00043951
3704 3703 0.00043951
3705 3703 0.00043951
1972 3705 0.00049341
3706 3705 0.00049341
3707 3705 0.00049341
3736 3705 0.00049341
134 3707 0.00057827
3708 3707 0.00057827
3709 3707 0.00057827
3051 3709 0.00066866
3710 3709 0.00066866
3711 3709 0.00066866
134 3710 0.00044214
3708 3710 0.00044214
3709 3710 0.00044214
2146 3711 0.0010969
3712 3711 0.0010969
4663 3711 0.0010969
7113 3711 0.0010969
3051 3712 0.00055968
3710 3712 0.00055968
3711 3712 0.00055968
3688 3713 0.0034702
3714 3713 0.0034702
3715 3713 0.0034702
3713 3714 0.0043772
6921 3714 0.0043772
7114 3714 0.0043772
3642 3715 0.0029274
3698 3715 0.0029274
3716 3715 0.0029274
3688 3716 0.002908
3714 3716 0.002908
3715 3716 0.002908
3907 3906 0.18726
4019 3906 0.18726
6228 3906 0.18726
6358 3906 0.18726
2072 3907 0.030113
2074 3907 0.030113
2075 3907 0.030113
3906 3907 0.030113
3909 3908 0.00044037
6113 3908 0.00044037
6400 3908 0.00044037
6401 3908 0.00044037
3908 3909 0.00035919
6392 3909 0.00035919
6393 3909 0.00035919
3145 3910 0.0063979
3148 3910 0.0063979
3911 3910 0.0063979
6109 3910 0.0063979
3139 3911 0.00052176
3910 3911 0.00052176
6112 3911 0.00052176
4685 3962 0.92838
5086 3962 0.92838
1129 3964 0.00024579
3963 3964 0.00024579
4020 4019 0.28326
6232 4019 0.28326
6351 4019 0.28326
3907 4020 0.0033315
4019 4020 0.0033315
6228 4020 0.0033315
6358 4020 0.0033315
1659 4559 0.00011304
3213 4559 0.00011304
4560 4559 0.00011304
4657 4656 0.0013424
5663 4656 0.0013424
5665 4656 0.0013424
6737 4659 0.0039571
2146 4662 0.96424
3712 4662 0.96424
4663 4662 0.96424
7113 4662 0.96424
3347 4684 0.031572
3354 4684 0.031572
4683 4684 0.031572
4788 4787 0.0029356
6408 4787 0.0029356
6409 4787 0.0029356
3141 4788 0.0068936
3144 4788 0.0068936
4787 4788 0.0068936
996 4789 0.0039515
3119 4789 0.0039515
4790 4789 0.0039515
6237 4789 0.0039515
4789 4790 0.0073497
6240 4790 0.0073497
6365 4790 0.0073497
4659 5064 0.0039583
5065 5064 0.0039583
4685 5085 0.037406
5086 5085 0.037406
5087 5086 0.96573
5271 5086 0.96573
1129 5087 0.001298
3963 5087 0.001298
7272 5088 0.0028515
7274 5088 0.0028515
5091 5090 0.014368
5838 5090 0.014368
1128 5091 0.040471
5092 5091 0.040471
5093 5092 0.0028432
5088 5093 0.0028603
5094 5093 0.0028603
3121 5237 0.34611
3328 5237 0.34611
3329 5237 0.34611
2348 5238 0.0010405
5239 5238 0.0010405
5739 5238 0.0010405
3317 5239 0.0035825
5238 5239 0.0035825
7089 5239 0.0035825
5064 5241 0.0039571
5240 5241 0.0039571
2149 5260 0.29944
7287 5260 0.29944
3638 5267 0.001748
3640 5267 0.001748
5268 5267 0.001748
3138 5268 0.0024173
5832 5268 0.0024173
6422 5268 0.0024173
3122 5269 0.015753
5270 5269 0.015753
6233 5269 0.015753
2753 5270 0.027876
3327 5270 0.027876
5237 5270 0.027876
3964 5271 0.96449
6738 5271 0.96449
5666 5665 0.0013424
5667 5665 0.0013424
3086 5667 0.0013426
5668 5667 0.0013426
5964 5667 0.0013426
2350 5669 0.0005737
5671 5669 0.0005737
5836 5669 0.0005737
2350 5670 0.0061457
5671 5670 0.0061457
5836 5670 0.0061457
5670 5671 0.0024915
6385 5671 0.0024915
7085 5671 0.0024915
2279 5675 0.00018538
5674 5675 0.00018538
7273 5675 0.00018538
3094 5680 0.00088613
5681 5680 0.00088613
5683 5680 0.00088613
1975 5683 0.00088114
3091 5683 0.00088114
5682 5683 0.00088114
5693 5683 0.00088114
1975 5692 0.0032121
3091 5692 0.0032121
5682 5692 0.0032121
5693 5692 0.0032121
5241 5739 0.0038819
5738 5739 0.0038819
7218 5739 0.0038819
5740 5741 0.00011723
7219 5741 0.00011723
4205 5743 0.0001147
5741 5743 0.0001147
5742 5743 0.0001147
4213 5745 0.00012649
5743 5745 0.00012649
5744 5745 0.00012649
3335 5822 0.024686
5823 5822 0.024686
5831 5822 0.024686
6967 5822 0.024686
5822 5823 0.037587
6963 5823 0.037587
7102 5823 0.037587
7104 5823 0.037587
5825 5824 0.0018204
5826 5824 0.0018204
5830 5824 0.0018204
5824 5825 0.040896
6964 5825 0.040896
7100 5825 0.040896
3331 5826 0.00060945
5827 5826 0.00060945
5829 5826 0.00060945
5825 5827 0.0079307
5826 5827 0.0079307
5830 5827 0.0079307
3335 5830 0.0047268
5823 5830 0.0047268
5831 5830 0.0047268
6967 5830 0.0047268
5825 5831 0.036481
5826 5831 0.036481
5830 5831 0.036481
2352 5832 0.0026173
2355 5832 0.0026173
5269 5832 0.0026173
6877 5835 0.014352
5835 5836 0.010969
5091 5837 0.026138
5838 5837 0.026138
5840 5839 0.00010062
5846 5839 0.00010062
6562 5839 0.00010062
5839 5840 0.00010439
5842 5840 0.00010439
5848 5840 0.00010439
5839 5841 0.00010062
5842 5841 0.00010062
5848 5841 0.00010062
5841 5842 0.00010439
5844 5842 0.00010439
5850 5842 0.00010439
5841 5843 0.00010062
5844 5843 0.00010062
5850 5843 0.00010062
3666 5844 0.00010439
3667 5844 0.00010439
5843 5844 0.00010439
3670 5852 0.00017099
3679 5852 0.00017099
5851 5852 0.00017099
5852 5854 0.00017099
5853 5854 0.00017099
1655 5903 0.00022697
5745 5903 0.00022697
5901 5903 0.00022697
5904 5903 0.00022697
2349 5904 0.00011971
5903 5904 0.00011971
5986 5904 0.00011971
7105 5904 0.00011971
3125 5948 0.0058367
3128 5948 0.0058367
5949 5948 0.0058367
3135 5949 0.0010387
5948 5949 0.0010387
5953 5949 0.0010387
3147 5950 0.00075899
5951 5950 0.00075899
6398 5950 0.00075899
6399 5950 0.00075899
5950 5951 0.0005447
6389 5951 0.0005447
6405 5951 0.0005447
3135 5952 0.014741
5948 5952 0.014741
5953 5952 0.014741
5952 5953 0.00050732
6378 5953 0.00050732
6379 5953 0.00050732
3133 5954 0.0016132
5955 5954 0.0016132
6394 5954 0.0016132
5954 5955 0.00085779
6370 5955 0.00085779
6388 5955 0.00085779
7111 5955 0.00085779
3117 5956 0.0014799
5957 5956 0.0014799
6368 5956 0.0014799
6369 5956 0.0014799
5956 5957 0.0026493
6386 5957 0.0026493
6387 5957 0.0026493
2349 5985 0.0068439
5903 5985 0.0068439
5986 5985 0.0068439
7105 5985 0.0068439
3319 5986 0.00034383
5985 5986 0.00034383
7093 5986 0.00034383
7095 5986 0.00034383
3113 6105 0.0009995
3116 6105 0.0009995
6106 6105 0.0009995
3129 6106 0.00016519
3132 6106 0.00016519
6105 6106 0.00016519
6108 6106 0.00016519
3129 6107 0.0050195
3132 6107 0.0050195
6105 6107 0.0050195
6108 6107 0.0050195
6107 6108 0.00013273
6110 6108 0.00013273
6114 6108 0.00013273
6107 6109 0.0046541
6110 6109 0.0046541
6114 6109 0.0046541
3145 6110 0.00025992
3148 6110 0.00025992
3911 6110 0.00025992
6109 6110 0.00025992
3139 6111 0.0028635
3910 6111 0.0028635
6112 6111 0.0028635
6111 6112 0.001904
6396 6112 0.001904
6397 6112 0.001904
6406 6112 0.001904
6107 6113 0.00089941
6110 6113 0.00089941
6114 6113 0.00089941
3909 6114 0.00040679
6113 6114 0.00040679
6400 6114 0.00040679
6401 6114 0.00040679
3214 6155 0.0013023
6156 6155 0.0013023
7264 6155 0.0013023
6158 6157 0.0012974
7266 6157 0.0012974
7268 6157 0.0012974
2444 6159 0.0012555
6160 6159 0.0012555
6161 6159 0.0012555
3204 6161 0.0012632
6162 6161 0.0012632
6163 6161 0.0012632
3950 6163 0.0011645
6164 6163 0.0011645
6165 6163 0.0011645
2136 6165 0.001104
2853 6165 0.001104
3220 6165 0.001104
6166 6165 0.001104
6206 6205 0.0010402
6209 6205 0.0010402
6211 6205 0.0010402
3655 6206 0.00025418
3658 6206 0.00025418
6205 6206 0.00025418
3653 6209 0.0010402
3656 6209 0.0010402
6210 6209 0.0010402
6206 6210 0.00025418
6209 6210 0.00025418
6211 6210 0.00025418
548 6225 0.0059455
6226 6225 0.0059455
6227 6225 0.0059455
6230 6225 0.0059455
3333 6226 0.047452
3336 6226 0.047452
6225 6226 0.047452
3907 6227 0.19434
4019 6227 0.19434
6228 6227 0.19434
6358 6227 0.19434
548 6228 0.022728
6226 6228 0.022728
6227 6228 0.022728
6230 6228 0.022728
548 6229 0.11385
6226 6229 0.11385
6227 6229 0.11385
6230 6229 0.11385
6229 6230 0.050763
6979 6230 0.050763
7063 6230 0.050763
4020 6231 0.010098
6232 6231 0.010098
6351 6231 0.010098
6231 6232 0.19944
6234 6232 0.19944
6354 6232 0.19944
6231 6233 0.002475
6234 6233 0.002475
6354 6233 0.002475
3122 6234 0.20242
5270 6234 0.20242
6233 6234 0.20242
2071 6237 0.002461
6238 6237 0.002461
6239 6237 0.002461
996 6238 0.039262
3119 6238 0.039262
4790 6238 0.039262
6237 6238 0.039262
4789 6239 0.012916
6240 6239 0.012916
6365 6239 0.012916
2071 6240 0.0007695
6238 6240 0.0007695
6239 6240 0.0007695
950 6351 0.099316
6352 6351 0.099316
6353 6351 0.099316
6356 6351 0.099316
4020 6352 0.0087298
6232 6352 0.0087298
6351 6352 0.0087298
2354 6353 0.15702
2357 6353 0.15702
948 6354 0.0077422
951 6354 0.0077422
6355 6354 0.0077422
6231 6355 0.018347
6234 6355 0.018347
6354 6355 0.018347
6357 6356 0.00057905
6361 6356 0.00057905
950 6357 0.077623
6352 6357 0.077623
6353 6357 0.077623
6356 6357 0.077623
995 6358 0.074543
6359 6358 0.074543
6360 6358 0.074543
3907 6359 0.025713
4019 6359 0.025713
6228 6359 0.025713
6358 6359 0.025713
6357 6360 0.068244
6361 6360 0.068244
995 6361 0.012662
6359 6361 0.012662
6360 6361 0.012662
6357 6362 0.021462
6361 6362 0.021462
6364 6363 0.0035494
6410 6363 0.0035494
6411 6363 0.0035494
6363 6364 0.0043685
6943 6364 0.0043685
7165 6364 0.0043685
2364 6365 0.016545
2367 6365 0.016545
6366 6365 0.016545
6367 6365 0.016545
4789 6366 0.00099963
6240 6366 0.00099963
6365 6366 0.00099963
3117 6367 0.019466
5957 6367 0.019466
6368 6367 0.019466
6369 6367 0.019466
2364 6368 0.00023563
2367 6368 0.00023563
6366 6368 0.00023563
6367 6368 0.00023563
5954 6369 0.018319
6370 6369 0.018319
6388 6369 0.018319
7111 6369 0.018319
3117 6370 0.00031919
5957 6370 0.00031919
6368 6370 0.00031919
6369 6370 0.00031919
3140 6371 0.098818
6372 6371 0.098818
6373 6371 0.098818
6407 6371 0.098818
2078 6372 0.0012898
2358 6372 0.0012898
2361 6372 0.0012898
6371 6372 0.0012898
3143 6373 0.078823
3146 6373 0.078823
6374 6373 0.078823
6375 6373 0.078823
3140 6374 0.00088821
6372 6374 0.00088821
6373 6374 0.00088821
6407 6374 0.00088821
6376 6375 0.067136
6377 6375 0.067136
6417 6375 0.067136
5952 6377 0.031657
6378 6377 0.031657
6379 6377 0.031657
6376 6378 0.00019999
6377 6378 0.00019999
6417 6378 0.00019999
3127 6379 0.017704
3130 6379 0.017704
6380 6379 0.017704
6381 6379 0.017704
5952 6380 0.0004811
6378 6380 0.0004811
6379 6380 0.0004811
3111 6381 0.0022709
3114 6381 0.0022709
6382 6381 0.0022709
6383 6381 0.0022709
3127 6382 0.00042579
3130 6382 0.00042579
6380 6382 0.00042579
6381 6382 0.00042579
5956 6385 0.0078167
6386 6385 0.0078167
6387 6385 0.0078167
5670 6386 0.00012715
6385 6386 0.00012715
7085 6386 0.00012715
5954 6387 0.0089315
6370 6387 0.0089315
6388 6387 0.0089315
7111 6387 0.0089315
3118 6389 0.0010392
6390 6389 0.0010392
6391 6389 0.0010392
5950 6390 0.00034271
6389 6390 0.00034271
6405 6390 0.00034271
3908 6391 0.001035
6392 6391 0.001035
6393 6391 0.001035
3118 6392 0.00027707
6390 6392 0.00027707
6391 6392 0.00027707
3133 6393 0.00092591
5955 6393 0.00092591
6394 6393 0.00092591
3908 6394 0.00024915
6392 6394 0.00024915
6393 6394 0.00024915
6111 6395 0.0064893
6396 6395 0.0064893
6397 6395 0.0064893
6406 6395 0.0064893
2362 6396 0.00044119
2365 6396 0.00044119
6395 6396 0.00044119
3147 6397 0.0044722
5951 6397 0.0044722
6398 6397 0.0044722
6399 6397 0.0044722
6111 6398 0.00029446
6396 6398 0.00029446
6397 6398 0.00029446
6406 6398 0.00029446
3909 6399 0.0025922
6113 6399 0.0025922
6400 6399 0.0025922
6401 6399 0.0025922
3147 6400 0.00014623
5951 6400 0.00014623
6398 6400 0.00014623
6399 6400 0.00014623
3131 6401 0.0021773
3134 6401 0.0021773
6402 6401 0.0021773
6403 6401 0.0021773
3909 6402 0.00014282
6113 6402 0.00014282
6400 6402 0.00014282
6401 6402 0.00014282
3115 6403 0.00052667
5959 6403 0.00052667
6404 6403 0.00052667
6111 6405 0.00012196
6396 6405 0.00012196
6397 6405 0.00012196
6406 6405 0.00012196
5950 6406 0.0010327
6389 6406 0.0010327
6405 6406 0.0010327
4788 6407 0.017893
6408 6407 0.017893
6409 6407 0.017893
3140 6408 0.0032167
6372 6408 0.0032167
6373 6408 0.0032167
6407 6408 0.0032167
6364 6409 0.012634
6410 6409 0.012634
6411 6409 0.012634
4788 6410 0.0019157
6408 6410 0.0019157
6409 6410 0.0019157
5834 6411 0.010813
6412 6411 0.010813
6413 6411 0.010813
6364 6412 0.00091319
6410 6412 0.00091319
6411 6412 0.00091319
3142 6413 0.010813
6414 6413 0.010813
6415 6413 0.010813
5834 6414 0.00091319
6412 6414 0.00091319
6413 6414 0.00091319
6416 6415 0.028868
6418 6415 0.028868
6419 6415 0.028868
3142 6416 0.00072268
6414 6416 0.00072268
6415 6416 0.00072268
6416 6417 0.036097
6418 6417 0.036097
6419 6417 0.036097
6376 6418 0.00047933
6377 6418 0.00047933
6417 6418 0.00047933
3304 6419 0.063907
6420 6419 0.063907
6421 6419 0.063907
6416 6420 0.00014436
6418 6420 0.00014436
6419 6420 0.00014436
3138 6421 0.059472
5832 6421 0.059472
6422 6421 0.059472
3304 6422 0.0028069
6420 6422 0.0028069
6421 6422 0.0028069
3680 6478 0.00081422
3681 6478 0.00081422
3689 6478 0.00081422
6479 6478 0.00081422
3694 6562 0.00010062
3695 6562 0.00010062
6563 6562 0.00010062
5840 6563 0.00010439
5846 6563 0.00010439
6562 6563 0.00010439
6150 6617 0.0023993
6616 6617 0.0023993
6619 6617 0.0023993
6152 6619 0.0023765
6618 6619 0.0023765
6621 6619 0.0023765
5718 6621 0.0024402
6620 6621 0.0024402
6623 6621 0.0024402
6622 6623 0.0024402
7229 6623 0.0024402
6880 6737 0.0039571
4662 6738 0.96424
6739 6738 0.96424
2148 6794 0.66758
6795 6794 0.66758
724 6795 0.0013313
2147 6795 0.0013313
6794 6795 0.0013313
2150 6796 0.96569
6797 6796 0.96569
5085 6873 0.037627
5267 6873 0.037627
6873 6874 0.037627
5090 6877 0.014352
433 6880 0.0039571
5669 6880 0.0039571
3713 6920 0.037355
6921 6920 0.037355
7114 6920 0.037355
723 6921 0.056551
6920 6921 0.056551
6939 6938 0.0012908
7067 6938 0.0012908
7163 6938 0.0012908
7164 6938 0.0012908
6938 6939 0.001037
6941 6939 0.001037
6949 6939 0.001037
6938 6940 0.00027572
6941 6940 0.00027572
6949 6940 0.00027572
6940 6941 0.0013837
6942 6941 0.0013837
6945 6941 0.0013837
6947 6941 0.0013837
6363 6942 0.0013837
6943 6942 0.0013837
7165 6942 0.0013837
6940 6943 0.00027572
6942 6943 0.00027572
6945 6943 0.00027572
6947 6943 0.00027572
6938 6948 0.0016733
6941 6948 0.0016733
6949 6948 0.0016733
6948 6949 0.00031147
6950 6949 0.00031147
6953 6949 0.00031147
6948 6952 0.0016733
6950 6952 0.0016733
6953 6952 0.0016733
6952 6953 0.00031147
7161 6953 0.00031147
7162 6953 0.00031147
5824 6963 0.037103
6964 6963 0.037103
7100 6963 0.037103
5822 6964 0.015204
6963 6964 0.015204
7102 6964 0.015204
7104 6964 0.015204
6965 6967 0.0046446
6968 6967 0.0046446
7101 6967 0.0046446
3335 6968 0.015114
5823 6968 0.015114
5831 6968 0.015114
6967 6968 0.015114
6969 6971 0.081279
6972 6971 0.081279
6975 6971 0.081279
7066 6971 0.081279
6971 6972 0.040773
6974 6972 0.040773
7064 6972 0.040773
6971 6973 0.16537
6974 6973 0.16537
7064 6973 0.16537
6973 6974 0.020916
6976 6974 0.020916
6978 6974 0.020916
6973 6975 0.091135
6976 6975 0.091135
6978 6975 0.091135
6969 6976 0.079143
6972 6976 0.079143
6975 6976 0.079143
7066 6976 0.079143
6973 6977 0.193
6976 6977 0.193
6978 6977 0.193
3320 6978 0.060536
6977 6978 0.060536
7096 6978 0.060536
6980 6979 0.090299
7065 6979 0.090299
7098 6979 0.090299
6229 6980 0.049431
6979 6980 0.049431
7063 6980 0.049431
6982 6981 0.0090409
6984 6981 0.0090409
6986 6981 0.0090409
6981 6982 0.0020941
6990 6982 0.0020941
6982 6983 0.0073611
6984 6983 0.0073611
6986 6983 0.0073611
3318 6984 0.016241
6983 6984 0.016241
7092 6984 0.016241
6982 6985 0.0099571
6984 6985 0.0099571
6986 6985 0.0099571
6985 6986 0.0080237
6988 6986 0.0080237
6989 6986 0.0080237
6985 6987 0.01454
6988 6987 0.01454
6989 6987 0.01454
6987 6988 0.0056596
6992 6988 0.0056596
6994 6988 0.0056596
6981 6989 0.0090409
6990 6989 0.0090409
6985 6990 0.0020941
6988 6990 0.0020941
6989 6990 0.0020941
6987 6991 0.01291
6992 6991 0.01291
6994 6991 0.01291
6991 6992 0.0019924
6995 6992 0.0019924
7000 6992 0.0019924
6987 6993 0.007998
6992 6993 0.007998
6994 6993 0.007998
6993 6994 0.010035
6996 6994 0.010035
6998 6994 0.010035
7001 6994 0.010035
6993 6995 0.0047508
6996 6995 0.0047508
6998 6995 0.0047508
7001 6995 0.0047508
6991 6996 0.011229
6995 6996 0.011229
7000 6996 0.011229
6993 6997 0.016015
6996 6997 0.016015
6998 6997 0.016015
7001 6997 0.016015
6997 6998 0.0071352
7090 6998 0.0071352
7091 6998 0.0071352
6991 6999 0.0052758
6995 6999 0.0052758
7000 6999 0.0052758
6999 7000 0.00083665
7002 7000 0.00083665
7004 7000 0.00083665
6999 7001 0.0052758
7002 7001 0.0052758
7004 7001 0.0052758
6993 7002 0.00083665
6996 7002 0.00083665
6998 7002 0.00083665
7001 7002 0.00083665
2366 7005 0.019633
7006 7005 0.019633
7086 7005 0.019633
3316 7006 0.00018088
7005 7006 0.00018088
7008 7006 0.00018088
7088 7006 0.00018088
6971 7063 0.020753
6974 7063 0.020753
7064 7063 0.020753
6229 7064 0.1247
6979 7064 0.1247
7063 7064 0.1247
6969 7065 0.049231
6972 7065 0.049231
6975 7065 0.049231
7066 7065 0.049231
6980 7066 0.077745
7065 7066 0.077745
7098 7066 0.077745
2366 7085 0.0010641
7006 7085 0.0010641
7086 7085 0.0010641
5670 7086 0.012408
6385 7086 0.012408
7085 7086 0.012408
2351 7088 0.0080942
4656 7088 0.0080942
7014 7088 0.0080942
7087 7088 0.0080942
6997 7089 0.0019953
7090 7089 0.0019953
7091 7089 0.0019953
3317 7090 0.026989
5238 7090 0.026989
7089 7090 0.026989
3318 7091 0.0047039
6983 7091 0.0047039
7092 7091 0.0047039
6997 7092 0.038578
7090 7092 0.038578
7091 7092 0.038578
547 7093 0.6298
2073 7093 0.6298
7094 7093 0.6298
3319 7094 0.0011081
5985 7094 0.0011081
7093 7094 0.0011081
7095 7094 0.0011081
3320 7095 0.408
6977 7095 0.408
7096 7095 0.408
3319 7096 0.068183
5985 7096 0.068183
7093 7096 0.068183
7095 7096 0.068183
6980 7097 0.033203
7065 7097 0.033203
7098 7097 0.033203
3321 7098 0.10258
3322 7098 0.10258
7097 7098 0.10258
5824 7099 0.0044514
6964 7099 0.0044514
7100 7099 0.0044514
3325 7100 0.065426
3326 7100 0.065426
7099 7100 0.065426
5822 7101 0.0046446
6963 7101 0.0046446
7102 7101 0.0046446
7104 7101 0.0046446
6965 7102 0.015114
6968 7102 0.015114
7101 7102 0.015114
5822 7103 0.046689
6963 7103 0.046689
7102 7103 0.046689
7104 7103 0.046689
3323 7104 0.027221
3324 7104 0.027221
7103 7104 0.027221
5837 7111 0.026138
6927 7111 0.026138
7069 7111 0.026138
7112 7111 0.026138
3713 7113 0.057848
6921 7113 0.057848
7114 7113 0.057848
2146 7114 0.039559
3712 7114 0.039559
4663 7114 0.039559
7113 7114 0.039559
3090 7151 0.001315
5675 7151 0.001315
5676 7151 0.001315
7150 7151 0.001315
7156 7157 0.0024402
7159 7157 0.0024402
1660 7159 0.0024402
6196 7159 0.0024402
7158 7159 0.0024402
6952 7160 0.0043399
7161 7160 0.0043399
7162 7160 0.0043399
2356 7161 0.005159
2359 7161 0.005159
6362 7161 0.005159
7160 7161 0.005159
6939 7162 0.0034242
7067 7162 0.0034242
7163 7162 0.0034242
7164 7162 0.0034242
6952 7163 0.0056051
7161 7163 0.0056051
7162 7163 0.0056051
6363 7164 0.0032198
6943 7164 0.0032198
7165 7164 0.0032198
6939 7165 0.0051468
7067 7165 0.0051468
7163 7165 0.0051468
7164 7165 0.0051468
6796 7182 0.96569
7183 7182 0.96569
7182 7184 0.96569
7185 7184 0.96569
5241 7219 0.00011723
5738 7219 0.00011723
7218 7219 0.00011723
7228 7229 0.0024402
7231 7229 0.0024402
7157 7231 0.0024402
7230 7231 0.0024402
6157 7264 0.0012974
7265 7264 0.0012974
6159 7268 0.0012555
7269 7268 0.0012555
7272 7273 0.0001943
7274 7273 0.0001943
1127 7274 0.0029953
3095 7274 0.0029953
3098 7274 0.0029953
7184 7287 0.96569
7288 7287 0.96569
