548 547 0.027592
6226 547 0.027592
6227 547 0.027592
6230 547 0.027592
547 548 0.076413
2073 548 0.076413
7094 548 0.076413
948 950 0.00036181
951 950 0.00036181
6355 950 0.00036181
995 994 0.0040493
6359 994 0.0040493
6360 994 0.0040493
994 995 0.0069047
997 995 0.0069047
2076 995 0.0069047
2077 995 0.0069047
994 996 0.0025594
997 996 0.0025594
2076 996 0.0025594
2077 996 0.0025594
996 997 0.0083515
3119 997 0.0083515
4790 997 0.0083515
6237 997 0.0083515
2072 2071 0.00052167
2074 2071 0.00052167
2075 2071 0.00052167
3906 2071 0.00052167
2071 2072 0.01476
6238 2072 0.01476
6239 2072 0.01476
2072 2073 0.026205
2074 2073 0.026205
2075 2073 0.026205
3906 2073 0.026205
547 2074 0.0093402
2073 2074 0.0093402
7094 2074 0.0093402
994 2075 0.011844
997 2075 0.011844
2076 2075 0.011844
2077 2075 0.011844
2072 2076 0.0038332
2074 2076 0.0038332
2075 2076 0.0038332
3906 2076 0.0038332
2078 2077 0.0065956
2358 2077 0.0065956
2361 2077 0.0065956
6371 2077 0.0065956
994 2078 0.001521
997 2078 0.001521
2076 2078 0.001521
2077 2078 0.001521
2348 2349 0.028631
5239 2349 0.028631
5739 2349 0.028631
2351 2350 0.0041017
4656 2350 0.0041017
7014 2350 0.0041017
7087 2350 0.0041017
2350 2351 0.012789
5671 2351 0.012789
5836 2351 0.012789
2356 2357 0.00057363
2359 2357 0.00057363
6362 2357 0.00057363
7160 2357 0.00057363
2356 2358 0.0015147
2359 2358 0.0015147
6362 2358 0.0015147
7160 2358 0.0015147
2078 2359 0.00063979
2358 2359 0.00063979
2361 2359 0.00063979
6371 2359 0.00063979
2078 2360 0.0016745
2358 2360 0.0016745
2361 2360 0.0016745
6371 2360 0.0016745
2360 2361 0.0054477
2363 2361 0.0054477
3120 2361 0.0054477
2360 2362 0.00048047
2363 2362 0.00048047
3120 2362 0.00048047
2362 2363 0.010333
2365 2363 0.010333
6395 2363 0.010333
2362 2364 0.00050781
2365 2364 0.00050781
6395 2364 0.00050781
2364 2365 0.010625
2367 2365 0.010625
6366 2365 0.010625
6367 2365 0.010625
2364 2366 0.00030391
2367 2366 0.00030391
6366 2366 0.00030391
6367 2366 0.00030391
2366 2367 0.024482
7006 2367 0.024482
7086 2367 0.024482
2360 3119 0.0067755
2363 3119 0.0067755
3120 3119 0.0067755
996 3120 0.00069625
3119 3120 0.00069625
4790 3120 0.00069625
6237 3120 0.00069625
3122 3121 0.00025485
5270 3121 0.00025485
6233 3121 0.00025485
3140 3139 0.00014863
6372 3139 0.00014863
6373 3139 0.00014863
6407 3139 0.00014863
3139 3140 0.0004284
3910 3140 0.0004284
6112 3140 0.0004284
3143 3145 0.0001037
3146 3145 0.0001037
6374 3145 0.0001037
6375 3145 0.0001037
3316 3317 0.97474
7005 3317 0.97474
7008 3317 0.97474
7088 3317 0.97474
3319 3318 0.0033325
5985 3318 0.0033325
7093 3318 0.0033325
7095 3318 0.0033325
3318 3319 0.95058
6983 3319 0.95058
7092 3319 0.95058
3321 3320 0.0022504
3322 3320 0.0022504
7097 3320 0.0022504
3320 3321 0.83706
6977 3321 0.83706
7096 3321 0.83706
3323 3322 0.0016668
3324 3322 0.0016668
7103 3322 0.0016668
3321 3323 0.89651
3322 3323 0.89651
7097 3323 0.89651
3325 3324 0.0051733
3326 3324 0.0051733
7099 3324 0.0051733
3323 3325 0.42352
3324 3325 0.42352
7103 3325 0.42352
2753 3326 0.00034511
3327 3326 0.00034511
5237 3326 0.00034511
3325 3327 0.00066609
3326 3327 0.00066609
7099 3327 0.00066609
2353 3328 0.00010539
3337 3328 0.00010539
3332 3331 0.0074695
3334 3331 0.0074695
3331 3332 0.028859
5827 3332 0.028859
5829 3332 0.028859
3332 3333 0.028859
3334 3333 0.028859
3333 3334 0.0074695
3336 3334 0.0074695
6225 3334 0.0074695
3333 3335 0.13826
3336 3335 0.13826
6225 3335 0.13826
3335 3336 0.011401
5823 3336 0.011401
5831 3336 0.011401
6967 3336 0.011401
3907 3906 0.011365
4019 3906 0.011365
6228 3906 0.011365
6358 3906 0.011365
2072 3907 0.01675
2074 3907 0.01675
2075 3907 0.01675
3906 3907 0.01675
4020 4019 0.0010441
6232 4019 0.0010441
6351 4019 0.0010441
3907 4020 0.0013172
4019 4020 0.0013172
6228 4020 0.0013172
6358 4020 0.0013172
6737 4659 0.0012012
996 4789 0.0007309
3119 4789 0.0007309
4790 4789 0.0007309
6237 4789 0.0007309
4789 4790 0.0062281
6240 4790 0.0062281
6365 4790 0.0062281
4659 5064 0.0012018
5065 5064 0.0012018
3121 5237 0.00035028
3328 5237 0.00035028
3329 5237 0.00035028
2348 5238 0.00053645
5239 5238 0.00053645
5739 5238 0.00053645
3317 5239 0.028016
5238 5239 0.028016
7089 5239 0.028016
5064 5241 0.0012015
5240 5241 0.0012015
3122 5269 0.00010366
5270 5269 0.00010366
6233 5269 0.00010366
2753 5270 0.00067191
3327 5270 0.00067191
5237 5270 0.00067191
2350 5669 0.0011998
5671 5669 0.0011998
5836 5669 0.0011998
2350 5670 0.0035063
5671 5670 0.0035063
5836 5670 0.0035063
5670 5671 0.013383
6385 5671 0.013383
7085 5671 0.013383
2348 5738 0.00012416
5239 5738 0.00012416
5739 5738 0.00012416
5241 5739 0.0011836
5738 5739 0.0011836
7218 5739 0.0011836
5740 5741 0.00014306
7219 5741 0.00014306
4205 5743 0.0001371
5741 5743 0.0001371
5742 5743 0.0001371
4213 5745 0.00014207
5743 5745 0.00014207
5744 5745 0.00014207
3335 5822 0.12404
5823 5822 0.12404
5831 5822 0.12404
6967 5822 0.12404
5822 5823 0.64726
6963 5823 0.64726
7102 5823 0.64726
7104 5823 0.64726
5825 5824 0.0060607
5826 5824 0.0060607
5830 5824 0.0060607
5824 5825 0.47788
6964 5825 0.47788
7100 5825 0.47788
3331 5826 0.0074695
5827 5826 0.0074695
5829 5826 0.0074695
5825 5827 0.028859
5826 5827 0.028859
5830 5827 0.028859
3335 5830 0.019724
5823 5830 0.019724
5831 5830 0.019724
6967 5830 0.019724
5825 5831 0.47016
5826 5831 0.47016
5830 5831 0.47016
1655 5903 0.00017062
5745 5903 0.00017062
5901 5903 0.00017062
5904 5903 0.00017062
3117 5956 0.00047369
5957 5956 0.00047369
6368 5956 0.00047369
6369 5956 0.00047369
5956 5957 0.00037138
6386 5957 0.00037138
6387 5957 0.00037138
2349 5985 0.028796
5903 5985 0.028796
5986 5985 0.028796
7105 5985 0.028796
3319 5986 0.00011589
5985 5986 0.00011589
7093 5986 0.00011589
7095 5986 0.00011589
3139 6111 0.00014264
3910 6111 0.00014264
6112 6111 0.00014264
6111 6112 0.00039132
6396 6112 0.00039132
6397 6112 0.00039132
6406 6112 0.00039132
548 6225 0.11658
6226 6225 0.11658
6227 6225 0.11658
6230 6225 0.11658
3333 6226 0.011103
3336 6226 0.011103
6225 6226 0.011103
3907 6227 0.021746
4019 6227 0.021746
6228 6227 0.021746
6358 6227 0.021746
548 6228 0.014222
6226 6228 0.014222
6227 6228 0.014222
6230 6228 0.014222
548 6229 0.029511
6226 6229 0.029511
6227 6229 0.029511
6230 6229 0.029511
6229 6230 0.078639
6979 6230 0.078639
7063 6230 0.078639
4020 6231 0.00051527
6232 6231 0.00051527
6351 6231 0.00051527
6231 6232 0.00055329
6234 6232 0.00055329
6354 6232 0.00055329
6231 6233 0.00019434
6234 6233 0.00019434
6354 6233 0.00019434
3122 6234 0.00051769
5270 6234 0.00051769
6233 6234 0.00051769
2071 6237 0.0012932
6238 6237 0.0012932
6239 6237 0.0012932
996 6238 0.0070776
3119 6238 0.0070776
4790 6238 0.0070776
6237 6238 0.0070776
4789 6239 0.0086268
6240 6239 0.0086268
6365 6239 0.0086268
2071 6240 0.00017281
6238 6240 0.00017281
6239 6240 0.00017281
950 6351 0.0005779
6352 6351 0.0005779
6353 6351 0.0005779
6356 6351 0.0005779
4020 6352 0.00088901
6232 6352 0.00088901
6351 6352 0.00088901
2354 6353 0.00054157
2357 6353 0.00054157
6231 6355 0.00036181
6234 6355 0.00036181
6354 6355 0.00036181
6357 6356 0.0001674
6361 6356 0.0001674
950 6357 0.0013054
6352 6357 0.0013054
6353 6357 0.0013054
6356 6357 0.0013054
995 6358 0.0072272
6359 6358 0.0072272
6360 6358 0.0072272
3907 6359 0.004815
4019 6359 0.004815
6228 6359 0.004815
6358 6359 0.004815
6357 6360 0.0012383
6361 6360 0.0012383
995 6361 0.0016816
6359 6361 0.0016816
6360 6361 0.0016816
6357 6362 0.0015812
6361 6362 0.0015812
6363 6364 0.00018103
6943 6364 0.00018103
7165 6364 0.00018103
2364 6365 0.014047
2367 6365 0.014047
6366 6365 0.014047
6367 6365 0.014047
3117 6367 0.00052677
5957 6367 0.00052677
6368 6367 0.00052677
6369 6367 0.00052677
2364 6368 0.00063698
2367 6368 0.00063698
6366 6368 0.00063698
6367 6368 0.00063698
5954 6369 0.00015808
6370 6369 0.00015808
6388 6369 0.00015808
7111 6369 0.00015808
3117 6370 0.0001528
5957 6370 0.0001528
6368 6370 0.0001528
6369 6370 0.0001528
3140 6371 0.00069654
6372 6371 0.00069654
6373 6371 0.00069654
6407 6371 0.00069654
2078 6372 0.00027008
2358 6372 0.00027008
2361 6372 0.00027008
6371 6372 0.00027008
3143 6373 0.00015679
3146 6373 0.00015679
6374 6373 0.00015679
6375 6373 0.00015679
3140 6374 0.00010468
6372 6374 0.00010468
6373 6374 0.00010468
6407 6374 0.00010468
5956 6385 0.0005455
6386 6385 0.0005455
6387 6385 0.0005455
5670 6386 0.00044567
6385 6386 0.00044567
7085 6386 0.00044567
5954 6387 0.00014638
6370 6387 0.00014638
6388 6387 0.00014638
7111 6387 0.00014638
5956 6388 0.00014886
6386 6388 0.00014886
6387 6388 0.00014886
6111 6395 0.00026555
6396 6395 0.00026555
6397 6395 0.00026555
6406 6395 0.00026555
2362 6396 0.00053003
2365 6396 0.00053003
6395 6396 0.00053003
3147 6397 0.00010939
5951 6397 0.00010939
6398 6397 0.00010939
6399 6397 0.00010939
6111 6398 0.0001679
6396 6398 0.0001679
6397 6398 0.0001679
6406 6398 0.0001679
5950 6406 0.00010661
6389 6406 0.00010661
6405 6406 0.00010661
4788 6407 0.00018138
6408 6407 0.00018138
6409 6407 0.00018138
6364 6409 0.00017793
6410 6409 0.00017793
6411 6409 0.00017793
6880 6737 0.0012012
433 6880 0.0012012
5669 6880 0.0012012
5824 6963 0.1439
6964 6963 0.1439
7100 6963 0.1439
5822 6964 0.1977
6963 6964 0.1977
7102 6964 0.1977
7104 6964 0.1977
6965 6967 0.068476
6968 6967 0.068476
7101 6967 0.068476
3335 6968 0.16899
5823 6968 0.16899
5831 6968 0.16899
6967 6968 0.16899
6969 6971 0.14089
6972 6971 0.14089
6975 6971 0.14089
7066 6971 0.14089
6971 6972 0.064564
6974 6972 0.064564
7064 6972 0.064564
6971 6973 0.17813
6974 6973 0.17813
7064 6973 0.17813
6973 6974 0.084126
6976 6974 0.084126
6978 6974 0.084126
6973 6975 0.25928
6976 6975 0.25928
6978 6975 0.25928
6969 6976 0.056113
6972 6976 0.056113
6975 6976 0.056113
7066 6976 0.056113
6973 6977 0.15086
6976 6977 0.15086
6978 6977 0.15086
3320 6978 0.26002
6977 6978 0.26002
7096 6978 0.26002
6980 6979 0.12738
7065 6979 0.12738
7098 6979 0.12738
6229 6980 0.060573
6979 6980 0.060573
7063 6980 0.060573
6982 6981 0.096398
6984 6981 0.096398
6986 6981 0.096398
6981 6982 0.029946
6990 6982 0.029946
6982 6983 0.10401
6984 6983 0.10401
6986 6983 0.10401
3318 6984 0.1514
6983 6984 0.1514
7092 6984 0.1514
6982 6985 0.09367
6984 6985 0.09367
6986 6985 0.09367
6985 6986 0.11273
6988 6986 0.11273
6989 6986 0.11273
6985 6987 0.14331
6988 6987 0.14331
6989 6987 0.14331
6987 6988 0.095924
6992 6988 0.095924
6994 6988 0.095924
6981 6989 0.096398
6990 6989 0.096398
6985 6990 0.029946
6988 6990 0.029946
6989 6990 0.029946
6987 6991 0.16453
6992 6991 0.16453
6994 6991 0.16453
6991 6992 0.036901
6995 6992 0.036901
7000 6992 0.036901
6987 6993 0.084462
6992 6993 0.084462
6994 6993 0.084462
6993 6994 0.1647
6996 6994 0.1647
6998 6994 0.1647
7001 6994 0.1647
6993 6995 0.088689
6996 6995 0.088689
6998 6995 0.088689
7001 6995 0.088689
6991 6996 0.14578
6995 6996 0.14578
7000 6996 0.14578
6993 6997 0.19551
6996 6997 0.19551
6998 6997 0.19551
7001 6997 0.19551
6997 6998 0.14812
7090 6998 0.14812
7091 6998 0.14812
6991 6999 0.084853
6995 6999 0.084853
7000 6999 0.084853
6999 7000 0.014316
7002 7000 0.014316
7004 7000 0.014316
6999 7001 0.084853
7002 7001 0.084853
7004 7001 0.084853
6993 7002 0.014316
6996 7002 0.014316
6998 7002 0.014316
7001 7002 0.014316
2366 7005 0.0021486
7006 7005 0.0021486
7086 7005 0.0021486
3316 7006 0.036104
7005 7006 0.036104
7008 7006 0.036104
7088 7006 0.036104
7007 7008 1
7009 7008 1
7011 7008 1
7007 7009 1
7011 7009 1
6971 7063 0.07492
6974 7063 0.07492
7064 7063 0.07492
6229 7064 0.092599
6979 7064 0.092599
7063 7064 0.092599
6969 7065 0.18335
6972 7065 0.18335
6975 7065 0.18335
7066 7065 0.18335
6980 7066 0.056512
7065 7066 0.056512
7098 7066 0.056512
2366 7085 0.01366
7006 7085 0.01366
7086 7085 0.01366
5670 7086 0.0038836
6385 7086 0.0038836
7085 7086 0.0038836
3316 7087 0.004102
7005 7087 0.004102
7008 7087 0.004102
7088 7087 0.004102
2351 7088 0.012789
4656 7088 0.012789
7014 7088 0.012789
7087 7088 0.012789
6997 7089 0.0016861
7090 7089 0.0016861
7091 7089 0.0016861
3317 7090 0.94894
5238 7090 0.94894
7089 7090 0.94894
3318 7091 0.0017376
6983 7091 0.0017376
7092 7091 0.0017376
6997 7092 0.99638
7090 7092 0.99638
7091 7092 0.99638
547 7093 0.042229
2073 7093 0.042229
7094 7093 0.042229
3319 7094 0.074186
5985 7094 0.074186
7093 7094 0.074186
7095 7094 0.074186
3320 7095 0.0037122
6977 7095 0.0037122
7096 7095 0.0037122
3319 7096 0.94769
5985 7096 0.94769
7093 7096 0.94769
7095 7096 0.94769
6980 7097 0.17039
7065 7097 0.17039
7098 7097 0.17039
3321 7098 0.11035
3322 7098 0.11035
7097 7098 0.11035
5824 7099 0.0051237
6964 7099 0.0051237
7100 7099 0.0051237
3325 7100 0.42315
3326 7100 0.42315
7099 7100 0.42315
5822 7101 0.068476
6963 7101 0.068476
7102 7101 0.068476
7104 7101 0.068476
6965 7102 0.16899
6968 7102 0.16899
7101 7102 0.16899
5822 7103 0.10744
6963 7103 0.10744
7102 7103 0.10744
7104 7103 0.10744
3323 7104 0.58394
3324 7104 0.58394
7103 7104 0.58394
2356 7161 0.00023589
2359 7161 0.00023589
6362 7161 0.00023589
7160 7161 0.00023589
6952 7163 0.00024953
7161 7163 0.00024953
7162 7163 0.00024953
6939 7165 0.00021819
7067 7165 0.00021819
7163 7165 0.00021819
7164 7165 0.00021819
5241 7219 0.00014306
5738 7219 0.00014306
7218 7219 0.00014306
