5085 1129 0.00040344
5267 1129 0.00040344
1528 1530 0.0084743
1531 1530 0.0084743
3303 1530 0.0084743
1530 1531 0.00040245
1533 1531 0.00040245
2850 1531 0.00040245
1530 1532 0.0088456
1533 1532 0.0088456
2850 1532 0.0088456
1532 1533 0.024356
2851 1533 0.024356
3339 1533 0.024356
2353 2352 0.00015145
3337 2352 0.00015145
1530 2849 0.032606
1533 2849 0.032606
2850 2849 0.032606
600 2850 0.0090238
2849 2850 0.0090238
3344 2850 0.0090238
3345 2850 0.0090238
3107 3109 0.00032913
3110 3109 0.00032913
3309 3109 0.00032913
3310 3109 0.00032913
3124 3123 0.00034597
3307 3123 0.00034597
3308 3123 0.00034597
3637 3123 0.00034597
3123 3124 0.00041064
3126 3124 0.00041064
3312 3124 0.00041064
3123 3125 0.0002805
3126 3125 0.0002805
3312 3125 0.0002805
3125 3126 0.00011686
3128 3126 0.00011686
5949 3126 0.00011686
3135 3136 0.00024223
5948 3136 0.00024223
5953 3136 0.00024223
3138 3137 0.00018106
5832 3137 0.00018106
6422 3137 0.00018106
3137 3138 0.0020298
3302 3138 0.0020298
3338 3138 0.0020298
1528 3302 0.00040245
1531 3302 0.00040245
3303 3302 0.00040245
3137 3303 0.0084743
3302 3303 0.0084743
3338 3303 0.0084743
3136 3304 0.00070776
3305 3304 0.00070776
3306 3304 0.00070776
3304 3305 0.00012806
6420 3305 0.00012806
6421 3305 0.00012806
3124 3306 0.00071718
3307 3306 0.00071718
3308 3306 0.00071718
3637 3306 0.00071718
3136 3307 0.00033995
3305 3307 0.00033995
3306 3307 0.00033995
3124 3309 0.00032913
3307 3309 0.00032913
3308 3309 0.00032913
3637 3309 0.00032913
3109 3312 0.00030094
3112 3312 0.00030094
3313 3312 0.00030094
3314 3312 0.00030094
3137 3337 0.00016878
3302 3337 0.00016878
3338 3337 0.00016878
3343 3338 0.010089
3639 3338 0.010089
3962 3338 0.010089
3340 3339 0.024356
3342 3339 0.024356
3960 3339 0.024356
1532 3340 0.0088456
2851 3340 0.0088456
3339 3340 0.0088456
3340 3341 0.0088456
3342 3341 0.0088456
3960 3341 0.0088456
3341 3342 0.024356
3346 3342 0.024356
4684 3342 0.024356
600 3343 1.0068
2849 3343 1.0068
3344 3343 1.0068
3345 3343 1.0068
3341 3345 0.98326
3346 3345 0.98326
4684 3345 0.98326
73 3347 0.99876
3348 3347 0.99876
3349 3347 0.99876
3350 3349 0.99876
3351 3349 0.99876
3363 3349 0.99876
3352 3351 0.65622
3366 3351 0.65622
3691 3351 0.65622
3350 3352 0.0080764
3351 3352 0.0080764
3363 3352 0.0080764
3364 3363 0.3512
3365 3363 0.3512
3367 3363 0.3512
3350 3364 0.00059125
3351 3364 0.00059125
3363 3364 0.00059125
3352 3365 0.0093256
3366 3365 0.0093256
3691 3365 0.0093256
3364 3366 0.3358
3365 3366 0.3358
3367 3366 0.3358
3368 3367 0.67734
3369 3367 0.67734
3665 3367 0.67734
3364 3368 0.00025546
3365 3368 0.00025546
3367 3368 0.00025546
3370 3369 0.010179
3692 3369 0.010179
3693 3369 0.010179
3368 3370 0.3357
3369 3370 0.3357
3665 3370 0.3357
3638 3637 0.0013621
3640 3637 0.0013621
5268 3637 0.0013621
3124 3638 0.00076396
3307 3638 0.00076396
3308 3638 0.00076396
3637 3638 0.00076396
3638 3639 0.0033329
3640 3639 0.0033329
5268 3639 0.0033329
3343 3640 0.0017165
3639 3640 0.0017165
3962 3640 0.0017165
3666 3665 1.0027
3667 3665 1.0027
5843 3665 1.0027
3668 3667 0.00041135
3669 3667 0.00041135
6478 3667 0.00041135
3670 3669 0.0002907
3679 3669 0.0002907
5851 3669 0.0002907
3672 3671 0.00033675
3673 3671 0.00033675
3675 3671 0.00033675
3674 3673 0.00049965
3696 3673 0.00049965
3697 3673 0.00049965
3672 3676 0.0001684
3673 3676 0.0001684
3675 3676 0.0001684
3670 3680 0.00013734
3679 3680 0.00013734
5851 3680 0.00013734
3680 3682 0.00015156
3681 3682 0.00015156
3689 3682 0.00015156
6479 3682 0.00015156
3053 3684 0.00015709
3682 3684 0.00015709
3683 3684 0.00015709
3684 3688 0.00016474
3686 3688 0.00016474
3687 3688 0.00016474
3676 3689 0.0001684
3677 3689 0.0001684
3690 3689 0.0001684
3370 3691 0.33275
3692 3691 0.33275
3693 3691 0.33275
3352 3692 0.011074
3366 3692 0.011074
3691 3692 0.011074
3694 3693 0.00013304
3695 3693 0.00013304
6563 3693 0.00013304
3370 3694 0.003977
3692 3694 0.003977
3693 3694 0.003977
3694 3696 0.0016187
3695 3696 0.0016187
6563 3696 0.0016187
3674 3698 0.0011216
3696 3698 0.0011216
3697 3698 0.0011216
3688 3713 0.0012414
3714 3713 0.0012414
3715 3713 0.0012414
3642 3715 0.0011216
3698 3715 0.0011216
3716 3715 0.0011216
4685 3962 0.0016423
5086 3962 0.0016423
2146 4662 0.0012411
3712 4662 0.0012411
4663 4662 0.0012411
7113 4662 0.0012411
3347 4684 0.99876
3354 4684 0.99876
4683 4684 0.99876
5087 5086 0.0016445
5271 5086 0.0016445
1129 5087 0.00033931
3963 5087 0.00033931
3638 5267 0.00040132
3640 5267 0.00040132
5268 5267 0.00040132
3138 5268 0.0026158
5832 5268 0.0026158
6422 5268 0.0026158
3964 5271 0.0013053
6738 5271 0.0013053
2352 5832 0.00017043
2355 5832 0.00017043
5269 5832 0.00017043
5840 5839 0.0023598
5846 5839 0.0023598
6562 5839 0.0023598
5839 5841 0.0023598
5842 5841 0.0023598
5848 5841 0.0023598
5841 5843 0.0023598
5844 5843 0.0023598
5850 5843 0.0023598
5852 5851 0.00033675
5853 5851 0.00033675
3671 5853 0.00033675
5854 5853 0.00033675
3125 5948 0.00021622
3128 5948 0.00021622
5949 5948 0.00021622
3138 6421 0.00012699
5832 6421 0.00012699
6422 6421 0.00012699
3304 6422 0.00072364
6420 6422 0.00072364
6421 6422 0.00072364
3680 6478 0.00019437
3681 6478 0.00019437
3689 6478 0.00019437
6479 6478 0.00019437
3694 6562 0.0023598
3695 6562 0.0023598
6563 6562 0.0023598
4662 6738 0.0012411
6739 6738 0.0012411
3713 7113 0.0011572
6921 7113 0.0011572
7114 7113 0.0011572
