723 724 0.0017765
6920 724 0.0017765
5085 1129 0.00043086
5267 1129 0.00043086
1528 1530 0.008472
1531 1530 0.008472
3303 1530 0.008472
1530 1531 0.0003935
1533 1531 0.0003935
2850 1531 0.0003935
1530 1532 0.0086555
1533 1532 0.0086555
2850 1532 0.0086555
1532 1533 0.02379
2851 1533 0.02379
3339 1533 0.02379
724 2146 0.0017684
2147 2146 0.0017684
6794 2146 0.0017684
2353 2352 0.00015117
3337 2352 0.00015117
1530 2849 0.032041
1533 2849 0.032041
2850 2849 0.032041
600 2850 0.008828
2849 2850 0.008828
3344 2850 0.008828
3345 2850 0.008828
3054 3053 0.0019985
3685 3053 0.0019985
3053 3054 0.0031728
3682 3054 0.0031728
3683 3054 0.0031728
3107 3109 0.0003244
3110 3109 0.0003244
3309 3109 0.0003244
3310 3109 0.0003244
3124 3123 0.00034097
3307 3123 0.00034097
3308 3123 0.00034097
3637 3123 0.00034097
3123 3124 0.00040484
3126 3124 0.00040484
3312 3124 0.00040484
3123 3125 0.00027644
3126 3125 0.00027644
3312 3125 0.00027644
3125 3126 0.00011527
3128 3126 0.00011527
5949 3126 0.00011527
3135 3136 0.00023874
5948 3136 0.00023874
5953 3136 0.00023874
3138 3137 0.00017864
5832 3137 0.00017864
6422 3137 0.00017864
3137 3138 0.0020211
3302 3138 0.0020211
3338 3138 0.0020211
1528 3302 0.0003935
1531 3302 0.0003935
3303 3302 0.0003935
3137 3303 0.008472
3302 3303 0.008472
3338 3303 0.008472
3136 3304 0.00069749
3305 3304 0.00069749
3306 3304 0.00069749
3304 3305 0.00012747
6420 3305 0.00012747
6421 3305 0.00012747
3124 3306 0.00070676
3307 3306 0.00070676
3308 3306 0.00070676
3637 3306 0.00070676
3136 3307 0.00033626
3305 3307 0.00033626
3306 3307 0.00033626
3124 3309 0.0003244
3307 3309 0.0003244
3308 3309 0.0003244
3637 3309 0.0003244
3109 3312 0.00029662
3112 3312 0.00029662
3313 3312 0.00029662
3314 3312 0.00029662
3137 3337 0.00016846
3302 3337 0.00016846
3338 3337 0.00016846
3343 3338 0.010089
3639 3338 0.010089
3962 3338 0.010089
3340 3339 0.02379
3342 3339 0.02379
3960 3339 0.02379
1532 3340 0.0086555
2851 3340 0.0086555
3339 3340 0.0086555
3340 3341 0.0086555
3342 3341 0.0086555
3960 3341 0.0086555
3341 3342 0.02379
3346 3342 0.02379
4684 3342 0.02379
600 3343 0.98342
2849 3343 0.98342
3344 3343 0.98342
3345 3343 0.98342
3341 3345 0.9602
3346 3345 0.9602
4684 3345 0.9602
73 3347 0.97531
3348 3347 0.97531
3349 3347 0.97531
3350 3349 0.97531
3351 3349 0.97531
3363 3349 0.97531
3352 3351 0.96246
3366 3351 0.96246
3691 3351 0.96246
3350 3352 0.00032317
3351 3352 0.00032317
3363 3352 0.00032317
3364 3363 0.014043
3365 3363 0.014043
3367 3363 0.014043
3350 3364 0.00086714
3351 3364 0.00086714
3363 3364 0.00086714
3352 3365 0.010084
3366 3365 0.010084
3691 3365 0.010084
3364 3366 0.0049237
3365 3366 0.0049237
3367 3366 0.0049237
3368 3367 0.0083054
3369 3367 0.0083054
3665 3367 0.0083054
3364 3368 1.0003
3365 3368 1.0003
3367 3368 1.0003
3370 3369 0.00074479
3692 3369 0.00074479
3693 3369 0.00074479
3368 3370 0.93773
3369 3370 0.93773
3665 3370 0.93773
3638 3637 0.0013423
3640 3637 0.0013423
5268 3637 0.0013423
3124 3638 0.0007542
3307 3638 0.0007542
3308 3638 0.0007542
3637 3638 0.0007542
3638 3639 0.003307
3640 3639 0.003307
5268 3639 0.003307
3343 3640 0.0016913
3639 3640 0.0016913
3962 3640 0.0016913
3666 3665 0.011367
3667 3665 0.011367
5843 3665 0.011367
3368 3666 0.066367
3369 3666 0.066367
3665 3666 0.066367
3668 3667 0.0072944
3669 3667 0.0072944
6478 3667 0.0072944
3666 3668 0.033806
3667 3668 0.033806
5843 3668 0.033806
3670 3669 0.0023831
3679 3669 0.0023831
5851 3669 0.0023831
3668 3670 0.01505
3669 3670 0.01505
6478 3670 0.01505
3672 3671 0.00088613
3673 3671 0.00088613
3675 3671 0.00088613
3671 3672 0.0053197
5854 3672 0.0053197
3674 3673 0.001249
3696 3673 0.001249
3697 3673 0.001249
3672 3674 0.0059549
3673 3674 0.0059549
3675 3674 0.0059549
3676 3675 0.0012914
3677 3675 0.0012914
3690 3675 0.0012914
3672 3676 0.0010191
3673 3676 0.0010191
3675 3676 0.0010191
3680 3679 0.0030061
3681 3679 0.0030061
3689 3679 0.0030061
6479 3679 0.0030061
3670 3680 0.011239
3679 3680 0.011239
5851 3680 0.011239
3053 3681 0.00060097
3682 3681 0.00060097
3683 3681 0.00060097
3680 3682 0.022407
3681 3682 0.022407
3689 3682 0.022407
6479 3682 0.022407
3684 3683 0.00021407
3686 3683 0.00021407
3687 3683 0.00021407
3053 3684 0.020846
3682 3684 0.020846
3683 3684 0.020846
3684 3685 0.0019985
3686 3685 0.0019985
3687 3685 0.0019985
3054 3686 0.0031728
3685 3686 0.0031728
3688 3687 0.00012122
3714 3687 0.00012122
3715 3687 0.00012122
3684 3688 0.021927
3686 3688 0.021927
3687 3688 0.021927
3676 3689 0.0010191
3677 3689 0.0010191
3690 3689 0.0010191
3680 3690 0.0012914
3681 3690 0.0012914
3689 3690 0.0012914
6479 3690 0.0012914
3370 3691 0.96751
3692 3691 0.96751
3693 3691 0.96751
3352 3692 0.00021656
3366 3692 0.00021656
3691 3692 0.00021656
3694 3693 0.038932
3695 3693 0.038932
6563 3693 0.038932
3370 3694 0.008621
3692 3694 0.008621
3693 3694 0.008621
3674 3695 0.0058681
3696 3695 0.0058681
3697 3695 0.0058681
3694 3696 0.0040442
3695 3696 0.0040442
6563 3696 0.0040442
3642 3697 0.00022355
3698 3697 0.00022355
3716 3697 0.00022355
3674 3698 0.0031054
3696 3698 0.0031054
3697 3698 0.0031054
3688 3713 0.024692
3714 3713 0.024692
3715 3713 0.024692
3642 3715 0.0031053
3698 3715 0.0031053
3716 3715 0.0031053
3688 3716 0.00022336
3714 3716 0.00022336
3715 3716 0.00022336
4685 3962 0.02508
5086 3962 0.02508
2146 4662 0.024685
3712 4662 0.024685
4663 4662 0.024685
7113 4662 0.024685
3347 4684 0.97532
3354 4684 0.97532
4683 4684 0.97532
5087 5086 0.025114
5271 5086 0.025114
1129 5087 0.00036244
3963 5087 0.00036244
3638 5267 0.0003956
3640 5267 0.0003956
5268 5267 0.0003956
3138 5268 0.0025993
5832 5268 0.0025993
6422 5268 0.0025993
3964 5271 0.024753
6738 5271 0.024753
2352 5832 0.0001701
2355 5832 0.0001701
5269 5832 0.0001701
5840 5839 0.0051338
5846 5839 0.0051338
6562 5839 0.0051338
5839 5840 0.033621
5842 5840 0.033621
5848 5840 0.033621
5839 5841 0.0051338
5842 5841 0.0051338
5848 5841 0.0051338
5841 5842 0.033621
5844 5842 0.033621
5850 5842 0.033621
5841 5843 0.0051338
5844 5843 0.0051338
5850 5843 0.0051338
3666 5844 0.033621
3667 5844 0.033621
5843 5844 0.033621
5852 5851 0.00088613
5853 5851 0.00088613
3670 5852 0.0053197
3679 5852 0.0053197
5851 5852 0.0053197
3671 5853 0.00088613
5854 5853 0.00088613
5852 5854 0.0053197
5853 5854 0.0053197
3125 5948 0.0002131
3128 5948 0.0002131
5949 5948 0.0002131
3138 6421 0.00012646
5832 6421 0.00012646
6422 6421 0.00012646
3304 6422 0.00071315
6420 6422 0.00071315
6421 6422 0.00071315
3680 6478 0.0069683
3681 6478 0.0069683
3689 6478 0.0069683
6479 6478 0.0069683
3668 6479 0.020814
3669 6479 0.020814
6478 6479 0.020814
3694 6562 0.0051338
3695 6562 0.0051338
6563 6562 0.0051338
5840 6563 0.033621
5846 6563 0.033621
6562 6563 0.033621
4662 6738 0.024685
6739 6738 0.024685
3713 6920 0.0017535
6921 6920 0.0017535
7114 6920 0.0017535
3713 7113 0.023017
6921 7113 0.023017
7114 7113 0.023017
