66 65 0.00019367
499 65 0.00019367
502 65 0.00019367
65 66 0.00011549
3391 66 0.00011549
3396 66 0.00011549
63 69 0.00015295
70 69 0.00015295
503 69 0.00015295
67 221 0.00089808
71 221 0.00089808
222 221 0.00089808
3393 221 0.00089808
221 222 0.0011645
3390 222 0.0011645
6064 222 0.0011645
497 499 0.00018108
500 499 0.00018108
3374 499 0.00018108
66 501 0.0001172
499 501 0.0001172
502 501 0.0001172
501 503 0.0001172
504 503 0.0001172
6059 503 0.0001172
514 513 0.055114
6444 513 0.055114
513 514 0.00031896
6441 514 0.00031896
521 522 0.005544
3424 522 0.005544
3890 522 0.005544
524 523 0.0028165
1965 523 0.0028165
2884 523 0.0028165
523 524 0.0021017
564 524 0.0021017
6447 524 0.0021017
548 547 0.0090116
6226 547 0.0090116
6227 547 0.0090116
6230 547 0.0090116
547 548 0.01315
2073 548 0.01315
7094 548 0.01315
523 563 0.00017057
564 563 0.00017057
6447 563 0.00017057
563 564 0.024986
2888 564 0.024986
4801 564 0.024986
565 566 0.81204
980 566 0.81204
983 566 0.81204
568 567 0.00015485
4174 567 0.00015485
6435 567 0.00015485
567 568 0.56215
1467 568 0.56215
569 570 0.00011237
4806 570 0.00011237
5884 570 0.00011237
728 727 0.00015104
3375 727 0.00015104
4693 727 0.00015104
727 728 0.053486
731 728 0.053486
7126 728 0.053486
732 731 0.0014007
798 731 0.0014007
7216 731 0.0014007
727 732 0.00091579
731 732 0.00091579
7126 732 0.00091579
734 733 0.05317
2879 733 0.05317
5252 733 0.05317
733 734 0.0003194
7127 734 0.0003194
522 735 0.0056191
736 735 0.0056191
3419 735 0.0056191
3434 735 0.0056191
735 736 0.00024375
737 736 0.00024375
740 736 0.00024375
738 737 0.17931
2913 737 0.17931
5577 737 0.17931
735 739 0.18468
737 739 0.18468
740 739 0.18468
796 795 0.00048281
2875 795 0.00048281
3441 795 0.00048281
795 796 0.00090989
3577 796 0.00090989
4598 796 0.00090989
4615 796 0.00090989
732 797 0.00091395
798 797 0.00091395
7216 797 0.00091395
797 798 0.0013984
2876 798 0.0013984
4596 798 0.0013984
943 942 0.0037765
4221 942 0.0037765
4815 942 0.0037765
942 943 0.0029277
945 943 0.0029277
5898 943 0.0029277
7252 943 0.0029277
942 944 0.0003756
945 944 0.0003756
5898 944 0.0003756
7252 944 0.0003756
944 945 0.010672
947 945 0.010672
4210 945 0.010672
944 946 0.001378
947 946 0.001378
4210 946 0.001378
948 950 0.00017965
951 950 0.00017965
6355 950 0.00017965
950 951 0.00021591
6352 951 0.00021591
6353 951 0.00021591
6356 951 0.00021591
981 980 0.81527
5779 980 0.81527
6433 980 0.81527
6436 980 0.81527
565 982 0.0063255
980 982 0.0063255
983 982 0.0063255
982 983 0.0030947
985 983 0.0030947
2889 983 0.0030947
982 984 0.0063255
985 984 0.0063255
2889 984 0.0063255
984 985 0.0030947
987 985 0.0030947
2891 985 0.0030947
2893 985 0.0030947
984 986 0.0063255
987 986 0.0063255
2891 986 0.0063255
2893 986 0.0063255
986 987 0.0030947
2895 987 0.0030947
4802 987 0.0030947
995 994 0.0011109
6359 994 0.0011109
6360 994 0.0011109
994 995 0.00066007
997 995 0.00066007
2076 995 0.00066007
2077 995 0.00066007
994 996 0.00079201
997 996 0.00079201
2076 996 0.00079201
2077 996 0.00079201
996 997 0.00034952
3119 997 0.00034952
4790 997 0.00034952
6237 997 0.00034952
1111 1110 0.00028824
1476 1110 0.00028824
6069 1110 0.00028824
1110 1111 0.1003
2880 1111 0.1003
2881 1111 0.1003
1466 1117 0.011534
2325 1117 0.011534
1232 1233 0.16225
7249 1233 0.16225
567 1466 0.0023771
1467 1466 0.0023771
1468 1467 0.56437
5934 1467 0.56437
1117 1468 0.5868
2345 1468 0.5868
1477 1476 0.00030102
3381 1476 0.00030102
3388 1476 0.00030102
1111 1477 0.10004
1476 1477 0.10004
6069 1477 0.10004
1656 1655 0.0019128
5746 1655 0.0019128
5748 1655 0.0019128
1655 1656 0.027495
5745 1656 0.027495
5901 1656 0.027495
5904 1656 0.027495
1658 1657 0.0037765
5747 1657 0.0037765
5907 1657 0.0037765
5984 1657 0.0037765
1657 1658 0.0029277
4219 1658 0.0029277
4817 1658 0.0029277
5576 1966 0.0054228
5579 1966 0.0054228
2072 2071 0.00024354
2074 2071 0.00024354
2075 2071 0.00024354
3906 2071 0.00024354
2071 2072 0.0010249
6238 2072 0.0010249
6239 2072 0.0010249
2072 2073 0.0043348
2074 2073 0.0043348
2075 2073 0.0043348
3906 2073 0.0043348
547 2074 0.0047654
2073 2074 0.0047654
7094 2074 0.0047654
994 2075 0.001274
997 2075 0.001274
2076 2075 0.001274
2077 2075 0.001274
2072 2076 0.0015273
2074 2076 0.0015273
2075 2076 0.0015273
3906 2076 0.0015273
2078 2077 0.00030707
2358 2077 0.00030707
2361 2077 0.00030707
6371 2077 0.00030707
994 2078 0.00056866
997 2078 0.00056866
2076 2078 0.00056866
2077 2078 0.00056866
1466 2324 0.000893
2325 2324 0.000893
2324 2325 0.010049
7131 2325 0.010049
2327 2326 0.004048
4708 2326 0.004048
5968 2326 0.004048
2326 2327 0.050099
7259 2327 0.050099
2329 2328 0.019131
5896 2328 0.019131
7254 2328 0.019131
7258 2328 0.019131
2328 2329 0.00043144
7257 2329 0.00043144
2331 2330 0.0033726
4196 2330 0.0033726
5971 2330 0.0033726
7256 2330 0.0033726
2330 2331 0.00090524
2333 2331 0.00090524
5975 2331 0.00090524
2330 2332 0.00015705
2333 2332 0.00015705
5975 2332 0.00015705
2332 2333 0.0012937
2335 2333 0.0012937
4216 2333 0.0012937
2332 2334 0.00021839
2335 2334 0.00021839
4216 2334 0.00021839
2334 2335 0.00025252
2337 2335 0.00025252
5977 2335 0.00025252
7152 2335 0.00025252
2336 2337 0.0001288
2339 2337 0.0001288
4709 2337 0.0001288
2344 2345 0.57529
2347 2345 0.57529
5906 2345 0.57529
2344 2346 0.0047888
2347 2346 0.0047888
5906 2346 0.0047888
2346 2347 0.38866
6960 2347 0.38866
7108 2347 0.38866
2349 2348 0.00012937
5903 2348 0.00012937
5986 2348 0.00012937
7105 2348 0.00012937
2348 2349 0.8462
5239 2349 0.8462
5739 2349 0.8462
2351 2350 0.00013118
4656 2350 0.00013118
7014 2350 0.00013118
7087 2350 0.00013118
2352 2353 0.00086942
2355 2353 0.00086942
5269 2353 0.00086942
2354 2355 0.00056156
2357 2355 0.00056156
2356 2357 0.00067436
2359 2357 0.00067436
6362 2357 0.00067436
7160 2357 0.00067436
2356 2358 0.00028098
2359 2358 0.00028098
6362 2358 0.00028098
7160 2358 0.00028098
2078 2359 0.00037887
2358 2359 0.00037887
2361 2359 0.00037887
6371 2359 0.00037887
2078 2360 0.00032882
2358 2360 0.00032882
2361 2360 0.00032882
6371 2360 0.00032882
2360 2361 0.00016526
2363 2361 0.00016526
3120 2361 0.00016526
2362 2363 0.00013192
2365 2363 0.00013192
6395 2363 0.00013192
2364 2365 0.00011936
2367 2365 0.00011936
6366 2365 0.00011936
6367 2365 0.00011936
2366 2367 0.000205
7006 2367 0.000205
7086 2367 0.000205
2753 2752 0.1623
3327 2752 0.1623
5237 2752 0.1623
797 2875 0.00031693
2876 2875 0.00031693
4596 2875 0.00031693
796 2876 0.0013069
2875 2876 0.0013069
3441 2876 0.0013069
566 2877 0.031314
2878 2877 0.031314
6439 2877 0.031314
2877 2878 0.01113
2882 2878 0.01113
6443 2878 0.01113
6446 2878 0.01113
1110 2879 0.0004484
2880 2879 0.0004484
2881 2879 0.0004484
734 2880 0.11026
2879 2880 0.11026
5252 2880 0.11026
2877 2881 0.014165
2882 2881 0.014165
6443 2881 0.014165
6446 2881 0.014165
1110 2882 0.023961
2880 2882 0.023961
2881 2882 0.023961
524 2883 0.0021017
1965 2883 0.0021017
2884 2883 0.0021017
2883 2884 0.0028165
6445 2884 0.0028165
6448 2884 0.0028165
2886 2885 0.00084743
2887 2885 0.00084743
2901 2885 0.00084743
739 2886 0.022432
2885 2886 0.022432
5251 2886 0.022432
563 2887 0.00084743
2888 2887 0.00084743
4801 2887 0.00084743
2886 2888 0.022432
2887 2888 0.022432
2901 2888 0.022432
2911 2913 0.0066183
2914 2913 0.0066183
6130 2913 0.0066183
2360 3119 0.00033657
2363 3119 0.00033657
3120 3119 0.00033657
996 3120 0.00010328
3119 3120 0.00010328
4790 3120 0.00010328
6237 3120 0.00010328
3122 3121 0.0067652
5270 3121 0.0067652
6233 3121 0.0067652
3317 3316 0.00039624
5238 3316 0.00039624
7089 3316 0.00039624
3316 3317 0.00013924
7005 3317 0.00013924
7008 3317 0.00013924
7088 3317 0.00013924
3319 3318 0.0098047
5985 3318 0.0098047
7093 3318 0.0098047
7095 3318 0.0098047
3318 3319 0.095005
6983 3319 0.095005
7092 3319 0.095005
3321 3320 0.00145
3322 3320 0.00145
7097 3320 0.00145
3320 3321 0.14524
6977 3321 0.14524
7096 3321 0.14524
3323 3322 0.00060904
3324 3322 0.00060904
7103 3322 0.00060904
3321 3323 0.15107
3322 3323 0.15107
7097 3323 0.15107
3325 3324 0.00027448
3326 3324 0.00027448
7099 3324 0.00027448
3323 3325 0.17648
3324 3325 0.17648
7103 3325 0.17648
3325 3327 0.15781
3326 3327 0.15781
7099 3327 0.15781
2353 3328 0.00092925
3337 3328 0.00092925
3332 3331 0.0012109
3334 3331 0.0012109
3331 3332 0.0020465
5827 3332 0.0020465
5829 3332 0.0020465
3332 3333 0.0020465
3334 3333 0.0020465
3333 3334 0.0012109
3336 3334 0.0012109
6225 3334 0.0012109
3333 3335 0.010593
3336 3335 0.010593
6225 3335 0.010593
3335 3336 0.0024275
5823 3336 0.0024275
5831 3336 0.0024275
6967 3336 0.0024275
3373 3374 0.00018108
3392 3374 0.00018108
6068 3374 0.00018108
3376 3375 0.00015235
3377 3375 0.00015235
3389 3375 0.00015235
4613 3375 0.00015235
728 3376 0.053473
3375 3376 0.053473
4693 3376 0.053473
3378 3377 0.0011435
3379 3377 0.0011435
6063 3377 0.0011435
3376 3378 0.053971
3377 3378 0.053971
3389 3378 0.053971
4613 3378 0.053971
3380 3379 0.0019472
3387 3379 0.0019472
6065 3379 0.0019472
3378 3380 0.05528
3379 3380 0.05528
6063 3380 0.05528
3382 3381 0.001418
3383 3381 0.001418
6067 3381 0.001418
1477 3382 0.15537
3381 3382 0.15537
3388 3382 0.15537
3384 3383 0.84666
4379 3383 0.84666
4381 3383 0.84666
6442 3383 0.84666
1477 3387 0.0026556
3381 3387 0.0026556
3388 3387 0.0026556
3380 3388 0.056872
3387 3388 0.056872
6065 3388 0.056872
221 3389 0.0057893
3390 3389 0.0057893
6064 3389 0.0057893
3376 3390 0.0065613
3377 3390 0.0065613
3389 3390 0.0065613
4613 3390 0.0065613
3373 3391 0.0015814
3392 3391 0.0015814
6068 3391 0.0015814
65 3392 0.0011177
3391 3392 0.0011177
3396 3392 0.0011177
69 3393 0.00084904
3394 3393 0.00084904
3395 3393 0.00084904
6066 3393 0.00084904
67 3394 0.001136
71 3394 0.001136
222 3394 0.001136
3393 3394 0.001136
65 3395 0.0015156
3391 3395 0.0015156
3396 3395 0.0015156
69 3396 0.00097379
3394 3396 0.00097379
3395 3396 0.00097379
6066 3396 0.00097379
1966 3424 0.0054228
3423 3424 0.0054228
3427 3430 0.00017446
3429 3430 0.00017446
6139 3430 0.00017446
6461 3430 0.00017446
522 3433 0.00021528
736 3433 0.00021528
3419 3433 0.00021528
3434 3433 0.00021528
561 3434 0.00014429
3433 3434 0.00014429
6459 3434 0.00014429
6462 3434 0.00014429
3435 3436 0.0001504
3438 3436 0.0001504
3571 3436 0.0001504
3574 3436 0.0001504
3436 3441 0.00093954
3442 3441 0.00093954
3443 3441 0.00093954
4595 3441 0.00093954
796 3442 0.00037662
2875 3442 0.00037662
3441 3442 0.00037662
3407 3574 0.00012234
3573 3574 0.00012234
3576 3574 0.00012234
3575 3576 0.00011552
3578 3576 0.00011552
4617 3576 0.00011552
795 3578 0.00010498
3577 3578 0.00010498
4598 3578 0.00010498
4615 3578 0.00010498
3425 3890 0.00018226
3430 3890 0.00018226
3891 3890 0.00018226
3898 3899 0.0066199
5581 3899 0.0066199
5935 3899 0.0066199
3907 3906 0.003155
4019 3906 0.003155
6228 3906 0.003155
6358 3906 0.003155
2072 3907 0.0041137
2074 3907 0.0041137
2075 3907 0.0041137
3906 3907 0.0041137
4020 4019 0.00011124
6232 4019 0.00011124
6351 4019 0.00011124
3907 4020 0.0039469
4019 4020 0.0039469
6228 4020 0.0039469
6358 4020 0.0039469
4163 4162 0.033245
4164 4162 0.033245
5889 4162 0.033245
5892 4162 0.033245
4162 4163 0.017684
4171 4163 0.017684
5793 4163 0.017684
4165 4164 0.01043
4166 4164 0.01043
5929 4164 0.01043
5972 4164 0.01043
4163 4165 0.010869
4164 4165 0.010869
5889 4165 0.010869
5892 4165 0.010869
4167 4166 0.002116
4168 4166 0.002116
5923 4166 0.002116
5926 4166 0.002116
4165 4167 0.0038113
4166 4167 0.0038113
5929 4167 0.0038113
5972 4167 0.0038113
4169 4168 0.00031869
4193 4168 0.00031869
4194 4168 0.00031869
4167 4169 0.00051491
4168 4169 0.00051491
5923 4169 0.00051491
5926 4169 0.00051491
4162 4170 0.037273
4171 4170 0.037273
5793 4170 0.037273
4170 4171 0.0061875
4173 4171 0.0061875
5933 4171 0.0061875
4170 4172 0.055215
4173 4172 0.055215
5933 4172 0.055215
4172 4173 0.0013513
5797 4173 0.0013513
4175 4174 0.07991
4176 4174 0.07991
5784 4174 0.07991
5785 4174 0.07991
568 4175 0.0057699
4174 4175 0.0057699
6435 4175 0.0057699
4177 4176 0.069046
4178 4176 0.069046
5970 4176 0.069046
4175 4177 0.0013047
4176 4177 0.0013047
5784 4177 0.0013047
5785 4177 0.0013047
4179 4178 0.03795
4180 4178 0.03795
4177 4179 0.0044371
4178 4179 0.0044371
5970 4179 0.0044371
4181 4180 0.048455
4182 4180 0.048455
5885 4180 0.048455
5888 4180 0.048455
4179 4181 0.0037914
4180 4181 0.0037914
4183 4182 0.020964
4184 4182 0.020964
5928 4182 0.020964
4181 4183 0.0003033
4182 4183 0.0003033
5885 4183 0.0003033
5888 4183 0.0003033
4185 4184 0.0054474
4186 4184 0.0054474
5922 4184 0.0054474
4187 4186 0.00079253
4188 4186 0.00079253
4195 4186 0.00079253
4189 4188 0.0001838
4190 4188 0.0001838
5918 4188 0.0001838
4192 4193 0.00042074
5919 4193 0.00042074
5980 4193 0.00042074
4169 4195 0.00061695
4193 4195 0.00061695
4194 4195 0.00061695
4205 4206 0.020082
5741 4206 0.020082
5742 4206 0.020082
4204 4208 0.019743
4206 4208 0.019743
4207 4208 0.019743
4211 4208 0.019743
4201 4210 0.011685
4208 4210 0.011685
4209 4210 0.011685
5909 4210 0.011685
4212 4211 0.00099704
4214 4211 0.00099704
4204 4212 0.0013214
4206 4212 0.0013214
4207 4212 0.0013214
4211 4212 0.0013214
4212 4213 0.0013214
4214 4213 0.0013214
4213 4214 0.00099704
5743 4214 0.00099704
5744 4214 0.00099704
4215 4216 0.0011052
6725 4216 0.0011052
4218 4217 0.00027506
6706 4217 0.00027506
6724 4217 0.00027506
4220 4219 0.0029277
4222 4219 0.0029277
1657 4220 0.0037765
4219 4220 0.0037765
4817 4220 0.0037765
4220 4221 0.0037765
4222 4221 0.0037765
943 4222 0.0029277
4221 4222 0.0029277
4815 4222 0.0029277
3385 4381 0.79186
4382 4381 0.79186
6437 4381 0.79186
6440 4381 0.79186
797 4595 0.00094834
2876 4595 0.00094834
4596 4595 0.00094834
3436 4596 0.00044279
3442 4596 0.00044279
3443 4596 0.00044279
4595 4596 0.00044279
795 4597 0.00052575
3577 4597 0.00052575
4598 4597 0.00052575
4615 4597 0.00052575
4597 4598 0.00096278
5250 4598 0.00096278
5253 4598 0.00096278
3376 4612 0.0031542
3377 4612 0.0031542
3389 4612 0.0031542
4613 4612 0.0031542
61 4613 0.0034329
4612 4613 0.0034329
6070 4613 0.0034329
2327 4707 0.028503
4708 4707 0.028503
5968 4707 0.028503
3189 4708 0.0033466
4707 4708 0.0033466
5981 4708 0.0033466
7130 4708 0.0033466
1537 4709 0.00019533
4710 4709 0.00019533
5063 4710 0.00019701
996 4789 0.00013802
3119 4789 0.00013802
4790 4789 0.00013802
6237 4789 0.00013802
4789 4790 0.00010865
6240 4790 0.00010865
6365 4790 0.00010865
986 4801 0.0063255
2895 4801 0.0063255
4802 4801 0.0063255
563 4802 0.0030947
2888 4802 0.0030947
4801 4802 0.0030947
569 4805 0.01188
4806 4805 0.01188
5884 4805 0.01188
5064 5063 0.00019718
5240 5063 0.00019718
3121 5237 0.0076933
3328 5237 0.0076933
3329 5237 0.0076933
2348 5238 0.089069
5239 5238 0.089069
5739 5238 0.089069
3317 5239 0.0036117
5238 5239 0.0036117
7089 5239 0.0036117
5241 5240 0.00015232
5738 5240 0.00015232
7218 5240 0.00015232
5064 5241 1
5240 5241 1
739 5250 0.16318
2885 5250 0.16318
5251 5250 0.16318
4597 5252 0.16274
5250 5252 0.16274
5253 5252 0.16274
3122 5269 0.00042275
5270 5269 0.00042275
6233 5269 0.00042275
2753 5270 0.0031829
3327 5270 0.0031829
5237 5270 0.0031829
5576 5577 0.17276
5579 5577 0.17276
5578 5579 0.17814
5583 5579 0.17814
5584 5579 0.17814
3898 5580 0.033419
5581 5580 0.033419
5935 5580 0.033419
1233 5581 0.0176
5580 5581 0.0176
5582 5581 0.0176
1233 5583 0.1781
5580 5583 0.1781
5582 5583 0.1781
5670 5671 0.00010422
6385 5671 0.00010422
7085 5671 0.00010422
2348 5738 0.00022266
5239 5738 0.00022266
5739 5738 0.00022266
5241 5739 0.93175
5738 5739 0.93175
7218 5739 0.93175
5740 5741 0.068384
7219 5741 0.068384
4213 5742 0.0010759
5743 5742 0.0010759
5744 5742 0.0010759
4205 5743 0.049388
5741 5743 0.049388
5742 5743 0.049388
1655 5744 0.0010532
5745 5744 0.0010532
5901 5744 0.0010532
5904 5744 0.0010532
4213 5745 0.049689
5743 5745 0.049689
5744 5745 0.049689
1658 5746 0.0019128
5747 5746 0.0019128
5907 5746 0.0019128
5984 5746 0.0019128
1656 5747 0.027495
5746 5747 0.027495
5748 5747 0.027495
5780 5779 0.16732
5781 5779 0.16732
5786 5779 0.16732
981 5780 0.00014188
5779 5780 0.00014188
6433 5780 0.00014188
6436 5780 0.00014188
2632 5781 0.12184
5782 5781 0.12184
5883 5781 0.12184
5886 5781 0.12184
5780 5782 0.00014892
5781 5782 0.00014892
5786 5782 0.00014892
4175 5783 0.001933
4176 5783 0.001933
5784 5783 0.001933
5785 5783 0.001933
5783 5784 0.053821
5788 5784 0.053821
5796 5784 0.053821
5780 5785 0.00044398
5781 5785 0.00044398
5786 5785 0.00044398
4175 5786 0.045933
4176 5786 0.045933
5784 5786 0.045933
5785 5786 0.045933
5783 5787 0.0015973
5788 5787 0.0015973
5796 5787 0.0015973
5787 5788 0.033849
5914 5788 0.033849
5915 5788 0.033849
5790 5789 0.019329
5791 5789 0.019329
5932 5789 0.019329
5969 5789 0.019329
5789 5790 0.0030768
5911 5790 0.0030768
5913 5790 0.0030768
5982 5790 0.0030768
5792 5791 0.029787
5891 5791 0.029787
5894 5791 0.029787
5790 5792 0.011651
5791 5792 0.011651
5932 5792 0.011651
5969 5792 0.011651
5794 5793 0.015525
5931 5793 0.015525
5795 5794 0.012244
5887 5794 0.012244
5890 5794 0.012244
5794 5795 0.0078708
5931 5795 0.0078708
4172 5796 0.027797
5797 5796 0.027797
5783 5797 0.008161
5788 5797 0.008161
5796 5797 0.008161
3335 5822 0.029088
5823 5822 0.029088
5831 5822 0.029088
6967 5822 0.029088
5822 5823 0.012847
6963 5823 0.012847
7102 5823 0.012847
7104 5823 0.012847
5825 5824 0.0066133
5826 5824 0.0066133
5830 5824 0.0066133
5824 5825 0.025619
6964 5825 0.025619
7100 5825 0.025619
3331 5826 0.0012109
5827 5826 0.0012109
5829 5826 0.0012109
5825 5827 0.0020465
5826 5827 0.0020465
5830 5827 0.0020465
3335 5830 0.0068929
5823 5830 0.0068929
5831 5830 0.0068929
6967 5830 0.0068929
5825 5831 0.025063
5826 5831 0.025063
5830 5831 0.025063
2632 5884 0.011988
5782 5884 0.011988
5883 5884 0.011988
5886 5884 0.011988
4181 5886 0.1336
4182 5886 0.1336
5885 5886 0.1336
5888 5886 0.1336
4181 5887 0.00084908
4182 5887 0.00084908
5885 5887 0.00084908
5888 5887 0.00084908
5795 5888 0.15845
5887 5888 0.15845
5890 5888 0.15845
5795 5889 0.00081893
5887 5889 0.00081893
5890 5889 0.00081893
4163 5890 0.16279
4164 5890 0.16279
5889 5890 0.16279
5892 5890 0.16279
4163 5891 0.00072473
4164 5891 0.00072473
5889 5891 0.00072473
5892 5891 0.00072473
5792 5892 0.1787
5891 5892 0.1787
5894 5892 0.1787
5792 5893 0.00030238
5891 5893 0.00030238
5894 5893 0.00030238
5893 5894 0.19641
7255 5894 0.19641
5895 5896 0.26086
7253 5896 0.26086
942 5897 0.00029119
945 5897 0.00029119
5898 5897 0.00029119
7252 5897 0.00029119
5897 5898 0.25
5900 5898 0.25
5983 5898 0.25
5899 5900 0.28386
5902 5900 0.28386
5910 5900 0.28386
5899 5901 0.00040864
5902 5901 0.00040864
5910 5901 0.00040864
1655 5902 0.27613
5745 5902 0.27613
5901 5902 0.27613
5904 5902 0.27613
1655 5903 0.0077962
5745 5903 0.0077962
5901 5903 0.0077962
5904 5903 0.0077962
2349 5904 0.26047
5903 5904 0.26047
5986 5904 0.26047
7105 5904 0.26047
2344 5905 0.00078808
2347 5905 0.00078808
5906 5905 0.00078808
5905 5906 0.19219
6955 5906 0.19219
7110 5906 0.19219
719 5907 0.00085705
5908 5907 0.00085705
7109 5907 0.00085705
1658 5908 0.059658
5747 5908 0.059658
5907 5908 0.059658
5984 5908 0.059658
5899 5909 0.0014187
5902 5909 0.0014187
5910 5909 0.0014187
4201 5910 0.009475
4208 5910 0.009475
4209 5910 0.009475
5909 5910 0.009475
5787 5913 0.0015973
5914 5913 0.0015973
5915 5913 0.0015973
5789 5914 0.033849
5911 5914 0.033849
5913 5914 0.033849
5982 5914 0.033849
5917 5918 0.00012001
5920 5918 0.00012001
5978 5918 0.00012001
5917 5919 0.00023993
5920 5919 0.00023993
5978 5919 0.00023993
4185 5921 0.00014345
4186 5921 0.00014345
5922 5921 0.00014345
5921 5922 0.0047259
5924 5922 0.0047259
5973 5922 0.0047259
5921 5923 0.00017126
5924 5923 0.00017126
5973 5923 0.00017126
4167 5924 0.0050845
4168 5924 0.0050845
5923 5924 0.0050845
5926 5924 0.0050845
4167 5925 0.00011072
4168 5925 0.00011072
5923 5925 0.00011072
5926 5925 0.00011072
5925 5926 0.0035249
5976 5926 0.0035249
5979 5926 0.0035249
4183 5927 0.00068847
4184 5927 0.00068847
5928 5927 0.00068847
5927 5928 0.015995
5930 5928 0.015995
5974 5928 0.015995
5927 5929 0.00094417
5930 5929 0.00094417
5974 5929 0.00094417
4165 5930 0.01592
4166 5930 0.01592
5929 5930 0.01592
5972 5930 0.01592
4179 5931 0.011151
4180 5931 0.011151
4170 5932 0.0078343
4173 5932 0.0078343
5933 5932 0.0078343
5790 5933 0.030613
5791 5933 0.030613
5932 5933 0.030613
5969 5933 0.030613
3898 5934 0.015808
5581 5934 0.015808
5935 5934 0.015808
1468 5935 0.03824
5934 5935 0.03824
5790 5968 0.0047543
5791 5968 0.0047543
5932 5968 0.0047543
5969 5968 0.0047543
2327 5969 0.025649
4708 5969 0.025649
5968 5969 0.025649
4172 5970 0.034228
5797 5970 0.034228
4165 5971 0.00020438
4166 5971 0.00020438
5929 5971 0.00020438
5972 5971 0.00020438
2331 5972 0.016436
4196 5972 0.016436
5971 5972 0.016436
7256 5972 0.016436
5927 5973 0.0015057
5930 5973 0.0015057
5974 5973 0.0015057
5921 5974 0.0018365
5924 5974 0.0018365
5973 5974 0.0018365
2330 5976 0.0036536
2333 5976 0.0036536
5975 5976 0.0036536
2334 5978 0.00033567
2337 5978 0.00033567
5977 5978 0.00033567
7152 5978 0.00033567
4192 5979 0.00014403
5919 5979 0.00014403
5980 5979 0.00014403
5925 5980 0.00033394
5976 5980 0.00033394
5979 5980 0.00033394
5789 5981 0.0039495
5911 5981 0.0039495
5913 5981 0.0039495
5982 5981 0.0039495
3189 5982 0.01995
4707 5982 0.01995
5981 5982 0.01995
7130 5982 0.01995
1658 5983 0.0064836
5747 5983 0.0064836
5907 5983 0.0064836
5984 5983 0.0064836
5897 5984 0.040552
5900 5984 0.040552
5983 5984 0.040552
2349 5985 0.11525
5903 5985 0.11525
5986 5985 0.11525
7105 5985 0.11525
3319 5986 0.038313
5985 5986 0.038313
7093 5986 0.038313
7095 5986 0.038313
221 6063 0.0066563
3390 6063 0.0066563
6064 6063 0.0066563
3378 6064 0.0061508
3379 6064 0.0061508
6063 6064 0.0061508
69 6065 0.0021998
3394 6065 0.0021998
3395 6065 0.0021998
6066 6065 0.0021998
3380 6066 0.0013164
3387 6066 0.0013164
6065 6066 0.0013164
3373 6067 0.0011526
3392 6067 0.0011526
6068 6067 0.0011526
3382 6068 0.0017549
3383 6068 0.0017549
6067 6068 0.0017549
61 6069 0.0031542
4612 6069 0.0031542
6070 6069 0.0031542
1111 6070 0.0034329
1476 6070 0.0034329
6069 6070 0.0034329
2903 6130 0.0066183
6129 6130 0.0066183
6132 6130 0.0066183
2905 6132 0.0066183
6131 6132 0.0066183
6134 6132 0.0066183
2907 6134 0.0065882
6133 6134 0.0065882
6136 6134 0.0065882
2909 6136 0.0066199
3899 6136 0.0066199
6135 6136 0.0066199
548 6225 0.0098509
6226 6225 0.0098509
6227 6225 0.0098509
6230 6225 0.0098509
3333 6226 0.0025211
3336 6226 0.0025211
6225 6226 0.0025211
3907 6227 0.0019951
4019 6227 0.0019951
6228 6227 0.0019951
6358 6227 0.0019951
548 6228 0.0059115
6226 6228 0.0059115
6227 6228 0.0059115
6230 6228 0.0059115
548 6229 0.006865
6226 6229 0.006865
6227 6229 0.006865
6230 6229 0.006865
6229 6230 0.013972
6979 6230 0.013972
7063 6230 0.013972
4020 6231 0.0040441
6232 6231 0.0040441
6351 6231 0.0040441
6231 6233 0.0040892
6234 6233 0.0040892
6354 6233 0.0040892
2071 6237 0.00020651
6238 6237 0.00020651
6239 6237 0.00020651
996 6238 0.00085292
3119 6238 0.00085292
4790 6238 0.00085292
6237 6238 0.00085292
4789 6239 0.0002004
6240 6239 0.0002004
6365 6239 0.0002004
950 6351 0.00036931
6352 6351 0.00036931
6353 6351 0.00036931
6356 6351 0.00036931
4020 6352 0.0002373
6232 6352 0.0002373
6351 6352 0.0002373
2354 6353 0.00016741
2357 6353 0.00016741
948 6354 0.00021591
951 6354 0.00021591
6355 6354 0.00021591
6231 6355 0.00017965
6234 6355 0.00017965
6354 6355 0.00017965
6357 6356 0.00022544
6361 6356 0.00022544
950 6357 0.00022459
6352 6357 0.00022459
6353 6357 0.00022459
6356 6357 0.00022459
995 6358 0.00062809
6359 6358 0.00062809
6360 6358 0.00062809
3907 6359 0.0016676
4019 6359 0.0016676
6228 6359 0.0016676
6358 6359 0.0016676
6357 6360 0.00019667
6361 6360 0.00019667
995 6361 0.00078533
6359 6361 0.00078533
6360 6361 0.00078533
6357 6362 0.00058781
6361 6362 0.00058781
2364 6365 0.00013345
2367 6365 0.00013345
6366 6365 0.00013345
6367 6365 0.00013345
570 6431 0.00011223
6429 6431 0.00011223
6432 6431 0.00011223
4805 6433 0.011992
6431 6433 0.011992
6434 6433 0.011992
981 6435 0.00054831
5779 6435 0.00054831
6433 6435 0.00054831
6436 6435 0.00054831
568 6436 0.63668
4174 6436 0.63668
6435 6436 0.63668
566 6440 0.79186
2878 6440 0.79186
6439 6440 0.79186
3384 6441 0.00031896
4379 6441 0.00031896
4381 6441 0.00031896
6442 6441 0.00031896
513 6442 0.055114
6441 6442 0.055114
514 6443 0.00031896
6444 6443 0.00031896
2877 6444 0.055114
2882 6444 0.055114
6443 6444 0.055114
6446 6444 0.055114
2877 6445 0.0006334
2882 6445 0.0006334
6443 6445 0.0006334
6446 6445 0.0006334
2883 6446 0.025449
6445 6446 0.025449
6448 6446 0.025449
2883 6447 0.00027376
6445 6447 0.00027376
6448 6447 0.00027376
523 6448 0.025804
564 6448 0.025804
6447 6448 0.025804
561 6461 0.00017961
3433 6461 0.00017961
6459 6461 0.00017961
6462 6461 0.00017961
2336 6469 0.00010566
2339 6469 0.00010566
4709 6469 0.00010566
946 6706 0.001378
6707 6706 0.001378
4218 6725 0.0011052
6706 6725 0.0011052
6724 6725 0.0011052
4217 6726 0.00027506
6727 6726 0.00027506
5905 6954 0.0031526
6955 6954 0.0031526
7110 6954 0.0031526
6954 6955 0.13575
6957 6955 0.13575
6959 6955 0.13575
2346 6959 0.13575
6960 6959 0.13575
7108 6959 0.13575
6954 6960 0.0031526
6957 6960 0.0031526
6959 6960 0.0031526
5824 6963 0.024797
6964 6963 0.024797
7100 6963 0.024797
5822 6964 0.025387
6963 6964 0.025387
7102 6964 0.025387
7104 6964 0.025387
6965 6967 0.0026095
6968 6967 0.0026095
7101 6967 0.0026095
3335 6968 0.012704
5823 6968 0.012704
5831 6968 0.012704
6967 6968 0.012704
6969 6971 0.030532
6972 6971 0.030532
6975 6971 0.030532
7066 6971 0.030532
6971 6972 0.012755
6974 6972 0.012755
7064 6972 0.012755
6971 6973 0.039987
6974 6973 0.039987
7064 6973 0.039987
6973 6974 0.015391
6976 6974 0.015391
6978 6974 0.015391
6973 6975 0.051653
6976 6975 0.051653
6978 6975 0.051653
6969 6976 0.013283
6972 6976 0.013283
6975 6976 0.013283
7066 6976 0.013283
6973 6977 0.036643
6976 6977 0.036643
6978 6977 0.036643
3320 6978 0.050417
6977 6978 0.050417
7096 6978 0.050417
6980 6979 0.025654
7065 6979 0.025654
7098 6979 0.025654
6229 6980 0.011728
6979 6980 0.011728
7063 6980 0.011728
6982 6981 0.012495
6984 6981 0.012495
6986 6981 0.012495
6981 6982 0.0034576
6990 6982 0.0034576
6982 6983 0.012032
6984 6983 0.012032
6986 6983 0.012032
3318 6984 0.02077
6983 6984 0.02077
7092 6984 0.02077
6982 6985 0.012831
6984 6985 0.012831
6986 6985 0.012831
6985 6986 0.01313
6988 6986 0.01313
6989 6986 0.01313
6985 6987 0.019294
6988 6987 0.019294
6989 6987 0.019294
6987 6988 0.010556
6992 6988 0.010556
6994 6988 0.010556
6981 6989 0.012495
6990 6989 0.012495
6985 6990 0.0034576
6988 6990 0.0034576
6989 6990 0.0034576
6987 6991 0.020106
6992 6991 0.020106
6994 6991 0.020106
6991 6992 0.0039924
6995 6992 0.0039924
7000 6992 0.0039924
6987 6993 0.011091
6992 6993 0.011091
6994 6993 0.011091
6993 6994 0.018467
6996 6994 0.018467
6998 6994 0.018467
7001 6994 0.018467
6993 6995 0.0096175
6996 6995 0.0096175
6998 6995 0.0096175
7001 6995 0.0096175
6991 6996 0.017715
6995 6996 0.017715
7000 6996 0.017715
6993 6997 0.024371
6996 6997 0.024371
6998 6997 0.024371
7001 6997 0.024371
6997 6998 0.015633
7090 6998 0.015633
7091 6998 0.015633
6991 6999 0.0096105
6995 6999 0.0096105
7000 6999 0.0096105
6999 7000 0.0015946
7002 7000 0.0015946
7004 7000 0.0015946
6999 7001 0.0096105
7002 7001 0.0096105
7004 7001 0.0096105
6993 7002 0.0015946
6996 7002 0.0015946
6998 7002 0.0015946
7001 7002 0.0015946
3316 7006 0.00026867
7005 7006 0.00026867
7008 7006 0.00026867
7088 7006 0.00026867
6971 7063 0.013235
6974 7063 0.013235
7064 7063 0.013235
6229 7064 0.020054
6979 7064 0.020054
7063 7064 0.020054
6969 7065 0.033662
6972 7065 0.033662
6975 7065 0.033662
7066 7065 0.033662
6980 7066 0.013069
7065 7066 0.013069
7098 7066 0.013069
2366 7085 0.00010598
7006 7085 0.00010598
7086 7085 0.00010598
3316 7087 0.00013119
7005 7087 0.00013119
7008 7087 0.00013119
7088 7087 0.00013119
6997 7089 0.0035967
7090 7089 0.0035967
7091 7089 0.0035967
3317 7090 0.088797
5238 7090 0.088797
7089 7090 0.088797
3318 7091 0.0043069
6983 7091 0.0043069
7092 7091 0.0043069
6997 7092 0.098246
7090 7092 0.098246
7091 7092 0.098246
547 7093 0.012437
2073 7093 0.012437
7094 7093 0.012437
3319 7094 0.017006
5985 7094 0.017006
7093 7094 0.017006
7095 7094 0.017006
3320 7095 0.011903
6977 7095 0.011903
7096 7095 0.011903
3319 7096 0.16947
5985 7096 0.16947
7093 7096 0.16947
7095 7096 0.16947
6980 7097 0.030343
7065 7097 0.030343
7098 7097 0.030343
3321 7098 0.023676
3322 7098 0.023676
7097 7098 0.023676
5824 7099 0.020573
6964 7099 0.020573
7100 7099 0.020573
3325 7100 0.038989
3326 7100 0.038989
7099 7100 0.038989
5822 7101 0.0026095
6963 7101 0.0026095
7102 7101 0.0026095
7104 7101 0.0026095
6965 7102 0.012704
6968 7102 0.012704
7101 7102 0.012704
5822 7103 0.045985
6963 7103 0.045985
7102 7103 0.045985
7104 7103 0.045985
3323 7104 0.02024
3324 7104 0.02024
7103 7104 0.02024
2349 7106 0.51654
5903 7106 0.51654
5986 7106 0.51654
7105 7106 0.51654
6961 7108 0.51654
7106 7108 0.51654
7107 7108 0.51654
5905 7109 0.00085705
6955 7109 0.00085705
7110 7109 0.00085705
719 7110 0.059658
5908 7110 0.059658
7109 7110 0.059658
733 7126 0.05317
7127 7126 0.05317
727 7127 0.0003194
731 7127 0.0003194
7126 7127 0.0003194
2324 7130 0.000893
7131 7130 0.000893
3189 7131 0.010049
4707 7131 0.010049
5981 7131 0.010049
7130 7131 0.010049
6726 7152 0.00027506
7153 7152 0.00027506
5241 7219 0.068384
5738 7219 0.068384
7218 7219 0.068384
1235 7249 0.16225
7248 7249 0.16225
7250 7249 0.16225
2752 7250 0.1623
7251 7250 0.1623
942 7253 0.26086
945 7253 0.26086
5898 7253 0.26086
7252 7253 0.26086
5893 7254 0.00030238
7255 7254 0.00030238
2329 7255 0.19641
5896 7255 0.19641
7254 7255 0.19641
7258 7255 0.19641
2328 7256 0.019131
7257 7256 0.019131
2331 7257 0.00043144
4196 7257 0.00043144
5971 7257 0.00043144
7256 7257 0.00043144
2326 7258 0.004048
7259 7258 0.004048
2329 7259 0.050099
5896 7259 0.050099
7254 7259 0.050099
7258 7259 0.050099
