59 60 0.0004263
3420 60 0.0004263
3421 60 0.0004263
64 63 0.00030687
506 63 0.00030687
6061 63 0.00030687
63 64 0.00025353
70 64 0.00025353
503 64 0.00025353
66 65 0.00043752
499 65 0.00043752
502 65 0.00043752
65 66 0.00027519
3391 66 0.00027519
3396 66 0.00027519
63 69 0.00045147
70 69 0.00045147
503 69 0.00045147
69 70 0.00036228
3394 70 0.00036228
3395 70 0.00036228
6066 70 0.00036228
72 71 0.00034813
505 71 0.00034813
508 71 0.00034813
67 72 0.00031985
71 72 0.00031985
222 72 0.00031985
3393 72 0.00031985
134 133 0.0001404
3708 133 0.0001404
3709 133 0.0001404
133 134 0.00041475
3052 134 0.00041475
146 145 0.00088366
1546 145 0.00088366
1549 145 0.00088366
145 146 0.0011487
2374 146 0.0011487
2730 146 0.0011487
67 221 0.0029695
71 221 0.0029695
222 221 0.0029695
3393 221 0.0029695
221 222 0.0053258
3390 222 0.0053258
6064 222 0.0053258
497 499 0.0003254
500 499 0.0003254
3374 499 0.0003254
66 500 0.00012723
499 500 0.00012723
502 500 0.00012723
66 501 0.00026286
499 501 0.00026286
502 501 0.00026286
501 502 0.00022701
504 502 0.00022701
6059 502 0.00022701
501 503 0.00026286
504 503 0.00026286
6059 503 0.00026286
63 504 0.00022701
70 504 0.00022701
503 504 0.00022701
64 505 0.00025353
506 505 0.00025353
6061 505 0.00025353
72 506 0.00030687
505 506 0.00030687
508 506 0.00030687
72 507 0.00011617
505 507 0.00011617
508 507 0.00011617
507 508 0.00019779
3372 508 0.00019779
6057 508 0.00019779
514 513 0.15129
6444 513 0.15129
522 521 0.0001061
736 521 0.0001061
3419 521 0.0001061
3434 521 0.0001061
521 522 0.027581
3424 522 0.027581
3890 522 0.027581
524 523 0.0094253
1965 523 0.0094253
2884 523 0.0094253
523 524 0.0076329
564 524 0.0076329
6447 524 0.0076329
548 547 0.00018066
6226 547 0.00018066
6227 547 0.00018066
6230 547 0.00018066
547 548 0.00011558
2073 548 0.00011558
7094 548 0.00011558
550 549 0.02071
2391 549 0.02071
2392 549 0.02071
523 563 0.00022133
564 563 0.00022133
6447 563 0.00022133
563 564 0.095612
2888 564 0.095612
4801 564 0.095612
565 566 0.11152
980 566 0.11152
983 566 0.11152
567 568 0.097357
1467 568 0.097357
517 594 0.00015259
595 594 0.00015259
3437 594 0.00015259
3440 594 0.00015259
594 595 0.0001634
3408 595 0.0001634
3413 595 0.0001634
5260 723 0.30306
723 724 0.28367
6920 724 0.28367
728 727 0.00056855
3375 727 0.00056855
4693 727 0.00056855
727 728 0.25849
731 728 0.25849
7126 728 0.25849
732 731 0.006782
798 731 0.006782
7216 731 0.006782
727 732 0.0044229
731 732 0.0044229
7126 732 0.0044229
734 733 0.25695
2879 733 0.25695
5252 733 0.25695
733 734 0.0013864
7127 734 0.0013864
522 735 0.027947
736 735 0.027947
3419 735 0.027947
3434 735 0.027947
735 736 0.0011881
737 736 0.0011881
740 736 0.0011881
738 737 0.87528
2913 737 0.87528
5577 737 0.87528
735 739 0.90203
737 739 0.90203
740 739 0.90203
796 795 0.0023333
2875 795 0.0023333
3441 795 0.0023333
795 796 0.0044119
3577 796 0.0044119
4598 796 0.0044119
4615 796 0.0044119
732 797 0.004414
798 797 0.004414
7216 797 0.004414
797 798 0.006773
2876 798 0.006773
4596 798 0.006773
948 950 0.00020388
951 950 0.00020388
6355 950 0.00020388
950 951 0.00074208
6352 951 0.00074208
6353 951 0.00074208
6356 951 0.00074208
981 980 0.097742
5779 980 0.097742
6433 980 0.097742
6436 980 0.097742
565 982 0.00075956
980 982 0.00075956
983 982 0.00075956
982 983 0.014541
985 983 0.014541
2889 983 0.014541
982 984 0.00075956
985 984 0.00075956
2889 984 0.00075956
984 985 0.014541
987 985 0.014541
2891 985 0.014541
2893 985 0.014541
984 986 0.00075956
987 986 0.00075956
2891 986 0.00075956
2893 986 0.00075956
986 987 0.014541
2895 987 0.014541
4802 987 0.014541
994 995 0.00016422
997 995 0.00016422
2076 995 0.00016422
2077 995 0.00016422
1001 1000 0.00024391
1552 1000 0.00024391
1555 1000 0.00024391
1111 1110 0.00040449
1476 1110 0.00040449
6069 1110 0.00040449
1110 1111 0.43508
2880 1111 0.43508
2881 1111 0.43508
1466 1117 0.00025026
2325 1117 0.00025026
5085 1129 0.0015428
5267 1129 0.0015428
1232 1233 0.99918
7249 1233 0.99918
1235 1234 0.00037819
7248 1234 0.00037819
7250 1234 0.00037819
1234 1235 0.00010085
5816 1235 0.00010085
6117 1235 0.00010085
567 1466 0.00038526
1467 1466 0.00038526
1468 1467 0.097741
5934 1467 0.097741
1117 1468 0.00054082
2345 1468 0.00054082
1477 1476 0.00023046
3381 1476 0.00023046
3388 1476 0.00023046
1111 1477 0.43369
1476 1477 0.43369
6069 1477 0.43369
1528 1530 0.0083699
1531 1530 0.0083699
3303 1530 0.0083699
1530 1531 0.0063677
1533 1531 0.0063677
2850 1531 0.0063677
1530 1532 0.00097549
1533 1532 0.00097549
2850 1532 0.00097549
1532 1533 0.0017495
2851 1533 0.0017495
3339 1533 0.0017495
1544 1545 0.00026379
1547 1545 0.00026379
2807 1545 0.00026379
1544 1546 0.0018295
1547 1546 0.0018295
2807 1546 0.0018295
146 1548 0.0020921
1546 1548 0.0020921
1549 1548 0.0020921
1545 1550 0.00026379
1551 1550 0.00026379
4529 1550 0.00026379
1550 1552 0.00026379
1553 1552 0.00026379
4785 1552 0.00026379
5576 1966 0.026992
5579 1966 0.026992
2071 2072 0.00011855
6238 2072 0.00011855
6239 2072 0.00011855
2072 2073 0.00059747
2074 2073 0.00059747
2075 2073 0.00059747
3906 2073 0.00059747
994 2075 0.00046559
997 2075 0.00046559
2076 2075 0.00046559
2077 2075 0.00046559
2078 2077 0.00053512
2358 2077 0.00053512
2361 2077 0.00053512
6371 2077 0.00053512
724 2146 0.95825
2147 2146 0.95825
6794 2146 0.95825
2149 2148 0.67588
7287 2148 0.67588
2148 2149 0.0013466
6795 2149 0.0013466
2151 2150 0.97759
3649 2150 0.97759
3652 2150 0.97759
6823 2150 0.97759
549 2152 0.020708
2153 2152 0.020708
2864 2152 0.020708
6808 2152 0.020708
1466 2324 0.00014473
2325 2324 0.00014473
2344 2345 0.00029101
2347 2345 0.00029101
5906 2345 0.00029101
2346 2347 0.00017708
6960 2347 0.00017708
7108 2347 0.00017708
2353 2352 0.0039144
3337 2352 0.0039144
2352 2353 0.0010069
2355 2353 0.0010069
5269 2353 0.0010069
2352 2354 0.0034189
2355 2354 0.0034189
5269 2354 0.0034189
2354 2355 0.00020071
2357 2355 0.00020071
2354 2356 0.00039481
2357 2356 0.00039481
2356 2357 0.00024102
2359 2357 0.00024102
6362 2357 0.00024102
7160 2357 0.00024102
2356 2358 0.00042658
2359 2358 0.00042658
6362 2358 0.00042658
7160 2358 0.00042658
2078 2359 0.00014206
2358 2359 0.00014206
2361 2359 0.00014206
6371 2359 0.00014206
2078 2360 0.00010706
2358 2360 0.00010706
2361 2360 0.00010706
6371 2360 0.00010706
2375 2374 0.020667
2376 2374 0.020667
2806 2374 0.020667
145 2375 0.00027872
2374 2375 0.00027872
2730 2375 0.00027872
2377 2376 0.022389
2380 2376 0.022389
3644 2376 0.022389
2383 2382 0.97934
2385 2382 0.97934
2386 2382 0.97934
2384 2385 1.0001
6904 2385 1.0001
2383 2387 0.02071
2385 2387 0.02071
2386 2387 0.02071
2387 2391 0.02071
2388 2391 0.02071
2390 2391 0.02071
82 2661 0.00044329
2662 2661 0.00044329
2663 2661 0.00044329
2673 2661 0.00044329
2661 2662 0.00044329
3643 2662 0.00044329
3646 2662 0.00044329
2664 2663 0.00011686
2665 2663 0.00011686
2671 2663 0.00011686
82 2664 0.00033684
2662 2664 0.00033684
2663 2664 0.00033684
2673 2664 0.00033684
2672 2671 0.00011686
2674 2671 0.00011686
2664 2672 0.00033684
2665 2672 0.00033684
2671 2672 0.00033684
2672 2673 0.00033684
2674 2673 0.00033684
82 2674 0.00011686
2662 2674 0.00011686
2663 2674 0.00011686
2673 2674 0.00011686
79 2679 0.0011611
2680 2679 0.0011611
2681 2679 0.0011611
2682 2681 0.0011527
2683 2681 0.0011527
2804 2681 0.0011527
2709 2721 0.022385
2722 2721 0.022385
2723 2721 0.022385
6588 2721 0.022385
2724 2723 0.022385
2725 2723 0.022385
2861 2723 0.022385
2679 2725 0.022385
2726 2725 0.022385
2727 2725 0.022385
2728 2727 0.021366
2729 2727 0.021366
2873 2727 0.021366
2679 2728 0.00010952
2726 2728 0.00010952
2727 2728 0.00010952
145 2729 0.020436
2374 2729 0.020436
2730 2729 0.020436
2728 2730 0.0003125
2729 2730 0.0003125
2873 2730 0.0003125
2753 2752 0.99946
3327 2752 0.99946
5237 2752 0.99946
1000 2804 0.0011245
1548 2804 0.0011245
2805 2804 0.0011245
2874 2804 0.0011245
2375 2807 0.0020475
2376 2807 0.0020475
2806 2807 0.0020475
1530 2849 0.0090573
1533 2849 0.0090573
2850 2849 0.0090573
600 2850 0.0062811
2849 2850 0.0062811
3344 2850 0.0062811
3345 2850 0.0062811
1000 2873 0.0015662
1548 2873 0.0015662
2805 2873 0.0015662
2874 2873 0.0015662
2728 2874 0.00043371
2729 2874 0.00043371
2873 2874 0.00043371
797 2875 0.0015311
2876 2875 0.0015311
4596 2875 0.0015311
796 2876 0.0063269
2875 2876 0.0063269
3441 2876 0.0063269
566 2877 0.0043051
2878 2877 0.0043051
6439 2877 0.0043051
2877 2878 0.048978
2882 2878 0.048978
6443 2878 0.048978
6446 2878 0.048978
1110 2879 0.00047427
2880 2879 0.00047427
2881 2879 0.00047427
734 2880 0.53564
2879 2880 0.53564
5252 2880 0.53564
2877 2881 0.014932
2882 2881 0.014932
6443 2881 0.014932
6446 2881 0.014932
1110 2882 0.11542
2880 2882 0.11542
2881 2882 0.11542
524 2883 0.0076329
1965 2883 0.0076329
2884 2883 0.0076329
2883 2884 0.0094253
6445 2884 0.0094253
6448 2884 0.0094253
2886 2885 0.00012561
2887 2885 0.00012561
2901 2885 0.00012561
739 2886 0.1093
2885 2886 0.1093
5251 2886 0.1093
563 2887 0.00012561
2888 2887 0.00012561
4801 2887 0.00012561
2886 2888 0.1093
2887 2888 0.1093
2901 2888 0.1093
2911 2913 0.011065
2914 2913 0.011065
6130 2913 0.011065
133 3051 0.0001404
3052 3051 0.0001404
3051 3052 0.00041475
3710 3052 0.00041475
3711 3052 0.00041475
3054 3053 0.00072541
3685 3053 0.00072541
2360 3119 0.00010765
2363 3119 0.00010765
3120 3119 0.00010765
3122 3121 0.0052784
5270 3121 0.0052784
6233 3121 0.0052784
3121 3122 0.0012784
3328 3122 0.0012784
3329 3122 0.0012784
3124 3123 0.00028872
3307 3123 0.00028872
3308 3123 0.00028872
3637 3123 0.00028872
3123 3125 0.00027165
3126 3125 0.00027165
3312 3125 0.00027165
3125 3127 0.00012832
3128 3127 0.00012832
5949 3127 0.00012832
3135 3136 0.00014136
5948 3136 0.00014136
5953 3136 0.00014136
3138 3137 0.0035785
5832 3137 0.0035785
6422 3137 0.0035785
3137 3138 0.00094459
3302 3138 0.00094459
3338 3138 0.00094459
1528 3302 0.0063677
1531 3302 0.0063677
3303 3302 0.0063677
3137 3303 0.0083699
3302 3303 0.0083699
3338 3303 0.0083699
3136 3304 0.0029544
3305 3304 0.0029544
3306 3304 0.0029544
3124 3306 0.0028953
3307 3306 0.0028953
3308 3306 0.0028953
3637 3306 0.0028953
3321 3320 0.00018029
3322 3320 0.00018029
7097 3320 0.00018029
3320 3321 0.00049777
6977 3321 0.00049777
7096 3321 0.00049777
3323 3322 0.0002731
3324 3322 0.0002731
7103 3322 0.0002731
3321 3323 0.00093826
3322 3323 0.00093826
7097 3323 0.00093826
3325 3324 0.00068896
3326 3324 0.00068896
7099 3324 0.00068896
3323 3325 0.0035165
3324 3325 0.0035165
7103 3325 0.0035165
2753 3326 0.0026409
3327 3326 0.0026409
5237 3326 0.0026409
3325 3327 0.003547
3326 3327 0.003547
7099 3327 0.003547
2353 3328 0.99738
3337 3328 0.99738
3333 3335 0.00039058
3336 3335 0.00039058
6225 3335 0.00039058
3137 3337 1.0003
3302 3337 1.0003
3338 3337 1.0003
3343 3338 0.99966
3639 3338 0.99966
3962 3338 0.99966
3340 3339 0.0017495
3342 3339 0.0017495
3960 3339 0.0017495
1532 3340 0.00097548
2851 3340 0.00097548
3339 3340 0.00097548
3340 3341 0.00097549
3342 3341 0.00097549
3960 3341 0.00097549
3341 3342 0.0017495
3346 3342 0.0017495
4684 3342 0.0017495
600 3343 0.031307
2849 3343 0.031307
3344 3343 0.031307
3345 3343 0.031307
3343 3344 0.0053174
3639 3344 0.0053174
3962 3344 0.0053174
3341 3345 0.023753
3346 3345 0.023753
4684 3345 0.023753
600 3346 0.00053965
2849 3346 0.00053965
3344 3346 0.00053965
3345 3346 0.00053965
73 3347 0.023934
3348 3347 0.023934
3349 3347 0.023934
3350 3349 0.023934
3351 3349 0.023934
3363 3349 0.023934
3352 3351 0.023315
3366 3351 0.023315
3691 3351 0.023315
3364 3363 0.00065418
3365 3363 0.00065418
3367 3363 0.00065418
3352 3365 0.00024728
3366 3365 0.00024728
3691 3365 0.00024728
3364 3366 0.00042436
3365 3366 0.00042436
3367 3366 0.00042436
3368 3367 0.00081707
3369 3367 0.00081707
3665 3367 0.00081707
3370 3369 0.00033972
3692 3369 0.00033972
3693 3369 0.00033972
3368 3370 0.00024741
3369 3370 0.00024741
3665 3370 0.00024741
507 3371 0.00011617
3372 3371 0.00011617
6057 3371 0.00011617
225 3372 0.00019779
2186 3372 0.00019779
3371 3372 0.00019779
4692 3372 0.00019779
497 3373 0.00012723
500 3373 0.00012723
3374 3373 0.00012723
3373 3374 0.0003254
3392 3374 0.0003254
6068 3374 0.0003254
3376 3375 0.00057334
3377 3375 0.00057334
3389 3375 0.00057334
4613 3375 0.00057334
728 3376 0.25841
3375 3376 0.25841
4693 3376 0.25841
3378 3377 0.003204
3379 3377 0.003204
6063 3377 0.003204
3376 3378 0.25725
3377 3378 0.25725
3389 3378 0.25725
4613 3378 0.25725
3380 3379 0.0051086
3387 3379 0.0051086
6065 3379 0.0051086
3378 3380 0.26181
3379 3380 0.26181
6063 3380 0.26181
3382 3381 0.00051725
3383 3381 0.00051725
6067 3381 0.00051725
1477 3382 0.6919
3381 3382 0.6919
3388 3382 0.6919
3384 3383 0.30743
4379 3383 0.30743
4381 3383 0.30743
6442 3383 0.30743
1477 3387 0.006966
3381 3387 0.006966
3388 3387 0.006966
3380 3388 0.26489
3387 3388 0.26489
6065 3388 0.26489
221 3389 0.025602
3390 3389 0.025602
6064 3389 0.025602
3376 3390 0.030613
3377 3390 0.030613
3389 3390 0.030613
4613 3390 0.030613
3373 3391 0.0027269
3392 3391 0.0027269
6068 3391 0.0027269
65 3392 0.0041349
3391 3392 0.0041349
3396 3392 0.0041349
69 3393 0.0027812
3394 3393 0.0027812
3395 3393 0.0027812
6066 3393 0.0027812
67 3394 0.0051657
71 3394 0.0051657
222 3394 0.0051657
3393 3394 0.0051657
65 3395 0.002622
3391 3395 0.002622
3396 3395 0.002622
69 3396 0.0038677
3394 3396 0.0038677
3395 3396 0.0038677
6066 3396 0.0038677
594 3407 0.00021961
3408 3407 0.00021961
3413 3407 0.00021961
3407 3408 0.00013337
3573 3408 0.00013337
3576 3408 0.00013337
3410 3409 0.00014793
3411 3409 0.00014793
3439 3409 0.00014793
3569 3409 0.00014793
3409 3410 0.00011611
3414 3410 0.00011611
6452 3410 0.00011611
3409 3413 0.00018818
3414 3413 0.00018818
6452 3413 0.00018818
522 3420 0.0004263
736 3420 0.0004263
3419 3420 0.0004263
3434 3420 0.0004263
1966 3424 0.026992
3423 3424 0.026992
3425 3429 0.00040962
3430 3429 0.00040962
3891 3429 0.00040962
3427 3430 0.00085404
3429 3430 0.00085404
6139 3430 0.00085404
6461 3430 0.00085404
522 3433 0.0010538
736 3433 0.0010538
3419 3433 0.0010538
3434 3433 0.0010538
561 3434 0.00071135
3433 3434 0.00071135
6459 3434 0.00071135
6462 3434 0.00071135
3436 3435 0.00045023
3442 3435 0.00045023
3443 3435 0.00045023
4595 3435 0.00045023
3435 3436 0.00073065
3438 3436 0.00073065
3571 3436 0.00073065
3574 3436 0.00073065
3435 3437 0.00026716
3438 3437 0.00026716
3571 3437 0.00026716
3574 3437 0.00026716
517 3438 0.00024615
595 3438 0.00024615
3437 3438 0.00024615
3440 3438 0.00024615
517 3439 0.0001404
595 3439 0.0001404
3437 3439 0.0001404
3440 3439 0.0001404
3410 3440 0.00013858
3411 3440 0.00013858
3439 3440 0.00013858
3569 3440 0.00013858
3436 3441 0.0045422
3442 3441 0.0045422
3443 3441 0.0045422
4595 3441 0.0045422
796 3442 0.0018251
2875 3442 0.0018251
3441 3442 0.0018251
3435 3573 0.00029272
3438 3573 0.00029272
3571 3573 0.00029272
3574 3573 0.00029272
3407 3574 0.00059414
3573 3574 0.00059414
3576 3574 0.00059414
3407 3575 0.00034604
3573 3575 0.00034604
3576 3575 0.00034604
3575 3576 0.00056123
3578 3576 0.00056123
4617 3576 0.00056123
3575 3577 0.00046165
3578 3577 0.00046165
4617 3577 0.00046165
795 3578 0.00050891
3577 3578 0.00050891
4598 3578 0.00050891
4615 3578 0.00050891
3638 3637 0.0032281
3640 3637 0.0032281
5268 3637 0.0032281
3124 3638 0.00013352
3307 3638 0.00013352
3308 3638 0.00013352
3637 3638 0.00013352
3638 3639 0.00083778
3640 3639 0.00083778
5268 3639 0.00083778
3343 3640 0.0032664
3639 3640 0.0032664
3962 3640 0.0032664
2711 3642 0.022385
2721 3642 0.022385
3641 3642 0.022385
2661 3644 0.022389
3643 3644 0.022389
3646 3644 0.022389
2661 3645 0.00043446
3643 3645 0.00043446
3646 3645 0.00043446
2382 3646 0.022819
3645 3646 0.022819
3648 3646 0.022819
2382 3647 0.95696
3645 3647 0.95696
3648 3647 0.95696
3647 3649 0.95691
3650 3649 0.95691
2151 3651 0.0010393
3649 3651 0.0010393
3652 3651 0.0010393
6823 3651 0.0010393
3212 3652 0.0010196
3651 3652 0.0010196
3654 3652 0.0010196
3212 3653 0.00099096
3651 3653 0.00099096
3654 3653 0.00099096
3653 3654 0.00097493
3656 3654 0.00097493
6210 3654 0.00097493
3653 3655 0.00026248
3656 3655 0.00026248
6210 3655 0.00026248
3655 3656 0.00081378
3658 3656 0.00081378
6205 3656 0.00081378
3666 3665 0.0007197
3667 3665 0.0007197
5843 3665 0.0007197
3668 3667 0.000742
3669 3667 0.000742
6478 3667 0.000742
3670 3669 0.00018121
3679 3669 0.00018121
5851 3669 0.00018121
3668 3670 0.000207
3669 3670 0.000207
6478 3670 0.000207
3671 3672 0.00016363
5854 3672 0.00016363
3672 3674 0.00023203
3673 3674 0.00023203
3675 3674 0.00023203
3680 3679 0.00024582
3681 3679 0.00024582
3689 3679 0.00024582
6479 3679 0.00024582
3670 3680 0.00016233
3679 3680 0.00016233
5851 3680 0.00016233
3053 3681 0.00098408
3682 3681 0.00098408
3683 3681 0.00098408
3684 3683 0.00089623
3686 3683 0.00089623
3687 3683 0.00089623
3053 3684 0.00064599
3682 3684 0.00064599
3683 3684 0.00064599
3684 3685 0.00072541
3686 3685 0.00072541
3687 3685 0.00072541
3688 3687 0.0015565
3714 3687 0.0015565
3715 3687 0.0015565
3684 3688 0.00066087
3686 3688 0.00066087
3687 3688 0.00066087
3370 3691 0.023138
3692 3691 0.023138
3693 3691 0.023138
3694 3693 0.023218
3695 3693 0.023218
6563 3693 0.023218
3674 3695 0.023196
3696 3695 0.023196
3697 3695 0.023196
3642 3697 0.02305
3698 3697 0.02305
3716 3697 0.02305
3051 3709 0.00022835
3710 3709 0.00022835
3711 3709 0.00022835
134 3710 0.00044508
3708 3710 0.00044508
3709 3710 0.00044508
2146 3711 0.00062339
3712 3711 0.00062339
4663 3711 0.00062339
7113 3711 0.00062339
3051 3712 0.00056578
3710 3712 0.00056578
3711 3712 0.00056578
3688 3713 0.002767
3714 3713 0.002767
3715 3713 0.002767
3713 3714 0.0043144
6921 3714 0.0043144
7114 3714 0.0043144
3642 3715 0.0022021
3698 3715 0.0022021
3716 3715 0.0022021
3688 3716 0.0028539
3714 3716 0.0028539
3715 3716 0.0028539
3425 3890 0.00089245
3430 3890 0.00089245
3891 3890 0.00089245
521 3891 0.00040979
3424 3891 0.00040979
3890 3891 0.00040979
3898 3899 0.011066
5581 3899 0.011066
5935 3899 0.011066
1237 3903 0.00032357
3902 3903 0.00032357
6118 3903 0.00032357
3907 3906 0.00023855
4019 3906 0.00023855
6228 3906 0.00023855
6358 3906 0.00023855
2072 3907 0.00020843
2074 3907 0.00020843
2075 3907 0.00020843
3906 3907 0.00020843
4685 3962 0.97609
5086 3962 0.97609
1129 3964 0.00024835
3963 3964 0.00024835
4020 4019 0.00076974
6232 4019 0.00076974
6351 4019 0.00076974
3907 4020 0.00023053
4019 4020 0.00023053
6228 4020 0.00023053
6358 4020 0.00023053
4175 4174 0.00016451
4176 4174 0.00016451
5784 4174 0.00016451
5785 4174 0.00016451
568 4175 0.00091068
4174 4175 0.00091068
6435 4175 0.00091068
4177 4176 0.00010918
4178 4176 0.00010918
5970 4176 0.00010918
3385 4381 0.1562
4382 4381 0.1562
6437 4381 0.1562
6440 4381 0.1562
797 4595 0.0045838
2876 4595 0.0045838
4596 4595 0.0045838
3436 4596 0.0021471
3442 4596 0.0021471
3443 4596 0.0021471
4595 4596 0.0021471
795 4597 0.002542
3577 4597 0.002542
4598 4597 0.002542
4615 4597 0.002542
4597 4598 0.0046678
5250 4598 0.0046678
5253 4598 0.0046678
57 4611 0.00039035
60 4611 0.00039035
4610 4611 0.00039035
3376 4612 0.013442
3377 4612 0.013442
3389 4612 0.013442
4613 4612 0.013442
61 4613 0.014658
4612 4613 0.014658
6070 4613 0.014658
4616 4617 0.00023018
6451 4617 0.00023018
6454 4617 0.00023018
2146 4662 0.97599
3712 4662 0.97599
4663 4662 0.97599
7113 4662 0.97599
3347 4684 0.023989
3354 4684 0.023989
4683 4684 0.023989
225 4691 0.00011621
2186 4691 0.00011621
3371 4691 0.00011621
4692 4691 0.00011621
729 4692 0.0001978
4691 4692 0.0001978
4694 4692 0.0001978
729 4693 0.00011621
4691 4693 0.00011621
4694 4693 0.00011621
728 4694 0.0001978
3375 4694 0.0001978
4693 4694 0.0001978
986 4801 0.00075956
2895 4801 0.00075956
4802 4801 0.00075956
563 4802 0.014541
2888 4802 0.014541
4801 4802 0.014541
4685 5085 0.0014539
5086 5085 0.0014539
5087 5086 0.9775
5271 5086 0.9775
1129 5087 0.0013115
3963 5087 0.0013115
3121 5237 1.0014
3328 5237 1.0014
3329 5237 1.0014
739 5250 0.79299
2885 5250 0.79299
5251 5250 0.79299
4597 5251 0.00013597
5250 5251 0.00013597
5253 5251 0.00013597
4597 5252 0.79082
5250 5252 0.79082
5253 5252 0.79082
2149 5260 0.30306
7287 5260 0.30306
3638 5267 0.00016561
3640 5267 0.00016561
5268 5267 0.00016561
3138 5268 0.0008316
5832 5268 0.0008316
6422 5268 0.0008316
3122 5269 0.0010484
5270 5269 0.0010484
6233 5269 0.0010484
2753 5270 0.0028264
3327 5270 0.0028264
5237 5270 0.0028264
3964 5271 0.97624
6738 5271 0.97624
738 5576 0.00011923
2913 5576 0.00011923
5577 5576 0.00011923
5576 5577 0.86435
5579 5577 0.86435
5578 5579 0.89126
5583 5579 0.89126
5584 5579 0.89126
1233 5581 0.10827
5580 5581 0.10827
5582 5581 0.10827
1233 5583 0.89099
5580 5583 0.89099
5582 5583 0.89099
5265 5584 0.00029223
5585 5584 0.00029223
6124 5584 0.00029223
5780 5779 0.0011221
5781 5779 0.0011221
5786 5779 0.0011221
2632 5781 0.00020384
5782 5781 0.00020384
5883 5781 0.00020384
5886 5781 0.00020384
5783 5784 0.00014885
5788 5784 0.00014885
5796 5784 0.00014885
4175 5786 0.0009199
4176 5786 0.0009199
5784 5786 0.0009199
5785 5786 0.0009199
5787 5788 0.00013998
5914 5788 0.00013998
5915 5788 0.00013998
5818 5819 0.00029068
6126 5819 0.00029068
6128 5819 0.00029068
3335 5822 0.0014926
5823 5822 0.0014926
5831 5822 0.0014926
6967 5822 0.0014926
5822 5823 0.00046259
6963 5823 0.00046259
7102 5823 0.00046259
7104 5823 0.00046259
5825 5824 0.00023973
5826 5824 0.00023973
5830 5824 0.00023973
5824 5825 0.0014923
6964 5825 0.0014923
7100 5825 0.0014923
3335 5830 0.00025039
5823 5830 0.00025039
5831 5830 0.00025039
6967 5830 0.00025039
5825 5831 0.0014498
5826 5831 0.0014498
5830 5831 0.0014498
2352 5832 0.00073765
2355 5832 0.00073765
5269 5832 0.00073765
3670 5852 0.00016363
3679 5852 0.00016363
5851 5852 0.00016363
5852 5854 0.00016363
5853 5854 0.00016363
4181 5886 0.00021746
4182 5886 0.00021746
5885 5886 0.00021746
5888 5886 0.00021746
5795 5888 0.0001801
5887 5888 0.0001801
5890 5888 0.0001801
4163 5890 0.00017649
4164 5890 0.00017649
5889 5890 0.00017649
5892 5890 0.00017649
5792 5892 0.00018201
5891 5892 0.00018201
5894 5892 0.00018201
5893 5894 0.00018926
7255 5894 0.00018926
5895 5896 0.00024214
7253 5896 0.00024214
5897 5898 0.00023964
5900 5898 0.00023964
5983 5898 0.00023964
5899 5900 0.00027249
5902 5900 0.00027249
5910 5900 0.00027249
1655 5902 0.00027324
5745 5902 0.00027324
5901 5902 0.00027324
5904 5902 0.00027324
2349 5904 0.00029922
5903 5904 0.00029922
5986 5904 0.00029922
7105 5904 0.00029922
5905 5906 0.0001172
6955 5906 0.0001172
7110 5906 0.0001172
5789 5914 0.00013998
5911 5914 0.00013998
5913 5914 0.00013998
5982 5914 0.00013998
3898 5934 0.097236
5581 5934 0.097236
5935 5934 0.097236
3125 5948 0.00015036
3128 5948 0.00015036
5949 5948 0.00015036
3189 5982 0.00013288
4707 5982 0.00013288
5981 5982 0.00013288
7130 5982 0.00013288
3319 5986 0.00052128
5985 5986 0.00052128
7093 5986 0.00052128
7095 5986 0.00052128
221 6063 0.030018
3390 6063 0.030018
6064 6063 0.030018
3378 6064 0.027363
3379 6064 0.027363
6063 6064 0.027363
69 6065 0.0059474
3394 6065 0.0059474
3395 6065 0.0059474
6066 6065 0.0059474
3380 6066 0.0047193
3387 6066 0.0047193
6065 6066 0.0047193
3373 6067 0.0042347
3392 6067 0.0042347
6068 6067 0.0042347
3382 6068 0.0030249
3383 6068 0.0030249
6067 6068 0.0030249
61 6069 0.013442
4612 6069 0.013442
6070 6069 0.013442
1111 6070 0.014658
1476 6070 0.014658
6069 6070 0.014658
1237 6117 0.00010085
3902 6117 0.00010085
6118 6117 0.00010085
1234 6118 0.00037819
5816 6118 0.00037819
6117 6118 0.00037819
5819 6124 0.00029209
5821 6124 0.00029209
6123 6124 0.00029209
1246 6128 0.00026899
3901 6128 0.00026899
3903 6128 0.00026899
6127 6128 0.00026899
2903 6130 0.011065
6129 6130 0.011065
6132 6130 0.011065
2905 6132 0.011065
6131 6132 0.011065
6134 6132 0.011065
2907 6134 0.011013
6133 6134 0.011013
6136 6134 0.011013
2909 6136 0.011066
3899 6136 0.011066
6135 6136 0.011066
6206 6205 0.00081126
6209 6205 0.00081126
6211 6205 0.00081126
3655 6206 0.00024394
3658 6206 0.00024394
6205 6206 0.00024394
3653 6209 0.00081126
3656 6209 0.00081126
6210 6209 0.00081126
6206 6210 0.00024394
6209 6210 0.00024394
6211 6210 0.00024394
548 6225 0.00034329
6226 6225 0.00034329
6227 6225 0.00034329
6230 6225 0.00034329
3333 6226 0.0001023
3336 6226 0.0001023
6225 6226 0.0001023
3907 6227 0.00086078
4019 6227 0.00086078
6228 6227 0.00086078
6358 6227 0.00086078
548 6229 0.00058719
6226 6229 0.00058719
6227 6229 0.00058719
6230 6229 0.00058719
4020 6231 0.0022451
6232 6231 0.0022451
6351 6231 0.0022451
6231 6232 0.00056139
6234 6232 0.00056139
6354 6232 0.00056139
6231 6233 0.0028756
6234 6233 0.0028756
6354 6233 0.0028756
3122 6234 0.00065362
5270 6234 0.00065362
6233 6234 0.00065362
950 6351 0.0022733
6352 6351 0.0022733
6353 6351 0.0022733
6356 6351 0.0022733
2354 6353 0.0030645
2357 6353 0.0030645
948 6354 0.00074208
951 6354 0.00074208
6355 6354 0.00074208
6231 6355 0.00020388
6234 6355 0.00020388
6354 6355 0.00020388
950 6357 0.00032419
6352 6357 0.00032419
6353 6357 0.00032419
6356 6357 0.00032419
995 6358 0.00036651
6359 6358 0.00036651
6360 6358 0.00036651
6357 6360 0.00028389
6361 6360 0.00028389
3140 6371 0.00031482
6372 6371 0.00031482
6373 6371 0.00031482
6407 6371 0.00031482
3143 6373 0.00025799
3146 6373 0.00025799
6374 6373 0.00025799
6375 6373 0.00025799
6376 6375 0.00023098
6377 6375 0.00023098
6417 6375 0.00023098
5952 6377 0.00017179
6378 6377 0.00017179
6379 6377 0.00017179
3127 6379 0.00011697
3130 6379 0.00011697
6380 6379 0.00011697
6381 6379 0.00011697
6416 6415 0.00012885
6418 6415 0.00012885
6419 6415 0.00012885
6416 6417 0.00012624
6418 6417 0.00012624
6419 6417 0.00012624
3304 6419 0.00025106
6420 6419 0.00025106
6421 6419 0.00025106
3138 6421 0.0002768
5832 6421 0.0002768
6422 6421 0.0002768
3304 6422 0.0030047
6420 6422 0.0030047
6421 6422 0.0030047
568 6436 0.096614
4174 6436 0.096614
6435 6436 0.096614
566 6440 0.1562
2878 6440 0.1562
6439 6440 0.1562
513 6442 0.15129
6441 6442 0.15129
2877 6444 0.15129
2882 6444 0.15129
6443 6444 0.15129
6446 6444 0.15129
2877 6445 0.00037619
2882 6445 0.00037619
6443 6445 0.00037619
6446 6445 0.00037619
2883 6446 0.095767
6445 6446 0.095767
6448 6446 0.095767
2883 6447 0.00022239
6445 6447 0.00022239
6448 6447 0.00022239
523 6448 0.097406
564 6448 0.097406
6447 6448 0.097406
3416 6454 0.00027044
3417 6454 0.00027044
6453 6454 0.00027044
6456 6454 0.00027044
4611 6456 0.00025616
6455 6456 0.00025616
6458 6456 0.00025616
4611 6457 0.00037451
6455 6457 0.00037451
6458 6457 0.00037451
6071 6458 0.00023426
6457 6458 0.00023426
6460 6458 0.00023426
6071 6459 0.00037451
6457 6459 0.00037451
6460 6459 0.00037451
561 6460 0.00023426
3433 6460 0.00023426
6459 6460 0.00023426
6462 6460 0.00023426
561 6461 0.00087923
3433 6461 0.00087923
6459 6461 0.00087923
6462 6461 0.00087923
3427 6462 0.00039658
3429 6462 0.00039658
6139 6462 0.00039658
6461 6462 0.00039658
3680 6478 0.00077921
3681 6478 0.00077921
3689 6478 0.00077921
6479 6478 0.00077921
4662 6738 0.97599
6739 6738 0.97599
2148 6794 0.67588
6795 6794 0.67588
724 6795 0.0013466
2147 6795 0.0013466
6794 6795 0.0013466
2150 6796 0.97759
6797 6796 0.97759
2152 6823 0.020708
6824 6823 0.020708
6903 6904 1.0001
6906 6904 1.0001
6916 6904 1.0001
6903 6905 0.18639
6906 6905 0.18639
6916 6905 0.18639
6905 6906 0.24414
6908 6906 0.24414
6910 6906 0.24414
6905 6907 0.30666
6908 6907 0.30666
6910 6907 0.30666
6907 6908 0.11756
6914 6908 0.11756
6917 6908 0.11756
6905 6909 0.068319
6908 6909 0.068319
6910 6909 0.068319
6909 6910 0.31517
6912 6910 0.31517
7072 6910 0.31517
6913 6911 1
6911 6912 1
6913 6912 1
6915 6914 0.7554
6919 6914 0.7554
7071 6914 0.7554
6907 6915 0.0022034
6914 6915 0.0022034
6917 6915 0.0022034
6907 6916 0.94589
6914 6916 0.94589
6917 6916 0.94589
6903 6917 0.0035852
6906 6917 0.0035852
6916 6917 0.0035852
3713 6920 0.037766
6921 6920 0.037766
7114 6920 0.037766
723 6921 0.057162
6920 6921 0.057162
5824 6963 0.0017123
6964 6963 0.0017123
7100 6963 0.0017123
5822 6964 0.0010435
6963 6964 0.0010435
7102 6964 0.0010435
7104 6964 0.0010435
3335 6968 0.00055807
5823 6968 0.00055807
5831 6968 0.00055807
6967 6968 0.00055807
6969 6971 0.00016345
6972 6971 0.00016345
6975 6971 0.00016345
7066 6971 0.00016345
6971 6972 0.00011878
6974 6972 0.00011878
7064 6972 0.00011878
6971 6973 0.00032258
6974 6973 0.00032258
7064 6973 0.00032258
6973 6975 0.000241
6976 6975 0.000241
6978 6975 0.000241
6969 6976 0.00013687
6972 6976 0.00013687
6975 6976 0.00013687
7066 6976 0.00013687
6973 6977 0.00032282
6976 6977 0.00032282
6978 6977 0.00032282
3320 6978 0.00016166
6977 6978 0.00016166
7096 6978 0.00016166
6980 6979 0.00017761
7065 6979 0.00017761
7098 6979 0.00017761
6229 6980 0.00046583
6979 6980 0.00046583
7063 6980 0.00046583
6229 7064 0.00027556
6979 7064 0.00027556
7063 7064 0.00027556
6969 7065 0.00019913
6972 7065 0.00019913
6975 7065 0.00019913
7066 7065 0.00019913
6980 7066 0.00013967
7065 7066 0.00013967
7098 7066 0.00013967
6909 7071 0.75536
6912 7071 0.75536
7072 7071 0.75536
6915 7072 0.0022106
6919 7072 0.0022106
7071 7072 0.0022106
547 7093 0.00066502
2073 7093 0.00066502
7094 7093 0.00066502
3320 7095 0.00022744
6977 7095 0.00022744
7096 7095 0.00022744
3319 7096 0.00038377
5985 7096 0.00038377
7093 7096 0.00038377
7095 7096 0.00038377
6980 7097 0.0005402
7065 7097 0.0005402
7098 7097 0.0005402
3321 7098 0.00019252
3322 7098 0.00019252
7097 7098 0.00019252
5824 7099 0.00081782
6964 7099 0.00081782
7100 7099 0.00081782
3325 7100 0.0027392
3326 7100 0.0027392
7099 7100 0.0027392
6965 7102 0.00055807
6968 7102 0.00055807
7101 7102 0.00055807
5822 7103 0.0027333
6963 7103 0.0027333
7102 7103 0.0027333
7104 7103 0.0027333
3323 7104 0.00057091
3324 7104 0.00057091
7103 7104 0.00057091
2349 7106 0.00023347
5903 7106 0.00023347
5986 7106 0.00023347
7105 7106 0.00023347
6961 7108 0.00023347
7106 7108 0.00023347
7107 7108 0.00023347
3713 7113 0.057832
6921 7113 0.057832
7114 7113 0.057832
2146 7114 0.039983
3712 7114 0.039983
4663 7114 0.039983
7113 7114 0.039983
733 7126 0.25695
7127 7126 0.25695
727 7127 0.0013864
731 7127 0.0013864
7126 7127 0.0013864
2324 7130 0.00014473
7131 7130 0.00014473
6796 7182 0.97759
7183 7182 0.97759
7182 7184 0.97759
7185 7184 0.97759
1235 7249 0.99918
7248 7249 0.99918
7250 7249 0.99918
2752 7250 0.99946
7251 7250 0.99946
942 7253 0.00024214
945 7253 0.00024214
5898 7253 0.00024214
7252 7253 0.00024214
2329 7255 0.00018926
5896 7255 0.00018926
7254 7255 0.00018926
7258 7255 0.00018926
7184 7287 0.97759
7288 7287 0.97759
