224 223 0.00014875
823 223 0.00014875
826 223 0.00014875
223 224 0.004807
226 224 0.004807
495 224 0.004807
236 235 0.001167
819 235 0.001167
4580 235 0.001167
235 236 0.00053175
460 236 0.00053175
6056 236 0.00053175
253 255 0.0019263
256 255 0.0019263
436 255 0.0019263
1086 255 0.0019263
267 268 0.99988
7247 268 0.99988
269 270 0.99809
272 270 0.99809
469 270 0.99809
269 271 0.0019101
272 271 0.0019101
469 271 0.0019101
271 272 0.0058575
274 272 0.0058575
435 272 0.0058575
273 274 0.0058664
276 274 0.0058664
467 274 0.0058664
253 435 0.00011642
256 435 0.00011642
436 435 0.00011642
1086 435 0.00011642
271 436 0.0020228
274 436 0.0020228
435 436 0.0020228
448 447 0.00010558
7238 447 0.00010558
7242 447 0.00010558
233 456 0.00041565
455 456 0.00041565
463 456 0.00041565
458 457 0.00023573
3398 457 0.00023573
3399 457 0.00023573
456 458 0.0014885
457 458 0.0014885
6055 458 0.0014885
235 459 0.0001989
460 459 0.0001989
6056 459 0.0001989
459 460 0.0004529
461 460 0.0004529
464 460 0.0004529
462 461 0.00071091
817 461 0.00071091
820 461 0.00071091
459 463 0.00041565
461 463 0.00041565
464 463 0.00041565
468 467 0.0058663
831 467 0.0058663
834 467 0.0058663
470 469 0.99414
825 469 0.99414
828 469 0.99414
496 495 0.0048156
821 495 0.0048156
824 495 0.0048156
223 496 0.00014246
226 496 0.00014246
495 496 0.00014246
236 820 0.00071091
819 820 0.00071091
4580 820 0.00071091
822 821 1
496 823 0.99534
821 823 0.99534
824 823 0.99534
224 825 0.99999
823 825 0.99999
826 825 0.99999
470 827 0.0058663
825 827 0.0058663
828 827 0.0058663
477 829 0.0058663
827 829 0.0058663
830 829 0.0058663
479 831 0.0058663
829 831 0.0058663
832 831 0.0058663
260 1070 0.00010556
1068 1070 0.00010556
1071 1070 0.00010556
6051 1070 0.00010556
3400 3399 0.00023643
4579 3399 0.00023643
7244 3399 0.00023643
458 3400 0.0015041
3398 3400 0.0015041
3399 3400 0.0015041
268 3401 0.99999
3402 3401 0.99999
5255 3401 0.99999
236 4579 0.00059409
819 4579 0.00059409
4580 4579 0.00059409
3400 4580 0.0018468
4579 4580 0.0018468
7244 4580 0.0018468
5254 5255 0.00010558
7155 5255 0.00010558
255 6049 0.0019373
258 6049 0.0019373
6050 6049 0.0019373
270 6050 0.00013586
6049 6050 0.00013586
7246 6050 0.00013586
235 6055 0.0011395
460 6055 0.0011395
6056 6055 0.0011395
456 6056 0.00025033
457 6056 0.00025033
6055 6056 0.00025033
6053 7155 0.00010558
7154 7155 0.00010558
7240 7155 0.00010558
447 7240 0.00010558
7241 7240 0.00010558
1070 7242 0.00010556
7243 7242 0.00010556
3401 7244 0.0020636
7245 7244 0.0020636
3400 7245 0.0020785
4579 7245 0.0020785
7244 7245 0.0020785
270 7247 0.99988
6049 7247 0.99988
7246 7247 0.99988
