57 58 0.00026438
60 58 0.00026438
4610 58 0.00026438
59 60 0.0046559
3420 60 0.0046559
3421 60 0.0046559
522 521 0.20798
736 521 0.20798
3419 521 0.20798
3434 521 0.20798
521 522 0.04233
3424 522 0.04233
3890 522 0.04233
522 735 0.00017952
736 735 0.00017952
3419 735 0.00017952
3434 735 0.00017952
735 736 0.36353
737 736 0.36353
740 736 0.36353
738 737 0.36389
2913 737 0.36389
5577 737 0.36389
735 738 0.00017057
737 738 0.00017057
740 738 0.00017057
735 739 0.00039909
737 739 0.00039909
740 739 0.00039909
762 763 0.023563
764 763 0.023563
3428 763 0.023563
763 764 0.00056299
3426 764 0.00056299
948 950 0.00013789
951 950 0.00013789
6355 950 0.00013789
950 951 0.0010855
6352 951 0.0010855
6353 951 0.0010855
6356 951 0.0010855
994 995 0.00014093
997 995 0.00014093
2076 995 0.00014093
2077 995 0.00014093
1232 1233 0.99968
7249 1233 0.99968
1235 1234 0.00040671
7248 1234 0.00040671
7250 1234 0.00040671
1234 1235 0.0001009
5816 1235 0.0001009
6117 1235 0.0001009
5576 1966 0.63627
5579 1966 0.63627
2072 2073 0.00029792
2074 2073 0.00029792
2075 2073 0.00029792
3906 2073 0.00029792
994 2075 0.00031228
997 2075 0.00031228
2076 2075 0.00031228
2077 2075 0.00031228
2078 2077 0.00038805
2358 2077 0.00038805
2361 2077 0.00038805
6371 2077 0.00038805
2352 2353 0.027618
2355 2353 0.027618
5269 2353 0.027618
2352 2354 0.004917
2355 2354 0.004917
5269 2354 0.004917
2354 2356 0.00045723
2357 2356 0.00045723
2356 2358 0.00046779
2359 2358 0.00046779
6362 2358 0.00046779
7160 2358 0.00046779
2078 2360 0.00010138
2358 2360 0.00010138
2361 2360 0.00010138
6371 2360 0.00010138
2753 2752 0.99998
3327 2752 0.99998
5237 2752 0.99998
2911 2913 0.0061717
2914 2913 0.0061717
6130 2913 0.0061717
3122 3121 0.97162
5270 3121 0.97162
6233 3121 0.97162
3138 3137 0.0025638
5832 3137 0.0025638
6422 3137 0.0025638
3320 3321 0.00039764
6977 3321 0.00039764
7096 3321 0.00039764
3323 3322 0.00012505
3324 3322 0.00012505
7103 3322 0.00012505
3321 3323 0.00076946
3322 3323 0.00076946
7097 3323 0.00076946
3325 3324 0.00054681
3326 3324 0.00054681
7099 3324 0.00054681
3323 3325 0.0032728
3324 3325 0.0032728
7103 3325 0.0032728
2753 3326 0.0024788
3327 3326 0.0024788
5237 3326 0.0024788
3325 3327 0.0033166
3326 3327 0.0033166
7099 3327 0.0033166
2353 3328 0.030373
3337 3328 0.030373
3333 3335 0.00031879
3336 3335 0.00031879
6225 3335 0.00031879
3137 3337 0.0027651
3302 3337 0.0027651
3338 3337 0.0027651
3343 3338 0.0002582
3639 3338 0.0002582
3962 3338 0.0002582
58 3417 0.00026438
519 3417 0.00026438
3418 3417 0.00026438
522 3420 0.0046559
736 3420 0.0046559
3419 3420 0.0046559
3434 3420 0.0046559
1966 3424 0.63627
3423 3424 0.63627
763 3425 0.023563
3426 3425 0.023563
3425 3426 0.00056299
3430 3426 0.00056299
3891 3426 0.00056299
762 3427 0.00056299
764 3427 0.00056299
3428 3427 0.00056299
3427 3428 0.023563
3429 3428 0.023563
6139 3428 0.023563
6461 3428 0.023563
3425 3429 0.010869
3430 3429 0.010869
3891 3429 0.010869
3427 3430 0.18596
3429 3430 0.18596
6139 3430 0.18596
6461 3430 0.18596
522 3433 0.19332
736 3433 0.19332
3419 3433 0.19332
3434 3433 0.19332
561 3434 0.00021593
3433 3434 0.00021593
6459 3434 0.00021593
6462 3434 0.00021593
795 3578 0.00034131
3577 3578 0.00034131
4598 3578 0.00034131
4615 3578 0.00034131
3638 3639 0.00019807
3640 3639 0.00019807
5268 3639 0.00019807
3425 3890 0.0013697
3430 3890 0.0013697
3891 3890 0.0013697
521 3891 0.80328
3424 3891 0.80328
3890 3891 0.80328
3898 3899 0.0061702
5581 3899 0.0061702
5935 3899 0.0061702
1237 3903 0.0003477
3902 3903 0.0003477
6118 3903 0.0003477
2072 3907 0.00018013
2074 3907 0.00018013
2075 3907 0.00018013
3906 3907 0.00018013
4020 4019 0.00036718
6232 4019 0.00036718
6351 4019 0.00036718
3907 4020 0.00023906
4019 4020 0.00023906
6228 4020 0.00023906
6358 4020 0.00023906
4597 4598 0.00035323
5250 4598 0.00035323
5253 4598 0.00035323
57 4611 0.0044305
60 4611 0.0044305
4610 4611 0.0044305
3575 4616 0.00034944
3578 4616 0.00034944
4617 4616 0.00034944
3121 5237 1.002
3328 5237 1.002
3329 5237 1.002
739 5250 0.00038784
2885 5250 0.00038784
5251 5250 0.00038784
3138 5268 0.00022681
5832 5268 0.00022681
6422 5268 0.00022681
3122 5269 0.035235
5270 5269 0.035235
6233 5269 0.035235
2753 5270 0.0028096
3327 5270 0.0028096
5237 5270 0.0028096
738 5576 0.0017869
2913 5576 0.0017869
5577 5576 0.0017869
5576 5577 0.35934
5579 5577 0.35934
5578 5579 0.99382
5583 5579 0.99382
5584 5579 0.99382
1233 5581 0.0061989
5580 5581 0.0061989
5582 5581 0.0061989
1233 5583 0.99351
5580 5583 0.99351
5582 5583 0.99351
5265 5584 0.00032082
5585 5584 0.00032082
6124 5584 0.00032082
5818 5819 0.00031912
6126 5819 0.00031912
6128 5819 0.00031912
3335 5822 0.001396
5823 5822 0.001396
5831 5822 0.001396
6967 5822 0.001396
5822 5823 0.00042831
6963 5823 0.00042831
7102 5823 0.00042831
7104 5823 0.00042831
5825 5824 0.00021669
5826 5824 0.00021669
5830 5824 0.00021669
5824 5825 0.001432
6964 5825 0.001432
7100 5825 0.001432
3335 5830 0.00022769
5823 5830 0.00022769
5831 5830 0.00022769
6967 5830 0.00022769
5825 5831 0.0013904
5826 5831 0.0013904
5830 5831 0.0013904
2352 5832 0.0027878
2355 5832 0.0027878
5269 5832 0.0027878
1237 6117 0.0001009
3902 6117 0.0001009
6118 6117 0.0001009
1234 6118 0.00040671
5816 6118 0.00040671
6117 6118 0.00040671
5819 6124 0.00032067
5821 6124 0.00032067
6123 6124 0.00032067
1246 6128 0.00029378
3901 6128 0.00029378
3903 6128 0.00029378
6127 6128 0.00029378
2903 6130 0.0061717
6129 6130 0.0061717
6132 6130 0.0061717
2905 6132 0.0061717
6131 6132 0.0061717
6134 6132 0.0061717
2907 6134 0.0061423
6133 6134 0.0061423
6136 6134 0.0061423
2909 6136 0.0061702
3899 6136 0.0061702
6135 6136 0.0061702
548 6225 0.0002686
6226 6225 0.0002686
6227 6225 0.0002686
6230 6225 0.0002686
3907 6227 0.00058705
4019 6227 0.00058705
6228 6227 0.00058705
6358 6227 0.00058705
548 6229 0.00042132
6226 6229 0.00042132
6227 6229 0.00042132
6230 6229 0.00042132
4020 6231 0.0031457
6232 6231 0.0031457
6351 6231 0.0031457
6231 6233 1.0041
6234 6233 1.0041
6354 6233 1.0041
950 6351 0.0032062
6352 6351 0.0032062
6353 6351 0.0032062
6356 6351 0.0032062
2354 6353 0.004475
2357 6353 0.004475
948 6354 0.0010855
951 6354 0.0010855
6355 6354 0.0010855
6231 6355 0.00013789
6234 6355 0.00013789
6354 6355 0.00013789
950 6357 0.00035901
6352 6357 0.00035901
6353 6357 0.00035901
6356 6357 0.00035901
995 6358 0.00038325
6359 6358 0.00038325
6360 6358 0.00038325
6357 6360 0.00031419
6361 6360 0.00031419
4616 6453 0.00038474
6451 6453 0.00038474
6454 6453 0.00038474
3416 6455 0.00064409
3417 6455 0.00064409
6453 6455 0.00064409
6456 6455 0.00064409
4611 6457 0.0050521
6455 6457 0.0050521
6458 6457 0.0050521
6071 6459 0.0050521
6457 6459 0.0050521
6460 6459 0.0050521
561 6461 0.19821
3433 6461 0.19821
6459 6461 0.19821
6462 6461 0.19821
3427 6462 0.00011984
3429 6462 0.00011984
6139 6462 0.00011984
6461 6462 0.00011984
5824 6963 0.0016598
6964 6963 0.0016598
7100 6963 0.0016598
5822 6964 0.00098698
6963 6964 0.00098698
7102 6964 0.00098698
7104 6964 0.00098698
3335 6968 0.0005298
5823 6968 0.0005298
5831 6968 0.0005298
6967 6968 0.0005298
6969 6971 0.0001055
6972 6971 0.0001055
6975 6971 0.0001055
7066 6971 0.0001055
6971 6973 0.00020275
6974 6973 0.00020275
7064 6973 0.00020275
6973 6975 0.00016692
6976 6975 0.00016692
6978 6975 0.00016692
6973 6977 0.00019322
6976 6977 0.00019322
6978 6977 0.00019322
3320 6978 0.00011313
6977 6978 0.00011313
7096 6978 0.00011313
6980 6979 0.00011742
7065 6979 0.00011742
7098 6979 0.00011742
6229 6980 0.00035285
6979 6980 0.00035285
7063 6980 0.00035285
6229 7064 0.0001781
6979 7064 0.0001781
7063 7064 0.0001781
6969 7065 0.0001485
6972 7065 0.0001485
6975 7065 0.0001485
7066 7065 0.0001485
547 7093 0.00028834
2073 7093 0.00028834
7094 7093 0.00028834
3319 7096 0.00028587
5985 7096 0.00028587
7093 7096 0.00028587
7095 7096 0.00028587
6980 7097 0.0004251
7065 7097 0.0004251
7098 7097 0.0004251
3321 7098 0.00013012
3322 7098 0.00013012
7097 7098 0.00013012
5824 7099 0.00076771
6964 7099 0.00076771
7100 7099 0.00076771
3325 7100 0.0026559
3326 7100 0.0026559
7099 7100 0.0026559
6965 7102 0.0005298
6968 7102 0.0005298
7101 7102 0.0005298
5822 7103 0.0026171
6963 7103 0.0026171
7102 7103 0.0026171
7104 7103 0.0026171
3323 7104 0.00053553
3324 7104 0.00053553
7103 7104 0.00053553
1235 7249 0.99968
7248 7249 0.99968
7250 7249 0.99968
2752 7250 0.99998
7251 7250 0.99998
