57 58 0.00026381
60 58 0.00026381
4610 58 0.00026381
59 60 0.0046466
3420 60 0.0046466
3421 60 0.0046466
522 521 0.20683
736 521 0.20683
3419 521 0.20683
3434 521 0.20683
521 522 0.042455
3424 522 0.042455
3890 522 0.042455
522 735 0.00018003
736 735 0.00018003
3419 735 0.00018003
3434 735 0.00018003
735 736 0.36152
737 736 0.36152
740 736 0.36152
738 737 0.36189
2913 737 0.36189
5577 737 0.36189
735 738 0.00016981
737 738 0.00016981
740 738 0.00016981
735 739 0.00039699
737 739 0.00039699
740 739 0.00039699
762 763 0.023524
764 763 0.023524
3428 763 0.023524
763 764 0.0005633
3426 764 0.0005633
5576 1966 0.63828
5579 1966 0.63828
2911 2913 0.00084717
2914 2913 0.00084717
6130 2913 0.00084717
58 3417 0.00026381
519 3417 0.00026381
3418 3417 0.00026381
522 3420 0.0046466
736 3420 0.0046466
3419 3420 0.0046466
3434 3420 0.0046466
1966 3424 0.63828
3423 3424 0.63828
763 3425 0.023524
3426 3425 0.023524
3425 3426 0.0005633
3430 3426 0.0005633
3891 3426 0.0005633
762 3427 0.0005633
764 3427 0.0005633
3428 3427 0.0005633
3427 3428 0.023524
3429 3428 0.023524
6139 3428 0.023524
6461 3428 0.023524
3425 3429 0.010878
3430 3429 0.010878
3891 3429 0.010878
3427 3430 0.18526
3429 3430 0.18526
6139 3430 0.18526
6461 3430 0.18526
522 3433 0.19259
736 3433 0.19259
3419 3433 0.19259
3434 3433 0.19259
561 3434 0.00021578
3433 3434 0.00021578
6459 3434 0.00021578
6462 3434 0.00021578
795 3578 0.00033947
3577 3578 0.00033947
4598 3578 0.00033947
4615 3578 0.00033947
3425 3890 0.0013647
3430 3890 0.0013647
3891 3890 0.0013647
521 3891 0.80402
3424 3891 0.80402
3890 3891 0.80402
3898 3899 0.00084526
5581 3899 0.00084526
5935 3899 0.00084526
4597 4598 0.00035132
5250 4598 0.00035132
5253 4598 0.00035132
57 4611 0.0044216
60 4611 0.0044216
4610 4611 0.0044216
3575 4616 0.00034756
3578 4616 0.00034756
4617 4616 0.00034756
739 5250 0.00038577
2885 5250 0.00038577
5251 5250 0.00038577
738 5576 0.00039164
2913 5576 0.00039164
5577 5576 0.00039164
5576 5577 0.36127
5579 5577 0.36127
5578 5579 0.99916
5583 5579 0.99916
5584 5579 0.99916
1233 5581 0.00084937
5580 5581 0.00084937
5582 5581 0.00084937
5578 5582 0.00085014
5583 5582 0.00085014
5584 5582 0.00085014
5265 5584 1
5585 5584 1
6124 5584 1
2903 6130 0.00084717
6129 6130 0.00084717
6132 6130 0.00084717
2905 6132 0.00084717
6131 6132 0.00084717
6134 6132 0.00084717
2907 6134 0.00084164
6133 6134 0.00084164
6136 6134 0.00084164
2909 6136 0.00084526
3899 6136 0.00084526
6135 6136 0.00084526
4616 6453 0.00038268
6451 6453 0.00038268
6454 6453 0.00038268
3416 6455 0.00064148
3417 6455 0.00064148
6453 6455 0.00064148
6456 6455 0.00064148
4611 6457 0.0050407
6455 6457 0.0050407
6458 6457 0.0050407
6071 6459 0.0050407
6457 6459 0.0050407
6460 6459 0.0050407
561 6461 0.19747
3433 6461 0.19747
6459 6461 0.19747
6462 6461 0.19747
3427 6462 0.00011994
3429 6462 0.00011994
6139 6462 0.00011994
6461 6462 0.00011994
