548 547 0.00019418
6226 547 0.00019418
6227 547 0.00019418
6230 547 0.00019418
547 548 0.0014698
2073 548 0.0014698
7094 548 0.0014698
948 950 0.0020666
951 950 0.0020666
6355 950 0.0020666
950 951 0.03228
6352 951 0.03228
6353 951 0.03228
6356 951 0.03228
995 994 0.0016037
6359 994 0.0016037
6360 994 0.0016037
994 995 0.031116
997 995 0.031116
2076 995 0.031116
2077 995 0.031116
994 996 0.0036029
997 996 0.0036029
2076 996 0.0036029
2077 996 0.0036029
996 997 0.014778
3119 997 0.014778
4790 997 0.014778
6237 997 0.014778
5085 1129 0.00039799
5267 1129 0.00039799
1528 1530 0.016107
1531 1530 0.016107
3303 1530 0.016107
1530 1532 0.0002545
1533 1532 0.0002545
2850 1532 0.0002545
2072 2071 0.0004675
2074 2071 0.0004675
2075 2071 0.0004675
3906 2071 0.0004675
2071 2072 0.0073827
6238 2072 0.0073827
6239 2072 0.0073827
2072 2073 0.0025527
2074 2073 0.0025527
2075 2073 0.0025527
3906 2073 0.0025527
547 2074 0.00010981
2073 2074 0.00010981
7094 2074 0.00010981
994 2075 0.014026
997 2075 0.014026
2076 2075 0.014026
2077 2075 0.014026
2072 2076 0.0032227
2074 2076 0.0032227
2075 2076 0.0032227
3906 2076 0.0032227
2078 2077 0.041088
2358 2077 0.041088
2361 2077 0.041088
6371 2077 0.041088
994 2078 0.011948
997 2078 0.011948
2076 2078 0.011948
2077 2078 0.011948
2353 2352 0.00067744
3337 2352 0.00067744
2352 2353 0.0018069
2355 2353 0.0018069
5269 2353 0.0018069
2352 2354 0.00046107
2355 2354 0.00046107
5269 2354 0.00046107
2354 2355 0.86129
2357 2355 0.86129
2356 2357 0.87393
2359 2357 0.87393
6362 2357 0.87393
7160 2357 0.87393
2356 2358 0.083709
2359 2358 0.083709
6362 2358 0.083709
7160 2358 0.083709
2078 2359 0.027601
2358 2359 0.027601
2361 2359 0.027601
6371 2359 0.027601
2078 2360 0.021757
2358 2360 0.021757
2361 2360 0.021757
6371 2360 0.021757
2360 2361 0.0042598
2363 2361 0.0042598
3120 2361 0.0042598
2360 2362 0.0035302
2363 2362 0.0035302
3120 2362 0.0035302
2362 2363 0.0027081
2365 2363 0.0027081
6395 2363 0.0027081
2362 2364 0.0017476
2365 2364 0.0017476
6395 2364 0.0017476
2364 2365 0.00021125
2367 2365 0.00021125
6366 2365 0.00021125
6367 2365 0.00021125
1530 2849 0.015992
1533 2849 0.015992
2850 2849 0.015992
600 2850 0.00011759
2849 2850 0.00011759
3344 2850 0.00011759
3345 2850 0.00011759
3107 3109 0.0017325
3110 3109 0.0017325
3309 3109 0.0017325
3310 3109 0.0017325
3109 3110 0.00080456
3112 3110 0.00080456
3313 3110 0.00080456
3314 3110 0.00080456
3109 3111 0.00041915
3112 3111 0.00041915
3313 3111 0.00041915
3314 3111 0.00041915
3111 3112 0.0010794
3114 3112 0.0010794
6382 3112 0.0010794
6383 3112 0.0010794
3111 3113 0.00040951
3114 3113 0.00040951
6382 3113 0.00040951
6383 3113 0.00040951
3113 3114 0.00042504
3116 3114 0.00042504
6106 3114 0.00042504
3113 3115 0.00015594
3116 3115 0.00015594
6106 3115 0.00015594
3115 3116 0.00012993
5959 3116 0.00012993
6404 3116 0.00012993
2360 3119 0.018617
2363 3119 0.018617
3120 3119 0.018617
996 3120 0.0019415
3119 3120 0.0019415
4790 3120 0.0019415
6237 3120 0.0019415
3122 3121 0.00056313
5270 3121 0.00056313
6233 3121 0.00056313
3121 3122 0.0013977
3328 3122 0.0013977
3329 3122 0.0013977
3124 3123 0.0013167
3307 3123 0.0013167
3308 3123 0.0013167
3637 3123 0.0013167
3123 3124 0.012386
3126 3124 0.012386
3312 3124 0.012386
3123 3125 0.0011085
3126 3125 0.0011085
3312 3125 0.0011085
3125 3126 0.010589
3128 3126 0.010589
5949 3126 0.010589
3125 3127 0.00044479
3128 3127 0.00044479
5949 3127 0.00044479
3127 3128 0.0083978
3130 3128 0.0083978
6380 3128 0.0083978
6381 3128 0.0083978
3127 3129 0.00016813
3130 3129 0.00016813
6380 3129 0.00016813
6381 3129 0.00016813
3129 3130 0.0027623
3132 3130 0.0027623
6105 3130 0.0027623
6108 3130 0.0027623
3129 3131 0.00011644
3132 3131 0.00011644
6105 3131 0.00011644
6108 3131 0.00011644
3131 3132 0.00083216
3134 3132 0.00083216
6402 3132 0.00083216
6403 3132 0.00083216
3133 3134 0.00019102
5955 3134 0.00019102
6394 3134 0.00019102
3136 3135 0.00074201
3305 3135 0.00074201
3306 3135 0.00074201
3135 3136 0.0046987
5948 3136 0.0046987
5953 3136 0.0046987
3138 3137 0.016214
5832 3137 0.016214
6422 3137 0.016214
3137 3138 0.0008061
3302 3138 0.0008061
3338 3138 0.0008061
3140 3139 0.0045762
6372 3139 0.0045762
6373 3139 0.0045762
6407 3139 0.0045762
3139 3140 0.0028794
3910 3140 0.0028794
6112 3140 0.0028794
3142 3141 0.0015888
6414 3141 0.0015888
6415 3141 0.0015888
3141 3142 0.0090572
3144 3142 0.0090572
4787 3142 0.0090572
3141 3143 0.0044124
3144 3143 0.0044124
4787 3143 0.0044124
3143 3144 0.0045838
3146 3144 0.0045838
6374 3144 0.0045838
6375 3144 0.0045838
3143 3145 0.003558
3146 3145 0.003558
6374 3145 0.003558
6375 3145 0.003558
3145 3146 0.0020207
3148 3146 0.0020207
3911 3146 0.0020207
6109 3146 0.0020207
3145 3147 0.0012607
3148 3147 0.0012607
3911 3147 0.0012607
6109 3147 0.0012607
3147 3148 0.00098455
5951 3148 0.00098455
6398 3148 0.00098455
6399 3148 0.00098455
3137 3303 0.016107
3302 3303 0.016107
3338 3303 0.016107
3136 3304 0.0048881
3305 3304 0.0048881
3306 3304 0.0048881
3304 3305 0.013582
6420 3305 0.013582
6421 3305 0.013582
3124 3306 0.0040566
3307 3306 0.0040566
3308 3306 0.0040566
3637 3306 0.0040566
3136 3307 0.016708
3305 3307 0.016708
3306 3307 0.016708
3107 3308 0.00080456
3110 3308 0.00080456
3309 3308 0.00080456
3310 3308 0.00080456
3124 3309 0.0017325
3307 3309 0.0017325
3308 3309 0.0017325
3637 3309 0.0017325
3109 3312 0.0021047
3112 3312 0.0021047
3313 3312 0.0021047
3314 3312 0.0021047
3123 3313 0.00051643
3126 3313 0.00051643
3312 3313 0.00051643
3320 3321 0.0010702
6977 3321 0.0010702
7096 3321 0.0010702
3321 3323 0.0014946
3322 3323 0.0014946
7097 3323 0.0014946
3323 3325 0.0020491
3324 3325 0.0020491
7103 3325 0.0020491
3325 3327 0.001967
3326 3327 0.001967
7099 3327 0.001967
2353 3328 0.0018844
3337 3328 0.0018844
3333 3335 0.00049956
3336 3335 0.00049956
6225 3335 0.00049956
3137 3337 0.00075495
3302 3337 0.00075495
3338 3337 0.00075495
3343 3338 0.0014327
3639 3338 0.0014327
3962 3338 0.0014327
1532 3340 0.0002545
2851 3340 0.0002545
3339 3340 0.0002545
3340 3341 0.0002545
3342 3341 0.0002545
3960 3341 0.0002545
600 3343 0.016237
2849 3343 0.016237
3344 3343 0.016237
3345 3343 0.016237
3343 3344 0.00015118
3639 3344 0.00015118
3962 3344 0.00015118
3341 3345 0.0002547
3346 3345 0.0002547
4684 3345 0.0002547
3638 3637 0.005686
3640 3637 0.005686
5268 3637 0.005686
3124 3638 0.028478
3307 3638 0.028478
3308 3638 0.028478
3637 3638 0.028478
3638 3639 0.0012311
3640 3639 0.0012311
5268 3639 0.0012311
3343 3640 0.016281
3639 3640 0.016281
3962 3640 0.016281
3907 3906 0.00060809
4019 3906 0.00060809
6228 3906 0.00060809
6358 3906 0.00060809
2072 3907 0.015883
2074 3907 0.015883
2075 3907 0.015883
3906 3907 0.015883
3909 3908 0.00012618
6113 3908 0.00012618
6400 3908 0.00012618
6401 3908 0.00012618
3145 3910 0.001964
3148 3910 0.001964
3911 3910 0.001964
6109 3910 0.001964
3139 3911 0.0025966
3910 3911 0.0025966
6112 3911 0.0025966
4685 3962 0.00039749
5086 3962 0.00039749
4020 4019 0.00083808
6232 4019 0.00083808
6351 4019 0.00083808
3907 4020 0.014934
4019 4020 0.014934
6228 4020 0.014934
6358 4020 0.014934
4788 4787 0.0081601
6408 4787 0.0081601
6409 4787 0.0081601
3141 4788 0.0008631
3144 4788 0.0008631
4787 4788 0.0008631
996 4789 0.00081275
3119 4789 0.00081275
4790 4789 0.00081275
6237 4789 0.00081275
4789 4790 0.0012097
6240 4790 0.0012097
6365 4790 0.0012097
5087 5086 0.00039804
5271 5086 0.00039804
1129 5087 0.00033468
3963 5087 0.00033468
3121 5237 0.0010498
3328 5237 0.0010498
3329 5237 0.0010498
3638 5267 0.00039895
3640 5267 0.00039895
5268 5267 0.00039895
3138 5268 0.96256
5832 5268 0.96256
6422 5268 0.96256
3122 5269 0.086103
5270 5269 0.086103
6233 5269 0.086103
2753 5270 0.0029965
3327 5270 0.0029965
5237 5270 0.0029965
3335 5822 0.00066249
5823 5822 0.00066249
5831 5822 0.00066249
6967 5822 0.00066249
5822 5823 0.00015892
6963 5823 0.00015892
7102 5823 0.00015892
7104 5823 0.00015892
5825 5824 0.0001685
5826 5824 0.0001685
5830 5824 0.0001685
5824 5825 0.00035717
6964 5825 0.00035717
7100 5825 0.00035717
3335 5830 0.00016055
5823 5830 0.00016055
5831 5830 0.00016055
6967 5830 0.00016055
5825 5831 0.0003627
5826 5831 0.0003627
5830 5831 0.0003627
2352 5832 0.9458
2355 5832 0.9458
5269 5832 0.9458
3125 5948 0.0010737
3128 5948 0.0010737
5949 5948 0.0010737
3135 5949 0.0026014
5948 5949 0.0026014
5953 5949 0.0026014
3147 5950 0.00041569
5951 5950 0.00041569
6398 5950 0.00041569
6399 5950 0.00041569
5950 5951 0.00029163
6389 5951 0.00029163
6405 5951 0.00029163
3135 5952 0.00029353
5948 5952 0.00029353
5953 5952 0.00029353
5952 5953 0.0057779
6378 5953 0.0057779
6379 5953 0.0057779
5954 5955 0.00010231
6370 5955 0.00010231
6388 5955 0.00010231
7111 5955 0.00010231
3113 6105 0.0003892
3116 6105 0.0003892
6106 6105 0.0003892
3129 6106 0.00043073
3132 6106 0.00043073
6105 6106 0.00043073
6108 6106 0.00043073
6107 6108 0.001993
6110 6108 0.001993
6114 6108 0.001993
6107 6109 0.00010887
6110 6109 0.00010887
6114 6109 0.00010887
3145 6110 0.0020027
3148 6110 0.0020027
3911 6110 0.0020027
6109 6110 0.0020027
3139 6111 0.0025527
3910 6111 0.0025527
6112 6111 0.0025527
6111 6112 0.0014885
6396 6112 0.0014885
6397 6112 0.0014885
6406 6112 0.0014885
6107 6113 0.00028333
6110 6113 0.00028333
6114 6113 0.00028333
3909 6114 0.00030941
6113 6114 0.00030941
6400 6114 0.00030941
6401 6114 0.00030941
548 6225 0.00052039
6226 6225 0.00052039
6227 6225 0.00052039
6230 6225 0.00052039
3907 6227 0.0010284
4019 6227 0.0010284
6228 6227 0.0010284
6358 6227 0.0010284
548 6228 0.0015578
6226 6228 0.0015578
6227 6228 0.0015578
6230 6228 0.0015578
548 6229 0.00073024
6226 6229 0.00073024
6227 6229 0.00073024
6230 6229 0.00073024
6229 6230 0.00044834
6979 6230 0.00044834
7063 6230 0.00044834
4020 6231 0.052261
6232 6231 0.052261
6351 6231 0.052261
6231 6232 0.00020285
6234 6232 0.00020285
6354 6232 0.00020285
6231 6233 0.082297
6234 6233 0.082297
6354 6233 0.082297
2071 6237 0.00081867
6238 6237 0.00081867
6239 6237 0.00081867
996 6238 0.0067159
3119 6238 0.0067159
4790 6238 0.0067159
6237 6238 0.0067159
4789 6239 0.0012345
6240 6239 0.0012345
6365 6239 0.0012345
2071 6240 0.00021655
6238 6240 0.00021655
6239 6240 0.00021655
950 6351 0.038987
6352 6351 0.038987
6353 6351 0.038987
6356 6351 0.038987
4020 6352 0.0010248
6232 6352 0.0010248
6351 6352 0.0010248
2354 6353 0.01302
2357 6353 0.01302
948 6354 0.03228
951 6354 0.03228
6355 6354 0.03228
6231 6355 0.0020666
6234 6355 0.0020666
6354 6355 0.0020666
6357 6356 0.057728
6361 6356 0.057728
950 6357 0.002573
6352 6357 0.002573
6353 6357 0.002573
6356 6357 0.002573
995 6358 0.0048996
6359 6358 0.0048996
6360 6358 0.0048996
3907 6359 0.006608
4019 6359 0.006608
6228 6359 0.006608
6358 6359 0.006608
6357 6360 0.00077645
6361 6360 0.00077645
995 6361 1.032
6359 6361 1.032
6360 6361 1.032
6357 6362 0.97607
6361 6362 0.97607
6364 6363 0.0011517
6410 6363 0.0011517
6411 6363 0.0011517
6363 6364 0.047266
6943 6364 0.047266
7165 6364 0.047266
2364 6365 0.0016089
2367 6365 0.0016089
6366 6365 0.0016089
6367 6365 0.0016089
4789 6366 0.00019405
6240 6366 0.00019405
6365 6366 0.00019405
2364 6368 0.00014475
2367 6368 0.00014475
6366 6368 0.00014475
6367 6368 0.00014475
3140 6371 0.018629
6372 6371 0.018629
6373 6371 0.018629
6407 6371 0.018629
2078 6372 0.028098
2358 6372 0.028098
2361 6372 0.028098
6371 6372 0.028098
3143 6373 0.0022998
3146 6373 0.0022998
6374 6373 0.0022998
6375 6373 0.0022998
3140 6374 0.025627
6372 6374 0.025627
6373 6374 0.025627
6407 6374 0.025627
6376 6375 0.00059692
6377 6375 0.00059692
6417 6375 0.00059692
3143 6376 0.022216
3146 6376 0.022216
6374 6376 0.022216
6375 6376 0.022216
5952 6377 0.00038139
6378 6377 0.00038139
6379 6377 0.00038139
6376 6378 0.011869
6377 6378 0.011869
6417 6378 0.011869
3127 6379 0.00058221
3130 6379 0.00058221
6380 6379 0.00058221
6381 6379 0.00058221
5952 6380 0.0065859
6378 6380 0.0065859
6379 6380 0.0065859
3111 6381 0.00048898
3114 6381 0.00048898
6382 6381 0.00048898
6383 6381 0.00048898
3127 6382 0.0011337
3130 6382 0.0011337
6380 6382 0.0011337
6381 6382 0.0011337
3118 6389 0.00011593
6390 6389 0.00011593
6391 6389 0.00011593
5950 6390 0.0001289
6389 6390 0.0001289
6405 6390 0.0001289
3118 6392 0.0001144
6390 6392 0.0001144
6391 6392 0.0001144
6111 6395 0.0025906
6396 6395 0.0025906
6397 6395 0.0025906
6406 6395 0.0025906
2362 6396 0.0018764
2365 6396 0.0018764
6395 6396 0.0018764
3147 6397 0.00093618
5951 6397 0.00093618
6398 6397 0.00093618
6399 6397 0.00093618
6111 6398 0.0013972
6396 6398 0.0013972
6397 6398 0.0013972
6406 6398 0.0013972
3909 6399 0.0002072
6113 6399 0.0002072
6400 6399 0.0002072
6401 6399 0.0002072
3147 6400 0.00082025
5951 6400 0.00082025
6398 6400 0.00082025
6399 6400 0.00082025
3909 6402 0.00064372
6113 6402 0.00064372
6400 6402 0.00064372
6401 6402 0.00064372
3115 6403 0.00015594
5959 6403 0.00015594
6404 6403 0.00015594
3131 6404 0.00012993
3134 6404 0.00012993
6402 6404 0.00012993
6403 6404 0.00012993
6111 6405 0.00026235
6396 6405 0.00026235
6397 6405 0.00026235
6406 6405 0.00026235
5950 6406 0.00037343
6389 6406 0.00037343
6405 6406 0.00037343
4788 6407 0.021383
6408 6407 0.021383
6409 6407 0.021383
3140 6408 0.0058283
6372 6408 0.0058283
6373 6408 0.0058283
6407 6408 0.0058283
6364 6409 0.026995
6410 6409 0.026995
6411 6409 0.026995
4788 6410 0.0041434
6408 6410 0.0041434
6409 6410 0.0041434
5834 6411 0.00011272
6412 6411 0.00011272
6413 6411 0.00011272
6364 6412 0.023375
6410 6412 0.023375
6411 6412 0.023375
3142 6413 0.00011272
6414 6413 0.00011272
6415 6413 0.00011272
5834 6414 0.023375
6412 6414 0.023375
6413 6414 0.023375
6416 6415 0.00015353
6418 6415 0.00015353
6419 6415 0.00015353
3142 6416 0.030884
6414 6416 0.030884
6415 6416 0.030884
6416 6417 0.0011446
6418 6417 0.0011446
6419 6417 0.0011446
6376 6418 0.011275
6377 6418 0.011275
6417 6418 0.011275
3304 6419 0.00045741
6420 6419 0.00045741
6421 6419 0.00045741
6416 6420 0.041319
6418 6420 0.041319
6419 6420 0.041319
3138 6421 0.0084044
5832 6421 0.0084044
6422 6421 0.0084044
3304 6422 0.040571
6420 6422 0.040571
6421 6422 0.040571
6939 6938 0.036402
7067 6938 0.036402
7163 6938 0.036402
7164 6938 0.036402
6938 6939 0.020617
6941 6939 0.020617
6949 6939 0.020617
6938 6940 0.0046497
6941 6940 0.0046497
6949 6940 0.0046497
6940 6941 0.028662
6942 6941 0.028662
6945 6941 0.028662
6947 6941 0.028662
6363 6942 0.028662
6943 6942 0.028662
7165 6942 0.028662
6940 6943 0.0046497
6942 6943 0.0046497
6945 6943 0.0046497
6947 6943 0.0046497
6938 6948 0.046845
6941 6948 0.046845
6949 6948 0.046845
6948 6949 0.0070469
6950 6949 0.0070469
6953 6949 0.0070469
6948 6952 0.046845
6950 6952 0.046845
6953 6952 0.046845
6952 6953 0.0070469
7161 6953 0.0070469
7162 6953 0.0070469
5824 6963 0.0003118
6964 6963 0.0003118
7100 6963 0.0003118
5822 6964 0.0004086
6963 6964 0.0004086
7102 6964 0.0004086
7104 6964 0.0004086
3335 6968 0.00018218
5823 6968 0.00018218
5831 6968 0.00018218
6967 6968 0.00018218
6969 6971 0.00028893
6972 6971 0.00028893
6975 6971 0.00028893
7066 6971 0.00028893
6971 6972 0.00019593
6974 6972 0.00019593
7064 6972 0.00019593
6971 6973 0.00043271
6974 6973 0.00043271
7064 6973 0.00043271
6973 6974 0.00021549
6976 6974 0.00021549
6978 6974 0.00021549
6973 6975 0.00050558
6976 6975 0.00050558
6978 6975 0.00050558
6969 6976 0.00013777
6972 6976 0.00013777
6975 6976 0.00013777
7066 6976 0.00013777
6973 6977 0.00032975
6976 6977 0.00032975
6978 6977 0.00032975
3320 6978 0.00048034
6977 6978 0.00048034
7096 6978 0.00048034
6980 6979 0.0004135
7065 6979 0.0004135
7098 6979 0.0004135
6229 6980 0.0005712
6979 6980 0.0005712
7063 6980 0.0005712
6971 7063 0.00024095
6974 7063 0.00024095
7064 7063 0.00024095
6229 7064 0.00036516
6979 7064 0.00036516
7063 7064 0.00036516
6969 7065 0.00041439
6972 7065 0.00041439
6975 7065 0.00041439
7066 7065 0.00041439
6980 7066 0.00013958
7065 7066 0.00013958
7098 7066 0.00013958
547 7093 0.0012203
2073 7093 0.0012203
7094 7093 0.0012203
3319 7096 0.001241
5985 7096 0.001241
7093 7096 0.001241
7095 7096 0.001241
6980 7097 0.00068446
7065 7097 0.00068446
7098 7097 0.00068446
3321 7098 0.00025196
3322 7098 0.00025196
7097 7098 0.00025196
5824 7099 0.00038212
6964 7099 0.00038212
7100 7099 0.00038212
3325 7100 0.00047399
3326 7100 0.00047399
7099 7100 0.00047399
6965 7102 0.00018218
6968 7102 0.00018218
7101 7102 0.00018218
5822 7103 0.00077263
6963 7103 0.00077263
7102 7103 0.00077263
7104 7103 0.00077263
3323 7104 0.00021637
3324 7104 0.00021637
7103 7104 0.00021637
6952 7160 0.052562
7161 7160 0.052562
7162 7160 0.052562
2356 7161 0.098676
2359 7161 0.098676
6362 7161 0.098676
7160 7161 0.098676
6939 7162 0.016725
7067 7162 0.016725
7163 7162 0.016725
7164 7162 0.016725
6952 7163 0.10264
7161 7163 0.10264
7162 7163 0.10264
6363 7164 0.0034945
6943 7164 0.0034945
7165 7164 0.0034945
6939 7165 0.073621
7067 7165 0.073621
7163 7165 0.073621
7164 7165 0.073621
